#/home/brian/Documents/summer17/Python/VEC/scripts/make_SBM_graphs.py
# GMT Thu Jul 27 21:51:46 2017
# 
0 8 57 65
1 41
2 83
3 59 85
4 85
5
6
7 33 73 75 76 21 30
8 49 9
9 64
10 32 44
11 16
12
13 39
14
15
16 58
17 59 50 27
18
19
20 53
21
22 38
23 77
24 65 44
25 64 90
26
27 67
28
29 48 33
30 73 76
31 43
32 73 35
33 42
34
35
36
37
38 72
39 84
40 50
41
42
43 86
44 74
45 68 93
46 80 98
47 75
48
49 82
50 77
51 75
52 88
53
54 57
55
56 92 62
57 76
58
59
60
61
62
63
64 96
65 88
66
67
68 91 78
69 90
70
71
72
73
74
75 80
76
77
78 86
79
80
81
82
83
84 91
85 87
86
87
88 92 94
89
90
91
92 97
93
94
95
96
97
98
99
[1, 0, 0, 1, 1, 1, 1, 0, 0, 0, 1, 1, 0, 1, 0, 1, 1, 0, 0, 1, 1, 0, 0, 0, 1, 0, 0, 0, 0, 0, 0, 1, 1, 0, 1, 1, 1, 0, 0, 0, 0, 0, 0, 1, 1, 1, 0, 0, 0, 0, 0, 0, 1, 1, 1, 1, 1, 1, 1, 0, 0, 0, 1, 0, 0, 1, 0, 0, 1, 0, 1, 1, 0, 0, 0, 0, 0, 0, 1, 0, 0, 1, 0, 1, 0, 1, 1, 1, 1, 0, 0, 1, 1, 1, 1, 0, 0, 1, 0, 0]