#/home/brian/Documents/summer17/Python/VEC/scripts/make_SBM_graphs.py
# GMT Thu Jul 27 21:52:03 2017
# 
0 74 91 76 34 14
1 2 54 23
2 3 49 7 74 76 81 50 54 23 62
3 96 35 77 14 29
4 27 36 45 30 87
5 67 66 27 94
6 97 69 8 26 83 89 90 29
7 65 68 71 40 34 49 59 63
8 83 69 11 45 18 51
9 98 72 46 15 18 21
10 66 38 41 49 23 62
11 67 18 19 21 54 61 30
12 96 19 53
13 64 96 34 38 81 22 24 26
14 75 44 93 17 82 84 29 62
15 88 27 37 45
16 40 75 78 49 19 53 54 58 93
17 64 35 68 73 19 41
18 97 44 80 62
19 39 74 79 54 29 31
20 57 74 76 36
21 42 66 89
22 35 79 52 24 91 62
23 38 74 81 82 53 25 90 31
24 96 35 86 54 74 81 84 58 91 93
25 98 55 46 87 88 90
26 42 48 81 87 94
27 33 92 69
28 92 93 78 37
29 77 93 30 63
30 72 42 92
31 64
32 80 73 39 71
33 98 37 46
34 74 53 55
35 44 82 53 86
36 59 60 71
37 70 80 94
38 74 93
39 65 44 47 52 56 93
40 64 52 77
41 96 91
42 97 98 59 94
43 76 54 86
44 64 54 77 79 49 78 86 58
45 98 48 88 91
46 97
47 72 60 61
48 72 83 85 61 94
49 52
50 88 60
51
52 64 96 86 93
53 77 79 57
54 64 99 65
55 64 99 73 74 75 77 78 57 91 62
56 84 62
57 86
58 63
59 61 85
60 80 87
61 66 67
62 86 79 78 74
63 91 77
64 96 81 78 91
65 95 82
66 88 69
67 97 70 79 90 69
68 96
69 85
70 85
71
72 97 85
73 81 78 95
74 75
75 82
76 80
77 78 99 86 95
78
79
80 81
81 96 93 95
82 96
83 96 97
84 90
85 92
86 95
87 95
88
89 90
90
91
92
93
94
95 99
96
97
98
99
[0, 0, 0, 0, 1, 1, 1, 0, 1, 1, 0, 1, 0, 0, 0, 1, 0, 0, 1, 0, 0, 1, 0, 0, 0, 1, 1, 1, 1, 0, 1, 0, 0, 1, 0, 0, 1, 1, 0, 0, 0, 0, 1, 0, 0, 1, 1, 1, 1, 0, 1, 1, 0, 0, 0, 0, 0, 0, 0, 1, 1, 1, 0, 0, 0, 0, 1, 1, 0, 1, 1, 0, 1, 0, 0, 0, 0, 0, 0, 0, 1, 0, 0, 1, 0, 1, 0, 1, 1, 1, 1, 0, 1, 0, 1, 0, 0, 1, 1, 0]