#/home/brian/Documents/summer17/Python/VEC/scripts/make_SBM_graphs.py
# GMT Thu Jul 27 21:52:13 2017
# 
0 64 65 97 9 11 76 47 80 29 83 84 23 28 60 62
1 64 65 91 8 46 47 23 25 95 60 63
2 34 6 73 42 43 13 78 56 18 41 88 59 30
3 36 69 8 82 19 21 54 91 28 63
4 64 65 68 8 74 76 14 48 49 82 51 94 95
5 64 97 67 69 8 12 99 86 56 25 28
6 8 73 10 13 78 40 21 41 56 30 53
7 34 67 36 76 74 12 15 95
8 60 11 76 14 15 82 19 23 92 95
9 64 37 33 54 13 46 48 86 23 91 92
10 41 45 78 77 16 85 22 55 57 26
11 65 74 15 82 93 94
12 99 36 38 49 82 51 86 24 91
13 97 70 42 77 81 50 84 21 22 58
14 69 38 74 78 47 83 20 54 25 89 79 95
15 68 67 36 69 45 46 17 24 25 28 93
16 61 36 72 74 43 77 78 93 18 58 26 79
17 65 67 37 51 76 48 99 83 54 90
18 33 39 45 78 21 88 59 29
19 64 96 68 74 35 54 23 36
20 64 67 69 74 82 22
21 70 72 75 99 87
22 34 70 72 79 56 50 53 24 58 62
23 67 36 37 65 44
24 66 67 38 74 43 99 54 90 28 93
25 64 66 38 97 96 44 83 90 47 60 51
26 62 61 53 56 27 29 94
27 34 39 72 73 42 81 52 85 31
28 97 48 82 93
29 70 72 42 79 40 57 31 30 95
30 39 42 58 92 31
31 91 41 75 79 56 54 88
32 65 66 68 75 47 82 54 91
33 39 72 45 40 88 57 58
34 40 71 76 79 39 90
35 46 48 49 83 92
36 67 54 91
37 64 67 68 48 73
38 96 54 74 82 86 92 93
39 72 73 79 40 87 56 57
40 67 70 73 42 77 78 45 87 58
41 99 71 75 78 81 50 84 55 58 42
42 62
43 79 57 58
44 81
45 67 72 56 87 88 59
46 69 97 49 54 95 94 63
47 66 65 64 86 90 91
48 64 76 83 68 69
49 66 69
50 79 85
51 96 65 87 91 95
52 70 71 79 88 59
53 71 85 87 57 59 58
54 80 94
55 72 77 78 88 90 95
56 78 59 94
57 58
58 78 81
59 99 87 60 61
60 87 76 89
61 99 71 73 78 81
62 99 77
63 66 69 71 75 86 91 92 93
64 83 70 80 66 96 92
65 69 80 97
66 98 68 69 71 96 95 80 91
67 97
68 80 71 82 90 95
69 95 74 82 83 99 91 92 93
70
71 99 81 94
72 79
73 75 77 79
74 96 98 77 88 92 95
75 87 78 84
76 98 94
77 96 88
78 84
79 84 92
80 86 82 92 94
81
82 86 90 94
83 89 93 94
84 88
85 99
86 95 94
87 97 99 93
88
89 90
90 98 92 93
91 97
92 95
93 98
94
95 96 97
96
97
98
99
[0, 0, 1, 0, 0, 0, 1, 0, 0, 0, 1, 0, 0, 1, 0, 0, 1, 0, 1, 0, 0, 1, 1, 0, 0, 0, 1, 1, 0, 1, 1, 1, 0, 1, 1, 0, 0, 0, 0, 1, 1, 1, 1, 1, 0, 1, 0, 0, 0, 0, 1, 0, 1, 1, 0, 1, 1, 1, 1, 1, 0, 1, 1, 0, 0, 0, 0, 0, 0, 0, 1, 1, 1, 1, 0, 1, 0, 1, 1, 1, 0, 1, 0, 0, 1, 1, 0, 1, 1, 0, 0, 0, 0, 0, 0, 0, 0, 0, 0, 1]