#/home/brian/Documents/summer17/Python/VEC/scripts/make_SBM_graphs.py
# GMT Thu Jul 27 21:52:13 2017
# 
0 868 814 210 516 444 830 479
1 770 547 680 906 290 623 241 530 387 442 188
2 3 230 679 106 365 15 400 19 567 899 458
3 736 583 940 204 878 111 560 273 696 828 285
4 33 995 676 45 373 797
5 673 327 123 932 86 742 7 747 109 242 502 635 63
6 512 546 741 486 136 874 44 429 174 984 473 990
7 835 612 134 520 268 11 172 109 593 82 107 564 565 88 52 920 574 639
8 36 453 874 879 178 405 985 541 670 725
9 288 642 835 740 71 713 938 855 653 494 880 881 274 567 699 669
10 609 806 104 969 593 498 86 668
11 960 130 421 551 546 750 30 88 732 318 415
12 880 547 36 653 974 496 883 724 597 757
13 331 327 811 337 271 240 241 917 791 953 602
14 642 548 646 520 700 714 978 306 595 308 313 346 316
15 740 613 743 616 386 785 146 372 180 635
16 665 462 520 147 21 695 600 89
17 928 356 182 974 83 212 798 566 185 636 126
18 451 72 108 782 882 472 189
19 33 489 324 198 297 458 684 909 336 849 978 873 218 735 671
20 657 265 911 241 820 438 891 29 719 671
21 352 752 140 402 785 434 948 693 276 861 917
22 609 258 422 790 407 730 221 606
23 868 261 41 655 402 726
24 801 851 676 581 211 769 119 499 853 729 601 730 667 477 446
25 128 385 912 771 203 720 789 277 343 635 117 895
26 192 992 294 551 74 208 431 240 499 533 344 186 988 573 831
27 800 608 865 200 588 236 591 104 115 55 217 698 156 314
28 993 997 807 463 752 497 405 438 536 250 94 351
29 936 233 861 137 602 380 826
30 65 68 426 275 789 350 574 31
31 416 766 676 417 361 62 973 946 340 853 566 920 922 127
32 645 583 76 461 509 765 613
33 997 166 104 74 331 141 559
34 934 329 75 691 798 598 183 55 922 924 925 126
35 771 744 201 236 367 496 210 216 505
36 160 353 935 522 231 816 725 858 479 125 319
37 738 931 774 657 726 536 794 58
38 71 360 711 588 621 274 199 793 956 158 255
39 705 643 214 678 616 907 430 918 498 371 630 663 632 771
40 960 161 930 167 809 587 652 592 721 502 606
41 327 521 679 489 935 397 213 598 343 324 506 734
42 992 324 849 840 431 881 178
43 704 929 99 260 933 763 296 201 151 876 912 214 183 632 185 123 153
44 512 359 204 844 718 335 848 50 212 921
45 771 150 806 328 554 253 401 947 341 630 951 728 490
46 416 673 866 54 518 585 335 464 275 756 958 630 153 148 890 847 60 990
47 198 199 938 299 685 188
48 706 591 644 871 142 943 528 754 910 311 504 409 410 827
49 70 871 552 841 50 465 690 52 538 443 733 606
50 129 390 903 904 658 148 452 284 157 977 675 933 296 309 311 708 965 209 86 984 741 103 628
51 576 929 834 611 100 293 794 331 653 590 273 89 250 573
52 289 354 259 485 488 423 172 303 903 630 762 459
53 738 327 367 786 915 599 344 377
54 912 459 772 529 401 776 203 368 145 884 568 168 733
55 832 68 69 487 585 427 493 335 627 276 117 535 900
56 578 679 425 508 701 830 671
57 801 163 966 872 201 202 715 947 598 190
58 384 833 294 743 687 563 837 89 505 543
59 688 425 522 540
60 464 386 968 361 203 592 401 279 699 573 254 447
61 603 763 900 903 776 430 687 99 115 82 371 502 987 892 413 478
62 102 745 905 821 183 603
63 224 257 277 705 424 639 554 750 144 437 986 379 382 383
64 871 680 649 362 556 848 147 151 796 894
65 144 901 871 264 723 79 176 465 467 150 663 413
66 613 486 903 264 585 778 748 527 337 884 341 154 111 892 202 478
67 720 890 973 486
68 224 518 488 203 364 974 144 593 722 371 478 217 443 893
69 162 837 134 330 343 77 913 787 886 408 119 798
70 480 870 648 238 751 432 277 847 669 126
71 514 326 230 455 620 265 506 540 543
72 546 870 391 176 369 631 824 601 829 639
73 700 709 615 956 729 333 942 785 596 590 567 348 505 92 509
74 491 996 811 656 882 664 729 957
75 323 358 424 99 808 626 739 968 278 247 568 895
76 691 899 781 965 455 778 690 829 242 499 628 629 159 253 991
77 97 743 631 755 148 151
78 960 290 230 359 108 596 981 285 661
79 674 262 652 682 876 973 878 112 594 334 793 330 202
80 923 327 859 363 461 750 349 305 511 507 765 735
81 803 681 618 657 87 344 313 666 714
82 768 612 965 552 969 170 215 437 503 856 123
83 712 425 755 244 982 921
84 288 517 456 845 398 308 344 671
85 256 832 900 289 556 461 146 850 669 639
86 512 353 482 643 196 97 584 289 946 751 835 837 682 735
87 132 484 359 456 941 551 588 365 877 868 655
88 651 965 518 490 848 337 632 763 287
89 729 131 198 810 491 210 254 599 792 761 349 94
90 99 196 553 819 918 127
91 551 528 179 245 758 697 762 859 575
92 389 166 305 840 522 689 693 406 887
93 685 305 980 501 472 442
94 320 449 326 108 366 210 116 405 470 121 600 413
95 484 229 936 620 657 533 245 250 444 861 517
96 864 97 866 485 554 716 499 276 213 125 414 159
97 720 343 932 806 848 747 368 727 601 986 798
98 290 779 680 523 687 919 894 415
99 961 538 609 841 493 766 728 473 763 231 990 341
100 544 484 697 458 395 140 269 334 599 761 124 189 926
101 482 361 366 399 112 219 351
102 961 482 295 394 706 823
103 182 808 713 362 715 338 493 566 922
104 135 279 625 406 601 825
105 843 778 651 402 848 440 914 310 535 184 762 220 122 223
106 192 419 261 998 233 586 131 534 443
107 704 899 493 946 824 249 827 766
108 992 782 489 812 109 879 270 248 315 575
109 278 893 806 422 207 408 502 823 440 445 222 837
110 545 290 166 655 179 820 599 121 879
111 390 807 232 716 587 652 153
112 899 518 913 718 623 433 526 151
113 833 774 583 811 396 240 814 589 944 434 948 792 633 702
114 165 998 614 940 470 120 988 959
115 288 871 364 498 819
116 804 166 556 908 880 472 505 891 860 734
117 832 482 168 842 919 652 450 750 783 659 174 778
118 998 332 495 245 601 572
119 130 440 369 296 584 303 527 177 947 212 853 406 183 571 255
120 448 320 418 359 396 237 816 241 757 376 505 957 725
121 195 528 131 244 854 985 316 671
122 706 837 973 630 504 573 382
123 672 781 570 157 606 805
124 165 711 936 938 460 686 596 793 508 746 318
125 962 870 422 553 749 591 176 287 660 441 922 731 284 733 159
126 128 901 337 841 204 994 527 592 466 437 888 569 538 157 469
127 321 197 454 486 238 304 403 406 784
128 323 913 494 848 241 757
129 675 242 591 469 598 825
130 674 455 636 330 973 593 649 152 977 730 860
131 230 425 375 909 462 397 976 948 316 671
132 352 811 548 549 711 555 695 495 496 273 372 431
133 934 810 814 463 374 600 348 543
134 678 750 594 247 504 601 317 895
135 513 450 699 356 556 623 825 571
136 705 708 558 181 214 887 312 612
137 814 658 531 148 506 734
138 194 547 261 430 944 152 956 478
139 640 226 269 590 496 657 914 696 378
140 449 578 549 166 589 815 497 435 244 475
141 975 868 292 497
142 224 257 386 899 552 493 749 213 792 762 847 922 574
143 737 451 292 615 239 400 180 996 282 187
144 418 939 806 747 403 450 925 819 756 886 663 436 954 381
145 675 900 651 335 754 500 151 824 532 283 445
146 578 614 524 911 400 438 378 431 380
147 196 774 968 586 761 665 826 156 446 863
148 737 386 900 678 455 519 427 624 403 342 786 764
149 967 435 975 339 724 666
150 736 836 342 417 721 950 535 348
151 225 769 715 420 485 625 202 259 404 700 581
152 288 389 395 941 689 981 860 350 543
153 741 433 878 663
154 554 652 943 691 503 314 795 254
155 704 385 965 946 628 983 601 284 605 415
156 706 923 356 259 841 971 777 304 177 919 601
157 801 290 643 485 712 426 715 771 308 885 894 892
158 896 451 549 812 751 597 470 695 541 959
159 385 386 579 198 295 716 394 962 381 529 760 926
160 295 744 586 428 282 315
161 259 361 307 404 347
162 805 551 459 973 687 912 721 437 278 890 335 796
163 835 390 329 527 979 707
164 675 211 552 912 691 982 441 571 252 733
165 758 838 840 444 587 941 691 854 726 599 282 575 511
166 290 472 325 615 489 241 696 372 959
167 512 257 364 625 502 282 604 538
168 480 342 246 211 982 443 277
169 449 294 679 880 609 700 926
170 775 808 235 687 279 925
171 416 395 174 721 723 310 729 314
172 290 530 949 820 314 859
173 397 957 549 909 653
174 866 546 532 502 669
175 352 482 871 200 649 682 429 973 629
176 827 263 649 651 623 625 699 924
177 674 707 790 966 534 587 739 502 568 762 767 639
178 586 998 317 400 563 856 348 349 831
179 770 611 840 194 496
180 195 580 261 494 976 727 666 222
181 514 772 358 999 905 554 651 364 846 784 913 403 951 283 330
182 768 481 933 441 876 650 939 300 594 500 375 550 601 890 251 798
183 899 741 486 268 591 755
184 769 962 977 203 496 529 466 755 789 473 825 415
185 430 441 945
186 896 193 803 854 294 524 622 189 374 317 318
187 615 412 333 305 377 282 988
188 515 614 679 333 547 630 572 189
189 256 449 293 572 530 497 692
190 768 835 394 399 309 952 986
191 416 395 516 331 941 911 624 246 471 382
192 964 551 791 633 281 797
193 419 837 618 748 911 881 983 926
194 931 740 614 327 936 525 840 986 671
195 736 547 548 292 460 516 431
196 393 205 984 310 901 411 671
197 514 519 360 754 366 690 371 532 990
198 640 512 998 940 557 752 597 509
199 869 524 596 442 987 319
200 257 763 295 201 939 652 910 368 210 727 890
201 514 464 279 248 893
202 705 708 234 747 910 338
203 480 674 261 454 841 268 591 760 345 217 413 510 991
204 391 330 367 946 630 408 601 477 847 682
205 417 900 262 617 394 881 986
206 696 709
207 577 807 235 795 445
208 794 893 995 324 613 934 551 476 561 775 783 664 883 597 822 344 771 316 282
209 867 489 491 237 274 601 637
210 357 915 957
211 960 715 399 648 214 381 574 351
212 827 518 842 946 754 594 671 669 254 927
213 515 454 360 810 975 694 572
214 708 268 364 943 776 821 606
215 675 421 716 492 433 361 795 924 895
216 934 616 586 909 237 657 245 854 859 830
217 353 223 553 430 926 342 919 824 954 798 447
218 431 880 273 566 313 956
219 616 396 783 456 626 857 479 316 286 831
220 742 279 716 269 498 627 329 585 760 786 764 381 990 223
221 514 227 918 295 846 728 409
222 993 482 771 772 264 732 691 532 988 990
223 453 295 343 658 340 825 925
224 807 968 455 720 305 660 381
225 386 265 844 706 692 628 574
226 326 944 658 666 862
227 610 477 234 720 983 698 829 670 863
228 709 998 616 693 440 761 891
229 230 392 458 683 271 627 788 854 980 476 703
230 576 616 937 299 588 560 405 782 989 686
231 928 485 966 841 843 847 912 924 925
232 264 781 629 571 991
233 320 834 740 744 489 332 270 975 688 497 285 856 655 542
234 512 930 388 327 396 834 663 568 731 253
235 623 946 731
236 999 424 842 287 904 660 441 574 991
237 293 946 882 339 761 859 350
238 354 550 777 394 625 691 969 924
239 800 963 518 328 625 757 441 510 277
240 290 744 972 815 626 949 429
241 674 679 872 988 491 302 429 688 664 697 700
242 386 394 587 430 399 691 407 920 731 892 403
243 256 451 680 362 779 920 314 766
244 448 323 421 550 659 819 837
245 736 389 838 458 848 696 926 956 318
246 867 261 807 455 547 765
247 771 264 777 366 528 718 823 441 477 862
248 906 298 555 653 302 599 569 858 509
249 704 705 386 772 550 973 562 277 612 795 732
250 896 475 763 618 331 812 431 944 563 719 540
251 698 404 718
252 448 259 550 806 916
253 515 644 358 262 328 907 925 433 850 606 573 734
254 640 641 708 918 422 904 330 939 717 338 886 666 276
255 551 813 881 531 692
256 960 994 680 500 630 343 568 730 635 732
257 801 875 300 368 477
258 786 285 341
259 451 299 754 437 446
260 322 326 485 806 807 406 799
261 833 967 700 759 882 339 309 923 316 702
262 706 999 969 682 912
263 865 324 808 429 303 498 309 446 351 413 798 639
264 866 680 787 819 669
265 802 674 878 880 600
266 362 949
267 992 291 877 477 816 849 501 855 349
268 581 599 679 781 782 947 276 728 345 603 394
269 613 936 970 435 820 442 540 618 670 607
270 514 483 740 471 757 599 664 955 524
271 847 681 684 815 976 537 442 783 700 589 383
272 389 332 495 400 817 788 281 313
273 380 397 466 792 572 830
274 515 548 773 881 938 746 774 883 398 759 475 541
275 801 971 940 429 721 958
276 579 646 845 595 632 571 629
277 292 756 447 918 895 606 798
278 292 842 341 983 668 605 478 853
279 832 433 754 477 895
280 633 572 380 833
281 720 518 360 408 601 669
282 902 685 370 917 953
283 740 630 806 364 947 436 438 887 548 659 730 958
284 930 999 786 662 698
285 836 936 555 433 434 515 533 696 964 634
286 928 993 483 709 774 619 503 442 542
287 705 741 897 445 700
288 642 324 926 423 520 817 542 638 350 917
289 406 712 432 946 606
290 448 902 935 840 618 889 992 765 832
291 896 545 578 881 840 940 520 327
292 709 618 395 558 782 975 348 349
293 834 515 872 476 783 560 744 757 636 479
294 896 961 521 327 936 333 658 496 384 917 758 923 831
295 864 523 493 687 303 472 477
296 865 779 358 486 647 982 984 473
297 998 809 778 684 463 882 820 348
298 737 977 998 327 329 619 492 621 472 374 759 735
299 448 384 614 879 400 694 665 374
300 342 710 801 968 777 939 620 469 415
301 834 838 616 650 520 917 376 313
302 454 664 656 444
303 729 608 473 424 841 554 371 441 382
304 630 486 904 426 584 307 660 821 886 468
305 996 583 494 975 337 308 597 516 826
306 835 941 590 696 889 315 702
307 416 731 388 870 716 974 623 403 405 879 853
308 544 849 746 811 791 442 637 638
309 801 610 838 712 906 364 749 973 776 469 465 613
310 609 808 846 591 884 343 733 574
311 801 682 786 659 922
312 322 644 901 973 721 466 663 921
313 400 425 906 363 377
314 321 677 871 648 722 754 924 669 447
315 588 898 993 331 812 509
316 671 492 621 975 980 654 567 334 956 373
317 672 650 621 624 926 985 859 682 350 863
318 675 773 325 551 654 463 709 334 856 597
319 929 699 614 360 724 987
320 993 548 743 395 713
321 769 866 900 649 619 659 986
322 675 999 648 621 565 894 415
323 514 715 950 908 819 723 340 381 382 799
324 738 325 487 743 905 788 599
325 544 453 501 955 636
326 834 658 822
327 496 624 740 997 355 696
328 801 546 707 421 577 432 340 504 474 958 351
329 705 745 779 624 851 969
330 832 742 554 427
331 539 546 475 852 346 542
332 547 997 621 822 809 453
333 558 563 562 985 956 765
334 645 582 723 435 758 484 851 765 734 575
335 771 662 997 870 433 490 887 739 630 729 509 805
336 449 993 838 737 840 812 972 727 889 924 702 607
337 421 552 943 699
338 644 424 748 364 429 718 968 435 473 554
339 961 467 400 563
340 421 940 718 527 432 977 564 983
341 796 843 819 469 728 847 591 767 459 639
342 769 662 422 587 750 880 526 762 795 445
343 898 932 781 399 629
344 352 560 802 438 618 434 525 370 374 664 752
345 452 778 526 623 594 629 895
346 896 996 840 492 719 912 406 633
347 770 945 401 984 667 958 895
348 967 810 701 981 655 541
349 357 975 911 785 373 367
350 928 522 515 613 872 664 497 697 453
351 768 960 994 900 357 604 520 617 362 558 880 402 853 420 571
352 652 494 726 953
353 374 582 711 795
354 899 584 394 430
355 995 484 785 451 501 988 479
356 994 394 973 402 629 696 606
357 714 619 398 496 370 658 632
358 480 459 870 829 499 950 469
359 483 740 838 807 586 845 976 376 442
360 912 452 389 520 400 697 956
361 384 895 612 585 924 427 971 529 502 667 574
362 966 780 364 886 969 819 730 474
363 998 588 692 820 661 634 735
364 379 717 591 848 426 382
365 731 619 877 914 857 859 735
366 459 639 843 876 625 408 825 379 572
367 419 744 586 813 941 882 690 439 985 573 542
368 598 455 519 402 627 628 415 796 767
369 485 523 556 712 371 755 508
370 931 683 879 592 689 538 517
371 749 680 493 517
372 628 539 511
373 811 989 626 531 856
374 483 423 975 695 987 858
375 737 455 969 503 826
376 418 548 745 813 792 880 849 852 857 761
377 453 614 423 683 497 442 701 575
378 868 743 428 909 753 948 863 607
379 897 801 680 722 481 532 732
380 869 945 600 714 813 944 872 599
381 768 870 747 416 401 662 632 890 927
382 806 570 635 595 659 532 950 408 506 731
383 779 523 844 432 885 568
384 770 810 514 593 724 981 664 729 533
385 482 772 421 523 581 432 721 722 659 526
386 771 420 901 649 466 553 446
387 456 813 558 653 852 854 472
388 898 427 477 532 829
389 963 709 681 687 744 995 923
390 971 466 675 535 411
391 864 673 452 943 919
392 896 955 551 827 394 775 696 570 891 541
393 801 898 401 489 426 632 502 760 639
394 897 422 903 780 847 403
395 770 773 711 683 496 728 981 794
396 804 840 670 863
397 775 456 810 460 909 786 537
398 736 836 873 586 978 697 976 761 665 906
399 864 999 821 789
400 640 657 541 542 944 434 713 978 984 557 736 869 504
401 669 675 490 989 819 535
402 672 739 805 462 562 403 564
403 519 427 407
404 608 459 631 665
405 544 992 557 622 467 917 854 791 697
406 864 806 617 585 796 687 885 605
407 835 518 977 904 623 657 968 413 762 605 766
408 641 802 652 593
409 480 800 663 781 590 722 823 473 991 639
410 896 679 681 811 620 797 948 438 472 923 701
411 577 971 422 503 680 651 940 648 529 821 887 772
412 781 935
413 785 446 574 888 537
414 905 587 763 823
415 784 675 900 888 564 660
416 571 763 742 801 488 756 730
417 682 691 471 600 441
418 482 618 555 685 502 631 666 475 925 671
419 962 934 692 666 926
420 808 766
421 837 876 600
422 481 603 550 641 523 913 466 446 984 890 933
423 961 547 586 620 525 788 857 666 445
424 673 647 592 477
425 683 655 848
426 800 731 862 837 486 842 969 437 841 536 447 991
427 739 618 556 630 570
428 941 879 857 671
429 450 747 932 741 999 974 952 507 925
430 804 965 871 908 825 499 787 644 796
431 775 907 701 633 987 475
432 768 920 729 893 766
433 617 502 862
434 640 737 961 902 880 545 520 711 686 934 475
435 590 714 461 726 828 575
436 612 749 974 659 755
437 801 968 674
438 684 783 822
439 944 985 912
440 834 552 716 718 937 546 565 662 957
441 630 991 474 671
442 914 981
443 777 971
444 528 540
445 800 643 837 649
446 901 841 977 982
447 870 519 556 878 594 790
448 650 656 724 701
449 774 509 561 531 664 572 637
450 769 904 554 823 921 922 764 893
451 521 880 692 637
452 612 585 748 974 808 756 566 905 954
453 802 505 804 487 810 761 857 926 758 953 575 517
454 513 620 589 943 789 728 509
455 865 658 639
456 797 494 495 881 501 854 622
457 993 870 647 943 884 503 921
458 515 814 719 695 540
459 904 553 499
460 611 740 668 811 815 602
461 640 547 695
462 964 489 919 684 979 873 889
463 640 685 942 511
464 512 768 647 648 663 552 594 649 473 731
465 488 591 628 535 984 921 570
466 784 741 893
467 614 654 788 633 590
468 780 942 721 951 799
469 800 862 710 967 776 777 554 651 823 699 669
470 619 525 852 794 827
471 896 854 985
472 794 496 522 709 802 880 883 725 791 539 572
473 708 870 807 503 499 722 819 791
474 705 847 532 510
475 489 714 506 589
476 484 551 873 906 653 757 836 964
477 905 749 928 904 827 798
478 480 662 846 752 850 760 796 895
479 798 489 815 496 700 949 860 638 869
480 712 751 528 680 532 662 887 922
481 482 712 759
482 872 940 718 722 527 795 741
483 809 923
484 676 744 956 970 989 931 836 522
485 925 534 644 890
486 928 720 709 641 912 983 755 500 598 865
487 624 849 533 891 989 703
488 723 772 500 669 958
489 580 614 567 549 589 537 794 703
490 704 865 706 593 892 498 500 697 570 604 733
491 961 738 612 619 607
492 877 942 881 661 633 955 746
493 808 935
494 578 524 654 501
495 594 757 826
496 936 572 711 742 503 506 957
497 964 845 905 561 563 597 985 542 671
498 523 965 847 918 536 787 862
499 579 870 717 984 668
500 579 518 905 780 912 660 632 892
501 877
502 512 866 723
503 866 827 676 742 729 707 894 799
504 866 913 721 850 986 991
505 998 696 797 542
506 538 989 926
507 993 549 936 761
508 867 773 972 528 637
509 987 516 746 782 931 803
510 643 742 839 779 781 819 707
511 560 867 836 997
512 960 946 823 982 601 827
513 676 773 550 657 538
514 908 534 827 549
515 938 824 671
516 831 578 683 877 718 783 854 567 815
517 834 952 884 539
518 771 712 817 754 974 900 861
519 960 585 908 717 654 751 726 927 862
520 833 555 788 782 703 670 863
521 525 599
522 614 560 785
523 778 562 641 538 667
524 583 782 650 775 883 956 575
525 810 809 569 602 923 956
526 802 643 548 982 584 750 660
527 992 904 860 747 718 610 698 956
528 904 879 724 664 926 735
529 775 819 862 894
530 868 624 785 703
531 964 581 654 791
532 864 871 776
533 674 996 869 590 957 624
534 928 995 717 718 562 594 610 982
535 971 954
536 961 580 902 744 869
537 988 878 624 881 597 828 575
538 848 918 635 593 568 825 571 668
539 580 742 621 917 794 797
540 834 934 614 711 620 590 689 788
541 911 872 761 634
542 548 551 685 654 985 696
543 995 557 686 818 563 854 700
544 582 979 638
545 650 555 690 634
546 776 750
547 672 879 816 637
548 961 945 913 691 863
549 712 724 666
550 928 837 842 589 717 951 862 799
551 572 911 820
552 897 717 922 733
553 577 707 954 913 660 821 952 732
554 704 677 945 756 639
555 860 988 889 828 868
556 960 715 677 913 910 751
557 560 929 587 812 820 637
558 773 586 915 855
559 875 909 596 696 857 765 927
560 676 845 817 970 638
561 736 583 906 669 569 573
562 705 886 966 632 826 850 959
563 934 948 891 860
564 837 952
565
566 966 905 823 983 912 627 903 886 625 824 669
567 845 909 879 580 830
568 651 927 723 784 915 629 663 763 894
569 653 829 600 621 948 694 695 765 831
570 836 712 621 691 823 799
571 610 677 652 732 954
572 976 583 970 791 761 656 688
573 765 615 588 817 602
574 897 669
575 866 987 902 633 619 621 817 774 671
576 645 788 664 638
577 710 750
578 896 869 781 981 891
579 773 651 814 983 763
580 872 746 812 911 602 926
581 705 908 784 690 990
582 709 949 695
583 833 936 783 624 760
584 790 847 657 667 892 766
585 974
586 811 683 978 632 599
587 787 660 982 763 741
588 738 964 817
589 622
590 640 804 872 874 748 657 735
591 962 982 943 631
592 924 653 628 923
593 771 890 851 947 673 637 768
594 632 954
595 898 904 690
596 802 744 748 624 872 948
597 998
598 899 609 648 728
599 640 614 688 788 694 873 622
600 685 773
601 962 892 715 766 663 826
602 689 670
603 937 943 649 666
604 680 688 754 628 884 669
605 834 846 696 982
606 731 609 939 846 754
607 611 838 808
608 994 644 706 755 789 724 958
609 721 731
610 800 676 837 844 939 876 617 612
611
612 898 718 751 885 888 932
613 702
614 622 802 989
615 785 952
616 934 984
617 960 807 884 763
618 972 658 979
619 979 664 915
620 708 684 655 881 818
621 859 935 818 953
622 775 972 788 797
623 800 766 670
624 843 830
625 641 847 662 951 721 635
626 736 645 685 700 926
627 732 973 728
628 673 663 894 735
629 864 962 729 686 635
630 640 678 663 984 800
631 872 908
632 644 652 890 842 741
633 975 877 959
634 873 957 753 923 860
635 871 825
636 820 661 826 891
637 896 832
638 967 809
639 846 769 675 676 905 821 903 951 682
640 967 661 725
641 711 718 690 871 903
642 684 989 656 923 957 926
643 705 806 925 795 769
644 706 999 682 715 812 851
645 962 875 912 920 666
646 739 974
647 928 951 985 668
648 778 844 669
649 707 683 750 828 930
650 738 684 810 759 826
651 962 977 908 823 921
652 839
653 998 941 820 953
654 997 831
655 714 656 924 981
656 672 714 809 793 979 759 857 810
657 711 936 812 703 924
658 736 737 804 838 703
659 748 945
660 892
661 941 820
662 853 921 667
663 704 737 723
664 830 840 980 826 891 956 810
665 833 967 820 727 760 883
666 689 770 734
667 674 843 741
668 950 871 720 925
669 732 743 710 969
670 836 849 909 683 845 775 835 777
671 875 696
672
673 784
674 945 676 901 682
675 717 991
676 709 903 927 900
677 808 756
678 707 708
679
680 732 927
681 815 856
682 869 807 727
683 934 797 989
684 941 692 879
685 814
686 814 783 785 759
687 925 741 793 862 799
688 992 891 709 775 855 700 797
689 896 967 797 693 981
690 932 705 799 865 954
691 832 925 741
692 935 963
693 802 793
694 804 711
695 702
696 818 724 794
697 902 753 873 871 788 892
698 768 908 717 946 986
699 789
700 955 717 851 889 959
701 739
702
703 996
704 832 737 913
705 896 922 848 977 819 730 766
706 839 860 951 827
707 717 787 766 760
708 950
709 743
710 832 994 903 808 908 977 942 785 821
711 761 880
712 907 973 756 767 897 800
713 944 737 746 975 948
714 834 998 849 802 858 861
715 832 937 729 871 749 945 764
716 888
717 900 919
718 748 844
719 998 935 978 781 816 882 794
720
721 886 945 750 893 756 925
722 943 755
723 777 778 731
724 911 783 840 812 813 815 817 818 983 955 893
725 930 963 979 758 955 995
726 872 759 813
727 949 821
728 933 871 815 848 771
729 962 900 875 886
730 960 807
731 982 893 751 916 790
732 832 884 739 991
733 901
734 836 935 822
735 743 949 957
736 881 758
737 993 834 788 985 923
738 886 920 889
739
740 869 917 783 831
741 827 871
742 928 899 755 920 826 778
743 838 809 856
744 909 788 889 996 943
745 747 876 947
746 997 813 955
747 846 821 887 799
748 996 816
749 932
750
751 790 939 924 799
752 912
753 788
754 930 823 950 966 799
755 952 866 839 760
756 771 895
757 873 830
758 793 792 985 858
759 887 858
760 903
761 844
762 930 772
763 806 922
764 908 799
765 944 767
766 887 805 924 829
767 842 892
768 787 892
769 968 771
770
771 895
772 832 933 884
773 914
774 811 813 943
775
776 900 968 778 951
777 827 948
778
779 929 780 983
780 835 974 913
781 960 805 796 919 826
782 836
783 905 794
784 788
785
786 933 808 886 898
787 929 946 819
788
789 900 937 862 790
790 930 951
791 996 976 882 836
792 960 906
793 802 877
794 867 911 852 860
795 865
796 897 871 905 843 945 925
797 872 956
798 806
799 950 829
800 977 808
801
802 852
803 960 948
804 948
805 846
806 866 918 968 916 932
807 962 908
808 928 910 899 901
809 815 889
810 961 978 923
811
812 997 817 907
813 992 861
814 831
815
816
817 979
818 981
819 952 962 939 951
820 874
821 903
822 845
823 833 829
824
825 960 837 839 885
826 861 915
827 951
828 906
829 908
830 855 980
831 896 910
832 855 925
833 909 975
834 953
835 910
836 860 980
837 876
838 938
839 908 947
840 907 948 931 995
841 973
842 986 991 925
843 898 850 887 990
844 983 927
845 923 870 955
846 994 895 862
847 899 974 976
848 990
849 994
850 929 910 853
851 924 950
852
853 896 964 939
854 943 995
855 961
856 886 891
857 976 868
858 861
859
860 954
861 868 936 955 990
862 871 876 962 912 926
863 987
864
865
866 994 910
867 941 877
868 944 931 988
869 896
870 884 916 927
871 924 876 926
872 907
873 887
874
875
876 894 950
877 970
878 988
879
880
881
882
883 998 972
884 930 913 954
885 904 905
886 974 947 919
887 946 990
888
889
890 952 954
891 997
892 932 893 937 957 984
893 897 955
894 946
895 966
896 996
897
898
899
900
901 940
902 907 926
903
904 905
905 907
906
907
908
909 967 993
910
911 931 975
912
913
914
915
916
917 981 936
918
919 982 939
920 968
921
922
923 979
924 930
925
926
927 928 952
928
929
930 984 938
931 944 996
932
933 973
934
935
936
937 999 989
938 949
939
940
941 942 979 949 988
942 967
943
944
945
946 969
947
948 979 987
949
950 982 977
951
952
953
954
955 970
956 967
957 979
958 992
959 979
960
961
962 968
963
964 980 985
965
966
967 996 972
968
969 987
970
971
972
973
974
975 976
976
977 999
978 981
979 993
980
981
982
983
984
985
986
987
988
989
990
991
992
993
994
995
996
997
998
999
[0, 0, 0, 0, 0, 1, 1, 1, 0, 0, 1, 1, 0, 0, 0, 0, 0, 1, 0, 0, 0, 0, 1, 0, 1, 1, 0, 1, 0, 0, 1, 1, 0, 0, 1, 0, 0, 0, 0, 1, 1, 0, 0, 1, 1, 1, 1, 0, 1, 1, 1, 0, 1, 0, 1, 1, 0, 1, 0, 0, 1, 1, 1, 1, 1, 1, 1, 1, 1, 1, 1, 0, 1, 0, 0, 1, 1, 1, 0, 1, 0, 0, 1, 1, 0, 1, 1, 0, 1, 0, 1, 0, 0, 0, 0, 0, 1, 1, 1, 1, 0, 1, 1, 1, 1, 1, 0, 1, 0, 1, 0, 1, 1, 0, 0, 1, 0, 1, 0, 1, 0, 0, 1, 1, 0, 1, 1, 1, 1, 1, 1, 0, 0, 0, 1, 1, 1, 0, 0, 0, 0, 0, 1, 0, 1, 1, 0, 0, 1, 0, 1, 1, 0, 1, 1, 1, 1, 1, 0, 1, 0, 1, 1, 1, 1, 0, 0, 1, 1, 0, 1, 1, 0, 0, 1, 1, 1, 1, 0, 0, 0, 1, 1, 1, 1, 1, 0, 0, 0, 0, 1, 0, 0, 0, 0, 0, 1, 1, 0, 0, 1, 1, 1, 1, 1, 1, 0, 1, 0, 0, 0, 1, 1, 0, 1, 1, 0, 1, 0, 0, 1, 1, 1, 1, 1, 1, 0, 1, 0, 0, 0, 1, 1, 0, 1, 1, 1, 0, 1, 1, 0, 0, 1, 1, 1, 0, 0, 1, 0, 1, 0, 1, 1, 1, 1, 0, 1, 1, 1, 1, 1, 0, 1, 1, 1, 0, 0, 0, 1, 0, 0, 0, 0, 0, 0, 1, 1, 1, 1, 1, 0, 0, 0, 1, 1, 0, 0, 1, 0, 1, 0, 0, 0, 0, 0, 1, 1, 0, 0, 0, 1, 0, 0, 1, 1, 0, 0, 1, 0, 1, 1, 1, 1, 0, 1, 0, 0, 0, 0, 0, 0, 1, 1, 1, 0, 0, 0, 0, 1, 1, 1, 0, 0, 0, 0, 1, 0, 1, 1, 0, 1, 1, 1, 1, 0, 1, 0, 1, 0, 0, 0, 1, 0, 0, 1, 0, 1, 0, 1, 0, 0, 1, 1, 0, 1, 0, 1, 0, 1, 1, 0, 1, 0, 0, 0, 0, 0, 0, 0, 1, 0, 1, 1, 1, 0, 1, 1, 0, 1, 0, 1, 1, 0, 1, 1, 0, 0, 0, 0, 1, 0, 1, 1, 1, 1, 0, 1, 1, 1, 1, 0, 1, 0, 1, 1, 1, 1, 1, 0, 0, 1, 1, 1, 0, 1, 0, 1, 1, 0, 1, 1, 0, 1, 1, 0, 0, 1, 1, 0, 0, 1, 1, 0, 1, 0, 1, 1, 1, 0, 0, 1, 0, 1, 0, 1, 1, 0, 1, 0, 1, 0, 0, 0, 0, 1, 1, 1, 0, 1, 1, 0, 0, 0, 1, 1, 0, 0, 1, 1, 0, 1, 1, 1, 0, 0, 1, 1, 0, 1, 0, 1, 0, 0, 1, 0, 0, 0, 0, 1, 1, 1, 0, 1, 1, 1, 0, 0, 0, 0, 0, 1, 0, 1, 1, 1, 0, 0, 0, 1, 1, 0, 0, 0, 1, 0, 0, 1, 1, 0, 1, 0, 0, 1, 0, 1, 1, 0, 0, 1, 0, 0, 0, 0, 0, 0, 0, 1, 0, 0, 0, 1, 0, 1, 1, 1, 0, 1, 0, 0, 0, 0, 0, 1, 0, 1, 1, 1, 0, 1, 0, 1, 1, 0, 0, 1, 0, 0, 1, 0, 1, 0, 1, 0, 0, 1, 1, 0, 1, 0, 0, 0, 1, 1, 1, 1, 1, 0, 0, 1, 0, 0, 1, 0, 1, 1, 1, 1, 0, 1, 1, 1, 0, 1, 0, 0, 0, 0, 1, 0, 0, 0, 0, 0, 1, 0, 1, 0, 1, 1, 1, 1, 1, 1, 0, 0, 1, 0, 0, 0, 1, 0, 1, 0, 1, 1, 0, 1, 1, 1, 1, 0, 1, 1, 0, 0, 0, 0, 0, 0, 1, 1, 0, 1, 1, 0, 0, 0, 1, 1, 1, 0, 0, 0, 1, 1, 1, 1, 1, 1, 0, 1, 0, 1, 0, 0, 0, 0, 1, 0, 0, 1, 1, 0, 0, 0, 0, 0, 0, 1, 1, 0, 0, 0, 0, 1, 1, 1, 1, 1, 0, 1, 0, 1, 0, 0, 1, 1, 1, 1, 0, 1, 1, 1, 1, 0, 0, 0, 1, 1, 1, 1, 1, 1, 1, 0, 0, 0, 0, 0, 1, 0, 1, 1, 0, 0, 1, 0, 1, 1, 1, 1, 1, 0, 0, 1, 1, 1, 0, 0, 0, 1, 0, 1, 1, 1, 0, 1, 1, 1, 1, 0, 1, 1, 0, 0, 0, 1, 1, 1, 1, 1, 1, 0, 0, 1, 0, 1, 1, 0, 1, 1, 0, 0, 0, 0, 1, 1, 0, 1, 1, 1, 1, 0, 0, 0, 1, 1, 1, 1, 0, 0, 0, 0, 0, 0, 0, 0, 0, 0, 1, 0, 1, 0, 1, 1, 1, 0, 1, 0, 1, 0, 0, 1, 0, 0, 1, 0, 1, 0, 1, 0, 1, 1, 1, 1, 0, 1, 1, 1, 0, 1, 1, 0, 1, 0, 0, 0, 0, 0, 0, 0, 0, 1, 0, 1, 1, 1, 0, 0, 0, 1, 1, 0, 0, 0, 0, 1, 0, 0, 0, 0, 0, 0, 0, 1, 1, 1, 1, 1, 0, 1, 0, 1, 1, 1, 1, 0, 1, 1, 1, 1, 1, 0, 1, 1, 1, 0, 0, 1, 0, 1, 0, 1, 1, 0, 0, 1, 0, 1, 1, 1, 1, 1, 0, 1, 1, 0, 1, 1, 0, 1, 0, 1, 1, 0, 0, 0, 1, 0, 1, 1, 0, 0, 1, 0, 1, 1, 1, 0, 0, 1, 1, 1, 0, 1, 0, 0, 0, 1, 0, 1, 0, 1, 0, 0, 1, 1, 0, 1, 1, 0, 1, 0, 1, 1, 0, 0, 1, 0, 0, 0, 0, 1, 1, 1, 0, 1, 0, 0, 0, 1, 1, 0, 0, 1, 0, 0, 0, 0, 1]