#/home/brian/Documents/summer17/Python/VEC/scripts/make_SBM_graphs.py
# GMT Thu Jul 27 21:52:00 2017
# 
0 33 99 36 14 17 85 94
1 77 47 18 19 84 26 94
2 56 72 43
3 56 57 74 68 71
4 33 36 38 13 46 50 63 61 95
5 31 96 66 19 15
6 64 17 27 38 70
7 16 64 60 86 49
8 40 75 46 15 81 87 91
9 33 60 61 86 39
10 80 84 53 22 27 63
11 37
12 97 74 17 50 52 53 25 27 63
13 44 42 76 17 53 25 27 36
14 81 22 30 63
15 98 90
16 56 66 98
17 41 42 78 27
18 23 44 47 21 87 91 53
19 32 68 47 87
20 24 67 52 86 63
21 56 99
22 43 50 25 28
23 46 62 29
24 39 45 46 54 59 92
25 97 84 53 60
26 96 68 54 57 94
27 36 63
28 67 43 86 88 93
29 34 69 71 44 87 56 58 91
30 88 73 84 78
31 34 71 46 92 62
32 64 75 45 82 56 94
33 35 79 61
34 96 56 89 60
35 72 51 84 73
36 78 81 61 63
37 62 75 69 54
38 99 40 42 43 77 61
39 57 58 98
40 66
41 78 70
42 99 47 86 60
43 70 73 49 88 95
44 66 46 61 92
45 89
46 80
47 65 71 81 58 94
48 90 92 77 62 79
49 66 85 78
50 97 65 57
51 78 52 61 70
52 78 93 86 61 95
53 84 93 63
54 96 66 79 56 57
55 76 95
56 74 81 87 90 94
57 75 82 91
58 80 90
59 80 66 92 74
60 97 95
61 72
62 72 69
63 76 85
64 97
65 97 66 68 71 98 81
66 80
67 84
68
69
70 72 73 95
71 81 82 86
72 78
73 88
74 77 81 94
75 80
76 99 84 85 88 95 93
77 81
78 96
79
80 91 98 92 90
81 96 82
82 87
83 97 99
84 99 88
85
86
87
88 95
89 94
90
91 92
92
93
94
95
96
97
98
99
[1, 0, 1, 0, 1, 0, 1, 1, 0, 1, 1, 0, 1, 1, 1, 0, 0, 1, 0, 0, 1, 0, 1, 0, 0, 1, 0, 1, 1, 0, 1, 0, 0, 1, 0, 1, 1, 0, 1, 0, 1, 1, 1, 1, 0, 0, 0, 0, 0, 1, 1, 1, 1, 1, 0, 1, 0, 0, 0, 0, 1, 1, 0, 1, 0, 0, 0, 1, 0, 0, 1, 0, 1, 1, 0, 0, 1, 0, 1, 0, 0, 0, 0, 1, 1, 1, 1, 0, 1, 0, 0, 0, 0, 1, 0, 1, 0, 1, 0, 1]