#/home/brian/Documents/summer17/Python/VEC/scripts/make_SBM_graphs.py
# GMT Thu Jul 27 21:52:00 2017
# 
0 89 59 97 45 73
1 96 35 3 47 7
2 96 66 7 10 47 18 28
3 57 30 78 14
4 69 72 74 75 30 29 94 5
5 33 82 14
6 64 32 38 39 8 10 79 51 84 58 61
7 48 91 43
8 98 46 29
9 48 16 34 35 88
10 64 93 84 57 29 30
11 98 35 14 88 91 31
12 40 74 80 83 56 58 30
13 97 98 43 48 30 63
14 40 73 79 55 58
15 56 33 82 81 79
16 98 47
17 96 18 60 98 95
18 75 85 23 24 87 63
19 56 40 59 44
20 57 34 53
21 24 51
22 97 70 39 41 87 57 91
23 75 85 92 29 53
24 88 90 85
25 90 68
26 80 33 83 46 78
27 56 65 58 92 74
28 71 75 86 91 60
29 69 45 89 92
30 40 76 61 86 73 93
31 70 52 87 88 63
32 45 44 93 69
33 82 89 92 61 37
34 66 43 54
35 65 54
36 49 90 47
37 65 44 76 80 84
38 72 73 46 69
39 67 99 40 83
40 78 57 59 92
41 96 77 49 50 87
42 88 89 50 60
43 97 78 50
44 64 72 92 61
45 65
46 69 74 54
47 75
48 88 66
49 83 77
50 66 67 77 90
51 56 62 55
52 90 53
53 90 54
54 91
55 73 91 92 62
56 69 76 78 61 62
57 87
58 72 81 92
59 64
60
61 67 69
62 74 81 94
63 77 85 88
64 72
65
66 83
67 79
68 94 97
69 74 77
70 85 77
71 75 77 87
72 73 79 82
73
74 80 83 94 92
75 87
76 92
77 98
78 91
79 80 81 82 84
80 89
81 92
82 84
83
84
85 97
86 96
87
88
89
90
91
92
93
94
95
96 97 98
97
98
99
[0, 1, 1, 0, 0, 0, 0, 1, 0, 1, 0, 1, 0, 1, 0, 0, 1, 1, 1, 0, 1, 1, 1, 1, 1, 1, 0, 0, 1, 0, 0, 1, 0, 0, 1, 1, 1, 0, 0, 0, 0, 1, 1, 1, 0, 0, 0, 1, 1, 1, 1, 0, 1, 1, 1, 0, 0, 0, 0, 0, 1, 0, 0, 1, 0, 0, 1, 0, 1, 0, 1, 1, 0, 0, 0, 1, 0, 1, 0, 0, 0, 0, 0, 0, 0, 1, 1, 1, 1, 0, 1, 1, 0, 0, 0, 1, 1, 1, 1, 0]