#/home/brian/Documents/summer17/Python/VEC/scripts/make_SBM_graphs.py
# GMT Thu Jul 27 21:51:52 2017
# 
0 104 256 261 374
1 874
2 376 242 45 461
3 971 820 262 406 269
4 377 349
5 106
6 855
7 489 716 572
8 805
9 868 683 429 498 950 217
10
11 739 235 279
12 384 265 859 358 159
13 515 708 935 426 683 980 349
14 744 547 782
15 931 612 375
16 488 713 466
17 738 964 743 234 658 212
18 194 696 984 346 314 95
19 249 412 301
20 729 274
21 577 746 693
22 653
23 931 77
24 738 872 533 762 636 890
25
26 732
27 316
28 40 969 306
29 258 539
30 883 853
31
32 352 689 58
33 349 742
34 71
35 112 192 883 644 199
36 770 265 587 47 663 858 955 894
37 644 477
38 624 915 574
39 714 182
40 284 60
41 644
42 865 815
43 608 767 660 583
44 979 151
45 480 580 798
46 253 479
47 640 211 818 563 670
48 537 731 677 693
49 364 804 545
50 619 761 666 275
51 540 199
52 184 242 733 70
53 929 389 711 138 524 751 182 923 362
54 817 227 563
55 273 634 539 645
56 323
57 429 499 765 958 687
58 214 567
59 418 467 693
60 665
61 674 202 750 307 250 475 638
62 600 913 575
63 762
64 146 493 263
65 785 682 915
66 795 998
67 190
68 318
69 916 996 237 71
70 99 147 244 214 249 219
71 939 971
72 137 402
73 241 407 986 795 92 286
74 708 886 438
75
76 642 589 215
77 307 207
78 880 730 595
79 550 662 910
80 690 547 706 342 909
81 995 836 829
82 561 365
83 349 222
84 544 693 510
85 464 833 628
86 595
87 936 361 792 520
88 352 857 474 974 689
89 299
90 814 119
91 296
92 502
93 909
94 822 751
95 770 151
96 697 514 715
97 563 533 486
98 730
99 405 151
100 610 293
101 800 440 642 619 207
102 531 251 887
103 987 939 475
104 460 670
105 402 844
106
107 556
108 113 946 707 282
109 306 485
110 801 123
111 283 990 382
112 596
113 549 605
114 348
115 323 709
116 493 525 817 690 408 954 797
117 856 177 315
118 144 605
119 964 925
120 288 986 403 669
121 521 995 774
122 152 505 242 533
123 229
124 442 187
125 705 787 324 661
126 176 587 355 340
127 818 740 266
128 787 332
129
130 536 321
131 385 874
132
133 966 990
134 961 313
135 768 251
136 634 940
137 753 699
138 236 784 275 766 543
139 970 294 271
140 792 238 439
141 969 667
142 758 668 950 382
143
144 464 642
145 378 611 709
146 228
147 325 267 209 948 407 989
148 369 797 806 551
149 288 874 451 685
150 366
151 341
152
153 255
154 890 799
155 537 453 182 913
156 165 325 621
157 218 294
158 724 623
159 923 517 175
160 234 954 876 677
161 745 690 844 374
162 817 426 234
163 905
164
165 393
166 916
167 776 176 855 695 335
168 713 495 425
169 449 543
170
171 220 837
172 613 949
173 737 738 726
174 377 382
175
176 335 766
177 720
178
179 784
180 368 521 923
181 897 652 196 929
182 276
183 378 628 614
184 906 614
185 675 964
186 435
187 992 769 580 391 936 434 990 927
188 238
189 916 901
190
191 833 901
192
193 206 405 694 375
194 942
195 234 549 471
196
197 415 317 677
198
199 242 831
200 464 448
201 752 946 987 754 642
202
203 560 265 206
204 728 857 346 399
205 385
206 911 985
207 751
208 814
209 899
210 225 330 321
211 981
212 824 728 533
213 915 574
214
215
216
217 988 454 297
218 827 611
219 960 381
220 296 313 426 402
221 570 719 365 951
222 698
223 900 902 429 246 253 415
224 320
225 411 517 742 683 370 603
226 425 358
227 560 696 954
228 386
229 897 911
230 281 426
231 353 286 639
232 851 813
233 773
234 513 268 336 507
235 643
236
237 502
238 722 918 929
239 841 380
240
241 360 535
242 718 792
243 348
244 746 852 718
245 794
246 728 610 854
247 866
248
249 772 495
250 417 385 562 312 697
251 262 760 505 735
252 704 569 260
253 640 467 410 767
254 458
255 424 618 869
256 512 836 958 529
257 728 544 427 637
258 456 821 383
259 434 462
260 350
261
262 993 482
263 884
264
265 508 281
266
267 315 738
268 926 686
269
270 796 794 292 582
271 700
272 839 315 623
273 874 325
274 720 741 399
275 321 500
276 292 948 767
277
278 912 666 627 962 615
279 736 429
280 865 466 766
281 603
282 892
283 983
284 444 294
285 416 572 806
286 898
287 834 837
288
289 442 525 327
290 392
291 366 926 367
292 442 303
293 515 451 557 823
294 769 629 862
295 379 460
296 954
297 621
298 302
299 485
300 602
301 781
302 489 581
303 424 959
304 953 883 310 870
305
306 811
307 451 362 661 440
308 715 903
309 402 858 997
310
311 673 977
312 528 336
313 353
314 863
315
316 320 430
317 377
318 734
319
320 660 476
321 890
322 768 936
323 928
324
325 928
326 516 413
327 762 493 737
328 636 525
329 640 890 925
330 517
331 752
332
333 614 798
334 555 622
335 825
336
337 691 829
338
339 510
340 536 904 716 693
341 650 493
342 561
343 425 763 798
344 440 754
345 909 565 959
346 737 615
347 522
348 901 477
349 738 406 797 415
350 473 804 732 781
351 425 413
352 644
353 375 589
354 685
355 603 517
356 610 434
357
358 583 807 850 543
359 909
360 736
361 999 975 558
362 736 816 371 375
363 379 515 652
364 600 488
365 448 651 691 949
366
367 512 382
368 408 977
369 744 404 949
370
371
372 618 726
373 778 842 898 550
374 819 764
375 963 730
376 920
377 447
378 867 905 595 410
379 571 518
380 559 837
381 844 950 783
382 708 806
383 655
384 851 590
385 497
386
387
388 395
389 924
390
391 468 443
392 764 490
393
394 883 396 982
395 641 566
396 839 653 685
397 568 732
398 677
399 658 890 863
400 523 659
401 828 519
402 636 912
403 539 758
404
405 612 593
406 609 783 613
407 821
408 680 618 691
409 648 635 589
410
411
412 985
413
414 516 613
415 869 603 700
416 915 535
417
418 984
419
420 928 798
421 777 694
422 976 626
423 547 551
424
425 737 450 799
426 832 522 854
427 713
428 632 706 923 566 615
429 544 481 912 981
430 886
431 989
432 993 860
433 714 938 949
434 493 909
435 900 692 658 465
436
437
438 900 488 599 954 571
439 833 874
440 952 652
441 816
442
443 971
444 549 589
445 986 642
446
447 800 820
448 616
449 604 519
450
451
452
453 933
454
455
456 576 801 682
457 600 762 516
458 645 901
459 820
460 744
461 496
462 984 954 677
463 865
464
465 702
466 979
467
468
469 833
470 693 918
471 820
472 809 891
473 923
474 867
475
476
477 931
478 969 732 806 815
479
480
481
482 596
483 528 521 636 678
484
485 913 905
486 834
487 616
488 494 859 799
489 685 933
490 605
491 903
492 898
493
494 582 681 528 661 917
495 688
496
497 701 839
498
499
500 525
501 704 698 765
502 567
503
504 852 709 710
505 842 685
506 707 871
507 863 767 703
508 583
509 592 520 811
510 641
511
512 633 667 928
513
514
515 636
516
517 826 575
518 902 716 589 823 541
519 602 947
520 929 605
521 547 681
522 705
523 526
524 841 772 749
525 801
526 529 637
527 914 611
528 797
529
530 572 997 533
531 549
532 826
533
534
535
536
537
538 611 853
539
540
541 547
542 719
543
544 841 657 594 918
545 672
546
547 994
548 811 982
549 580 653 662
550 993 679 846
551 790
552
553 773
554 747
555 717
556
557 565 932 606 965
558 896 576
559 774 851 789 924 958
560 955 837
561
562 768 724
563
564 745
565
566
567
568
569 873 994
570
571 918
572 983 952 670
573 748
574 664 585
575 965 950
576 838
577 971 788
578 659 907
579 589 711
580 769
581 872 972
582
583
584 938
585 613
586
587 784 650 799
588 789 598 943
589 864 709
590
591 832 663
592 796
593 680 862
594
595
596 810 927
597
598 745
599 912
600 952
601 648 662
602 647
603 854 888 767
604 720 946
605 880 666
606 876
607 608
608 800 987
609 847 807
610
611
612 840 971 788
613 676 878
614 808
615
616 940
617
618 669
619
620 751
621 735
622 817
623
624
625 762 732 837
626
627 977 854
628
629
630
631
632 641
633 743
634
635 643 757
636
637
638 810
639 796 909
640 863
641 646
642 946
643 971
644
645 856
646 756
647 807
648 729 715
649 665
650 931
651 982 778 870
652
653 936
654 904
655 731
656 932 830
657 681
658
659
660 766
661
662 886
663 700 766
664
665 996
666 708
667
668
669 953 803 707
670 728
671 936
672
673
674 754
675
676
677
678 984 876
679
680
681 746
682
683 938 692
684 909
685
686 807
687 864
688
689
690
691
692
693 737 972 698 959
694 977 757
695
696 832
697
698 814
699 938
700 836
701 787 836
702
703 834
704 850
705 929 718
706
707 903
708
709
710 774
711 963
712 770
713 869
714 930 767
715 936
716 972 819
717 813
718
719
720 884
721 920 789
722 929 974
723 922
724 977
725 812
726
727 944 868 742
728 780
729 828 999
730 958
731 991
732
733
734 980 918
735
736 814
737 789
738
739 865
740 896 929 801
741 871
742
743 790
744 846
745
746 875
747 876 922
748 905
749
750 866
751 810 845
752 791
753
754
755 906 772 839
756 977
757 875 833
758
759
760
761
762 849
763
764
765
766
767 780 876 850 819
768 831
769 867
770 918
771 929
772
773 808 778 853
774 934
775 909
776
777
778
779
780
781
782 806
783 817
784 786 794
785
786
787 871
788
789
790
791
792 816
793
794 848 924
795 998
796
797 955
798 985
799 969
800
801 833
802
803
804 834
805
806 948
807 902
808
809 833
810
811
812 874 843 998
813 970
814
815
816
817 889
818 889 926
819
820
821 855 906
822
823 863
824 829
825 926
826 972
827
828 916
829
830 969
831 974
832 868
833 886
834
835 989
836
837 881
838
839
840
841 944
842 921 910 929
843 999
844
845 907 901
846
847 865
848
849 995
850 960 979
851 954
852
853
854 925
855
856
857
858
859
860
861 996
862
863
864 977 939
865
866
867
868
869 924
870 940
871
872
873
874
875
876
877
878
879
880
881
882
883 914
884 950
885 889 894
886 911 916
887 999
888
889
890
891
892 974
893 933
894
895
896 905
897
898
899 937
900
901
902 962
903
904
905
906
907 974
908
909
910
911 998
912
913
914
915
916
917
918 966
919
920
921
922
923
924
925 964
926
927
928
929
930
931
932
933
934
935
936
937
938
939
940
941
942
943 989
944
945
946
947
948 962
949
950
951 972
952
953
954
955
956
957
958
959
960
961
962
963 974
964
965 969
966 992
967
968
969
970
971
972
973
974
975
976
977
978
979
980
981
982
983
984
985
986
987
988
989
990
991
992
993
994
995
996
997
998
999
[0, 1, 1, 1, 0, 0, 1, 0, 1, 0, 0, 0, 0, 0, 0, 1, 0, 0, 0, 1, 1, 1, 1, 1, 0, 0, 0, 0, 0, 1, 1, 1, 1, 0, 1, 1, 0, 1, 0, 0, 1, 1, 0, 0, 0, 1, 0, 0, 0, 0, 1, 1, 1, 1, 0, 1, 1, 0, 1, 0, 1, 1, 0, 0, 0, 0, 1, 1, 0, 1, 1, 1, 0, 1, 0, 1, 1, 1, 1, 1, 0, 0, 1, 0, 0, 1, 1, 1, 1, 1, 0, 0, 1, 0, 1, 0, 1, 0, 1, 1, 0, 1, 1, 1, 0, 0, 0, 1, 1, 1, 1, 0, 1, 1, 1, 1, 0, 1, 1, 0, 1, 0, 1, 1, 1, 1, 0, 1, 1, 1, 0, 1, 0, 1, 1, 1, 1, 0, 0, 1, 1, 0, 0, 0, 1, 1, 0, 1, 0, 1, 0, 0, 1, 0, 0, 0, 1, 1, 1, 0, 0, 0, 0, 1, 0, 1, 1, 0, 0, 0, 1, 0, 0, 0, 0, 0, 0, 1, 1, 0, 0, 1, 0, 1, 1, 0, 0, 1, 1, 1, 1, 1, 1, 1, 0, 1, 1, 0, 0, 1, 1, 1, 1, 0, 0, 1, 1, 1, 0, 1, 0, 0, 0, 0, 1, 1, 1, 0, 1, 0, 0, 1, 0, 0, 0, 0, 0, 0, 0, 1, 0, 1, 1, 1, 0, 1, 0, 1, 1, 0, 1, 0, 1, 1, 1, 1, 0, 1, 1, 1, 1, 1, 0, 0, 1, 0, 0, 0, 1, 0, 0, 0, 1, 0, 1, 0, 1, 1, 0, 1, 0, 0, 1, 1, 1, 0, 0, 1, 0, 0, 0, 0, 1, 0, 1, 0, 1, 0, 1, 0, 0, 0, 0, 0, 1, 0, 0, 1, 0, 1, 1, 0, 0, 0, 1, 0, 1, 1, 1, 0, 1, 1, 1, 1, 0, 1, 0, 0, 0, 0, 0, 0, 1, 1, 1, 1, 0, 0, 0, 0, 0, 0, 1, 1, 0, 0, 1, 0, 1, 1, 0, 0, 0, 0, 1, 0, 0, 1, 1, 0, 0, 0, 1, 1, 1, 0, 0, 1, 0, 0, 0, 1, 1, 0, 0, 1, 0, 0, 1, 0, 0, 1, 0, 1, 0, 1, 1, 0, 1, 0, 0, 0, 0, 1, 0, 1, 0, 1, 0, 1, 1, 1, 0, 1, 1, 0, 1, 0, 0, 0, 1, 1, 0, 1, 0, 1, 0, 1, 1, 1, 0, 0, 1, 0, 0, 0, 0, 1, 0, 1, 1, 1, 0, 0, 0, 0, 0, 0, 0, 0, 1, 1, 0, 0, 0, 0, 0, 1, 0, 1, 1, 1, 0, 1, 1, 1, 1, 1, 1, 1, 0, 0, 1, 0, 0, 0, 1, 0, 1, 1, 0, 1, 0, 0, 1, 1, 0, 0, 1, 0, 0, 1, 1, 0, 1, 1, 0, 1, 0, 0, 1, 0, 1, 0, 1, 1, 0, 1, 0, 0, 0, 1, 1, 0, 0, 1, 1, 1, 0, 0, 0, 0, 1, 0, 1, 1, 1, 0, 0, 1, 0, 1, 0, 0, 1, 0, 0, 0, 0, 1, 1, 0, 1, 1, 1, 0, 1, 1, 0, 1, 0, 1, 0, 0, 0, 0, 0, 0, 1, 1, 1, 0, 1, 0, 0, 0, 1, 0, 1, 1, 1, 0, 1, 1, 0, 0, 1, 0, 1, 0, 0, 1, 1, 0, 0, 0, 0, 1, 0, 0, 1, 0, 0, 1, 0, 0, 1, 1, 1, 1, 1, 0, 0, 0, 0, 0, 1, 0, 0, 1, 0, 0, 1, 1, 0, 1, 1, 1, 0, 0, 0, 1, 1, 0, 1, 1, 0, 0, 1, 0, 0, 1, 1, 0, 1, 0, 1, 1, 0, 1, 1, 1, 0, 0, 0, 0, 0, 0, 1, 1, 1, 0, 0, 0, 1, 1, 0, 0, 1, 1, 0, 0, 1, 1, 1, 1, 1, 0, 1, 1, 0, 1, 1, 1, 1, 0, 0, 0, 0, 1, 0, 1, 1, 0, 0, 1, 0, 0, 0, 1, 0, 1, 0, 1, 1, 0, 0, 0, 0, 1, 1, 0, 1, 0, 0, 1, 0, 0, 1, 1, 0, 1, 0, 0, 1, 1, 0, 1, 0, 0, 0, 1, 1, 0, 0, 1, 0, 1, 0, 1, 1, 1, 0, 0, 0, 1, 0, 1, 1, 1, 1, 0, 1, 0, 1, 0, 0, 0, 0, 1, 1, 0, 0, 1, 0, 1, 0, 0, 0, 0, 1, 1, 0, 0, 0, 0, 1, 0, 1, 1, 1, 1, 0, 0, 1, 1, 1, 1, 0, 0, 1, 1, 0, 0, 0, 0, 0, 0, 1, 1, 0, 1, 1, 1, 0, 0, 0, 1, 1, 1, 0, 0, 0, 0, 0, 0, 0, 1, 1, 0, 0, 0, 1, 1, 0, 1, 1, 0, 1, 0, 1, 1, 1, 1, 0, 1, 0, 0, 1, 1, 1, 1, 1, 1, 0, 0, 1, 0, 0, 0, 1, 1, 1, 0, 0, 0, 0, 1, 1, 0, 0, 1, 0, 1, 0, 1, 0, 0, 1, 1, 1, 0, 1, 1, 0, 1, 0, 0, 0, 0, 0, 0, 1, 1, 0, 1, 1, 0, 0, 0, 0, 1, 1, 0, 1, 0, 1, 1, 0, 0, 1, 1, 0, 0, 1, 1, 0, 0, 0, 0, 1, 0, 0, 1, 0, 0, 1, 1, 0, 0, 0, 1, 1, 0, 0, 0, 1, 1, 1, 1, 0, 1, 0, 1, 0, 1, 1, 1, 1, 0, 1, 1, 0, 0, 1, 0, 1, 0, 0, 1, 0, 1, 0, 0, 0, 0, 0, 1, 1, 1, 0, 1, 0, 0, 0, 0, 1, 1, 0, 1, 1, 0, 1, 0, 0, 0, 1, 1, 0, 0, 0, 0, 0, 1, 0, 0, 0, 1, 0, 0, 0, 0, 0, 1, 0, 0, 1, 1, 1, 0, 1, 1, 0, 1, 1, 1, 0, 1, 1, 0, 0, 0, 1, 0, 0, 1, 1, 1, 0, 1, 1, 1, 1, 1, 0, 0, 1, 0, 1, 1]