#/home/brian/Documents/summer17/Python/VEC/scripts/make_SBM_graphs.py
# GMT Thu Jul 27 21:52:03 2017
# 
0 97 34 69 71 47 20 55 62
1 2 10 83 86 90 93
2 64 37 43 45 46 51 85 86 55 56 29
3 97 5 38 14 48 21 26 58
4 33 28 95
5 96 38 71 72 41 77 14 35 88 58 63
6 64 9 60 55
7 25 50 79
8 48 74 70 23
9 99 70 74 45 54 29
10 74 44 30 17
11 48 32 27 43 31
12 96 97 67 68 70 55 36 94
13 49 75 97
14 96 74 75 82 58 63
15 81 74 51
16 84 81 52 25 60
17 99 70 45 78 46 86 26
18 64 99 54 72 73 42 45 79 51 86 47 93
19 96 98 38 46 49 82 88 58 63
20 99 47 49 84 52 95
21 65 98 35 89 90 27
22 24 40 43 53 63
23 99 47 72 85 90 91 61
24 89 82 65
25 34 78 54 55 61
26 32 66 38 49 75 80 55 88
27 43 71 40 59 29 31
28 64 34 45 85 55
29 64 80 52 73 91
30 42 78 47 83 74 85 60
31 59 38 71 63 48 95
32 66
33 88 59 75 53
34 67 70 71 44 81 50 84 85 54 56
35 37 71
36 66 53
37 56 48 67
38 57 95
39 48 98 84 77
40 67 68 43 48 63
41 67
42 70 74 78 81 93
43 65 98 80 82 95
44 69 79 55 56
45 72 46 73
46 72 75 78 80 52 90 60
47 76 80
48 97 49 94
49 65 68 89
50 99 72 78 83 54 87
51 85 90 92
52 99 76 58 63
53
54 70 72 86 61 62
55 68 69 73 70 79 84 90
56 70 72 86 87 60
57
58 59
59
60 61 62 93
61 87 93
62 72 84
63 67
64 73 76
65 66 68
66 89
67 68
68
69 81 84 89
70 79
71 98 87 89
72 82
73 85
74 93
75
76 87
77
78 83 84
79 84 85 90
80 81 85 90
81 86 91
82
83 99
84 96
85
86
87
88 97
89
90 93
91
92 98
93 95
94
95 96
96
97
98
99
[0, 0, 0, 1, 1, 1, 0, 0, 0, 0, 0, 1, 1, 1, 1, 0, 0, 0, 0, 1, 0, 1, 1, 0, 1, 0, 1, 1, 0, 0, 0, 1, 1, 1, 0, 1, 1, 1, 1, 1, 1, 1, 0, 1, 0, 0, 0, 0, 1, 1, 0, 0, 0, 1, 0, 0, 0, 1, 1, 1, 0, 0, 0, 1, 0, 1, 1, 1, 1, 0, 0, 1, 0, 0, 0, 1, 0, 1, 0, 0, 0, 0, 1, 0, 0, 0, 0, 0, 1, 1, 0, 0, 1, 0, 1, 1, 1, 1, 1, 0]