#/home/brian/Documents/summer17/Python/VEC/scripts/make_SBM_graphs.py
# GMT Thu Jul 27 21:51:46 2017
# 
0 42 54 70
1 98 87 23
2
3 17
4 24
5 11
6 47
7 17 77
8
9 11
10 59
11 32
12 37
13 14
14
15 50
16
17 95
18 65 23
19 20
20
21
22 65
23 81
24 54
25 48 98
26
27 49 74 81 63
28 91
29
30 79
31 65 70
32 98
33
34
35
36
37 76 68 77
38 56 79
39 98
40 62
41 93
42 49
43
44
45 93
46 97
47 85
48
49 99 52
50 63
51
52 94
53 61
54
55
56 74
57
58
59
60 77
61
62
63
64
65 67
66
67
68
69
70
71
72 90
73 88
74
75
76 98 93
77 83
78 83 94
79
80
81
82
83 94
84
85
86
87 93
88
89
90
91
92
93 97
94
95
96
97
98
99
[0, 1, 0, 1, 0, 1, 1, 1, 0, 0, 0, 1, 1, 1, 1, 0, 1, 1, 0, 0, 0, 0, 0, 0, 0, 1, 0, 0, 0, 0, 0, 0, 1, 1, 1, 1, 0, 1, 0, 1, 0, 1, 0, 0, 0, 0, 1, 1, 1, 0, 0, 0, 0, 1, 0, 0, 0, 0, 0, 0, 1, 1, 0, 0, 0, 0, 1, 0, 1, 0, 0, 1, 1, 0, 0, 1, 1, 1, 1, 0, 1, 0, 0, 1, 0, 1, 0, 1, 0, 1, 1, 0, 1, 1, 1, 1, 0, 1, 1, 0]