#/home/brian/Documents/summer17/Python/VEC/scripts/make_SBM_graphs.py
# GMT Thu Jul 27 21:51:49 2017
# 
0 91 143
1 880 663 887
2 329 323 340
3 655
4 208 470
5 65 247 499 77 95
6 458 148 373 184 186 445 927
7 477
8 866
9 18 467 189 983
10 888
11 866
12 145 28 742 231
13 540 797 166
14 413
15 129 242
16 786 891
17 869 879
18 314 907 513
19
20 717
21 696
22 229 422
23 440 957
24 650
25 819 494
26 412 639
27 989 581
28
29 832 834 636 810 582
30 63
31 899 484 975
32 153 518
33 150
34 892 836
35 64 401 171 87
36 907 260 638 78 119
37 292
38 60 567
39 488
40 725
41 929 847
42 635 206
43 457 538 612
44
45
46 705
47 573 382 853
48 280 297 707 262
49 984 474
50 577 883 63
51 316
52 594
53
54
55 859
56 297 842
57 225 932 645
58 814
59 543
60 656
61 489 721
62 432 291 460
63 649 748 682
64 517 662
65 952 522 151
66
67 104 174
68 82 158
69
70 668 252
71
72 485 278
73 412
74 792 499 966
75 245
76 961 197 423
77 158
78 504 370 924
79 546 635 197 599
80 920 345 261 199
81 860
82 407
83 202 339 500 711
84 376 458 365
85 384 809
86 809 998 927
87 228
88 641 596
89 947
90 811 205 295
91 919 639
92 145 305
93 192 328 341
94 522 115 853
95 698 927 613
96 946 334
97 290 164 421
98 324
99 794 316 719
100 800 361 612 319
101
102 195
103 864 717 893 863
104 892 741
105 466 462
106 364 583
107 176 385
108 893
109 912 570 972 349
110 140 647
111 514 395
112 136 219 221
113 854 671
114 949
115 505 146 633 215
116 878 798
117 946 540 991
118 809
119 641 405 999
120 816 297 366 302
121 603 935
122 716 974
123 961 473 715 794 831
124 654 439
125 833 556 493
126 793 596 453
127 712 628
128 912 524
129 136 967
130 969 354 341
131 402
132 821
133 896 165
134 300
135 153 596 262
136 964 627 407 696 954
137
138 344
139 989
140 384 814
141 937 534
142 378 453 925
143 217 842 942
144 554
145 640 409
146 433 550 247
147 152 695 447
148 772 372 207
149 874
150 160 601 619 343
151 322 892 477
152 774
153 387
154 293
155 908 717
156 664 592
157 808 338 699 628
158 578 523
159
160 267 404
161 381
162
163
164 994 578
165 875 715
166 355
167
168 954 963 178
169 724 541
170
171
172 815 863
173
174 932 983
175 501 382
176 266 940
177 336 542 982
178 237
179 623
180 764
181 884 813 695
182 563 372 518
183
184 605
185
186 606 237
187 236
188 864 891 653
189
190 822 367
191 528 762 459 238
192 294
193 434
194 656 836
195 879
196
197 520 571 590
198 900 623
199 720 593 215
200 522 948
201 259 396
202 272
203 439
204 585 563
205 548
206
207 916
208 458 350 894
209
210 728 333
211
212 504 580
213 802 469
214 786
215 316 767
216 467
217 895 563 418 867
218 600 354 658 303
219 745 378 943
220 234 875 429
221
222 556 813 958
223 809 378
224 866
225 499 230
226
227 578 303
228 336
229 569 692
230 232
231 598
232 914 595
233 728 888 891 517
234
235 675
236
237 245
238 760
239 384 753 726 735
240 407
241
242 792 656
243 760
244 793 683 692 751
245 943 469
246 608 999
247 744 722 351
248 905
249 271
250 664 858 956
251 708
252
253 689
254 896 885
255 583 271 927
256
257 941
258
259 409 281 862
260 881 294 694
261 544 482
262 937
263 328 673 421
264
265 617 382
266 658 443 839
267 402 701 914
268
269
270 936 424
271 337
272 420 327 585 903 885
273 576 505
274
275
276 683 623
277 464 492
278
279
280 873 907 724
281 369 898 940 667
282 955 999
283 339 542
284
285 487
286 588 398
287
288
289 921 877
290 791
291
292
293
294
295
296 852 380
297 741
298
299 834 942
300 890
301 740
302
303
304
305 572 526
306
307 396 477
308
309
310 985
311 921
312 660
313
314 524
315 365
316
317 879
318 904 558
319 635 567
320 768 705
321 391
322 604
323 963 796
324 720 399
325 478
326
327 923
328 768 537 541
329
330 503 469 990 701
331 562
332 658 755
333 589 967
334 504 466 768
335 881 772 519
336
337 832
338 868 759
339 538 491
340 855
341 680
342 547 821
343 526 869
344 546
345 843 964 591
346 652
347 515 701
348 907 510 543
349 808 937 816 851 474 763 860
350 387
351 636 822
352 917 687
353 619
354 374
355 929
356 538
357 824 922 503 799
358 712
359 551
360 926
361 746
362
363 821 671
364 594 839
365 465
366 553
367 649
368 371
369
370 993 802 667 746
371 490
372 505
373
374 742 398 879
375 830
376 690
377 948
378 834 816 762 894
379 529 765
380 625 646
381 894
382 974
383 473 411
384 710
385 761 870
386 896
387 503 762 858 894
388 533
389 736
390 680 497 630
391
392 609 450
393 556 707 740
394 424 594 527
395 768
396 746
397
398 941 554 559
399 690
400
401 961 913
402
403
404 906
405 447 804
406 996 788
407
408 515 510
409 670 999
410 887
411 943 700
412
413 884 637
414 895
415 906 650 855
416 687
417 648 692
418
419
420 907
421
422 897
423 486
424
425 961
426 681
427 513 820
428 776
429 961 525
430 632 861
431
432
433 608 663
434 858
435
436
437 506 543
438 800 630
439 522 476 861
440 888 870 678
441
442 980
443 565 815
444
445
446
447 828
448 693 773
449 584
450 803 622
451 513 677
452 654
453 540
454 871
455 474 471 543
456 787 947 742
457
458
459 709
460 472 814
461 937 547 605
462 973
463 976 506
464
465 857 612 629
466
467 968
468
469 972
470
471 973 717
472
473 583 734
474 711
475
476
477 625
478
479 785 509 791
480
481 784 495
482 964 950 959
483
484
485 639
486 516 702
487
488 995
489 929 611 558
490
491 504 506 594
492 579
493 772 623
494 785 943
495 895 933 878 831
496 537 860 980 615
497 729 623 951
498 824 593
499 664 513
500 678
501 906 780
502
503
504
505 622
506 787
507 612 919
508 674
509
510
511
512
513
514 969 675 692
515 802 636
516 940
517
518 884 639
519
520 600
521 859 814
522
523
524 674
525 944
526 576
527 900
528 581
529
530 574
531
532 872 779
533 700
534
535 878 991
536 986 765
537 723
538 771
539
540
541 654
542
543 846
544 704
545 943 734 735
546 722 951
547 684 701
548
549 909 966
550
551 759 884 654
552
553 714
554 892
555 656
556
557
558
559 927
560
561 801 629
562 655
563 866
564
565 747
566 700
567
568 704 585
569
570
571
572
573 741 605
574
575
576
577 942
578 880 731
579
580 793 923
581 666 748
582 875 828 926
583
584
585 878
586
587
588 679
589 672 892 780
590 837
591
592 859
593 959 748
594 895
595 801
596 911
597
598 664 966
599 671 653
600
601
602 922
603 818
604 664 800 673
605 832
606 782 862
607
608 902
609
610 972
611
612 802 962
613 619
614 884 740
615
616
617 873
618 950
619
620 670
621
622 858 869
623 938
624
625
626
627 656 712
628 871 755
629 672
630 677 807 810 974
631
632
633
634 671
635
636
637
638
639 681
640 834 652 925 653
641
642 669 646
643 834 852 901
644
645 917 894 967
646 983
647 883 819
648 797
649
650 843
651 847
652
653 673
654 746
655
656
657 949 799
658 867 774
659 685
660
661 895
662 985
663
664
665
666 853
667 816 955
668
669
670 920 794
671
672
673 830
674
675
676 767
677
678 910
679
680 802
681
682 831
683
684
685
686 720
687 957
688
689 921
690
691
692
693
694 928
695 736
696 755
697
698
699
700
701 795
702 799
703 808
704 968 889
705
706 880 813
707 773
708 952
709 973
710
711 991
712 838 810 782
713
714
715 876
716
717
718
719 814
720 985
721
722 849 986
723 872
724 840 955 903
725 736 810
726
727 997
728
729
730 988
731
732 760 903
733 834 879
734
735
736 847
737
738
739
740 805
741 836 824
742
743
744
745
746
747
748 853
749 823
750
751 796
752 963 901
753 825
754 876
755
756
757 895
758 812
759
760
761 830
762
763
764
765 891
766 953
767
768
769
770 904
771 903
772
773 809 909
774 976
775 821
776
777
778 950
779 993 902
780
781 903
782
783
784
785
786
787
788 823
789 919
790
791
792 979
793
794 888
795 938
796
797
798
799 878
800 942
801 859
802 904
803
804
805 863
806
807 954 914
808 984
809
810
811 908 983
812
813 881
814
815
816
817
818
819 956
820
821
822
823
824 875 842
825
826 855
827 902 950
828
829
830
831
832
833 873
834
835
836
837 937 898
838
839
840
841
842
843
844 907
845 925
846
847 907 856
848
849
850
851 882
852
853
854 954
855 984
856
857
858
859
860
861 970
862
863
864
865
866
867
868 994
869
870 987
871 931
872
873
874
875
876 914
877 959
878
879
880
881
882
883
884
885
886
887 916
888
889
890 989
891
892
893
894
895
896
897
898 934
899
900 958 918
901 982
902
903
904
905
906
907
908
909
910 938
911
912
913
914
915
916
917 995
918
919
920
921
922
923
924
925
926
927
928
929
930
931
932
933
934
935
936 941
937
938
939
940
941
942
943
944
945
946
947
948
949
950 972
951
952 979
953
954
955
956
957
958
959
960
961
962
963
964
965 989
966
967
968
969
970
971
972
973
974
975
976
977
978
979
980
981
982
983
984
985
986
987
988
989
990
991
992
993
994
995 999
996
997
998
999
[1, 1, 1, 0, 0, 0, 0, 0, 1, 0, 0, 1, 0, 1, 0, 0, 0, 0, 0, 1, 1, 1, 1, 1, 0, 0, 1, 0, 0, 0, 0, 1, 1, 1, 0, 0, 1, 0, 0, 1, 0, 1, 1, 1, 1, 0, 0, 0, 0, 1, 0, 0, 1, 1, 1, 0, 0, 0, 0, 1, 0, 1, 0, 0, 0, 0, 0, 0, 0, 0, 1, 1, 1, 1, 0, 0, 1, 0, 1, 1, 0, 0, 0, 1, 0, 0, 0, 0, 1, 1, 0, 1, 0, 1, 0, 0, 1, 1, 0, 0, 0, 1, 0, 1, 0, 1, 1, 1, 0, 1, 0, 1, 1, 1, 0, 0, 1, 1, 0, 1, 1, 0, 0, 0, 1, 1, 1, 1, 0, 0, 1, 1, 1, 0, 0, 1, 0, 0, 1, 0, 0, 1, 0, 1, 0, 0, 1, 1, 1, 1, 0, 0, 1, 1, 1, 1, 0, 1, 0, 1, 0, 0, 1, 1, 1, 0, 1, 0, 0, 1, 0, 0, 1, 0, 0, 0, 1, 1, 0, 1, 0, 1, 1, 1, 0, 1, 0, 1, 1, 1, 0, 0, 1, 0, 0, 0, 1, 1, 1, 0, 0, 1, 1, 0, 1, 0, 1, 1, 0, 1, 0, 1, 1, 0, 0, 0, 1, 1, 1, 0, 0, 1, 1, 0, 1, 0, 1, 1, 0, 1, 0, 0, 0, 0, 0, 0, 1, 0, 0, 0, 0, 1, 0, 0, 1, 0, 1, 0, 1, 0, 0, 1, 0, 0, 1, 0, 0, 0, 1, 1, 1, 1, 1, 1, 1, 0, 1, 0, 0, 1, 1, 0, 1, 0, 0, 1, 1, 1, 1, 1, 0, 1, 1, 1, 1, 0, 0, 1, 1, 0, 1, 0, 0, 1, 1, 0, 0, 0, 0, 0, 0, 0, 1, 1, 1, 0, 0, 0, 1, 0, 1, 0, 0, 1, 0, 0, 0, 0, 1, 0, 1, 1, 0, 0, 0, 0, 1, 1, 1, 1, 0, 0, 1, 0, 1, 1, 0, 0, 1, 1, 1, 1, 1, 0, 1, 0, 0, 0, 1, 1, 0, 0, 0, 0, 1, 1, 1, 0, 0, 1, 0, 1, 0, 1, 1, 0, 1, 0, 1, 1, 1, 1, 1, 0, 0, 1, 0, 1, 0, 0, 0, 0, 0, 0, 0, 1, 1, 0, 0, 0, 1, 1, 0, 0, 1, 1, 1, 0, 0, 0, 1, 0, 0, 1, 0, 1, 1, 0, 1, 0, 0, 0, 1, 1, 1, 0, 1, 1, 1, 0, 1, 1, 1, 1, 1, 0, 0, 0, 0, 0, 0, 1, 0, 1, 0, 0, 1, 1, 0, 0, 1, 1, 1, 1, 1, 0, 1, 1, 0, 1, 0, 0, 1, 0, 1, 1, 0, 1, 0, 0, 0, 1, 1, 1, 1, 0, 1, 1, 1, 0, 0, 1, 0, 0, 1, 0, 0, 0, 0, 0, 1, 1, 1, 1, 1, 1, 1, 1, 1, 1, 1, 1, 1, 1, 0, 1, 1, 1, 0, 0, 1, 0, 0, 0, 1, 0, 1, 1, 0, 0, 1, 1, 1, 0, 1, 0, 1, 0, 1, 1, 1, 0, 0, 0, 0, 0, 0, 1, 0, 0, 0, 0, 1, 0, 1, 1, 0, 1, 1, 1, 1, 1, 1, 1, 1, 0, 1, 1, 0, 0, 0, 1, 0, 1, 0, 1, 1, 0, 1, 0, 0, 0, 0, 1, 0, 1, 0, 0, 1, 0, 1, 1, 0, 0, 0, 0, 0, 0, 1, 1, 1, 0, 1, 0, 1, 1, 0, 1, 0, 0, 1, 0, 0, 0, 1, 0, 1, 0, 0, 1, 1, 0, 0, 0, 0, 0, 0, 1, 1, 0, 1, 1, 1, 0, 0, 1, 1, 0, 1, 0, 1, 0, 0, 1, 1, 0, 0, 0, 1, 0, 0, 0, 0, 1, 1, 1, 0, 1, 1, 1, 0, 1, 0, 0, 0, 0, 0, 0, 1, 0, 0, 1, 0, 1, 1, 0, 0, 0, 1, 1, 1, 1, 0, 1, 0, 1, 0, 1, 1, 0, 0, 1, 0, 1, 0, 0, 0, 0, 1, 1, 1, 0, 0, 1, 1, 0, 0, 1, 1, 0, 0, 0, 1, 0, 1, 1, 1, 0, 0, 0, 0, 0, 0, 1, 1, 1, 1, 0, 1, 0, 0, 1, 0, 1, 1, 0, 0, 1, 0, 0, 0, 1, 0, 1, 1, 0, 0, 0, 0, 1, 1, 1, 1, 0, 0, 0, 1, 0, 0, 1, 0, 0, 0, 0, 0, 0, 1, 1, 0, 1, 1, 1, 0, 0, 0, 1, 1, 1, 1, 1, 0, 1, 0, 1, 0, 0, 1, 0, 1, 0, 0, 1, 1, 0, 1, 1, 0, 0, 1, 1, 0, 0, 0, 0, 1, 0, 0, 0, 1, 1, 0, 0, 0, 1, 0, 1, 0, 1, 1, 0, 0, 0, 1, 0, 1, 0, 0, 0, 1, 0, 0, 1, 0, 1, 0, 1, 1, 0, 0, 0, 0, 1, 0, 1, 0, 0, 1, 1, 1, 1, 1, 0, 0, 1, 0, 1, 0, 1, 0, 1, 0, 0, 0, 0, 1, 0, 1, 1, 0, 0, 1, 0, 0, 0, 0, 1, 1, 0, 0, 0, 1, 0, 0, 1, 1, 0, 1, 1, 1, 0, 1, 1, 1, 0, 1, 0, 0, 0, 1, 0, 1, 1, 0, 0, 1, 1, 0, 0, 0, 1, 0, 0, 0, 0, 0, 1, 0, 1, 1, 1, 1, 0, 1, 1, 1, 1, 0, 1, 1, 0, 1, 1, 1, 0, 0, 0, 1, 0, 1, 1, 0, 0, 0, 1, 0, 0, 0, 0, 1, 1, 1, 0, 0, 1, 1, 0, 0, 1, 1, 0, 1, 0, 0, 0, 0, 1, 1, 1, 0, 0, 1, 1, 0, 1, 0, 1, 0, 1, 1, 0, 1, 0, 1, 0, 0, 0, 0, 0, 1, 1, 0, 1, 1, 1, 0, 0, 1, 0, 1, 0, 1, 0, 0, 0, 1, 0, 0, 1, 1, 0, 0, 1, 1, 1, 1, 1, 1, 0, 0, 1]