#/home/brian/Documents/summer17/Python/VEC/scripts/make_SBM_graphs.py
# GMT Thu Jul 27 21:51:51 2017
# 
0 146 51
1
2 89 87
3 123
4 24 59 183
5 52 27 108
6 29
7 176 104 82 195 36
8 40 136 199
9 97 98 18
10 92
11 73 134
12 112 146 139 157
13 135
14 92 44 36
15 146 53 127
16 32 92 63
17 129
18 72 92
19 129 44 150 70 77
20 121 102
21 161 74
22 145 161 180 33 73
23 81
24 76 52 38 199
25 74 31 141 70 127
26 50 150
27 35 167 54 119 184 157
28 101 173 180 182 125 62
29 40 136 122 116
30 62
31 109
32 80 106 163
33 50
34 59 76
35 107 49 186 157
36 170 145 178 179
37
38 92 109 174 119
39 178 130
40 112 118
41 124
42
43 52 106 108 77
44 60
45 60
46 163
47 176 154 159
48 168 53
49 67 83 197
50 72 165
51 180 173
52 82 89 190
53 199 188 93 159
54 64 163 77 113 118 88 158
55 186
56
57 169
58 192 59 92 198
59 140
60 108 187 70
61 121 181
62 156
63 186 167 114 111
64 113 131
65 89 195 92
66 136
67 138 75 126
68
69
70 168
71 156 85 143
72 198
73 165 79 85 87 124
74 146 187
75 167 95
76 142
77
78 142
79 176
80 100 198 143
81 182
82 121 148
83 122 155 191
84 131 191
85 118
86 104 115 187
87 185
88
89 142
90 165 183
91 194 167
92
93
94 152
95
96 184 191
97
98
99 168 104 142
100 160 184 101
101
102 138
103
104 185
105 196 109
106 199
107 155 133
108 140 174 152
109 192 135 170
110 162 131 167
111 148
112 197 137 143 181 125
113 121 131 157
114 138 181
115 196 135 168 170 174
116 122 172
117 168
118 145 195
119
120 166
121
122 167
123 176 149
124 136
125
126 132 157
127
128 133
129
130 178
131
132
133 144
134
135 170 152 159
136 150 158
137 158
138
139
140 179
141 192 174
142
143
144 158
145 188 177
146
147
148 180 182
149
150 171
151 180 166
152 153 179
153 197
154
155
156
157
158
159
160
161
162
163 167
164
165
166
167 181
168
169
170 192
171
172 193 186
173
174
175
176 189
177 193
178 190
179
180
181 191
182
183
184 186
185
186
187
188
189
190
191
192
193 199
194
195
196
197
198
199
[0, 1, 1, 1, 1, 1, 0, 1, 0, 1, 1, 1, 1, 1, 1, 1, 0, 1, 1, 1, 0, 1, 1, 0, 1, 1, 1, 0, 0, 0, 0, 1, 0, 1, 1, 0, 1, 1, 1, 1, 0, 0, 1, 1, 1, 1, 0, 1, 1, 0, 1, 0, 1, 1, 0, 0, 0, 0, 1, 1, 1, 0, 0, 0, 0, 1, 0, 0, 0, 1, 1, 0, 1, 1, 1, 0, 1, 1, 1, 1, 0, 0, 1, 0, 0, 0, 1, 1, 0, 1, 1, 0, 1, 1, 1, 0, 0, 1, 1, 1, 0, 0, 0, 1, 1, 1, 1, 0, 1, 1, 0, 0, 0, 0, 0, 1, 0, 1, 0, 1, 0, 0, 0, 1, 0, 0, 0, 1, 0, 1, 1, 0, 0, 0, 0, 1, 0, 0, 0, 1, 1, 1, 1, 0, 0, 1, 1, 1, 0, 1, 1, 0, 1, 0, 1, 0, 0, 0, 0, 1, 0, 1, 0, 0, 1, 1, 0, 0, 1, 0, 1, 1, 0, 0, 1, 0, 1, 1, 1, 1, 0, 0, 0, 1, 0, 1, 0, 1, 1, 1, 1, 0, 1, 1, 0, 1, 1, 0, 1, 1]