#/home/brian/Documents/summer17/Python/VEC/scripts/make_SBM_graphs.py
# GMT Thu Jul 27 21:52:13 2017
# 
0 133 195 100 197 168 12 49 183 91 62 165
1 32 65 166 7 72 42 44 13 17 148 181 104 26
2 51 35 101 198 71 107 78 19 117 186 91 125
3 67 69 71 78 176 49 146
4 193 98 101 41 48 18 115 86 119 185 26 63
5 33 132 102 6 10 140 50 180 153 27 133
6 32 193 27 196 136 10 174 47 37 90 59 138 127
7 34 100 106 127 61 94 159
8 193 132 33 65 72 129 76 180 150 151
9 193 37 103 106 114 115 90
10 65 34 99 167 73 43 45 14 17 18 86 119 153 59
11 192 133 130 101 105 171 81 126 60 125 30 165
12 192 197 198 115 181 125 126
13 132 166 70 129 43 17 18 115 150 184 155 158
14 97 102 166 43 109 144 177 85 88 59
15 64 66 35 22 198 170 75 78 19 149 182 184 185 90 28 186 158
16 35 71 168 124 107 60 84 151 88 58 92 183
17 163 193 40 158 26 59 21 53 94 127
18 37 73 142 48 179 36 188 29 95
19 160 100 165 134 137 146 22 89 29
20 100 70 49 51 53 55 24 153 123 30 191
21 192 49 108 183 29 126
22 192 170 125 79 84 149 124 93
23 97 163 196 102 76 80 179 94 54 153 188 158 63
24 131 196 140 51 120 180 27 63
25 133 156 170 60 111 80 105 149 87 155 28 157 69
26 36 38 47 115 149 184 123 29
27 96 51 179 181 122 165
28 96 161 195 105 139 77 80 146 84 117 120 186 111 156 62
29 34 99 132 43 45 144 116 54 61 63
30 128 130 68 133 135 170 140 50 71 157 190
31 96 162 197 111 149 183 56 155 62 69
32 76 45 144 54 159 63
33 187 113 172 76 109 72 115 148 150 123 158 159
34 97 131 72 174 104
35 176 133 199 40 108 77 142 154 62
36 98 163 196 70 72 152 144 136 179 53 118 56 164
37 165 167 179 85 55 159
38 192 65 131 41 113 187 88 184 90
39 48 106 53 154
40 162 68 101 81 41 110 146 87
41 167 177 108 78 168
42 130 163 51 97 106 179 54 88 93
43 132 169 173 114 56 94
44 195 165 198 71 176 78 111 112 183 89 154 62 133
45 65 131 164 73 146 74 118
46 197 111 79 82 148 53 155 101
47 167 88 122 158
48 96 193 132 164 118 86 55 121 90
49 161 197 168 112 171 141 80 178 92
50 73 75 190 94 186 93
51 193 132 167 168 139 76 174 56 53 94
52 194 105 171 60 117 183 57 186 156
53 104 103 143 181
54 193 163 90 102 65 114 167 74 119 122 151 63
55 195 164 136 183 123 158
56 107 131 81 103 113 150 122 191 127
57 160 131 170 145 117 183
58 160 66 199 87 126
59 196 199 189 147 138
60 84 112 68 124 106 83 148 156 125
61 129 100 77 116 152
62 130 99 165 194 169 75 141 77 145 154 126
63 129 167 72 174 100 123
64 128 126 157 198
65 163 70 199 92 109 143 116 90 123 188 166
66 192 193 98 165 70 172 108 141 176 124 85 152 156 126
67 68 133 134 135 75 108 175 118 122 157
68 100 198 135 110 177
69 134 167 108 175 112 146 154
70 99 185 121
71 192 133 198 107 146 171 157
72 193 104 114 164 155
73 98 114 166 103 142 144 148 85 120 138 95
74 150 166 106 173 121
75 197 183 189
76 98 163 196 138 194 113 182 164 159
77 162 198 136 105 170 125 111 149 120
78 199 173 84 92 189
79 162 118 137 110 165
80 98 199 105 170 87
81 108 190 177 83 180 149 126
82 131 198 107 141 177 195 155
83 146 157 108
84 112 98 107 172
85 138 109 174 144 181 90 159 95
86 128 163 143 116 118 196 94 127
87 96 172 168 152 156 125
88 131 169 109 153 121 122
89 160 161 165 199 108 128 111 176 146 149 154 190 157 126 133
90 144 184 153
91 96 177 130 112 145 148 183 124
92 130 161 197 177 171 145 149 117
93 160 165 168 137 176 145
94 104 175 144 119
95 138 173 169 187 158 191
96 165 170 107 173 145 186 157
97 195 151 109 98 142 143 145 182
98 167 176 179 185
99 132 136 137 179 181 127
100 105 184 158 191
101 161 165 108 140 130 172 117
102 193 164 113 179 184 118
103 193 162 136 151 118 153 127
104 131 140 113 116
105 199 152
106 176 142 144 123 188 159
107 161 134 178
108 141 175 176 121 117
109 118 169 193 167 150 153 158 149
110 160 192 187 197 139 141 195 155
111 168 139 116 187 189
112 168 137 157
113 137 170 114 115 180 122
114 129 132 166 173 174 143 169 188 158
115 135 138 148
116 132 118 143 196 123
117 128 196 198 199 120 125 190
118 138 152 184
119 129 150 142 143 144 184 121
120 147 154
121 151 173 148
122 140 191
123 182
124 160 195 135 157
125 195 198 162 174 141
126 128 168 141 189
127 164 140
128 155 197 175 152 187
129 148 153 158
130 192 162 195 134 177 152 197
131
132 164 174 148
133 168 172 177 154
134 137 170 141 146 171 189 165
135 168 138 190 177 147 170 184 186 188 157
136 196 143 164 184 159
137 194 145 172 149 155
138
139 149 187 189
140 184 148 181 182 153
141 168 171 176
142 166 153
143 182 193 191
144 181 180 159
145 161
146 162 168 155
147 195 175 189
148 164 185
149 160 161 198 199 152 187 186
150 198 173 185
151 182 167 174 152
152 160 177 178
153 185
154 197 166 170 176 155
155 186
156 172 157
157 194 197 172
158 174 184 159
159
160 195 198 199 187
161 171 177
162 195 183 186
163 193
164 166 182 191 188
165 178
166 172 180 169 196 188
167
168 175
169 179
170
171 192
172 192 197 189
173 193
174 188
175 195
176
177 195
178 195
179
180 191
181 186
182
183
184
185 188
186 198
187 192
188 199
189 199
190
191
192
193
194
195
196
197
198
199
[1, 0, 1, 1, 0, 0, 0, 0, 0, 0, 0, 1, 1, 0, 0, 1, 1, 0, 0, 1, 0, 1, 1, 0, 0, 1, 0, 0, 1, 0, 1, 1, 0, 0, 0, 1, 0, 0, 0, 0, 1, 1, 0, 0, 1, 0, 1, 0, 0, 1, 1, 0, 1, 0, 0, 0, 0, 1, 1, 0, 1, 0, 1, 0, 1, 0, 1, 1, 1, 1, 0, 1, 0, 0, 0, 1, 0, 1, 1, 1, 1, 1, 1, 1, 1, 0, 0, 1, 0, 1, 0, 1, 1, 1, 0, 0, 1, 0, 0, 0, 0, 1, 0, 0, 0, 1, 0, 1, 1, 0, 1, 1, 1, 0, 0, 0, 0, 1, 0, 0, 1, 0, 0, 0, 1, 1, 1, 0, 1, 0, 1, 0, 0, 1, 1, 1, 0, 1, 0, 1, 0, 1, 0, 0, 0, 1, 1, 1, 0, 1, 0, 0, 1, 0, 1, 1, 1, 1, 0, 0, 1, 1, 1, 0, 0, 1, 0, 0, 1, 0, 1, 1, 1, 0, 0, 1, 1, 1, 1, 0, 0, 0, 0, 1, 0, 0, 1, 1, 0, 1, 1, 0, 1, 0, 1, 1, 0, 1, 1, 1]