#/home/brian/Documents/summer17/Python/VEC/scripts/make_SBM_graphs.py
# GMT Thu Jul 27 21:51:48 2017
# 
0
1 1770 459
2 640 215 1718 1447
3 1802 1811 1877
4 1961 635 807
5 1228 1822
6
7
8
9 353 220
10 1612
11
12
13 1860
14 686
15
16 284 1356
17 645 1262 1743
18 97 872 1003 1495 1657 1723 190
19 1314
20 295
21 340
22 171
23
24
25 1337 469 1158 1695
26 616 1611 191
27 1824 1513 910
28 1266 1022 583
29 649 1401
30 98 1771 1099 1687
31
32 768 753 450
33 1287
34 516
35 1282 731
36 762
37
38 448 740 325 1161 139 1910
39 1028 1566
40 1626 791
41 190
42 1473 1556
43 1249 1651
44
45 618 1895
46 934
47 1768 1359
48 94 615
49 829 1030
50
51 1256 1227 1846
52 448
53
54 127
55 619 1995 751 606 951
56 169 1946
57 1082 1644 421
58 1065 199 1161
59 1759
60 1792 1236
61 859
62 1260 1901
63 490 1660
64
65 1465 948
66 331 637
67 1249 895
68 984 1465 1192 1749 825
69 1819
70 1938
71 1826
72
73 1404
74 861
75 1164
76
77 718
78 1706 1100 399
79 649
80 1640 1537 1636
81
82 1465 1588 1694
83 1528 152 1262
84 1257
85 1497 1316
86 644 700
87 1490 1410 1798
88
89 986 1166
90 1914 1571 500
91
92 150
93 792
94 1640 198
95 1539
96 1089 787 1471
97 1850 1426 621
98
99
100 704 1875
101
102 681 1253 1281
103 1224 1009 1686
104
105
106
107 387
108
109
110 201
111 1483 351
112 921
113 1635
114 1798
115 1096 322
116 408
117 136 252
118 233 859 1822
119 1152 1988 637
120 1630
121 947
122
123 811 196 166
124 1460 1359
125 706 155
126
127 1368 694
128 963
129 403 935
130 1241 1234 1476 591
131 282
132 1617 142
133 279
134 319
135 1795
136 731 1964
137 1766
138 1473 1626 180 638 1295
139 1480 575
140 1707
141 1878
142
143 809 1850 1094
144 1273 839
145 779
146
147 691 1974
148 905
149 391
150 1353 1097
151
152 1641
153
154 1480 1212
155 483
156 756 318
157 1736
158 920
159
160
161
162
163 905 1561 1679
164 1355
165 995
166 904 1233 1875
167 1672 1738 1699 591
168 1587
169
170 655
171 416 358 265 877 1750
172 1584 684 415
173 805
174
175 354 468
176 794
177
178 460 754 900 493 703
179 786 1164 1333 190
180 288 1393 594
181 1702
182
183 950
184 505 1962 735
185 1586
186 1458
187 510 1143
188
189 296 1524 1615
190
191
192 891
193 1985 1089
194
195 752 1993 1319
196 1018
197 1816 1057
198
199 1041 1243 522
200 1607
201
202 1691
203 1194 1899
204 963 820
205 1404 334
206 1019 317 1646 973
207 756
208 1273 463
209 1236
210 407
211
212 1085
213 1801 1100
214 1090
215 1376
216 923
217 464 1180
218 1304 252
219 262
220
221 1187 1804
222
223 1888 914 290
224 1031
225 809 1028
226 921 1909
227 555
228 1889
229 997
230 1482
231
232 1217 1135
233 1871
234 843
235 1532
236
237 773
238 1426 1620
239
240 1993 1797
241 1416 1063 1469 1629
242 1806
243
244 1673
245 1962 971 988
246 1924
247 785 1213 269
248 1654
249 1391
250
251 1614
252 986
253 1118
254 1584 1026 491 1612 413
255 1758 1223
256
257
258
259 1832 777 350
260 1404
261 1999
262 324 1712 1524 540 831
263 867
264 1037
265 721 1655
266 1570
267 1560 896 603 708 1485
268
269
270
271 1856
272 1179
273
274 1004 1326 311
275
276
277 907
278 1098
279 388 1717
280 1058
281 381
282 1793 589
283
284
285 1405 1791
286 1547
287 791
288 452 1091 1287
289 449 1938 1033
290 1034
291 908 1071
292
293 1322 884 1654 1767
294
295 732 821
296 1772
297 400 1524 1620
298 469
299 1054
300 1479
301
302 677
303 568 1649 346 946
304
305 632 1932
306
307 1907 1219
308 1061
309
310 1641
311
312
313 630
314 1660
315 1896
316 1528 587
317 1202 508
318 986 1018
319
320 1346 1511
321
322 760 1720 679
323 324
324 1227 844 1263 1392 849
325 954 1341
326
327 1025 347 1003 973 671
328
329
330 1180 1767
331 1967 1743
332 732 1014
333
334 1209 1886
335 444 1334
336 680 663
337
338 793 343
339 541
340 1072 600 1058 533
341 1392 644
342 960 1359
343 912 967 709 695
344 845
345 1941
346 703 1471
347 1504
348
349 1113 591
350
351
352 769 486 1585
353 473
354 852 1284
355 1497 1723 1423
356 825
357 727
358
359 1405
360 1233
361 589 1911
362 812
363 1144 1067
364
365
366
367 1216 907
368 774 975
369 377 846
370 1130
371 538 790
372 1300
373 741
374 1083 1691
375
376 1816
377 624 612
378 680 1408 1668 1615
379 618
380 464
381 770 627
382 1037
383 508
384
385 705 717
386
387 862
388 1235 1691
389 964 893
390 1086
391 676 1100
392 1229
393 676
394
395 1777
396
397
398
399
400 1022
401 1392 877
402
403 1495
404 557
405 939 1300
406
407 864
408 704 1977
409 1174
410 1640 1578 1854
411 744 1026 1651 662
412 1247
413
414 943
415 1342
416 908 1277
417 881
418
419 1732 1487
420 1964
421 1984
422
423 1330 1660 695
424 1564
425
426 1577 719
427 1190
428 908
429
430
431
432
433 1873 1878
434 529 1815 959
435 1018
436
437 1644 1951
438 1954 1325
439 1198
440 1209
441 896 1225 490
442 1275 1749
443
444 732
445
446
447
448 759
449
450 1830
451 1964 1900
452 480 1082 1654
453
454 1476
455 1596
456
457
458 626
459
460
461 808
462
463
464
465 798
466 762 1724 1143
467 552 1257 1598
468
469 928
470 596
471 1262
472 1144 1264
473 1190 841
474
475 784
476 1176 1122 1723 892
477 1661
478 1243
479 1612 1253
480 788 590 1518
481
482
483
484 1685
485 1714 828
486 1524
487 1326 1391
488
489 1753 1963
490 978 1278
491 1498
492 729 1933
493 1384 657 1610
494 601
495
496 817 1939
497 895 805 1109
498 999
499 1426 1772
500 962 609 1274 1710
501 1041
502
503 608 1504 1307 1696
504 1073
505 1517 599
506 1364 1567
507 627
508 829
509 906
510
511 1810 1887
512 1047
513 931
514
515
516 1008 1292
517
518
519 1769 887
520 1222
521 1372
522 940
523
524 770 1339
525 599
526 713 967
527
528
529 1978
530
531 1457
532
533 1919
534 915 1541 711
535 911
536 719
537 1312 1991
538 1617 1356 542
539
540 1084
541 1033
542 1058
543
544 1603
545
546 1482
547
548 776 866
549
550
551 1513 919 1145
552 927
553 1907 1220
554
555 1184 1030
556
557 1806 1406 910
558
559 784 828 1693
560
561 1916
562 1666
563
564 1534 1302
565
566 1168 731
567 1619
568
569
570 1049 1230
571 801 1883
572 1836 1484
573 1491
574 974
575 1651 1164 788
576 1868
577
578 1097 1906 1542
579
580 1360
581 1283 1507
582
583 1193
584 600 1017 1766 1590 901
585 1179
586
587 1411 701
588
589 1136 1987 1250
590 993
591 846
592 763 1006
593 1808
594
595
596
597 1264 1910 1135
598
599 641
600 1373
601 1556
602
603 1982
604 816
605 925
606
607
608 689
609 1184
610 705 988 1070
611 1232
612 1670 1033
613
614 1958
615
616 951
617 1825
618 821
619
620
621 966 1561
622 763 732
623 1117
624 661
625 1032 1899 816 1331 701 1567
626 1969 1770 1430
627 1643
628 1000
629 1056 1896 941
630 1264 1479 646 1280
631 704 1083 1662
632 1782 1790
633 1720
634 824 1720 643 1487
635 744 1097 1034 1355 1845
636 1652
637
638 1490 1069
639
640 1428 1004
641 1071 1973
642 1500
643 1213
644 1796
645 1876
646
647 1625
648 898
649 1975 1245 851
650 1804
651 664 1843 1623
652
653 1515
654
655 1693
656
657 1360
658 1810 1157
659 1196 967
660 860 837
661 1157
662 1885
663 684
664 1400 1920
665 1568
666
667
668 1910 1375
669
670
671
672
673
674
675
676 985
677 1771
678
679 737 1982
680 807
681
682 1457 1306
683 1662
684
685 1376 1534
686 887
687
688
689 1444
690 793 891
691 986
692 1386 807
693 1422
694
695 798
696 1742
697 1544
698 1049
699
700 1445
701 1184
702 1103
703 1503
704
705 1182
706
707
708 1040 1674 1205
709
710 1792 962 1647
711
712 1288
713
714 841 1738 998
715
716
717
718
719
720 728 1153 1466
721
722 1913 1850
723 1860
724 833 1195
725 1590
726 1755
727
728 1209
729 1643 958
730 1763
731
732 1993 907
733 1382
734
735
736 1992
737 953
738
739 1277
740
741 813 1237
742
743 1277
744
745
746
747
748
749 794 1676
750
751 1293 1110
752 1364 1669
753
754
755 1283 1063
756
757
758
759 1000 1055
760 1796
761 1066
762 1429 1317
763 951
764
765
766
767
768 1153 1594 1587 1549
769
770 1971
771 1682
772 1141
773
774 975
775 1197
776 1856 873
777 939
778
779 1944 890
780 1687
781 1802
782
783 1099
784 1180
785 1092 1734
786 1798
787
788 1921
789 1519
790
791 1917
792 1701
793 1893 1783
794
795 1289
796
797
798 1781
799 1637 1477
800
801 1104 1515
802 1978
803 1181
804 1428 862
805
806 1042 1750
807 1122 1515
808 824
809 1760 1309 870
810 1754
811
812
813
814 1990
815 933
816
817
818
819 1361 1221
820
821 1471
822 829
823 1588
824 1307 917 1974
825 1469 974
826 1609 1842
827 1021 1294
828 1128
829 1250
830
831
832
833
834 1827
835 979 1631
836 1610 1027 1078
837 1855
838
839
840 1682 1055 1276 1871
841 1459
842 1929
843 1705 1101
844
845 1710
846
847 1714 1642
848
849
850
851 1544
852 1639
853 1705 1994
854 1500
855
856 1090 1958 1239
857 1039
858 1484 1654 1126
859 1832 1338
860 984 1093
861
862
863 1121
864 1337 867
865 892 1732 1157
866
867 1737 1499
868 1849
869 1336 1693
870 1156
871 1295 1807 1516 911
872 1809 1531 1212 1415
873 948 1383
874
875 1932
876 1300
877 1341
878 1422
879 1323 1532
880
881
882
883
884 1352 953 935
885 1855
886 1317
887
888 1880
889
890
891
892 919
893 1008 1578
894 1379 1723
895 1166
896 1700
897
898
899
900 1275
901 1371 1117
902 1913
903 1780
904 1688 1540 1676
905 1002
906 1560 1803
907 1749 1743
908
909
910 1674 964
911 1675
912 1871
913 1717 1135
914
915 1067 1139 1917
916 1904 1995
917
918
919
920 940
921
922
923
924 1484
925 954 1551 1751
926
927 1169
928
929
930
931
932
933 1625 939
934 1632 1477
935 1151
936 1307 1983
937 1908
938 1314
939
940
941 1203 1983
942 1363
943 1637 1999
944
945
946
947 1527
948 1647 1078
949 1826 1359
950
951 1871
952
953
954
955 1821
956
957 1996
958
959 1395
960
961 1698
962 1524 1015
963
964 1513
965 1289
966 1736 1521 1790
967 1950
968 1754 1703
969
970
971 1152 1964
972
973 1964
974 1283
975 1971
976
977 1346
978
979 1876 1210 1660
980
981 1333
982 1911
983 1693
984 1155
985 1664 1967
986 1028 1872
987 1861
988
989
990
991
992
993 1858 1795
994 1163
995
996 1434 1796
997
998
999
1000 1776
1001
1002
1003 1508
1004 1204 1090
1005 1560
1006 1752
1007 1706 1564
1008 1261
1009 1426
1010 1290 1515
1011 1735
1012
1013 1624
1014
1015 1971
1016
1017
1018
1019
1020 1051
1021
1022 1635
1023 1206
1024
1025 1684 1845
1026 1164
1027 1536 1297 1565
1028
1029 1034 1180 1263
1030 1055
1031 1875
1032
1033
1034
1035 1385 1325
1036 1061
1037 1058
1038 1823
1039 1154 1135
1040 1838
1041
1042 1831
1043
1044
1045 1673 1050
1046 1788
1047
1048 1132
1049 1201
1050 1689
1051
1052
1053 1661
1054
1055 1766
1056 1566
1057 1635
1058
1059 1714
1060 1757
1061 1348
1062 1219 1095
1063
1064
1065
1066 1746
1067 1741
1068
1069
1070
1071
1072
1073
1074 1098 1367
1075 1631
1076
1077 1289
1078 1868 1515
1079
1080 1238
1081
1082
1083 1167
1084 1172
1085
1086 1451
1087 1613
1088
1089 1212 1662 1916
1090 1673
1091 1411
1092
1093 1133
1094
1095
1096 1488
1097 1168
1098 1173
1099
1100 1599
1101 1339
1102
1103
1104
1105
1106 1113 1114
1107
1108 1632 1635
1109
1110 1544
1111 1837
1112 1443
1113 1208 1360
1114
1115 1931
1116 1914
1117 1777 1439
1118
1119 1732 1382
1120 1793
1121 1997
1122 1141 1285
1123 1929
1124 1216
1125
1126
1127
1128
1129
1130 1811
1131
1132 1827 1719
1133 1792 1782 1163 1966
1134 1583
1135 1656
1136
1137
1138
1139
1140 1801
1141 1360 1321 1514
1142
1143
1144
1145
1146 1472 1317
1147 1733
1148 1557
1149 1763
1150 1305
1151
1152
1153 1339
1154
1155 1600 1424
1156 1714
1157 1196 1242 1950
1158
1159 1217
1160
1161
1162 1423 1871
1163 1927
1164
1165
1166
1167
1168
1169 1252
1170 1249
1171
1172
1173
1174
1175
1176
1177
1178 1891 1967
1179
1180
1181
1182
1183
1184 1225
1185
1186
1187
1188 1745 1837
1189 1527
1190 1640 1430
1191 1931
1192 1482 1722 1279
1193 1697
1194 1415
1195 1572 1859 1715
1196
1197 1514 1980
1198 1579 1518
1199 1761 1914
1200 1877
1201 1434 1447
1202
1203 1350
1204 1519 1311
1205 1406
1206
1207 1802
1208
1209 1273
1210 1589
1211 1397 1374
1212
1213 1835
1214 1611
1215
1216
1217 1509
1218
1219 1811 1454
1220
1221
1222
1223 1844
1224 1900 1438
1225
1226
1227
1228 1664
1229
1230
1231
1232
1233
1234
1235
1236
1237 1674
1238 1389
1239 1649
1240 1867
1241 1434 1606
1242
1243
1244 1465
1245
1246
1247
1248
1249 1942
1250 1977
1251 1777 1694
1252 1650
1253 1784 1750
1254
1255
1256 1260 1614
1257 1822
1258
1259 1266 1975
1260 1339
1261 1825
1262
1263 1862
1264 1317
1265
1266
1267 1676
1268
1269 1847
1270 1541
1271
1272 1680 1530
1273 1503
1274
1275 1364
1276
1277 1675
1278 1973 1494 1525
1279 1409 1957
1280
1281
1282
1283 1794 1583
1284
1285 1623
1286 1580
1287 1820
1288
1289 1488 1905
1290 1958
1291 1986
1292 1450
1293
1294 1690
1295
1296
1297
1298
1299
1300
1301
1302
1303
1304
1305
1306
1307 1731
1308 1970 1973
1309
1310
1311 1930
1312
1313
1314
1315
1316 1792 1649
1317 1533
1318
1319
1320 1429
1321
1322 1807
1323
1324
1325
1326
1327 1883 1533 1630
1328
1329
1330
1331
1332 1790
1333
1334 1982
1335 1406
1336
1337
1338 1860 1917
1339
1340 1452
1341
1342
1343 1909
1344
1345
1346
1347
1348 1771
1349 1768 1409 1478 1807
1350
1351
1352
1353 1754
1354
1355
1356
1357 1752
1358 1667
1359
1360
1361
1362
1363 1782
1364
1365
1366 1859
1367 1417
1368
1369 1712 1481
1370
1371
1372 1443
1373
1374 1592 1386
1375 1548
1376 1903
1377 1828
1378 1663
1379
1380
1381 1520
1382
1383
1384
1385 1905
1386
1387
1388
1389
1390 1813
1391 1677
1392
1393
1394 1897
1395 1960 1900
1396
1397 1720
1398
1399
1400
1401
1402
1403
1404
1405
1406 1838
1407
1408 1547
1409
1410
1411
1412 1938
1413
1414 1594
1415 1712
1416 1649
1417
1418
1419 1843 1868
1420 1574
1421
1422
1423
1424
1425 1728 1689
1426
1427 1662
1428 1803
1429
1430
1431
1432
1433
1434 1838
1435
1436
1437
1438
1439 1928 1870
1440
1441
1442
1443 1892 1610
1444
1445 1461
1446
1447 1884
1448
1449 1688 1859
1450 1758
1451 1694
1452 1957
1453 1836
1454
1455 1458
1456
1457
1458
1459
1460 1870
1461
1462
1463
1464 1733
1465
1466 1797
1467
1468
1469 1528
1470 1939
1471 1836
1472 1858
1473 1900
1474
1475 1526
1476 1998
1477 1896 1518
1478
1479 1529
1480
1481 1539 1925
1482 1676
1483
1484 1848
1485
1486
1487
1488
1489
1490
1491
1492
1493 1913
1494
1495 1548
1496
1497
1498
1499
1500 1799
1501
1502
1503
1504
1505
1506
1507 1833
1508
1509
1510 1787
1511
1512 1781
1513
1514
1515
1516
1517
1518 1530
1519 1853
1520
1521
1522
1523
1524 1634
1525
1526
1527
1528
1529
1530
1531 1561
1532
1533
1534
1535
1536
1537
1538 1905 1599
1539
1540
1541
1542
1543 1784 1810
1544
1545 1808 1819
1546 1849
1547 1778
1548 1918
1549 1586
1550
1551
1552 1876
1553 1704
1554
1555 1574
1556
1557
1558
1559
1560
1561
1562
1563
1564
1565 1975
1566
1567 1834 1814
1568 1626
1569
1570
1571 1999
1572
1573
1574
1575 1685
1576
1577 1921
1578
1579 1620
1580 1609
1581
1582
1583
1584
1585
1586 1867
1587 1845
1588
1589
1590 1965
1591
1592
1593
1594
1595
1596
1597
1598
1599
1600
1601
1602
1603
1604
1605
1606
1607
1608
1609
1610 1717
1611
1612
1613
1614
1615
1616
1617 1845
1618
1619
1620
1621 1700
1622
1623
1624 1894
1625 1868
1626
1627 1771
1628
1629 1957
1630
1631
1632 1812 1772
1633
1634
1635 1662
1636 1883 1989
1637 1657
1638
1639
1640
1641 1921 1916
1642
1643 1844
1644
1645
1646
1647 1720 1758
1648 1948
1649
1650 1906
1651
1652
1653 1784
1654
1655 1857
1656 1887
1657
1658 1795
1659
1660 1669
1661 1988
1662
1663
1664
1665 1697
1666 1735
1667
1668
1669
1670 1736
1671
1672 1980
1673
1674
1675
1676 1831 1686 1849 1887
1677 1941
1678
1679
1680
1681 1843
1682
1683
1684
1685
1686
1687 1871
1688 1696 1777
1689
1690
1691
1692 1911
1693
1694 1959
1695
1696
1697
1698
1699
1700
1701
1702
1703
1704
1705
1706
1707 1852 1915
1708 1789
1709 1881
1710 1808 1937
1711
1712
1713 1854
1714
1715
1716
1717
1718
1719
1720
1721
1722
1723
1724
1725
1726
1727
1728 1871
1729
1730
1731
1732 1847
1733
1734 1869
1735
1736
1737 1820
1738
1739
1740
1741
1742
1743
1744
1745
1746 1951
1747
1748 1876
1749
1750
1751
1752 1908
1753
1754
1755
1756
1757
1758 1790
1759
1760
1761
1762
1763 1791
1764
1765 1915
1766
1767
1768
1769
1770 1972
1771
1772
1773
1774
1775
1776
1777
1778
1779
1780 1848 1970
1781
1782
1783
1784
1785
1786
1787
1788 1851
1789
1790
1791 1829
1792
1793
1794
1795
1796
1797 1930
1798
1799
1800
1801 1987
1802
1803
1804
1805
1806
1807
1808
1809
1810
1811
1812
1813
1814
1815
1816 1974
1817 1962
1818
1819
1820
1821
1822
1823
1824
1825
1826
1827
1828
1829
1830
1831
1832
1833
1834
1835
1836
1837
1838 1951
1839
1840
1841
1842
1843
1844
1845
1846 1946
1847
1848
1849
1850 1909
1851
1852
1853
1854
1855
1856
1857
1858
1859 1874
1860
1861
1862
1863
1864 1866
1865
1866
1867 1897
1868
1869
1870
1871 1901
1872
1873
1874
1875
1876
1877
1878
1879
1880 1976
1881
1882
1883
1884 1918
1885 1892
1886
1887
1888 1915
1889
1890
1891
1892 1948
1893
1894
1895
1896
1897
1898
1899 1953
1900 1922
1901 1980
1902
1903
1904
1905
1906
1907
1908
1909
1910
1911
1912
1913
1914 1991
1915 1981
1916
1917
1918
1919
1920
1921
1922
1923
1924
1925
1926
1927
1928
1929
1930
1931
1932
1933
1934
1935
1936
1937
1938
1939
1940
1941 1987
1942
1943
1944
1945
1946
1947
1948
1949
1950
1951
1952
1953
1954
1955
1956 1984
1957 1999
1958
1959
1960
1961
1962
1963
1964
1965
1966
1967
1968
1969
1970
1971
1972
1973
1974
1975
1976
1977
1978
1979
1980
1981
1982
1983
1984
1985
1986
1987
1988
1989
1990
1991
1992
1993
1994
1995
1996
1997
1998
1999
[0, 0, 0, 0, 1, 0, 1, 1, 0, 0, 1, 0, 1, 0, 1, 1, 1, 0, 1, 0, 0, 1, 1, 1, 1, 0, 1, 0, 1, 1, 0, 1, 1, 0, 0, 1, 1, 0, 1, 1, 0, 1, 0, 1, 1, 1, 0, 0, 0, 1, 1, 1, 1, 1, 1, 0, 1, 0, 0, 1, 0, 0, 0, 0, 0, 1, 0, 1, 1, 1, 1, 0, 1, 1, 1, 1, 0, 1, 0, 1, 0, 0, 1, 1, 0, 0, 0, 0, 0, 1, 1, 1, 1, 1, 0, 1, 1, 1, 0, 0, 1, 0, 1, 1, 0, 0, 1, 0, 1, 1, 0, 0, 0, 1, 1, 0, 1, 1, 0, 0, 0, 1, 0, 1, 0, 0, 0, 1, 0, 0, 0, 0, 1, 1, 1, 1, 1, 1, 0, 1, 1, 1, 1, 1, 1, 0, 0, 1, 1, 0, 1, 0, 1, 0, 1, 0, 1, 1, 1, 1, 1, 0, 0, 1, 0, 0, 1, 0, 0, 1, 1, 1, 1, 1, 1, 0, 1, 0, 0, 1, 0, 1, 0, 0, 1, 1, 1, 1, 1, 1, 1, 1, 0, 0, 1, 0, 1, 1, 0, 0, 0, 1, 1, 1, 0, 1, 1, 1, 1, 0, 0, 1, 1, 0, 1, 0, 1, 1, 1, 1, 1, 0, 0, 1, 1, 1, 0, 1, 0, 0, 1, 1, 1, 0, 1, 1, 1, 0, 1, 0, 0, 1, 1, 0, 1, 1, 0, 1, 0, 1, 0, 1, 1, 1, 1, 0, 1, 1, 0, 0, 1, 1, 1, 0, 1, 1, 1, 0, 1, 1, 1, 0, 1, 1, 0, 0, 1, 1, 0, 1, 1, 0, 0, 1, 1, 0, 0, 0, 0, 0, 1, 0, 0, 0, 0, 0, 1, 1, 0, 0, 1, 0, 0, 1, 1, 1, 0, 0, 0, 1, 0, 0, 1, 1, 0, 1, 0, 1, 1, 1, 0, 1, 0, 1, 1, 1, 1, 1, 1, 0, 0, 0, 0, 1, 1, 0, 0, 0, 1, 0, 1, 1, 0, 0, 1, 0, 1, 1, 0, 0, 0, 0, 1, 0, 0, 0, 1, 0, 1, 0, 0, 0, 1, 1, 0, 1, 1, 0, 1, 0, 1, 1, 0, 0, 1, 0, 1, 0, 0, 1, 0, 0, 1, 1, 1, 0, 1, 0, 1, 0, 1, 0, 1, 0, 0, 1, 0, 0, 1, 0, 1, 1, 1, 1, 0, 0, 1, 0, 1, 0, 0, 1, 1, 0, 1, 1, 0, 0, 0, 0, 1, 0, 1, 0, 0, 0, 1, 0, 0, 0, 0, 1, 1, 0, 1, 1, 0, 0, 0, 1, 1, 0, 1, 1, 0, 1, 0, 0, 1, 0, 1, 1, 0, 1, 0, 1, 1, 0, 0, 0, 0, 1, 0, 1, 1, 0, 1, 0, 0, 0, 0, 0, 0, 0, 0, 1, 0, 0, 0, 1, 1, 1, 0, 0, 0, 1, 1, 0, 1, 1, 0, 1, 0, 0, 0, 1, 0, 1, 0, 1, 1, 0, 0, 1, 0, 0, 0, 0, 1, 0, 1, 1, 0, 0, 1, 0, 0, 1, 1, 1, 1, 0, 1, 0, 0, 0, 0, 0, 0, 1, 0, 1, 1, 1, 1, 0, 1, 1, 1, 0, 1, 0, 1, 1, 0, 1, 1, 1, 0, 1, 1, 0, 0, 0, 0, 1, 0, 0, 1, 1, 0, 1, 1, 1, 0, 0, 1, 0, 0, 1, 1, 0, 0, 0, 1, 1, 0, 1, 1, 1, 1, 1, 1, 0, 1, 0, 0, 0, 0, 0, 1, 0, 0, 1, 0, 1, 0, 1, 1, 0, 1, 0, 0, 0, 0, 1, 0, 0, 1, 1, 1, 0, 0, 0, 0, 0, 0, 0, 1, 0, 0, 1, 0, 1, 0, 0, 0, 0, 1, 1, 1, 1, 1, 1, 1, 1, 0, 0, 0, 0, 0, 0, 1, 1, 1, 0, 1, 0, 0, 1, 0, 0, 0, 0, 1, 1, 1, 0, 1, 0, 1, 0, 1, 1, 1, 1, 1, 1, 1, 1, 0, 1, 0, 1, 1, 0, 0, 0, 0, 0, 0, 1, 1, 1, 1, 0, 1, 1, 1, 1, 0, 1, 0, 0, 1, 0, 0, 1, 0, 1, 0, 0, 0, 1, 1, 0, 1, 0, 0, 0, 1, 0, 0, 0, 0, 0, 0, 0, 1, 0, 0, 1, 1, 0, 1, 1, 0, 0, 1, 0, 0, 1, 0, 0, 0, 1, 1, 0, 0, 0, 1, 0, 1, 0, 1, 0, 1, 1, 0, 1, 1, 1, 0, 1, 1, 1, 1, 0, 0, 1, 0, 0, 1, 0, 0, 1, 1, 1, 1, 1, 0, 0, 1, 0, 1, 0, 0, 0, 0, 0, 0, 0, 0, 1, 1, 1, 1, 1, 0, 0, 1, 0, 1, 0, 1, 0, 1, 1, 0, 1, 0, 0, 1, 1, 0, 1, 1, 0, 1, 1, 1, 1, 1, 0, 0, 0, 0, 0, 1, 0, 0, 1, 1, 1, 1, 1, 1, 1, 1, 1, 1, 1, 0, 1, 1, 0, 0, 1, 1, 1, 1, 0, 1, 1, 1, 1, 0, 0, 1, 1, 0, 1, 0, 1, 1, 0, 0, 1, 0, 0, 1, 1, 0, 1, 0, 0, 0, 0, 1, 1, 1, 0, 1, 0, 0, 1, 0, 1, 1, 1, 1, 0, 1, 0, 0, 1, 1, 1, 1, 1, 0, 0, 0, 0, 0, 1, 0, 1, 0, 0, 0, 1, 1, 0, 1, 1, 0, 0, 0, 1, 0, 0, 0, 1, 1, 1, 0, 1, 1, 0, 1, 0, 0, 1, 0, 1, 1, 1, 0, 0, 1, 0, 1, 0, 1, 0, 1, 0, 0, 0, 1, 1, 0, 1, 1, 1, 1, 1, 1, 0, 0, 0, 1, 0, 1, 0, 1, 0, 0, 1, 1, 0, 1, 0, 0, 1, 1, 0, 1, 0, 1, 0, 0, 1, 1, 1, 0, 0, 0, 0, 0, 1, 0, 1, 1, 0, 1, 1, 1, 1, 0, 1, 0, 1, 1, 0, 0, 0, 0, 0, 1, 0, 1, 1, 0, 0, 0, 0, 0, 1, 0, 1, 1, 1, 0, 1, 1, 0, 1, 1, 1, 1, 1, 1, 0, 1, 1, 0, 1, 1, 1, 1, 1, 0, 1, 0, 0, 1, 1, 1, 0, 0, 1, 1, 1, 0, 0, 0, 1, 1, 0, 1, 0, 0, 0, 1, 1, 1, 1, 0, 1, 0, 0, 1, 0, 0, 0, 1, 0, 0, 1, 0, 0, 0, 0, 0, 0, 1, 0, 1, 1, 1, 0, 1, 1, 1, 1, 0, 1, 1, 0, 0, 1, 1, 1, 0, 0, 1, 0, 1, 0, 1, 0, 0, 0, 0, 0, 1, 0, 1, 1, 1, 0, 0, 0, 1, 1, 1, 1, 0, 1, 1, 0, 1, 0, 0, 0, 1, 1, 1, 0, 0, 1, 1, 1, 1, 1, 0, 0, 0, 0, 0, 0, 1, 0, 0, 1, 0, 1, 0, 0, 0, 0, 1, 1, 1, 1, 0, 1, 1, 0, 0, 0, 1, 1, 1, 1, 1, 1, 1, 1, 1, 1, 0, 0, 1, 1, 0, 0, 0, 1, 1, 0, 1, 0, 0, 0, 0, 1, 1, 0, 1, 1, 0, 1, 1, 0, 0, 1, 1, 0, 0, 1, 0, 0, 0, 1, 0, 0, 1, 0, 1, 1, 1, 1, 0, 0, 1, 1, 0, 0, 0, 1, 0, 1, 0, 0, 1, 0, 1, 1, 1, 0, 0, 0, 0, 0, 0, 1, 1, 1, 0, 0, 0, 1, 1, 0, 1, 1, 1, 1, 1, 1, 1, 0, 1, 1, 0, 0, 1, 1, 0, 0, 1, 0, 0, 1, 1, 1, 0, 0, 0, 1, 1, 1, 0, 1, 0, 0, 1, 1, 1, 1, 1, 0, 0, 0, 0, 0, 0, 0, 1, 0, 0, 1, 0, 1, 0, 1, 0, 0, 1, 0, 0, 1, 0, 1, 1, 0, 1, 1, 0, 1, 1, 0, 0, 1, 1, 0, 0, 1, 0, 0, 1, 1, 0, 0, 0, 0, 1, 0, 0, 1, 1, 0, 0, 0, 0, 0, 1, 1, 1, 1, 1, 1, 1, 0, 0, 0, 0, 0, 1, 0, 1, 1, 0, 1, 1, 1, 0, 0, 1, 0, 0, 0, 1, 1, 0, 1, 1, 1, 1, 0, 1, 1, 1, 0, 1, 1, 0, 0, 1, 1, 0, 0, 0, 1, 0, 1, 1, 0, 0, 1, 0, 0, 1, 1, 1, 1, 0, 0, 1, 1, 1, 1, 0, 0, 0, 0, 0, 0, 0, 1, 0, 1, 1, 1, 0, 1, 0, 1, 0, 0, 0, 1, 0, 1, 1, 0, 1, 0, 1, 1, 1, 0, 0, 0, 1, 1, 0, 1, 1, 1, 0, 1, 0, 1, 0, 0, 1, 0, 1, 1, 1, 0, 1, 1, 1, 1, 0, 0, 0, 1, 0, 0, 1, 0, 1, 0, 1, 0, 1, 1, 0, 0, 0, 0, 1, 0, 1, 1, 1, 1, 0, 0, 0, 1, 1, 0, 0, 0, 0, 0, 1, 0, 1, 0, 0, 1, 0, 1, 1, 1, 1, 1, 1, 1, 1, 1, 1, 0, 0, 0, 0, 0, 0, 0, 0, 1, 0, 1, 0, 1, 0, 1, 0, 0, 1, 0, 1, 1, 1, 1, 0, 0, 1, 0, 0, 0, 1, 1, 1, 1, 1, 1, 0, 1, 0, 1, 1, 0, 1, 0, 0, 0, 1, 0, 1, 0, 1, 0, 1, 0, 1, 0, 0, 1, 0, 1, 1, 1, 1, 1, 0, 1, 0, 1, 1, 0, 1, 0, 0, 0, 1, 1, 1, 1, 1, 1, 0, 1, 1, 1, 0, 1, 0, 1, 0, 0, 0, 1, 0, 1, 0, 1, 0, 0, 0, 0, 1, 0, 1, 1, 0, 1, 0, 1, 1, 0, 0, 1, 0, 1, 0, 1, 0, 0, 0, 1, 1, 0, 0, 1, 0, 1, 1, 0, 1, 1, 0, 0, 1, 0, 0, 0, 1, 1, 1, 0, 1, 1, 1, 0, 1, 0, 1, 1, 1, 0, 1, 0, 0, 1, 1, 0, 0, 1, 1, 0, 0, 0, 1, 0, 0, 0, 0, 1, 0, 1, 0, 1, 0, 0, 1, 1, 0, 1, 0, 1, 0, 1, 1, 0, 1, 1, 0, 1, 0, 0, 0, 0, 1, 1, 1, 0, 1, 0, 1, 0, 1, 1, 1, 1, 1, 0, 1, 0, 1, 0, 1, 1, 0, 1, 0, 1, 0, 1, 1, 0, 0, 1, 1, 0, 0, 1, 1, 1, 0, 0, 1, 0, 1, 0, 0, 0, 1, 0, 1, 0, 1, 1, 0, 0, 1, 1, 0, 1, 1, 0, 1, 1, 0, 1, 0, 1, 1, 1, 0, 0, 1, 0, 0, 1, 1, 1, 0, 1, 1, 0, 1, 0, 0, 1, 0, 1, 1, 1, 0, 1, 1, 1, 0, 1, 0, 1, 1, 0, 0, 1, 1, 1, 0, 0, 0, 0, 0, 0, 0, 1, 1, 1, 0, 1, 0, 0, 1, 1, 1, 0, 0, 0, 0, 0, 1, 0, 0, 0, 1, 1, 0, 1, 1, 0, 1, 0, 1, 1, 1, 0, 0, 0, 1, 1, 0, 0, 1, 1, 0, 0, 1, 1, 1, 1, 0, 0, 1, 0, 1, 1, 1, 0, 1, 1, 0, 1, 0, 1, 1, 0, 1, 0, 0, 0, 1, 1, 1, 0, 0, 0, 0, 1, 1, 0, 0, 1, 0, 1, 1, 0, 0, 0, 0, 0, 0, 1, 1, 1, 0, 0, 1, 1, 0, 0, 0, 0, 0, 1, 0, 0, 1, 1, 0, 1, 1, 1, 1, 1, 0, 1, 0, 1, 1, 1, 1, 0, 1, 1, 1, 0, 1, 0, 1, 1, 0, 1, 1, 0, 1, 1, 0, 0, 0, 0, 0, 0, 0, 1, 1, 0, 0, 0, 0, 0, 0, 0, 0, 0, 1, 0, 1, 1, 0, 1, 1, 1, 1, 1, 0, 0, 1, 0, 1, 1, 0, 1, 1, 1, 1, 1, 1, 0, 0, 0, 1, 0, 0, 1, 0, 0, 0, 0, 1, 1, 0, 1, 0, 0, 1, 0, 1]