#/home/brian/Documents/summer17/Python/VEC/scripts/make_SBM_graphs.py
# GMT Thu Jul 27 21:51:49 2017
# 
0
1 160 1857 1140 677 613
2 595 1606
3 1711 1383
4 1049 1002 607
5 801 835 156 1221 518
6
7 920 369 410
8 1370 971 1285
9 1150
10
11 169 126 1558
12 570 1205 1927
13 703 1053 1247
14 921 1233
15 194 1291 844
16 160 842 36 1986 418
17 1625 413
18 464 1287
19 1321 1052 1471
20 1646
21 1585 796 350
22 307 862
23 1722
24
25 1204 1775
26
27 769 461
28 490 1418 1058 777
29 1652
30 1954 1996 1646 692 1433 1818 93
31 1667
32 105
33 1520 160 603 1304
34 1817 690 595 924
35 1873 804
36 562
37 1569 1034 1243 1980 438
38 700 1767
39 710 309 237 782 69
40 1120 970 435
41
42 1378 637 1319
43 1424 1451 1447
44 625 164 1365
45 830
46 1426 1468
47 1465 590 1409
48 1169 1581 759
49 457 637 1606
50 1088 1717
51 1538 251 1308 1437
52 581 1398
53 55 1511
54 1545 974
55 1357 1972 1918 495
56 1314 1155
57 1820 301 1551
58 162 1180 886
59 1752 1745 532
60 1205
61 1712
62 1988 1887
63 1993 1645 1183
64 592 1281 1971
65 1833
66 449
67 517 1278
68 1042 467
69 1522 219
70 1673 1044 389
71 1192
72 321 1212 569
73 209 274 467
74 905 1174
75 352 789 1894 733
76 284 847
77 608
78 1424 1277
79
80 952 865
81 1445 1191
82 260
83 1890 212 1510
84 816 1441 417 1743
85 541 1438
86 1139
87 1245
88 1946
89 1915 915
90
91 1090
92 464 498 1687
93
94 227
95 1993 1523 894
96 1489 1058
97 1370
98 1210 1971
99 1739 1462
100 1650 652 1455
101 1594 1846 1543
102 109
103 1842
104 1091 891
105 1101 614
106 1452 684
107 1789
108 1122 284
109 1554
110 1929 1978
111 619 1229
112 1481 554 1170 238 1725
113 896 759
114 201 487
115
116 537 1300
117
118 1487
119 584 473 1023 213 197
120 652 1597
121 709 621
122 1828 1134 343
123 1021
124 353
125
126
127 1076
128 276
129 1235 518
130
131 808 1417 1641 1622 1367
132
133 395 1180 1485 1135
134 312
135 360 1315
136 1398 1855
137 1498 1471
138 522
139 1628 1044
140 1915
141 564
142 1160 1842 595 1350
143 1392 792 1539 1179
144 470 1351 1170 147 982 1176 1599
145 1130 652
146 1429
147 531 1428
148 1283 1278 382 847
149
150 1547 1755
151 474 722 775
152 1876
153 801
154 1983
155 1080 995 1926
156
157 1160 1119
158 1710 1206 694
159 1841 1642 1996
160
161 531
162 1977 243 914 1246
163 914 1643 1180 1422
164 1534
165 348
166 1119
167 1425 1867
168 904
169 1295
170 1546 559
171 1560
172
173 1446 567
174 767
175 1055 999 830 935
176 649 1887 1119 1957 1391
177 265 194 764 1333
178 272 1951
179 267 1297 1275 1255
180 381
181 346 1781 709 1039
182 742
183 433 1180
184 1008 590
185 509
186 1723
187 685
188 1752 1545 794
189 499 1612
190 348 1316
191
192 850
193 1252 1101
194 1400 1426 703
195 406
196 573 1934
197 1866 1643
198 426
199 901
200 370
201 1031
202 1481 379 1279
203 497 714
204 928 1339 957
205 1659
206 1659 355 1149 318 463
207 348 265 1116 734
208 1073 1803 700 974
209
210 1066 991
211 1992
212 1696
213 1650 1231
214 1133 710
215 460 944 1139 1109 700 1950
216 1315 429
217 546 807 1547 1004 1041 1117
218 634 1310
219 890 1650 1682
220 1582
221 240 1653 1647
222
223 1788
224 1277
225 1185 234 547
226
227 400 1850
228
229 484 421 1023
230 1799 391
231 1544 1075
232
233 1945 716
234 1019
235 1320 1172 1486
236 1661
237 1595 1926 1919
238 1930
239 640 738
240 536 510
241 1043
242 1241 1582 1415
243 1781 1542 1023
244 1268 1882 612
245 539
246 733 1926
247
248 1901 1798
249 1895
250 448 724 300
251 958 1791
252 392 1644
253 441
254 860 597 501
255 1553
256 569 1668 1141
257 1168 1249 1562
258
259 752 1282
260 1968 1347
261
262 617 1237 1457
263
264
265 1702 685 1741 1784
266 836 845
267 1338 270
268 1422
269 1542
270 1577 1802 365 1735
271 1758 1559
272 1401 475 498
273
274 489
275 1298 1411 1677
276 1385 1188
277 1674 639 671
278 586 518
279 1448
280 1035 459
281 1011 1301
282 1586
283 794 1739
284 1180
285 1784 1668
286 1600 1004 337 1909 1017 604
287 1592 1217 1700 357
288 820
289 761
290 1176
291 355 1998
292 1646
293 677
294 504 385 1007
295 1362
296 1688 367
297 770 1237
298 490 1821
299 931 1309 591
300 377 1911
301 553
302 1640 1431
303 521
304
305 1483
306
307 802 487 1964 327
308 1710 1295 1654 942 1453
309 1015 951
310 1059 1125 1992 778 1840 1850 1629
311 986 1666 1147 314 671
312 1376
313 1961
314 1832 949 1325
315 992 1588
316 1956 1157
317 465 946 919
318 475
319 687 781 1439
320 1124 1373 479
321 1143 1164 1639
322 832 1773 1695
323 708 1573
324 1185 356 1053
325
326 443 1287
327 714 1454
328 1651 1990 1174
329 640 1097
330 448 1666 916
331 1316 1804
332 1393
333 903
334 1040 1202 719
335 1010
336 928 1049 1658 742
337 1554 594
338 466
339 554
340 804 796
341 1291
342 1638
343 1956
344 1505 473 791 351
345 1596 1716
346
347 1712
348
349
350 1413 1228 1845
351 1145 1111
352
353 464 1323
354 1120 601
355 1536 1412 1801 1911
356
357
358 1112 829 934
359 1075 699 1588
360 607 1365
361 1151
362 1486 1471
363 937
364 640 379 407
365 1212 1942
366 393 1269
367 1370
368 1282 1843 845 1334 1501
369 727
370 1360 970 584
371 1385
372
373 705 650 683
374 674
375 948 1949 559
376 1728 1043
377 1730 1661 1757
378
379 1372 821
380 1160 1222
381 1762 882 1274
382
383 1589 879
384 1624
385 1272 634 652 605
386 953 762 859 1788 421
387 689 999 1054 409
388
389 515
390 1882 676 646
391 1893 1456 1620 1399 728 955
392 883
393 862
394 811 1925
395 1009
396 1413 1389
397 1433 1789 902
398 891
399
400 1256 603 452
401 1530 1982
402 521 719
403
404 1260
405 1640 615 788 1135
406 733
407
408 1452 1639
409 548 1525
410
411 1301
412 1168 1962 1522 1646
413 1733
414 637 1701
415 1144 1795 1317
416 937 1705
417 1737
418
419 1998
420 1487
421 1202 821
422 1961 922
423 1288 606
424 1986 1165 574
425 1809 756 1765
426
427
428 1425 916 1638
429 1504 994 1003 556 1590
430 1255 1735
431 637 854
432 1019 1815
433 1490 1466
434
435 1986 1698
436 623
437 953 1599
438 1837 1019 1685
439 530 459 1596
440
441
442 1906
443
444 1681 1010 1909 994
445 1720 1881 1458 717
446
447 1867
448 1912 1073
449 963 1636 514
450 527
451 609
452
453 1050 877 902
454 1105 505 1284 1735
455 1205
456 899 1349
457 868 1985
458 1304 940
459 1586
460 758
461 1424 704
462 1385
463
464 941
465 817 924
466
467 1116 1678
468 1228
469 1258 1771
470
471 696 610
472 627 1379 1798
473 1642 1855
474 1472 1569 1955 1618 1405
475 771
476 1327
477 790
478 1412
479 1665 501 793
480 809 1395 1839 747 1401
481 994 1091
482 1240 673
483 1000 1530 1275 1159
484 744 1687 1797 1703
485 658
486
487 579 1289 1872 823
488 643 781 1470
489
490
491 1429 727
492 1667 1003 1821 567
493 1036
494 1878
495 522 722
496 1220 1868
497 1867
498 1202 846 687
499 1211
500
501
502 777 1623
503 1432 1296 1673
504 969 1461
505
506
507 1307 565
508 859
509 1966
510 1251 1388 1893 1862
511 1761 542
512 936 1621
513 1504 771 1581
514 793
515 1618 558
516
517 1846
518
519 915
520 1409 1265
521 615 1106
522 1124
523
524 1698 707
525 1195
526 1873 1330
527 1674 1693 1014
528 1193 729
529 1433 788
530 865 1738 1935 590
531
532
533
534
535
536 1251 1573
537 979
538
539 1276 1611 619 1900
540 688 1825 1945
541 601 1891
542 1386
543 1466
544
545 761 850
546 1488 1484 1789
547 1418 1383
548 1463 1115 1711 1689
549 1944 1075
550 1303
551
552 795 1705 1875
553
554
555
556 688 1616 1067
557 1404
558
559
560
561 1087
562 1389
563
564 804 623
565 742
566 904 1792 1306 1661
567 1799
568 919
569 1570 1779 977
570 1819 1797
571 883
572 1312 963 1262
573 1841
574 785 1589 655
575 1529 765 1030
576 1696 1228 1949
577 776
578 721 885 1805 1431
579
580 903
581 1780 1050
582 1201 908 1854 1254
583 1937 772
584 1525
585 1738 1591
586 696 1501 717
587 696
588 1125
589 784 1665 1954 1590
590 1631
591 1234 1058
592 906 1523
593 1211 1414 1742 1863
594 660
595
596 757 967
597
598
599 610 1491
600 1520 1903
601 1789
602 1024
603 1379 665
604 922 1228 1094
605 1163
606 1987 710
607 690
608 1151 1263
609 1475 1505 1246 715
610
611 1192 1411
612 1372 1779 615
613 1808 1201
614 1976 1482
615
616 1152 1451
617 1680 893 1205
618 1802 1731 1468
619
620 650
621
622
623
624 724 1183
625 1732 989
626 1105 1313
627
628 1224
629
630
631
632
633 1027 955
634 1696 1698 1066 819
635
636 1128 1243 1447
637
638
639 1884
640
641 1441 794
642
643
644 1177
645 1057
646 1670
647 1448 928
648
649 884
650 749
651 762
652 1027
653 801
654 1041
655 930
656 1819 1191
657
658 1681 1778
659 1890
660 1159
661 1612 1310
662 1645 750
663 952 1459 1375
664
665
666
667 722 1436
668 1608 1231
669
670 1336 1026
671 1305
672
673
674
675
676 1507
677 918 1913
678 1138 1398 1791
679 744
680
681
682 1160
683
684
685 1000 1585
686 956 1398
687 1600 934
688 1432
689
690 1903
691
692 1039
693 1093
694 924
695 1697 1012
696 1227 1038 1050
697 1192 1878
698 932 1375
699 1968 1331 1052 1822
700
701 1179 765
702 1904
703
704 784
705 1810
706 809
707
708 934
709 1968 1423
710 1276
711 769 813 1310
712 1923
713 1037
714
715
716 1021
717 1785 1982
718
719 1435 1884
720
721 1737
722
723 968 1180
724
725 1709
726 1504 1655
727 1239
728 1945
729
730
731 1248 1968 1324
732
733 981
734 1393 1297
735
736 1730 1271
737 1130 1623
738 890 1420
739
740 1216 1395 1723
741 1441 798
742
743
744 1375 1415
745 1577 1546 877
746 760 1057 1265
747
748 936 1931 1142 1118
749
750 1880 897 1002
751 1058 790
752 912 1739
753 1824 1705
754 1380
755
756 1749 1357 1825
757 1767
758 1812 1290 1019
759 1326
760
761 1897 1613
762 1728 948 1295
763 1256 1372
764 960
765
766
767 1274 1829 1975
768 1812
769 1543
770 1635 1505
771 1416 1072 1649 1942 1503
772
773 1734
774
775 1666 1759
776 1497
777 1544
778 1066
779 1409
780 1929 863 796 1900 817
781 1083
782 1046
783 1451
784 1561
785 1191 1220 855
786 1438
787 1261
788 1355 1773 1850 1631
789 1458 1931 1645
790
791
792 1263 1908 1861
793 1299
794 1758
795 985
796 1998 1446
797 1320 1061 1878
798
799
800
801 1129 981
802 1228
803 1296 976 1582
804 1769 1649
805 921 947 1164 1750
806
807 1061
808 1366
809 1516 1637
810 1571 1227
811 1471
812
813 1828
814 1632
815
816
817 1133
818 1025
819 1394 1117
820 1735
821 1882 1243
822 983 1479
823 1836
824 1413
825 1177 1460
826 1076
827
828 1193 1949
829
830 1829
831 1721 1252
832 1010 1023
833 1144 1352 948 1084 1405
834 1170 1829
835
836
837
838
839
840 1506
841 1816 1937 1290 1474
842
843 1868 938 1300
844 1087 1275
845
846 1580 858
847 1143
848 1360 1714 1866 1597 951
849 1856
850 1804
851 1278 1951
852 1297 1540
853 1274 1933
854 1723
855 1120
856
857 1211 892 1662
858 928
859 1308 1262 1495
860
861
862
863 974 1558
864 1177 1879 1510 951
865
866 1298
867 1855
868 1336 1642
869 1804 1078 1455
870
871 1289 1636
872
873 1877 1639
874 1539 1758
875
876 1596
877 1028 879
878 1493 966
879 1804
880
881 1958 1383
882
883 1429 1511
884 1763 1947
885
886 1138 1686 1311
887 968
888
889 1578
890 1625
891
892
893 1140 1689
894 896
895
896 1426 1817
897 1505
898 1404
899
900 1888 1560 987
901
902 1783
903 1898 1693
904 1498
905 1514 1546
906
907 1275 1085
908 1630
909
910
911
912 1643
913 1196 1526 1382
914 1590
915 1975 1697
916 1920 1064
917
918 1363 1892 1133
919 1453
920
921 1049
922 1305
923
924 1511
925 1335
926
927 1239
928 1537 1032
929 1816 1820 1119
930
931 1937
932 1619
933 1831
934 1817
935
936 1974 1918 1319
937 1766
938 1932
939 977 1101
940 1755
941 1514 1451 1991
942 978 1762
943 945
944 1332
945 1784
946
947 1352
948 1964 1780
949 1105 1299
950
951 1470
952
953 1162
954 1237
955
956
957 1534
958 1200 1510
959 1415
960
961 1970
962
963
964
965 969 1237
966 1156
967
968 1991
969 1197
970
971 1973
972
973
974 1188 1844
975 1045
976 1286 1719
977 1069
978 1058 1679 1559
979 1156
980
981 1423 1973
982
983 1334
984 1642 1611
985 1168 1797 1987
986
987 1893
988
989 1949 1031
990 1988 1116 1798 1174
991 1310
992 1939
993
994 1784 1077
995 1223
996 1617
997 1551
998 1966
999 1554
1000 1368 1972
1001
1002 1660
1003 1121 1231
1004 1827 1459 1043 1823
1005
1006 1344 1338
1007
1008 1253
1009
1010
1011 1844
1012 1378 1555
1013 1608 1422
1014
1015
1016 1936 1865
1017
1018
1019 1782 1527
1020 1144 1730
1021
1022 1465 1917
1023
1024 1113 1478
1025 1211 1036
1026 1767
1027
1028 1039
1029
1030 1336
1031 1329
1032
1033
1034
1035 1202
1036 1600
1037 1736
1038 1989
1039
1040 1467 1670
1041
1042 1778 1327
1043 1763
1044
1045 1396
1046 1882
1047 1595
1048 1363
1049 1700
1050 1628
1051 1234 1661
1052
1053
1054
1055 1642
1056 1259
1057
1058 1196 1553 1519 1215
1059
1060 1062
1061
1062 1698 1853
1063 1385 1698
1064 1926
1065 1546
1066 1774
1067 1163
1068 1093
1069 1280
1070
1071
1072 1899 1502
1073
1074 1102
1075 1777
1076 1325
1077
1078 1550
1079
1080
1081
1082 1127 1739 1199
1083
1084
1085 1472
1086 1321 1839
1087 1352 1637
1088 1265
1089
1090 1907 1666 1934
1091
1092
1093 1373 1733
1094
1095 1668 1773
1096 1915 1788 1270
1097 1611
1098 1730 1383 1135
1099 1242 1372
1100
1101
1102 1482
1103 1184 1483 1982
1104
1105 1307
1106
1107 1227
1108
1109
1110 1424 1281
1111 1602
1112
1113
1114 1407 1383
1115
1116 1397
1117 1135
1118
1119 1281
1120
1121 1504
1122 1618 1878 1511
1123 1909 1487
1124 1179 1740 1407
1125
1126 1278
1127 1459
1128 1881
1129
1130
1131
1132 1579 1686
1133
1134 1480
1135 1488 1500
1136 1802 1495
1137 1907
1138
1139
1140 1543
1141
1142 1172 1483
1143
1144
1145
1146
1147 1947
1148 1457
1149 1910
1150
1151 1331 1280
1152 1305
1153 1835
1154 1332
1155
1156
1157
1158
1159
1160
1161 1680 1922 1675 1293
1162
1163
1164 1406
1165
1166
1167 1828
1168 1697 1220
1169 1283 1275 1334
1170
1171 1682
1172
1173
1174
1175
1176 1869
1177
1178 1513
1179
1180
1181
1182 1330
1183 1702
1184 1730
1185 1772 1380
1186
1187 1633 1282
1188
1189 1481 1260 1607
1190 1337
1191
1192
1193 1850 1589
1194
1195 1824 1389
1196 1862 1833 1837 1759
1197 1621
1198
1199
1200
1201 1292 1845
1202
1203 1453
1204
1205
1206
1207 1598
1208
1209
1210
1211 1841
1212 1979
1213 1564
1214 1639
1215 1891
1216
1217
1218
1219 1846
1220 1769 1328
1221 1388
1222
1223 1384 1588
1224
1225 1429
1226
1227 1564 1278
1228 1578 1365
1229
1230 1849 1734
1231
1232
1233
1234
1235 1258
1236 1731
1237
1238 1386 1595
1239 1580 1983
1240 1492 1573
1241 1476
1242
1243 1377
1244
1245 1262
1246
1247 1858
1248
1249 1970
1250
1251 1668
1252
1253 1361
1254
1255 1483
1256
1257 1864
1258
1259
1260
1261
1262
1263
1264
1265 1499
1266
1267
1268
1269 1681 1854
1270
1271
1272 1552 1468
1273 1330 1715 1381
1274
1275
1276
1277 1816 1778 1294
1278
1279
1280 1438
1281
1282
1283 1796
1284
1285
1286
1287
1288 1326
1289 1988 1925
1290 1873 1761
1291 1396 1566
1292
1293
1294
1295
1296
1297 1473
1298 1466 1862
1299 1522 1627
1300 1444 1598
1301 1629 1799
1302 1560 1691
1303 1311
1304 1771
1305 1607
1306
1307 1756 1673
1308 1784 1841 1602
1309
1310 1402
1311 1531
1312 1645 1334
1313 1628
1314 1551
1315
1316 1790 1405
1317
1318 1341 1903
1319 1599 1743
1320 1840
1321 1691
1322 1732
1323 1707 1692
1324
1325
1326
1327
1328
1329
1330
1331 1764
1332 1531
1333
1334
1335 1668
1336
1337 1546
1338 1901
1339 1849 1805 1669
1340
1341
1342
1343
1344 1353 1772 1881
1345 1803 1717 1606
1346
1347 1587 1614 1411
1348 1531
1349 1659 1691
1350
1351
1352 1801
1353 1603
1354 1744 1900
1355
1356 1931
1357
1358
1359
1360 1551
1361 1764 1452
1362
1363
1364 1881
1365 1705
1366
1367
1368 1865
1369
1370
1371 1667
1372
1373 1609
1374
1375
1376 1656 1481
1377 1741
1378 1999
1379 1712
1380 1456 1499
1381
1382 1793
1383
1384
1385
1386
1387
1388
1389
1390
1391 1582
1392 1436
1393
1394 1946
1395 1647
1396 1855
1397 1756 1953
1398
1399
1400
1401
1402 1613
1403
1404 1638
1405 1552
1406
1407
1408 1880 1741
1409
1410
1411
1412
1413 1534
1414 1613 1879
1415 1857
1416 1730
1417 1918
1418
1419
1420
1421 1539
1422 1804 1586 1789
1423
1424
1425
1426 1961 1911
1427
1428
1429 1771
1430
1431
1432
1433
1434 1834 1893
1435 1970
1436 1744
1437
1438
1439
1440 1573
1441
1442 1816 1493
1443
1444 1649 1594
1445
1446 1917
1447 1464 1706 1722
1448 1690
1449
1450
1451 1563
1452 1834
1453 1948 1998
1454
1455
1456 1739
1457
1458
1459
1460
1461 1756
1462
1463 1854
1464
1465
1466 1858
1467
1468
1469
1470 1852
1471
1472 1631
1473 1684
1474
1475 1851
1476
1477
1478 1667
1479
1480 1987 1790
1481
1482 1832
1483 1544
1484
1485
1486 1645
1487
1488
1489
1490
1491
1492 1890 1899
1493 1685
1494
1495
1496 1912
1497
1498
1499 1769
1500
1501
1502 1606
1503
1504 1920
1505
1506 1728
1507
1508 1989
1509
1510 1857
1511
1512
1513
1514 1840
1515
1516
1517
1518
1519
1520
1521
1522 1852 1804
1523
1524 1678
1525 1641
1526 1902
1527
1528
1529 1658
1530 1801
1531 1619
1532
1533
1534
1535
1536
1537
1538
1539
1540 1604
1541 1701
1542
1543 1697 1753
1544
1545
1546 1621
1547
1548 1570
1549
1550
1551
1552
1553
1554
1555
1556
1557
1558
1559
1560
1561
1562
1563
1564
1565 1872
1566
1567
1568
1569
1570 1707
1571 1670
1572 1759
1573
1574
1575
1576 1720
1577 1595
1578 1811
1579
1580
1581 1777
1582
1583
1584 1735
1585
1586
1587 1785 1639
1588
1589
1590
1591 1702
1592 1999
1593
1594
1595
1596
1597
1598
1599
1600
1601
1602
1603
1604 1869
1605 1921
1606
1607
1608
1609
1610
1611 1930
1612 1892
1613
1614
1615
1616 1746
1617
1618 1659
1619
1620 1952 1947 1764
1621 1686
1622
1623
1624
1625 1970 1695
1626
1627 1891 1902
1628 1970
1629
1630 1807 1783
1631
1632
1633 1813
1634
1635 1813
1636 1948
1637
1638 1871
1639 1669 1870
1640
1641
1642 1776
1643
1644
1645 1862
1646
1647
1648
1649 1882
1650
1651
1652 1931
1653
1654
1655 1729
1656
1657
1658
1659
1660 1740
1661 1769
1662 1678
1663 1880
1664 1725
1665
1666
1667
1668 1994
1669 1918
1670
1671
1672
1673
1674
1675
1676
1677
1678 1707
1679
1680 1986 1783 1814
1681 1818
1682
1683 1857
1684
1685
1686
1687 1977
1688
1689
1690
1691
1692
1693
1694
1695
1696
1697
1698 1812
1699
1700 1867
1701 1966
1702
1703 1942
1704
1705 1750
1706
1707 1733
1708 1818
1709 1865
1710 1978
1711
1712
1713
1714
1715 1948 1822
1716
1717
1718
1719
1720
1721
1722 1860
1723
1724
1725
1726
1727 1911
1728
1729
1730
1731
1732
1733 1997
1734
1735
1736
1737 1981
1738
1739
1740
1741
1742
1743 1872
1744 1865 1749
1745
1746
1747 1999
1748
1749
1750
1751
1752
1753
1754
1755
1756
1757 1918
1758
1759 1848
1760
1761 1888
1762
1763 1792
1764
1765
1766
1767 1816
1768 1912
1769 1931
1770
1771
1772 1940
1773
1774 1869 1854
1775
1776
1777
1778
1779
1780
1781
1782 1815
1783
1784
1785
1786
1787
1788
1789
1790
1791
1792
1793
1794
1795 1971
1796
1797
1798 1878
1799
1800
1801
1802
1803
1804
1805 1887
1806
1807
1808
1809
1810
1811
1812
1813
1814
1815
1816
1817 1857 1884
1818
1819
1820
1821
1822
1823 1908 1977
1824 1828 1863
1825
1826
1827
1828
1829
1830
1831
1832 1976
1833
1834
1835
1836
1837
1838 1948
1839 1940
1840
1841
1842 1945
1843
1844
1845
1846
1847
1848 1969
1849
1850
1851
1852 1977
1853
1854
1855
1856
1857
1858
1859
1860
1861 1934
1862
1863
1864
1865 1946
1866
1867
1868
1869
1870 1967
1871
1872
1873 1926
1874
1875 1905
1876 1973
1877
1878
1879
1880
1881
1882
1883
1884
1885
1886
1887
1888
1889
1890
1891
1892
1893
1894
1895 1906
1896
1897
1898
1899
1900
1901
1902
1903
1904
1905
1906
1907
1908
1909
1910
1911 1956
1912
1913
1914
1915 1951
1916
1917
1918
1919
1920
1921
1922
1923
1924 1994
1925
1926
1927
1928
1929
1930
1931
1932
1933
1934
1935
1936
1937
1938
1939
1940
1941
1942
1943
1944
1945
1946
1947
1948
1949
1950
1951
1952
1953
1954
1955
1956
1957
1958
1959
1960
1961
1962
1963
1964
1965
1966
1967
1968
1969
1970
1971
1972
1973
1974
1975
1976
1977
1978
1979
1980
1981
1982
1983
1984
1985
1986
1987
1988
1989
1990
1991
1992
1993
1994
1995
1996
1997
1998
1999
[1, 1, 0, 1, 0, 0, 1, 1, 0, 0, 0, 1, 1, 0, 0, 0, 1, 0, 1, 0, 1, 0, 1, 1, 0, 1, 1, 1, 0, 0, 1, 0, 0, 1, 0, 0, 1, 0, 0, 1, 1, 1, 0, 1, 1, 1, 1, 0, 0, 0, 0, 1, 1, 0, 0, 0, 1, 1, 1, 0, 1, 0, 0, 0, 0, 0, 0, 1, 0, 1, 0, 1, 0, 0, 0, 0, 1, 0, 1, 0, 1, 1, 0, 1, 1, 0, 1, 1, 1, 1, 0, 0, 1, 1, 1, 0, 0, 0, 0, 1, 1, 1, 0, 0, 1, 0, 0, 1, 1, 0, 0, 1, 1, 0, 1, 1, 0, 1, 1, 1, 1, 0, 1, 0, 1, 0, 1, 1, 1, 0, 0, 1, 1, 1, 1, 1, 0, 0, 0, 0, 1, 1, 0, 0, 1, 1, 1, 1, 1, 1, 1, 0, 0, 0, 1, 0, 0, 0, 0, 1, 1, 1, 1, 1, 1, 1, 0, 0, 0, 1, 1, 0, 0, 0, 1, 1, 0, 0, 1, 0, 1, 0, 0, 1, 1, 0, 0, 0, 0, 1, 1, 0, 1, 0, 0, 0, 0, 1, 0, 1, 1, 1, 1, 0, 1, 0, 0, 0, 0, 0, 1, 0, 1, 1, 1, 0, 1, 1, 1, 1, 0, 0, 0, 1, 0, 0, 0, 1, 1, 1, 0, 0, 1, 0, 0, 0, 0, 0, 1, 1, 0, 1, 0, 1, 1, 1, 0, 1, 0, 1, 0, 1, 1, 1, 1, 0, 0, 1, 0, 1, 0, 1, 1, 1, 0, 0, 0, 0, 0, 1, 0, 0, 1, 1, 0, 0, 1, 1, 0, 1, 1, 0, 1, 1, 1, 0, 1, 0, 0, 1, 0, 0, 1, 1, 1, 1, 0, 1, 0, 0, 0, 1, 0, 1, 0, 0, 1, 1, 0, 1, 1, 0, 1, 1, 0, 0, 0, 0, 0, 1, 0, 0, 1, 0, 0, 1, 1, 0, 0, 1, 0, 1, 0, 1, 1, 1, 0, 1, 1, 1, 0, 1, 0, 0, 1, 0, 0, 0, 1, 1, 1, 1, 0, 1, 0, 0, 1, 0, 1, 0, 1, 0, 0, 1, 1, 0, 1, 0, 0, 1, 1, 0, 0, 0, 0, 1, 1, 0, 1, 1, 0, 1, 1, 1, 1, 1, 1, 1, 0, 0, 1, 0, 1, 1, 0, 0, 1, 1, 1, 0, 1, 0, 1, 1, 0, 1, 0, 1, 0, 1, 1, 0, 1, 0, 0, 0, 1, 1, 1, 0, 1, 1, 1, 1, 1, 0, 0, 1, 0, 1, 0, 0, 0, 0, 0, 1, 0, 1, 0, 1, 1, 0, 1, 1, 1, 0, 1, 0, 0, 0, 1, 1, 1, 1, 0, 1, 1, 0, 1, 1, 0, 1, 1, 0, 1, 0, 1, 0, 1, 1, 1, 1, 0, 1, 0, 0, 0, 0, 0, 0, 0, 1, 0, 0, 1, 1, 0, 1, 1, 0, 0, 1, 0, 1, 0, 0, 1, 0, 1, 1, 0, 1, 0, 0, 1, 0, 0, 0, 1, 0, 0, 0, 0, 0, 0, 0, 1, 1, 0, 1, 0, 1, 0, 1, 1, 1, 0, 1, 1, 1, 1, 1, 0, 0, 1, 1, 0, 0, 0, 1, 0, 0, 0, 0, 0, 1, 1, 0, 1, 0, 1, 1, 0, 1, 1, 0, 0, 0, 0, 1, 1, 0, 1, 1, 0, 0, 0, 0, 0, 0, 1, 1, 0, 0, 1, 0, 1, 0, 0, 1, 1, 1, 1, 0, 1, 0, 0, 0, 1, 1, 1, 0, 0, 1, 1, 0, 0, 0, 0, 1, 1, 0, 0, 1, 1, 1, 1, 1, 0, 1, 1, 0, 1, 1, 0, 1, 1, 1, 0, 1, 0, 0, 1, 0, 0, 1, 0, 0, 1, 1, 1, 1, 0, 1, 1, 1, 0, 0, 0, 1, 1, 0, 1, 1, 1, 0, 1, 1, 0, 0, 0, 1, 1, 1, 1, 1, 1, 1, 1, 0, 1, 1, 0, 1, 1, 1, 1, 0, 1, 0, 0, 1, 1, 0, 0, 1, 1, 1, 1, 1, 0, 0, 1, 0, 0, 0, 1, 1, 0, 0, 1, 1, 1, 1, 0, 0, 1, 0, 1, 0, 0, 0, 0, 0, 1, 0, 1, 1, 0, 0, 1, 1, 0, 1, 0, 1, 0, 0, 1, 1, 1, 0, 0, 1, 0, 0, 1, 1, 0, 1, 0, 0, 1, 0, 0, 1, 0, 0, 1, 1, 0, 1, 0, 1, 1, 1, 0, 1, 0, 0, 0, 0, 1, 1, 0, 1, 0, 0, 0, 0, 0, 1, 1, 1, 0, 0, 0, 1, 0, 1, 1, 0, 0, 0, 0, 0, 0, 0, 1, 0, 0, 1, 1, 1, 1, 1, 1, 0, 1, 0, 0, 1, 0, 0, 0, 1, 0, 0, 1, 0, 1, 0, 1, 0, 0, 0, 1, 0, 1, 0, 1, 0, 0, 1, 1, 1, 1, 0, 1, 1, 0, 0, 0, 1, 1, 1, 1, 1, 1, 1, 1, 0, 1, 0, 1, 0, 0, 0, 0, 1, 1, 0, 0, 1, 0, 0, 1, 1, 1, 0, 1, 1, 0, 1, 0, 1, 0, 1, 1, 1, 1, 1, 1, 0, 1, 1, 0, 1, 0, 1, 0, 0, 1, 1, 0, 0, 1, 1, 0, 1, 0, 1, 1, 1, 0, 0, 1, 1, 1, 1, 1, 1, 0, 1, 1, 1, 1, 0, 0, 1, 0, 1, 1, 1, 0, 1, 0, 0, 1, 1, 0, 0, 1, 0, 1, 1, 0, 1, 1, 0, 1, 0, 1, 0, 0, 0, 0, 0, 1, 0, 0, 0, 1, 0, 1, 1, 0, 1, 1, 0, 1, 1, 0, 1, 1, 1, 0, 0, 1, 0, 1, 1, 1, 1, 1, 0, 1, 0, 1, 1, 0, 1, 0, 0, 0, 1, 0, 0, 1, 1, 1, 0, 1, 1, 0, 0, 0, 0, 0, 0, 0, 0, 1, 0, 1, 1, 0, 0, 1, 1, 0, 1, 0, 0, 1, 0, 1, 1, 0, 1, 0, 1, 0, 1, 1, 1, 0, 1, 0, 0, 1, 0, 0, 1, 1, 1, 0, 0, 0, 0, 0, 0, 0, 1, 0, 1, 0, 1, 1, 0, 0, 1, 1, 1, 0, 1, 1, 1, 1, 1, 1, 1, 0, 1, 0, 0, 1, 0, 1, 0, 1, 0, 0, 0, 1, 1, 0, 0, 0, 0, 1, 0, 1, 1, 0, 1, 1, 0, 0, 0, 0, 0, 0, 0, 0, 0, 1, 1, 1, 1, 0, 1, 1, 1, 0, 0, 0, 0, 0, 0, 0, 1, 1, 0, 1, 0, 1, 1, 1, 1, 1, 0, 0, 0, 1, 0, 1, 1, 1, 0, 0, 1, 1, 0, 1, 1, 0, 1, 0, 0, 1, 1, 0, 1, 0, 1, 1, 1, 0, 0, 1, 1, 1, 1, 1, 1, 0, 0, 1, 1, 1, 0, 0, 1, 0, 1, 0, 0, 1, 0, 1, 0, 1, 0, 1, 1, 0, 0, 0, 1, 0, 1, 1, 1, 0, 1, 0, 1, 1, 0, 1, 1, 0, 1, 0, 1, 0, 1, 0, 0, 1, 0, 0, 0, 0, 0, 1, 1, 0, 1, 1, 1, 1, 1, 0, 1, 0, 1, 0, 0, 1, 1, 1, 0, 1, 1, 0, 0, 0, 0, 0, 1, 0, 1, 0, 0, 1, 0, 0, 1, 1, 0, 0, 0, 1, 1, 0, 1, 1, 1, 0, 1, 1, 0, 0, 0, 0, 1, 0, 1, 0, 0, 1, 0, 0, 1, 1, 0, 0, 1, 0, 0, 0, 0, 1, 0, 1, 1, 1, 0, 1, 0, 0, 0, 0, 0, 1, 0, 1, 1, 1, 0, 1, 0, 1, 0, 1, 0, 1, 1, 0, 0, 1, 0, 0, 0, 0, 1, 0, 0, 0, 0, 1, 1, 0, 1, 0, 0, 0, 0, 0, 0, 0, 1, 1, 1, 0, 0, 1, 0, 1, 1, 0, 1, 1, 1, 1, 1, 1, 1, 0, 0, 1, 1, 1, 0, 0, 0, 1, 1, 0, 0, 1, 0, 0, 0, 0, 1, 0, 0, 0, 1, 1, 1, 0, 0, 1, 0, 1, 0, 0, 1, 0, 0, 0, 1, 0, 0, 1, 1, 1, 0, 1, 1, 0, 1, 1, 1, 0, 1, 0, 0, 1, 0, 1, 1, 1, 0, 0, 0, 0, 0, 0, 1, 0, 1, 0, 1, 0, 1, 0, 0, 0, 0, 1, 0, 0, 0, 1, 0, 0, 0, 1, 1, 0, 1, 0, 1, 0, 0, 1, 0, 0, 1, 1, 1, 0, 0, 0, 1, 1, 0, 1, 0, 0, 0, 1, 0, 1, 1, 0, 0, 0, 1, 0, 1, 0, 1, 0, 0, 0, 1, 0, 1, 0, 1, 0, 1, 1, 1, 1, 1, 0, 0, 0, 1, 0, 1, 0, 1, 1, 1, 0, 1, 1, 0, 0, 1, 1, 0, 1, 0, 0, 0, 0, 1, 0, 0, 0, 0, 1, 1, 0, 0, 1, 0, 0, 1, 1, 0, 0, 1, 0, 0, 1, 0, 0, 0, 0, 0, 1, 0, 0, 0, 1, 1, 1, 1, 1, 1, 1, 0, 1, 0, 1, 0, 0, 1, 1, 0, 1, 0, 1, 0, 0, 1, 0, 0, 1, 0, 0, 1, 0, 0, 1, 1, 0, 1, 1, 0, 0, 0, 1, 1, 0, 0, 1, 1, 0, 1, 0, 1, 1, 0, 1, 0, 1, 1, 0, 0, 0, 1, 1, 1, 1, 1, 0, 1, 1, 0, 0, 1, 0, 0, 0, 1, 0, 0, 1, 1, 1, 0, 0, 0, 0, 0, 1, 0, 0, 1, 1, 0, 0, 1, 1, 0, 1, 1, 0, 1, 1, 1, 1, 0, 0, 1, 0, 1, 1, 0, 1, 1, 1, 1, 0, 1, 0, 1, 0, 1, 0, 1, 1, 0, 1, 1, 0, 0, 1, 1, 1, 0, 0, 1, 0, 1, 0, 0, 0, 0, 1, 1, 1, 1, 1, 0, 1, 0, 1, 0, 1, 0, 0, 0, 0, 1, 1, 1, 0, 0, 0, 0, 0, 0, 1, 0, 0, 0, 0, 0, 1, 0, 0, 0, 1, 1, 1, 0, 0, 0, 1, 1, 1, 1, 0, 0, 1, 1, 0, 1, 1, 0, 1, 1, 0, 1, 1, 1, 1, 1, 0, 0, 0, 0, 0, 1, 0, 0, 1, 0, 0, 1, 0, 1, 1, 0, 0, 0, 1, 0, 0, 0, 1, 0, 0, 1, 0, 0, 1, 1, 0, 0, 1, 0, 0, 0, 1, 1, 0, 1, 0, 0, 1, 1, 0, 1, 0, 0, 0, 0, 1, 1, 0, 1, 0, 1, 0, 0, 0, 0, 0, 0, 0, 0, 0, 0, 1, 0, 0, 0, 1, 1, 0, 1, 1, 0, 1, 0, 0, 1, 1, 1, 0, 1, 1, 0, 1, 0, 1, 1, 1, 1, 0, 0, 1, 0, 0, 1, 0, 0, 1, 0, 0, 0, 1, 0, 1, 1, 1, 1, 0, 1, 0, 1, 1, 0, 0, 1, 1, 1, 0, 0, 0, 1, 1, 0, 1, 1, 1, 1, 1, 0, 0, 0, 0, 1, 1, 0, 1, 0, 1, 1, 0, 0, 0, 1, 1, 1, 0, 0, 1, 1, 1, 0, 1, 0, 1, 1, 0, 0, 1, 0, 0, 1, 1, 0, 1, 0, 1, 0, 0, 0, 1, 0, 0, 0, 0, 1, 0, 1, 0, 0, 1, 1, 1, 0, 1, 0, 0, 1, 0, 0, 1, 0, 0, 1, 1, 1, 1, 0, 0, 0, 0, 1, 0, 0, 1, 0, 1, 1, 0, 0, 0, 1, 0, 1, 0, 0, 0, 0, 0, 1, 1, 0, 1, 0, 0, 1, 1, 0, 1, 0, 1, 1, 0, 1, 0, 0, 0, 0, 0, 1, 0, 1, 0, 0, 1, 0, 0, 1, 1, 1, 0, 0, 1, 0, 0, 0, 1, 0, 1, 1, 1, 0, 1, 1, 0, 0, 0, 1, 1, 0, 0, 0, 0, 1, 0, 1, 0, 0, 0, 1, 0, 1, 0, 0, 1, 1, 0, 1, 0, 1, 1, 0, 0, 0, 1, 0, 0, 0]