#/home/brian/Documents/summer17/Python/VEC/scripts/make_SBM_graphs.py
# GMT Thu Jul 27 21:51:48 2017
# 
0 803
1 984
2
3 1603 668 766
4 953
5
6 1961
7
8 1457 396
9 512
10 48
11 1489 714 995
12 1825 134
13
14 617
15 665 202 493 1438
16 800 482 430
17 1624
18 1597 1222
19
20 1896 758 550
21 1563 421 1862 783
22 641 922 1843 36 1605
23
24 1393 1403
25 1259 877
26 419
27 1234
28 396 990
29 796
30 891
31 231
32 122 1350
33
34 234
35 1761 909
36 648 419
37
38 1514 1751
39 715 453
40 264 1003
41 713 1363 1060
42
43 1251 695
44 472 1909
45 1316 1975
46 1210
47 1218 626 834 653
48 1345 1995 1118
49 1357 1135
50 1002 754 51 198 134
51 959 743
52
53 1211
54 1945 1531 1684 597 543
55 1915 1446 1831
56 529 1226 119
57 784
58 1432 1547 1188 503
59 1723 365
60 473
61
62 1461
63
64
65 952
66 428 1622 462 743
67
68 1583
69 1445
70 668 1855
71 953
72 200
73 640 1949 615
74 228 798
75 161 842 683 870
76 1816 1373
77 167
78 1856 1516 749 1907 915 382
79 1760 1885 1031
80 1753 1076
81
82
83 1368 1869
84 1481 1340
85 1856 1193
86 1216 1186
87 901
88 750
89 1258 410 1061
90 1624 1524 869
91 864 772
92 1404
93 1697
94 1057
95 995
96
97 1665
98 1633 501
99 1915 1453 439
100 530
101 1489 626 1955
102
103
104 712 1194 1995 638
105 1306 917 623
106 1464 1701
107
108 1140
109 1648
110 580
111 1418
112 539 637 1142 227
113 640
114
115 1074 1485 447
116 1810 275 1492 223
117
118 1281 1666 1573 802 174 1654
119
120 1182 1183
121 808 1668 1286 999
122 330 1495
123 435 380 1215
124 1121 1666
125
126 712 1611 1687
127
128 771 1669 1487
129 1288 1891 539 759
130
131 643 278 1423
132 930
133 1323
134 452 159
135
136 453
137 1634 1315
138 1293
139
140 659
141
142 1127
143 1080 296 395 349 1159
144 1715
145
146 244
147 827
148 1941
149 512 604
150 1764
151 1472 1183
152 1322 1163
153 419 1215
154
155
156 1829 703
157 790
158 468
159
160 1880 742
161 1608
162 1302
163 672
164 1681 326
165 1832 322
166 1417 1649
167 576
168
169 974
170 986 991
171 1595 630
172 176 276
173 888 636
174 1370
175 1274 1340
176
177
178
179
180 988
181 1664 584 1067 1158
182
183 1785 1963 628 759
184 1155
185 192 223
186 251 620
187 719
188 1750
189
190 1794 798
191 1082 1991
192
193
194 1900
195 1431 839
196
197 408 1700
198 855
199
200 1184 1707
201 483 741
202 955 1806
203 502
204 1225 1455
205 1684
206 1878
207 1514 1786
208 217
209 639 295
210
211
212 615
213 1551
214 1659
215 396
216
217 352 1479 671
218 552 1236 925
219 1938 1898 527
220 482 1191
221
222 1892
223 259
224
225
226
227 591
228
229 240 1401
230 1503 1756 1439
231 1308
232 1866 1966
233
234 884 930
235 1704
236
237 657 869 1030
238
239
240 955
241 937 1130 532
242 1916 1447
243 1865 559
244 1513 1316
245 884
246 1234 972 1423
247 1211 797 1462
248
249 373
250 1906
251 1464
252 1052 645
253
254 706
255 570
256 1881 1211 1941
257 686
258 302
259 576 1039 1361 532 1241 1918
260 886
261 1876 1150
262 361 1410 468 1121
263 590
264 305 274 749 1757
265 1726
266
267 1633
268
269 1739 1469
270 890 484 1526
271 1131
272 1992 1790
273 1017 1301
274
275
276 547 1228 1071 1936 1721 335
277 1043 772 443
278
279 1459
280
281
282 1682 454
283
284 497
285 1825
286 1220
287 400 1693
288 1468 1335
289
290 642 477
291 1744
292 1872 1154 645
293 1727 631
294 1922 482
295
296
297 1272 1331 710 318
298 1439
299 1091 1637 1407
300
301 627
302 1650
303
304 457 1563 1741 1849
305
306 1892 444
307 1038
308 1084
309 683 644
310 1035 607 1679
311 1657 629
312 644 1461
313 1116
314
315 872
316 1016
317 1721
318 1742 1558
319 1218
320 1669 1133 1359
321 1298 1702
322 889
323 985 1220
324
325 1024 1569 1091 383
326 384
327 1834 1876 1799
328 857 806
329
330 636
331 1690
332 960 1408 604 1295
333 1641 837 1918
334 1465 382
335 1011
336 1497 1133 457
337
338 738 1759
339
340 1669 1559
341 1456
342 1433 698 1859 378
343 827 870
344 1436
345 820
346
347 1874 1871
348 1449 1493 1895
349
350 1964 1637
351
352
353 723
354 560 375 407
355 496 1747
356
357
358
359 1195 1787
360
361 1722
362
363
364 1178
365 504
366 1898 947 903
367 1383
368
369 1666 595 1268 1342
370
371 1242 1415
372 632 1074 1340
373 1792 647
374 1482 876
375 1836
376 1230 1711
377 1756 1725
378 1826
379 888
380
381 747 1309
382 1669 1831
383 1667 1251
384 1139
385 1303
386 889 1963 918 1315
387 583
388 627 1454
389 1630
390 1617
391 1662
392
393 1851 1604
394
395 1434 522 1541 965
396 535
397 600 1323
398 1956 1750
399 1978 1334
400 1157
401
402 487
403 687
404 611 1316
405
406 788 1053 853
407 732 1134 959
408 1097 1651 1379 1263
409 1001 946
410
411
412 784 705 1618 588
413
414 1219
415 1903
416 1824 1856 954
417 1368
418 552
419
420 1584
421 881 1709
422 1009 717
423 1704 1391
424 1721 859
425 1736
426 444
427
428 584
429
430
431
432 1635
433
434 815
435 1700
436 489 1820
437
438 1193 1923
439 994 698
440
441 1803
442 792 1722 731
443 856 831
444 903
445
446 1315
447 984 1207
448 526
449 1296
450 1922
451
452
453 768 1710
454 1815
455
456 1867 1799
457
458 1451 1647 1163 1309 1765
459 1098 1020
460 1686
461
462 816
463 932
464
465 912 1396
466
467 1133 1094
468 1913 742
469
470 661
471 750
472
473 1480 986 1678
474
475 594 1879
476 1405 879
477
478 1362
479
480
481
482 1016 929
483 1016 1510
484
485 603
486
487 1094
488 1246
489
490
491 1761
492 1681 1652
493 778 1845 1390
494 1328
495
496 1109
497
498 568 1750
499
500 729 1378
501
502
503 921 551 1892 1743
504 1015
505 836 1636
506 624 1050
507
508
509 1054
510
511 546 1115 1006
512 1818 606 865
513 922
514
515
516 1166
517 1269
518
519 1325
520 1377 1524
521
522 797
523
524
525
526 1059 909 973 1923 980
527 839
528
529 1571
530 1322
531 1734
532 1821 974
533
534 557
535 569 1986 1548 961
536 1265 1607 1673
537
538
539 804
540 787 603
541
542
543 1988 1951
544 1177 588
545 1799
546 1645 573
547 1387
548 1288 1146
549 711 1711
550 920 1788 691
551 910 1189 1502
552 1779
553
554
555 986 1875
556
557
558
559 1859 1132 1394
560
561 1752
562 1306
563
564 1313
565 840 1387 1834 835
566 626 1778
567
568 1251
569 797
570 1462
571 1618 597
572 1624
573
574 1274 1747
575 1948
576 1059
577 968 1094 1774
578 1212
579 1432 700
580 1098
581
582
583 1258 1418
584
585
586 1859
587
588 729
589 905 1756
590 1564
591 1704
592 1569 1764 702 721
593 818
594
595 950
596
597 1248 973
598
599 643
600
601 1429
602
603 1473
604 937 1911
605 1066 1311
606 1432 1100 783
607
608 1323
609 1016 1116
610 1261
611 837
612 921
613
614 1352 1641 1516 1982
615
616 1364 668
617 1483 1855
618 864 1740
619
620
621
622 1096
623
624 696 1034 1173
625 1371 1158
626 1167 1918
627 775 629
628 969
629 850 941
630 1716 1317
631
632
633
634 1024 718 1527
635 800 945 1722 1990 1569
636 1562
637
638 1603 683 781 1237 1626
639
640
641
642
643
644
645
646 1943
647 1872 1129
648 761 1573
649
650 1961 1189
651 1622
652 1386
653
654 818
655 1574
656 1348 1727
657
658 1683
659 1724
660
661 1728 1568
662
663 1275
664
665 1243
666 761
667
668 1734 1242 831
669
670 1747
671 1288 1011 837 1767
672 1653
673 780
674 1555
675 1749
676
677 751
678
679 776
680 1307 1750
681 1676
682 1304 1123
683
684 1546 1325
685 1744
686 936
687
688
689 1408
690 1080
691
692 1030
693 908
694
695
696
697 1683 959 1855
698
699 1536
700 1290
701
702 1489 1640
703 1091
704 985
705
706
707 1478
708 1714 1421
709 1312
710
711
712
713
714 849 1197
715
716
717 1104 1789
718
719 1317
720
721
722 1109
723 1944 1333
724 813
725 856 1341
726 1751
727
728
729 1684
730
731 982
732
733 1489
734
735 990
736 1091
737 1623
738 1367
739 857
740 855
741
742
743
744 896 1485
745
746
747
748 784 1904
749 799
750 1796
751 1734
752
753
754 1832 1502
755
756 1235
757 891
758
759 1759
760 1068 1935
761 1410
762
763 1280 1315
764 1787
765 923
766
767 1807
768
769 1287
770 1192 1151 1822 1191
771
772 1255
773 1148
774
775
776 1753
777 1740
778
779
780 1617
781 852 1221 1429
782 1993 994
783
784 1428 1948 1342
785 1099
786 1904 863
787 896 1924
788 1782
789 1093 1590
790 1599
791 1691 940
792 1348
793
794
795
796 1898
797 1160 1636
798
799
800 859
801
802 845
803
804
805
806 1570 1687
807
808 1176 1951
809 831
810
811 1348 1478 1615
812
813 1125
814
815 1640 1184
816
817
818
819 1922 1527 1727 1567
820 991
821
822 1435
823 1869
824
825
826
827 954 1803 1724
828 1360 1424
829 1268
830
831
832 1945 1190 1654 1303
833 1461
834
835
836
837 1552
838 1241
839
840 1890 1795
841
842
843 1676
844
845
846
847
848
849 1614
850 1845
851 1354
852 1054 1086
853 1479
854
855 994
856 1592 1395
857
858
859 1664 1260 1800
860 872 1754 1614
861 1777 1519
862
863
864
865 1190
866
867
868 1120 1411
869
870
871 885
872
873
874
875 1704
876 1104 1879
877 1112 1696 1341
878
879
880 1970
881 1227 1534
882
883
884 1488 1067
885 1344 1735
886 1472 1560
887
888 1870
889
890
891 1807
892 1264 905
893
894 1312 1066
895
896 1385 1634 1072
897 1331
898 1601
899 1538
900 1837 1398
901
902 1360 1533
903 1854
904
905
906
907 1688
908 1709
909 1205
910
911 1916
912 1215
913 1881
914 1405
915
916
917 1350
918
919 1647
920 1809
921
922 1306
923 1689 1412 1902
924
925 1100
926 1819
927 1848 1563
928
929
930 1138
931 960
932
933
934
935 1103
936 1319
937
938 1526
939 1223
940
941 1729 1492 949
942
943 1298
944 1328
945 1074 1542
946 1754 966
947
948
949 1816 1210
950
951 1016 1962
952 1936 1462
953 1696
954 1180 1693 1311
955
956
957 1836
958 1638
959 1468
960
961
962 1830
963 1931
964
965
966 1169
967
968
969 982
970 1960
971
972
973
974 1383
975 1688
976
977 1353
978
979 1290 1901
980
981 1784
982
983
984
985
986
987 1072 1448 1724
988
989
990
991
992 1817
993
994
995
996 1018
997
998
999
1000 1871
1001
1002 1868
1003 1520 1616
1004 1558
1005 1434
1006 1195 1340
1007 1213
1008 1072 1937
1009
1010
1011 1785
1012 1731
1013 1244 1869
1014
1015
1016 1935 1683
1017 1272 1642 1984 1064
1018 1144 1660 1188
1019 1689 1671
1020
1021 1525
1022
1023 1637
1024
1025 1933 1086
1026 1616
1027 1907 1212
1028 1148
1029
1030 1090 1443
1031
1032 1053
1033 1919
1034
1035
1036
1037
1038 1562
1039 1452 1447
1040
1041 1697
1042
1043 1982
1044 1649 1053
1045
1046 1696
1047 1858
1048
1049 1290
1050
1051
1052
1053
1054 1221
1055
1056 1225 1969 1247
1057 1794
1058 1075 1350
1059
1060
1061 1847
1062 1123 1076
1063 1101 1957
1064
1065
1066 1408 1474 1071
1067 1686
1068 1570
1069
1070 1424 1358
1071 1133
1072 1713
1073 1663
1074
1075 1720
1076 1459 1518
1077
1078 1866
1079
1080 1129
1081 1161
1082 1646
1083 1750
1084 1557
1085 1846
1086
1087 1713
1088
1089 1246
1090 1232 1778 1151
1091 1371
1092 1778 1355
1093 1780 1310
1094 1167 1173
1095 1219 1421
1096
1097 1663
1098 1176 1475
1099 1426
1100
1101
1102
1103
1104
1105
1106 1478
1107 1301
1108
1109 1591
1110 1325
1111
1112
1113 1990
1114 1416
1115 1558
1116
1117
1118 1559
1119 1184 1596
1120
1121
1122
1123 1801
1124 1970
1125 1348
1126 1616
1127
1128 1636 1494
1129 1985
1130 1687
1131 1760 1406
1132 1216
1133
1134
1135
1136
1137 1352 1426
1138
1139
1140 1263
1141 1591
1142
1143
1144 1545
1145
1146 1913 1763
1147 1665
1148
1149 1237
1150
1151
1152 1170
1153 1365 1646
1154 1362
1155
1156
1157
1158
1159 1569 1172
1160 1481 1515
1161 1461 1758
1162
1163
1164 1825 1820
1165
1166
1167 1420
1168 1831
1169 1550
1170 1510
1171
1172 1591
1173 1249
1174 1380
1175
1176
1177
1178 1923 1411
1179 1665 1570
1180
1181
1182
1183
1184
1185
1186
1187
1188
1189 1477
1190
1191 1976 1407
1192
1193 1596
1194
1195
1196 1496
1197 1782
1198
1199 1491
1200
1201 1829
1202 1980 1516 1413 1847
1203
1204 1848 1460 1583
1205 1423
1206
1207
1208
1209 1954
1210
1211 1504 1505 1267
1212 1564 1716
1213
1214 1847 1951
1215
1216
1217 1880
1218 1977
1219
1220
1221
1222 1358
1223
1224 1938
1225
1226
1227
1228 1235
1229 1955 1701
1230
1231 1396
1232
1233 1882
1234
1235
1236 1773
1237
1238 1304
1239 1515
1240
1241
1242 1529
1243
1244 1488
1245 1462
1246 1314 1475 1365
1247
1248
1249
1250
1251
1252 1278
1253 1801
1254 1800
1255
1256 1954
1257
1258
1259
1260 1353 1379
1261
1262
1263 1459
1264 1499
1265
1266 1299
1267
1268
1269
1270 1645
1271
1272
1273
1274
1275
1276
1277
1278
1279
1280
1281 1380
1282 1502
1283 1540
1284
1285
1286
1287 1903
1288 1388
1289
1290 1485 1436 1564
1291
1292
1293 1920
1294 1505 1951
1295 1364
1296
1297
1298
1299 1744
1300
1301 1699
1302 1929
1303
1304 1680 1400 1656
1305
1306
1307
1308 1915 1716
1309
1310 1760 1382
1311
1312
1313 1690
1314
1315 1340
1316
1317 1340
1318
1319
1320
1321 1957
1322 1387 1362 1629
1323
1324
1325
1326 1708
1327 1961
1328 1403
1329 1823
1330 1988
1331 1993
1332 1518
1333
1334 1607
1335 1555 1812
1336
1337 1749
1338
1339
1340
1341 1780
1342 1441
1343
1344
1345 1534
1346
1347 1811 1870
1348
1349
1350 1815
1351
1352 1504 1760
1353
1354
1355
1356
1357
1358
1359
1360
1361 1444
1362
1363
1364
1365
1366 1801 1630
1367 1747
1368
1369 1824 1907 1812
1370
1371
1372
1373
1374
1375 1988
1376 1445
1377
1378 1860
1379
1380
1381
1382 1388
1383
1384 1890
1385
1386
1387
1388 1743
1389 1865
1390
1391 1842
1392
1393
1394
1395 1729
1396
1397 1819 1812
1398
1399
1400
1401 1789
1402
1403
1404 1782
1405
1406
1407
1408
1409 1753
1410
1411
1412 1457
1413 1549
1414
1415 1626
1416
1417
1418 1777
1419 1917
1420
1421
1422
1423
1424
1425
1426
1427 1509
1428
1429 1896 1851 1465
1430
1431
1432 1522 1682
1433
1434
1435 1473 1602 1517
1436 1770
1437
1438 1623
1439
1440
1441
1442
1443
1444
1445
1446
1447
1448 1484 1910
1449
1450 1921
1451
1452
1453
1454 1881
1455 1999
1456 1856
1457
1458
1459 1985
1460
1461
1462 1556
1463
1464
1465
1466 1734
1467
1468
1469 1598
1470
1471
1472
1473
1474 1630
1475
1476
1477
1478
1479 1576
1480
1481
1482
1483
1484
1485
1486
1487 1828
1488
1489
1490
1491
1492 1640
1493
1494 1733
1495
1496
1497
1498
1499
1500 1985
1501
1502
1503
1504 1651
1505
1506
1507
1508
1509
1510 1907 1740
1511
1512 1782
1513
1514
1515 1953 1878
1516
1517
1518 1707
1519
1520 1745 1662
1521
1522
1523
1524
1525
1526 1868
1527 1544
1528 1906
1529 1751
1530
1531
1532
1533 1738
1534
1535
1536
1537
1538
1539
1540
1541 1655
1542
1543 1918
1544
1545
1546
1547
1548 1978
1549
1550
1551
1552
1553 1564
1554 1703
1555 1692
1556 1883 1755
1557
1558
1559
1560
1561
1562
1563
1564 1832 1970 1727
1565
1566
1567
1568
1569 1708
1570
1571
1572 1773
1573 1676
1574 1755
1575
1576
1577
1578
1579
1580
1581 1585
1582 1614
1583
1584 1663
1585
1586
1587
1588
1589
1590
1591
1592 1880 1963
1593
1594
1595 1652
1596 1895
1597
1598
1599 1901
1600 1903
1601
1602
1603 1943
1604
1605
1606 1964
1607
1608
1609
1610
1611 1904
1612
1613 1673
1614
1615 1646
1616
1617
1618
1619
1620 1677
1621
1622
1623
1624
1625
1626 1753
1627
1628
1629
1630
1631 1816 1782
1632
1633
1634
1635
1636 1714
1637
1638 1975
1639 1844 1877
1640
1641
1642 1706
1643 1795
1644
1645
1646
1647 1799
1648
1649
1650
1651
1652 1760
1653
1654
1655 1969
1656
1657
1658 1880
1659
1660
1661
1662
1663 1960
1664 1950
1665
1666
1667
1668 1988
1669
1670 1977
1671
1672
1673
1674 1921
1675
1676 1750
1677 1885
1678
1679
1680 1985
1681 1993
1682
1683
1684
1685
1686
1687
1688
1689
1690
1691
1692
1693
1694
1695 1721
1696
1697 1800 1926
1698
1699
1700 1811 1798
1701 1929
1702
1703
1704
1705
1706
1707
1708
1709
1710
1711
1712
1713
1714
1715
1716
1717 1733
1718
1719
1720
1721
1722
1723
1724
1725
1726
1727
1728 1819
1729
1730
1731
1732
1733
1734 1737
1735 1924
1736
1737
1738 1777
1739 1750
1740
1741
1742
1743
1744
1745 1929
1746
1747
1748
1749
1750
1751 1797
1752
1753
1754 1786
1755
1756
1757 1888
1758
1759
1760
1761
1762
1763 1811
1764
1765
1766
1767
1768
1769
1770 1868
1771
1772
1773
1774
1775
1776 1806
1777
1778
1779
1780
1781
1782 1978
1783
1784
1785
1786 1800
1787
1788
1789
1790
1791
1792
1793
1794
1795
1796
1797
1798
1799
1800
1801
1802
1803
1804 1952
1805
1806
1807 1915
1808 1979
1809
1810
1811
1812
1813
1814
1815
1816
1817
1818
1819
1820
1821
1822
1823
1824
1825
1826
1827
1828
1829
1830
1831
1832
1833
1834 1941
1835
1836
1837
1838
1839
1840
1841
1842
1843
1844
1845
1846
1847
1848
1849
1850
1851
1852
1853
1854
1855
1856
1857
1858
1859
1860 1977
1861
1862
1863
1864
1865
1866
1867
1868
1869
1870
1871
1872
1873
1874
1875
1876
1877
1878
1879 1911
1880
1881
1882
1883
1884
1885
1886
1887
1888
1889
1890
1891
1892
1893
1894
1895
1896
1897
1898 1978
1899
1900
1901
1902
1903
1904
1905
1906
1907
1908
1909
1910
1911
1912
1913 1944
1914
1915
1916
1917
1918
1919
1920
1921 1976
1922
1923
1924
1925
1926
1927
1928
1929
1930 1993
1931
1932
1933
1934 1973
1935 1975
1936
1937
1938
1939
1940
1941
1942
1943
1944
1945
1946
1947
1948
1949
1950
1951
1952
1953
1954
1955
1956
1957
1958
1959
1960
1961
1962 1987
1963
1964
1965
1966
1967
1968
1969
1970
1971
1972
1973
1974
1975
1976
1977
1978
1979
1980
1981
1982
1983
1984
1985
1986
1987
1988
1989
1990
1991
1992
1993
1994
1995
1996
1997
1998
1999
[1, 1, 1, 0, 1, 0, 0, 1, 1, 1, 0, 1, 0, 1, 0, 1, 1, 1, 1, 0, 0, 1, 1, 0, 1, 0, 1, 0, 1, 1, 0, 0, 0, 0, 1, 0, 1, 0, 1, 1, 1, 0, 0, 1, 0, 0, 1, 1, 0, 0, 0, 0, 0, 1, 1, 0, 0, 1, 0, 0, 1, 0, 1, 1, 0, 1, 0, 0, 1, 0, 0, 1, 1, 0, 0, 0, 1, 1, 0, 1, 1, 0, 1, 1, 0, 1, 0, 0, 0, 1, 1, 0, 1, 1, 1, 1, 1, 0, 0, 0, 1, 1, 0, 0, 0, 1, 1, 0, 1, 1, 1, 1, 0, 0, 0, 0, 1, 0, 1, 0, 0, 1, 0, 0, 1, 1, 0, 0, 0, 0, 1, 0, 1, 1, 0, 0, 1, 0, 1, 0, 0, 1, 1, 1, 0, 1, 0, 1, 0, 1, 1, 0, 1, 1, 1, 1, 0, 0, 1, 0, 1, 0, 1, 0, 0, 0, 1, 1, 0, 0, 0, 1, 1, 0, 1, 0, 1, 1, 0, 0, 0, 1, 0, 0, 1, 0, 1, 0, 1, 0, 0, 0, 0, 1, 0, 1, 0, 0, 0, 0, 1, 0, 1, 1, 1, 1, 0, 1, 0, 0, 0, 1, 0, 1, 0, 1, 0, 0, 1, 1, 1, 1, 0, 0, 0, 0, 0, 0, 0, 1, 0, 0, 0, 1, 1, 0, 0, 1, 1, 0, 1, 0, 0, 1, 0, 1, 0, 1, 1, 1, 0, 1, 0, 1, 0, 0, 1, 0, 0, 0, 0, 1, 1, 1, 1, 1, 0, 0, 1, 1, 0, 1, 0, 0, 1, 1, 1, 0, 1, 1, 0, 0, 0, 0, 1, 0, 1, 0, 0, 1, 0, 1, 1, 1, 1, 0, 1, 0, 0, 1, 1, 1, 0, 0, 1, 1, 0, 0, 1, 0, 1, 1, 0, 0, 1, 1, 0, 1, 0, 1, 0, 0, 0, 1, 0, 1, 1, 1, 0, 0, 0, 1, 0, 0, 0, 0, 0, 1, 0, 0, 0, 1, 1, 0, 0, 1, 1, 1, 0, 1, 1, 0, 0, 0, 0, 0, 1, 1, 1, 1, 0, 1, 0, 0, 0, 0, 1, 1, 0, 1, 0, 0, 0, 1, 1, 0, 0, 1, 1, 0, 1, 1, 0, 1, 1, 1, 0, 1, 1, 1, 0, 0, 1, 0, 0, 1, 1, 1, 1, 1, 0, 0, 1, 0, 0, 1, 1, 0, 1, 1, 1, 1, 1, 0, 0, 0, 0, 1, 1, 1, 1, 0, 1, 0, 1, 1, 0, 0, 1, 0, 1, 1, 1, 0, 1, 0, 1, 0, 0, 1, 1, 1, 1, 0, 0, 1, 0, 1, 1, 0, 1, 1, 0, 1, 0, 0, 1, 0, 1, 1, 1, 0, 0, 0, 0, 1, 1, 0, 1, 0, 0, 0, 0, 1, 1, 1, 0, 0, 1, 1, 0, 1, 1, 0, 0, 0, 0, 0, 0, 1, 1, 1, 0, 1, 0, 0, 0, 1, 0, 0, 1, 0, 1, 0, 0, 0, 1, 0, 0, 0, 0, 0, 1, 1, 0, 0, 0, 1, 0, 0, 1, 1, 1, 1, 0, 0, 1, 1, 0, 0, 1, 1, 0, 1, 1, 1, 1, 1, 1, 0, 0, 0, 0, 1, 1, 1, 0, 1, 1, 0, 0, 0, 1, 0, 0, 0, 0, 1, 0, 1, 0, 1, 1, 1, 1, 1, 1, 0, 0, 1, 1, 1, 1, 0, 0, 1, 0, 0, 0, 0, 1, 0, 1, 1, 1, 1, 1, 0, 1, 1, 0, 0, 1, 0, 1, 1, 0, 1, 0, 0, 1, 0, 0, 0, 1, 0, 1, 1, 0, 0, 0, 0, 0, 0, 0, 0, 0, 0, 0, 0, 1, 1, 0, 1, 1, 0, 1, 1, 0, 1, 0, 1, 0, 1, 1, 1, 0, 1, 0, 0, 0, 1, 0, 0, 0, 0, 0, 1, 1, 1, 0, 0, 0, 0, 0, 1, 1, 1, 0, 0, 1, 0, 1, 0, 1, 1, 1, 0, 0, 0, 0, 0, 0, 1, 0, 0, 1, 0, 1, 0, 1, 1, 1, 0, 0, 1, 0, 0, 0, 1, 1, 0, 1, 1, 1, 1, 1, 0, 1, 0, 0, 1, 1, 0, 1, 1, 0, 1, 0, 1, 0, 1, 0, 0, 1, 1, 0, 1, 1, 0, 1, 1, 0, 0, 0, 0, 0, 0, 1, 1, 0, 0, 0, 1, 1, 1, 0, 0, 0, 0, 0, 0, 1, 0, 0, 1, 0, 1, 1, 0, 0, 0, 0, 0, 0, 0, 0, 0, 0, 0, 0, 1, 1, 0, 0, 1, 0, 0, 1, 0, 1, 0, 0, 0, 0, 1, 1, 1, 0, 1, 0, 0, 0, 1, 1, 0, 1, 0, 1, 0, 0, 1, 1, 0, 1, 1, 1, 1, 0, 0, 1, 0, 1, 1, 1, 1, 0, 0, 1, 1, 1, 1, 0, 0, 1, 1, 0, 0, 0, 1, 1, 0, 0, 1, 0, 0, 1, 0, 1, 1, 1, 0, 1, 0, 1, 1, 1, 0, 0, 1, 1, 1, 0, 1, 0, 1, 1, 1, 0, 1, 1, 1, 0, 1, 0, 0, 0, 0, 1, 1, 1, 1, 0, 1, 0, 1, 1, 0, 0, 1, 0, 0, 1, 1, 1, 0, 1, 0, 1, 0, 0, 0, 1, 0, 1, 0, 0, 1, 0, 0, 0, 0, 1, 1, 1, 1, 0, 0, 0, 0, 1, 1, 1, 0, 1, 1, 1, 0, 0, 0, 0, 0, 1, 1, 1, 0, 1, 1, 0, 1, 0, 0, 1, 1, 1, 1, 0, 1, 0, 1, 1, 0, 0, 0, 0, 1, 0, 1, 0, 0, 1, 1, 1, 0, 0, 1, 1, 1, 1, 1, 1, 0, 1, 1, 0, 1, 1, 1, 0, 0, 0, 1, 1, 1, 1, 1, 1, 0, 0, 0, 1, 0, 0, 0, 0, 0, 0, 1, 0, 0, 1, 1, 0, 0, 1, 1, 0, 0, 0, 0, 1, 1, 0, 1, 0, 1, 0, 1, 1, 1, 1, 1, 0, 1, 0, 1, 0, 1, 0, 1, 0, 0, 1, 1, 0, 1, 0, 0, 0, 1, 1, 1, 0, 1, 1, 0, 1, 0, 0, 1, 1, 1, 0, 1, 1, 1, 0, 0, 0, 0, 0, 1, 1, 0, 1, 0, 1, 1, 1, 0, 1, 1, 0, 1, 0, 1, 1, 1, 0, 1, 0, 1, 1, 0, 0, 0, 1, 1, 0, 0, 1, 1, 0, 1, 0, 0, 1, 1, 0, 1, 1, 0, 0, 1, 1, 0, 0, 0, 1, 0, 1, 0, 0, 0, 0, 0, 0, 1, 1, 1, 1, 0, 0, 1, 1, 0, 1, 0, 0, 0, 1, 1, 0, 1, 1, 0, 0, 1, 0, 1, 0, 1, 0, 1, 1, 1, 0, 1, 0, 1, 0, 1, 1, 0, 0, 0, 0, 1, 1, 1, 1, 1, 0, 0, 0, 1, 1, 1, 0, 0, 1, 1, 0, 0, 1, 1, 1, 0, 0, 1, 0, 0, 0, 1, 0, 0, 0, 1, 0, 1, 0, 0, 1, 1, 1, 1, 1, 1, 0, 0, 0, 1, 0, 0, 1, 0, 0, 1, 0, 0, 1, 1, 1, 0, 0, 0, 1, 1, 0, 1, 1, 0, 0, 0, 1, 0, 1, 1, 1, 1, 1, 1, 0, 1, 1, 1, 1, 0, 1, 0, 1, 0, 1, 0, 1, 1, 0, 0, 1, 1, 0, 0, 1, 1, 0, 1, 1, 0, 1, 0, 1, 0, 0, 1, 1, 1, 0, 1, 1, 1, 1, 1, 1, 1, 1, 0, 1, 1, 1, 0, 1, 0, 1, 1, 1, 1, 1, 1, 1, 1, 0, 0, 0, 1, 0, 0, 1, 0, 1, 1, 0, 1, 0, 1, 1, 0, 1, 0, 0, 1, 0, 0, 1, 1, 1, 0, 0, 0, 0, 1, 1, 0, 1, 1, 1, 1, 1, 1, 0, 1, 0, 0, 1, 1, 0, 0, 0, 0, 1, 0, 0, 0, 1, 1, 1, 0, 0, 0, 0, 0, 1, 0, 1, 0, 1, 0, 0, 0, 1, 1, 0, 0, 1, 0, 0, 0, 1, 0, 1, 0, 0, 0, 1, 1, 1, 0, 0, 0, 1, 0, 1, 1, 1, 0, 0, 0, 1, 0, 1, 0, 1, 0, 0, 1, 0, 1, 0, 1, 1, 1, 1, 0, 0, 1, 0, 0, 0, 1, 0, 0, 1, 0, 0, 0, 1, 0, 0, 0, 0, 1, 1, 1, 1, 0, 1, 1, 1, 1, 1, 1, 1, 0, 1, 0, 1, 0, 1, 1, 1, 1, 1, 0, 1, 0, 1, 0, 1, 0, 1, 0, 0, 1, 0, 1, 1, 0, 0, 0, 1, 0, 0, 1, 0, 1, 1, 0, 0, 0, 0, 0, 0, 1, 0, 0, 1, 1, 1, 1, 1, 1, 1, 0, 1, 1, 1, 0, 0, 0, 0, 1, 0, 1, 0, 0, 1, 0, 0, 0, 1, 0, 1, 0, 1, 0, 0, 0, 0, 0, 1, 1, 1, 1, 1, 1, 0, 0, 1, 0, 0, 1, 1, 0, 0, 0, 1, 1, 0, 0, 1, 0, 0, 1, 1, 0, 1, 0, 0, 0, 1, 1, 0, 0, 0, 0, 1, 1, 0, 1, 0, 0, 1, 1, 1, 0, 0, 0, 0, 0, 0, 1, 1, 1, 1, 0, 0, 0, 0, 0, 1, 0, 1, 0, 0, 0, 1, 0, 1, 0, 0, 0, 0, 0, 0, 1, 0, 0, 0, 1, 0, 1, 0, 1, 0, 1, 0, 0, 0, 1, 1, 0, 0, 0, 1, 1, 1, 0, 1, 1, 1, 0, 0, 1, 0, 0, 1, 1, 0, 1, 1, 0, 0, 0, 0, 0, 0, 1, 1, 1, 0, 1, 1, 0, 1, 1, 1, 1, 1, 0, 1, 0, 1, 0, 0, 0, 1, 0, 0, 0, 1, 1, 1, 1, 0, 0, 0, 1, 0, 1, 0, 0, 1, 0, 0, 1, 1, 0, 0, 1, 1, 1, 0, 1, 1, 1, 1, 1, 1, 1, 0, 0, 0, 1, 0, 1, 1, 0, 1, 1, 1, 0, 1, 1, 0, 1, 1, 1, 1, 1, 1, 1, 1, 0, 0, 0, 1, 0, 1, 0, 0, 1, 1, 1, 0, 0, 1, 1, 1, 1, 1, 0, 0, 1, 0, 1, 0, 0, 0, 1, 1, 0, 1, 0, 1, 0, 0, 0, 0, 0, 0, 0, 0, 1, 1, 0, 0, 1, 1, 1, 0, 1, 0, 1, 1, 0, 0, 0, 1, 0, 1, 1, 0, 1, 0, 0, 1, 0, 1, 0, 1, 0, 1, 0, 1, 1, 1, 0, 0, 1, 0, 0, 1, 0, 0, 0, 1, 1, 0, 0, 0, 1, 0, 1, 1, 1, 0, 0, 1, 1, 1, 0, 0, 1, 1, 1, 1, 0, 1, 1, 0, 1, 0, 0, 1, 1, 1, 1, 0, 0, 0, 1, 1, 1, 1, 1, 1, 1, 1, 0, 0, 0, 1, 0, 0, 0, 0, 0, 1, 0, 1, 0, 1, 0, 0, 0, 0, 0, 1, 1, 0, 0, 1, 0, 0, 0, 1, 1, 1, 1, 1, 1, 0, 1, 0, 0, 0, 1, 0, 1, 1, 1, 0, 0, 1, 0, 0, 0, 0, 1, 1, 1, 1, 1, 1, 0, 0, 0, 0, 1, 0, 1, 0, 1, 1, 1, 1, 0, 1, 0, 0, 1, 0, 1, 1, 1, 1, 1, 0, 1, 1, 1, 0, 0, 0, 0, 0, 0, 0, 0, 1, 0, 0, 0, 1, 0, 1, 1, 0, 0, 0, 0, 1, 1, 1, 0, 0, 0, 0, 1, 0, 1, 1, 0, 1, 0, 0, 1, 1, 1, 1, 1, 0, 1, 1, 0, 0, 0, 1, 0, 1, 1, 1, 1, 0, 0, 0, 1, 1, 0, 1, 0, 1, 1, 0, 0, 1, 1, 1, 0, 0, 0, 1, 0, 0, 0, 1, 1, 0, 0, 0, 1, 0, 0, 1, 0, 1, 0, 1, 1, 1, 0, 0, 0, 0, 0, 1, 1, 1, 0, 1, 1, 1, 0, 1, 0, 1, 0, 0, 0, 0, 1]