#/home/brian/Documents/summer17/Python/VEC/scripts/make_SBM_graphs.py
# GMT Thu Jul 27 21:51:47 2017
# 
0 122 53
1 67
2 135 127
3 160 155 195
4
5
6
7
8 179 22
9 97 18 116 53
10 18
11 198
12 73 66 188
13 130 103 54 79
14 80 161 132 175
15 137 195
16 154 183 101 199
17 99 54
18 26
19 27 148
20 24 67
21 139 199
22 60
23 97
24 194 34 110
25
26 27 140
27 106
28 115
29
30 181 175
31
32 67
33 91 158
34 65 72
35 129
36
37 56
38
39 185 156
40 90 199
41
42
43 117
44 186
45 79
46 180 157
47 58
48 171 127
49 123
50 185
51 137
52 166
53 184
54 185
55 82
56 144
57
58 192
59 117
60
61 193
62 107
63 118
64 123
65 96 156
66 75 143
67 131 73 109 142
68
69 184
70 80 196
71 173
72 96
73
74 93 87
75
76
77 150 119
78
79
80
81
82
83 178
84 181
85 177
86
87
88 171
89
90
91 95
92 129 197
93 107 182
94
95 176
96 164 126
97
98 117
99 194
100 101 134 197
101
102
103
104 144 118
105 123
106
107 160
108 109 127
109
110
111 131
112 147
113
114
115 186 171
116
117
118
119
120
121
122
123
124 195
125
126 171 134 159
127 147
128 178
129
130
131
132
133
134 154
135
136
137
138
139
140
141
142
143
144
145 152 160 163
146 185 196 174
147
148
149 165
150
151
152
153 156
154 161
155 159
156
157
158 166
159
160 185
161
162
163
164 192
165
166 199
167
168
169
170
171
172
173
174
175
176 186
177 178
178 192
179
180
181 199
182
183
184
185
186
187
188
189
190
191
192
193
194
195
196 199
197
198
199
[1, 1, 1, 0, 1, 1, 1, 0, 0, 0, 0, 0, 1, 1, 0, 0, 0, 1, 0, 1, 1, 0, 0, 0, 1, 1, 0, 1, 1, 0, 0, 1, 1, 1, 1, 0, 0, 1, 0, 1, 0, 0, 0, 0, 1, 1, 1, 1, 1, 0, 0, 0, 1, 0, 1, 0, 1, 0, 1, 0, 0, 1, 0, 1, 0, 1, 1, 1, 1, 0, 0, 1, 1, 1, 0, 1, 0, 0, 1, 1, 0, 1, 0, 1, 0, 1, 0, 0, 1, 1, 0, 1, 0, 0, 0, 1, 1, 0, 0, 1, 0, 0, 0, 1, 1, 0, 1, 0, 1, 1, 0, 1, 1, 1, 1, 1, 0, 0, 1, 0, 0, 1, 1, 0, 0, 1, 1, 1, 0, 0, 1, 1, 1, 0, 0, 1, 1, 0, 1, 0, 0, 0, 1, 1, 1, 0, 1, 1, 1, 0, 0, 1, 0, 1, 0, 0, 1, 1, 1, 1, 0, 0, 0, 0, 1, 0, 1, 1, 0, 0, 1, 1, 0, 1, 1, 0, 1, 1, 1, 0, 1, 0, 0, 0, 0, 1, 1, 1, 1, 1, 1, 0, 1, 1, 1, 0, 0, 0, 0, 0]