#/home/brian/Documents/summer17/Python/VEC/scripts/make_SBM_graphs.py
# GMT Thu Jul 27 21:52:14 2017
# 
0 1281 311 369 1233 267 975 113 498 915 791 1688 863
1 964 840 1738 814 1263 1201 878 278 343 1531
2 64 1122 742 776 1768 1454 1423 688 337 27 733
3 224 609 932 1606 96 1213 1938 532 137 440 348 1853
4 1953 1132 1711 1360 657 1687 1663
5 1216 1537 231 200 1785 910 136 1138 1591 1017 796
6 128 962 167 589 365 913 1621 406 23 316
7 572 267 1710 1169 243 756 284 286
8 1954 1859 1668 616 497 851 1816 1982
9 1740 1228 1230 687 1265 1428 630 1437
10 512 1281 1474 763 86 775 1256 1515 1331 886 790 1402 1403 1117 766
11 32 1346 995 1189 1606 1455 754 147 916 1398 1081 540
12 961 1091 1072 1995 1104 52 757 983 1689 1308 94
13 577 932 1285 1364 233 1676 1678 916 281 1434 1053 798
14 1919 1674 1517 942 1231 1904 113 1299 1774 758 687 957 927
15 1633 390 945 1387 1068 175 1489 1206 1050
16 1952 865 867 1697 1037 370 1461 57 26
17 1760 1924 598 872 299 1645 813 1846 1790 726 727 1849 1086
18 1664 1467 1755 1544 1884 1450 1324 1166 1557 1494 827 1212 1034 1269
19 1602 1929 298 299 1454 1392 1625 1119
20 728 721 803 1559
21 1985 170 434 1168 626 981 1759
22 1120 193 1835 1165 686 432 1908 1464 25 570 412 605
23 1441 386 1737 1612 1646 105 1942 407 1338 1788 1981 63
24 1921 741 39 1738 1298 783 1392 114 539 1885
25 1194 1483 364 911 913 530 1876 1269 791 1945 892 1077 927
26 832 1537 450 1604 1473 41 938 44 240 1984 1151
27 1504 1825 1608 426 1841 178 436 598 1981 703
28 130 1636 1317 1927 1834 1035 940 143 1722 1375
29 1504 929 1668 743 1608 493 1486 749 819 1429 1078 247 1624 955 1086
30 961 1476 934 1857 1820 235 1612 1966 733 691 220 349
31 585 1834 268 1583 1652 1851 157
32 1736 1034 300 1008 377 410 1147 1148 1919
33 67 484 1836 1932 1067 1548 1712 566 824 250
34 993 485 233 1486 401 1811 1902 1272 731 1500 1373
35 736 1957 941 724 1239 988 1183
36 1027 37 266 77 1358 1779 1526 1977 1978 668 1855
37 1955 1508 357 872 782 49 1269 729 1401 730 1533
38 1921 67 1935 1989 522 1483 878 1711 1938 1966 1431 953 1243 542 511
39 1057 1122 209 1161 1168 652 1264 1907 464 1784 1587 1844 1045 343 1193 1777 637 1697
40 224 1443 677 844 1774 1648 1171 438 1562 219 1724 1434 255
41 934 1159 700 1810 1534 361 188 1085 1726 383
42 900 1064 1866 1483 1487 1138 724 727 100 1290 989
43 226 1059 744 1047 1357 1773 803 1972 1815 60 1629
44 736 1857 900 361 202 1004 1965 111 236 1877 1974 1636 1372 746 1758
45 1187 295 1047 562 239 1874 1891 1844 1367 632 1342
46 1504 162 612 197 1862 1031 1160 329 299 1314 910 306 1780 1045 1110 1634 1574 102
47 676 1893 781 333 240 177 147 949 1591 218 1755 605
48 1440 173 685 1617 1370 1501 766 255
49 1024 1571 486 585 631 489 1209 1403 156 446
50 1296 1459 340 1237
51 1793 1890 1539 1831 1608 1962 205 590 1487 402 99 462 407 249 530 669 1822
52 960 1187 391 1548 170 1968 888 1091 950 1897 1592 1817 1626 1403 1629 1054
53 1985 1028 679 392 810 1772 754 1653 409 1179 1397
54 614 1927 876 594 883 919 1373 1983
55 1283 113 1544 1738 1995 464 872 1603 884 1177 1819 106
56 1069 357 1037 1678 493 1680 1585 1235
57 1506 1819 324 520 622 497 569 1631 1979 1436 447
58 1864 1447 445 1374 1831
59 1457 1634 1499 756 510
60 192 805 1418 875 557 110 82 1845 1942 1207 955 925 1365
61 865 966 840 138 144 372 984 441
62 1346 1723 1284 1657 327 519 1329 1839 1488 920 1591 664 1337 1978 831 476 383
63 641 1602 323 1957 1709 1192 203 1836 66 1614 1197 1651 152 1843 930
64 1760 1537 1122 865 746 162 943 336 1523 732 382
65 741 1255 778 172 1103 1424 882 339 1812 1910 1336 303 1034 1406 1509
66 155 1860 70 1863 1516 979 1780 982 484 1820 285 1535
67 768 1794 1007 1254 1831 811 207 788 1173 1529 1849 1083 1182
68 1168 524 140 176 1649 1747
69 610 1290 1419 780 706 1230 1073 661 1753 1695
70 1925 242 1613 656 1234 1331 1560 697 1979
71 1547 325 1905 1640 843 1553 1074 821 1050 94
72 834 420 1478 1735 552 1897 1228 1858 1264 1169 83 236 311 1939 798
73 251 1893 391 330 78 1477 1023 1610 702 1055
74 322 870 1260 618 1643 556 1456 1368 825
75 1854 462 147 1141 1367 1310
76 160 642 1702 519 1034 1772 176 1396 1529 894
77 1539 657 1194 530 1518 237 1425 1298 1763 599 1700 1530
78 705 677 1734 1153 1099 848 626 1044 376 473
79 1377 1381 358 456 681 458 1515 272 342 537 666 1403 1692 575
80 416 544 579 846 1030 1873 363 1345 657 1971 884 1333 1974 855 186 1598
81 1792 268 906 759 588 301 1133 433 1431 1183
82 1825 1379 1414 1929 1194 1359 1392 1425 675 1076 1430 1207 436 573 1662
83 1636 1226 561 916 889 116 90 1340 926 1279
84 866 549 775 905 1367 1090 841 1929 1715 1961 1178 1947
85 1602 643 1673 491 684 237 846 557 688 1810 1059 1333 536 922 1631 1461
86 587 293 939 943 1361 1075 1487 1183
87 1968 1744 874 363 1749
88 288 576 932 517 294 458 493 142 1679 1990 1658 124
89 228 997 560 786 1495 1279 1405 1823
90 1337 636 707
91 1952 1825 482 1668 1068 654 1647 1808 1938 350 629 500 1946 1374
92 1660 1124 968 1321 1196 493 1247 1777 627 375 538 1215 444 492 1663
93 97 1252 1576 874 983 1772 781 1103 177 1140 1687 1528 253 1599
94 225 130 1772 1355 269 976 1331 1910 535 1912 889 1947 1885
95 1761 354 867 417 551 1007 1936 1895 340 1173 918 1655 1306 319
96 960 804 1846 327 1704 460 931 1813 853 1913 1562 1311 1404 1983
97 801 1383 1405 1963 175 398 399 1520 366 311 891 1373
98 672 1762 1130 1358 1873 788 1621 1486 796 693
99 1500 202 430 1969 308 1148 436 412 1918
100 227 1668 1159 1624 713 647 1164 401 1842 851 1811 1130
101 1283 998 1672 1484 940 109 1197 136 1379 246 1758
102 1992 1133 1392 1427 1534 991
103 641 1347 1267 1097 684 1521 691 1018
104 491 1956 497 1707 1900 1613 1584 504 146 1012 1752 1787 223
105 1537 455 1198 815 1681 114 1369 1758
106 354 1637 967 727 141 561 1779 697 382
107 1314 1540 1769 912 757 1238 1240 318
108 578 1064 873 619 1292 654 1393 1779 1780 664 186
109 1952 1371 388 1004 722 1810 1491 1014 1881 543 1572 1855 956 191
110 934 555 1969 277 1014 1274 477
111 577 1061 561 1352 1010 689 1330 660 118
112 1666 1211 1668 1766 1196 1359 150 123 574
113 864 1433 803 1238 326 1640 1644 429 174 1870 1270 281 1661 478
114 1604 1157 1642 237 1656 401 979 1268 1014 1796 1791
115 740 1989 1738 1263 816 564 215 1594 1979 1498 1790
116 960 257 1398 774 1543 1865 1705 1654 334 818 470 471 858 1499 253
117 1251 616 233 1453 1487 1106 1716 726 955 220 1533
118 226 1627 175 685 334 514 251 1755 1278 1311
119 1381 873 1387 1420 205 1685 281 1147 1532 1653
120 355 614 527 145 1075 1912 1016 351
121 1059 485 998 1575 1544 1104 1512 1749 1374
122 903 425 202 300 1459 1940 153
123 1346 1635 1029 615 1427 1967 593 1810 691 564 1781 505 1085
124 704 132 1100 1834 1163 204 1074 1390 240 156 956
125 512 450 997 653 559 1074 756 1141 1844 1918
126 1026 675 1317 1013 1974 1461
127 135 552 274 1906 1912 1626 1340
128 1808 1409 1243 1196
129 133 1511 1612 528 564 1270 1467 349
130 1440 609 739 568 1003 1999 1520 1457 1278 1686 1367 1496 696 1402
131 1947 1878 462
132 1764 487 1692 554 973 1038 1581 305 725 412 158
133 872 797 496 530 1719 1371 1276 989
134 384 642 253 977 628 574 728 669 542
135 609 933 1481 1644 270 1872 631 792 894 735
136 1346 613 1042 1171 660 1143 728 1785 1370 858 1854
137 174 1231 1911 473 219 830
138 779 1849 1115 1271
139 1696 441 995 436 144 1138 1556 279 665 795
140 1034 580 1905 692 471 500
141 450 1307 1092 301 1678 367 816 1142 919 559 954 1083 1404 1021
142 421 1768 1898 460 498 829 1202 659 1883 1180 509 255
143 1475 838 1547 1807 1072 378 1167
144 1201 168 1482 1967 1521 989 181 1239 1368 151
145 645 999 1961 526 881 1209 1370
146 1954 684 235 1548 301 237 692 1333 1207 429
147 704 1985 804 1480 394 1266 530 1187 981 1913 218 1515
148 1696 1686 1030 1289 1963 972 367 319 308 1302 873 639 1183 1855
149 420 489 1675 1804 1364 1047 281 1434 1885 446
150 385 1040 551 1164 952 1181 1502
151 1168 260 1413 1185 680 393 1383 1517 467 685 945 1619 1658 799
152 1088 234 1143 463 471 1755 926
153 608 1899 206 1949 1904 785 1431 1881 1983 1885 1375
154 832 1248 1282 1283 1412 1793 1090 1981 1876 1877 1780 794 1948 1341 1854 1461
155 1563 1681 1160 1706 536 1907 1752 1659 700 765
156 160 1185 1986 1702 264 1388 844 1517 1140 373 1014 1527 1210 605 1996 1919
157 1121 1411 1457 1187 1652 1878 1850 1788
158 1061 806 679 1546 908 1773 1424 1272 228 506 606 1919
159 1192 505 1092 1013 1205
160 866 325 806 391 392 393 1230 1776 689 1457 1745 1630 479
161 227 242 259 1781 918 343 1880 602 1277 1374 543
162 1729 1794 1563 356 1569 672 1884 221 946 1537 1662 1847 1784 1018 443 988 1341 1022
163 289 1091 933 587 1452 429 1140 798 631 632 1209 541 1310
164 1397 1319 1034 1671 1550 1840 1396 373 1976 473 1439 670 799
165 673 1156 785 434 916 1303 792
166 1386 207 1457 1812 1813 1815 1625 1305 1661 309
167 1696 1952 1794 1444 455 968 684 1548 1712 629 196 602 604 189 191
168 1217 579 1174 1409 749 1891 181 918 569 250 763 190 229
169 608 1184 194 1144 787 1206 664 346 1339 1308
170 318 995 932 871 1640 1449 874 1906 1519 515 1233 306 1363 1814 311 1178 1883 1930 990
171 1442 835 1544 202 401 1842 246 1239 1721 1083
172 512 226 739 758 1670 1576 1858 294 1718 1050 1978 1278
173 1411 300 1455 1507 1879 1599 670 607
174 1824 1474 1528 1290 1432 717 1775 344 1949
175 1361 661 1144 1817
176 898 1731 1770 811 493 719 1936 1717 1373 1726
177 1616 195 829 1158 1255 1865 558 944 279 472 1903 1094 1342 701
178 1441 1989 1287 1192 1266 428 1901 669 1298 1459 1557 1558 1176 1146 477
179 544 397 308 823 1401 1307 734
180 644 1253 1543 1480 1617 275 890
181 1632 1315 1637 878
182 1474 899 1476 1702 364 558 1073 1911 1753 730 1116 255
183 613 744 1705 1293 238 1072 1745 728 381
184 710 678 1991 744 1257 717 756 757 1684
185 1856 769 1252 1513 311 1279 1455 1141 249 1944 1561 735 1884 1983
186 1057 578 1593 1681 744 1355 337 883 1236 1045 1174 215 1620 922 1461
187 1219 1828 1962 435 942 367 1810 1843 1460 405 925 414
188 992 258 1672 1610 1612 1196 1068 1321 952 1310
189 611 1738 1585 884 1174 1274 763 1146
190 578 964 841 1272 1946 1083 191
191 1408 1767 1957 1192 361 1291 1997 1942 1641 954 475 637 1605
192 1121 931 932 257 508 1129 1006 563 1493 233 348 1438
193 1985 1506 1035 1163 1644 1006 1906 1043 1976
194 676 1285 1640 1388 1839 1559 1400 1252 1691 1150
195 1538 486 1649 392 1218 463 341 1103 572
196 1952 352 1099 934 1577 1127 940 975 1460 246 919 600 884
197 1665 454 647 654 569 1945 411 1518
198 512 291 1094 1136 1940 470 1144 701
199 1729 931 869 796 1863 840 329 523 1805 1382 824 1425 1138 1939 1430 566 1177 986 1563 1564 319
200 1888 1028 869 1638 1896 362 773 1432 1631 827
201 1249 278 897 1096 1289 1477 972 1458 1936 1490 406 952 986 893 1471
202 975 586 939 971 559 1780 567 344 699 1855
203 1825 258 1541 1575 1867 972 1634 1166 304 500 597 543
204 1383 744 271 1617 721 1586 1108 1590 344 628 1629
205 566 1845 1302 1593 1338 1631
206 1073 838 1959 1649 1683 1396 858 379 634
207 1250 323 1462 1869 686 1295 1459 401 1974 365 536
208 931 1700 1255 808 1002 1163 718 468 791 540
209 1729 1539 904 1033 1482 1771 1004 1197 743 1553 1491 693 892 893 1758 1685
210 1284 678 1735 1801 906 309 407 1817 1786
211 740 1157 711 1673 1263 1811 1462 1272 1882 1309
212 1856 353 795 1574 872 867 1802 1199 783 1969 627 1942 1719 1146 655 1084 669
213 576 225 418 1509 1318 391 489 1034 1195 685 1806 399 368 1774
214 1284 1576 631 1452 1549 718 1485 400 1586 1299 1431 664 1177 862
215 1728 323 1875 1803 650 587 1836 365 1646 432 1272 406 1656 793 1020 1790
216 608 1185 706 971 269 1042 1053
217 931 1668 369 328 556 1068 1357 1230 936 244 1335 1081 509 1438
218 1280 816 1963 1224 617 1739 1421 1231 720 305 1810 500 1038 1972 1050 1051 381 479
219 1280 228 651 1776 392 1385 1144
220 1948 1706 876 1709 1841 340 1660 746 1567
221 1188 1544 1997 1805 1330 1011 340 1182 918 1018 1007 1245 382
222 1601 453 1287 1642 1548 954 884 1176 250 922
223 1665 1251 1317 875 589 814 335 1399 1624
224 739 1157 1331 781 981 950 1688 1785 1439 415
225 1312 1702 327 1640 362 1421 1390 1648 1624 1723 1717
226 1061 1095 1455 759 1851 829
227 1954 1059 357 1707 1075 1016 1529 549
228 1419 1038
229 962 964 1767 1890 783 304 1064 1810 1714 1177 1017 443
230 965 585 458 1773 1039 1008 1650 1429 1385 633 1279 1209 1669
231 1813 722 499 1716 1780 278 1177 1434 1852 1405 901
232 913 946 284 1389
233 549 1905 1998 1180 398 1744 529 1844 841 1979 1148
234 1153 1411 900 1990 935 264 393 563 1279
235 1376 1034 562 1969 1367
236 1792 369 1931 1960 242 1431 1403 254
237 1954 298 1166 1839 1563 618 1662
238 816 1646 1968 248 857 348
239 1858 1191 495 818 1935 766
240 1248 1704 1066 311 908 680 1394 1367 793 542 1407
241 1075 322 324 871 815 627 1848 1307 1086
242 1504 1700 1450 779 1709 494 656 1392 276 1834 1850 1564 1760 1182
243 295 322 644 1639 1517 429 661 790 1335
244 1536 1285 263 969 333 526 1616 945 1081 347
245 354 1194 875 652 301 1746 250 475 1052 1791 1922 1663
246 643 388 1542 583 454 1145 1115 405 567 923 1404 669 1574 901
247 1952 324 684 851 278 1847 475 543
248 674 1924 713 1450 1197 306 1491 1172 441 1341 1214
249 834 1041 521 1131 1583 1809 948 310 574
250 963 961 715 1996 1613 1135 697
251 449 1412 1829 1031 872 1870 399 1680 1102 506 1627
252 392 489 1285
253 868 1126 1294 605 533 919 922 1403 1279
254 1414 1185 1220 1926 1702 392 1132 1107 1722 508
255 673 1154 1990 1185 1513 812 1583 817 1688 381
256 1826 554 686 1808 1493 986 349 1951
257 576 1762 843 577 983 1293 846 1169 1362 915 1429 1782 663 760 1273 1242 1885 702 309
258 1794 1635 934 967 1644 876 1965 621 497 850 278 1277
259 896 1475 1252 295 777 1035 592 987
260 1169 698 1715 1615
261 962 1159 360 1250 714 1803 1132 722 551 1234 1193 825 1085 1663
262 1444 1829 1896 746 559 603
263 863 1446 712 1932 591 560 1266 1875 1114 667 572 607
264 1184 1216 453 582 844 632 274 1976 1213 735
265 449 945 1674 1778 1871 1041 818 1335 761 830
266 354 1379 1830 422 714 938 1746 850 1907 1878 1077 1731 668 1533
267 448 1669 294 1930 270 1136 1943 1759
268 1507 1700 425 396 368 728 548 698 1599 1661
269 864 1474 1991 332 399 1875 916 1685 1878 1047 889 1562 1759 1914 447
270 1252 486 1928 588 1261 591 1520 1278 1626 1084 1214
271 673 1734 744 1612 1610 592 474
272 804 549 582 807 1129 1515 1735 1361 1144 868 474 1999 1788
273 1920 1314 1572 1096 520 1427 1032
274 1063 1116 1838
275 1043 1953 931 586 748 1912 531 1429 1558 1655 1784 608
276 645 325 776 941 426 1015 1933 558 783 848 1416 1459 1269 841 729 1338 1013
277 1482 765 1104 1624 690 622 1207 280 1946 298 1660 1533
278 867 1349 870 1287 1687 1389 711 401 1555 1195 1854 645
279 1537 452 1766 1862 1673 1322 1612 622 1068 1781 695 731
280 1729 1003 1324 1997 910 946 1943 1855
281 289 1347 390 1453 1107 1428 762 1775 525 853
282 1281 1346 1861 1255 1708 1488 318 1879 346 989 510
283 1475 1318 775 649 1066 777 535 346 1434
284 800 288 1443 1584 1297 1363 532 1944 793
285 772 1159 1833 427 814 1234 406 1017 1530
286 544 1221 1066 1005 1361 1652 599 664 542 1791
287 1952 777 1900 729 1404 317 1694 1855
288 1412 1960 554 363 781 366 1968
289 1185 1284 1001 1582 563
290 1128 681 887 1742 1812 1129 1406
291 1094 429 1745 1082 1853
292 955 1821 1317 966 1927 1642 380 1162 1866 1263 1550 1341 1103 1557 1014 1423 668 842 1503
293 1249 388 838 1040 586 1262 464 692 1620 656
294 635 1892 807 1060 1375 895
295 935 651 1332
296 795 388 1317 553 911 1173 591 1151 414 1957
297 449 643 1158 1127 1804 850 1754 1211 1533
298 928 1826 1124 616 1129 402 1243 1981
299 566 968 361 875 397 1232 654 1110 1239 1014
300 903 552 1351 748 1688 826 1278
301 544 964 1998 782 1616
302 406 808 1642 1101 1518 685 1462 869
303 325 1596 1683 856 1180
304 1730 995 1423 402 1401
305 1411 584 555 858 1361 1301 1976 680 925 1141
306 544 1025 902 1192 1995 1196 717 1359 688 1105
307 640 1858 1963 1675 1638 1001 1547 971 378
308 1248 1825 1578 1379 1548 719 528 1243 1628
309 621 689 1595 924 1950
310 608 1506 899 644 392 1739 812 1999 368 1205 1686 888 506 957
311 1762 1187 1669 653 1583 1179 1725
312 903 1512 878 625 851 923 444
313 1569 1570 1219 1637 329 618 588 1198 688 946 1075 950 407 600 922 1125 485
314 960 361 1399 1454 340 727 824 827 1980
315 683 1284 1745 1063 332 1581 1294 529 1970 915 1432 1244
316 1697 1347 645 1825 359 1166 1138 595 1845 1958 1125
317 1248 1632 1193 650 1871 1408 1587 1974 695 573
318 801 1551 849 627 633 1885 1055
319 963 837 904 1450 492 1325 1109 1541
320 465 1435 668 646 1177
321 836 1206 422 1545 524 944 1429 1910 1340 1310 959
322 972 527 1875 1908 1589 1302 1943 404 1275
323 1092 1160 715 1484 974 690 628 1560 1498 1436
324 1249 1282 1697 556 974 1918 1791
325 679 777 906 1495 781 1874 1331 1365 1559 1592 1588 1749
326 1184 384 1649 526 399 628 1301 470 1684
327 899 1316 458 330 1675 1141 1530 1914 959
328 887 1377 1872 1256 1143 1840 338 1651 1108 1844 1050 443 1309
329 832 839 1623 1804 1781 1302 1401 1885 1951
330 1088 1824 1701 1256 1066 1455 456 513 1429 377 478
331 1988 930 643 1908 590
332 1595 785 1363 1879 1661
333 1003 902 843 844 562 547 1272 1268 1279
334 1664 487 1834 1163 775 1010 440 1114
335 897 1093 1802 1101 925 855 1503 732 349
336 1025 1314 1827 900 992 1192 1130 1711 1621 1269
337 516 869 1948 436 1877 726 1916 1951
338 1536 1072 1701 1895 1671 1036 1167 784 1842 1051
339 987 1999 467 1846 407 505 1019
340 1820 850 407 1247 350
341 489 866 1006
342 1185 1991 1898 525 950 1977 1625 666 1627 458
343 1795 1867 1324 1587 372 893 1011
344 961 1603 1317 1165 1296 918 1693 383
345 1170 624 1714 1236 1048 1663
346 1540 582 1034 786 793
347 769 1507 580 1768 1069 1329 947 1540 506 1180 638
348 1840 1868 1648 1141 1210 1919
349 1122 1380 974 848 1779 730 796 1757
350 1089 603 1382 839 353 1487 1980 1215
351 1825 1900 1484 1012 405 1737 506 379 1566
352 448 997 393 753 1778 755 1919 1469 1759
353 1730 454 1419 719 573 382
354 361 462 925 1937 1012 374 1500
355 1250 1124 967 1544 1487 1106 885 1082 1565
356 481 452 454 1162 386 1540 1199 1075 693 1508 442
357 929 898 1068 779 1260 750 1620 1015 1276
358 1188 1509 1063 1336 499 1846 983 1528 836 1519
359 1699 1286 945 616 1578 1807 1649 1044 981 687 1256
360 1249 1194 684 402 982 1989
361 1548 1306 412 925 927 1059 1062 823 857 1628 737 1902 496 504 1019 639
362 1157 1542 1516 776 1104 840 1267 1302 1593 1245 1541 1253
363 394 1164 1390 467 828
364 1267 1928 427 878 1521 1843 814 723 1851
365 375 1863 1641 1447 1040 1585
366 868 1926 1031 718 436 510 577 1817 1980 1278 831
367 737 1218 1347 454 586 1123 1171 1014 1208 921
368 1602 635 1238 391 1962 1357 1617 632 696 1785 1051 479
369 1184 706 1769 1463 781 1229 1495 431 1388
370 1569 1159 746 909 1997 913 594 404 565 1655 1746 1467 893 1374
371 1456 1221 1069 1581 400 977 759 1528
372 669 1731 1861 1981 1804 1137 1490 692 1295 1052 1757
373 576 636 838 1596 1035 1452 621 1038 859
374 401 1487 1937 1234 1139 501 1659
375 1379 1124 1174 493 567 1165 1109 982 1687 1659 1564 1749
376 1312 512 1538 547 486 1786 1426 755 1879 1178 378 1693 1087
377 931 453 1446 908 973 846 1744 818 467 1783 632
378 1352 842 1751 1776 1878 535 1786
379 1328 1637 714 942 989 1104 407 1277
380 1185 453 808 1228 1117 1008 563 1653 1112 644 1370 797 1246 1237
381 1602 1827 748 1356 528 1649 1588 1846 1204 991
382 675 1254 871 1454 625 1138 1343
383 1628 1651 1317 1288 1130 940 1101 883 1876 567 1177 538 1212
384 1507 424 1130 1463 1324 1807 1335 1850 582 1438
385 416 1730 1160 1321 1442 1074 1302 1655 1014 1757
386 1174 565 1462 1918
387 417 1127 1992 1415 1239 1052 1693
388 1859 900 616 1494 1259 1320 565 1628 1277 1343
389 1456 866 1229 1264 1429 985 1757 1854 533
390 449 885 887 756 1237 1495 474 1562 1054 821
391 1889 931 420 1445 1434 1054 511
392 864 1284 1366 423 1868 396 705 1776 1588 887 1465 1658 1213 959
393 864 1319 636 400 1906 1244 1885 1727
394 1250 1387 1060 486 1062 1576 1346 498 1432 1540 1690 763 666 542
395 960 1889 549 968 617 1838 591 1033 681 1208 509
396 424 1994 913 1751 1917 1118
397 1611 1603 1989 646 1475 675 1291 1525 475 734 1343
398 1723 1701 806 1006 1070 1874 1326 1072 775 626 1331 661 1211 1789
399 1755 1179 1220 1961 747 1725 1273 1501 1759
400 1346 758 1990 1551 689 1496
401 1888 411 1064 622 1075 1399 566 1924 1371 847 1373 1502 671
402 656 731 1604 1569 1641 1550 1560 1435
403 1923 612 873 430 1647 530 662 1369
404 1668 518 583 1864 1673 1392 1105 1018 1594
405 1378 1301 1096 1198 1459 693 1399 601 1534
406 962 1349 551 842 1483 1907 628 1162 952
407 827 964 716 491 1324 1565
408 866 843 1356 605 886 826 527 1661
409 1840 1387 807 1724 1991 623 1488 532 1455 924 861 447
410 1708 838 1772 780 658 563 1205 1033 1306 861
411 1651 771 715 624 1842 691 1333 535 1274 1850
412 1728 1445 1287 490 1291 1808 1603 1589
413 1504 966 1160 1484 528 1096 596 1471
414 867 839 940 686 1624 819 693 504 954 1693 671
415 865 450 1604 1154 1065 496 589 1678 1133 432 1506 1589 1486 548 602 1307 893
416 930 1701 490 1127 1737 938 601 477
417 1665 551 1896 1884 1738 1423 496 444
418 1346 1387 687 1649 1628 1118
419 1824 483 1063 1740 947 660 1273
420 608 577 1807 1477 1994 1386 1295 1744 1329 1266 648 439 1914 1051 541 799
421 1186 1540 1615 1044 1242 1116
422 1316 1737 1260 596 1436 893
423 1353 682 1260 462 1462 1082 1115 1146 1215
424 994 1339 710 1776 1113 603 1342 1151
425 512 1346 635 1036 1226 1038 1169 914 1531 458
426 1984 802 1541 1706 1358 729 923 767
427 898 1797 711 1706 1552 1363 1685 1078 1272 1820
428 1988 1895 1833 1133 1360 955 1564
429 577 994 1195 1773 558 1513 1175 633
430 1921 614 1416 1065 1418 1395 1643 1554 952 1500
431 1505 866 1675 1860 1073 971 1522 1940 1147 1917
432 800 1794 931 869 1062 649 1289 556 1197 1454 819 724 1241 922 1020 1321
433 1872 1410 1284 1528 681 1264 466 745 760 1310
434 1507 868 1639 681 1042 1588 469 1751 1627 828
435 1987 1316 847 1651 1109 854 1911 1572 1274
436 1569 1263 1200 1827 1302 1623 665
437 1888 1122 1157 1193 1706 1518 1339
438 1889 578 1829 705 1001 1610 514 1432 568 1310
439 1892 1904 888 1499 446
440 613 1898 1515 1420 849 698 826 1246 799
441 1089 955 1164 719 564 729 1721 1659
442 802 1987 1092 485 792 1966 464 1464 1781 1174 1560 474 1531 1916 1854 1877
443 1408 481 452 1249 1794 1391 658 883 729 538 1946
444 1864 874 1391 1512 979 1493 854 1207 922 891 990
445 1989 1288 1164 1608 1876 502 1622
446 1103 1264 920 766
447 1698 1531 807 1308 1389 1104 1332 922 1275 1276
448 834 515 1892 1224 580 1073 1812 1335 1785 1978
449 633 1329 648 935 1868 809 1806 1168 1425 984 473
450 825 1157 1479 941 1620 1719 1593 1436
451 1026 551 1160 1641 744 690 1672 1138 1460 823
452 1159 1452 655 1816 985 1822
453 704 999 1838 1840 946 985
454 583 1608 1353 647 589 1262 1139 1973 1462 1211 1821 511
455 1482 1420 1965 1647 1750 1790
456 1218 1636 1686 1766 1538 881 1814 1019 1501
457 1415 968 682 1292 719 1616 1544 594 694 504 1051 700
458 1216 1366 1840 1329 1650 1203 1716 542
459 1184 1985 678 1831 588 908 749 718 1615 1084
460 774 1388 1615 1042 473 1050 1116 863
461 1083 551 520 1395 1580 1805 1135 1585 979 1307
462 1389 1442 1298 1078 1784 505
463 1167 533 695 1145 1978 635 926
464 1217 555 1260 943 1552 1019 1148
465 517 1608 590 1907 796 1119
466 864 1217 1922 580 1960 1640 1998 1807 1650 1812 1814 924 829 1823
467 537 810 592 1208 1306 1060
468 1344 644 936 1385 1010 786 1141 1725 798
469 960 997 1158 1419 844 1043 1429 1788
470 1280 554 1829 1815 792 756 1850 799
471 647 680 1102 1743 1977 1883 540 575 607
472 1474 710 846 1039 913 1431 1720 1375
473 1417 1318 1769 1008 1073 1440 1044 1909 599 1753 1691 1116 606
474 1824 1223 903 1229 593 914 949 1722 1406
475 1058 1732 1983 1902 1474 1535
476 1408 1872 521 682 1963 1168 1558 1050 1116
477 1378 774 1577 941 1647 1910 604
478 576 1473 1858 548 1061 1969 1257 781 1230 1939 790 1819 1116 1898 830 1206
479 1252 1413 550 1128 1773 1213 1809 754 1653 1686 1220 1210
480 1798 1482 974 1327 1390 694 1295 988
481 771 1707 1934 861 1854
482 1378 667 1235 1687 723 1716 503 767
483 519 1098 1834 623 496 785 1437 702 1727
484 897 869 646 1729 620 1613 1711 1880 858
485 577 694 665 668
486 1171 1413 1606 1069 1167 739 1310
487 609 546 1388 1261 1741 945 1878 1858 1759
488 1728 898 905 500 607 1948 543
489 1899 1736 1481 1099 1100 1806 1513 501 1147
490 587 1511 1065 1611 492 1236 1270 980
491 993 1954 1028 1097 1359 1624 729
492 771 1349 1767 1319 1746 851 1211 1565
493 1697 1987 837 1707 1197 1585 601 1019 1182
494 1927 1575 594 1518 1007 921 1980
495 678 1426 1043 1204 1878 1240 506 1950
496 832 611 1254 967 872 1293 1422 1993 1673 1566
497 1524 1796 1314 1282 1170 1620 1720 1695
498 1504 994 1932 755 1940 1898 799
499 672 1831 1674 1085
500 1416 626 1270 1533
501 1699 549 1931 1100 1582 1649 1528 763 1532 709
502 1282 1703 1164 1360 1106 1816 1119
503 1476 1448 1826 1854 543
504 1473 1250 1731 1287 1523 1172 1876 931 1663
505 1760 934 870 1992 1101 1614 1784 637
506 512 1154 1509 1261 819 1140 1591
507 1027 820 1534 1166 1511
508 1808 1383 1394 1102 528 1362 628 670 1980 1141
509 1734 1354 717 1136 977 532
510 1345 987 1551 948 888 540 1722
511 736 1283 1416 880 835 1622 953 894 767
512 1474 1318 1294 1202 778 889 1246 1285
513 1456 1768 1074 846 1680 1330 756 1276
514 1319 1623 748 786 1111 761 700
515 1158 1426 1976 1342 735
516 578 1347 1316 1989 1436 1770 1980 1964 1902 883 1660
517 770 1955 1196 1101 527 1587 1880
518 520 749 1587 531 693 1110 637
519 999 1517 526 977 1906 887 1976
520 1573 1320 938 715 656 1236 1462 1642 1277
521 1312 1315 708 1348 1452 1169 821
522 645 1612 686 1712 693 1078 1626 1694
523 963 1190 1933 910 1551 1680 1973 1276
524 578 1799 1326 591 1299 1764 698 1311
525 1345 618 651 1588 1435 1244 554 1886
526 571 739 1351 1268 1691 1405
527 1123 1416 1004 1902 1264 1272 1363 1943 1693 1502 1573
528 835 1681 531 1498
529 738 1123 871 1346 642 1400 634 1629
530 1857 1059 1192 1162 1166 1841 661 1368
531 768 1728 643 1448 941 1105 1875 1620 675 1174 1275 1086 1471
532 1760 1256 1994 1871 1107 1079 1528
533 1184 1538 1187 1202 852 1783 1140 1791 1407
534 1699 550 1544 753 1848 1337 1596
535 801 1601 1615
536 1568 880 1795 1029 1835 1165 656 771 1243 791 1699 1115
537 1638 1671 1257 1644 1070 1688
538 1507 1476 1174 990 1322 597 1487 1360 1598 694 638
539 1666 901 967 650 1453 624 1811 598 1209 618
540 1595 1386 1202 1944 1627 1597
541 673 1153 744 812 882 1999 1362 1846 1559 1874
542 610 1224 1047 635
543 1937 1964 1105 1554 1789
544 1379 811 951 1271 984 570 1531
545 675 1415 1008 1234 979 1719 1593 1822 767
546 944 684 846 1264 626 1140 1910 1561 1887
547 1381 1136 883 1718 1305 793 895
548 928 739 838 1355 1751 753 1145 1559 1913
549 1540 1420 1298 1091 761 1308
550 1829 871 588 1838
551 1152 1954 1194 1902 1918 1465 1566 638
552 1280 1477 1617 748 1008 785 1715 1433
553 672 1124 1770 556 815 1907 1109 1016
554 899 1840 1118 1348 1310
555 1511 1992 1836 1491 1916
556 1510 711 1042 695 1497 764 746
557 1472 1251 966 1097 619 975 1534 1461
558 1152 1671 563 1421 1168 1261 1749 1051 1084 1149 1822
559 770 1572 839 1064 1353 815 1811 951 1177 1706
560 1345 1636 1837 947 1143 1786 1438
561 704 1701 998 1960 1998 757 1398 1084
562 640 1377 1123 1892 999 1898 1840 1654 1911
563 1633 1676 1074 757
564 795 1988 1925 1097 1165
565 993 742 1804 1614 1300 1269 1142 1274 891 1086 1631
566 870 1679 1458 1979 703
567 1649 1587 695
568 1874 1639
569 736 1476 1366 910 1135 1810 1716 726 825
570 1763 1127 1418 1969 884 1365 1851 1404 1790 1663
571 771 1540 1477 1734 1224 1898 941 1264 826 1661 1950 607
572 1861 745 1034 1261 1874 1330 1300 732 1949
573 1766 1447 1802 1404
574 1728 1933 1135 1199 1021
575 1697 1739 1751 1619 1206 696 762
576 1776 1268
577 834 1290 754 1718 636 1994 894 831
578 699 1674 891 1296 830 1859 1973 1816 1019 1882 1535
579 1760 1794 1412 811 1967 692 1750 1625 1241 1181 1631
580 828 1203 1031 1900 1202 1148 755 633 1049 604 1405
581 968 1324 1037 1585 1395 1981
582 1088 739 1739 809 907 1599 1206 1257 985 795 1596 1149 1759
583 1472 1901 847 979 693 1560 794 1372 1215
584 1831 1370 1083 1267
585 1187 785 1417 1966 1871 787 1268 1238 983 1439 1470
586 1602 1955 1830 1512 1705 1003 1484 1166 719 741
587 1569 1573 1416 1654 821 1791
588 1345 1038 1261 757 886 1533 607
589 1988 904 1200 1105 629 1211 1245
590 1763 1924 1260 813 1135 1973 1372 979 1077
591 1545 619 592 886 1112
592 1057 933 1000 1579 1682 1362 1434 799
593 1667 1604 940 942 1019 1427 1049 1271 996 730 1276 954
594 925 917 1815 1048 1533
595 1473 1412 967 616 1482 1287 1389 722 1339
596 1120 1026 643 772 711 1320 1833 1322 1250 1841 1365 964 789
597 1376 1475 1509 678 1799 745 1453 1648 1714 707 1815 1689 701
598 1787 1681 1160 1353 1224 1427 665 1756
599 929 1099
600 865 1282 1733 678 1665 841 1866 1003 1842 1683 920 730 1756 893
601 1133 1575 619 1804 1391 1400 1241 1598
602 923 1124 1287 649 1611 1995 1409 1780 1211
603 993 1988 1962 909 1211 842
604 897 1473 1131 900 662 998 711 1877 982 1561 1057
605 1131 1257 1547 1293 882 1977 985 1311
606 1344 1449 1996 878 944
607 1572 1815 1456 1366 932 1567
608 1366 1638 632 1661 1905 1653 1879 1084 947
609 1185 1419 1932 661 1686 857
610 834 1223 1363 807 914 1107 1204 1301 759 1627 947 1599
611 1408 733 1927 1003 719 913 659 1327 731
612 1731 1847 974 759 1046 1623
613 1091 1388 632 755 756 858
614 1763 854 1021
615 737 1447 1021 1077 922 637
616 1826 719 1587
617 1188 1962 1581 1774 785 1495
618 1925 1999 1884 937 1458 848 1714 764 1791
619 1927 1484 730
620 673 1345 716 1194 1420 1362 1426 1295 1970 755 1844 1878 1919
621 896 1481 1428 1430 1786
622 1126 1262 1593 1119
623 1762 1060 1457 1194 812 945 1814 1111 987 1437
624 1065 1581 854 986 1215
625 1283 1988 1797 1928 1759 1306 1727 1183
626 899 1060 903 845 1428 1627
627 1763 773 1864 940 941 847 1971 1064 1399 655 1886
628 1238 808 887 1773 1008 1778 1367
629 1856 1019 1796 1413 1289 941 657 1589 1193 1464 1946
630 899 721 936 907 753 950 632 634 926
631 1960 1261 1710 1551 1456 1123 1753 1625 1181 1713
632 1024 905 1774 1654 725 1817 920 1402 1596
633 1704 1354 1591 1228 1246 1310 1107 853 1846 1143 1914 1723 1788 1117
634 1891 1910 977 858 831 1791
635 999 1774 1725 1759
636 1824 708 1991 1898 1070 1747 1600 861 1150 1717
637 865 1953 1194 1848 1201 1880 746 1758
638 897 1007 656
639 1249 1378 1061 1665 1679 1473 1716 1076
640 1702 1959 1223 1837 1264 1095 895
641 1152 961 1291 974 1232 918 1847 1882 1594
642 1376 1505 1988 1286 1800 1140 960 698 1919
643 1888 1707 1133 654 1454 1716 703
644 673 1986 1238 1129 1102
645 1152 1472 1635 1198 1263 1552 1362 1908
646 1923 1542 1648 1333 1018 1307 1212
647 1632 705 1157 1480 1962 1164 1458 1040 1106 822 1988 1535 1022
648 676 774 1136 1652 1238 951 670
649 1328 1570 1924 1479 1177 1882 1534 1215
650 1260 1565 1200 1076 1533
651 1120 931 1540 1640 1301 1209 1785 1311
652 1890 1667 1732 1645 1360 1151
653 1411 999 1868 1420 728 1785
654 1358 847 1399 675 1876 727 1886 1957
655 1568 1888 1409 1321 1450 1867 1870 1327 1877 1498 1022
656 1298 1605 1071 1145 1613 731 1791
657 1409 1831 1291 1068 690 1557 825 730
658 1968 1060 777 1162 1515 784 1108 1301 1433 1501 1919
659 1701 1384 906 1227 1772 1850 1595 762 1630
660 1066 1708 1069 1128 1619 981 758 1994 1310
661 1223 1129 1676 1297
662 1577 1579 1325 1181 1534
663 1513 841 1592 1686 969 1368 1690 1722
664 1249 866 1398 845 1775 1947 1340
665 1314 1225 1999 1777 1125
666 1410 1622 1478 1000 1195 1388 1638 857
667 995 1575 1641 783 1207 1215
668 1515 1483 1132 749 1617 884 1018 1628
669 1793 1635 1124 715 1453 1080
670 1257 1546 1148 1785 1626 810
671 1642 1611 1014 1467 1471
672 1315 1862 1641 1552 1844 1750 1847 1945 1948 1021 1886 1954
673 1424 738 1188 1478 1601 747 1680 1968 758 1977 894
674 873 1164 822 855 1051 1916
675 897 1316 1857 1161 1612 1712 797 1726
676 1345 1745 1930 1041 1139 1688
677 1922 1546 1261 981 826
678 958 1865 821 1586 1230 1799 1143 1049 1070 1759
679 1504 1351 1640 1386 935 1839 784 1713 1265 1861
680 1188 1702 1833 1932 985 1108 1367 1113
681 1824 1384 1481 1346 1069 1169 1940 1465 1433 1917
682 1609 1778 724 1207 1371
683 1571 1990 1222 1768 1801 1355
684 1771 1733 1225 1292 1843 982 1880 1077
685 784 997 1633 843 1102 1971 831 1884 801 949
686 1026 772 1296 1106 1139 1982 1811 1819 797 927
687 1379 1477 1387 1677 1776 829
688 1825 1797 1094 1182 876 1486 815 1078 1790
689 1986 1862 1063 1591 1370 1914
690 1418 791 1550 1936 1655 1403 1535
691 1859 1444 1896 1706 1390 1391 1521 697 1309
692 1984 1729 904 873 1612 982 1332 1882
693 1859 870 1161 711 743 1817 932 1511 1563 1341
694 927 1317 1262 1687 1177 1019 1541
695 1056 1249 1803 1719 1721 764 1341 1822
696 1088 1507 1832 1417 810 1297 1684 1023
697 929 963 1412 1372 1548 750 820 996 1212 1955
698 1345 997 775 1034 717 1501 1764 1469
699 1894 967 937 1843 1816
700 1921 1637 1254 942 857 1564
701 1443 1892 1638 1543 1739 1103 1589 1627 1532
702 1107 1539 1700 1398 1800 1577 843 1099 963 1654 1081 1596 1002 1310
703 940 1810 880 1746 1251 1972 1302 1371 1531
704 1121 1468 1994 983 1111 891 829
705 1221 906 1812 1038 1755 1189
706 1547 887 1141 983 1402
707 1123 1700 1287 1480 1239 1128 887 1431 1451
708 994 1099 1547 781 1265 786 1844 793 760 1753 1949 1695
709 801 1474 1480 1871 1074 1271 1499 1724 1661 1438
710 1538 1163 1381 1073 1354 811 1205
711 1698 1444 776 877 1586 1176 729 734 1557
712 1504 1216 1960 841 970
713 1058 875 941 1552 1272 1138 727 882 1693
714 769 1954 1435 1703 937 1038 1328 1105 1170 1591 1119
715 1921 771 1007 1522 1464
716 944 1912 1756 1245
717 1952 928 1739 1153 1850 1103 1776 817 1299
718 1093 1480 1457 755 1143 1688
719 1572 1921 811 1709 943 1160 1521 1383 1271 1852 1471
720 1601 1090 1606 778 1230 1519 1847 879
721 1494 1999 760 756 1850 1629 895
722 1952 1864 1526 1274 1693
723 1283 1896 1621 1277
724 1157 1766 1064 905 1934 946 1987 1262 1822
725 932 1513 1675 1424 754 1116
726 1895 1646 1533 1022
727 1408 1270 1703 1117 982 1503
728 1252 997 1686
729 1473 1383 1668 1087 1946
730 897 1245 1810 1875 1045 1530 1628 1406
731 1761 1573 1830 1353 1719 1272 1946 1855
732 1603 773 1030 1451 1172 917 1334 1112 1369 1789 1758 901
733 869 1487 1200 1534 1334 1404
734 998 1037 1391 1052 893
735 1184 878 803 1812 1143 1499
736 999 749 1272 1371 827 954
737 1025 1219 1476 1125 870 1462
738 1379 1478 1601 1192 1485 1000 1470
739 1153 1670 999 1226 1229 1202 1300 1337
740 1728 1729 1570 1984 753 1746 1173 1531 1276 1245
741 960 1848 1684 1727
742 1602 1614 1040 1587 1430 763 1916
743 1696 1122 1703 1623 1687
744 801 1772 1867 1588
745 1121 1897 747 787 1148 1496 1310
746 1155 1930 1199 1212 1302 1881
747 1281 1783 1837 976 1649 1975 1881 1695
748 1381 1515 1006 1840 761 894
749 1635 869 1767 892 1645 1971 955 1989
750 1984 996 1160 1868 1458 1487 1105 1138 820 1916
751 1121 1063 755 1814 1208 1113
752 1058 1903 1296 1204 1208 763 1725 766
753 816 1063 1384 1356 1136 1073 1618 1715 949 1121 1180
754 799 1506 1443 1299 1429 1290 1903 1489 1426 1043 887 1114 1885
755 1024 1475 812 1035 1112 853 1376 1081 958
756 1871 1949 1899 973 1485 1904 1330 1406
757 1496 1394 1206 1725
758 834 1702 1006 1898 1839 1294 1814 1727 853
759 785 1489 1204 856 1348 1050 1150
760 1507 907 1588 1913 1627 1340
761 1091 1700 966 1538 912 1023
762 1730 1227 1157 906 1419 1740 1661
763 1344 1335 1350 1657 1417 1355 1213 1713 1066 1140 1129 1433
764 1732 1928 1882
765 773 1096 872 1907 1789 767
766 1312 1700 1319 1192 971 1581 1233 1202 1749 1031 857
767 1412 1570 1533
768 1666 1029 1706 974 1391 1234 1012 1237 1239 1177 1082 1051 1146
769 1787 1691 872 779 1629 816 882 1144 1885
770 1442 850 1623 1372 1693
771 1602 1028 1646 1494 1497 988
772 1568 1680 1092 1925 897 1192 1737 1995 1842 1232 913 1554 917
773 805 1805 1373 1320 1497
774 1734 1202 1487 1938 1558
775 1838 1606 1722 1772 908 1903 1786 1326 1118 1437 1470 895
776 1327 1937 1272 1850 1854 1119
777 1283 1911 963
778 804 1480 1067 1424 1939 821 1975 1626 1397
779 1568 1632 1604 1225 1325 1967 1232 1181 1854
780 1800 1118 1551
781 1891 1734 1381 1739 1806 816 1439 1913 859 1311
782 1217 1932 1199 1915
783 1409 1282 1030 1927 1389 910 946 1529 1274
784 866 1481 1522 1147
785 1376 1937 1910 1221
786 898 1931 1689 1468
787 1792 1986 1420 1616 1204 1053 1950
788 1856 1808 847 1232 1137 1430
789 946 819 1846 1437 1439
790 1281 1411 1131 1901 881 1084
791 1441 1890 1347 1380 1253 1030 1857 1643 813 952 1564
792 931 1031 845 1203 1783 987 1180
793 864 1968 1994 1361 948
794 1248 1448 1353 1575 1870 1082 1182
795 1541 966 814 1096 1715 1274 1628 1790
796 1836 1164 851 1620 1722
797 1641 1258 1443 1206 953 1925
798 1686 1934 1423 879 1142 1275
799 1121 1351 1675 1456 1799 1724
800 832 1760 1138 1459 1018 1628 1594
801 1216 1507 1158 1185 1034 1591 1809 1054 1144
802 1737 1804 1198
803 1348 1809 1129 1548 1872 1012 1749 1976 1118
804 816 1474 1699 1451 1485 1265 1268 1657 1881
805 1728 1888 900 1854
806 1376 1188 1066 882 1677 816 1106 1619 1460 1301 1558 1044
807 1776 1188
808 1515 1300 1560 859
809 1282 833 1644 1677 1071 1080 1273 861
810 896 1203 1547 845 975 987
811 1793 1579 967 1379 910 1614 1178 1307
812 1344 1280 1058 1545 1452 975 828
813 832 1120 1958 1009 1771 1712 1268 1270
814 1666 1155 1770 1867 1560 1079 1291
815 836 872 1322 1620 1845
816 1091 1669 1128 1577 1067 1487 1715 1113 1947 1501
817 1536 866 1443 1451 1588 1599
818 1889 838 1223 1648 1879 1978
819 1667 1927 1673 843 1324 1389 1048 1946
820 1729 1942 1681 1704 1580 1391 1393 1012 1262 918 1113
821 864 1835 1420 1705 976 969 963 1367 1255
822 1465 1179 1054 831
823 1258 1751 1750 855 1275
824 1253 1160 938 837
825 1291 943 854 1943 1019
826 1184 1410 1773 947 1922
827 1795 1732 919 1613 1076 1572 1083 1916
828 1708 1705 1838 1041 1049
829 833 1000 1388 1488 1134 857 1246
830 1008 1412 1601 1968 1809 1044
831 1350 1255 1118 1912 959
832 835 1511 1018 1746 1756
833 1768 1930 1520 887 1753
834 1814 1433 1792 1755 958
835 1827 1580 1905 1882 923
836 1149 1773 1355 1005 1305 1050 1339 1818
837 979 1620 1721 1306
838 935
839 963 1670 1461 1232 1974 1277 1503
840 1541 870 961 913 915 982
841 866 1931 1897 1590 1210 1337
842 1767 850
843 1088 1327 1432
844 1605 907 845 1010 1972 1812 1690 1501 1406 965
845 1062 1036 1519 1075 853 1654 1111 1055
846 1088 1699 1352 970 1131 1326 1816 1664 1725
847 1287 1368 1044 1083
848 1349 1492 1534
849 1600 1474 931 1114
850 1925 1927 940 1174
851 1920 869 1862 1130 1711 1203 1524 1882 1791
852 1506 1700 1834 1263 1522 1561 1496 1881 1788
853 1540 1799 1688 1690 1567 1184 1707 1072 1970 957 960 858 1633 1387 1006 1144
854 1152 1923 892 1138
855 1971 1712 1324 913 979 1373 895
856 1648 1986 907
857 1764 1072 1116 1742 1531
858 1356 1903 1363 1976 1284 1434 1813
859 1794 1959 1455 1240 1871 1858 1246
860 869 1845
861 1219 1348 1386 947 1844 1463 1528 1786
862 864 1988 1905 1522 1339 1406 959
863 1507 1899 1039 1874 1300
864 992 1095 933 1990 1036 1650 1772 1134 920 1690 1851 1850 1749
865 1056 1097 972 984 1196 1460 1801 884 1631
866 1664 1062 1720 1517 1493 1178
867 1857 1634 1379 1574 1514
868 960 1222 1293 1465 1658 987
869 992 1056 1190 1014 1464 1338 1758
870 1771 1291 1969 1107 1435 1642
871 1926 1231 1625
872 1286 1159 1262 1681 1721 1915
873 1409 1155 1379 1378 1614 1197 974
874 1024 935 1904 1041 1652 1080 926
875 1508 1957 1895 1045 1199 1235 1797 1880 1886
876 1125 966 938 1743 1427 1460 1565
877 1828 1737 1771 908 1582
878 1605 999 1105 1012
879 1968 1223 1326 1169 1682 950 1950
880 1723 1951 1029 1194 1483 914 1174
881 999 971 1932 1166 1367 1031 1977
882 975 1502 1661
883 1315 902 1964
884 1794 1925 892 1194 1790
885 1985 1061 1736 1581 1363 1990
886 1331 1865 915 1812 1879 1388 1583 1407
887 1206 1066 1006 1615 1264 1960 1682
888 1156 1420 1361 1909
889 1024 1123 901 1809 1281 1648 1745 1749 1209
890 1256 1290 1931 1356 1263 1362 1339 1630
891 1857 1316 1057 1249 1500 1575 1804 1838 1810 1895 1599 1365
892 1668 1575 1738 1486 1040 1525 1371 996 1471
893 1314 1493 1847 1461 1487 1534 1722 1692
894 1344 1221 1088 1715 1654 1815 1308
895 1527 1616 948
896 1254 936 971 1067 1203 1683 1270
897 1092 1920 1864 1622 1295
898 1552 996 1862 1165 1934 1791
899 1769 1208
900 1472 1127 1401
901 1472 1226 1454 1839 1822
902 1602 1668 1738 1004 1901 1934 1880 1082 925
903 1986 1414 1431 1218 1367 1439
904 1025 1445 1489 1609 1104 1065 1466 1530
905 1665 1484 1869 1106 1822 1526 1236 988 1662
906 1792 1775 1724
907 1832 1705 1264 1522 1814 1851
908 1280 1345 1931 1000 1582 1713 1881 1050
909 1738 1709 1719 1212 1770 1086 1215
910 966 1416 1353 972 1712 1731 1018
911 930 1125 1564 1962 1570 1628
912 1380 1704 1513 1644 1677 1906 1684 1309
913 1830 1585 1529
914 1861 1431 1038 1231 1682 1367
915 1284 1959 1671 1776 1600 1722
916 1003 1208
917 929 1731 1863 1554 1268
918 1435 1353 1208 1721 1659
919 1837 1958 1137 1908 1848 1796 1245
920 1025 1924 1713 1128 1131 1038 1299 1348 1084 1941
921 1504 1093 1611 1328
922 1866 1484 1364 1848 925
923 1665 1900 1845 1177 1243 1564
924 1443 1513 1354 982 1336 1749
925 1665 1251 1988 1157 1473 1418 955 1359 1862 1182
926 1824 945 1108 1595 1939 1087
927 1089 1819 1412 1316 1313 1392 953 1971 1849 1663 1533 1535
928 1474 1387 935 1991 1011 1885
929 1568 1314 1667 1349 934 1183 1439 1304 1371 1820
930 1441 1669 1132 1587 1151
931 1603 1893 1414 1740 1773 1094 1914 1244
932 1072 1639 1705 1644 1648 1463 985 1664
933 1008 969 1002 1799 1717 1751
934 1122 1574 1825 1896 1162 1803 1612 1602 1235 1518 1046 1398 1461
935 1043 1839 1041 1267 1438 1782 985 1630
936 1891 1156 1710 1753 1402 1405
937 1248 1025 1993 1070 1054 1365 990
938 1793 1666 1862 1670 1900 1518 1391 1780 1289 972
939 1152 1572
940 1894 1579 1328 1172 1272 1604 1875 1052
941 1728 1130 1589 1166 1341 1585 1946 1212 1365
942 1984 1870 1179 1014 1951
943 1356 1876 1176 1245 1854
944 1536 1024 1386 1678 1904 1682 1366 1335 1081 1114 1147
945 1335 1410 1573 1066 1072 957
946 1542 1802 1602 1270 1271 1130
947 1168 1864 1452 1428 1333 1879 1214 1311
948 1448 1899 1517 1084
949 1413 1084
950 1769 1613 1522 1513 1112
951 1222 1422 1359 1335 1596
952 1302 1059 1604 1770 1360 1849 1125
953 1542 1642 1932 1277 1104 1373
954 1269
955 1569 1542 1532 1240 1119
956 1217 1828 1101 1465 1860 989
957 1540 958 1481 1581 1741 1470 1887
958 1801 970 1772 1562
959 1930 1214 1650 1749 1911 1375
960 1419 1800 1218 1714 1462 1147
961 1568 1156 1267 1447 1980 1484 1613 1526 1491 1333 1942 1915 1276 1498 1077
962 993 1253 1575 1842 1803 1573 976 1298 1379 1908 1876 1275 1190
963 1453
964 1611 1342 1803 975 1635 1598 1876
965 1136 1583
966 1250 1899 1291 1460 1454
967 1472 1155 1101 1572 1841 1045 1301 1080 1523 1796 1594 1343
968 1760 1232 1777 1938 1909 1304 1146 1447 1690 1343
969 1345 1348 1703 1354 975 1238 1455 1823
970 1985 1481 1775 1619 1813 1850 1375 1311
971 1413 1868 1138 1205 1434 1861
972 1316 1111 1780 1276 1854
973 1090 1323 1330 1973 1688
974 1666 1064 1803 1490 979 1269 1623
975 1216 1044
976 1285 1481 1872 1592 1147 1724
977 1195 1669 1169 1961 1704 1389 1489 1682 1366
978 1913
979 1193 1325 1453 1235 1018 1821 1758
980 1890 1643 1523 1400 1979
981 1920 1999 1559
982 1313 1963 1212 1948 1934 1391 1401 1533
983 1729 1187 1420 1573 1638 1039 1489 1042 1331 1769 1368 1146
984 1699 1962 1291 1746 1077 1162
985 1377 1383 1581 1615 1626 1118
986 1505 1831 1847 1819
987 1872 1316 1547 1424 1717 1402 1451 1759
988 1862 1251 1557 1529
989 1124 1870 1733 1077 1302 1176 1882 1034 1957
990 1568 1767 1194 1360 1276 1623 1758
991 1313 1378 1190 1097 1133 1454 1681 1554 1077 1341 1781
992 1955 1732 1962
993 1510 1192 1199 1584 1628 1981 1845
994 1665 1986 1202 1228 1281 1922
995 1680 1510 1863 1194 1645 1231 1427 1014 1259 1176 1659 1660 1982
996 1635 1941 1306
997 1990 1718 1748 1001 1834 1196 1426 1044 1814 1049 1051 1567
998 1152 1124 1508 1572 1993 1867 1101 1137 1790 1241 1368 1594 1245
999 1543 1383 1562
1000 1678 1978 1783 1532
1001 1158 1640 1074 1722 1126
1002 1264 1986 1256 1747 1844 1340
1003 1543 1624 1353 1813 1369 1435 1758
1004 1425 1487 1462
1005 1152 1094 1386 1229 1165 1054 1039
1006 1218 1768 1740 1361 1240 1020
1007 1027 1327 1235 1302 1467
1008 1066 1294 1043 1664
1009 1472 1040 1589 1082 1951
1010 1544 1897 1878 1370 1502
1011 1249 1083 1693 1819 1982 1183
1012 1409 1093 1107 1555 1106 1651 1752 1460
1013 1512 1131 1587 1852
1014 1173 1526 1613
1015 1156 1038 1625 1279
1016 1921 1096 1516 1072 1620 1324 1531 1181
1017 1058 1955 1995 1037 1295 1680 1585
1018 1679 1976 1822 1503
1019 1248 1360 1028 1313 1864 1292 1833 1848 1924
1020 1763 1575 1491 1144 1177
1021 1697 1512 1555 1630 1048 1466
1022 1028 1483 1977
1023 1767 1704 1939 1272 1242
1024 1185 1922 1540 1960 1514 1618 1653 1723
1025 1900 1454 1172 1584 1371 1822 1503
1026 1541 1608 1869 1490 1623 1276
1027 1101 1971 1146 1309
1028 1825 1196 1392 1437 1855
1029 1096 1641 1709 1556
1030 1254 1938 1493 1302 1263 1471
1031 1702 1286 1705 1100 1495 1977
1032 1435 1804 1190 1895
1033 1312 1251 1284 1061 1610 1293 1963 1227 1972 1494 1723
1034 1381 1298 1814
1035 1824 1478 1074 1588 1398 1145
1036 1507 1318 1299 1909 1897 1625
1037 1248 1929 1389 1357 1560 1622 1993 1662 1855
1038 1506 1736 1303 1426 1342
1039 1735 1481 1134 1807 1073 1778
1040 1174 1146 1790 1336
1041 1419 1481
1042 1136 1297 1596 1406
1043 1764 1128 1713 1310
1044 1931 1066 1547 1596 1117
1045 1288 1612 1767 1864 1843 1112
1046 1235 1609 1325 1971 1271 1982 1951
1047 1682 1588 1782 1053
1048 1553 1492 1438
1049 1216 1440 1073 1163 1390 1168 1430 1817 1305 1051 1893
1050 1762 1443 1927 1939 1108 1748
1051 1926 1362 1204 1655 1114 1413
1052 1408 1166 1804 1358 1270 1819
1053 1264 1853
1054 1187 1963 1133 1102 1074 1909 1142 1844 1549 1477
1055 1222 1099 1644 1999 1936 1074 1686 1978
1056 1884 1918
1057 1059 1415 1358 1459 1678
1058 1347 1508 1447 1991 1361 1882 1819
1059 1442 1235 1288 1539 1673 1212 1663
1060 1376 1590 1446 1169 1654 1179 1834
1061 1323 1452 1357 1969 1911
1062 1893 1532
1063 1543 1558 1407
1064 1105 1992 1641 1835 1712 1750 1876 1820 1957
1065 1665 1730 1795 1859 1524 1130
1066 1986 1186 1545 1837 1742 1650 1279
1067 1414 1639 1740 1069 1505 1813 1084 1342
1068 1921 1353 1584 1731 1275
1069 1095
1070 1872 1264 1084 1072 1842 1440 1108 1238 1468
1071 1680 1219 1624 1596
1072 1432 1256 1346 1171 1407
1073 1288 1885
1074 1216 1772 1294 1362 1141 1600
1075 1992 1737 1524
1076 1441 1219 1092 1637 1786 1725
1077 1609 1524 1183 1598
1078 1248 1894 1149 1785 1882
1079 1192 1152 1794
1080 1507 1265 1961 1626
1081 1090 1480 1266
1082 1860 1831 1746 1181
1083 1796 1990 1296 1859 1923
1084 1672 1753 1228 1838 1456 1684 1750 1623 1626
1085 1473 1957 1853 1678 1821 1237 1533
1086 1250 1392 1526 1271 1530
1087 1891 1842 1785 1562
1088 1257 1405
1089 1196 1574
1090 1505 1131 1226 1899 1838
1091 1168 1300 1549 1720 1401 1210
1092 1444 1565 1374
1093 1757 1300 1927 1577 1197 1327 1426 1961 1245 1247
1094 1664 1990 1786
1095 1114 1501
1096 1826 1967 1608 1637 1870 1450
1097 1537 1929 1130 1132 1473 1235 1974 1307
1098 1627 1637 1446
1099 1495 1747 1396 1326 1850 1695
1100 1156 1350 1449 1661
1101 1999 1192 1642 1798 1560 1382
1102 1633 1214 1546 1335 1135 1630 1375
1103 1250 1638 1223 1872 1586 1935 1775
1104 1655 1800 1938 1418
1105 1379 1427 1133 1241 1710
1106 1729 1484 1500 1791
1107 1540 1286 1576 1452 1139
1108 1710
1109 1984 1641 1578 1548 1746 1620 1365 1462 1946
1110 1602 1404 1516 1241 1884
1111 1190 1208 1689
1112 1922 1788 1708 1266 1113 1115
1113 1932 1501 1470
1114 1136 1762 1219 1582 1238 1340
1115 1921 1761 1464 1804 1936 1560 1426 1585
1116 1913 1976
1117 1824 1527 1832 1131 1233 1398
1118 1188 1415 1398 1145 1914 1279
1119 1608 1253 1937
1120 1539 1672 1706 1804 1955 1948
1121 1202 1671 1772 1180 1842 1300 1759 1980
1122 1856 1997 1371 1557
1123 1222 1751
1124 1953 1190 1409 1916 1819
1125 1585 1205 1176
1126 1153 1154 1814 1691
1127 1510 1197 1647 1236
1128 1184 1319 1999 1909 1689 1370 1695
1129 1857 1170 1366 1689
1130 1856 1552 1233 1516 1624 1493 1161 1875 1885
1131 1837 1543 1340 1549 1780 1214
1132 1447 1820 1721 1988
1133 1314 1447 1518 1807 1938 1459 1566 1622 1534
1134 1216 1890 1403 1768 1906 1627 1469
1135 1288 1529 1309
1136 1506 1446 1906 1443 1663
1137 1729 1827 1415 1272 1177
1138 1250 1260 1777 1641
1139 1605 1292 1267 1524 1780 1306 1946
1140 1671 1233 1443 1401 1950
1141 1376 1661 1689 1759
1142 1512 1288 1450 1928 1659 1258 1662 1637
1143 1413 1517 1465 1434 1950
1144 1692 1443 1708 1517 1748 1785 1786 1823
1145 1809 1470 1335 1755
1146 1613 1304 1848 1874
1147 1934 1906 1525 1188
1148 1281 1649 1384 1233 1364
1149 1284 1319 1930 1354 1227 1903 1586 1625 1853
1150 1664 1221 1351 1897 1932 1522 1619
1151 1988 1862 1418 1666 1969 1514
1152 1460
1153 1597 1858 1893 1807 1811 1396 1902 1823 1509
1154 1319 1616 1330 1850
1155 1890 1828 1423 1333 1882 1706 1471
1156 1606 1431 1528 1562 1405
1157 1888 1731 1860 1205 1622 1988 1589
1158 1264 1840
1159 1888 1377 1560
1160 1198 1761 1258 1933 1304 1401 1713
1161 1612 1302 1822
1162 1857 1622 1289 1707 1508 1424 1848 1436
1163 1284 1446 1517 1169 1398 1208
1164 1283 1820 1948 1868 1635 1996 1797
1165 1298 1901 1234 1236
1166 1803 1937 1966 1422 1754
1167 1376 1638
1168 1463 1625 1751 1772 1257 1980
1169 1824 1230 1330 1749
1170 1479 1945 1560 1467
1171 1520 1699 1649 1768 1559 1273 1951
1172 1862 1719
1173 1412 1622
1174 1665 1623 1613 1550
1175 1946 1343
1176 1761 1368 1533
1177 1635 1728 1938
1178 1413 1481 1205 1815 1620 1279 1209 1567
1179 1687 1209 1885 1310 1685
1180 1266 1366 1527 1724
1181 1380 1589 1371 1918
1182 1622 1662
1183 1450 1422 1394 1719
1184 1238 1293 1865 1391 1652 1385
1185 1571 1704 1228 1806 1551 1744 1233 1488 1390
1186 1478 1384 1840 1976 1881 1279
1187 1381 1976 1274 1691
1188 1536 1411 1675 1543 1406 1285 1727
1189 1996 1582 1881 1818
1190 1236 1493 1981
1191 1551 1434 1639 1546
1192 1282 1607 1234 1927 1752 1241
1193 1542 1767 1712 1719 1886
1194 1259
1195 1633 1926 1625 1397
1196 1698 1607 1235 1847 1435
1197 1729 1347 1769 1391 1987 1457 1761
1198 1795 1380 1225
1199 1408 1863 1554 1338
1200 1923 1541 1593 1659
1201 1794 1861 1678 1459 1982 1951
1202 1774 1364 1400 1242 1813
1203 1745 1947
1204 1932 1773 1629
1205 1519 1428 1434
1206 1446 1581 1438 1311
1207 1760 1988 1670 1227 1395 1332 1302 1748
1208 1506 1421 1972
1209 1477 1800 1577 1469 1566
1210 1768 1451
1211 1264 1575 1292
1212 1992 1803 1347 1687
1213 1384 1394 1950
1214 1351 1874
1215 1537 1603 1740 1354 1548 1979 1524 1462 1372 1249 1882
1216 1809 1677
1217 1423 1425 1459 1908 1719 1663
1218 1473 1520 1561 1596 1599
1219 1666 1659 1940 1541 1638 1313 1262 1392 1873 1781 1861 1916 1535
1220 1755 1403
1221 1231 1558 1465
1222 1742 1789
1223 1457 1336
1224 1364 1370
1225 1472 1738 1304 1502
1226 1795 1772 1485 1457 1940 1653 1496 1913
1227 1798 1638 1744 1297 1496
1228 1743 1566
1229 1576 1549 1335 1753
1230 1344 1606 1650 1844 1481 1944 1337
1231 1832 1261 1871 1294 1434 1909
1232 1794
1233 1411 1244 1676 1507 1783 1722
1234 1920 1831
1235 1733 1425 1781 1967
1236 1665 1797 1488
1237 1821
1238 1840 1452
1239 1254 1272 1951 1535
1240 1536 1256 1743 1340
1241 1826 1670 1707 1870 1557
1242 1985 1545 1838 1363 1689 1402 1661
1243 1916
1244 1477 1878
1245 1514 1943 1548 1357
1246 1963 1786
1247 1347 1572 1862 1737 1453 1566 1854 1973
1248 1955 1604 1989 1450 1770 1557 1908
1249 1696 1915 1647 1459 1726
1250 1929 1894 1789
1251 1821 1884 1613 1993
1252 1944 1652 1334 1563
1253 1989 1466 1503
1254 1280 1706 1687 1678 1603
1255 1735 1996 1362 1744 1914
1256 1895 1329 1465 1905
1257 1420 1299
1258 1287 1873 1981
1259 1442 1928 1611 1934 1811 1945 1530
1260 1585 1780 1589 1945 1614
1261 1676 1610 1648 1339 1405
1262 1445 1494 1611 1288 1778 1780 1637
1263 1632 1418 1643 1965 1566
1264 1308 1383 1788 1509
1265 1700 1868 1705
1266 1391
1267 1760 1508
1268 1410 1616 1521 1683 1976 1583 1563
1269 1732 1416 1572 1423 1946 1557
1270 1283 1555
1271 1472 1334 1964 1965
1272 1799 1560 1830 1760 1355 1295 1757
1273 1513 1756
1274 1732 1767 1981 1738 1304
1275 1687 1845
1276 1357
1277 1955 1766 1287 1804 1476
1278 1991 1911 1913
1279 1669
1280 1434
1281 1680 1713 1561
1282 1349 1928
1283 1504 1537 1826 1987 1805 1951
1284 1686 1745 1902 1434 1413
1285 1392 1745 1717 1592
1286 1734 1355 1356
1287 1750 1705 1908
1288 1621 1833 1324 1841
1289 1793 1471
1290 1352 1488 1384 1402 1753 1424 1981
1291 1681 1458
1292 1607 1389 1486
1293 1481 1400
1294 1744 1657
1295 1418 1843 1790
1296 1859 1575 1673 1526 1306
1297 1376 1479 1511 1803 1899
1298 1728 1572 1863 1938 1884 1502 1645
1299 1890 1556 1684 1370 1342
1300 1520 1785 1658 1791
1301 1540 1625 1786
1302 1966 1333 1666 1908 1613
1303 1702
1304 1945
1305 1551 1411
1306 1659 1521 1418 1557 1956 1343
1307 1672 1712 1494 1487
1308 1986 1868 1515 1361 1684 1983
1309 1894 1521
1310 1431 1909 1571 1402 1911
1311 1571 1741 1872 1765
1312 1905
1313 1637
1314 1981 1365 1334
1315 1952 1539 1541 1641 1579 1359 1660 1821
1316 1927 1608 1934 1903 1603
1317 1564
1318 1536 1390 1871 1434 1469
1319 1930 1522 1367 1370
1320 1672 1594
1321 1989 1665 1994 1870 1875 1679
1322 1928 1371
1323 1723
1324 1668 1529
1325 1540 1624
1326 1376 1417 1674 1747
1327 1426 1395 1756
1328 1570 1670 1493
1329 1376 1708 1536
1330 1899 1388 1410 1581
1331 1844 1821
1332 1379 1799 1848 1758
1333 1957 1857 1473 1535
1334 1673 1422 1391 1971 1615
1335 1846
1336 1834 1967 1428
1337 1674 1420 1630
1338 1492 1459 1556 1498 1884
1339 1413 1639 1455 1595 1982 1477
1340 1400 1868
1341 1793 1681 1937 1594 1982
1342 1376 1377 1772 1935 1840 1742 1626 1909
1343 1825 1423 1565
1344 1844 1657 1941
1345
1346 1440 1959 1487 1586 1695
1347 1563 1598
1348 1860 1396
1349 1942
1350 1442 1400 1439
1351 1413 1813
1352 1543 1775 1469
1353 1472 1729 1927
1354 1456 1397 1818
1355 1897 1527 1658
1356 1755 1891 1930 1373
1357 1571 1724 1386 1935 1649 1844
1358 1794 1401
1359 1995 1523 1498 1692
1360 1984 1442 1672 1550 1780 1533
1361 1764 1480 1818
1362 1762 1513 1430 1433 1695
1363 1889 1753
1364 1650 1704 1976 1407
1365 1756 1707
1366 1985 1829 1597 1691 1596
1367 1420 1735
1368 1642 1966 1870 1399 1418
1369 1902 1847 1435
1370 1739 1644 1741 1844 1598
1371 1993 1647 1470 1822
1372 1607 1415 1530
1373 1863 1666 1810 1750
1374 1730 1382
1375 1478 1741 1489
1376 1745 1468
1377 1390 1622 1661
1378 1965
1379 1732 1553 1719 1540 1752 1564 1541
1380 1859 1943 1746 1678 1391
1381 1669 1963 1470
1382 1632 1863 1580 1847
1383 1922 1507 1449 1420 1970 1652 1722
1384 1556
1385 1408 1702 1607
1386 1952 1749 1910 1935
1387 1736 1451 1588 1685
1388 1664 1601 1892 1414 1845 1701
1389 1709 1607 1553 1916 1693
1390 1446 1768 1400 1885 1438 1727
1391 1698 1670 1479 1926 1876 1578
1392 1393 1502 1494
1393 1412 1521 1491 1973
1394 1410
1395 1574 1915
1396 1600 1823
1397 1632 1669 1734 1753
1398 1977 1941
1399 1570 1667 1962 1891
1400 1485 1432
1401 1574 1834 1579 1934 1816 1497 1525
1402 1787 1743
1403 1905 1932 1710 1751 1935 1532
1404 1953 1766 1529
1405 1837 1715
1406 1536 1591 1720
1407 1654 1488 1543 1520 1562
1408 1575 1577 1827
1409 1761 1512 1454
1410 1558
1411 1922 1917 1734 1991 1580 1431 1528 1567
1412 1862 1544 1866 1709 1491 1555
1413 1763 1774
1414 1606
1415 1928 1939 1908 1982 1951
1416 1902 1621 1448 1965 1578 1676 1613 1948
1417 1484 1940 1881 1562
1418 1587
1419 1708 1485 1590
1420 1640 1695 1661 1727
1421 1505
1422 1859 1992 1875
1423 1984 1894 1987 1530 1854
1424 1474 1606
1425 1794 1945 1434
1426
1427 1628
1428 1952 1644 1913
1429 1985 1931 1488 1616 1657 1851
1430 1442 1928 1453
1431 1456 1878 1480 1648
1432 1800 1465
1433 1615 1782 1906
1434 1885 1887 1740
1435 1762 1703 1716 1948 1791
1436 1632 1842 1763 1750
1437
1438 1953 1986 1801 1649
1439 1922 1496 1465 1947 1886
1440 1735 1685 1814
1441 1921 1512 1864 1580 1870 1553 1628 1637
1442 1462 1866 1964 1680 1563
1443 1671 1682 1460
1444 1611 1767
1445 1933 1587 1811 1918 1471
1446 1700 1944
1447 1594 1614
1448 1875 1811 1812 1563
1449 1872 1522 1558 1851
1450 1828 1833 1870
1451 1505 1865 1932
1452 1769 1723
1453 1730 1993 1707 1918
1454 1824 1980
1455 1710 1741
1456 1912 1561
1457 1957 1813 1786
1458 1700 1894 1997 1716 1758
1459 1923 1479 1870 1494
1460 1569 1962 1620
1461 1927 1550 1863 1711
1462 1574 1929 1557
1463 1713 1996 1936 1625 1759
1464 1933 1520 1810 1884 1758
1465 1792 1991 1540 1783 1785
1466 1831 1673 1849
1467 1568 1637 1934 1746
1468 1831 1897 1547 1499
1469 1893 1834 1480 1951
1470 1823 1765 1658 1983
1471 1523 1746 1877 1989
1472 1479 1847
1473
1474 1654 1800 1517 1773 1719
1475 1904 1527
1476 1696 1804 1974
1477 1927 1671 1618
1478 1488 1684 1814 1783
1479 1600 1816 1750 1880
1480 1903 1626 1583
1481 1489
1482 1792 1895 1681
1483 1635 1700
1484 1646 1587 1500
1485 1985 1596
1486
1487 1843
1488 1736 1741 1743 1872 1844
1489 1868 1616 1685
1490 1953
1491 1783 1860
1492 1634 1895 1841
1493 1614
1494 1923
1495
1496 1963
1497 1655 1979
1498 1612 1552
1499 1507 1749
1500 1889 1831 1841
1501
1502 1637 1777 1804 1623 1925 1662 1631
1503 1900 1937
1504 1825 1763 1966 1564
1505 1986 1559 1853
1506 1891 1998 1787
1507 1868 1688 1807
1508 1697 1603
1509 1725
1510 1737 1938 1966 1554 1556
1511 1552
1512 1608 1980 1831 1752 1886
1513 1599 1861 1897
1514 1728 1735 1937
1515 1773 1818 1898
1516 1693 1955 1981 1882
1517 1571 1722 1883 1695
1518 1696
1519 1540 1615 1626
1520 1536 1935 1685 1885
1521 1760 1620
1522 1571 1975 1684 1823
1523 1763 1623
1524 1544 1709 1714 1974
1525 1547 1956 1675
1526 1810
1527 1606 1582
1528
1529 1589 1719 1781
1530
1531 1798 1862
1532 1627 1930 1747 1722
1533 1952 1945 1756
1534 1924
1535 1574 1771 1651 1942 1564 1693
1536 1896 1718
1537 1761 1967 1852
1538 1616
1539 1732 1613 1947
1540
1541 1565 1802
1542 1921 1849
1543 1858 1893 1812
1544 1738 1898 1716 1731
1545 1749
1546 1633 1749 1846
1547 1835 1708 1837 1850
1548 1796
1549 1633 1682 1699 1683 1976 1899
1550 1954 1647 1907 1855
1551 1710 1775
1552 1921 1869 1845 1737 1738 1982
1553 1672 1997 1882
1554 1584 1908
1555 1613 1668
1556 1729 1680 1804 1645 1678 1712 1810 1958 1880
1557 1569 1642 1589
1558 1711 1990 1977 1917
1559 1801 1740 1617
1560 1647
1561 1990
1562 1685 1597
1563 1805 1860
1564 1628 1584 1726
1565 1651
1566 1841 1907
1567
1568 1617 1982 1828
1569 1635 1733 1987
1570 1869
1571 1813 1976
1572 1760 1842 1802 1943
1573 1995 1866 1602 1875 1756
1574 1811
1575
1576 1866
1577 1991 1803 1758
1578 1958 1831 1584 1585 1876
1579 1624
1580 1679
1581 1865
1582 1860 1654
1583 1699 1625 1785 1745
1584 1771 1942 1962
1585 1758 1886 1854
1586 1931 1762 1682 1754 1695
1587 1668 1993 1922 1974 1882
1588 1851
1589 1847 1655
1590 1606 1682
1591 1640 1705 1933 1597 1727
1592
1593
1594 1934 1877 1660
1595 1742 1628 1599
1596 1837
1597 1765 1639 1897 1652 1625
1598 1869
1599
1600 1683
1601 1970 1788
1602 1796
1603 1833 1992 1623 1835
1604 1842 1938
1605 1894 1709
1606
1607 1777 1673 1656
1608 1609 1826 1694
1609 1793 1643
1610 1824
1611 1781
1612 1880 1866
1613 1646
1614 1952 1803 1732 1750 1687
1615 1695
1616 1953
1617 1861 1692 1994 1704
1618 1764 1644
1619 1996 1872 1657 1853
1620 1988 1882 1981
1621
1622 1928 1945
1623 1895 1737 1828 1971
1624 1953 1964
1625 1734
1626 1813 1840 1652
1627 1794
1628 1797 1973 1974
1629 1879
1630
1631 1728 1886 1687
1632 1643 1989 1737 1823 1637
1633 1931
1634 1752
1635 1948
1636
1637 1988 1886
1638 1639 1812 1850
1639 1990 1932
1640 1702 1742 1875 1973 1914 1996
1641 1646 1680
1642 1646
1643 1668 1816
1644 1723 1713
1645 1716
1646 1936 1886
1647 1789 1969 1940
1648 1756
1649 1773 1906
1650 1897
1651 1992
1652 1685
1653 1745
1654
1655 1857 1807
1656 1813
1657 1851
1658
1659 1890 1958 1847
1660 1831 1987
1661 1772 1712 1718 1815 1701
1662 1678 1993
1663
1664 1740 1718
1665 1841 1877
1666 1708 1997 1709
1667 1752
1668 1703
1669 1837
1670 1936 1958 1780 1697
1671 1991 1691 1791
1672 1927 1843 1748 1875
1673 1900 1876
1674 1910
1675 1814 1917
1676 1705
1677 1998 1782 1723 1725
1678 1989 1929 1771 1769
1679 1696 1860 1797 1966 1848
1680 1989 1934
1681 1697 1795 1707
1682
1683 1949
1684 1696 1891
1685 1809
1686 1696 1960
1687 1991
1688
1689
1690 1730 1801
1691 1768 1740
1692 1728 1853 1961 1912
1693 1895 1999
1694 1738
1695 1772 1904
1696
1697 1894
1698 1900 1776
1699 1891 1798
1700 1773 1722
1701 1861 1744
1702 1942 1743
1703
1704 1933
1705 1899
1706 1777 1877
1707 1738 1934 1789
1708 1801 1715 1720
1709 1923 1988
1710 1926
1711 1884
1712 1760 1841
1713 1966 1720 1975
1714 1862
1715 1903
1716 1841
1717 1723 1906
1718
1719 1758
1720 1932 1912 1919
1721 1956 1866 1903
1722 1986
1723
1724
1725 1947 1897 1931 1838
1726 1796 1963
1727 1903 1891 1829
1728 1900 1936
1729 1920 1811 1982
1730 1927
1731
1732 1763
1733
1734 1991
1735 1911 1834
1736 1858
1737 1771 1859 1754
1738
1739 1972
1740 1932 1914
1741
1742 1979
1743 1889
1744 1898
1745 1838 1840
1746 1921 1915 1992 1791
1747 1762 1805 1851
1748 1906
1749 1911 1786
1750
1751 1906 1812
1752
1753 1844 1785 1778 1878 1972
1754 1827 1915
1755 1837 1775
1756 1770 1790
1757 1795 1860 1951
1758 1911 1836 1915
1759
1760
1761 1803
1762 1764
1763 1880
1764 1939
1765
1766
1767
1768 1824
1769
1770 1869
1771
1772 1947
1773 1978
1774 1991 1939 1785
1775
1776 1798
1777
1778 1976
1779 1888 1784 1882
1780
1781 1882
1782 1999 1968
1783 1850
1784 1802 1831
1785 1872
1786
1787
1788
1789 1886
1790
1791 1925
1792 1824 1994
1793 1795 1859
1794 1921
1795 1855
1796 1852
1797 1866
1798 1829 1926 1930
1799
1800 1958 1801
1801
1802 1928 1832
1803
1804 1900
1805 1923
1806 1809 1943 1881
1807
1808
1809
1810 1811
1811 1979 1846
1812
1813 1998
1814 1922 1875 1823
1815 1961
1816
1817 1978
1818 1998
1819 1863
1820
1821
1822 1849
1823
1824
1825 1856 1923 1982
1826
1827 1867
1828 1987
1829
1830 1859 1927
1831
1832
1833
1834 1925
1835
1836
1837 1897 1912
1838 1932 1846 1919
1839 1877
1840
1841 1848
1842
1843 1845
1844
1845 1975
1846
1847
1848 1915
1849 1969 1938 1877
1850
1851
1852
1853 1910
1854
1855 1992
1856 1925 1933 1997
1857 1930
1858
1859 1933
1860 1994
1861 1960
1862 1938 1966
1863
1864
1865 1892 1906
1866 1881 1880 1876
1867
1868 1897 1887
1869 1884
1870
1871
1872 1898
1873
1874 1905 1910
1875 1958 1966
1876 1995
1877
1878
1879
1880 1956
1881
1882 1933
1883 1910
1884 1928
1885 1910
1886 1953
1887
1888 1995
1889
1890
1891
1892
1893 1956
1894
1895
1896
1897 1911
1898 1947 1985 1980
1899
1900 1993
1901
1902
1903
1904 1939
1905
1906 1913 1941
1907 1921 1993
1908 1945
1909
1910
1911
1912
1913
1914 1996
1915 1943
1916
1917
1918
1919
1920 1921
1921
1922
1923 1951
1924
1925 1942
1926 1999
1927
1928
1929
1930
1931
1932
1933
1934 1943
1935
1936
1937
1938
1939
1940
1941
1942
1943 1969
1944
1945 1955
1946 1951
1947
1948
1949
1950
1951
1952 1954 1957
1953
1954
1955 1986 1982
1956
1957
1958
1959 1983
1960
1961
1962
1963
1964 1965
1965
1966
1967
1968
1969
1970
1971
1972
1973
1974 1980
1975 1976
1976
1977 1996
1978
1979
1980 1984
1981
1982
1983
1984
1985
1986
1987
1988
1989
1990
1991
1992
1993
1994
1995
1996
1997
1998
1999
[1, 0, 0, 1, 0, 0, 0, 1, 0, 1, 1, 1, 1, 1, 1, 1, 0, 0, 0, 0, 1, 1, 0, 0, 0, 0, 0, 0, 1, 0, 0, 1, 1, 0, 0, 0, 0, 0, 0, 0, 1, 0, 0, 1, 0, 1, 0, 1, 1, 1, 0, 0, 1, 1, 0, 0, 0, 0, 0, 1, 0, 0, 1, 0, 0, 1, 0, 0, 1, 1, 0, 1, 1, 1, 0, 1, 1, 0, 1, 1, 0, 1, 0, 1, 1, 0, 0, 1, 1, 1, 1, 0, 0, 1, 1, 0, 1, 1, 0, 0, 0, 0, 0, 0, 0, 0, 0, 1, 0, 0, 0, 1, 0, 1, 0, 0, 1, 0, 1, 1, 0, 0, 1, 0, 1, 1, 0, 1, 0, 0, 1, 1, 1, 0, 1, 1, 1, 1, 0, 0, 1, 0, 1, 1, 0, 1, 0, 1, 0, 1, 0, 1, 1, 1, 0, 0, 1, 1, 1, 0, 1, 0, 0, 1, 1, 1, 1, 0, 0, 1, 1, 0, 1, 1, 1, 1, 0, 1, 0, 0, 1, 0, 1, 1, 1, 1, 0, 0, 0, 0, 0, 0, 1, 1, 1, 1, 0, 0, 1, 0, 0, 0, 0, 0, 1, 0, 1, 0, 1, 0, 1, 0, 0, 1, 1, 0, 1, 1, 1, 1, 0, 0, 0, 0, 1, 1, 1, 0, 1, 0, 1, 0, 0, 1, 1, 0, 1, 0, 1, 1, 1, 0, 0, 1, 1, 0, 0, 0, 0, 1, 0, 1, 1, 1, 1, 1, 0, 1, 0, 1, 1, 0, 0, 1, 1, 1, 0, 1, 1, 1, 1, 1, 1, 0, 1, 1, 0, 0, 0, 0, 0, 1, 1, 1, 1, 0, 1, 0, 1, 1, 1, 1, 0, 0, 1, 1, 0, 0, 0, 0, 1, 0, 0, 1, 0, 1, 0, 1, 0, 1, 1, 1, 0, 0, 0, 1, 0, 0, 1, 0, 0, 1, 0, 0, 0, 1, 1, 1, 1, 0, 1, 0, 1, 1, 1, 0, 0, 0, 1, 1, 0, 1, 1, 0, 0, 0, 1, 1, 1, 0, 0, 0, 1, 0, 0, 0, 0, 0, 1, 1, 0, 0, 0, 1, 0, 0, 1, 0, 1, 1, 0, 1, 0, 1, 0, 0, 1, 1, 1, 0, 1, 1, 0, 0, 1, 0, 0, 0, 0, 1, 1, 1, 1, 1, 1, 1, 1, 0, 1, 1, 1, 0, 0, 0, 0, 0, 0, 0, 1, 1, 1, 0, 0, 0, 0, 0, 0, 0, 1, 1, 1, 1, 0, 0, 1, 1, 0, 0, 0, 1, 0, 1, 0, 1, 1, 0, 0, 0, 1, 1, 1, 0, 0, 0, 0, 0, 1, 0, 1, 1, 0, 0, 0, 1, 0, 0, 1, 0, 1, 1, 1, 0, 0, 1, 0, 0, 1, 1, 1, 1, 1, 1, 1, 1, 1, 0, 1, 0, 1, 1, 0, 0, 0, 1, 0, 0, 1, 1, 0, 1, 0, 0, 0, 0, 0, 1, 0, 0, 1, 0, 0, 1, 0, 0, 0, 0, 1, 0, 1, 1, 1, 0, 1, 1, 1, 1, 0, 0, 0, 1, 0, 1, 0, 0, 1, 1, 1, 0, 0, 1, 0, 0, 1, 1, 1, 1, 0, 1, 0, 0, 1, 1, 1, 0, 0, 0, 1, 1, 1, 1, 1, 0, 1, 0, 1, 0, 0, 0, 1, 0, 1, 1, 1, 1, 0, 0, 0, 0, 1, 0, 0, 1, 1, 0, 0, 1, 1, 1, 0, 0, 1, 0, 1, 0, 0, 1, 0, 0, 1, 0, 0, 1, 1, 0, 0, 0, 0, 1, 0, 1, 0, 0, 0, 0, 0, 1, 1, 1, 1, 1, 1, 0, 0, 1, 0, 0, 0, 1, 0, 0, 1, 1, 0, 1, 0, 0, 1, 0, 1, 0, 1, 1, 1, 1, 1, 1, 1, 0, 0, 0, 1, 0, 1, 0, 1, 0, 0, 0, 1, 0, 0, 1, 0, 1, 0, 0, 0, 0, 1, 1, 1, 1, 0, 1, 1, 0, 1, 0, 0, 0, 1, 0, 0, 1, 0, 0, 1, 1, 1, 1, 1, 1, 0, 1, 0, 1, 0, 1, 0, 1, 0, 0, 0, 0, 0, 0, 1, 0, 1, 0, 0, 1, 1, 0, 1, 1, 1, 1, 1, 1, 1, 0, 1, 0, 0, 0, 1, 1, 1, 0, 1, 1, 0, 0, 0, 1, 0, 0, 1, 0, 0, 0, 0, 0, 0, 1, 0, 0, 1, 1, 0, 1, 0, 0, 1, 1, 0, 1, 1, 0, 0, 1, 1, 1, 1, 1, 1, 1, 1, 1, 1, 1, 1, 1, 0, 0, 1, 0, 0, 1, 0, 0, 0, 0, 1, 1, 0, 1, 1, 0, 1, 1, 0, 0, 1, 1, 1, 1, 0, 0, 1, 0, 1, 1, 0, 0, 0, 0, 1, 1, 0, 1, 0, 1, 1, 0, 1, 1, 1, 1, 1, 0, 1, 0, 0, 0, 1, 1, 1, 0, 0, 1, 1, 0, 0, 0, 1, 0, 1, 1, 1, 1, 0, 1, 1, 0, 1, 0, 1, 0, 0, 1, 0, 1, 1, 1, 1, 0, 0, 1, 0, 0, 1, 1, 0, 0, 1, 1, 1, 1, 0, 1, 1, 1, 1, 0, 1, 0, 1, 0, 0, 1, 0, 0, 1, 0, 0, 0, 0, 1, 0, 1, 1, 0, 0, 1, 1, 1, 1, 1, 1, 0, 0, 0, 1, 1, 1, 0, 0, 1, 0, 0, 0, 1, 0, 0, 1, 1, 1, 0, 0, 0, 1, 0, 1, 1, 1, 0, 0, 0, 1, 0, 0, 0, 1, 0, 1, 0, 1, 0, 0, 1, 1, 1, 0, 1, 1, 0, 0, 0, 0, 0, 0, 0, 1, 1, 0, 1, 1, 1, 1, 1, 0, 0, 0, 0, 0, 1, 1, 1, 1, 0, 0, 0, 0, 1, 0, 0, 0, 1, 1, 1, 0, 1, 0, 1, 1, 1, 1, 0, 0, 1, 0, 1, 0, 1, 0, 1, 0, 0, 0, 0, 0, 0, 1, 0, 0, 1, 0, 1, 1, 1, 1, 0, 0, 1, 1, 0, 1, 0, 1, 0, 0, 0, 0, 1, 0, 0, 0, 0, 0, 0, 0, 1, 1, 0, 0, 0, 0, 0, 0, 1, 0, 1, 1, 1, 1, 0, 1, 1, 0, 1, 1, 1, 1, 0, 0, 1, 0, 1, 1, 1, 0, 1, 1, 1, 0, 0, 0, 0, 1, 1, 1, 1, 0, 0, 1, 1, 0, 1, 1, 0, 1, 1, 1, 0, 0, 0, 0, 0, 1, 1, 0, 0, 1, 0, 0, 1, 1, 0, 1, 1, 0, 0, 1, 1, 0, 0, 1, 1, 1, 0, 1, 1, 0, 0, 0, 1, 1, 0, 0, 1, 1, 1, 1, 0, 1, 1, 1, 0, 0, 1, 0, 1, 0, 0, 1, 0, 1, 1, 0, 1, 0, 0, 1, 0, 1, 0, 0, 0, 1, 1, 0, 1, 1, 1, 0, 1, 1, 1, 1, 0, 0, 1, 1, 0, 1, 0, 1, 0, 0, 0, 0, 1, 0, 0, 0, 1, 1, 1, 0, 1, 0, 0, 0, 0, 0, 0, 1, 1, 1, 0, 0, 0, 1, 1, 1, 1, 1, 1, 0, 1, 0, 0, 0, 1, 0, 0, 0, 0, 0, 0, 1, 1, 1, 1, 1, 0, 1, 1, 1, 0, 0, 1, 1, 0, 1, 0, 1, 0, 1, 1, 1, 1, 1, 0, 1, 1, 1, 1, 1, 1, 0, 1, 0, 0, 0, 0, 1, 0, 1, 0, 1, 0, 1, 0, 1, 0, 0, 0, 0, 0, 1, 0, 0, 1, 1, 1, 0, 0, 0, 1, 0, 0, 1, 1, 1, 0, 1, 0, 0, 0, 0, 1, 0, 0, 0, 0, 1, 1, 1, 1, 0, 0, 1, 1, 1, 0, 0, 0, 1, 0, 0, 1, 1, 0, 0, 1, 0, 1, 1, 1, 0, 1, 0, 1, 0, 0, 1, 0, 1, 1, 1, 0, 0, 0, 0, 0, 1, 1, 0, 0, 0, 1, 0, 0, 1, 0, 0, 1, 1, 1, 0, 0, 0, 1, 1, 1, 0, 1, 1, 0, 1, 0, 1, 1, 1, 0, 1, 0, 1, 1, 1, 0, 1, 1, 1, 1, 0, 0, 0, 1, 1, 1, 1, 0, 1, 1, 0, 0, 1, 0, 0, 0, 0, 1, 1, 1, 0, 0, 0, 1, 0, 1, 1, 1, 1, 1, 1, 0, 1, 0, 0, 0, 1, 0, 1, 1, 1, 0, 1, 0, 1, 1, 0, 1, 1, 1, 0, 0, 1, 1, 0, 1, 1, 0, 0, 1, 0, 1, 1, 1, 0, 0, 1, 0, 1, 0, 1, 1, 0, 1, 1, 1, 1, 0, 0, 1, 1, 1, 1, 0, 0, 1, 0, 0, 1, 0, 0, 1, 0, 1, 1, 0, 0, 1, 1, 1, 0, 0, 0, 0, 0, 1, 0, 1, 0, 0, 1, 1, 1, 0, 0, 0, 1, 1, 0, 1, 1, 0, 1, 1, 0, 0, 0, 1, 0, 0, 1, 1, 0, 0, 0, 0, 0, 1, 1, 0, 0, 1, 0, 1, 0, 0, 0, 1, 1, 1, 0, 1, 0, 0, 0, 1, 0, 1, 0, 1, 0, 1, 1, 0, 1, 0, 0, 0, 0, 1, 1, 0, 0, 0, 1, 0, 0, 0, 1, 0, 1, 0, 1, 0, 0, 1, 0, 1, 1, 1, 0, 1, 0, 1, 0, 0, 0, 0, 0, 0, 1, 1, 0, 1, 1, 0, 0, 0, 0, 1, 0, 0, 0, 1, 0, 0, 0, 0, 1, 0, 0, 0, 0, 1, 1, 1, 0, 0, 1, 0, 1, 0, 1, 1, 1, 0, 0, 1, 1, 1, 0, 1, 1, 1, 0, 0, 0, 0, 1, 0, 0, 0, 1, 0, 0, 0, 0, 1, 1, 1, 1, 1, 0, 0, 0, 0, 0, 1, 1, 1, 0, 1, 1, 0, 0, 1, 0, 0, 1, 0, 1, 1, 1, 0, 0, 0, 1, 0, 0, 0, 1, 1, 1, 0, 1, 1, 1, 0, 0, 1, 1, 0, 0, 1, 0, 0, 1, 0, 0, 0, 0, 1, 0, 1, 0, 0, 1, 1, 1, 1, 0, 0, 0, 0, 1, 1, 1, 1, 1, 0, 1, 1, 1, 1, 1, 0, 0, 1, 0, 0, 0, 1, 1, 1, 1, 0, 1, 1, 0, 0, 1, 0, 1, 0, 0, 1, 0, 1, 0, 1, 1, 0, 1, 0, 1, 1, 1, 1, 0, 1, 0, 0, 0, 0, 0, 0, 1, 1, 1, 0, 0, 1, 1, 1, 1, 1, 1, 1, 0, 1, 1, 1, 0, 1, 0, 1, 0, 1, 0, 0, 0, 1, 0, 0, 1, 0, 1, 1, 0, 0, 1, 1, 0, 0, 1, 1, 1, 1, 1, 0, 1, 0, 0, 0, 1, 1, 0, 1, 1, 1, 1, 0, 0, 0, 1, 0, 0, 0, 0, 0, 1, 1, 1, 1, 0, 0, 0, 0, 1, 1, 0, 1, 0, 0, 1, 1, 1, 1, 0, 1, 1, 0, 0, 0, 0, 1, 1, 0, 0, 0, 0, 1, 0, 0, 1, 0, 1, 0, 0, 1, 1, 1, 1, 0, 0, 0, 1, 0, 1, 0, 0, 0, 1, 1, 0, 1, 0, 0, 0, 0, 1, 0, 0, 1, 0, 0, 0, 1, 0, 0, 1, 0, 0, 1, 1, 0, 1, 0, 0, 0, 1, 1, 0, 1, 0, 1, 0, 1, 0, 1, 0, 1, 0, 1, 1, 1, 0, 0, 0, 1, 1, 1, 0, 0, 0, 1, 1, 1, 1, 0, 0, 1, 1, 1, 1, 1, 1, 0, 0, 1, 0, 1, 0, 0, 1, 0, 0, 0, 1, 0, 0, 0, 1, 1, 1, 0, 0, 1, 0, 0, 0, 1, 1, 1, 0, 0, 1, 0, 0, 1, 0, 1, 1, 0, 0, 0, 0, 0, 0, 0, 0, 1, 1, 1, 0, 1, 0, 0, 0, 0, 1, 0, 1, 0, 1, 0, 0, 1, 1, 1, 1, 0, 0, 0, 0, 1, 0, 1, 1, 0, 0, 0, 1, 1, 0, 0, 1, 0, 1, 0, 1, 1]