#/home/brian/Documents/summer17/Python/VEC/scripts/make_SBM_graphs.py
# GMT Thu Jul 27 21:51:54 2017
# 
0
1 473 1501 1919
2 1825 323 1603 1541 1790
3 562 1146 894 1326 551
4 485 598 1239
5 1592 969 86 925 214
6 1874
7 1983 1429 127
8 1414 1678
9 337 1434 1891 973
10 1726 1415
11 1514 660 1391
12 874 915
13 1545 884 174
14 1481 1986 1478 1174 486
15 1264 1057 1941 881
16 1608 1521 1532 678 201
17 353 1956 1892
18 1264 1330 159
19 1896 1707
20 306 1419 829 1755
21
22 1762 508 657 1267 668 1087
23 1412 1999 1545 1519 849 1915
24 1896 1634 595 1830 783
25 402 1308 1830
26 1364 1231
27 697 251 708 182
28 673 1638
29 288 254 295
30 1891 980
31 224 872 1195 1916
32 160 540 460
33 1435 1335
34 1386 1908 213 319
35 1387 1966
36 257 1320 715 367 210 1725
37 177 1642 1683 1076
38 1274 612 285
39 873 1566 230 709
40 1730 1359 573 981
41 304 1761 1276 285 1438
42 778 1300
43 1541 1138 845 1170 1656 429
44 1884
45 1004 938 404 1561 1967
46 1081 853
47 929 1539 1657
48 201 1687 660 181 1375
49
50 672 1849 459 1825
51 217 1082 878
52 1712 729 1374
53
54 713 890
55
56 696 233 975
57 627 1891 1235 612 1215
58 1640 249 178 1398 150
59 845 326
60 138 443 1346
61 1817 355 430 751
62 1385 1815
63 604 645
64 1329 1922
65 992 1720 845 1302 911
66 1703 1710 1015
67 1306 1083 1750 159
68 1440 752 1946 115 676
69 72 1513 1562 934
70 1624 1842 1203 1341
71 833 1378 1994
72 449 1658 106 718
73 852 313 1658 1692 1535
74 1058 876 1421 830
75 1669 1163 76 1261 1434 1343
76 1989
77 304 729 1475 367
78
79
80 1472 132 1753 1721 1787 1181
81 1858 1459 1108 1045
82 386 530 1014
83 572 1885
84 282
85 344 577 850 1898 871
86 99 615 520 1643 1012 1021
87 588
88 319
89 361 916 268
90 320
91 1216 705 1699 846 1678 859
92 1531
93 780 1244 1478
94 1705
95 1619 1684 942 1743
96 248 1385 1696 1951
97 145 1195
98 1441 1814 839 552 362 1872 278 954
99 289 510 1973 229
100 994 987 1206 1654
101 1026
102 1483 1597 1917
103 1304 1223
104 788 487
105 602 471 1068 1586 1583
106 1053
107 779 778 875 644
108 1113 1084 1310
109 1400 568 184 780 1158
110 1096 1930 327
111 1504 1243 133 749 408 378 1147
112 1948 1340 461
113 1424 1985 1093 902
114 1640 419
115
116 290 1219 1796 1929 691 1240 1500
117 512 618 1419 647
118 1434 229 1231
119 121 167
120 1234 548 741 694
121 1710 261 902
122 392
123 459 847
124 643 331 813 625 564 1913
125 829 1918 301
126 1608 1763 1125 303
127 195 248 1787 925 1919
128 1931 884 1006 351
129 761 683
130 292 1002 1460 441
131 1222
132 1408 192 1912 983
133 329 474 1715 997
134 804 397 493
135 1062 1053 230
136 1339 1613 1159
137 1042 1278
138 1009 1381
139 269 1675 1676 1277 1151
140 1257 1355 435
141 209 823 1270 695
142 1472 1537 707 265
143 808 1626
144 516 1559
145 1760 936 1168 1782 1374
146 995 1779 1684 1365 534 348
147 1172 437 1278
148 1355 797 1479 1311
149 466 1267
150 928 1105
151 554
152 1321 1709 894
153 937 1898
154 1992 1415
155 1164 268 626 725 1654 794
156 832 1638 215
157 841 530 1065
158 1858 164 718
159 1046 1135
160 1224 947 820 1886
161 384 1178 1053 1766
162 1608 1309
163 1272 785 1738 328
164 1904 1354 1597
165 753
166 1600
167 1902 822
168 315 1836 991
169 356 1267 892 453 1526
170 454 1255 1544 1710 1615 1913 1339 255
171 1860 1350
172 199 1932 1421 1102 370 219
173
174 1179 788 733 1815
175 1995 636 926 1878
176 1129 1674 867
177 1954 1860 1193 270 947 1077 1655 1614
178 464 561 1603 1566
179 196 1030
180 1809 1557
181 1583
182 1572 613
183 1870
184 1690 1411 270
185
186 1312 1182
187 628
188 789 1957
189 857 283 303
190 1961 514 411 1910 1790
191 1896 1316 1295
192 726
193 1500
194 1768 1874
195 199 1361 242 1587 596 631
196 343 892 1486 1615
197 1251 1996 469 214
198 1746 1002
199 1741 369 1714 1923
200 244
201 1782 758 1455
202 1052 1989 1694
203 681 1725 1174 1815
204 1633 1772 1097
205 1848 1832 1124 1285 654
206 1804
207 736 1153
208 309
209 427
210
211 1665 1066 1907 310
212 674 407
213 1080 573
214
215 1350
216 792 1182 439
217 1592 272
218 1273 326
219
220 484 539 1252 1813
221 940 950 1758
222 1824 565 309
223 1328 931
224 560 1359
225 1963 292 477
226
227 1426 1044 375
228 1872
229 301
230 1255 1173
231 408
232 346 1030 1846 551
233 1808 1920 557 671
234 1985 623 337
235 379
236 1690 1015
237 876 1686
238 613 1287 1930 596 1302 862 639
239 1352 629 1535
240 1653 1374 1645
241 1323 1988
242 1339 1274
243 1810 1525
244 384 1811 1086 761
245 776 756
246 1992 1741 1486
247 1601 265 857 647
248 1569 1165
249 344 480 1739
250 893 526
251 901 1311
252 1137 469 963 1597 1775
253 1392 864 1507 968 1111
254 1319 339 693
255 1757 805 775
256 1637
257 962 498
258
259 408 986 651 1311
260 664 1744 587 281
261
262 1217 843
263 917 782 1941 294 743
264 1713 1210 1139 1234
265 1866 1995 1940 1500
266 1740 981
267 1952 657 411 1020 1660
268 1413
269 1537 1682 961
270 1557 678
271 1936 361 1194 354 1433
272 1819 848 635 1660 957 1499
273 888 1021
274 1147 298 699 374 475
275 368
276 1083 1668
277 672 1769
278 536 806
279 1912 1287
280 547 1031 876 1047 345 351
281 977 1674 981
282 608 547 1299
283 1640 560 1207
284 1368 925 1311
285 1686 445
286 657 1406
287 816 1287
288 400 971 1631
289 1579 1583 443 1479
290 1153 335 1562 699 605
291 1093 1270
292 995 519 1448 816
293 1476
294 1819 1444
295 993 580 950 1295
296 808
297 1479 495
298 963 580 421 1993 986
299 1906 1156 1399
300 1145
301 565 830 1871
302 803 1157
303 1504 1187 445
304 1144
305 450
306 1397
307 1506 475 1762
308 516 719 1465 1880 420 1244
309 612 1133 1021 1329 452 445
310 1216 718 1335
311 1556
312 377 1830
313 1203 1137 495
314 1195
315 752
316 1434 1818 381 1902
317 1930 1398 902 1053
318 1920 597 1782 605
319 1960 1267 1975 1464 1657
320 387 1170 742 1351
321 1840
322 1489 1772 1837 582
323 1664 1394 1626 507
324 1504 979 1348
325 816 1348 1885 1062 1207
326 488 588 1261 591 949
327 1288 674 790 1343
328 442 1436 965 1214
329 1371 1204 1303
330 572 1508
331 1748 1623 1751
332 510
333 1096 1419
334 1814 1701 1278
335 794 1630 895
336 1064 1665
337 1229 1502 1471
338 1532 1475 452 1270
339 1097 1868 1295
340 1770 1580 765
341
342
343 372
344
345 347 846
346
347 1948
348 1091 1450 1598 383
349 864 1187 779 1294 816 466 1044
350 1129 388 1125 1614
351 996 926 1537
352 818
353 1085 453 1327
354 1447 1260 501 1646
355 571 773 1198 1901
356 1868 1828 989 1838
357 1132 1159
358 1052 1076 1757
359 632 919
360 1083 1347
361
362 1801 555 389
363 738 1662 1223
364 1852 942 599
365 1613 502
366 1178
367 673 1251 369 1955
368 876 974 1234 1560 1341 1502
369 1184 1948 1013
370 1435
371 555 1340 1166 1670 1759
372 1574 1543 1608 809 1051
373 597
374 1977 1611 1628 1005
375 1007
376 1893
377 737 1636 941 743
378 1831 671
379 1131 723
380 384 892 1029
381 920 857 711
382 1048 1721
383
384 1221 813 927 1823
385 1057 1799
386 1233
387 889
388 1473 1250 465 1495 1883
389 1797 1037 1247
390 1344 1015
391 608 635 1243
392 1552 1152 1660
393 1602 1940 1742 974
394 1096 1273 1293
395 554 653
396 690 826
397 1158 1845
398 662 495
399 1986 483 412
400 1936 1387 1639
401 1874 859
402 675
403 1088 1030
404
405 1880
406 657 1283 1196 1542
407 480 1577
408 481 1732 1835 909 818 409
409 643 1885
410 481 1395 469 1558 1487
411 964 521 715 1169 1054 860 1053
412
413 1682 1014 1151
414 1016 945 683
415
416
417 1220
418 841 1135 465 914 1143 987
419 1047
420 1136 1588 644 1915
421 610
422 1008 1905 1698 1139
423 1265 1354
424 624 1825 517 1781
425 1986
426 512 985 562 1106 1934
427 1015
428 1740
429 1509 1006 1031
430 1575 592 1489 1718 1147
431 1227 1254 971
432 1032 1530 451 898 1714
433
434 1168 1901 1894
435 452 1970 774
436 1160 1244 1295
437 624 542
438 850 636 845
439
440 1808 1634
441 785 776 683 625 1106 1462
442
443 675 1758
444
445 1372
446 1928 1188 1518
447 904 490 1075 1709
448 1488 752 1659 1203
449 1232 1862 1798 926
450 1546 1477 534 777
451 554 1909
452 1643 1580 1615 1111 698 1949
453 1842 473 1365
454 680 553
455 1568 1453 750
456 1561
457 682 1453
458 968 1470
459 1553
460 462
461 1866 1582 1894 1646
462 1528 877 1542 1967
463 1698 1981
464 1222
465 1088 517 1734 1809
466 1617 1386 1636
467 1827 1389 1095
468 1173 1142 567
469 1220 614 1948 1722
470 1025 1933
471 553 486 631
472 1376 1336 1354 1126
473 1679
474 542
475 1942 1966
476 1712 1312 1603 1747 1555
477 1098 612
478 1609 786 1436 870
479 1058 1180 1469
480 491
481 1746 1710 1142
482 1056 1893 524 1079 1372 1885
483 1777 539 1382
484 1577 1735
485 1941
486 832
487 1924 748 1877 1687 926 1087
488 1902 715 630 1523
489
490 1600 1144 1702
491 1756 1516 1896
492 1665 1252 1736 1325 499 1206 1655
493 718
494 1306 1100 1554 1573
495 1382 1297
496 1540
497
498 1499 1268 783
499 1961 1076
500 1296 838 1775
501 1796
502
503 1636 1916
504 828 1854
505 669 1527
506 1777 1308 1534
507 1760 1069 1645
508
509
510 848 1147
511 759
512 1287 1389 1177 1914 1276
513 523
514 1798 1948 862 1293
515 599 539 1498 1566 871
516 964 581 817 1367 1220 1534 965
517 1628 1029 1201
518 664 554 589 1629
519 1661
520 1408 923
521 1121 1222 694
522 769 554 1356 941 1085 1087
523 1658 1516 1505
524 1481 1404 1426
525 1717 1390
526 1061 743 1773 1327 536
527 1797 1831 781 1262 979 886
528 889 1490 1172 1485
529 1121 1535
530 1128 683 1040 1075 1398 632 734
531 1496 1324 1477
532
533 1572
534 1200
535 711
536 1546 1790
537 1065 1819 820 979
538 1021 606 719
539 1739 1490 725
540 898 995 1599
541 785 643
542 1372
543 1476 1685
544
545 1203 1251 1014 911
546 1131 860 1231
547
548 677
549 577 1809 599
550 820
551 992 1217 1312 793
552 1008 1095
553 1849 1977
554 656 1618 1386
555 1688
556 1473 1506 1734 913
557 1449 1132
558 602 1363 1780 683
559 937 1231 1297 847
560 1313 892
561 1919 1823 1629 1525
562 1112 1433 655
563 1133 1863
564 1563 899 917 1758
565 1325 686 753 1906
566
567 677 742
568 1520 1907 1007
569 1524
570 1618 855
571 1280 1482 1923 1748 1689 1693
572
573 1507 1534
574 697 722
575 632 1726 1815
576 657 1059
577 1914
578 1031
579 1107 1991
580 896 1903 1492 1368
581
582 1289
583 890 963 964 1430
584 1826 1628 1574
585 1794
586 968
587 627
588 1280 1471 1821
589 1410 869
590 737 1807
591 1498 1079
592 1395 1611 1356 815
593
594 1596
595 1528 1011 1544 848
596 939 1413
597 1184 838 997
598 1339 1867 1307 1220
599 865
600 1391 655
601 1504 836 1693 1757
602 1954 1605 839 1098 1831 1845
603 945 1124 701
604 916
605
606 1250 1160 1359 1141 797
607
608
609 1187 1292 1350
610 767 1814 943
611 1952 1049
612 1381 743 1864 731
613 811
614 1209 1627 654
615 1070
616 1125 1950
617 1956 1895
618 747 1447
619 1875 1979 791
620 784 800 916 1921
621 777 1163 1699
622 929 1859 1150 1697
623 1071 764 1511
624 892
625 1096 1714 1477
626 1561 1604 915
627 1792
628 1378 1767 1615
629 1546 942
630 812
631 684 1373 1694
632 1712
633 683 1437 1333
634 1115
635 1178 855
636 659 804
637 1915 1670 1967
638 1963
639 919
640 988 1099 1828 1119
641 1553 1470
642 1284
643 858 1117
644 1300
645 1476 1508
646 1962 709
647 1413 1096
648 1162 1227 1919
649
650 1865 788 1161
651
652 1142
653 1218 1532 1934
654
655 1040 1686
656 1891 815 1699 1287
657 1954 1356 721
658 1072 1844
659
660 1049
661 1340
662 1321 1854
663 1513 1083 758
664 1063
665 1136 917
666
667 1036 966
668
669 750
670 1760 1598 1335
671 1541 1804 1614 767
672 1284 1733 1354 1468
673 1706 807 1106
674 773 1128 1033 823 817 887 1339
675
676 1432
677 1735 1353 1008 1969
678
679
680 1369 1801
681 987
682 770 1919
683 1802 1519 976 702
684 1327
685 698 699 1772 1333
686 759 1031
687 1614
688 1845
689 1320 1369 1194
690 1809 839
691 700 1946 900 1610
692 1729
693 968 1431
694 1063
695 1425 926
696 977 771
697 1950
698 1864 1954
699 1217
700 1050 1151
701 1048 1021
702 1157 1892 1717 719
703 1547 1220 1022
704 1977
705 1937 799
706 819
707 746 1183 1151
708 1492
709 1173 985 1589
710
711 919
712 1864
713
714 1080 1241
715 1449 1805 1937 1173
716 745 1858 1185
717 1960 1241 1534 927
718
719 982 799
720 1906
721
722 782
723 1851 1652
724 905 1398
725 784 1598
726
727 809
728 1430
729 1576
730 984 813
731 1542
732
733 1394 974 1167
734 757 926
735 795 1661
736 1653
737 1155 1013 839
738 1497 1806
739 1779
740 741
741 790
742
743 1547 1495
744 1128 1937 1476
745 1932 1425 1876 1260 1787
746
747 1602 1997
748 1513
749 1344 1829
750 1890 1772 1103 1296 1309
751 1844
752 845
753 842 1156
754 1502 1447
755 1027
756 1048 1212
757 1391
758 1715 1124
759 1953 1836 1260 1525 1815
760 1923
761
762 1168 1534 1003 1341 1894
763 1932
764 1083 1266 1967
765 1386
766 1128 1676 1316 1232
767
768 1293 1959
769
770 1885
771 1048 1360
772 1481 1335
773 1593 1866 987
774 1106 1740
775 968 1309
776 948 1180
777 1852 1090
778 1056 1661
779 1186 1355 1775 1241
780 1792 1591
781 976 1622 1638
782 1880 1885
783
784 1730 1701 1297 1721 1914
785 1168 1078 1271
786 1604 1612
787 1697 1187 1129 1078 825 1113
788 994 1321 879
789 1525
790 800 1645 1012 1238
791 1801 1859 1250 1359
792 1739
793 1600 1446 1798
794 1666 900
795
796 1400 1401 1420
797 1378 1251 1604 1531
798 889 1167
799 1827 1389 1556 853
800
801
802 1856 1759
803 1100 861 869
804 1603 1190 1929 1109
805 1744 1845 1405
806 1154 1495
807 898 1575 990 1367
808 1658 965
809 1180 1107 1333
810 1414
811
812 1866 845 1454
813 1276 1196 1773
814
815
816 1026 1547 1710 1085 1983 1244 1118
817 1236 1826 1141
818 1092 1017 988 925
819 1816 1313 1839
820 886 1463 859
821 1177 1383 1759
822 1822
823 1598 1759
824
825 1559 978 1879
826 1843
827 1410 1114 1621
828 1042 1130
829 1252 1995 1148
830 920 1164 1918
831 1493
832 1148 1716
833 1137
834 990 862
835 899 1029
836 1206 998
837
838 1776 1052 1614
839 1189 943 1819 1117
840
841 891 853
842 920
843 1592
844 1586 1691 1564 1493 1655
845 1883
846 1123
847 962 1926 1514 1100
848 1706 1547 886
849 1338
850 1252 1382 1436
851 1107 862 1646
852 1672 1307 1959
853
854 1410
855 1313 1384 1807 1242
856 1815
857 1900 1328 1206
858 1652 1397 1654 1755 1949
859 1793
860 1185 1420 1047
861 1316 1550
862 1121 1846 1053
863 1088 1248 1106 950 1032
864 1770 1916
865 1671
866 1601 1279
867 1809 1970 1847
868
869 1027 1374 1926
870 1856 1759
871 1675 1919
872 1092
873 1483
874 946 1318
875 891 1348 1349
876 939
877 1640 1922 1412 1759
878
879 1275 1518 1687
880 1681 890
881 1273 1867
882 1504 1855 1373 1295
883 1002 1807
884 1535
885 1546 1206 1343
886 1205
887
888 1538 1187 1765 1455 1311
889 1974
890 1618 1429 1177
891 1609 1041
892 1416 1236
893 1592 1809 1759 1825
894 1928 1093
895 1474 1862 1524 1175 1338
896
897 1048 1952 1605
898
899 1868
900
901 1908 1085 1207
902 1474 1014
903 1025 1226
904 1405
905 1837
906 1580
907 1419
908 1901 1527
909 971
910
911 1874 1513
912
913
914 1944
915 1789
916
917 1189 938 1339
918 1241
919 1058 966 1533 1151
920 1163 1619
921 1680 1882 1933 1711
922 1688 1815
923 1596 1525
924
925 1437
926 1410 1800 1524
927
928 1653 1263
929 1385
930 963 1831
931 1528 1816 1765
932 1064 1646 1142
933
934 1443 1514 1292 946 1662
935
936 1410
937 1784 1610 1246
938
939 1336 1684
940
941 1078
942 1014
943 1418 1899 1036 1785
944 1645 1183
945 1119
946 1182
947 1331
948 1121 1475
949 1785
950 1770 1803 1484 1855 990
951 1537 1652 1981
952
953 1430
954 1696
955 978 1663
956
957 1868
958
959
960 1993
961 1713
962 999
963 1815
964 1666 1767 1267
965 1506 1387
966 1546 1454
967 1889 1846 1375
968 1864
969
970 1273 1463
971 1095 1801 1453
972
973
974 1053 1981
975
976 1714
977 1587
978 1317 1073 1781 1303
979 1418 1251
980 1339
981 1445
982 1622
983 1410 1898
984
985 1219
986 1244 1773 1677
987 1148
988
989 1521 1970
990
991 1212
992 1472
993 1186 1444 1352 1002 1228 1456 1501
994 1192 1692 1811
995 1683 1117
996 1560 1432 1004
997 1706 1859 1565
998 1843
999
1000 1845
1001 1327 1903 1228 1431
1002 1636 1204 1691
1003
1004 1224 1459 1497 1500 1053
1005 1145 1330 1663
1006 1712 1008 1012
1007 1617 1642 1199
1008 1316 1854
1009 1028
1010 1660 1085 1358
1011 1161
1012 1721
1013 1920
1014 1064 1610
1015
1016 1324 1790
1017 1409
1018 1189 1823
1019
1020 1827 1812
1021 1829 1065 1773 1204
1022 1673
1023 1987 1188
1024 1185
1025 1221 1366 1046
1026 1080 1891 1564
1027 1912 1634
1028 1940
1029 1486
1030 1598
1031
1032 1196
1033 1810
1034 1820
1035 1813 1766
1036 1796 1939
1037 1274 1445
1038 1324
1039 1097 1331 1708
1040 1509 1259 1133 1453
1041 1641 1332 1614
1042 1170
1043 1384 1420 1484
1044 1590
1045 1729 1284 1055
1046 1464 1716
1047 1297 1662
1048
1049 1477 1966
1050 1181
1051 1217 1141
1052 1870
1053
1054
1055 1148 1774 1917
1056
1057 1640 1106
1058 1791
1059
1060 1794 1853
1061
1062
1063 1323
1064
1065 1070
1066 1933 1606
1067 1089 1802
1068
1069 1736 1456
1070 1274 1827 1119
1071 1364
1072 1986 1194 1958
1073 1820 1974 1079
1074 1526
1075 1373
1076 1086
1077
1078 1384
1079 1901
1080 1724 1230
1081
1082 1851
1083 1341
1084 1609 1369
1085 1380
1086
1087 1147 1755
1088 1981
1089 1131 1871 1301 1302 1109
1090
1091 1342
1092 1672 1283
1093 1483
1094 1705 1980 1929
1095 1508
1096 1833
1097
1098 1103 1695
1099 1186
1100 1640 1631
1101 1250 1916
1102
1103 1829
1104 1904
1105 1497 1123
1106 1819
1107 1114 1447
1108
1109 1874 1377
1110 1299 1452
1111 1738
1112 1128
1113
1114 1947
1115 1750
1116
1117
1118
1119 1932 1937 1178
1120 1706 1994
1121 1984 1861 1293
1122
1123
1124 1157 1965 1815
1125
1126
1127 1426 1463
1128 1789
1129 1534
1130
1131 1682 1274
1132 1631
1133 1739
1134 1846
1135 1359 1542
1136 1839
1137 1941
1138 1792 1875 1581 1295
1139 1219 1933
1140
1141
1142
1143 1373
1144 1746
1145 1526 1470
1146
1147 1517 1565
1148 1260 1935 1743
1149 1659 1629 1151
1150
1151 1582
1152 1228
1153
1154 1268
1155 1538 1407 1746 1285
1156 1675
1157 1482
1158 1920 1356 1648 1714
1159 1208
1160 1954
1161
1162
1163 1349
1164 1780
1165 1537 1402
1166 1258
1167 1805
1168 1413 1577
1169 1364 1261
1170 1518
1171
1172 1902 1662
1173 1287 1577
1174 1500
1175
1176 1387 1307
1177
1178 1613
1179 1858 1708
1180 1197 1300 1557
1181 1912 1252
1182
1183 1570 1754 1671
1184 1769 1932 1811 1727
1185 1672 1452 1263 1656
1186 1504 1453
1187 1840
1188 1232 1255
1189 1200
1190 1620
1191
1192
1193 1332 1422 1207
1194 1511
1195 1956 1734
1196 1430
1197 1871
1198 1968 1728
1199 1699
1200 1902 1398
1201 1804 1230
1202
1203 1688 1208 1978 1727
1204 1658
1205
1206 1457
1207 1348 1614 1839 1751
1208 1993 1861 1781
1209 1816 1360 1378 1407
1210
1211 1783
1212 1870 1838
1213
1214
1215
1216 1854
1217 1874
1218 1361 1539
1219 1253 1874 1558
1220 1957
1221 1898 1843 1625 1566
1222 1476
1223 1935
1224 1575 1932 1683 1749 1880
1225 1664
1226 1297 1820
1227 1550
1228
1229 1711 1388 1409
1230
1231 1833 1784
1232 1988
1233 1675 1743
1234 1265 1471
1235
1236
1237 1481 1354 1962
1238 1254
1239 1248 1330
1240 1325
1241
1242 1541
1243 1870
1244 1978 1908
1245 1625 1791
1246 1351
1247 1258 1586
1248
1249
1250 1773
1251 1658
1252 1749 1723
1253
1254 1795 1925 1319 1752
1255 1688 1937
1256 1824
1257
1258 1967
1259 1921
1260 1974 1561 1338
1261 1760 1604 1918
1262 1923
1263 1436 1433
1264 1465
1265
1266
1267
1268 1574 1957
1269 1948
1270 1680
1271
1272
1273
1274 1838
1275 1665 1742
1276 1921
1277
1278
1279
1280 1854
1281
1282 1332 1397
1283 1819
1284 1301
1285 1944 1769
1286
1287
1288
1289 1641
1290
1291 1520
1292
1293 1405 1790
1294 1713
1295 1679
1296 1458 1775
1297 1967
1298 1321
1299 1890 1678
1300
1301 1774
1302 1969 1646
1303 1952 1957 1694
1304 1422
1305 1465
1306
1307 1555
1308 1344
1309 1715 1549
1310 1640
1311
1312 1995 1523
1313 1344
1314 1992 1771 1799
1315 1680
1316 1647
1317 1827
1318
1319 1775 1838 1479
1320 1858 1325
1321 1467
1322 1459
1323
1324
1325
1326 1558
1327
1328 1402 1469
1329 1380
1330 1542
1331
1332
1333 1385 1722 1821
1334
1335 1651 1468
1336
1337 1682
1338 1408 1981
1339
1340 1600
1341 1692
1342 1376 1777 1977
1343 1845 1910
1344 1518
1345
1346
1347
1348
1349
1350 1713 1833
1351 1882 1742
1352
1353
1354 1967
1355 1522 1721 1627
1356 1776
1357 1819 1564
1358
1359
1360
1361 1846
1362
1363 1519
1364 1467 1398
1365
1366 1389 1934
1367 1872
1368 1737 1663
1369
1370 1437 1823
1371
1372 1714
1373 1586
1374 1551 1938 1592 1652
1375 1792
1376 1878 1598
1377 1476 1742
1378 1899 1516
1379 1862
1380 1416 1648 1568
1381
1382
1383 1623 1663
1384 1650 1510
1385 1683
1386 1550
1387 1707 1564
1388 1424 1897
1389
1390 1402
1391 1705 1669
1392
1393 1403
1394
1395
1396
1397 1533
1398 1662
1399
1400 1643 1670
1401 1548
1402 1969 1598
1403 1937
1404
1405
1406 1608
1407 1586 1781
1408
1409 1869
1410 1537
1411
1412 1795 1499
1413
1414
1415 1883 1930
1416 1674
1417 1785
1418 1707 1766
1419
1420
1421 1597 1725
1422
1423 1842 1982
1424 1676
1425
1426 1956
1427
1428 1864
1429 1863
1430 1973
1431 1650 1491
1432
1433
1434 1447 1483 1454
1435 1999
1436 1927
1437 1830 1991 1901 1551
1438 1798
1439 1689 1922 1623
1440
1441
1442
1443 1671
1444 1498 1527
1445 1823 1542
1446 1957 1785
1447 1774
1448
1449
1450
1451 1596
1452 1739 1924 1927
1453 1534
1454 1995
1455
1456
1457
1458 1605
1459
1460
1461 1531
1462
1463 1780
1464 1511
1465 1495 1847
1466 1740
1467 1841
1468
1469 1720 1602
1470
1471
1472 1786 1822
1473 1867 1819 1693
1474 1783
1475 1919
1476
1477 1829 1500
1478 1901
1479 1734 1840
1480 1804
1481 1578
1482 1526 1989
1483 1685
1484
1485 1507 1686
1486 1706
1487
1488 1962
1489
1490 1834 1596
1491 1592 1596 1789
1492 1797 1799
1493 1755 1612
1494
1495
1496 1571
1497
1498 1902 1647 1625
1499
1500 1984 1968
1501 1638
1502 1810 1558
1503
1504 1531 1780 1717
1505 1817
1506
1507 1915
1508
1509
1510 1782
1511
1512 1776 1889
1513
1514 1984
1515
1516 1683
1517 1900
1518 1686
1519 1903
1520 1879
1521 1624 1952
1522
1523 1976 1897
1524
1525 1763 1987
1526
1527 1744 1561
1528
1529 1994
1530
1531
1532
1533 1661 1756
1534
1535
1536
1537 1845
1538
1539
1540 1680 1564
1541
1542 1825
1543
1544 1667
1545 1767 1788
1546 1704 1997 1585
1547 1673 1677
1548
1549 1610
1550
1551 1900
1552
1553
1554
1555 1572 1924
1556 1784 1642 1731
1557 1598
1558 1969
1559
1560 1871
1561
1562 1577
1563
1564 1648 1941
1565
1566
1567 1879
1568
1569 1772
1570
1571 1699
1572 1876
1573 1811 1868
1574
1575 1896 1952
1576
1577 1682
1578
1579 1749
1580 1751
1581 1856 1999
1582
1583
1584 1893
1585
1586 1978
1587 1706 1697
1588
1589
1590
1591 1911
1592
1593
1594
1595 1915
1596 1802
1597
1598 1871
1599
1600 1937
1601 1939
1602 1604 1995
1603
1604
1605 1608 1780
1606
1607
1608 1628
1609 1865
1610
1611
1612 1727
1613 1691
1614
1615 1765 1864
1616
1617 1667
1618
1619 1913 1730
1620 1760
1621 1625
1622
1623 1762
1624 1767
1625
1626
1627
1628
1629
1630
1631 1691
1632 1666 1650
1633 1774
1634
1635
1636
1637
1638 1787
1639
1640
1641
1642
1643 1644
1644
1645 1940
1646 1890
1647 1873
1648
1649 1750
1650 1765
1651
1652
1653 1682
1654
1655
1656
1657
1658
1659 1900 1938 1906 1749
1660 1768 1850
1661
1662
1663 1989 1847 1787
1664 1962
1665 1702 1930
1666 1672 1761
1667
1668 1700
1669 1872
1670
1671
1672
1673
1674
1675 1777
1676
1677
1678
1679 1832 1911 1743
1680 1921
1681
1682
1683
1684
1685
1686
1687
1688 1969
1689
1690
1691
1692 1969
1693 1880
1694
1695
1696
1697
1698
1699
1700 1725
1701
1702 1904
1703
1704
1705 1898
1706 1835
1707
1708 1950
1709
1710
1711
1712
1713
1714
1715 1753 1899
1716 1924
1717 1803
1718
1719
1720 1806
1721 1866
1722
1723
1724
1725
1726
1727
1728
1729 1768 1984 1834
1730
1731
1732 1787 1812
1733 1928 1997
1734 1892
1735
1736
1737 1973 1895
1738
1739
1740
1741 1932
1742
1743 1779
1744
1745
1746 1776
1747
1748
1749
1750 1874 1798
1751 1867
1752
1753
1754 1959 1934
1755
1756 1802
1757 1955
1758
1759 1955
1760
1761
1762
1763 1901
1764
1765
1766
1767 1967
1768 1837
1769
1770
1771
1772
1773
1774
1775
1776
1777 1878
1778
1779 1985
1780
1781 1790
1782 1999
1783
1784
1785
1786
1787 1808 1973
1788
1789
1790
1791
1792
1793
1794
1795 1855
1796
1797
1798
1799 1955 1960 1922
1800
1801
1802
1803 1920 1899 1879
1804
1805
1806 1984
1807 1939
1808
1809 1941
1810
1811
1812
1813
1814
1815 1901
1816
1817
1818
1819
1820
1821
1822
1823
1824
1825 1870
1826
1827 1972
1828
1829
1830
1831
1832
1833
1834
1835
1836
1837
1838
1839 1887
1840
1841
1842
1843
1844
1845
1846
1847
1848
1849 1891
1850 1918
1851
1852
1853
1854
1855 1957
1856
1857
1858
1859
1860
1861
1862
1863
1864
1865 1892
1866
1867 1992
1868
1869
1870 1972
1871
1872
1873 1938
1874
1875
1876
1877
1878
1879
1880 1886
1881
1882
1883 1980
1884
1885
1886
1887
1888
1889
1890
1891
1892
1893
1894
1895 1983
1896
1897
1898
1899 1923
1900
1901
1902
1903
1904
1905 1932
1906
1907
1908
1909
1910
1911
1912 1945
1913
1914
1915 1963
1916
1917
1918
1919
1920
1921
1922
1923
1924
1925
1926
1927
1928
1929
1930
1931
1932
1933
1934
1935
1936
1937
1938
1939
1940
1941 1944
1942 1950
1943
1944
1945
1946
1947
1948
1949
1950 1974
1951
1952
1953 1984
1954
1955
1956
1957 1990
1958
1959
1960
1961
1962
1963
1964
1965
1966
1967
1968
1969
1970
1971
1972
1973
1974
1975
1976
1977
1978
1979
1980
1981
1982
1983
1984
1985
1986
1987
1988
1989
1990
1991
1992
1993
1994
1995
1996
1997
1998
1999
[0, 1, 0, 0, 1, 1, 0, 1, 0, 1, 0, 0, 0, 1, 0, 1, 1, 1, 1, 1, 1, 1, 1, 1, 1, 1, 0, 1, 1, 1, 1, 1, 1, 0, 1, 1, 0, 1, 1, 0, 1, 0, 1, 0, 1, 0, 1, 1, 1, 1, 0, 1, 0, 0, 0, 1, 1, 1, 0, 0, 1, 0, 0, 0, 1, 0, 1, 0, 0, 0, 0, 1, 0, 0, 0, 0, 1, 1, 0, 0, 0, 0, 0, 0, 0, 0, 1, 0, 1, 0, 0, 0, 1, 1, 0, 0, 1, 0, 1, 1, 0, 1, 0, 0, 0, 1, 0, 1, 1, 1, 0, 1, 0, 0, 0, 0, 0, 0, 0, 0, 0, 0, 1, 0, 1, 0, 1, 1, 0, 1, 1, 0, 0, 1, 0, 0, 1, 0, 0, 0, 1, 0, 0, 0, 1, 0, 0, 0, 1, 1, 0, 1, 0, 0, 0, 0, 0, 1, 0, 1, 1, 1, 1, 1, 0, 0, 1, 0, 0, 1, 1, 0, 1, 1, 0, 0, 1, 1, 0, 0, 1, 1, 1, 0, 1, 1, 0, 1, 1, 1, 0, 1, 0, 0, 0, 1, 1, 1, 1, 1, 0, 1, 1, 0, 0, 1, 1, 0, 1, 1, 0, 0, 0, 1, 1, 0, 0, 1, 0, 1, 0, 1, 0, 1, 1, 1, 0, 1, 1, 1, 0, 1, 0, 1, 0, 0, 1, 0, 0, 0, 0, 0, 1, 0, 1, 1, 1, 0, 1, 0, 1, 1, 1, 1, 1, 1, 0, 0, 0, 1, 1, 0, 1, 1, 0, 0, 1, 1, 0, 0, 1, 0, 1, 1, 1, 0, 0, 1, 1, 0, 0, 1, 0, 1, 1, 1, 1, 0, 1, 1, 0, 0, 1, 0, 1, 1, 0, 1, 1, 0, 1, 0, 1, 1, 1, 0, 1, 1, 1, 1, 0, 0, 1, 0, 0, 0, 0, 0, 1, 1, 0, 1, 1, 0, 1, 1, 0, 0, 1, 1, 0, 1, 1, 0, 1, 0, 0, 0, 1, 1, 1, 0, 0, 1, 0, 0, 0, 1, 0, 1, 1, 0, 1, 1, 0, 0, 1, 1, 1, 0, 0, 0, 1, 0, 0, 1, 1, 1, 0, 1, 1, 1, 1, 1, 1, 1, 1, 1, 1, 0, 1, 0, 1, 0, 1, 1, 0, 0, 1, 1, 1, 1, 1, 0, 0, 0, 1, 0, 0, 0, 0, 0, 1, 0, 0, 1, 1, 0, 1, 1, 1, 0, 0, 0, 1, 0, 0, 1, 1, 0, 1, 1, 0, 0, 1, 0, 0, 1, 1, 0, 1, 1, 1, 0, 0, 1, 1, 1, 0, 0, 1, 1, 1, 1, 1, 1, 0, 0, 0, 0, 0, 1, 1, 1, 1, 1, 0, 1, 1, 0, 1, 0, 1, 0, 0, 1, 1, 1, 0, 1, 0, 1, 0, 1, 1, 1, 0, 1, 0, 0, 0, 1, 1, 0, 0, 1, 0, 0, 0, 1, 0, 1, 0, 1, 1, 0, 0, 1, 1, 0, 1, 0, 1, 1, 0, 1, 1, 0, 1, 1, 1, 0, 0, 0, 0, 0, 1, 1, 0, 1, 1, 0, 1, 0, 1, 1, 1, 1, 0, 0, 0, 1, 0, 0, 0, 0, 1, 1, 1, 0, 1, 1, 1, 0, 0, 0, 0, 0, 0, 0, 1, 0, 0, 1, 1, 0, 1, 1, 1, 0, 1, 0, 0, 1, 1, 0, 0, 0, 1, 0, 1, 1, 0, 1, 1, 0, 1, 0, 0, 0, 1, 1, 1, 1, 1, 1, 1, 1, 0, 0, 1, 0, 1, 0, 1, 1, 0, 1, 1, 0, 0, 1, 1, 1, 0, 1, 1, 0, 1, 0, 1, 1, 1, 1, 1, 1, 1, 1, 0, 1, 0, 0, 1, 0, 1, 1, 0, 1, 1, 0, 0, 1, 0, 1, 0, 1, 0, 1, 1, 0, 1, 0, 0, 1, 1, 0, 0, 0, 1, 1, 0, 1, 0, 0, 1, 0, 0, 1, 0, 0, 1, 0, 0, 0, 0, 1, 1, 0, 1, 1, 0, 1, 0, 1, 0, 1, 0, 0, 1, 1, 1, 0, 1, 1, 1, 1, 0, 1, 0, 0, 1, 0, 0, 1, 0, 0, 1, 1, 1, 1, 0, 1, 1, 1, 1, 0, 1, 0, 1, 0, 1, 0, 1, 0, 1, 0, 0, 1, 0, 1, 0, 1, 1, 0, 0, 0, 0, 1, 1, 0, 1, 1, 0, 0, 0, 1, 0, 1, 0, 0, 0, 0, 0, 1, 0, 0, 0, 0, 0, 0, 1, 0, 0, 0, 0, 1, 1, 0, 1, 0, 0, 1, 0, 0, 0, 1, 0, 1, 0, 1, 1, 1, 0, 0, 1, 1, 1, 0, 1, 1, 1, 1, 1, 1, 0, 1, 0, 1, 0, 0, 0, 1, 0, 0, 0, 1, 1, 1, 0, 0, 0, 0, 1, 1, 0, 0, 1, 1, 0, 1, 0, 1, 0, 1, 0, 0, 1, 1, 1, 1, 1, 1, 0, 0, 0, 1, 1, 0, 0, 0, 0, 1, 0, 1, 0, 1, 0, 0, 1, 1, 0, 1, 0, 1, 1, 0, 0, 0, 1, 0, 0, 0, 0, 1, 0, 1, 0, 0, 1, 0, 0, 0, 0, 1, 1, 0, 0, 1, 0, 0, 1, 0, 1, 0, 0, 0, 0, 1, 1, 0, 1, 1, 1, 1, 0, 0, 1, 0, 1, 0, 1, 1, 1, 1, 0, 0, 0, 1, 1, 1, 0, 1, 0, 0, 0, 1, 1, 0, 0, 1, 1, 0, 1, 1, 1, 0, 0, 1, 1, 0, 0, 0, 0, 1, 0, 1, 0, 1, 0, 1, 1, 1, 0, 1, 0, 0, 0, 0, 1, 0, 1, 1, 0, 1, 0, 1, 0, 1, 1, 0, 1, 0, 0, 1, 1, 1, 1, 1, 0, 0, 1, 0, 0, 1, 1, 1, 0, 0, 1, 1, 1, 1, 1, 1, 0, 1, 1, 1, 1, 1, 1, 1, 1, 0, 0, 0, 1, 0, 1, 1, 1, 1, 0, 1, 0, 1, 0, 1, 0, 0, 0, 1, 1, 0, 0, 1, 0, 1, 0, 0, 1, 1, 0, 1, 0, 1, 0, 1, 1, 1, 1, 1, 1, 0, 0, 0, 1, 0, 0, 1, 0, 0, 1, 0, 0, 0, 0, 1, 1, 1, 0, 1, 0, 0, 1, 0, 0, 0, 1, 1, 0, 1, 1, 0, 0, 0, 1, 1, 0, 1, 1, 1, 1, 0, 0, 1, 0, 0, 1, 0, 1, 0, 0, 0, 1, 0, 1, 1, 1, 0, 1, 1, 1, 0, 0, 1, 1, 1, 0, 0, 0, 0, 1, 0, 0, 0, 0, 1, 1, 1, 1, 1, 1, 1, 0, 0, 1, 0, 0, 0, 0, 1, 0, 1, 0, 0, 1, 1, 0, 1, 1, 0, 1, 0, 1, 1, 0, 1, 0, 1, 0, 0, 1, 1, 1, 1, 1, 1, 1, 0, 0, 1, 0, 1, 1, 1, 0, 1, 0, 0, 1, 0, 1, 0, 1, 1, 0, 1, 1, 1, 1, 1, 1, 0, 0, 0, 1, 0, 0, 0, 0, 0, 0, 0, 0, 0, 1, 1, 1, 1, 1, 0, 0, 0, 1, 0, 1, 1, 0, 1, 0, 0, 1, 1, 0, 1, 1, 1, 0, 1, 0, 1, 0, 0, 1, 1, 0, 1, 0, 1, 0, 0, 1, 1, 0, 1, 0, 1, 1, 0, 1, 0, 0, 0, 1, 0, 0, 1, 1, 0, 1, 0, 0, 0, 0, 1, 1, 0, 1, 1, 0, 1, 1, 1, 1, 0, 0, 1, 1, 0, 1, 1, 0, 0, 1, 0, 0, 1, 1, 0, 0, 0, 1, 0, 1, 0, 0, 1, 1, 1, 0, 0, 1, 1, 1, 0, 0, 0, 0, 0, 0, 0, 1, 1, 0, 1, 1, 0, 0, 1, 0, 1, 0, 0, 1, 1, 1, 0, 0, 0, 1, 0, 0, 1, 0, 1, 0, 0, 1, 1, 1, 1, 0, 1, 1, 0, 0, 1, 0, 1, 0, 0, 0, 0, 1, 0, 0, 1, 0, 1, 1, 1, 1, 1, 1, 0, 0, 0, 0, 1, 1, 0, 0, 0, 0, 0, 0, 0, 1, 0, 0, 0, 0, 1, 0, 1, 1, 1, 1, 1, 1, 1, 0, 1, 0, 0, 0, 1, 1, 0, 1, 1, 1, 1, 0, 0, 0, 0, 1, 0, 1, 0, 0, 1, 1, 1, 1, 1, 0, 0, 1, 0, 1, 0, 0, 1, 0, 1, 0, 0, 1, 1, 0, 0, 1, 0, 1, 1, 0, 0, 0, 1, 1, 0, 0, 0, 1, 1, 1, 0, 0, 0, 0, 0, 0, 0, 1, 1, 1, 1, 1, 1, 0, 0, 0, 1, 0, 1, 0, 1, 0, 1, 1, 0, 1, 1, 1, 0, 1, 0, 1, 1, 0, 1, 0, 1, 1, 0, 1, 0, 1, 0, 1, 1, 0, 1, 1, 0, 0, 0, 1, 0, 0, 1, 0, 1, 0, 1, 0, 1, 1, 0, 1, 0, 0, 0, 1, 0, 0, 1, 0, 1, 1, 1, 0, 1, 1, 0, 0, 1, 0, 1, 0, 1, 1, 0, 1, 1, 0, 0, 1, 0, 1, 0, 0, 0, 1, 0, 0, 1, 1, 1, 0, 0, 0, 0, 1, 0, 1, 1, 0, 1, 1, 1, 1, 0, 0, 0, 1, 1, 0, 1, 1, 1, 1, 1, 0, 1, 0, 1, 1, 0, 1, 0, 1, 0, 0, 1, 0, 1, 0, 0, 0, 1, 1, 1, 0, 1, 1, 1, 0, 0, 0, 1, 1, 1, 0, 0, 0, 1, 1, 1, 0, 1, 1, 0, 1, 1, 1, 0, 1, 1, 1, 1, 0, 0, 1, 0, 0, 1, 1, 0, 0, 0, 0, 1, 0, 0, 1, 0, 0, 1, 0, 1, 1, 1, 0, 1, 1, 0, 0, 0, 1, 1, 1, 0, 0, 1, 1, 0, 1, 1, 0, 0, 1, 1, 1, 0, 1, 0, 1, 1, 1, 1, 1, 0, 0, 0, 1, 1, 1, 0, 0, 0, 0, 1, 0, 1, 0, 0, 1, 1, 0, 1, 0, 0, 0, 1, 0, 0, 1, 0, 0, 1, 1, 0, 0, 1, 0, 1, 0, 1, 0, 1, 0, 0, 0, 1, 0, 1, 1, 1, 0, 1, 1, 1, 1, 1, 0, 0, 0, 0, 0, 1, 0, 0, 1, 1, 1, 0, 1, 0, 0, 0, 1, 1, 0, 1, 1, 1, 0, 0, 1, 0, 1, 0, 0, 0, 0, 0, 0, 0, 1, 0, 1, 0, 0, 1, 1, 0, 1, 1, 0, 0, 0, 0, 1, 0, 1, 0, 0, 1, 1, 0, 0, 1, 1, 1, 1, 1, 0, 0, 1, 0, 1, 1, 1, 1, 0, 1, 1, 1, 1, 1, 0, 1, 1, 0, 0, 0, 1, 1, 1, 0, 0, 1, 0, 1, 1, 0, 0, 0, 1, 0, 1, 1, 0, 1, 0, 1, 0, 1, 1, 1, 1, 0, 0, 1, 1, 1, 0, 1, 1, 0, 1, 0, 1, 0, 0, 1, 0, 0, 0, 1, 0, 1, 1, 1, 1, 1, 1, 1, 1, 0, 0, 1, 0, 1, 1, 1, 1, 0, 0, 0, 0, 0, 0, 1, 1, 1, 0, 0, 0, 1, 0, 1, 1, 1, 0, 1, 0, 0, 0, 1, 1, 0, 0, 1, 1, 0, 1, 0, 1, 0, 0, 1, 0, 0, 0, 1, 1, 1, 0, 0, 1, 1, 1, 1, 1, 1, 0, 1, 1, 1, 0, 1, 1, 0, 0, 1, 0, 0, 0, 1, 0, 0, 0, 0, 1, 1, 0, 1, 0, 1, 0, 1, 1, 0, 0, 1, 1, 0, 1, 1, 0, 1, 0, 0, 0, 0, 0, 0, 1, 0, 0, 0, 0, 0, 0, 0, 0, 1, 1, 0, 1, 0, 0, 0, 1, 1, 1, 0, 1, 0, 1, 1, 1, 1, 0, 0, 1, 0, 0, 1, 0, 1, 1, 0, 0, 0, 1, 1, 1, 1, 0, 1, 0, 1, 1, 1, 0, 0, 0, 1, 0, 0, 0, 0, 0, 1, 1, 0, 1, 1, 1, 0, 0, 0, 1, 1]