#/home/brian/Documents/summer17/Python/VEC/scripts/make_SBM_graphs.py
# GMT Thu Jul 27 21:51:47 2017
# 
0 1978
1 1501
2 1520 1605
3 37
4 1144 1845 741
5 237
6 1730 907
7 715
8 1475
9 1928
10
11 380
12 877 678
13 1164
14 952 1953 846
15 170 734
16
17 1306
18 1105
19 1282 150 1981 774 591
20 1484 1127
21 690
22 1808
23
24 1491 1468
25
26
27 1379 1255 680 1904 1500 765 63
28
29 1816
30 538
31 748
32 1282 1499 971
33 473 1126
34
35 347 732 1622
36 1788 38
37
38 911
39 416 1601 574 353
40 362 204 1751
41
42
43
44 1228
45 640 1313 1665
46 1507 127
47 542
48
49 1000 1195
50 528
51 1193 1115 1940 437
52
53 1361 1458
54 586 1428
55
56 1760 610 277
57 1368 793 295
58 327
59
60 730
61 1888 497 755 1328
62
63 1880
64 245 1654
65 1407
66 705 1923 1132 1391
67 257 449 1849
68 1011 1747
69 675
70 1693 1918 1110 519
71 595 1271
72 480
73
74 1567
75
76 920 1485 1975
77 939
78 577
79 1361 1315 1540 925
80 472
81 669
82
83 1754 1564 847
84 480
85 665 292 175
86 544
87 1504 443 933
88 819
89 950
90 1276
91 1627 805
92
93 1792 1966
94 742
95
96 184
97 176 275 1828
98 967
99 1110
100 1315
101
102 1998
103
104
105 1660 1407
106 153 844
107
108
109
110
111
112 1928 1414
113 1332 1829
114 816
115 768
116
117 206
118 1872
119 1124 309 366
120 1569 310
121 737 1051
122 1746 707
123 1425
124
125 797 1791
126 1211
127 750
128
129 726
130 1491 686 1407
131 1776 550 910 1168 1234 1210
132 1312 1107 1551
133 357
134 688 369 1668 544
135 696
136 638
137 928 1916 1039
138 1721 1162 1340
139 1772 1098 444 823
140 704 350 966
141
142 552 1523 1436
143 1445
144 744 355
145 862
146
147 1185 155
148 478
149 792 1185 1971
150 1088 867 754 390
151 617 1259 812
152
153 952 428 274 1629
154 1112 765
155 971 1876
156 171 1179
157 592
158 432 340
159 1995
160
161 956
162
163 1745 414
164 1126 1790
165
166 1362 1727
167 946 237
168 454 1271
169 1585
170
171 1670
172 798 182
173 1016
174 1914 1363 1020
175 1500 1894
176 1906 636 782 1617
177 889
178 471
179 336 731
180 941 1045
181 1010 839 711
182 1862 1686
183 791 1060 1407
184 752
185 1908
186 1256 905
187
188
189 1769 1339
190
191 256 1995
192 261
193 425 1972
194 1432 1121 1849
195
196
197
198 1450 1251 1692
199 1432 1342
200
201 1692
202 385 629
203 417 1113
204 745 1567 1648
205 239
206 1821
207 1717
208
209
210 853
211 1806
212
213 996 1995 404
214
215
216 1552 1645 1151
217 1643
218 865
219
220 1988
221 475 295
222
223 915 1412 1317
224 1123 623
225 846
226 1741 1998
227 440 328 1133 1328
228 624 1227
229
230 1794 1146 1138 1916 1717
231 1995
232 1385
233 1434 981
234 1785
235 1945
236
237 814 316 605 478
238
239 1276 1254
240 1885
241 1105 258 1932
242 700 1605
243 335
244
245
246 273 1666 945
247 1055
248 971 1781
249
250 608 397 399
251
252 1661
253
254 798
255 1237
256 584 1047 1061 1503
257 1562 1301
258 1940
259 698
260 308
261 1427 1733
262 404 615
263 1571
264
265 1747 846
266 400
267 1077 686 423
268
269
270 1251
271 501 543
272 1844 628 1709 1655
273 626 779 383
274 1995
275 1138 495
276 1077
277 1273 652
278 1403 1798
279 922
280
281
282 957 1743
283 652
284 402
285 541
286 1132 1335
287 1457 322
288
289
290
291 1472 572
292 1051 1169 555 1039
293 1550
294 1704 1526 1231
295
296 584
297 1498
298
299 1651 1029
300 1418 1878
301 678
302 697 1969
303
304 616
305 1921 1925
306 1372 636 566
307 1180 621
308 960 1972 1917
309 1402 1154
310 1916
311 1229
312
313 1824 987 877
314 448 946 628 1102
315 1797
316 1323
317
318
319
320 633 372
321 1551
322 1185 1843
323
324 1773 775 677 349
325 338 909
326 1371
327
328 1171 1565
329 848 729
330 441 798
331 390 591
332 1567
333 1972 503
334 1974
335
336 1745 362 671
337
338 1559
339 1892
340 1941 983
341 1556 671
342 1886
343 658
344 1237
345 1434 500 790
346 986 919
347 1338 955 457
348 970
349
350
351 1817 1881
352
353 932 1413
354 728
355 1124 638
356 1178 555
357 696
358 916
359 1578 1269 805
360 1611 1702
361 949
362 1425
363 510 486
364 802
365
366 976
367 1449
368 1092
369 1774 1790
370
371
372
373 1120 1451
374 1755
375 649 1487 883 570 443 735
376 1043
377 1203
378 1268
379
380
381 814
382 589
383 922 730
384 1645
385 1205
386 859
387
388
389 1809
390
391
392
393 683
394 1951
395 1404 935
396 1879
397
398 552 874 1996
399 491 1951
400 1297 1627 1149
401 927
402
403
404 437 1974
405 1165
406
407
408 669 1813
409
410 1356 1463
411 762 780 1266 1271
412 945 1118
413
414
415 1653
416 567
417
418 1129 1268 1441
419 1767
420 1193
421
422 1809
423 1066
424 1053
425
426 1864 479 876 783
427
428 1153 1906 807
429
430 1169 694 1599
431 753 882
432 1750
433 1464 1076
434 1002 1322
435
436 1705
437
438 1188
439 591
440 1467 1154 1042 510
441 1188
442 1233 1458 757
443 819 525
444 1700 518
445 700 1973 1167
446 1824 1509
447 1472 1793 1171 1142
448 1692
449 1713 734
450
451
452 1370 707 892
453 1293 574
454 626 1666
455
456 992 1096 707 1841
457 514 755
458
459 1650
460 675
461 1881 1413
462 1911
463 1100
464
465
466 1666
467 1107 507
468 1938 1975
469
470
471 1903
472 684
473
474 1565
475
476 1021
477 1939 1935
478 1497 1217
479 781 823
480
481 942 1351
482
483
484 1264
485 1064 1563
486 1785
487 1812
488 1571
489 799
490 1017
491 1582
492 1064 1033 669 632
493 1760 1156
494 1331
495 936 1851 1904
496
497 1883
498 1755 931
499
500 838 1593
501 1931
502
503
504 1130 1394
505
506
507 652
508 1912 521 710 1897
509
510 824
511 516 1271
512 1317
513
514 1624 1330 653
515 1837
516 1672 737 634 1411
517
518 1442 638 895
519 1584
520 1936 874 1468
521
522 1790
523 1962 715 706
524
525 800 1562
526
527 917 1637
528 1376 991
529
530 549
531 867
532 1364
533
534 1965 1750
535 1713 1943
536 1001
537 578
538 1330
539 603
540 1804 1932 1943
541
542 1448 1790
543
544 1280
545
546
547
548 1532 997 1877
549 1713
550 1196
551
552 1561
553 1485
554 737
555 1814 1359
556 682
557 931 1766
558
559 1271
560 1656 1166
561 899
562
563 1413 902
564 1114 1715 1179
565 1224 1426 1818
566 1159
567
568 1807
569
570 624 1574 1389 774
571 732 1468
572 867
573 1826 1111
574 610
575 908 967
576 608 753
577
578
579 1479 756 1703
580 1321 1086
581 1617 628 1486 1383
582 1612
583 1557
584
585 789
586 965
587
588
589
590
591 1645
592
593 1628 1175
594 1080 1187
595 1680
596 697 1118
597
598 1570
599 1969 1099
600 939
601 1496 1031
602 1676
603 1604
604
605 1903
606
607 1626
608 960
609 1208 1779 700 663
610 898 712 1870 1758
611 1204
612
613
614 1463
615 1909
616
617 812 1027 797 1421
618 1216
619 1057 1038
620 1515 947
621
622 937 651
623 1299
624
625 1841 646
626 1130 1918
627
628 1348 850 1882
629 762 862
630
631 641
632 899 654
633 1501 1711
634 906 893 919
635 1934
636 782
637 1134
638
639
640 1151
641
642
643 1633 1394
644
645 1145 820
646 1888
647
648 1260 788
649
650
651 1794 783
652 1046
653 1579 1509 1019
654 1064 1653
655 1440
656
657 1856 1713 1515 1572
658
659
660 1634 1383
661 1369
662
663
664 1416
665 781 670 1397
666
667
668 1027 894
669
670 1877 1855
671
672 1872 962
673
674 1179
675 1311
676 823
677
678 1840 877
679
680
681 921
682 1382
683
684 1068 1358
685 1768 1121
686 1690 1202
687
688 1054 894
689 1739
690
691 753
692
693 1840 1617
694
695 826
696 1853
697 1492
698 1077
699 1176 709
700
701 1269
702 1729 1372
703 1174
704
705
706 930 1270
707 1053
708
709 873 1620
710
711 890 1670
712
713 723
714
715 1407 1628
716 1995
717 1672
718
719 879
720
721 1056 1761 1610
722 1885
723 1704
724 1776 1945 853 1814 1361
725
726
727 1676 1127
728 1058
729 1363
730
731
732
733 737 1180
734
735 1241 1894
736
737 1058
738 809 950 1967
739 1233
740 1304
741 1831
742 768 1985 1000 1806 1080
743 951
744
745 1488 1356
746 993
747 1409
748
749 1728
750
751 1421 974 1479
752 994
753
754
755 1475 1089
756 1057 1102 1199
757 997
758
759 1851 980
760
761
762 1928 1654
763
764
765 1064
766 1301 1702 1671
767
768 1870
769 1267 1534
770
771 1859
772 1434 1667 1279
773 1595
774 1520
775 1707 1078 1774
776 1228 1972
777 1815
778 983
779 1997
780 1997
781 1283
782
783
784 1338
785 1540
786 1803
787 1962 1212 1326
788
789 919
790 1224 909 1793
791 1356
792 1056
793
794
795 1673 1114
796 1439
797 1406 1353
798
799
800
801 1816
802
803 1951
804
805 1302
806 937
807 1852
808 1861 842 1036 1940 1910 1445
809 1058 1166
810 1039
811
812 985 1780
813 1247
814 1560
815 832
816 1637 1174
817 1015
818
819
820 1041
821 1236 1166
822 961 1171 1239
823 1852
824 1026
825 1013
826 924
827 1097
828
829 1888
830 1059
831
832 1105
833 1905 845 1959
834 1374 1367
835 1380
836 1427 1763
837
838
839 1168 1490 1586
840
841 1497 1052 1862
842 1418 1679 1319
843
844 1598
845 983
846
847
848 1914 1039
849 1424
850 973
851
852 1013
853
854 1088 1514
855
856 1869
857 1326 982
858 1235 1141
859 972 1283 916
860
861 1073
862
863
864 1918 927
865 1515 1292
866
867 1922
868 965
869
870 1560 1381
871 1901 998 1823
872
873
874
875
876 1681
877 1931 1750
878 952 1787
879
880 1094 895
881
882 1087 1900
883 908
884 1450 1415
885
886 953 1087
887 1602
888 1125 1493
889 1930
890 1184
891 1718
892 1860 1149 1687
893 1253 1806
894 1297 1506
895
896
897
898 966
899 1033 1009
900
901
902
903 1514
904
905
906 1599 1855
907 1026 1074
908 1601
909
910
911 1703 1423
912
913 1210 1258
914 1698 1635
915 1587
916 1095
917 1650 1291 1548
918 1441 1822 1263
919 1564
920 968
921 1760 1856 1347 1605 1331
922
923 1754
924 1983
925
926
927 1048
928
929
930
931 1537
932 1035
933
934
935
936
937 1562
938 1159
939
940
941 1224
942 1800 1331 1829
943 1739 1166
944
945 1160 1311
946 1537
947
948
949
950 1335
951 1498
952 1416
953 1528 1919
954
955
956 1371
957 1256
958
959
960
961 1445
962 1662
963
964 1493
965
966 1730 1093
967
968 1922
969 1320 1360 1805
970 1116 1482
971 1210
972 1496
973 1034
974
975 1718
976 1571
977
978 1401
979
980 1754
981 1091
982
983 1249
984
985 1792 1378
986 1827
987
988 1242 1997 1406
989 1684
990 1989
991 1700
992
993
994 1208
995 1546
996 1033
997 1066
998 1023 1606
999
1000
1001
1002 1744 1146
1003 1148 1225 1268 1329
1004 1925
1005 1100
1006
1007 1304
1008
1009 1821
1010 1263
1011 1976
1012 1755
1013 1970 1966
1014
1015
1016 1755
1017
1018 1632 1551
1019
1020
1021
1022 1095
1023 1802 1964
1024
1025 1582 1279
1026 1600
1027 1400 1591
1028
1029 1160
1030
1031
1032
1033
1034 1668
1035
1036 1770 1858
1037 1946
1038 1824
1039
1040
1041
1042 1370
1043 1658
1044 1686
1045 1525
1046
1047 1320
1048 1345 1846
1049
1050
1051
1052
1053 1768
1054
1055
1056 1688 1214 1969
1057 1323 1746
1058
1059 1979
1060 1672
1061 1367
1062
1063 1461
1064
1065
1066 1490
1067
1068 1532
1069 1723 1829
1070
1071
1072
1073
1074
1075 1825 1818 1764 1479
1076 1850
1077 1246
1078 1522
1079 1985 1692
1080 1353
1081
1082 1823
1083
1084 1295
1085
1086
1087
1088 1172
1089
1090 1984
1091 1389
1092 1418
1093
1094
1095 1719
1096 1970 1196
1097 1499
1098 1190
1099
1100
1101
1102
1103 1698
1104 1569 1379
1105
1106 1391
1107
1108 1704
1109
1110
1111 1684
1112
1113 1436 1564 1844
1114
1115
1116
1117 1370
1118 1828 1518
1119
1120 1638
1121
1122 1763
1123
1124 1313
1125
1126 1262
1127 1796
1128
1129 1875
1130 1353 1816
1131
1132 1569
1133 1220
1134
1135 1650 1594 1373 1287
1136 1723
1137
1138
1139 1794
1140
1141 1929
1142
1143 1209 1236
1144
1145 1327
1146 1930
1147
1148 1313
1149
1150
1151
1152 1479
1153 1502
1154
1155 1543 1663
1156 1484 1278
1157
1158 1282
1159 1241
1160
1161 1217
1162
1163
1164
1165 1653
1166 1395
1167 1370
1168
1169 1584 1980 1705
1170
1171
1172 1797
1173
1174 1804 1390
1175
1176
1177 1698
1178 1270
1179 1912 1819
1180 1452
1181 1299
1182 1277
1183 1449
1184
1185 1311 1991
1186 1819 1510
1187 1496 1242
1188 1430 1761
1189
1190
1191
1192
1193 1891 1590 1828 1369
1194
1195
1196
1197
1198
1199 1829
1200
1201
1202
1203
1204
1205
1206 1907
1207 1577 1902
1208 1291 1235 1249
1209 1787
1210 1715
1211 1269
1212 1542 1854
1213
1214
1215 1248 1892 1335
1216 1757
1217 1427 1579
1218 1647 1821 1991
1219 1857
1220 1725
1221 1321
1222
1223 1586 1862
1224
1225
1226 1273
1227 1605
1228 1412
1229 1850 1663
1230
1231
1232
1233
1234
1235
1236
1237 1469
1238
1239
1240
1241
1242
1243 1586 1990
1244 1389
1245 1330
1246 1486
1247
1248
1249
1250
1251
1252
1253 1442
1254 1508
1255
1256 1553
1257
1258
1259 1586 1826
1260 1915 1524
1261 1307 1583
1262 1288 1692
1263 1637
1264 1323
1265 1809 1949
1266
1267 1531 1636
1268
1269
1270
1271 1684
1272
1273
1274 1705 1555
1275 1508
1276 1991
1277
1278 1416 1409 1486 1655
1279 1378
1280
1281
1282
1283
1284
1285
1286
1287 1731 1955 1302
1288
1289
1290 1482
1291
1292
1293
1294
1295 1522 1791
1296 1537
1297
1298 1462
1299
1300
1301 1586
1302 1546
1303
1304
1305 1633 1719
1306
1307
1308 1656 1719
1309 1358
1310 1648 1557 1365 1799
1311
1312
1313
1314 1600
1315 1374
1316 1372 1366
1317
1318 1909
1319
1320 1923
1321 1891
1322 1657
1323 1800
1324
1325 1842
1326 1966
1327
1328 1721
1329 1392 1973
1330 1497 1963
1331
1332
1333
1334 1867 1957
1335
1336
1337
1338 1945
1339
1340 1709
1341 1466
1342 1714 1765
1343
1344
1345 1910
1346 1952
1347
1348 1937
1349
1350 1725
1351 1847
1352 1563
1353 1448 1740 1612
1354
1355
1356
1357 1813
1358 1805
1359
1360
1361
1362
1363
1364 1511
1365
1366
1367
1368 1574 1455
1369
1370
1371
1372
1373
1374 1377
1375
1376 1961 1659
1377
1378
1379 1419
1380 1965
1381
1382
1383 1788
1384
1385
1386
1387
1388
1389
1390
1391
1392 1510
1393
1394
1395 1549
1396 1781
1397
1398
1399
1400 1505 1410
1401
1402 1840 1449 1940
1403
1404 1850 1846
1405 1618 1509
1406
1407 1599
1408 1892
1409
1410
1411 1720 1846
1412
1413 1742
1414
1415 1837
1416 1790
1417
1418 1797
1419
1420 1702
1421
1422
1423
1424
1425
1426
1427
1428
1429
1430
1431
1432 1844
1433
1434 1484 1485 1877 1622
1435
1436 1846 1526 1975
1437
1438 1691
1439 1749
1440
1441
1442 1820 1524
1443 1876
1444
1445
1446 1958
1447
1448 1968
1449
1450
1451
1452
1453
1454
1455 1818
1456
1457 1918
1458 1919
1459 1992
1460
1461 1819
1462 1993 1492 1487
1463
1464 1995
1465
1466 1917
1467 1993 1868
1468
1469
1470 1746
1471
1472
1473
1474
1475
1476 1730
1477
1478
1479
1480
1481 1897 1633
1482
1483 1525
1484
1485 1548
1486 1657
1487
1488 1623
1489
1490
1491
1492
1493
1494
1495
1496
1497
1498
1499 1680
1500
1501
1502 1657
1503 1931
1504
1505
1506 1703
1507
1508
1509
1510 1890
1511 1855
1512
1513
1514
1515
1516
1517
1518 1562
1519
1520 1775
1521 1703
1522
1523
1524 1588
1525
1526
1527
1528
1529
1530 1572
1531
1532
1533
1534 1643 1540 1638
1535
1536 1837 1949
1537 1976
1538 1993
1539 1922
1540 1586
1541 1613
1542 1667
1543
1544
1545 1594
1546
1547 1661
1548
1549 1561
1550
1551
1552 1978
1553 1864 1894
1554 1630
1555
1556
1557
1558 1792 1805
1559
1560
1561
1562
1563
1564 1821
1565
1566 1637
1567
1568 1834
1569
1570 1804
1571 1980
1572
1573
1574
1575
1576
1577 1663
1578 1769
1579
1580
1581 1632 1701
1582
1583
1584
1585
1586
1587 1959
1588
1589
1590 1782
1591
1592
1593 1825
1594
1595
1596 1877
1597
1598
1599
1600 1998
1601
1602
1603
1604 1649 1969
1605
1606
1607
1608
1609
1610
1611
1612
1613
1614
1615
1616
1617 1840
1618
1619
1620
1621 1964
1622
1623
1624
1625
1626
1627
1628 1911 1711
1629
1630 1977
1631 1633 1749
1632
1633
1634
1635 1809
1636 1984
1637 1982
1638 1916
1639
1640
1641 1739
1642
1643
1644
1645
1646 1824
1647
1648
1649
1650
1651
1652
1653 1873
1654
1655
1656
1657
1658 1758
1659
1660
1661 1678
1662 1962
1663
1664 1951
1665 1837
1666
1667
1668
1669 1857
1670 1978
1671
1672
1673
1674 1947
1675
1676
1677
1678
1679
1680
1681
1682 1888
1683 1821
1684 1918
1685 1890 1940
1686
1687
1688 1721
1689 1810
1690
1691
1692
1693
1694
1695
1696
1697 1883
1698
1699 1951
1700
1701
1702
1703
1704
1705
1706
1707
1708
1709
1710
1711
1712
1713
1714 1830
1715
1716
1717
1718
1719
1720
1721 1744
1722
1723 1841 1770
1724
1725
1726 1733
1727
1728
1729 1913
1730
1731
1732
1733
1734
1735
1736
1737
1738
1739
1740 1863
1741
1742 1951
1743
1744
1745 1964
1746
1747
1748
1749
1750
1751
1752 1979
1753
1754
1755 1851
1756
1757
1758 1857
1759
1760
1761
1762
1763
1764
1765
1766
1767
1768
1769
1770
1771
1772 1977
1773
1774
1775
1776
1777
1778
1779
1780 1789
1781
1782
1783
1784 1921
1785
1786 1814
1787 1851 1855
1788
1789
1790
1791
1792
1793
1794 1848
1795
1796
1797
1798
1799
1800 1929
1801
1802
1803
1804
1805
1806
1807
1808
1809 1966
1810
1811
1812
1813
1814
1815
1816
1817
1818
1819
1820
1821
1822
1823
1824
1825
1826
1827
1828
1829
1830
1831
1832
1833
1834
1835
1836
1837
1838
1839
1840
1841
1842
1843
1844
1845
1846
1847
1848
1849
1850
1851
1852 1926
1853
1854
1855 1927
1856
1857
1858
1859
1860
1861 1956 1975
1862
1863
1864 1962
1865
1866
1867
1868
1869
1870
1871
1872
1873
1874
1875
1876
1877
1878
1879
1880
1881
1882
1883
1884
1885
1886
1887
1888
1889
1890
1891
1892
1893
1894
1895
1896
1897
1898
1899
1900
1901 1924
1902
1903
1904
1905
1906
1907
1908
1909
1910
1911
1912
1913
1914
1915
1916
1917
1918
1919
1920
1921
1922
1923
1924
1925
1926
1927
1928 1971
1929
1930
1931 1981
1932
1933
1934
1935
1936
1937
1938
1939
1940
1941
1942
1943
1944
1945
1946
1947
1948
1949
1950
1951
1952
1953
1954
1955 1994
1956
1957
1958
1959
1960
1961
1962
1963
1964
1965
1966
1967
1968
1969
1970
1971
1972
1973
1974
1975
1976
1977
1978
1979
1980
1981
1982
1983
1984
1985
1986
1987
1988
1989
1990
1991
1992
1993
1994
1995
1996
1997
1998
1999
[0, 1, 1, 1, 1, 1, 1, 0, 1, 1, 1, 0, 0, 0, 0, 0, 0, 1, 0, 1, 1, 1, 0, 1, 0, 1, 1, 0, 1, 1, 1, 1, 0, 1, 0, 1, 1, 1, 1, 1, 0, 0, 0, 0, 1, 0, 0, 1, 1, 0, 0, 0, 0, 1, 0, 0, 1, 1, 0, 0, 0, 1, 1, 0, 0, 0, 0, 1, 0, 1, 0, 0, 1, 0, 1, 0, 1, 0, 1, 1, 1, 0, 0, 0, 1, 0, 0, 1, 0, 0, 1, 1, 1, 1, 0, 1, 0, 0, 1, 0, 1, 1, 0, 0, 1, 0, 0, 0, 1, 0, 0, 0, 1, 1, 1, 0, 1, 0, 0, 0, 0, 1, 1, 1, 0, 1, 1, 1, 1, 0, 0, 1, 1, 1, 0, 1, 1, 0, 1, 0, 1, 1, 0, 1, 0, 0, 0, 1, 1, 1, 1, 1, 0, 0, 0, 0, 0, 0, 0, 0, 0, 0, 0, 1, 1, 0, 1, 0, 0, 1, 0, 0, 1, 1, 0, 0, 0, 1, 1, 1, 1, 1, 1, 0, 0, 1, 1, 0, 1, 1, 0, 0, 1, 1, 1, 1, 1, 1, 1, 0, 1, 1, 1, 0, 0, 1, 0, 0, 0, 1, 1, 0, 1, 0, 1, 1, 0, 1, 0, 1, 1, 0, 0, 1, 1, 0, 1, 1, 0, 0, 0, 0, 1, 0, 0, 1, 0, 1, 0, 1, 1, 0, 1, 1, 0, 0, 0, 1, 0, 1, 1, 0, 0, 0, 1, 0, 0, 1, 0, 0, 1, 1, 0, 0, 1, 0, 1, 0, 1, 0, 1, 1, 0, 0, 0, 0, 0, 1, 0, 0, 0, 0, 1, 1, 0, 1, 0, 1, 1, 0, 0, 1, 0, 1, 0, 0, 0, 0, 0, 1, 0, 0, 1, 0, 0, 0, 0, 0, 1, 0, 0, 0, 0, 0, 0, 0, 1, 1, 0, 1, 0, 1, 1, 0, 0, 1, 0, 0, 1, 0, 1, 0, 0, 1, 0, 1, 1, 0, 1, 0, 0, 0, 0, 1, 0, 1, 0, 1, 1, 0, 1, 1, 1, 1, 0, 0, 0, 1, 1, 1, 0, 1, 1, 0, 1, 0, 0, 0, 1, 0, 0, 1, 0, 0, 0, 1, 1, 0, 0, 1, 0, 1, 0, 0, 0, 1, 1, 0, 1, 1, 0, 0, 0, 0, 0, 0, 0, 1, 0, 1, 1, 0, 0, 0, 0, 0, 0, 1, 0, 1, 0, 0, 0, 1, 1, 0, 1, 0, 1, 0, 0, 1, 1, 1, 1, 1, 0, 0, 0, 0, 0, 0, 0, 0, 0, 1, 0, 0, 1, 0, 1, 1, 1, 1, 0, 1, 0, 1, 1, 1, 1, 1, 1, 1, 0, 1, 1, 1, 1, 1, 1, 1, 0, 1, 0, 1, 0, 1, 0, 0, 0, 1, 1, 1, 1, 0, 0, 1, 1, 0, 1, 0, 0, 0, 1, 0, 0, 1, 0, 0, 0, 1, 0, 1, 1, 0, 0, 1, 0, 1, 1, 0, 0, 1, 1, 0, 1, 1, 0, 1, 1, 0, 1, 0, 1, 1, 0, 0, 0, 0, 0, 0, 0, 0, 0, 1, 0, 1, 0, 0, 1, 1, 1, 0, 0, 1, 1, 1, 1, 1, 1, 1, 1, 1, 1, 0, 1, 0, 1, 1, 1, 0, 0, 1, 1, 0, 0, 0, 1, 1, 0, 1, 1, 1, 0, 1, 0, 1, 0, 0, 1, 0, 1, 0, 1, 1, 1, 0, 1, 1, 0, 0, 1, 0, 0, 1, 0, 0, 1, 0, 1, 0, 0, 0, 1, 0, 1, 0, 1, 1, 0, 0, 0, 1, 0, 1, 0, 0, 1, 1, 1, 1, 1, 1, 0, 0, 0, 1, 0, 1, 0, 0, 0, 1, 1, 1, 0, 1, 0, 1, 0, 1, 0, 0, 0, 0, 0, 0, 0, 0, 0, 1, 0, 1, 0, 0, 1, 0, 0, 1, 0, 0, 1, 1, 0, 1, 0, 1, 1, 0, 0, 1, 0, 1, 0, 0, 0, 0, 0, 0, 0, 0, 0, 0, 0, 1, 0, 0, 0, 0, 0, 1, 0, 0, 1, 1, 0, 1, 0, 0, 1, 1, 1, 0, 0, 1, 1, 1, 0, 0, 1, 1, 0, 1, 1, 0, 0, 1, 0, 1, 0, 0, 1, 0, 1, 0, 0, 0, 1, 0, 0, 1, 1, 0, 1, 0, 0, 1, 0, 0, 0, 1, 1, 0, 0, 0, 0, 0, 0, 1, 0, 1, 0, 0, 0, 0, 1, 0, 1, 0, 1, 1, 0, 1, 1, 1, 1, 1, 1, 0, 1, 1, 0, 0, 1, 0, 1, 0, 0, 1, 1, 1, 1, 1, 1, 0, 1, 1, 0, 0, 0, 0, 0, 0, 0, 1, 1, 0, 0, 1, 1, 0, 1, 1, 1, 1, 0, 1, 1, 0, 1, 1, 1, 1, 1, 1, 0, 0, 0, 0, 1, 0, 1, 0, 1, 0, 1, 0, 1, 0, 0, 0, 1, 0, 1, 1, 1, 0, 1, 0, 0, 1, 0, 0, 1, 0, 1, 1, 1, 1, 1, 1, 0, 0, 0, 0, 0, 0, 0, 0, 0, 0, 1, 1, 0, 1, 0, 0, 1, 1, 0, 1, 0, 1, 0, 0, 1, 1, 0, 0, 1, 1, 1, 1, 0, 1, 0, 0, 0, 1, 0, 0, 0, 1, 1, 0, 0, 1, 1, 0, 1, 1, 1, 0, 0, 0, 1, 1, 1, 0, 0, 1, 1, 0, 1, 0, 0, 1, 1, 1, 1, 1, 1, 0, 0, 0, 1, 1, 1, 1, 1, 1, 0, 1, 1, 1, 1, 0, 0, 1, 0, 0, 1, 1, 0, 0, 0, 0, 1, 0, 1, 1, 1, 0, 1, 0, 0, 0, 0, 1, 0, 0, 0, 0, 1, 0, 0, 1, 0, 1, 1, 1, 0, 1, 0, 0, 1, 1, 1, 0, 1, 0, 1, 0, 1, 1, 0, 1, 1, 1, 0, 0, 0, 0, 0, 1, 0, 0, 1, 0, 1, 0, 1, 1, 0, 1, 0, 1, 1, 1, 0, 1, 0, 0, 0, 1, 0, 1, 1, 0, 1, 0, 0, 1, 1, 0, 1, 0, 1, 1, 0, 0, 0, 1, 0, 1, 1, 1, 1, 1, 1, 0, 1, 0, 0, 1, 0, 1, 1, 0, 1, 0, 1, 1, 1, 1, 1, 0, 0, 0, 1, 0, 1, 1, 0, 1, 1, 1, 0, 0, 0, 0, 1, 0, 0, 0, 1, 1, 1, 1, 0, 0, 1, 1, 1, 1, 0, 0, 1, 1, 0, 0, 1, 1, 1, 1, 0, 0, 0, 1, 1, 0, 1, 1, 0, 0, 1, 0, 0, 1, 1, 0, 0, 0, 0, 0, 0, 1, 0, 0, 0, 0, 0, 0, 0, 0, 1, 1, 0, 1, 0, 1, 1, 1, 0, 1, 1, 1, 1, 1, 1, 1, 0, 1, 1, 1, 1, 0, 0, 0, 1, 1, 1, 0, 0, 0, 0, 1, 0, 1, 0, 0, 1, 0, 0, 1, 0, 0, 0, 0, 0, 1, 1, 1, 0, 0, 0, 1, 1, 0, 0, 1, 0, 1, 1, 0, 0, 0, 0, 0, 0, 1, 0, 0, 1, 1, 0, 1, 1, 0, 0, 0, 1, 0, 0, 0, 1, 0, 0, 1, 1, 0, 0, 0, 0, 1, 1, 0, 1, 0, 0, 1, 0, 0, 1, 0, 0, 1, 1, 1, 1, 0, 1, 1, 1, 1, 1, 1, 1, 0, 0, 0, 1, 1, 1, 1, 0, 0, 0, 1, 0, 0, 1, 1, 1, 1, 0, 1, 0, 1, 1, 1, 0, 0, 1, 0, 1, 0, 0, 1, 0, 0, 1, 1, 1, 1, 0, 1, 0, 1, 0, 0, 1, 1, 0, 1, 1, 0, 0, 1, 1, 0, 0, 0, 0, 1, 1, 1, 1, 1, 1, 1, 0, 1, 1, 1, 0, 1, 0, 1, 0, 1, 1, 0, 1, 0, 0, 0, 0, 0, 0, 1, 0, 0, 1, 1, 1, 1, 0, 0, 0, 0, 0, 1, 1, 1, 0, 0, 1, 0, 1, 1, 1, 1, 0, 0, 0, 1, 1, 0, 1, 1, 0, 1, 1, 0, 1, 1, 1, 0, 1, 0, 0, 1, 1, 1, 0, 0, 0, 0, 0, 1, 1, 0, 0, 0, 1, 0, 1, 0, 1, 0, 0, 1, 1, 0, 0, 1, 1, 0, 0, 1, 0, 0, 0, 1, 0, 1, 1, 1, 1, 0, 0, 0, 1, 0, 0, 0, 1, 0, 1, 1, 0, 0, 0, 0, 1, 0, 0, 0, 1, 0, 1, 1, 0, 1, 0, 0, 0, 1, 1, 1, 1, 0, 0, 1, 1, 1, 0, 1, 1, 0, 0, 0, 1, 1, 0, 1, 0, 0, 1, 1, 0, 0, 0, 1, 1, 1, 1, 0, 1, 0, 0, 1, 0, 1, 0, 1, 1, 0, 1, 0, 1, 0, 0, 0, 1, 1, 0, 0, 1, 0, 1, 0, 1, 1, 1, 1, 1, 1, 0, 1, 1, 1, 0, 1, 0, 1, 0, 1, 1, 0, 1, 1, 0, 0, 1, 1, 0, 0, 0, 0, 0, 0, 1, 1, 1, 0, 1, 0, 0, 0, 1, 1, 0, 0, 1, 0, 0, 0, 1, 1, 1, 0, 0, 1, 0, 1, 1, 1, 1, 1, 1, 0, 1, 0, 1, 0, 1, 1, 1, 0, 0, 1, 1, 1, 1, 1, 1, 0, 1, 1, 0, 0, 0, 0, 0, 0, 1, 1, 1, 0, 1, 0, 0, 1, 1, 0, 1, 0, 1, 0, 1, 0, 1, 1, 0, 0, 1, 1, 1, 1, 1, 0, 0, 1, 1, 0, 0, 0, 0, 1, 1, 1, 1, 1, 1, 0, 0, 0, 1, 1, 1, 0, 1, 1, 1, 0, 0, 0, 1, 0, 1, 0, 1, 0, 1, 0, 0, 1, 1, 1, 1, 0, 1, 1, 0, 1, 0, 0, 0, 1, 1, 1, 0, 1, 1, 1, 0, 0, 1, 0, 1, 1, 1, 0, 1, 1, 0, 1, 1, 1, 0, 0, 0, 0, 0, 0, 1, 0, 0, 1, 0, 0, 1, 1, 0, 1, 0, 0, 0, 1, 0, 0, 1, 1, 0, 1, 1, 0, 0, 1, 1, 0, 0, 0, 1, 1, 1, 0, 0, 0, 1, 1, 1, 0, 1, 1, 0, 1, 0, 1, 1, 1, 0, 0, 0, 0, 1, 0, 0, 0, 1, 1, 0, 0, 0, 0, 1, 0, 0, 1, 1, 1, 1, 1, 1, 0, 0, 0, 1, 0, 0, 1, 1, 1, 1, 0, 0, 0, 1, 1, 1, 1, 0, 1, 1, 0, 0, 1, 0, 0, 0, 1, 0, 0, 0, 0, 1, 0, 1, 1, 0, 1, 1, 0, 0, 0, 1, 1, 0, 1, 0, 0, 0, 1, 1, 1, 0, 1, 0, 0, 1, 0, 1, 0, 0, 0, 0, 0, 0, 1, 1, 1, 0, 0, 1, 0, 0, 0, 1, 0, 1, 1, 1, 0, 0, 0, 0, 1, 1, 0, 1, 0, 1, 1, 1, 1, 1, 0, 0, 0, 1, 1, 1, 1, 1, 1, 0, 1, 0, 1, 1, 1, 0, 1, 1, 1, 1, 0, 0, 1, 1, 1, 0, 1, 0, 0, 0, 1, 0, 0, 0, 1, 0, 0, 1, 1, 0, 1, 1, 0, 1, 1, 0, 1, 1, 0, 1, 0, 0, 0, 0, 0, 1, 1, 0, 1, 0, 0, 1, 1, 0, 1, 1, 1, 0, 1, 1, 0, 0, 0, 0, 0, 0, 0, 0, 0, 0, 1, 0, 1, 0, 1, 0, 0, 0, 0, 1, 0, 0, 0, 0, 0, 0, 0, 0, 1, 0, 0, 0, 1, 1, 0, 1, 0, 0, 0, 1, 1, 0, 0, 0, 1, 0, 1, 0, 1, 0, 0, 0, 0, 0, 1, 0, 1, 1, 1, 0, 1, 0, 1, 1, 0, 1, 1, 0, 0, 1, 0, 0, 0, 0, 1, 1, 0, 1, 0, 1, 1, 1, 1, 1, 0, 0, 0, 0, 0, 0, 0, 0, 0, 1, 1, 1, 1, 1, 1, 1, 1, 1, 1, 0, 1, 1, 0, 0, 0, 1, 1]