#/home/brian/Documents/summer17/Python/VEC/scripts/make_SBM_graphs.py
# GMT Thu Jul 27 21:52:00 2017
# 
0 130 99 46 62 195
1 32 125 5 175
2 162 104 75 78 149 92 125 158
3 163 80 148 92 93 190
4 131 169 124 178 53 121 156
5 195 6 47
6 106 19 29 151
7 72 89 100 29 191
8 56 66
9 161 66 100 167 136 44 153 94
10 35 75 52 53 183
11 37 135 137 178 88 122 154
12 35 187 13 191
13 176 34 147 143
14 95
15 192 37 180 181 86 56 28 127
16 96 97 66 74 108 141 144 181 57
17 96 35 103 168 139 174 79 144 87 88 153
18 24 123 109 78
19 112 177 67 148
20 192 33 144 181 150 85
21 190
22 80 49 71
23 178 166 181 54 135
24 27 84 30
25 97 197 42 116 54 138
26 44 187 132 28 175
27 32 82 57 193
28 72 87 79 119
29 74 131
30 92 137 57 188 159
31 129 106 117 149 55
32 128
33 196 166 198 63
34 161 41 42 144 51 87 122 186
35 49 76 145 51 56 122
36 176 102
37 98 99 53 155 156
38 101 71 111 81 149 152
39 130 95 108 154 85
40 144 145 90 79
41 161 136 42 76 86 61
42 130 98 184
43 147
44 176 98 141 48 55
45 161 147 132 126 55
46 81 186 91 156
47 190 149
48 162 149 146
49 170 172 198
50 57 63
51 103 173 142 60
52 105 106 139 77 59
53 96 163 167 72
54 160 166 103 72 138 174 179
55 148 185 63
56 134 181 153
57 194 67 199 110 177
58 141 95 131 163 79
59 188
60 125 70 103
61 104 181 89
62 96 133 178 89 95
63 111 159
64 72 195 85
65 160 107 116
66 98 197 166 135 115 88 122
67 71 114 89 184
68 96 153 74 180 138
69 99 196 107 110 89 155
70 192 160 130 135 72 137 75 114 120 103
71 164 118 110 85 151 158
72 163 134 178 154 155
73 155 159
74 195 102 167 136 85
75 194 117 184
76 91
77 185 130 85
78 196 148 175
79 131 188 174 94
80 196 101 187 190
81 82 132
82 93 143 125 159
83 147 173 101
84 109 110
85 100 105 91 188
86 144 131
87 131 130 186
88 96 102 98 95
89
90 96 197
91 130 99 103 137 127
92 193 169
93 194
94 192 96 137 154
95 171 144 142
96 103 105 139 100
97 144 99 167 141
98 163 108 105 119
99
100 107 180
101 185
102 107 197 171 144 156
103 119
104 153 138
105 197 199
106 198 140 115 190
107 145 180 124
108 169
109 196 199 121 187
110 143 146
111
112 123 121 164
113 149 175
114 196
115 176 140 118
116 171 169
117 162 198
118 147 142 199
119
120 160 195 181 157
121 185 198
122 160 179 124
123 179 151
124 192 163 136 142
125
126 176
127
128 171 166 142
129 152 164
130 137 142
131 153
132 176 151
133 178 174
134
135 169 144
136 160 197 137
137 167 175 178 153 156
138 170 179 186
139 145
140 173 151
141 169 155
142
143 151
144 179
145 186
146 147 182
147 196
148 175 177 187
149 190 184 158
150 156
151 164
152 153 191
153 170 186
154 176
155 192 157
156 190
157 177 183
158
159 193
160
161 179
162 191
163
164 173
165
166
167 178 181
168
169
170
171
172
173
174 188
175
176 185
177 198
178
179
180 189
181 197
182 185
183
184
185
186
187
188
189
190
191
192 193
193
194
195
196
197
198
199
[1, 0, 0, 0, 1, 0, 0, 1, 1, 1, 1, 1, 0, 0, 1, 1, 1, 1, 0, 0, 1, 0, 0, 1, 0, 1, 0, 0, 1, 1, 0, 0, 0, 0, 1, 1, 0, 1, 0, 1, 1, 1, 1, 0, 0, 0, 1, 0, 0, 0, 0, 1, 1, 1, 1, 0, 1, 0, 1, 1, 1, 1, 1, 0, 1, 1, 1, 0, 1, 1, 1, 0, 1, 0, 1, 0, 1, 1, 0, 1, 0, 0, 0, 0, 0, 1, 1, 1, 1, 1, 1, 1, 0, 0, 1, 1, 1, 1, 1, 1, 1, 0, 1, 1, 1, 1, 0, 1, 1, 0, 0, 0, 0, 0, 0, 0, 1, 0, 0, 1, 1, 0, 1, 0, 1, 0, 0, 1, 1, 0, 1, 1, 0, 1, 1, 1, 1, 1, 1, 1, 0, 1, 1, 0, 1, 1, 0, 0, 0, 0, 1, 0, 0, 1, 1, 1, 1, 1, 0, 0, 1, 1, 0, 1, 0, 0, 1, 1, 1, 1, 1, 1, 0, 0, 1, 0, 0, 0, 1, 1, 1, 1, 0, 1, 0, 0, 1, 0, 1, 1, 0, 0, 1, 0, 0, 1, 0, 1, 0, 0]