#/home/brian/Documents/summer17/Python/VEC/scripts/make_SBM_graphs.py
# GMT Thu Jul 27 21:51:47 2017
# 
0 442 213
1 58 439
2 467 326 87
3 257 158 342
4 288 48 335 151
5 398
6
7
8 401 179
9 224
10 193 214
11 445
12 66 19 396
13 57 443
14 68 230 423
15 465 223
16
17 456
18
19 57
20 218 59 155 446
21
22 347
23
24
25 137 59
26 408 31
27 215
28 195
29 435
30 477
31 431
32 353
33 292 69 366 173
34 330
35 210 77
36 280 311
37 416 456 59
38 402 253
39 219 243
40
41 383
42 468
43 468 375
44
45 384 309 446
46
47 80
48
49
50
51
52
53 368 352 123
54 399
55 451
56 227
57
58 232 494 89
59 395
60 201 466
61 396 230
62 177
63 328 465
64 104 236
65 315 164
66
67 360 331 499 271
68
69 113
70 449 139
71
72
73 418 270
74 445
75 437 198
76
77 339 201 394
78 82
79
80 346 358
81 152 148
82 283 395
83
84 158
85
86 148 411 260
87
88
89 445
90 362 140
91
92 325
93 225 468
94 240
95
96 354 358
97 147 455
98
99 280
100 431
101 280 162
102 120 133
103 367 430 239
104 379 493
105 274
106
107 338
108 123
109 128 372
110
111
112
113
114 241 445
115 352
116 186
117 476 471
118 186
119 325 439
120
121 167
122
123
124 484
125 284 230 383
126 428
127 385 298
128 342
129
130
131
132 428
133
134 241 402
135 344 241
136 259 462
137
138 385
139 424 228 173 255
140 161 187 377
141 458 478
142 281 339
143 210 326
144 181
145 441
146 296
147 341 486
148 442 165
149 308
150 480 466
151 393
152 305
153 418 477 311
154 299
155 343
156 453
157 313 204 439
158 420 329
159 303
160 187
161
162
163 489
164 325
165 338 486
166 271
167 326 241
168
169
170 297 201
171 377 475
172 282
173 186 493 198
174 307
175 208 314 461
176 457 395 188
177 258
178 393 412
179 413
180
181 431
182 317
183 184
184 220
185
186 426
187
188
189 225
190 255
191
192 343
193 371 194
194
195
196
197
198 472
199 442
200
201
202
203 341
204
205
206 268
207 475
208
209 322 300
210 434
211
212 375
213 321 382
214
215 474
216 225
217 300 397
218
219 311
220 399 271
221
222 424 388 477
223 407
224
225 276
226 450
227
228 313
229
230 443
231 402
232 352 443
233
234 338 243
235
236
237 455
238 384 247 381 255
239
240
241 316
242
243
244 447
245 308
246
247 252
248
249 323
250 382
251 360 403
252
253 454
254 265
255 395
256
257 284 451 491
258
259 470
260
261
262 342
263 265
264
265 382
266 465 300
267 481
268
269
270
271
272 415
273
274
275
276
277 293 282 301 493
278
279 416 325
280
281
282 417
283 497 397 333
284 453
285
286
287
288
289
290
291
292
293 440 490
294
295 499
296
297 483
298 354
299
300 322 381
301 336 405
302 403
303
304
305 367
306 434
307 441 346
308 380
309
310 436
311
312 319 443 485 343
313 408 348 401
314 463
315
316
317
318 477
319
320
321 353 332
322 349
323
324
325
326 498
327 451
328 454
329 381
330 423
331 387 437
332 413
333
334 400 352 472
335
336 480
337
338
339
340 401 367 479
341
342
343 390
344 347
345 355 439
346
347 405
348
349
350 411
351 436
352 399 415
353 356
354
355
356
357
358 461
359 457
360 424
361
362
363 417
364 496
365
366
367
368 459
369 418
370
371 420
372
373
374 402
375
376
377 416 463
378 465
379
380 489
381
382
383 440 395
384
385
386 458
387
388
389
390 436
391 438
392
393 419
394 435
395
396
397 452
398
399
400
401 490
402
403 486
404
405
406
407
408
409
410
411
412
413
414 448
415
416 460
417 432
418
419
420
421
422
423
424 489
425
426 460
427 465
428
429
430 434 438
431
432
433
434 484
435
436
437
438
439
440
441
442
443
444
445
446
447
448
449 483
450
451
452
453 456
454
455
456
457
458
459
460
461
462
463
464
465
466
467
468
469
470
471
472
473
474
475 491
476
477
478
479 480
480
481
482
483
484
485
486
487
488
489
490
491
492
493
494
495
496
497
498
499
[1, 0, 1, 0, 0, 1, 1, 0, 0, 1, 1, 0, 0, 0, 0, 0, 1, 0, 0, 0, 0, 1, 0, 1, 1, 0, 0, 1, 1, 0, 1, 0, 1, 1, 1, 0, 1, 0, 0, 1, 0, 0, 0, 0, 0, 0, 1, 1, 0, 1, 0, 1, 1, 0, 1, 0, 1, 0, 0, 0, 0, 0, 0, 0, 0, 0, 0, 1, 0, 1, 0, 0, 1, 1, 0, 1, 0, 0, 0, 0, 1, 1, 0, 1, 0, 1, 1, 1, 1, 0, 0, 1, 0, 0, 0, 0, 1, 1, 1, 0, 0, 0, 1, 1, 0, 1, 1, 1, 0, 0, 1, 1, 1, 1, 0, 0, 0, 0, 0, 0, 1, 1, 0, 0, 1, 0, 1, 1, 0, 0, 1, 1, 1, 1, 1, 1, 1, 0, 0, 0, 0, 1, 0, 1, 1, 1, 0, 1, 1, 1, 0, 0, 1, 1, 0, 0, 0, 0, 0, 0, 0, 0, 1, 1, 0, 1, 1, 1, 0, 1, 0, 0, 1, 1, 1, 0, 0, 1, 0, 0, 1, 1, 0, 1, 1, 0, 0, 0, 0, 0, 0, 0, 0, 1, 1, 1, 1, 0, 1, 1, 0, 0, 1, 0, 0, 1, 1, 0, 0, 0, 1, 1, 0, 1, 1, 1, 1, 0, 0, 1, 1, 0, 1, 0, 1, 0, 0, 1, 0, 0, 0, 0, 0, 0, 1, 1, 0, 0, 0, 1, 0, 1, 1, 1, 0, 1, 1, 0, 1, 1, 1, 1, 0, 0, 1, 0, 0, 0, 1, 1, 1, 1, 0, 1, 1, 1, 0, 1, 1, 1, 1, 1, 0, 0, 0, 1, 0, 0, 0, 0, 0, 0, 1, 0, 0, 0, 0, 1, 0, 1, 0, 1, 0, 0, 0, 1, 0, 0, 1, 0, 0, 0, 1, 0, 1, 1, 1, 1, 1, 0, 1, 1, 0, 0, 0, 0, 1, 1, 1, 1, 0, 1, 0, 1, 0, 0, 1, 1, 0, 0, 1, 1, 0, 1, 0, 0, 0, 1, 1, 0, 0, 1, 0, 0, 0, 0, 1, 0, 0, 0, 1, 1, 0, 1, 1, 0, 1, 1, 1, 1, 1, 1, 0, 1, 0, 1, 1, 1, 0, 1, 1, 1, 0, 1, 0, 0, 0, 0, 0, 0, 1, 0, 1, 0, 0, 1, 1, 1, 1, 1, 1, 1, 1, 0, 0, 0, 0, 0, 1, 1, 0, 0, 0, 1, 1, 0, 1, 0, 0, 1, 1, 1, 0, 0, 1, 0, 0, 1, 1, 0, 0, 1, 1, 1, 1, 1, 0, 0, 1, 1, 1, 0, 0, 0, 1, 0, 1, 1, 1, 0, 0, 1, 1, 0, 0, 0, 0, 0, 0, 0, 0, 0, 0, 0, 0, 0, 0, 0, 1, 0, 0, 1, 1, 0, 1, 0, 0, 1, 0, 1, 1, 0, 1, 0, 1, 0, 1, 1, 1, 0, 0, 1, 1, 0, 1, 0, 1, 0, 0, 1, 0, 0, 1, 0, 1, 1, 0, 1, 1, 1]