#/home/brian/Documents/summer17/Python/VEC/scripts/make_SBM_graphs.py
# GMT Thu Jul 27 21:51:55 2017
# 
0 66 3812 2959 149 3577 2363
1 3696 3163 2324 109
2 992 2276 4389 687
3 4604 2845 4198
4 1012 2659 4532 2373 3703
5 2680 2841 3972 4413 4422
6 1434 2431
7 4795 2862 38
8
9 3057 1699 1581
10 2697 2258 1812 906
11 2929 3268 3889 447
12 3882 3779
13 146 3268 1989 3967
14 552 980
15 1064 2588 2764 4391
16 2607
17 1796 49 622 4753 4923 638 1823
18 3672 4337 475 764
19 284 2557 125
20 2263 2516 231
21 4705 4387 296 1525 1494 3484 2141 3285
22 75 1634 1363 183
23 2500 3382 55
24 896 4245 4727
25 2502 2134 1335 4120 3515 1246
26 4761 3151 639
27 1160 1195 1580 3954 4850 3449 3034 2142
28
29 425 2650 4084 4566
30 585 4235 3131 2734 559
31 883 4220 3323
32 312 696
33 2800 3152 4132
34 505 1210 2555 3991
35 4563 3476 4357 1630 2853
36 181 2350
37 3447 835 719
38
39 1560
40 3610 2157 3847
41 1289 1882 395 652
42 322
43 56 1260 1134
44 2601 4082
45 3432 4606 1878 3062
46 2097 307 900
47 1893 3732 4565 1655
48 843 195 4844 959
49 3351 3871
50 3713 1734 1718 4762 1563 3965
51 1540 75 107 3164
52 3030 3385 4045 3182
53
54 1024 4555 333 4656 86 473
55 4760 1643
56 2500 1030
57 2380
58 4416 489 4060 1552 3439
59 3003 2972
60 160 4098 1130 1182 3566
61 1168
62 3216 4108 4270
63 1568 1139 3495
64 2192 2165 1006
65 3042 4396 4798 4502 3685
66 280 479 2727
67 4844 3251 4708 473
68 1794 262 1406
69 2145 2698 4182 4728 2972 2462
70 1944 4908 1116 1886
71 475 2739 4639
72 572
73 4816 2018 1948 4110 342
74 3936 1801 1029 1879
75 1955 3500 1486 4210 2356 310 4824
76 4931 1578 1008 2546 4500 2678 3833 1790
77 4296 944 1267 4036
78 4736 3361 2296 840
79 2796 1510
80 3413 998 2687
81 1000 4240 2219
82 3112 2081 445
83 2492 4221 3989
84 3336 3874 2330
85 964 1381 3337 434 1458 499
86 3733 1484 4262 1094
87 1404 3204 3849
88 1521
89 2146 2842 1866 533
90 1508 627 364
91 3861
92 4227 2885 2773
93 3917
94 4738 4711 840 1676 4145 4947
95 2865 3373 3545
96 1232 1643 3003 3392
97 2104 4473 3046
98 2536 2137 2763 2663
99 3029
100 4392 977 4603
101 1408 3957 180 4597 573
102 2652 125 4246
103 4162 3150 2318 1909 4282 1119
104 2666 4787 3472 4659 757 863
105 1627 3835 3236 2227
106 4664 729 4938 1262
107 3594 850 3019
108 354 1767 3723 1905 4245 1657
109 3880 3514 4435 3909
110 2097 285
111 723 286
112 1146 4963 1164 1423
113 3129 4717
114 4492 276 4789 2926 3039
115 2339 1655
116 2392 1075 4734 2318 255
117 568 4175
118 1266 2263
119 2771 4997
120 1643 3285
121 794 1795 3605 334
122
123 4748
124 2692 1638 654 1839 4118 3479 2456 633
125 3100
126 2409 2227 3686 761
127 4036
128 184 3903
129 4411 1126
130 2352 4548 2717
131 728 3209 183
132 2836 292 687
133 3527 1610 750 2069 4376 991
134 3937 3867
135 169 3231 848 2842 3039 735
136 4904 4092 1242 220
137 886
138 1776 1954
139 1894
140 3166 3102
141 1524 2549 2406
142
143 2164
144 2234 4163 2671
145 4025 4733 678 4559
146 2268 1964 1391
147 1103 3827 4629 2454 2007
148 1752 2897 3803
149 2473 2877 2893 4295
150 4696 3164
151 849 3868 3055
152 1874 1981 2186 4823
153 4784 3012
154 429
155 459 1947 229
156 3163 2580 1478 3823
157 4361 1878 2229 4550 4607
158 1164
159 488 4201 3181 3302
160 3096 1769 1770
161 3171 1481 2451 1065
162 481 3814 2239
163 3888 1169
164 4576 4065 2860 1096 2348 4684 4666
165 4582 3272 1618 3705 380 4989
166 2944 1946 2452 645 438
167 1664
168 3177 3916
169 1635 1604 942 814 223 4542 2975
170 2111 3243 3255
171 2378 2579 765
172 592 2912 244 2141
173
174 4880 4714 1651 4620 2263
175 4142
176 875 4349 1966
177 2572 2830 4039
178 3747 4725 1742 1319
179 3702
180 3252 838
181 1708 4764 3051 1969
182 4817 2299 3117 567 2605
183 2697 459 1485 2291 2455 2202 3197
184 2412 1627 4108 2854
185 4350
186 1362 3971 2623
187 2458 4716
188 1027 3597 3438
189 4417 2403 2508 493 2479 2993 1563
190 4120
191 1376 1309
192 2640 1145 2116 2573 3838
193 2554 4836 3263
194 402 4731 1003 1119
195 1033 3099 3743
196 4206
197 2361 1497 1988 4321
198 677
199 1040 4003 3221 4687
200 2176 2437 1087
201 3064 247 3588 2391
202 4235 4869
203 3684 3427 4140
204
205 1048 769 1075
206 3617 227 3397 870 1194 1643 1326 2661
207 422
208 3616 4583 4968 2219 430 341
209 4643 3047 1161 4861 4178 1469
210 4832 2980 4646 649 850 2429
211 4899 1253 2565
212 3963
213 1728 3608 4082
214 3120
215 4738 525
216 4084 3126 1223
217 4190 4055
218
219 1564
220 2240 3003 4014
221 3497 2306 2668 2036 3789
222 3392 352 2370 420
223 3242 4782
224 2529 1924 3497 970 1519 1688 511
225 274 4223
226 1744 3952 4490 4470 2553
227 1464 3258 580
228 4992 905 1588
229 3042 2813 4151
230 3493 3902 4671
231 2921 2465
232 3388 1804 1469 4628 2780 1213
233 2672 721
234 1864 3664
235 1496 778
236 4815
237
238 3017 1722 348
239 600 4930 1293 1399
240 3664 2771 742 3102 951
241
242 3352 2074 4484
243 3890 4716
244 3292 1394
245 3616 4068 3237 3083 4122 3548
246 4889 4133 3671
247 4481 962 1128 2603 1274 957
248 1207 3423
249 1232 2403 1876 1663
250 866 934 1831 3820 3458 1772 2701 4846
251 985 1682 3961
252 3440 4422 2985 400 341 4054 3479 3389 1279
253 4282 316
254 2817
255 2522 3055
256 4675 3957 2751
257 3145 3134
258 2336 552 1432 2052 1406
259 3145 4842 4948 3058
260 3897 2453 4223
261 2419 597 2926
262 4418 3314 2306 2173
263 4833 874 3638 3559
264 487 4010 2283 4757 2906 1851 1215
265 707
266 3494 1262 2384 658 4665 2297
267 1296 4581
268 1624 4683 2286
269 4108 1594 3444 3325 4226
270 1714 3740
271 3514 1115 3900 1558 4023
272 376 1987 2708
273 387 4902
274 1248 1794 3188 3065 2394
275 3160 3201 4542
276 1852 4821 4262 3671
277 626 661 910
278 3110
279 2601 494
280 4115 1332 4605
281 2089 1180 485 1615
282 1320
283 3865 3714 2508 4997
284 4432 499
285 3008 3877 1479 845 2576 4883 3167
286 1632 4337 878 1126
287 1089 2075
288 2746 2652 3037
289 3768
290 4148 793 1668 2343
291 1777 1005 4517
292 3200 4475
293 424 3724 1453 3103
294 2057 2803
295 1265 3265 4789 1861
296 1898 4362
297 2221
298 1066 1211 2443 558
299 3181
300 1508
301 973
302 3393 635 1551
303 1149
304 2626 2344 1666 4334 3592 4025 478
305 3186 4459 3285 934 4218
306 4640 371 1938 563
307 1706 1647
308 4708 2771 4376 3772 4019 895
309 4772
310 1124 4294
311
312 3609 963 4417 3433
313
314 4657 4663 2053 4934 2919
315 1987 2021
316 770
317 4531 1796
318 3049 1604 2373 422
319
320 3080 4129 4522 624
321 1426
322 467 589
323 4675 1419 1052
324 4129 3234 2742 727
325 3467 4068
326 339 1331 959 975
327 544 3354 4454
328 1265 1347 2203 3997
329 1811 4244
330 3684 2118 366 3798 2136 2271
331 4788 4106 3395 4612 4706
332 2145 4343
333
334 3114 924 1655
335 3496 3948 2182 4030
336 496 4673 1147 1544
337 497 2043 340 1484 3555
338 1474
339 1224 4094
340 4491 526
341 3783 2955 4526 2872 3678
342 4598 2447
343 1552 2152 1610 4731
344 2513 3230 1087
345 1904 1424 418 1123 1627
346 1418 387 852 3758
347 4609 3099 2421 2985
348 661 1837 1046 2543
349 4197 1838 783 787 3766 3191
350 4177 3474 4661
351 1256 3281 578 1307
352 2848 3844 4549 4296 2577 837
353 1314 3917 1042 851 2776 4381 3519
354 1816 4308 2575
355 1289 4771 2971
356 1201 3051 2453 4557
357 1074 1687
358 2524
359 3041 3282 1812 2527
360 1488 1680 3599 1423
361 4673 2019 4174 2607 4369 4219
362 4161 4756 4759
363 2152 4397 623
364 4840 4261 2271
365 2549
366 2675 836 4895
367 4201 4955 1237
368 2477 3062 2733
369 3892 1511
370 2768 2082 1469 390
371 448 1359 2321 2551 4248 2447 1599
372 4641 4986 4987 4213 3913
373 2400 3993 2063 1297
374 2528 2883 846 4670 957
375 1273 3545 1879 1495
376 4936 4661
377 3330 2239 3765 1854 1423
378 1738 4252 3518
379 4812 1335
380 2627 4846 977 1587 3068
381 3488 1418
382 4920 4777 3027 1846
383 1313 3938 1946
384 3728 1993 3661 2222 2840
385 567 3267 3790 4167
386 1865 1911 1452 3597 1750 2505 4638
387 513 2478 3664 1534
388 3140 4428 1697
389
390 1800 3266 4599
391 3256 4211 4917 3382
392 2632 3233 3317 2408 2791
393 2585 418 2733 2142 3735
394 4418 4043 2180 2285
395 4584 3322 3015 2705
396 4880 2444 3159
397 1970 3636
398 3616 3554 3859 4442 4095
399 1372
400 2575 3185 2194 4723 2739
401 4315
402 3510 3478 555 4529 3222
403 3432 2346 436 3318 4444 1981
404 2552 1817 2011 1254 3889
405 2884 2450 2156 2311
406 819 687 3315
407 4989 4495
408 2404
409 1659 1263 783
410 2392 4317 4310 2389
411 1336 1961 2437 2038
412 2456 563 3452 4053 1671
413 2057 4691 3385
414 935 1357 4855
415
416 1212 4541 605
417 3435
418 2771
419 1926 2575 3614 4838 4133
420
421 2672 3690 4212 1886 2710
422 932 2064 3282 2362 1596
423 4331 1238 1807
424 3078 3462
425 618 1548 3670 951 1528
426 4074 3782
427 2507 428 3957 2278
428 3241 2893 1038 1365 553
429 3842 612 969 1681 4697 2303
430 625 4976
431 4362 1157 3934
432 3459 3878 2761 4877 4847 4387 3927
433 2680
434 1014 3407
435 1676
436 1145 2426
437 1480 476 3957
438 4074 2622
439 4201 4866 2492 877 4303
440 2968 1992 3659 2214
441 3504 3190 4502 4423
442 2816 4325 2375 936 2191 1777 2501
443 4807 1499 4749 2755 4863
444 753 2667 813 2569
445 4064 1033
446 3886
447 2196
448 572 2398
449 4120 4715 1203
450
451 2737
452 1929 1757 1806 2639
453 2538 4027
454 4265 2530 4555 766 1119
455 2529 634 1701
456 3372 1157
457 1864 2838
458 3025 1930 4980 3644 4217
459
460 1314 4259 1900 4237
461 2808 2612 694
462 1379 3163 3411 4413 1609
463 1759
464 3154 2700 2839
465 941 786 3405 4213
466 864 3816 3177 491 4462 3855 2131
467 1240 2540 2836
468 2778 4086
469 4159 3511
470 762 492 2822
471 3049 2162 711
472
473 1156 1605 2022 3116 2253
474 3121 2493 751
475 2023 659 4214 3003
476 953 2148
477 2974 4647
478 893
479 3636 3650
480 4792 3565 2582
481 3098 1061
482 3497 1386
483 3760 3529 602 645
484 3463
485 3061
486 4152 932 2791
487 4833 3467 846 1302 3514
488 962
489 4176 3801
490 3662 892 4804 3973 3990
491 1501 877
492 1786 1861 2007
493 1666
494 4324 1101 3344 4754 3444
495 1984 683 4230
496 1080 915 1783
497 2727 3179 3052 909 725
498 1347
499 2167
500 547 4446
501 664 3227 2731 4475 4111
502 2617 1322 1931 3878
503 1926
504 4179 4157 2925
505 2634 2453
506 2154 3314
507 3714 628 3778 678
508 3146 1755 549 4093
509 1147 1237
510 2562 3483 3718
511 3122 4038
512 1261 2748 4765 2117
513 3170 2950 4502 3510
514 1052 4143
515 2841 1071 1836 2911
516 4713 1099 3003 2788 2407
517 4168 646 1701 1478 1679
518 2001 1052
519 2600 2200 4717
520 907 4252 1118 670
521 792 3880 4786 3830
522 2760 809 4674 4948 4030
523 2618 4102 3559
524 3856 3422
525 4152 3400 1875
526 3393 3494 2190 3215 3101
527 2961 1666 3627 2420 1250
528 1112 4303 3711
529 2701
530 685 2414
531 4697
532 3156 2549 2046
533 3048 3811 1356 873
534 4720
535 2372 3526 2536 4589 2862 3423 607
536 1674
537 4736 3899 2460 2439
538 2130 1275 4342
539 2210 1725
540 4120 3561 4082 795
541 1144 2857 4574
542 4272 2601
543 4228 1906 3772
544 4868 4709 3213 1678 1368
545 3719 3165 4646 3063
546 4064 4577 1638
547 2628 4785 2515 2911
548 4856 4777 1968 3695 4407
549 4378 4874 1978
550 4176 1298 3471
551 1472 881 3274 4176
552 1259 680 4363 4977 4379
553 1464 872 957 3903
554 4947
555 4803 1612 2325 4507 4669 3934
556 2415
557 1448 2696 580 1631
558 4912 979 1148 4869
559 2106 2347 1258
560 1322 4771
561 4489 1564
562 2211 1695
563 2242 582 3829 1662 2485
564 4512 841 1088
565 2091 1715 3231
566 713
567 3978
568 4313 4739 1500
569 3322 1506 1399 2981 3495
570 2320 4363 756 1463
571 792 4193 4101 1134 2023
572 2819 3166 4678
573 2746 3419 4126
574 4408 626 1197
575 3040 3097 4963 1309
576 3529 4457 1003 1233 2569 701
577 1105 3154 2235 3835
578 3858 4327 1882
579
580 1868 3070
581 2741
582 4832 4357 1678 3352 4573 3998
583 2472 4456 3396 3126
584 2312 2993 4402 1704 4847
585
586 4193 2980
587 1433
588
589 2179 2324 4182
590 2688 3881 3842 2728 3098
591 2850 2018 2779 4666 2934
592 1521 4036 943
593 1342 3043 4893 3774
594 1372 3170 820 4814
595 4840 1156 2946 4828 2759
596 3930 3387 3372
597 2401 4102 653 4758 1093
598 3809 2348 636
599 3219 4078 4579
600 608 4912 3565 1126
601 2687 2691 2187 3675 2975
602 1153 3934 2006
603 2937
604 4750
605 3450 4068
606
607 4384 3200 2620 4342
608 1296 3067 997
609 2076 2470 2911
610 4784 4588 1076 3301 3703
611 4071 1417 1073 2582 2391 1247
612 2670
613 808 2980 1469
614 936
615 2746
616 3302 3974 3720 2155 3500 973 1815 4151 3484
617 4996 3411 956 2133
618 1602
619 4616 2551 2775
620
621 1736 4875 3884
622 742 1185
623 2152 1659 1398 1056
624 2434 795 2182 1582
625 1971
626
627 3331 4568 4106 664 3189 952 2681
628 992 3829 3062
629 3758
630 3939 2236
631 1624 1523 2927
632 4008 3559 4942 1767
633 2344 1713 1763 3134
634 3730 3755
635 3792 2194
636 4856 3636 4951
637 2314 2851 4997 3846
638 4946 1897 799
639 3380 2206
640 2962 3373 2703
641 1001 4170 4556 4433 3766 2495
642 4641 2118
643 2488 3693 3126
644 2692 4037 4913 2706 4980 2295 1790
645 4961
646 2801 4012 4607
647 4588 1861
648 3680 4320 1796 1013
649 2924 1267 3500 4892
650 1159 4043 4589 4014 1045 4637
651 3138 2897 4938 2439 1681 1535
652 1459 4615
653 1362 708
654 667 3407
655 2733 1139 2389 695 1785 3323 2719
656 2911 4231
657 2308
658 4955 2946 1551
659 4338 3327
660 1762 2141 870
661 4321
662 2993 4775 1405 3279 3007
663 1476 2004
664 1047 4365
665 1352 2938 979
666 1241 1866 1059 3166 3263
667 3573
668 4624 2833 1263
669
670 3645 2727
671 1961 1686
672 4226
673
674 851 4143
675 4847 2919
676 4412 4118
677 4515
678 3592 4564
679 4201
680 1681 1794
681 3374
682 3928 4004 911
683 2503
684 2954 2930 2038 2103
685 3120 2140 3566
686 4821 4702
687 3003 4298 3097 1851 4063
688 3592 4906 4269 1487 3274 3487
689 3744 3912 834
690 998
691 2177
692 1700 2083 4244 1759
693 4642 2407
694 2059 2038 4693
695 4864 4557 2471 3653
696 1729 4198 1916 4496 2809 1724 1789
697 1427 1597 853
698 1113
699 4507 3564
700 2634 2405
701 4130 4394 3559
702 3554 3806
703 3913 4458 1235 729 1275 3743
704 3067 3292 2335
705 3117
706 4707 3597 1070 4071
707 4612 2256 3863 4282 2332
708 2762 2380
709 3328 4962 4886 1015
710 840 2366
711 4313 4067 3284 2243
712 3694
713 2964 855
714 1818 3957 4015
715 2070
716 3724 4944 3667 4663 2329 1210 4732 3167
717 4937 3459
718 2563 2533 4359 3340 978 2643 1684 4697 3514 891
719 794 2757 4542 3229
720 1353 4547 2709 4518
721 1475 1587 3518 3011 4862
722 3064 2401 2793
723 1460
724 3154
725 3392 787 1759
726 971 2004 3743
727 1859 1661
728 833 4802 4414 1007
729 935 3501 950
730 3242 4071
731 2599
732 4936 1742 3615
733 4912 4992 3020 2182
734 2198
735
736 3394 4533
737 745 3263
738 3530 4754 3604 1794 2022
739 3824 4406
740 2250 1987 1363 3917
741
742 2985 3816
743 3042 3356 4775
744 1305 3124 2486
745 4776 4323 1796
746 4696 1984 2053
747
748 3658 3515 2983
749 3553 3267 4132 1541 4839 1839
750 3204 4070 3760 3347 2968 2244
751 4729 4946
752 4622 3670
753 4598
754 1124 3812
755 4277
756 2863 818 4167
757 4615 1866 2124 4339 894
758 3968 2738 4979 1039
759 4400 1216 1237 3670
760 1789
761 2362 3758
762 4228
763 2474 1149 1875 4758 2652 4093 3998
764 4414
765 3808 2012
766 1669 2535 1297 2484 2748
767 2553 1412
768 2851 2606 4326
769 4269 2596 4781
770 4672 3717
771 1576 2383
772 1092
773 3848 1370 2675
774 1154 1259 4061 4590 1631
775 2127 3319
776 1496 3096 1484 1480
777 1224 3680 1138 2124
778 1256 2006 1527 2105 2782
779 1593 2099 4196
780 3841 2951 4460 4532 3701 2655 4415
781 3676 2458 2348 2782 4151
782 1905 2194 2529
783 1627 3766
784 1524
785 2419 1454 4839
786 2680 4163 4476
787 4976 2649
788 2689 3835 3124 1709 3873
789 4112 2425
790 3056 1657 1002 3191
791 2210
792 968 2102 4035
793 4913 4180 3189
794 4608 972 1614 1433 4189
795 3260 2784 3477
796
797 3468 4117 1526
798 2873 3479 3565 3503
799 4289 4010
800 4682 4901
801
802 1768 1387
803 4392 2865 1082 3205
804 1343
805 4952 2387 4555
806 4464 3861 1679
807 4416 2243 3366 3272 1006 1424
808 4631
809 2304 4033 1132 4048 4083 1270 3480 1214
810 3688 4755 1741
811 1104 2224 1309
812 1772 1501
813 2744
814 1373 1529
815 928 4410
816 3792 4963 4979 4429 3527
817 2512 2102
818 2857 4354 949
819 2938
820 2080 2533 3334
821 4000
822 4761 4484
823
824 1896 3189
825 2641 1939 852 1415 1673
826 1184 3786 4211 2948
827 2625 3833
828 2232 937 3333
829 1731 1419 1502 2231
830
831 3624 1657 1322 4217 1145
832 4234 1627 1093
833 1600 4480 3819 4896
834 3756 3397 2887
835 4305 2071
836 4155 2187
837 3699 870
838 2115 3515 1950
839 4011
840 4864 939 3986 2045
841 3920
842 4635 3724 4535
843 4232 2374
844 1736 4595 3446 2910 3717
845 1744 3254
846 2766
847 1697 2792 3820 2800 4792 2553
848 4673 2834 4115 1052
849 2201 873 3441
850 2836 2770 4815
851 931 2467 3173
852 1115 2371
853 1479 3370 1707 4910 3476 3417 3992
854 3576 2354 3906 2310
855 3918
856 4889 4531 4649
857 2962 1934
858 3215 1713 2515 2699 1895
859 984 3609 2886
860 984 1359 3382 4015
861 1992 3905 2932
862 2521 2010 4242 4135
863 2680 3315
864 4584 3093 4863
865 2881 3970 3375
866 3112
867
868 1032 2265 2163 1987 3215
869 3542
870 2762 4747 1019 1706
871 4611 2311
872 2304 1769 4304 2801 2522
873 3704 3382 2774
874 1512 1794
875
876 1332 4007
877 4711
878 2249 4058 2500
879 3481 4644 1549
880 3502
881 2516
882 2365 1687
883 2329 4826 4837 2173
884 1113 2538 2247
885 2696 4450 1020 2237 3078
886
887 2812 3150 2006
888
889 1059 4612 1703 1673 3324 1215
890 3672 4565
891 4580 3146 947 1214 4382
892 1540 1383 3213 2637 2458 2365
893 1544 4568 2444 4636
894 3733
895 4755 2077 2966
896
897 4532 3198
898 4426
899 2706 1564 2286
900 3481
901 3618
902 4379 2796 2678
903
904 4960 4048 1299
905 2876 2110 4918
906
907 2854 4767
908 3557
909 2644
910
911 4744
912 4361 2444 2046 1519
913 4566
914 4391
915 3696 2663 2258 3894 1656 1849 2785 1404
916 3270 1126
917 3568 4112 2148 3653 1806
918 4995 2717 3333
919 1706 3965
920 4613 1982
921 1275
922 2358
923 1680 2124
924 3118
925 1219 4036 4552 4372 1337 3743
926 1633 3588 4277 2485
927 4872 3911 4980 4135
928 1572 1357 4158
929 4615 4168 1705 3317 2971 1278
930 2147 3265 1698 2211
931 3672 1559
932 2130 4388
933 4185 3059 3366
934
935 2727 3297
936 1805 2291 3895 4831
937 1817 2559 3741 3513
938 1110 1070
939 1169 2359
940 1514 3779
941 4993 3363 1733 1831 2600 1563 2428
942 2301 2303
943 2748
944 2784
945
946 1788 1045
947 4552 1495
948 1355 2299 4718
949 3165
950 4161 4697 1166 2800 2455 3227 2718 4415
951 3467 4420 1783
952 4084 4988 2414
953 2440
954 1184 2674 3243 4467 2509
955 2630 1162 3308 1134 3700 3510
956 1273
957 4257 2019 3815
958 1803 2005
959 2435 4294 1482 1905
960 4984
961 4640
962 1541 2216 3082 4249 1599
963 2356 1522 2019 1820
964 1836
965 4691 4725 1086
966 3585 4210 3932 1423
967 4195 2556 2950
968 4312 4274 3559
969 2194 3902 3102
970 4387 2514 1875 4300
971 3523 2184 3535 1105 2811 4703
972 3792 3127 1543
973 4635
974 2666 1196 4805 4133 1071
975 1344 2266
976 2533
977 3974 2652 4075 4110 2094
978 4572 2308 2343
979 4306 1343
980 3328 4977 4503
981 3420 1006
982 3908 3027 1796
983 1857
984 2120 1948 1365
985 2280 1474
986 3560 2010 3003 2317 2150
987 4889 4850 4415
988 4820 4125 2063
989
990 3208 2557 4176 4467 1144 4410 4253
991 1658 3060
992 4799
993 3138 1411 1421
994 2574 2527
995 1609 2548 4863
996 1552 2616 1322
997 1046
998 2243 4420 2025 3043 3445 3933
999 1073 1098
1000 1156 2164 2066
1001
1002 4227 2211 2007
1003 4492 1357 3862
1004 3120 1778 4107 1710
1005 1312
1006 2730 3695
1007 2777 2659 4879
1008 4990 2030 1869
1009 1121 3490 3859 3993
1010 4882 3637
1011 3480 1918 1461 2998
1012 2369 1031
1013 2248 3666 1866 2791
1014 4496 1586 3629 2654
1015 1568 2754 3757 1620 2997 2422
1016 3547 3852
1017 2386
1018 2739 2687
1019 3318
1020 1292 3622 3381
1021 2163 1404
1022 2530 3708
1023 2592 2279
1024 3988 4654 4879
1025 3229
1026 2308 4006 3246 2999
1027 1120 1346
1028 1776 4353 1064 1670 1527
1029 3000
1030 2780 1663
1031
1032 3803 4693 4735
1033 4332
1034 2065 3182 1631
1035 2832 1552
1036 2459 3365 3494
1037
1038 2840 1577 3475
1039 4928 4836 2278 3949 2847
1040 1540
1041 1893 1102 1263
1042 2146 1668 1953 1233 1045 3638
1043 4787
1044 1252 4115 4564
1045 3678
1046 3948 4314
1047 1830 3391
1048 1791
1049 3563 2303
1050 4328 2961 1117
1051 4839 2964 4647
1052 1574 3234 3983 4913 3035
1053 3579
1054 1819 1798 2662
1055 4189
1056 1167 4885 3640 3769 3932
1057 2041 3492 4685 1609
1058 2649 1815
1059 3639
1060 1946
1061 2018 2585 4390 4385
1062 3353
1063 3573
1064 3576 2994
1065 2468 1423 2359 4248 2236
1066 3404 3130 3621
1067 1937 1123 1479
1068 3353 4252 2961
1069 4921
1070
1071 3192 3076
1072 1112 3867 2646 3415
1073 4856 4602 4046
1074 4770 2098 2252 1694
1075 4668 2723
1076 3656 4440
1077 2032 1761 3206
1078 4620 1301 1423
1079 2239 2887
1080 2074 1500
1081 2690 4268 2173 1766 2333
1082 4572 3069
1083 2548
1084 2288 3660
1085 2625 1346 1223 4557 4497 3127 2010
1086 3224 4401
1087 4518 1288 3542 1435
1088 1672 1916 1985 2311
1089 1412 2244 3749 1294
1090 2425 4050 1236
1091 3010 3007 3122 4565 4671 3325 1471
1092 4232 4533 1294
1093 2600 2541
1094 4237 3182 3792 3098 3579
1095 2133
1096 4394 1423 2960 3639 1194
1097 2217 3366 2399
1098 4767
1099 4413 2286
1100 4826
1101 3888 4915
1102 2499 1421 1400 1113 1822 3423
1103 2512
1104 3040 4491 1448 2696 1622
1105
1106 3715 1486 3043 3156 2648 3011
1107 2913 2002 2148
1108 2566 4487 4777 1994 3761 2007 2682 4062
1109 2368 4829 4350
1110 3615
1111 2048 1378 4231 2889 3435 4918 3743
1112 3187 1800
1113 2764 3149
1114 2618 2394
1115 1273 3335 4897
1116 3224 4506 1635 3934
1117 1195 1365 1423
1118 4356
1119 3768
1120 4872 2836 4308 4453
1121 3178 2956 2470 2423
1122 2822
1123 3375 1976 2108 3711
1124 1733
1125 2657
1126 3257
1127 2512 1257 2735 3911
1128 4676 2995 1326 2175
1129 2919 1194 1991 1585 1973 2013
1130 2766
1131 4681 4756 2199
1132 4186
1133 4620 2166
1134 2699 3241 2846
1135 1754 2311
1136 1452 3581
1137 3068 2050 2228 3420
1138 2907 3525
1139 3593
1140 3432 4253
1141 1739
1142
1143 2362
1144 1176 1350
1145 3217 4658
1146 1769 2283 1198 2685 2687
1147 4527
1148 2321 3870
1149 4389 2046
1150 3969
1151 3049 3092 2047
1152 3991 3548 1598 3935
1153 2035
1154 4463 3743
1155 1946 1258 2822
1156 1555 3157
1157 1751 3805 2310
1158 1225
1159 1816 4012
1160
1161 1368 1514 3101 4877
1162 4411 3013
1163 3657 1636
1164 4868 2996 1627 3966
1165 3203 3012
1166 4809 4803 4428
1167 4034 4623
1168 1313 2373 4464 3985 2295
1169 3107
1170 3139 2349 4599
1171 2337 1637 1838 3933
1172 4440 2321 2299 2398
1173 4879
1174 3585 2958 4543
1175 4189 2934 3262
1176 2904 2113
1177 3704 1282 4405
1178 1889 4806 4234 1709 4083 2582 2489
1179 4547
1180 2788
1181 3569 3929 1779 1487
1182 4202 2414 1717 1546 2526
1183 4131 2074 2915 2562
1184 4777 3404 4686 3471 4204 1298 3416
1185 3753 2926 2743
1186 3133 4294
1187
1188
1189 4810 4442
1190 4677
1191 4026 2028 4478 3614 2791
1192 4329 2786 4116
1193 2717 2471
1194 1511 1970 3515
1195 3683 3083 3665 3139
1196
1197 4787
1198 3521 4107 3626 4918
1199 1984 1610 4739 1654 4143
1200 4876 3846
1201 3419 3095
1202 1968 2352 4709
1203 2720 2378 1731 3097
1204 2657 4475 1259
1205 2721 1291 1767
1206 4394 2911
1207
1208 3073 1955 2443 3629 3959
1209 3892 2541 4623
1210 3010 1638 3730 3618
1211 3928 1889
1212 3026 4189 2373
1213 4481 2807 2121
1214 3783 1275 2843 4125
1215 1483 1605
1216 2240 1914 1307 2116
1217
1218 4641 1771 1324 4051
1219 3656 4012 3374 1616 2609
1220
1221 3409
1222 1281 4034 4389 2456 4889 4829
1223 1256 1342
1224 4035 3591 2056 3925
1225
1226 4927 4783
1227 4089 4194 2979
1228 1818
1229 3836 4811 4708 1317 4431
1230 1859
1231 4929 4547 4966 2255 3795 3990 1853
1232 2208 3596 3411 2841
1233 3146 2867 2389 1770
1234 3538 4795 4645 3646
1235 3959 2716 4070
1236 1633 2347
1237 1604 2199 1744
1238 4120 4450 2140
1239 1672 3048 4367 4660 1799
1240 3358
1241 2066 2358
1242 4762 3709 2422
1243 4260
1244
1245 3106 3299
1246 3260 4652 2917
1247 1923 3637 2398
1248 3251 2997
1249 2490 3051 2486
1250 4226 1683 2412 1861
1251 4415
1252 4792 4393 1399
1253
1254 3714 1485 1549 4210 3037
1255 3840
1256
1257
1258 3072 3068 4366
1259 1710 4863
1260 3449 1917 1643 4039
1261 4496 1428 1270
1262 3911 3440 4507 1468
1263 3857 1637
1264 3356
1265 3159 4059 3999
1266 2529 2555
1267 4939 3570 3667 3199
1268 4500
1269
1270 2160 2573
1271 3378
1272
1273 3461 4140 4208 1624
1274 3354 4467 4436 4090
1275 4587 2445 1278
1276 3552 1699 4991 2959
1277
1278 3532 3726
1279 2488 1946
1280 2785 4874 1590 4431
1281 1312 4343
1282 4410 3412 1687
1283 3553
1284 3580
1285 3952 2091 3172 1965 1727
1286 3362 3150 2591
1287 2514
1288
1289 4720 3611 1835
1290 3746 4895
1291 3720 1960
1292 3457 4500 4491 2372
1293 3201 1339 2567 2863 3689 4839 4364 4113 3476 1467
1294
1295 3752 4307
1296 2852
1297 4064 4751
1298 4880 2995 4358
1299 3048
1300
1301 4208 3442 3058
1302 1433 4619 2940 1614
1303 3169 3298 2857 3601 2388 1910 2943
1304 4545 3270 2954 3829 2967 3992
1305 3240 4898 3541
1306 4516 3790
1307 3649 3717 4073 3544
1308 4680 1944 3412 1990
1309
1310 4477
1311 2120 3629 1902 3381
1312 4895
1313 3571 1731
1314 1632 4186
1315 3785 4690
1316 4387 1461
1317 1775 4155 2162 2671
1318 4705 1334
1319 4297 2499
1320 4719 2661 3423
1321 2789
1322 2084 2604 4981
1323 3997 4621
1324
1325 3945 2494 3161
1326 1408 2705 1394 1594
1327 4249 4347 3068 2870
1328 4004
1329 2104 1767
1330 2440 3564 4350 2607
1331 4160 4772
1332 2750 3167
1333 3872
1334 3390 1966 3357
1335 2979 3108 2055 2479 4628 2166 4153
1336 3464 3548
1337 2327
1338 2608 4024 3842 2917
1339 1636 3283 4340 3963 3101
1340 3290
1341 3924 4164 3382
1342 3632 4347 1918
1343 2797 4229
1344 1945 1844
1345 1803 2550
1346 3336 2347 4877 4880 2389 2009
1347 4535 2290 1861
1348 1692 1629
1349 4808 4931 4414
1350 3304 4951 2267 4783
1351 4074 3971 4748 3309
1352 3320 2913 2531 2101
1353 2257 2427
1354 2913 3859
1355 3650
1356 3978 1932 2853
1357 1462
1358
1359 2629 1383 1835 3410 4410
1360 2000 4385 4814 3217
1361
1362 3546 3618 1734
1363 2285
1364 3386
1365 2831 3316 4892
1366 4584 2503
1367 3196 2646 3831
1368 1555 4150
1369 3987
1370 2530
1371 4816 2404 1454
1372
1373 2896 3930
1374 3683
1375 2044 2671
1376 2001
1377 1643 4815
1378 3724 3684 1941
1379 4352 3499 2027
1380 1433 2439
1381 1503
1382
1383 4616
1384 3459
1385 3944 2267 4629 1662
1386 1611 1943
1387 3037 2142
1388 4481
1389
1390 4672 4549 3382
1391
1392 3182
1393 2585 3322
1394 3048 4130
1395 3079
1396 1840 4314
1397 2669
1398 1884 1430
1399 2404 2768 2067
1400 2272 3579 4971 2655
1401 3304 2748 3959
1402 1408 3552 2658
1403 4328 3330 4867 3085
1404 4240 4365
1405 4542
1406 3056 3681 1669
1407 3881 4610
1408 2160 2509
1409 2595 3663 4883 1653 2787 4509
1410 1541 1469
1411 1637 1617 2913
1412 2281 3052
1413
1414
1415 2752 3843 3428 3817 4151 2525
1416 2240 3523 4630
1417 3728 2068 2213 4815
1418 4512 2233 4043
1419 1432 4251 4475
1420 4100 4365 4117
1421 2281
1422 3353
1423 1709 3305 3676
1424 3392 4167 4797 3447 3421
1425
1426 2338
1427 4397 3990
1428
1429 2125
1430 4276 2351
1431 4379
1432 3939 1780 4382
1433 2465 3207
1434
1435 2097
1436 3785 3090 3100
1437 3264 4321 1859 1895 2403 4660
1438 1443 4623
1439
1440 4141 4554 3949 4655 3344 2890
1441 4152 4321 3839 3536 2497
1442 4576 2168 4021 3869
1443 4642 2004
1444 3009 4161
1445 4846 4414 3567
1446 3952
1447 3384 4761 3088 3182 2471
1448 2001 4786 3187
1449 4364 4085
1450 1936 2161 4475 4348 2052
1451 1763 4773 2463
1452 3600 2643 1791
1453 2368 1985
1454 4003 3445
1455 4592
1456 1557 3549 2397
1457 2725 3687 2665 1717 4343 2105
1458 4361 3727 4656 4981 4543
1459 2233 3286
1460 4686
1461 3936 4648 4158
1462 2913 4546 1553
1463 3664 1465 2548
1464 3428 2730 1744 4947
1465 4640 3818 2380 4430 2799
1466 2013
1467 4424
1468 3408 3571
1469 3283
1470 3120 1967
1471 3985 2179 1949 4681
1472 3715 3982
1473 4979 3311
1474 2816 2370 3426 3929
1475 4884 4951
1476 3402 4980 2653
1477
1478 2442 4491
1479 3721 2061 2509 1524 2775
1480 1946 2894 4966
1481 3050 1573 2509
1482 2210 2015 2187 2814
1483
1484
1485 4549 1867 3410 2042
1486 4085
1487 3024 2052 4487 3592 1540 4991
1488 3341 2991
1489
1490 4050 4851 3876 4997
1491 2360
1492 4635 1578 4235 3461 3606
1493 1600 2788 1668 4525 4725
1494 2906 2718
1495 4092 4223
1496 4775 1614 1810 1590
1497 2497 3252 4972
1498 4820
1499 4659 3906
1500 1770 1625 3361
1501 4360 4393 3837
1502 2564 2718
1503 2786 3235
1504 1624 4971 1589
1505 1851 3650 3115 3765 2054
1506 2211
1507
1508 3899 1819 1885
1509 4349 2734
1510 2160 4964
1511 2698
1512 4356 3701 1954 4999
1513 2344 1981 2118 2509
1514 3170 4584 2762 1870 2547 4462
1515 2487 4964 1598 3935
1516 1988 2106 3444
1517 4960 4340 3037 3894
1518 4160 3613 4470
1519 3015
1520 4240 2651 4099 2135
1521 3488
1522 1920 1985 2473 4844 1975 3677
1523 4333
1524 2025 2797 3675
1525 2930 3662
1526 3912
1527 4166 3605 4315 3869
1528 3656 4442 4807
1529 2313 2535
1530 2746 2474 1910
1531 2410 2779 2567
1532 2236
1533 2480 2779 3731 2774
1534 4726 4903
1535 4434 2669
1536 2511 3447 3597 2646 4535
1537 3545 2788 3893
1538 4649 2403
1539 3272 4779
1540 2886
1541 3880 4108 4397 4089 2330
1542 3438 1727
1543 4004 2926 1822 3102 2773
1544 4001 2610
1545 4044 2085 2255
1546 2095
1547 3280
1548 2954
1549 3008 4322 3016 2280 4405
1550 2136
1551 2107 4162
1552 1697 2004
1553 2983
1554 4222
1555 3937 3812 4584 3274 2740 2359 3000 3322 4604
1556 1780
1557 2352 4620 2861 2780 4126
1558 4441 4339 4124
1559 4681 4285
1560 4746 2370
1561 4067 4789
1562 4998
1563 2766 4305 3550
1564 3697 2956 2723 2900 3485
1565
1566 4416 4326 3031
1567 3328
1568 4293
1569 1625 3675 4879
1570 4016 4673 3862
1571 4441 2171
1572 1881 3319
1573
1574
1575 3106 4653 4382
1576 3840
1577 2603 4385 4075 4113
1578 2691 4305 2739 2394
1579 1660 1839
1580 4210 3829 3774 4790
1581 2456 4994 4528 4191
1582 4582
1583 3162
1584 4136
1585 4652 2825 4577
1586 4707
1587 2211 4631 3516 4221
1588 4065 4367 3154 2420 2133
1589 3104 4214
1590 2266 4324
1591 3898 2181
1592 3187
1593 3616 1793 3684 2639 4112 4691
1594 4668
1595 4851
1596 3256 2577 4699 3483
1597 2827
1598 3579
1599 2232 2963
1600 2583
1601
1602 3083 2045
1603 2849 2604
1604 1635 1741 2544 3423
1605 4008 1625
1606
1607 2443 2980 1733
1608 2241 3940 3317
1609 4141 3567 4957
1610
1611 2133 3978
1612 2203 4918 3783
1613 3656 4259
1614 2609 1961
1615 2804 1812 2647
1616 4384 4449 4100 2284 2700 2192 4635
1617 4486 3815 1741 4846 2745
1618
1619 4729 3325
1620 1767 3405 2782
1621 3578 3002
1622 4004 2230 3118
1623 1751
1624 2116 2124 3282 2068
1625 2659
1626 3987 4603
1627
1628 3881 3498 3090
1629 4428 2601
1630 1997 3991 4090 2587 3834
1631 2690 2345 4313
1632 4545 2861 2454 1918
1633
1634
1635 4258 3526 2333
1636 4314
1637 3818 4100
1638 3785
1639
1640 2360 2013 4343
1641 1873 2606
1642 3640 1968 1653 2646
1643 4349
1644 4439 4966 3975
1645 1992 3673 3971 4677 4486
1646
1647 4648
1648 4899 3606
1649 2205 2467 2557 3255
1650 3638 3511
1651 3066
1652 3109
1653 4905 4883 2825 2585
1654 1736 2920 2694
1655 4032 3588 3631 2331
1656 3284 3037
1657 2540 4941 3056
1658
1659 2498 2109
1660 1986 3458 3669 4919 2334
1661 1848 3849 3515
1662 4847 3441
1663 4992 3937
1664 4248 1817 3301
1665 2689 2050 3159
1666 2112
1667
1668 3509 2387
1669 3799
1670 3887
1671 2187
1672 4328 3817 4300 4316 2005 3676 1917
1673 4251
1674 3562
1675 2019 2191
1676 2440 4983
1677 4131 3251 3157 4713
1678 3797
1679 1841 4538 3847
1680 2134 4569 3645 2558
1681 2944 2315 3556 4990
1682 4025 3970
1683 2035 3412
1684 4952 2952 4352
1685 3051
1686 3548 3757
1687 3998 4622
1688 3162 3558
1689 3184 3809 1933
1690 4849 3971 4629 3989
1691 4006
1692 3385 4541
1693 3968 2542 3494 3726 3607
1694 4126 3510 4357
1695
1696 3392
1697 1813
1698 4123 3780
1699 3839
1700 2311
1701 1963 3278
1702 4001 3004 3774 1799
1703 3996 2117 3823
1704 1857 1993
1705 2763 4428
1706 4513
1707 2943
1708 2079
1709 2090 1853 4191
1710 2101
1711 2737 2138 3097
1712 2817
1713 1768 4151 2935
1714 3490 4724 1798
1715 2290 4511
1716 3545
1717
1718 1790 3582 2887
1719 2163 4813
1720 1746 3502
1721 1832 2075
1722 3376 2587 1884 3835
1723 4953 2226 4283 3766 2641
1724 4525 3599
1725
1726 4664 1963
1727
1728
1729
1730 4663
1731
1732
1733 3482
1734 2490
1735 3365 2230
1736 3121 3026 4661 2104
1737 2744
1738 3010
1739 3882 4115 2622 2725
1740 4785
1741 2161 4878 2842 2107
1742
1743 2797 2911
1744
1745 4905 3098 4486 4999
1746 2216 3722 3116 4723 2260
1747 3761 1788 4806 2647
1748 4371 2199
1749
1750 4096
1751 2335
1752 3521 4367
1753 2241 4442 4691 4322
1754 1833 4626 4011 4756
1755 4989
1756 2872 2581
1757 3339 4836 4121
1758 3780 4532 2020 4832 4630
1759 2864
1760 1902
1761 3235 3364 4389 1804 2319 3901
1762 4752 4488
1763 2368 3879
1764 2777 2922
1765
1766 2988 2069
1767 4938
1768 3606 2539 1967 1874 2934 2838
1769 4683
1770 2570 4853 4927
1771 2272
1772
1773 4505
1774 2837
1775
1776 3222 2110 2158
1777 4488
1778 4330 1879
1779 2865 2387 3566
1780 2460 3630 2295
1781 4951
1782 4088
1783 3828
1784 2936 2378 4939 2178 2238
1785 4782 4058 4246 4582
1786 4823
1787 3275
1788 1946 3687
1789 3629 1840 4948 2398
1790 4729 3039
1791 2377 2987 3252 2809 4379
1792
1793 4222
1794 3049 3586 2952 3421
1795 3142 3761
1796 4330 3917 2798 4309 1915 2268
1797 3843
1798 3760 4492
1799 2528 3111 4956
1800 2553 4594 4215
1801 3936
1802 3490 2677 2190 4958 2341
1803 2278 3475 1875 4125 3059
1804
1805 2170
1806 3560 4238 4922 3957
1807
1808 3632 3731 3515 4292
1809 2629
1810
1811
1812 2703
1813 3509 3118
1814 3197
1815 4547 3813 2502 2257 3253
1816
1817 4236 2957
1818 3648 2492 3699
1819 4166 3677
1820 2274 3661 3767
1821 2568 3288
1822 4587 2339
1823 3035
1824 2556 1949 4582
1825 3369 4452 2823
1826 3325 4006
1827 4333
1828 4290
1829
1830 4791
1831 3418 3546 4204
1832 3292 4573
1833 3384 3644
1834 3609
1835 4198
1836 4855
1837 2013 4639
1838 4426
1839 4444
1840
1841 2472 3467 3532 3514 3995
1842 2891 3797
1843 3123 2445 4267
1844
1845 1880
1846 2658 3791
1847 1948 2555 2668 2534
1848 3008 2514 3735 4463
1849 3968 3618 3684 1964 4784
1850
1851 4051 3196
1852 4541
1853 2050 2007 4820 3383
1854 3132 4161
1855 2593 3330 3050 4303 4885 3069
1856 2704 3947 4749 4567
1857 4325 3541
1858 4320 4160 4443 3568
1859 3655
1860 4944 2649 2060 4526
1861 4218
1862 4725
1863 3427 3076 4719 1910 3098 4573
1864 3979 3502 2835 2937
1865
1866 3633 2194
1867 2096
1868 4617 3042 4910 2415
1869 2316
1870 3970 3037 2502
1871 3352 2523 2740 3957
1872 4528 3098 3156 4690
1873 4072 2251 3829 4350
1874
1875 2492
1876
1877 3162
1878 1905 4746 2827
1879 3840 4795
1880
1881 4080
1882 2353
1883 3520 3110 3150
1884 3480 3543
1885 2988 4923
1886 3334 4196
1887
1888 2259
1889 2849 4146 4910
1890
1891 1906 4355 4109 4982 2423
1892 3157 3231
1893 4918
1894 4848 4569 4916
1895 3817 4011 1970 2646
1896 3618 2645 2502 1919
1897 4976 4115
1898 2288 4298 4808
1899 3857 2130 3506
1900
1901 3937 2363 3774
1902 3542
1903 2032 3330
1904
1905 3930
1906 2835 3486
1907 2347 2555
1908 2650 4370
1909 3836 4942
1910 4949
1911 3611 2733 3486
1912 2968 3612 4234 4108
1913 2097
1914 2043 3238 3142
1915 3972 4500 2758 2982
1916 4021 3601
1917 4450
1918 1988 2280 4560 2643 4052
1919 2721 3045 4657 4252 4926
1920 4068 4900 2933
1921
1922
1923 2128 4637
1924 3145 2128
1925 3835 4652 3629
1926
1927 2915 3595 2034 4163 4984 4795
1928 4835
1929 2418 3860 3694
1930 2626
1931 3526 1966
1932 4580
1933 4190
1934 3906 4019
1935 3804
1936 4955 2983
1937 2076 3533
1938 2108
1939 4420 2376 4701 4143 2020
1940 2745 3501
1941 4420 2828 4914
1942 2427 2023
1943 3296 2507
1944 2819 2245 3784 4650 3309
1945 2179 3077 4695
1946 2112
1947 4812 3035
1948 4535
1949 3648 4863
1950
1951 2939 4110
1952 3946 2483 3325 3935
1953 4683 4437
1954 2217 3038
1955 2629 4493 2447 3287 4317
1956 3745
1957 2406
1958 3267
1959
1960 2762 3495
1961 4840 4814
1962 2412 2494
1963 2120 3737 4595
1964 2187 3788 2826
1965 2610
1966 2980 4538 3869
1967 4870 4843 3629
1968 2346
1969 4160 2449 4443
1970 3592
1971
1972 4722 3932 4845
1973 2939 3996 3279
1974 4288
1975 4928 2065 2423
1976 2176 3970 3565
1977 3872 4636
1978 3905 3466 4315 3806
1979 4902
1980 3448
1981 2729
1982 3840 3189
1983 3519
1984 4611 3740
1985 2603 3103
1986 4459
1987 2476 3962
1988 3600 3686
1989 4942
1990 4907 2853
1991
1992 2304 3914 3543 4668 4734
1993
1994 2351 2639
1995 4942
1996 3362 2199 3231
1997 3872 3671
1998 2674
1999 2028
2000 4096 4906 4185 2366 3167
2001 3377 3284 3967
2002
2003 3450
2004 4568
2005 2969 3084
2006 2321 2934 2488
2007 2949 2566 3767
2008 4585 3163
2009 3611 3997
2010 4409
2011 2429
2012 4391
2013 4656 4176 4509 4510
2014 4665
2015 3232 4139 2498 3703
2016 3240 2713 3066 2523
2017 4623
2018 3813 4275
2019
2020 4368 3690 2746
2021 2306 3364 4634 3563
2022 3286
2023 2496
2024 3699 4934 4351
2025 3921 2958
2026 3537 2447 4621 3295
2027 3448 2666 2970 2803
2028 4294
2029 3741 4342
2030
2031 3627 2197
2032 2576 4211
2033 3929 4284
2034 3863 4996 4262
2035 4159 2814 4609
2036 3151
2037 2555
2038 3314 2438
2039 2987 3253 4053
2040 4048 3285
2041 3123 4916 3065 3604 2971
2042 4674 2237
2043 2092 2274
2044 4979 4716
2045 4313 3141 3559
2046 3970 4307 4216
2047 2185 4130
2048 2659 3083 4029
2049 2944 3120 4415
2050 4989 3308 3965 3034 2589 4766
2051 3738 4590
2052 2624 2749
2053 4038
2054 4083
2055 3008 3723
2056 4562
2057
2058 3565 4406 3855
2059
2060 3130 4556 4513
2061 3378 2991
2062
2063 2152 4108
2064
2065 4374
2066 4125
2067 3298 3047 3877
2068 2754
2069
2070 3661 2415
2071 4754 2117 2135
2072 2808 3018
2073 4770 3003 2693
2074 4968 3466 4507 3997
2075 2792 2121
2076 2492 2236
2077 4401 3430
2078 4035 4638
2079 4663
2080
2081 4024 3170 3226
2082 4864 2931 2468 3853
2083 3636 2181
2084 3304 4851 2236
2085 2626 3076 3357
2086 2113 2810 4417
2087 3325
2088 4448 3049 4268
2089
2090
2091
2092
2093 3801
2094 2766 3137
2095
2096
2097 2115 3728 2101
2098 3569
2099 3346 3623
2100 2387 3156 3515
2101
2102 4808 2702 2336
2103 2489 2409
2104 3157
2105 2773 2210
2106 3195
2107 2309 3590
2108 3816 3394 2925
2109 3173
2110 3787 2860 4755 3454 3871
2111 2370 3876 2762 4517
2112 2674 3375
2113 2946 3203
2114 4793 3530 4270 2511
2115 4132 3270 3719
2116 3114 3958
2117 3185 2144
2118
2119 3196 2645
2120 3298 3887 3922
2121 4675 2334
2122 4154 2940 2981 4383
2123 3382 2950
2124 3363 2188
2125 3033 4686
2126
2127 3376 2827
2128 3111 2537 4498 2543 2704 2610 2523
2129 2338 4627
2130 4385 2785 4489
2131 3026 4323 4850 4014
2132 3016 2890 3522
2133 2870
2134 4939 4078 3329
2135 2819 4932
2136 4168
2137 3808 4497 3988 3380
2138 4555
2139
2140 2304 4079
2141 4325 2830 2930 4920 3583
2142 3306 4537
2143 2696 3588 4278
2144 4148 3598
2145 4260 3521
2146 3565 2790
2147 4201 4405 2550 2415
2148 2721 4321 3528 2870 4735
2149
2150 3848 3978
2151 3373
2152 2816
2153 4507 2302 3303
2154 3616 2413 3239
2155 2915 2804
2156
2157 4768 4698 3772
2158 3638 4102 2445
2159 3856 3827
2160 2213
2161 3138 4068 2188 3725
2162 4104
2163
2164 4263 4799
2165 3072 4883 2660
2166 4845 3942
2167 3064 4001 2838
2168
2169 2260 2354 2636 4858 4823
2170 4662
2171 2527
2172 2406
2173 4538 3593
2174 3010 3143 3047
2175 3405
2176 4563 2404
2177 2931 3852 4203
2178 2261 3014
2179
2180 2778
2181 2274 3959
2182 2790 3815 4185
2183 3089 3082 3828
2184 2795
2185 4972 3380 4277
2186
2187
2188
2189 4045
2190 4888
2191 2368 3828 4220 2525
2192 3058 4078 4079
2193 2194 2594
2194 2692 3147 4693 4142
2195 4296 3933
2196 2767
2197
2198 4034 3485
2199 3459 2360 2971
2200 4160
2201 4448 2658 2451
2202 3386 3909
2203 3151
2204 3908
2205
2206
2207 4186 2430
2208 2963
2209 2628 4647 2443 2541 2965 4662 3484 4255
2210 2573 2961 4505
2211 2935 3417
2212
2213 2563 2886 2637 2301
2214
2215 3354 4387
2216 2484
2217 3538
2218 2814
2219 2339 4897
2220 2371 3483 4670
2221 4898 4201
2222 4738
2223 4880 3289 4852 3317 2775
2224 4913
2225 4529
2226 4843 3881 4176 2895
2227 4152 3613
2228
2229 4993
2230 3625 2691
2231
2232 4732
2233 2609 3149
2234 3808 2533 2918 3389
2235 4722 3130
2236 3745
2237 2306
2238
2239 4416 2506 3211 2449
2240 2872
2241 2980
2242 2320 3849 4764
2243
2244 3070 4710
2245 4597
2246 2906 2900
2247 3314 3517
2248 4904 4737 4802 3779
2249 4431
2250 2951
2251
2252
2253 4744 3635 3799
2254 4818
2255 3081
2256
2257 4210 3130
2258
2259 4552 3693 3166
2260 3443
2261 3313 3391
2262 3937 2878
2263
2264 3476 2541 2990
2265 4776 3212 3338 2816
2266 4168 2379
2267 3180
2268 3962
2269 4503
2270 3909
2271 2297 2470 4415
2272 4996
2273 3696 4258
2274
2275 3371 2804 4471
2276 3083 3470
2277 3490 3501 2414 4143 4756 3608 2746 3451
2278 4676 4935 3754 4210 3606 3447 2756
2279
2280 3589
2281 4923 3197
2282 3624 4490 3715
2283 4241 4242
2284 3587 4734 4358
2285 2915 4398 4977 4814 4950
2286 3247
2287 2981
2288 2384 2738 3182
2289 3350
2290 4841 4997
2291 4420 4965 2983 4911 4783
2292 3752 3888
2293 4235 3468 4846
2294 4541
2295 4092
2296
2297 4833 2635 2842
2298
2299 2475 2604
2300 2976
2301 2592 2838 4579
2302 4986 2561
2303 2360 4515
2304 2817 2892
2305
2306 2683
2307 2346 3356 3630
2308
2309 3850
2310 2944 2457 2711
2311 3055 3886 4849 4113 2523
2312 2514
2313
2314
2315 3188 4721
2316 4161 3843 4973
2317 3726
2318 4823
2319 4221
2320 4602 4750 2335
2321 4910 3102
2322 4881
2323 4863
2324 4551 4624 4022 4664 3901
2325 3035
2326 2565
2327 4363
2328
2329 4682 4722
2330 3084
2331 3745 4117 2373
2332 2776 3039
2333 4378 2387
2334 2646
2335
2336 4430
2337 3724 3404 3174
2338 4357 4038 2892 2686
2339 4586 4475
2340 4449
2341 2537 3419
2342 4732 3652
2343 3571 3607
2344 3489
2345 4676
2346 3834 2525
2347 2774 3932
2348 3276
2349 2396
2350 2469 3550
2351 4854 2922
2352 2604 4644
2353 2418 4198 3583
2354 3529
2355
2356
2357 4749
2358
2359 2802 3583
2360 3080
2361 3673
2362 2575 3684
2363 2556
2364 4196 2598
2365 4594
2366 4416 3115 3444 2520 3674 2684
2367 3906
2368 3844
2369 3840
2370 4609 2799 3376
2371 4771 3108
2372
2373 3228
2374 4818 3039 2999
2375 3024 2555 4549 3071
2376
2377 3890 3742
2378 2570
2379 4047
2380 2654
2381 4275 2693 4950 3663
2382 3429
2383 4728 4597 3142 3579
2384
2385 3771
2386 3676 4876 4446 3271
2387 2901
2388 2794 3651 2453 3926
2389 3971 3944 3837
2390 3568 4328 4164 3686 3143
2391 3008 3091 4190
2392
2393 3265 3830 3659 2892 2705 3890 4246
2394 2624 2713
2395 2621
2396 3969 3322 4002 3125
2397 4114 3710
2398 3477 3958
2399 2657
2400 4322 2687
2401
2402 4978 4339
2403 3337 2513
2404 4219 4813
2405
2406 3152
2407 4202 3967
2408 3736 4577 3689
2409 4219
2410 3704 3080 3723
2411 4836
2412 3456 4866
2413 3633 4107 3771 4193
2414 4399
2415 3457
2416 3708 4749
2417
2418 2600 4009
2419
2420 4876 4290
2421 4833 4262
2422 3790 4098 4670
2423
2424 3248 3298
2425 4024 3577
2426
2427 4648 2679
2428 3403 2557
2429 2567
2430 2649 4519
2431 3376 3011 2957
2432 2981
2433 4268
2434 4602
2435 4442
2436 3251 4468 3678
2437 3850 4212 4678
2438 4301
2439 4551 2711 4700 4958
2440 2930 3630 3565
2441 2768 2577 3362 3837 2822
2442
2443 4086
2444 3143
2445 4744
2446 4987
2447 4625 2474
2448 3907 3931
2449
2450 4218
2451 2456
2452
2453 4994 4359 3350
2454
2455 3488 3967 4091
2456 3942
2457 3184 3612 4915 2652
2458
2459 2667
2460 4370
2461 2824 3523 2479
2462 2739
2463 4481 2572
2464 2958
2465 4236 3972
2466 3129 2714
2467 3017 2959 3728 3794 2524
2468 3333
2469 2723
2470 3555 3108 4844 4478 4702
2471 2654 3214
2472 2864 3586 3830
2473 4608 2698
2474 3066
2475
2476 2842 4814
2477 2584
2478 4382
2479 4257
2480 4760 3070
2481 4746 4245
2482 4425 3530 3659 3129
2483 3772 4205
2484 3401 2698 4700
2485
2486 4108 3240 2936 3577
2487 4995 4539 3718
2488 2791
2489 4512 3881
2490 3944 4825
2491 4219
2492 3518 4863
2493 3590
2494 2656 3215 3901
2495 2536 4639
2496 2584
2497
2498 2642 3909
2499 3094 3859 2622
2500 2639
2501 4287
2502 3332 2779
2503 3491 3534 2961 4116
2504 3637
2505 4241 2738 4385
2506 3214
2507 4942
2508 3694
2509 2551 2909
2510
2511 4895
2512 4281 2531
2513 4854 3102
2514
2515
2516 3885
2517 3538 3815
2518 3556 4012 4199
2519 3105 4100 4567
2520 3475
2521 3326
2522 3810 2990 4526 2934 2588
2523
2524 4685
2525 3153 3441
2526 4422 4918
2527 4567
2528 4876
2529 2721 3271 4856 3321
2530 2635 2707 2900 4541
2531 4434 4021
2532
2533 4772 3947 2835
2534 3309 2750
2535 4061
2536 3430
2537 2840 2859 3015
2538
2539 2905
2540
2541 3812 3516
2542
2543 3345 4521 4991
2544 2705 2595 4709 4303
2545
2546 2713
2547 3496 4201 2590
2548
2549 2922 3415 2831 4151
2550 3130 4956 3421 3583
2551 2924
2552 3955 4531 2925
2553 3205
2554
2555
2556 3874 4869 2588
2557
2558 2888 4416
2559 4714 4190
2560 2896 4865
2561 3670
2562
2563 4439
2564 3614 2900 4757
2565 4168
2566 3500 2797
2567 2912
2568 3674 2854 4838 3182
2569 4576 4397 4984 3582
2570 2879
2571 3665 4974 3673
2572 4529
2573 4446
2574 3617 4548 4966
2575 3339 3281
2576 3925
2577 4892 3700
2578 3104 3584 4480
2579 4027 3245
2580 3220 3906 3435
2581 3625 2858
2582 4048
2583 2647
2584 4372
2585
2586
2587
2588 4206
2589 2912 4658
2590 4264 4891 4307 3143
2591
2592 2851
2593 4200 3732 4093 3814
2594 3915 3277
2595
2596
2597 3625
2598
2599
2600 3110 3817 3323
2601
2602 3456
2603 3953
2604 4387 3961
2605 3047
2606 4603
2607 2995 4058
2608 2945
2609
2610 4672 3178 3382
2611 3236 3174
2612
2613
2614 3197
2615
2616
2617 3153 4050 2719
2618
2619 4594 3359
2620 4242 4452
2621 4591
2622 2725
2623
2624 3776 4166 4399
2625
2626 2760
2627 4732 3972
2628 3069
2629 4741
2630
2631
2632 2694 3591
2633 4263
2634
2635 2921
2636 3048
2637 3841 4998 3175 4110 4764
2638 3391
2639 3112
2640 3981
2641 3691 3437
2642 3035
2643 4851 4206
2644 2728
2645 2723 4276
2646
2647
2648
2649 4777 4145 4478
2650 3331
2651 4281 3574
2652
2653 3394
2654 3174 3143 3919
2655
2656 3020
2657 4482 2725 3035
2658 3553
2659 2789
2660 3137 3042 3754 3572 3321
2661 3846
2662 3554 3848 3052 3036 4637
2663
2664 4939 3471 2719
2665 3502
2666
2667 3907 4750
2668 4708
2669 3284
2670 3640 2778 3205
2671 3584 4565 4952
2672 3144 2744
2673 2865 4338 3325
2674 3120 4261
2675 4872 4985 3423
2676
2677 4891 2894
2678 2722 3103
2679
2680 3988
2681 4161 3036
2682 4875 4299
2683 4233 3108
2684 4887 4719 3095
2685 4491
2686 3011 3356
2687 4283
2688 3620
2689
2690 3436 3913
2691
2692 3457 3525 4339 3419
2693
2694 3988
2695 4559
2696
2697 3446
2698 3479
2699 3216 4647
2700 4530 4025 4145
2701 3011 3502
2702 2962 4954 2941
2703 2993 4938 4286
2704 2776
2705 2970 3199
2706 3363 4262 3335 4184
2707 3401 2955
2708 4936 4978 4874 4297
2709 4104
2710 4667 2836
2711 3273 3782
2712
2713
2714 3649 2834 3847
2715
2716 2842 4962
2717 4547 4699
2718 3899
2719 4770 3531
2720 4082 3135
2721 4290 4115
2722 4144
2723 3650 4194
2724 4330
2725
2726 2850 3541
2727 4706 4378 3806
2728 2849
2729
2730 4009 3543
2731 4337 4163
2732 2744 3859 3166
2733 3877 3807
2734 3042 3742
2735 3690 2934
2736 4648
2737
2738 4576 3917
2739 3716 4648 4401
2740 3873 4302 2768 4700
2741 4256 3751 4242 4184 4860
2742 4217
2743 3501 3591
2744 3664
2745
2746 2915
2747 4544 3112 3907
2748 2872 3451
2749 3009 4538 4279
2750
2751 3010 4934
2752 4656 4569 4991
2753 3435
2754
2755
2756 2811 4211
2757 4034 2949
2758 4844
2759 3586
2760
2761 2853
2762
2763 3155 3303 4585
2764 4900 3315 4884 3095
2765 3179 3647
2766 4577 2883 3815 4396
2767 3792 3899 3741 4999
2768 3458 3476 4826
2769 4754 3050
2770 3952 3588
2771 2988
2772
2773 4913
2774 3253
2775 3897 4854
2776 4072
2777 4317 4918
2778 4662
2779 3937 3429 2856 3252 4980
2780 4024 4285
2781 3068
2782 4810 3551
2783
2784 4300 4869
2785 3708
2786 3668 3236
2787 4703
2788 4395 4562
2789 3470
2790 4251 3138 3223
2791 4256 3221
2792 3241 4939 2807
2793 2794
2794
2795 3246
2796 3667 3541 3343
2797 4741 3669
2798 3146
2799 3549
2800 4365
2801 4207
2802 3336 4125 3397
2803 4371 4061
2804
2805 4416 3087 3255
2806 4570
2807 4600 4024 4933
2808 3939
2809 4432 3253
2810 4985 4743
2811 3633 3586 3148
2812 3304 3870
2813 3979 3860 4774
2814 4576 3566 3348 4664
2815
2816 4146 2867 3444
2817 3589
2818 4442
2819 4009 4093
2820 3122
2821
2822 4960 4521 4088
2823 4203 4285 3021
2824 3281
2825
2826 3362 4267 4431
2827 3392 3892
2828 4905
2829 4856 3427 3623
2830
2831 3017 4606
2832
2833
2834
2835 3021
2836 3104
2837 3388
2838 3973
2839
2840 4646 4270
2841
2842 3688 4463 3155
2843
2844 3429
2845 3401 3786 4819
2846
2847 3656 4659 4631
2848
2849 3727
2850
2851 4926
2852 3020 4645 4950
2853 3154 3991 3129
2854 3923 4309 3903
2855 4105
2856 3538
2857 4013 3614
2858 3819
2859
2860 4981
2861 2862
2862
2863 4385 3958 3543 3864
2864 4043 4710
2865 3245
2866
2867 3199
2868 3083
2869 4189
2870 4204
2871 4154 3204
2872 3028 3753
2873 4697 3538 3132 4693
2874 3314 3663 4100 3559
2875 4951
2876 2887
2877 3346
2878 3566
2879 4031
2880
2881 4568 3597 3241
2882 3904 3067 4046
2883 3456 2954
2884 4798
2885 4457
2886 4887
2887 3620 3464 3930
2888 3344 4900
2889 4483
2890
2891 3603 4363 2900
2892 4824
2893 3944
2894
2895 3452 3058
2896 3931 3967
2897 3097 4838
2898 4801 4997
2899 3955
2900 4955
2901
2902 4700 3131 3436
2903 2908 3077 3702
2904
2905
2906
2907 4986
2908
2909
2910 4788
2911 3427
2912 3063
2913
2914 4470
2915 4321 4542
2916 4209 4622 3543
2917 3583
2918 3192 3539
2919 3692
2920
2921 3014
2922 4797
2923 3939 3716 4165
2924 3536 4955 3870
2925
2926 2968 3743
2927
2928 3552
2929
2930 4644
2931
2932
2933 4936 4713
2934 4819
2935 4360 4741
2936 4930 4266
2937
2938 4936
2939
2940 4507 4122
2941 3631
2942
2943
2944 4274
2945 4360
2946 4805 4491 4120 4415 4165
2947 3760
2948
2949 4025
2950
2951 4440
2952 4081
2953 3862 3127
2954
2955 3547
2956 3054
2957 3320
2958 3915
2959 3653
2960 3502
2961
2962
2963 4002
2964 4032 3984
2965 4173
2966
2967
2968 3215
2969 3496 4645
2970 3987 3131
2971
2972 3327
2973
2974 4662
2975 3994 4938 4566
2976
2977 4939 4996
2978 3674 3562
2979 4392 4898 3275
2980 4960 3176
2981
2982 4320 4507
2983 4067
2984 4292 4580 3821
2985 3038
2986 3369 3862
2987 3663
2988 4786
2989
2990
2991
2992 4736 3200
2993 4739
2994 3150
2995 4083 3186
2996
2997 4418 3652 3493
2998 3514 3854
2999 3030
3000 3399 4671
3001
3002 4423 3914 3467 3727 4711
3003
3004 4752
3005
3006 3987 3476
3007 3917
3008 3565
3009 4478
3010
3011 4176 3444
3012 4939
3013
3014
3015
3016
3017 3960 3942
3018 3448
3019 3841 3290 4347
3020 4096
3021 3949
3022 4498 4518
3023 3579
3024 3256 3139
3025
3026
3027
3028 4617 3725 4014 4048 4593
3029 3411
3030 4742 4908 3245 4118 3607
3031
3032 4109
3033
3034 4657 3367
3035 4270 3412 4117
3036
3037 4104 4304 4211
3038 3916 4912 3657 4574 3839
3039 4925
3040 3086 4595 3155 3543
3041
3042 4906 4947 4058
3043 3649 4558 3476 4093
3044
3045 3820 3925
3046
3047 3904
3048
3049 4807 4141
3050 4588
3051 4935 3161
3052 4172 3509
3053
3054 4596 4954 4955
3055 4392 3288 4284
3056
3057
3058 3683 3448
3059 4417 3834 4547
3060
3061 3784 4250 3301
3062 4076 3710
3063 3356
3064
3065 3129
3066 4575
3067 4682 3124 4477
3068 4318
3069
3070
3071 3553 3786
3072 3406 3183 4471 3196
3073 4465
3074 3258 3886
3075 4200 4127
3076 3375
3077 4428 4134 4889
3078 4192 4974
3079 4819 4166
3080 3240 4677
3081 4809
3082 3605
3083
3084 4631
3085 3650 4995
3086 4431
3087 3361
3088
3089
3090 3091
3091
3092
3093 3288 4446
3094 3619 4730
3095 4561 3835 4957
3096 3249
3097 3651
3098
3099 4480 4908 4077 4239
3100 4680 3769 3495
3101 4545 4647 3639 4537
3102 4441
3103 4767
3104
3105 4473 3423
3106 3782
3107
3108 3788
3109 4896 4962
3110 4664
3111 3728
3112 4611 3205 4534 3577 3773
3113 4946 4739
3114 4753 3993
3115 3287
3116
3117 3516 4575
3118 4580 4070
3119
3120 3207
3121 4294
3122 3942
3123 4168 3563
3124 4528
3125 4500
3126 4501
3127 4281
3128 4752 3804
3129 4801
3130 4849
3131 4707 3530 3474 4088
3132
3133
3134 4485 4720 3644 4005
3135
3136
3137 4453 4366 3975
3138
3139 3721
3140
3141
3142 4263
3143 3389
3144 4460
3145
3146
3147 4704 3745 4667
3148 4669
3149 4587 3748
3150 4879
3151 3747 3517
3152
3153 4894 4046 4949
3154 4163 4882 4058
3155 4187 3311
3156 3564
3157
3158 4961
3159
3160 3796
3161 3643 4845
3162 4804 3258 3484
3163
3164 3201 4781 3669
3165 3865
3166 3220
3167 4813 3953 3705
3168 4758
3169 4582
3170
3171 3196
3172 3675
3173
3174 3235 3175 3691 4334 3601 4983 4058
3175 4147 4687
3176 4792
3177 4132
3178 3213 3471
3179
3180 3322 3735
3181
3182 3880 4500
3183 4011
3184 3240 4540
3185 4441 4333
3186 4912
3187
3188 4136 3956
3189 4042 3435 4438
3190 4434 4669 3238
3191 4166 3591 3916 4367
3192
3193 3687
3194 3540
3195 4465
3196
3197
3198
3199 3611 3565
3200 4329 3795
3201 4192 4599 3932
3202
3203 4648 3278 3885 4360
3204
3205 3270 3258
3206
3207 4004
3208
3209
3210 4255
3211
3212
3213 4459 3820 3761 3386
3214 4105
3215 4758 3900
3216 4248 3309
3217 3688
3218
3219
3220
3221 4376
3222 4311
3223 3362 3958 3798 4603
3224 3803
3225
3226 3483 4607
3227 4952
3228 3693
3229 4811 4860 3525
3230 3398
3231
3232 3278
3233
3234 4413 3846
3235 4824
3236 4674 3599
3237
3238 3857 4853
3239
3240 3447
3241
3242 3908 4474 3797
3243
3244
3245 4409
3246
3247 4382 4471
3248
3249
3250 4226 3477
3251 4784
3252 4487 3498 3602
3253 3304
3254 3703
3255 3536
3256 3961
3257 4816
3258 3397 4248
3259 3577 3951
3260 4094 3815
3261
3262 3811 4917
3263 4285 4398
3264 3632 4396
3265 4856 4331
3266 4284 4956
3267 3483 4707 4891
3268 4097 4199
3269
3270
3271 3496 3533
3272 3919
3273 4148
3274
3275 3908 3995
3276 4534
3277 3919
3278 3994
3279
3280 3628 4958
3281
3282 4123 4084
3283 4741
3284 3501
3285 4815 3960
3286 3771
3287 4619 3799
3288
3289
3290 4893
3291
3292 4581 3663 3894 4479
3293 3462 3583
3294 4657
3295
3296
3297 4497
3298
3299 4662 3695
3300 4420
3301
3302 3332
3303 4395
3304
3305 4160 4062
3306 3455
3307 3473
3308 4340
3309 4296
3310
3311
3312 4082 3378
3313 4808
3314 3800
3315 4972
3316 4335
3317
3318
3319
3320 3728 4443 4766
3321 3403 3689
3322 4584
3323
3324 3347
3325
3326
3327
3328 3554 3843 4525 3743
3329 3817
3330 4840
3331 3968
3332 4512 4105 4331
3333 3837
3334 4313
3335
3336 4058 4249
3337
3338
3339
3340 4320 4445 4775
3341
3342 4315
3343 4081 4060
3344
3345
3346 4926
3347
3348
3349 4017
3350
3351 3736 3946 4197 3905
3352 4201 4623
3353
3354 4127
3355 4361 3982
3356
3357 3900
3358 3514
3359 3473
3360 3427
3361 4352 4953 4431
3362
3363
3364 3718 4151
3365 4259
3366
3367
3368 3437 3526
3369
3370 4950
3371 4608 4609
3372 4634 4747 3965
3373 3736
3374 4085 4414
3375 3531
3376 4921 4089 4254
3377
3378
3379 4313
3380 4319 3891
3381
3382
3383 4917
3384 4321 3569 4947 4470 3834
3385 3441
3386 3735
3387
3388 3538 4524
3389 4902 3501 3902
3390 4722
3391
3392
3393 4299 3451 4525
3394 4064 3802
3395
3396
3397
3398 3412
3399 4020
3400 4088
3401 3461
3402 4065 4980
3403
3404 4174 3903
3405
3406
3407 3416 3754
3408
3409
3410 3904
3411 3702 4695
3412 4645 4474
3413
3414 4084
3415 3552
3416
3417
3418
3419
3420 4713
3421 4017
3422 3614
3423 3789
3424 4100 4431
3425 4187 4180 4005 4374
3426 4528 3769 3474
3427 3860
3428 4049
3429
3430 4769 3736 4964
3431 4060
3432 4930 3438 4594
3433
3434 4364 4061 4495
3435 3525 4659 4694 4251
3436
3437 3824 4434 4218 4315
3438
3439 4798
3440
3441
3442 3740 4675 3739 3581
3443
3444
3445 3937 4178
3446
3447
3448 3793
3449 4447
3450
3451
3452 3669
3453 4586
3454 3656 4355 4828
3455
3456 4002 4194
3457 4109 4092 4447
3458 3953
3459 4678
3460 3912
3461 4748
3462
3463
3464 4962
3465 4288 3890 3901 3815
3466
3467 3958
3468 3616 3607
3469 4755
3470 4047
3471 4887
3472 4320 4404
3473 4273 4733 4302
3474 4129
3475
3476 4650
3477 4699
3478
3479 4946
3480
3481 3963
3482
3483 4823
3484 3954 3510
3485
3486
3487 4410 4357
3488 4771 4344 4414
3489 4994
3490 3501
3491 4210
3492 3625 4809
3493 3561
3494 4016 4177
3495 4785
3496 3740
3497 4185
3498
3499
3500
3501 4542
3502 4631
3503 4037
3504 4649
3505 3887
3506 4618
3507
3508 3716
3509 3529
3510 4416 4710 4309
3511
3512 4083 4780 3677 3597
3513 4445
3514 4213 3644
3515 4354 3724
3516 4577 3767
3517 3716
3518 4988 4125
3519
3520
3521 4614 4169
3522 4345 4402 4495
3523 4059
3524 4030
3525 3997 3729
3526 3666
3527
3528
3529 4864 4552
3530 3621 4078 4272 3650 4341
3531 4656 4329 4276
3532
3533 3538 3565
3534 3974
3535 3888
3536 3858 4535
3537 4508 4743
3538 3648 3856
3539 4886
3540 4614
3541 3568
3542
3543
3544 4630
3545 3591
3546 4935
3547 3631
3548 4419 4143 3827
3549
3550 3878
3551 4879
3552
3553 4666
3554 4032
3555 3591
3556
3557
3558 4876
3559
3560 4005 4614 3722 3852
3561
3562
3563
3564 4372
3565 3735
3566
3567 3782
3568 3704 4185
3569 4797
3570
3571 4188
3572
3573
3574
3575
3576 3938
3577 3983
3578
3579
3580 4706
3581
3582
3583
3584 4540
3585 4072 3644
3586
3587
3588 4997
3589 3914
3590
3591
3592 4956
3593
3594
3595 4408 4875
3596 4517
3597 4086
3598 4209 4509
3599
3600
3601 3979
3602
3603
3604 3938 3733
3605
3606
3607 4143 3634
3608 4828 4678
3609 4601 3837
3610
3611
3612 4011 4767
3613 4934 3719
3614
3615 4138 4283 4118
3616
3617 3863
3618 4568
3619
3620 4255
3621
3622 4050
3623
3624 3961 4693
3625 4037
3626 3722
3627 4773
3628 4261 4942
3629 4203 4588
3630
3631
3632 4380
3633
3634
3635 3675 3710 3773
3636 3844 4767
3637 4481 4167
3638 4162
3639 3856
3640 4739
3641
3642
3643 4019 4788
3644
3645 3839
3646 3867 4485 3915
3647 3878 3734
3648
3649
3650
3651
3652 4698
3653 3858
3654
3655
3656 4428 3930
3657 3929 4700
3658
3659
3660 4267 4727
3661
3662
3663 4921
3664
3665
3666
3667
3668
3669
3670
3671
3672 4447
3673
3674
3675
3676
3677 4464
3678
3679 4969 4413 4689
3680 4396
3681
3682 3850 4006
3683
3684 4455 4669 3882
3685 4968 4518
3686
3687 4145 4908 4082
3688
3689
3690 4394 4342 4120
3691 3862 4462
3692
3693 4084
3694
3695 4559
3696
3697 4008 4177 4765 4247
3698
3699 4225
3700
3701
3702 4054
3703 4384 4299
3704
3705 4461
3706 4759
3707 4241 4425
3708
3709 4421 4911
3710 4397
3711 4644
3712 4575
3713 4716
3714
3715 4290
3716 4159
3717
3718 4876 3754
3719 4069
3720
3721 4162
3722 4228 4124
3723 4192 3771
3724 4105
3725
3726
3727 4709 4029
3728 4722
3729 3796
3730
3731 4364
3732 4999 4238 4732 4541
3733
3734
3735 4249
3736 4522 4409
3737
3738 4031
3739 4145
3740 3827
3741
3742
3743
3744
3745 4256 4429
3746 4994
3747 3895
3748 4730
3749 4963
3750
3751 4592
3752
3753 4449
3754
3755
3756
3757 4114
3758 4142
3759
3760 3905
3761
3762 3984
3763 4661
3764 4548
3765 4067 4965 4814
3766
3767
3768 4158
3769 3806
3770 4096 4454
3771 4244
3772 4294 4820
3773
3774
3775 4609 3850 4553
3776
3777 4206 4990
3778 4176
3779
3780 4660
3781 4252 4220
3782 4004
3783
3784 4824 4771
3785
3786
3787
3788 3964 4479
3789
3790 4131
3791
3792 4297 3946 4458
3793 4049 4108
3794
3795 4044
3796
3797
3798 4592
3799
3800
3801 4277
3802 4028
3803
3804
3805
3806
3807 4044
3808 4016 4957
3809 4547
3810 3939 4775
3811
3812 4758
3813
3814
3815
3816 4521 4116
3817
3818
3819
3820
3821
3822
3823
3824
3825
3826
3827 4367
3828 4137
3829 4696 4150
3830 4268 3857
3831
3832 4777 4147 4829
3833 3925
3834 3916 4943
3835
3836 4032 4827
3837 4007
3838
3839 4685
3840 4978
3841 4356 4303 4463
3842 4579
3843 4747
3844 4045
3845 4997
3846 4420 4885
3847 4936
3848 4035
3849
3850
3851 4181
3852 4961
3853 4311
3854 4867
3855
3856
3857 4294
3858 3916
3859
3860 4990 4261
3861 4141
3862
3863 4805
3864 4611
3865
3866 4199
3867
3868
3869
3870
3871
3872 4143
3873 4277
3874
3875 4651 4996
3876
3877 4856 4675
3878 4167
3879
3880 4243
3881
3882 4170
3883 4225 4981 4742
3884
3885 4629
3886
3887 4072
3888 4100 4242
3889 4060
3890
3891
3892
3893 3936
3894
3895
3896
3897 4682 3987
3898 4928
3899
3900
3901 4530 4627 4887
3902
3903
3904 4472
3905 4489
3906 4643 4500 4346
3907 4873
3908 4250
3909
3910
3911 4105
3912
3913
3914 4820 4793 4153
3915 4079 4709
3916 4300
3917
3918
3919 4358 4364 4594 4756
3920 4307 4153
3921 4792
3922 4960
3923 4917
3924
3925
3926 4933 4574 4349
3927 4722
3928 4356
3929 4028
3930
3931
3932 4998
3933
3934 4165 4984
3935
3936
3937
3938
3939 4305
3940
3941 4058
3942
3943
3944 4300 4535
3945 4324
3946 4507
3947 4888 4356
3948 4631
3949 4130
3950 4168 4035 4231
3951 4015
3952 4577 4028
3953 4547 4487 4147
3954 4201
3955
3956 4420
3957
3958 4286
3959
3960
3961 3970 4296 4758
3962
3963
3964
3965
3966 4684 4292
3967 4092
3968 4237
3969 4104
3970 4866 4496
3971
3972
3973 4379
3974 4930 4535 4317
3975
3976
3977 4572
3978 4864 4613
3979
3980
3981
3982 4145 4883 4307
3983
3984 4920
3985
3986 4253
3987 4155
3988
3989
3990
3991 4475
3992
3993
3994 4428
3995 4602 4819
3996 4544 4651
3997
3998 4601 4522
3999
4000
4001 4220
4002 4815
4003
4004
4005
4006
4007 4488
4008
4009 4481
4010
4011
4012
4013
4014 4634
4015
4016 4739
4017 4127
4018
4019
4020 4725
4021
4022 4244
4023 4039 4572
4024 4387 4760
4025 4490 4058
4026 4032
4027
4028
4029 4930
4030
4031
4032
4033 4265
4034 4085
4035 4097
4036
4037 4289
4038 4926
4039 4948
4040 4571
4041 4817 4203 4254
4042 4234
4043
4044
4045 4794 4987
4046
4047
4048 4514 4722
4049
4050
4051 4336 4621
4052 4510
4053 4915 4573
4054
4055 4062
4056 4985
4057 4356
4058
4059 4425
4060
4061
4062 4690 4470
4063 4237
4064
4065 4604
4066 4214
4067
4068 4553
4069
4070
4071
4072
4073
4074
4075 4261
4076
4077
4078
4079 4929
4080
4081 4555
4082 4988
4083
4084
4085
4086
4087
4088 4679 4910 4445
4089
4090
4091
4092
4093
4094 4272
4095 4241
4096
4097
4098 4188 4106
4099 4811
4100
4101 4977 4978 4708 4343
4102 4133
4103 4229
4104 4257 4543
4105
4106
4107
4108
4109
4110
4111
4112
4113 4781
4114 4130
4115 4200
4116 4675
4117 4363
4118 4693
4119
4120
4121
4122
4123
4124
4125
4126 4880
4127
4128
4129
4130
4131
4132 4892
4133
4134 4665
4135
4136
4137
4138 4916
4139 4691
4140
4141
4142
4143
4144 4402 4366
4145
4146 4991
4147 4190
4148 4597 4760
4149
4150 4699
4151
4152
4153
4154
4155
4156
4157
4158 4717
4159 4355 4913
4160 4487
4161 4378
4162
4163
4164
4165 4483
4166
4167
4168
4169
4170
4171
4172
4173
4174 4752
4175
4176
4177
4178
4179
4180
4181
4182
4183
4184
4185
4186
4187
4188 4597
4189 4392
4190
4191
4192 4491
4193
4194 4687
4195
4196 4902 4958
4197
4198
4199 4811
4200
4201
4202 4673
4203 4586
4204
4205 4284
4206
4207
4208 4867
4209
4210
4211 4891
4212
4213
4214
4215
4216
4217
4218
4219
4220
4221
4222
4223
4224
4225
4226 4243
4227 4846
4228
4229 4730
4230
4231 4272 4964
4232 4415
4233 4838 4255
4234
4235 4811
4236 4883 4677
4237 4691
4238 4980
4239
4240 4952
4241 4971 4471
4242
4243
4244
4245
4246 4837
4247 4370
4248
4249 4347
4250
4251
4252
4253 4609 4981
4254 4998
4255
4256
4257
4258
4259 4875
4260
4261 4676 4740
4262
4263
4264 4866
4265
4266
4267 4404
4268
4269
4270 4349
4271 4322
4272
4273 4892
4274 4973 4481
4275 4472
4276
4277
4278
4279
4280
4281 4619
4282 4374
4283
4284 4673 4511
4285
4286 4670
4287
4288 4547
4289
4290
4291 4379 4443
4292
4293
4294
4295
4296
4297
4298 4850
4299 4348
4300
4301
4302
4303 4873
4304
4305 4821
4306
4307 4874
4308 4614
4309
4310 4514
4311
4312
4313
4314 4668
4315
4316 4690
4317
4318 4557
4319
4320 4473
4321
4322
4323
4324 4648 4742
4325
4326
4327
4328
4329
4330
4331
4332 4621 4878
4333
4334
4335 4386 4867
4336
4337
4338 4671
4339 4630
4340
4341 4887
4342 4754
4343
4344
4345
4346 4818
4347 4403 4824
4348 4778
4349
4350 4782
4351
4352
4353
4354
4355
4356
4357
4358
4359
4360 4547
4361 4528 4945 4892
4362
4363
4364 4758 4439
4365
4366
4367
4368
4369
4370 4394
4371 4418 4621 4494
4372 4634
4373
4374 4721
4375
4376
4377
4378
4379
4380 4898 4549 4470
4381 4827
4382
4383
4384 4794
4385
4386
4387
4388
4389 4582 4920
4390
4391 4420 4937 4846
4392 4739
4393 4983
4394
4395 4726
4396
4397
4398
4399
4400
4401
4402 4486 4766
4403 4972
4404
4405
4406 4453
4407
4408 4818 4701
4409 4649
4410
4411
4412 4776
4413
4414
4415 4756
4416
4417
4418
4419 4595
4420
4421 4582
4422
4423 4679
4424
4425 4906
4426
4427
4428
4429 4458 4643
4430
4431
4432
4433
4434 4531
4435
4436
4437
4438
4439 4854
4440
4441
4442
4443
4444
4445 4476
4446
4447
4448
4449
4450
4451 4922
4452 4778
4453
4454
4455 4783
4456 4990
4457
4458
4459
4460
4461
4462 4989
4463 4865
4464
4465
4466
4467
4468
4469
4470
4471
4472 4560
4473
4474
4475 4675
4476 4587 4743
4477
4478 4776
4479
4480
4481 4675
4482 4840 4492 4503
4483 4659
4484
4485 4847
4486
4487
4488 4579
4489
4490 4894 4847
4491
4492
4493
4494
4495
4496 4504
4497 4665
4498 4833
4499
4500
4501
4502
4503
4504 4516
4505 4652
4506
4507
4508 4916 4809
4509
4510 4839
4511 4569
4512 4779
4513 4524
4514
4515
4516 4965
4517 4662
4518 4719
4519 4832 4957
4520
4521
4522
4523 4535
4524
4525
4526 4950
4527
4528
4529
4530 4552
4531
4532
4533
4534
4535
4536 4957
4537 4626
4538 4552
4539
4540
4541 4550
4542 4872
4543
4544
4545 4948
4546
4547 4719
4548
4549
4550 4751
4551 4618 4950
4552
4553
4554
4555
4556
4557
4558
4559
4560
4561
4562
4563
4564 4799
4565 4580 4701
4566
4567
4568
4569
4570
4571
4572
4573 4918
4574
4575
4576
4577 4824
4578
4579
4580
4581
4582
4583 4776 4735
4584
4585
4586 4814
4587
4588
4589
4590 4615
4591 4905
4592
4593 4704
4594
4595
4596 4597
4597
4598
4599
4600 4944
4601 4650 4966
4602
4603
4604 4944
4605
4606 4953
4607
4608
4609
4610
4611
4612
4613
4614
4615
4616 4882
4617
4618
4619
4620
4621 4865
4622
4623
4624
4625
4626
4627
4628
4629
4630 4973
4631 4785
4632
4633
4634
4635
4636
4637
4638
4639
4640 4915
4641
4642
4643 4755
4644
4645
4646
4647
4648
4649 4748
4650 4677
4651
4652
4653
4654 4965
4655
4656
4657 4700
4658
4659
4660
4661
4662
4663
4664
4665
4666 4921
4667
4668
4669
4670 4730 4923
4671
4672
4673
4674
4675 4997
4676
4677 4958
4678
4679
4680
4681
4682 4707
4683
4684 4799
4685
4686
4687
4688
4689 4896
4690
4691
4692
4693
4694
4695
4696
4697
4698
4699
4700 4730
4701
4702
4703
4704
4705 4773
4706
4707 4995
4708
4709
4710
4711
4712
4713
4714 4816
4715
4716 4984
4717
4718
4719 4841
4720
4721
4722
4723
4724
4725
4726
4727
4728
4729
4730
4731
4732
4733
4734
4735
4736
4737
4738
4739
4740
4741
4742
4743
4744
4745
4746 4786
4747 4899
4748
4749
4750
4751 4913 4905 4967
4752
4753
4754
4755
4756
4757
4758
4759
4760
4761
4762 4956
4763
4764
4765
4766
4767
4768
4769
4770
4771
4772
4773
4774
4775
4776
4777
4778
4779
4780
4781 4824 4942
4782
4783
4784
4785
4786
4787
4788
4789
4790
4791
4792
4793
4794
4795
4796
4797
4798
4799 4895
4800
4801
4802
4803
4804
4805
4806
4807
4808
4809
4810
4811
4812
4813
4814
4815
4816
4817
4818
4819
4820
4821
4822
4823
4824
4825
4826
4827
4828
4829
4830
4831
4832 4956
4833
4834
4835
4836
4837
4838
4839
4840
4841
4842
4843
4844
4845
4846
4847
4848
4849
4850
4851
4852
4853
4854
4855
4856
4857
4858
4859
4860
4861
4862
4863
4864
4865
4866
4867
4868
4869
4870
4871
4872
4873
4874
4875
4876
4877
4878
4879
4880
4881
4882
4883
4884
4885
4886
4887
4888 4952
4889
4890
4891
4892
4893
4894
4895
4896
4897
4898
4899 4955
4900
4901
4902 4963
4903
4904
4905
4906
4907
4908
4909
4910
4911
4912
4913
4914
4915
4916
4917
4918
4919
4920
4921
4922
4923
4924
4925
4926
4927
4928
4929
4930
4931
4932
4933
4934
4935
4936
4937
4938
4939 4972 4989
4940
4941
4942
4943
4944
4945
4946
4947
4948
4949
4950
4951
4952
4953
4954
4955
4956
4957
4958
4959
4960
4961
4962
4963
4964
4965
4966
4967
4968
4969
4970
4971
4972
4973
4974
4975
4976
4977
4978
4979
4980
4981
4982
4983
4984
4985
4986 4988
4987
4988
4989
4990
4991
4992
4993
4994
4995
4996
4997
4998
4999
[1, 0, 0, 1, 0, 0, 1, 0, 1, 1, 0, 0, 0, 0, 0, 0, 1, 0, 0, 1, 1, 1, 1, 1, 0, 1, 0, 1, 0, 0, 1, 1, 1, 1, 1, 1, 1, 0, 0, 0, 0, 1, 0, 1, 0, 1, 1, 0, 0, 0, 1, 1, 0, 0, 0, 1, 1, 1, 1, 0, 0, 0, 1, 1, 1, 1, 1, 0, 0, 0, 0, 0, 0, 1, 0, 1, 0, 1, 0, 1, 0, 0, 1, 1, 1, 1, 0, 0, 0, 0, 0, 0, 0, 0, 1, 0, 1, 0, 0, 0, 1, 1, 1, 0, 0, 1, 0, 1, 0, 0, 1, 1, 1, 1, 0, 0, 1, 0, 1, 1, 1, 0, 1, 1, 1, 1, 1, 1, 1, 1, 1, 0, 0, 0, 1, 0, 0, 1, 1, 1, 0, 1, 0, 0, 0, 1, 0, 1, 0, 1, 1, 1, 1, 0, 0, 1, 0, 1, 1, 1, 0, 1, 1, 1, 1, 1, 0, 1, 1, 0, 1, 0, 1, 1, 1, 1, 1, 1, 0, 0, 1, 1, 1, 0, 1, 1, 1, 1, 1, 1, 0, 0, 1, 0, 0, 0, 1, 1, 0, 1, 1, 1, 1, 0, 1, 1, 1, 0, 0, 1, 1, 0, 1, 0, 0, 1, 0, 1, 1, 0, 0, 0, 1, 1, 1, 0, 1, 1, 1, 1, 0, 0, 1, 1, 0, 0, 1, 0, 1, 1, 0, 0, 0, 1, 1, 0, 0, 1, 0, 1, 1, 1, 0, 0, 1, 1, 1, 1, 0, 1, 1, 0, 0, 0, 0, 0, 0, 1, 0, 1, 0, 0, 0, 0, 0, 0, 0, 0, 0, 0, 1, 0, 0, 1, 1, 1, 1, 1, 1, 0, 0, 1, 0, 1, 0, 1, 0, 1, 1, 1, 1, 1, 0, 1, 1, 1, 1, 1, 0, 0, 1, 1, 1, 0, 1, 0, 0, 0, 0, 0, 1, 0, 0, 0, 1, 0, 0, 1, 1, 0, 0, 0, 0, 0, 0, 1, 0, 0, 1, 0, 0, 0, 1, 0, 1, 1, 0, 0, 1, 0, 0, 0, 1, 0, 0, 0, 1, 1, 1, 0, 1, 1, 0, 1, 0, 1, 0, 0, 0, 1, 1, 1, 0, 0, 1, 0, 0, 0, 1, 1, 1, 1, 1, 0, 1, 1, 1, 0, 0, 1, 1, 1, 0, 1, 0, 1, 1, 1, 0, 0, 0, 0, 0, 1, 1, 1, 0, 1, 1, 0, 1, 0, 1, 0, 0, 0, 0, 1, 1, 0, 1, 0, 0, 1, 1, 0, 0, 1, 1, 0, 0, 0, 1, 0, 1, 1, 1, 1, 0, 1, 1, 0, 1, 0, 0, 1, 1, 0, 0, 0, 0, 0, 1, 0, 0, 1, 0, 1, 1, 1, 0, 0, 0, 0, 1, 0, 1, 0, 1, 0, 1, 0, 1, 0, 0, 0, 1, 1, 1, 1, 1, 1, 0, 0, 1, 0, 0, 0, 1, 1, 1, 1, 1, 1, 0, 1, 0, 0, 1, 1, 1, 0, 1, 0, 0, 1, 0, 1, 0, 0, 1, 1, 0, 1, 0, 0, 0, 0, 0, 1, 0, 0, 1, 0, 1, 1, 0, 1, 1, 0, 0, 0, 1, 1, 1, 0, 1, 0, 0, 1, 0, 1, 0, 0, 1, 1, 1, 1, 1, 0, 1, 1, 0, 1, 1, 0, 1, 0, 1, 1, 1, 0, 1, 1, 1, 1, 1, 1, 0, 1, 0, 0, 0, 1, 0, 0, 0, 1, 1, 1, 1, 0, 1, 0, 1, 1, 0, 1, 0, 0, 1, 1, 0, 1, 0, 0, 0, 0, 1, 1, 1, 0, 0, 0, 0, 0, 0, 0, 1, 0, 0, 1, 0, 1, 0, 0, 1, 0, 0, 1, 1, 0, 0, 1, 1, 0, 0, 0, 1, 1, 1, 0, 0, 1, 1, 0, 1, 1, 0, 0, 0, 0, 0, 0, 0, 0, 1, 1, 0, 1, 0, 0, 0, 1, 1, 1, 0, 0, 0, 0, 1, 1, 0, 1, 0, 1, 0, 1, 0, 1, 0, 0, 1, 1, 0, 1, 0, 0, 1, 1, 0, 0, 0, 1, 1, 0, 0, 0, 1, 0, 1, 0, 0, 0, 0, 1, 1, 1, 0, 0, 1, 0, 0, 0, 1, 1, 1, 0, 1, 0, 1, 0, 1, 1, 1, 1, 1, 0, 0, 0, 1, 1, 1, 1, 1, 0, 0, 1, 0, 0, 1, 0, 0, 1, 0, 0, 0, 0, 0, 1, 0, 0, 0, 1, 1, 0, 1, 1, 1, 1, 0, 0, 0, 0, 1, 1, 1, 0, 0, 0, 1, 1, 0, 1, 0, 0, 0, 0, 1, 1, 0, 0, 0, 0, 0, 1, 0, 0, 0, 0, 0, 1, 0, 0, 1, 1, 0, 0, 1, 1, 0, 0, 0, 0, 0, 1, 1, 0, 0, 0, 1, 1, 1, 0, 1, 0, 0, 1, 1, 1, 0, 0, 1, 0, 0, 1, 0, 0, 1, 0, 0, 1, 0, 1, 0, 0, 1, 0, 1, 0, 0, 1, 1, 0, 0, 0, 0, 1, 1, 1, 1, 1, 1, 0, 0, 1, 1, 1, 0, 1, 1, 0, 0, 1, 0, 1, 0, 0, 1, 1, 1, 0, 0, 0, 1, 1, 1, 0, 0, 1, 1, 1, 1, 1, 0, 1, 1, 1, 1, 1, 0, 1, 1, 1, 0, 1, 1, 0, 0, 0, 0, 0, 1, 1, 0, 0, 0, 0, 1, 0, 1, 1, 1, 1, 1, 0, 0, 1, 1, 1, 1, 0, 1, 0, 0, 0, 1, 1, 1, 1, 0, 1, 0, 0, 0, 0, 1, 0, 0, 0, 1, 0, 0, 1, 1, 0, 0, 1, 0, 1, 0, 1, 0, 0, 1, 1, 0, 0, 1, 1, 0, 0, 0, 1, 1, 1, 0, 1, 1, 0, 0, 0, 1, 1, 0, 0, 1, 1, 0, 0, 1, 0, 0, 1, 0, 0, 0, 1, 0, 1, 0, 0, 1, 1, 1, 1, 0, 0, 1, 0, 1, 0, 1, 0, 0, 0, 1, 1, 1, 1, 0, 0, 1, 0, 0, 1, 1, 0, 0, 0, 1, 1, 0, 0, 1, 0, 0, 1, 0, 1, 1, 0, 0, 0, 0, 1, 0, 1, 0, 0, 1, 0, 0, 0, 0, 0, 0, 1, 1, 0, 1, 0, 0, 0, 1, 0, 1, 0, 1, 0, 1, 1, 0, 0, 0, 0, 1, 0, 1, 0, 0, 1, 1, 1, 0, 1, 1, 1, 1, 1, 0, 0, 1, 1, 1, 1, 0, 1, 1, 0, 0, 0, 1, 0, 0, 0, 0, 1, 1, 0, 1, 0, 0, 1, 0, 1, 1, 1, 1, 0, 1, 0, 0, 1, 0, 0, 1, 0, 1, 1, 0, 0, 1, 0, 0, 0, 0, 1, 1, 0, 0, 0, 1, 1, 1, 0, 1, 0, 1, 1, 0, 0, 1, 1, 1, 1, 1, 1, 0, 1, 1, 0, 0, 0, 1, 1, 0, 0, 1, 1, 1, 0, 0, 0, 0, 1, 0, 0, 0, 0, 1, 1, 1, 1, 1, 1, 0, 1, 0, 1, 1, 1, 1, 0, 1, 1, 1, 1, 1, 1, 0, 1, 0, 0, 1, 0, 0, 0, 0, 0, 1, 0, 1, 1, 1, 1, 0, 0, 0, 0, 1, 1, 1, 0, 0, 1, 0, 0, 1, 1, 1, 1, 0, 1, 0, 0, 0, 0, 0, 0, 1, 1, 1, 0, 0, 0, 0, 1, 1, 0, 1, 1, 1, 0, 1, 0, 1, 0, 1, 1, 0, 0, 0, 0, 1, 1, 1, 1, 0, 1, 1, 0, 1, 0, 1, 0, 0, 0, 1, 0, 1, 1, 0, 0, 1, 1, 1, 1, 0, 0, 1, 0, 0, 0, 1, 0, 1, 1, 0, 0, 0, 1, 1, 1, 0, 1, 0, 1, 1, 1, 1, 1, 0, 1, 0, 0, 1, 0, 1, 1, 1, 1, 0, 1, 1, 1, 0, 0, 1, 0, 0, 1, 1, 0, 0, 1, 1, 0, 1, 0, 1, 0, 1, 0, 0, 1, 1, 1, 0, 0, 1, 0, 1, 0, 1, 1, 0, 0, 1, 1, 1, 1, 1, 1, 0, 1, 1, 1, 0, 0, 1, 0, 1, 1, 0, 1, 1, 0, 1, 1, 1, 0, 1, 0, 1, 1, 1, 1, 1, 1, 0, 1, 0, 0, 1, 0, 0, 1, 0, 0, 0, 1, 0, 1, 0, 1, 1, 1, 1, 1, 1, 0, 0, 1, 1, 0, 1, 0, 1, 1, 0, 1, 1, 1, 0, 0, 0, 1, 1, 1, 1, 0, 0, 0, 0, 1, 0, 1, 0, 0, 0, 0, 1, 1, 1, 0, 0, 1, 0, 1, 1, 1, 0, 0, 0, 1, 1, 1, 1, 1, 0, 1, 1, 1, 0, 0, 1, 1, 0, 1, 0, 1, 1, 1, 1, 0, 1, 0, 1, 0, 0, 0, 0, 0, 1, 1, 1, 1, 0, 1, 1, 0, 1, 0, 1, 1, 1, 1, 0, 1, 1, 1, 0, 0, 0, 1, 1, 1, 1, 0, 1, 0, 1, 0, 0, 0, 0, 1, 1, 0, 0, 1, 0, 1, 0, 0, 1, 1, 0, 1, 1, 0, 1, 1, 1, 0, 1, 1, 1, 1, 0, 0, 0, 0, 1, 1, 0, 0, 0, 0, 1, 1, 1, 1, 0, 0, 1, 0, 0, 1, 1, 1, 1, 0, 1, 1, 0, 0, 1, 1, 0, 0, 1, 0, 0, 1, 0, 1, 0, 0, 1, 0, 0, 1, 0, 1, 1, 0, 1, 0, 0, 0, 0, 1, 0, 0, 0, 1, 0, 1, 1, 1, 1, 0, 0, 1, 1, 1, 1, 0, 0, 0, 1, 0, 1, 1, 1, 1, 0, 1, 0, 1, 0, 1, 0, 0, 1, 1, 1, 0, 0, 1, 0, 0, 0, 0, 1, 0, 1, 0, 0, 1, 0, 0, 0, 0, 1, 1, 1, 0, 1, 0, 1, 1, 1, 0, 1, 0, 1, 1, 0, 1, 1, 1, 1, 1, 0, 1, 1, 1, 0, 1, 0, 1, 0, 0, 0, 0, 0, 0, 1, 1, 1, 1, 1, 1, 1, 1, 0, 0, 0, 0, 1, 0, 1, 1, 1, 0, 1, 0, 1, 0, 1, 1, 0, 1, 0, 1, 1, 1, 1, 0, 0, 0, 1, 1, 1, 1, 0, 1, 1, 0, 1, 0, 1, 0, 1, 1, 1, 1, 0, 0, 0, 1, 0, 1, 0, 0, 0, 0, 0, 1, 1, 0, 1, 1, 0, 1, 0, 1, 1, 0, 1, 1, 1, 0, 0, 1, 1, 0, 1, 0, 0, 0, 1, 1, 0, 0, 0, 0, 1, 0, 0, 0, 1, 1, 0, 1, 0, 0, 1, 1, 1, 1, 1, 1, 0, 0, 1, 0, 0, 0, 1, 1, 0, 0, 0, 1, 0, 0, 0, 0, 1, 0, 0, 1, 1, 1, 0, 1, 0, 1, 0, 0, 0, 0, 0, 0, 0, 1, 1, 0, 0, 1, 1, 0, 1, 1, 1, 1, 0, 0, 0, 0, 0, 1, 0, 1, 1, 0, 1, 1, 0, 0, 1, 0, 0, 1, 1, 1, 1, 1, 1, 1, 1, 1, 0, 1, 1, 1, 1, 0, 0, 0, 0, 1, 1, 1, 1, 0, 0, 0, 0, 1, 0, 1, 0, 1, 1, 1, 1, 1, 0, 1, 0, 0, 0, 1, 1, 0, 1, 1, 1, 1, 1, 1, 1, 1, 1, 0, 1, 0, 1, 0, 1, 0, 0, 1, 0, 1, 0, 0, 0, 0, 1, 1, 1, 0, 0, 0, 0, 1, 1, 0, 1, 0, 0, 1, 0, 0, 1, 1, 1, 1, 0, 0, 1, 1, 1, 1, 0, 1, 1, 1, 1, 1, 0, 0, 1, 1, 1, 1, 1, 1, 0, 1, 0, 1, 1, 0, 0, 0, 0, 1, 1, 0, 0, 1, 1, 1, 0, 1, 0, 0, 1, 1, 0, 1, 1, 1, 1, 0, 1, 0, 0, 1, 1, 1, 1, 1, 1, 0, 1, 1, 1, 0, 1, 0, 0, 0, 0, 1, 0, 0, 1, 1, 1, 0, 1, 0, 1, 1, 1, 1, 1, 0, 0, 0, 1, 1, 1, 0, 0, 0, 1, 1, 0, 1, 0, 1, 0, 1, 0, 1, 1, 0, 1, 1, 1, 1, 0, 0, 0, 0, 1, 1, 0, 0, 0, 0, 0, 0, 1, 1, 0, 0, 0, 1, 0, 1, 1, 0, 1, 0, 0, 0, 1, 0, 0, 0, 1, 0, 0, 1, 0, 1, 0, 0, 1, 0, 1, 1, 0, 1, 0, 0, 0, 1, 0, 0, 1, 0, 0, 1, 0, 1, 1, 0, 0, 1, 0, 1, 1, 1, 1, 1, 1, 0, 0, 1, 1, 1, 0, 1, 1, 0, 1, 1, 1, 0, 0, 1, 0, 1, 0, 0, 1, 0, 1, 0, 0, 1, 1, 1, 1, 1, 0, 0, 0, 1, 1, 1, 0, 1, 0, 1, 0, 1, 1, 1, 0, 0, 1, 1, 1, 0, 0, 0, 0, 1, 1, 1, 1, 0, 0, 0, 0, 1, 1, 0, 0, 0, 1, 0, 0, 0, 1, 0, 0, 1, 1, 0, 0, 0, 0, 1, 1, 1, 1, 0, 0, 0, 1, 0, 1, 0, 1, 0, 0, 0, 0, 1, 1, 1, 0, 0, 1, 0, 0, 1, 0, 1, 1, 0, 0, 1, 0, 0, 0, 0, 1, 1, 0, 0, 1, 1, 0, 1, 1, 1, 1, 1, 1, 1, 1, 1, 0, 1, 0, 0, 0, 1, 1, 1, 0, 0, 1, 1, 1, 1, 0, 0, 1, 0, 0, 1, 1, 1, 0, 1, 0, 1, 1, 1, 0, 1, 0, 0, 0, 1, 0, 1, 1, 0, 0, 1, 0, 1, 0, 0, 0, 0, 0, 1, 1, 0, 0, 1, 0, 0, 0, 0, 0, 0, 1, 0, 0, 0, 1, 0, 1, 0, 1, 0, 1, 0, 0, 1, 0, 1, 1, 0, 0, 0, 0, 0, 0, 0, 0, 1, 1, 1, 0, 0, 1, 0, 0, 1, 0, 0, 0, 1, 1, 0, 1, 0, 0, 0, 1, 1, 1, 1, 0, 0, 0, 0, 0, 0, 0, 1, 1, 0, 0, 0, 1, 0, 0, 1, 1, 0, 0, 1, 1, 0, 1, 1, 1, 1, 1, 1, 1, 1, 1, 1, 0, 0, 1, 1, 0, 1, 0, 1, 0, 1, 0, 1, 1, 0, 1, 0, 1, 0, 0, 0, 0, 1, 0, 1, 0, 0, 1, 1, 1, 0, 0, 0, 1, 0, 1, 1, 1, 1, 1, 1, 0, 0, 1, 1, 1, 1, 0, 0, 0, 1, 1, 1, 1, 0, 0, 1, 1, 0, 1, 0, 0, 1, 0, 1, 1, 0, 1, 0, 0, 0, 1, 1, 1, 0, 1, 1, 1, 1, 1, 0, 1, 0, 0, 0, 0, 0, 1, 1, 0, 1, 1, 0, 0, 1, 0, 1, 1, 1, 0, 1, 1, 0, 1, 1, 1, 0, 0, 1, 0, 1, 0, 0, 1, 1, 1, 1, 0, 1, 0, 0, 1, 1, 0, 0, 0, 1, 1, 0, 1, 0, 0, 1, 1, 1, 0, 1, 1, 1, 1, 0, 1, 0, 0, 1, 0, 0, 1, 1, 1, 1, 1, 0, 1, 1, 1, 1, 0, 1, 0, 1, 1, 1, 1, 1, 0, 0, 1, 0, 1, 1, 1, 1, 0, 0, 1, 1, 0, 0, 0, 0, 1, 0, 0, 1, 0, 0, 0, 1, 0, 1, 1, 1, 0, 1, 0, 1, 1, 1, 1, 1, 0, 1, 1, 1, 1, 1, 0, 0, 0, 1, 0, 0, 1, 1, 0, 0, 0, 1, 1, 1, 1, 0, 1, 1, 0, 0, 0, 0, 1, 0, 0, 1, 1, 1, 1, 1, 1, 0, 1, 1, 1, 1, 1, 0, 0, 0, 1, 0, 1, 1, 1, 1, 1, 1, 1, 0, 1, 1, 0, 1, 0, 0, 1, 1, 0, 1, 0, 0, 0, 1, 0, 0, 1, 1, 1, 1, 1, 1, 0, 0, 1, 0, 0, 1, 0, 1, 1, 0, 0, 1, 1, 1, 1, 0, 1, 1, 0, 0, 1, 1, 1, 0, 1, 0, 1, 0, 1, 1, 0, 0, 1, 0, 0, 0, 0, 0, 1, 0, 0, 0, 1, 0, 1, 1, 1, 0, 0, 0, 0, 0, 1, 0, 1, 0, 0, 1, 0, 0, 0, 1, 0, 0, 0, 0, 0, 1, 1, 0, 0, 0, 0, 1, 0, 0, 0, 1, 0, 0, 1, 0, 0, 1, 0, 1, 0, 1, 0, 1, 1, 1, 0, 0, 1, 0, 1, 1, 1, 0, 0, 1, 0, 0, 0, 0, 0, 0, 1, 0, 1, 0, 0, 0, 0, 0, 0, 0, 1, 1, 1, 0, 0, 0, 1, 1, 0, 0, 1, 1, 1, 0, 0, 0, 1, 0, 1, 0, 1, 0, 1, 0, 1, 1, 0, 0, 1, 1, 1, 1, 0, 0, 1, 0, 1, 1, 0, 0, 0, 0, 1, 1, 1, 0, 1, 1, 0, 1, 0, 1, 1, 0, 0, 1, 1, 1, 0, 1, 0, 0, 1, 0, 0, 1, 1, 1, 1, 1, 0, 0, 1, 0, 0, 1, 0, 1, 0, 1, 1, 1, 0, 0, 0, 0, 0, 0, 1, 1, 1, 0, 0, 0, 1, 1, 1, 0, 1, 1, 1, 1, 1, 1, 1, 1, 1, 1, 0, 1, 1, 1, 0, 1, 0, 0, 0, 1, 0, 0, 1, 0, 0, 0, 0, 0, 0, 1, 0, 0, 0, 1, 1, 1, 1, 0, 1, 0, 0, 0, 1, 0, 1, 1, 1, 1, 0, 0, 1, 0, 0, 0, 1, 0, 1, 0, 0, 0, 0, 1, 0, 0, 1, 0, 1, 0, 1, 1, 0, 1, 0, 0, 1, 0, 1, 1, 0, 0, 1, 0, 1, 0, 0, 0, 1, 1, 1, 0, 0, 1, 0, 0, 1, 1, 0, 1, 0, 0, 1, 1, 1, 0, 0, 0, 1, 0, 0, 1, 1, 1, 1, 1, 0, 1, 1, 1, 0, 1, 0, 1, 1, 0, 0, 0, 1, 0, 0, 1, 0, 1, 1, 1, 0, 0, 0, 0, 0, 1, 0, 0, 1, 1, 0, 0, 0, 1, 1, 0, 1, 0, 0, 1, 1, 0, 1, 0, 1, 0, 1, 0, 1, 1, 1, 0, 0, 1, 1, 1, 0, 1, 1, 0, 1, 0, 1, 1, 0, 1, 0, 0, 0, 1, 1, 1, 1, 0, 0, 1, 1, 0, 0, 1, 1, 1, 1, 1, 1, 1, 1, 0, 1, 1, 0, 1, 0, 1, 0, 1, 1, 1, 0, 1, 1, 1, 1, 0, 1, 1, 1, 1, 1, 1, 1, 1, 1, 1, 1, 0, 1, 0, 1, 0, 1, 0, 1, 1, 0, 1, 1, 1, 1, 1, 0, 1, 0, 1, 0, 0, 1, 0, 1, 1, 0, 1, 0, 0, 0, 1, 0, 0, 0, 1, 1, 0, 0, 0, 0, 1, 0, 1, 0, 0, 0, 0, 1, 0, 0, 0, 1, 1, 1, 1, 0, 0, 1, 1, 1, 1, 0, 1, 0, 0, 0, 1, 0, 1, 0, 0, 0, 0, 0, 0, 1, 1, 1, 0, 1, 0, 0, 1, 0, 1, 1, 0, 1, 1, 0, 1, 1, 1, 1, 1, 1, 0, 1, 1, 1, 1, 1, 0, 1, 1, 0, 1, 0, 0, 1, 1, 0, 0, 0, 0, 0, 0, 1, 1, 1, 0, 0, 1, 0, 1, 1, 1, 0, 1, 1, 0, 1, 0, 0, 1, 0, 1, 1, 1, 1, 1, 1, 1, 0, 0, 1, 0, 0, 1, 1, 0, 0, 0, 1, 0, 0, 0, 1, 1, 1, 0, 0, 0, 1, 1, 1, 1, 0, 0, 0, 0, 1, 0, 1, 0, 1, 1, 0, 1, 1, 1, 1, 1, 1, 1, 1, 0, 1, 1, 1, 1, 0, 0, 1, 1, 1, 0, 1, 1, 1, 1, 0, 1, 0, 0, 0, 1, 0, 1, 0, 0, 1, 1, 1, 0, 1, 1, 1, 0, 1, 0, 1, 1, 0, 1, 1, 0, 1, 1, 0, 1, 1, 1, 0, 0, 0, 0, 0, 0, 1, 0, 1, 0, 1, 1, 1, 1, 0, 0, 0, 0, 0, 1, 0, 0, 1, 1, 0, 0, 1, 1, 1, 0, 0, 1, 0, 0, 0, 1, 1, 0, 1, 1, 0, 0, 1, 1, 1, 1, 1, 1, 0, 1, 0, 0, 0, 1, 1, 0, 1, 1, 0, 0, 1, 0, 0, 0, 0, 1, 1, 0, 0, 0, 0, 1, 1, 1, 1, 0, 1, 0, 1, 0, 1, 0, 1, 0, 1, 0, 0, 1, 1, 0, 1, 0, 1, 1, 1, 0, 0, 1, 0, 1, 1, 0, 1, 0, 0, 1, 1, 1, 1, 1, 0, 1, 0, 0, 0, 0, 1, 0, 1, 1, 0, 0, 1, 1, 1, 0, 1, 0, 1, 1, 0, 1, 1, 0, 1, 1, 0, 1, 1, 0, 0, 0, 1, 0, 0, 0, 1, 0, 1, 0, 0, 0, 1, 1, 0, 1, 0, 0, 0, 0, 0, 1, 0, 1, 1, 1, 1, 1, 0, 0, 1, 1, 1, 1, 1, 0, 1, 1, 0, 1, 0, 1, 0, 0, 0, 1, 1, 0, 1, 0, 1, 0, 0, 0, 0, 1, 0, 1, 0, 0, 1, 0, 1, 1, 0, 1, 1, 0, 1, 0, 0, 0, 1, 0, 1, 0, 0, 0, 1, 0, 1, 1, 0, 1, 1, 0, 1, 0, 1, 0, 1, 1, 1, 1, 0, 0, 1, 0, 0, 1, 1, 0, 1, 1, 0, 0, 0, 1, 1, 0, 0, 0, 0, 0, 0, 1, 0, 0, 1, 1, 0, 0, 0, 1, 0, 0, 0, 1, 1, 0, 0, 1, 0, 1, 0, 1, 0, 1, 1, 1, 0, 0, 1, 0, 1, 0, 1, 1, 1, 1, 1, 1, 1, 0, 0, 0, 1, 0, 0, 1, 0, 1, 1, 1, 0, 0, 0, 1, 1, 0, 0, 1, 1, 0, 1, 0, 0, 1, 0, 1, 1, 0, 1, 0, 0, 1, 1, 1, 0, 1, 1, 0, 0, 0, 1, 1, 1, 1, 1, 0, 1, 0, 0, 1, 0, 1, 0, 1, 1, 1, 0, 1, 1, 1, 0, 1, 0, 1, 1, 1, 0, 0, 0, 1, 0, 1, 1, 0, 0, 0, 0, 0, 0, 1, 0, 1, 1, 0, 0, 1, 0, 1, 1, 0, 1, 1, 0, 0, 1, 1, 1, 1, 0, 0, 1, 1, 1, 0, 0, 0, 1, 1, 1, 1, 1, 1, 0, 0, 1, 1, 1, 1, 0, 1, 1, 0, 0, 1, 1, 0, 1, 1, 1, 0, 1, 1, 0, 1, 0, 1, 1, 1, 0, 0, 0, 0, 1, 0, 0, 0, 1, 0, 0, 0, 1, 1, 0, 0, 1, 0, 0, 1, 1, 1, 0, 0, 0, 1, 0, 1, 1, 0, 0, 1, 1, 0, 0, 0, 1, 0, 1, 1, 0, 0, 1, 1, 1, 0, 0, 0, 0, 1, 0, 1, 1, 1, 0, 1, 0, 0, 0, 1, 1, 0, 1, 0, 0, 1, 0, 1, 0, 1, 1, 1, 1, 1, 1, 1, 1, 0, 1, 0, 0, 0, 1, 1, 0, 1, 1, 1, 0, 1, 1, 0, 1, 1, 0, 1, 1, 1, 0, 0, 1, 0, 1, 1, 1, 0, 0, 1, 0, 0, 0, 1, 1, 1, 1, 0, 1, 0, 0, 0, 0, 0, 1, 1, 0, 1, 1, 1, 1, 0, 0, 1, 1, 0, 1, 1, 1, 1, 0, 1, 0, 0, 0, 1, 1, 1, 0, 1, 1, 0, 1, 0, 1, 0, 1, 1, 0, 0, 1, 1, 0, 1, 1, 0, 0, 0, 1, 0, 1, 0, 0, 0, 1, 1, 1, 0, 1, 1, 1, 1, 1, 1, 1, 1, 1, 1, 1, 1, 0, 0, 1, 1, 0, 0, 0, 1, 0, 0, 0, 1, 1, 0, 1, 0, 0, 0, 1, 0, 0, 1, 1, 1, 1, 1, 0, 1, 0, 0, 1, 1, 0, 1, 0, 1, 1, 0, 0, 1, 1, 1, 0, 1, 1, 1, 0, 0, 1, 0, 1, 1, 1, 0, 1, 0, 1, 1, 0, 1, 1, 1, 1, 0, 0, 1, 0, 0, 1, 1, 1, 1, 1, 1, 0, 0, 0, 1, 0, 1, 0, 1, 0, 1, 0, 1, 0, 1, 0, 0, 0, 1, 0, 0, 1, 1, 0, 0, 1, 1, 1, 0, 0, 0, 1, 0, 1, 0, 1, 1, 0, 1, 1, 0, 1, 0, 1, 0, 1, 1, 1, 0, 1, 1, 0, 1, 0, 1, 1, 1, 0, 0, 1, 0, 1, 1, 0, 0, 0, 1, 0, 1, 1, 0, 0, 1, 1, 0, 1, 1, 0, 0, 0, 1, 0, 1, 1, 1, 1, 1, 1, 0, 0, 1, 0, 0, 1, 0, 0, 0, 0, 0, 0, 1, 1, 1, 0, 0, 1, 0, 1, 0, 1, 1, 0, 0, 1, 0, 0, 1, 0, 1, 0, 0, 0, 1, 1, 1, 1, 1, 0, 0, 1, 0, 0, 0, 0, 1, 0, 0, 0, 0, 1, 0, 1, 1, 1, 1, 0, 1, 1, 1, 1, 1, 0, 0, 0, 0, 0, 0, 1, 0, 0, 0, 1, 0, 0, 1, 0, 0, 0, 0, 0, 1, 1, 0, 1, 0, 1, 0, 0, 0, 0, 1, 0, 1, 1, 0, 0, 0, 1, 1, 1, 0, 1, 1, 0, 0, 1, 0, 1, 1, 0, 0, 1, 1, 1, 1, 1, 1, 1, 1, 0, 0, 0, 1, 1, 1, 1, 1, 1, 1, 0, 0, 1, 0, 1, 0, 0, 1, 1, 0, 0, 0, 1, 1, 1, 0, 1, 0, 0, 0, 0, 0, 0, 0, 1, 0, 1, 1, 1, 0, 1, 1, 1, 0, 0, 1, 0, 0, 0, 1, 0, 0, 1, 0, 1, 0, 0, 1, 1, 0, 0, 1, 0, 1, 1, 1, 0, 0, 1, 0, 0, 0, 1, 0, 0, 1, 1, 0, 1, 1, 1, 0, 0, 1, 1, 0, 0, 0, 1, 0, 1, 1, 1, 0, 1, 1, 0, 1, 1, 1, 0, 0, 1, 0, 1, 1, 1, 0, 0, 1, 0, 0, 0, 1, 0, 1, 1, 1, 0, 1, 0, 0, 1, 1, 0, 1, 0, 0, 1, 1, 0, 0, 0, 0, 0, 1, 0, 1, 1, 1, 0, 0, 1, 0, 1, 1, 1, 1, 1, 1, 0, 0, 1, 0, 1, 1, 0, 1, 0, 0, 0, 1, 0, 1, 0, 0, 0, 1, 1, 0, 0, 0, 0, 1, 0, 1, 0, 1, 1, 0, 0, 1, 0, 0, 1, 1, 0, 0, 0, 0, 1, 0, 0, 1, 1, 1, 0, 0, 1, 1, 0, 0, 0, 0, 1, 1, 0, 0, 0, 0, 0, 1, 1, 1, 1, 1, 0, 0, 1, 0, 1, 0, 0, 0, 1, 0, 0, 1, 1, 0, 0, 1, 1, 0, 1, 0, 0, 0, 1, 1, 0, 1, 1, 0, 0, 0, 0, 1, 0, 1, 1, 0, 0, 1, 1, 1, 0, 0, 1, 0, 1, 0, 1, 0, 0, 1, 0, 1, 0, 1, 0, 0, 0, 1, 1, 1, 1, 0, 1, 0, 0, 1, 1, 1, 1, 0, 1, 0, 0, 0, 0, 0, 1, 1, 0, 0, 0, 1, 1, 1, 1, 1, 1, 0, 0, 1, 1, 1, 0, 1, 1, 0, 1, 0, 1, 0, 1, 0, 1, 0, 0, 0, 1, 1, 1, 1, 0, 1, 0, 0, 0, 1, 0, 1, 1, 1, 1, 1, 0, 0, 0, 0, 0, 0, 0, 1, 1, 1, 1, 1, 0, 1, 1, 0, 0, 0, 1, 1, 1, 1, 0, 1, 1, 1, 0, 1, 1, 1, 0, 1, 1, 0, 1, 0, 0, 0, 1, 0, 0, 0, 0, 0, 1, 0, 0, 0, 0, 1, 1, 1, 1, 1, 1, 1, 1, 1, 0, 0, 1, 1, 0, 0, 0, 0, 1, 1, 0, 0, 1, 0, 1, 1, 0, 0, 1, 1, 1, 1, 0, 1, 0, 0, 0, 1, 0, 0, 0, 0, 1, 0, 0, 0, 1, 1, 1, 1, 0, 0, 1, 0, 1, 1, 0, 0, 1, 1, 1, 0, 1, 0, 1, 1, 0, 0, 1, 0, 1, 0, 0, 0, 1, 0, 1, 1, 1, 1, 0, 0, 1, 0, 1, 0, 1, 1, 1, 1, 1, 0, 1, 0, 0, 0, 0, 0, 1, 0, 0, 1, 1, 0, 0, 0, 0, 1, 0, 1, 0, 1, 0, 1, 1, 0, 1, 0, 1, 1, 1, 1, 1, 0, 1, 0, 0, 0, 0, 0, 0, 0, 0, 0, 1, 1, 1, 0, 0, 0, 1, 0, 1, 1, 0, 0, 0, 0, 0, 0, 0, 0, 0, 0, 1, 0, 0, 0, 0, 0, 1, 1, 1, 0, 0, 0, 1, 0, 1, 1, 0, 0, 1, 0, 0, 1, 0, 0, 0, 1, 0, 1, 1, 1, 1, 0, 0, 1, 0, 0, 0, 0, 1, 1, 1, 1, 0, 0, 1, 1, 1, 1, 0, 1, 0, 0, 1, 0, 1, 0, 0, 0, 0, 0, 1, 1, 0, 1, 1, 1, 0, 1, 1, 0, 1, 1, 1, 1, 1, 0, 0, 1, 0, 0, 1, 0, 1, 1, 0, 1, 0, 1, 0, 1, 0, 1, 0, 1, 0, 1, 0, 1, 0, 1, 1, 0, 1, 0, 1, 0, 0, 0, 0, 1, 1, 0, 1, 0, 1, 1, 1, 1, 1, 0, 0, 0, 0, 0, 1, 1, 0, 0, 1, 0, 1, 1, 1, 1, 0, 1, 0, 0, 1, 1, 1, 1, 1, 1, 0, 0, 1, 0, 0, 1, 0, 1, 0, 0, 1, 1, 0, 1, 1, 0, 1, 0, 0, 1, 0, 1, 0, 1, 1, 1, 1, 0, 0, 0, 1, 0, 0, 1, 1, 0, 0, 1, 1, 1, 0, 0, 0, 1, 0, 0, 0, 1, 1, 1, 0, 1, 1, 1, 1, 1, 0, 0, 0, 0, 1, 1, 0, 0, 1, 0, 0, 0, 0, 0, 1, 0, 0, 0, 1, 0, 0, 0, 1, 1, 0, 0, 0, 0, 1, 1, 0, 1, 0, 0, 0, 0, 0, 1, 0, 1, 1, 1, 1, 1, 0, 1, 1, 1]