#/home/brian/Documents/summer17/Python/VEC/scripts/make_SBM_graphs.py
# GMT Thu Jul 27 21:51:51 2017
# 
0 201 420 199
1 113 140
2 339 236
3 300 130 284 221 13
4 48 193
5 379 228 495
6 73 331 103
7 225 198
8 16 349
9 317 444 229 383
10 129 60
11 256 455 135 336 21 310
12 297 338 310
13 305 38
14 397
15 72
16 68 229 208 409 349 325
17 336 295 214 63
18 331 362 231 327
19 227 372 37 383
20
21 343 230 350 423
22 124 226 115 484 213
23 113 454
24 134 431
25 393 498
26 96 130 39
27 121 38 337
28 41
29 88 456 250 494
30 202 343
31 261
32 122 180
33 496 133 278
34 210
35 172 373 423
36 172 271
37 205 309 143
38 224 57 418
39 176 223
40 377 114 373
41 465
42 224 385 164 56 287
43 276 493
44 468 181 463
45 272 499 221 325
46
47 104 93 391
48
49 328 191
50 448 433 210 389
51 217 165
52 345 427 133
53 91 267 396 373
54 474
55 227 62
56 489 474
57 284 156 165 385
58 160 356 292 232 494
59 342
60
61 104 187 367
62 465 358 185
63 464 122 390
64
65 281 309
66 312 402 463
67
68 180 117 407
69 109 239
70 413 253
71 361 251
72 223 101
73 356 263 366 111 336 214
74
75 400 203 381 175
76 267
77 376 363 476 253
78 350
79 249 379
80 230 318 149 358
81
82 418 414
83 244 476 101 382
84 483 260 397 117 153 411
85 204
86 150 399
87 148
88 319
89 141 269
90 174 111
91 297
92 246
93 169 158 157 206
94 320 360
95 329 98
96 289 357 134 434 118
97 395
98 472 435
99 218 140 310 334 445
100 449 405 494
101 124 404 207
102 152 347
103 313 140 486
104 336 242 371 406 314
105 136 474 126 191
106 204
107 426
108 133 447
109 321
110
111 294 367 144 406
112 440 481 487 279
113 184
114 481 410 254
115 226 173
116 482 373 469
117
118 315 235 332 495 308 344 271
119 371 437
120 457 415
121 320 289 219 239
122
123
124
125
126 154 170
127 290 381 302 279
128 441 425
129
130 162
131
132
133
134 431 223
135 163
136 427 310
137 224 379
138 274 203 244 378 402
139 256 330 287
140 318 190
141 274
142
143 240 254
144 459 438
145 482
146 202 477 430
147 212
148 259 311 443
149 393 275 348
150 305 226 476 493
151 404
152 169 259 446
153
154 343 495 311
155 340 166
156 302 417
157 200
158 464 432 243
159
160 335 239
161 495
162 256 434
163 369 483 197
164 248 251 195
165
166 473 290 269
167 313 348
168 458 286
169 369 248
170 478
171 316 406
172 453 286
173 363
174
175 343 426 268 471
176
177 352 265
178 373 445
179 259
180 419 328 329 188
181 185 274 359
182
183 297 482 476
184 298 397
185 233 313
186 273 268
187 199
188
189
190 489 433 406 409 380
191 419 454 211 404 441 349
192
193
194 206 422
195 459
196 299 461
197 291 468
198 467 303
199 323 333
200 314 468
201 233 441
202 318 239
203 328 288
204 322
205
206 392 492 213
207 398 429
208 469
209 234 419
210 315 386
211 371 254 398
212 282 304 266 346
213 241
214
215 426 284
216 318 299 453 342 277
217
218 258 453 395 248 317
219 317
220
221 435 244 317
222 491
223 303
224
225 389 334
226
227 355 483
228 355
229 239 288
230 435
231 297 446
232 453 335
233 341 382
234 363 271
235 293 366 351
236 380 245 295
237 424 291
238 453
239 336 279
240 457 430
241
242 377 427
243
244 346 383
245 264 427 396 313 345 347
246 248
247 333 414
248 420
249 424 397
250
251 436 351 358
252 482 463
253 417 493
254 483
255 267
256 418
257
258
259 462
260 409 314 420
261 482
262
263 436
264
265
266 316 454 478 399
267 368 356
268 397
269 424 319
270 330 412
271
272 457 401
273
274 418
275 461
276
277 456 368
278 423
279 378 379
280 330
281 360
282 357 471
283 459 295
284 309 440 437
285
286 450 452 485 464
287 395
288
289
290
291 343
292
293 440
294 323 333 366
295
296 474
297 432
298 439
299 320 379
300
301
302 316 462
303 328
304 385 471
305
306
307 415
308 382 486
309 372
310
311
312 364
313
314
315 494
316
317 344
318
319
320 461
321
322
323 479 403
324 343
325
326
327 427
328 431
329 435
330
331
332
333
334 448 436
335 472 481
336 485 345
337 478
338 412
339
340
341
342 432 423
343 438
344
345
346 365
347
348 438
349 400 489
350
351 366
352
353
354
355 497 466
356
357
358 473
359
360 415
361 445
362 427
363
364 481
365
366 373
367
368
369 370
370 410 442
371 473
372 434 374
373
374 408 378
375 458 380
376 387
377 456
378 480
379 484
380
381 466 492
382 480
383 426 465
384 393
385 487 457 406
386 489
387 426
388 409 438
389
390
391
392
393
394 477
395 469
396
397
398
399 497
400
401
402
403
404
405 452
406
407
408
409
410 415
411
412
413
414
415
416
417 480
418
419 465
420
421
422 426 486
423
424
425 438
426 466 470
427
428
429 462
430
431 434
432
433
434
435
436
437
438
439 443 498
440
441
442
443 452
444
445 453
446
447 487
448 450
449
450
451
452
453
454
455
456
457
458
459
460
461
462
463
464
465
466
467
468
469
470
471
472
473
474
475
476
477
478
479
480
481
482
483
484 492
485
486
487
488
489
490
491
492
493 496
494
495
496
497
498
499
[1, 0, 1, 0, 1, 0, 1, 1, 0, 0, 1, 1, 1, 0, 0, 0, 0, 1, 1, 0, 0, 1, 0, 0, 0, 0, 0, 0, 0, 1, 1, 1, 1, 0, 1, 1, 1, 0, 0, 0, 1, 0, 1, 0, 1, 0, 1, 1, 1, 0, 1, 0, 1, 1, 1, 0, 1, 0, 1, 0, 1, 1, 0, 1, 1, 0, 0, 0, 0, 1, 0, 1, 0, 1, 1, 0, 1, 0, 1, 0, 1, 1, 0, 0, 0, 1, 0, 0, 0, 0, 1, 1, 1, 1, 0, 1, 0, 1, 0, 1, 1, 0, 1, 1, 1, 1, 1, 0, 0, 1, 1, 1, 0, 0, 0, 0, 1, 0, 0, 0, 0, 0, 1, 1, 0, 0, 0, 0, 1, 0, 0, 1, 0, 0, 0, 1, 1, 0, 0, 1, 1, 0, 1, 0, 1, 1, 1, 0, 0, 1, 0, 0, 1, 0, 0, 0, 0, 1, 1, 1, 1, 0, 1, 1, 1, 0, 0, 1, 1, 1, 0, 1, 1, 0, 1, 0, 0, 0, 1, 0, 0, 1, 1, 1, 0, 0, 1, 1, 0, 0, 1, 0, 0, 1, 0, 1, 0, 1, 1, 1, 1, 1, 1, 0, 1, 0, 0, 0, 0, 0, 1, 0, 0, 0, 1, 0, 1, 0, 1, 0, 1, 0, 0, 0, 0, 1, 0, 0, 0, 0, 1, 1, 1, 0, 0, 1, 1, 0, 0, 1, 0, 0, 1, 1, 0, 1, 1, 0, 1, 0, 0, 1, 1, 0, 0, 1, 1, 1, 0, 0, 1, 1, 1, 1, 1, 0, 0, 1, 1, 0, 1, 0, 0, 0, 0, 1, 0, 1, 0, 0, 1, 0, 0, 1, 0, 1, 1, 1, 0, 0, 0, 1, 0, 1, 1, 1, 1, 1, 0, 0, 1, 0, 0, 0, 0, 0, 0, 0, 0, 0, 1, 0, 0, 1, 1, 1, 0, 0, 1, 0, 0, 1, 1, 1, 1, 0, 1, 1, 0, 0, 1, 1, 0, 1, 1, 1, 1, 0, 1, 1, 0, 0, 1, 1, 0, 1, 0, 1, 1, 0, 1, 1, 0, 1, 1, 0, 1, 0, 1, 1, 0, 1, 1, 0, 0, 0, 1, 1, 1, 1, 0, 0, 0, 1, 0, 1, 0, 1, 0, 0, 1, 0, 0, 0, 1, 0, 1, 0, 1, 1, 1, 1, 0, 1, 1, 1, 1, 0, 0, 0, 0, 0, 0, 1, 0, 1, 1, 0, 0, 1, 0, 0, 1, 0, 0, 0, 1, 0, 0, 0, 1, 1, 0, 1, 0, 1, 0, 1, 1, 0, 0, 0, 1, 1, 0, 0, 1, 0, 1, 0, 0, 1, 0, 0, 0, 1, 1, 0, 1, 1, 1, 1, 1, 1, 0, 1, 1, 0, 1, 1, 0, 0, 0, 1, 1, 0, 0, 1, 1, 1, 0, 0, 0, 0, 1, 1, 0, 1, 0, 1, 0, 0, 1, 0, 0, 1, 0, 0, 0, 1, 0, 0, 0, 0, 1, 0, 0, 0, 0, 0]