#/home/brian/Documents/summer17/Python/VEC/scripts/make_SBM_graphs.py
# GMT Thu Jul 27 21:51:54 2017
# 
0 90 11
1 92 164 388 453 279
2 363 69
3 320 393 493 247
4 425 442 429 247
5 321 140 358 182 166
6 104 25 450 387 261
7 456 130 166 359
8 193 394 43 496 90 42
9 443 444 45 238 103
10 13 143
11 184 219
12 473 282 111 103
13 249 299
14
15 369 211 28 126
16 173 98 292 221 487
17 472 28 165 199
18 474 319
19
20 188 132 477
21 418 348 317 333
22
23
24 354 259 141
25 339
26 114 132 125 247
27 448 65 261 257 397 197
28 389 487 205 404
29 360 374
30 309 70
31 383 453 183
32 391 263
33 65 421 263 492 497 252 415
34 345
35 492 370 156 237
36 52 46 246 190
37
38 88 177 467 300 311
39 271
40 294 214 183
41 448 234 471
42 148 84 277
43 490
44 137 489 131 335
45 305 463
46 416 136 315 278
47 145 285 438
48 368 52 358
49 216 225 452
50 300 84 390
51 161 292 390 208 369 210 148 56
52 474 350 86
53 290 387 197 268 340 376 93
54 67 428 253
55 275 438
56 209 295
57 103 429 367
58 281 258 294
59 173 142
60 351
61 304
62 227 285
63
64 171 105 202 363 495 213
65 154
66 344 257
67 179
68 401 281
69 119 372 199 167
70
71 380 202 427 420 437
72 163 367
73 209 218 451
74 474 436
75 113 418 167
76 491
77 232 432 285
78 356 462 79 80 116 149 159
79 163
80 184 177 343
81 298 132
82
83 89 414
84 417 135
85 180 117 406 493
86 384 143
87 108 133 206
88 318
89
90 262 199 429 111 282 382
91 113
92 152
93 454 310 254 479
94 130
95 177
96 400 266
97 363
98 141
99 177 370 235 460
100 467 147 189
101 129 390
102 403 428
103 194 459
104 461
105 107 283 495
106 121 242 483
107 368 187 125 214
108 425
109 224 298
110 208 251 396 135
111 331 203 229
112 134 359 333 435 190 191
113
114 388 287
115 378 431
116 235 188 163
117 193 197 423 180 344
118 144 288 364
119 269
120 200 318 359
121 301 469
122 280 427 406
123 236
124 452 235 132 187 365
125 140 462 276 309
126 347 203
127 264 438 447
128 488 174
129 351 475 366 167
130 322 349 293
131 288 490 301 437
132 290 260 167 269
133 356 167 142 270 223
134 448 135 303
135
136 164 235 332
137 321 178 329
138 154 283 324 146
139 240 266 157
140
141 380
142 430
143 497
144 480 292 426 212 473 382
145 410 282
146 401 203 391
147 320 188 302 495
148 292 293 405 409
149 334
150 219
151 314
152 161 219 206
153 397
154 486 328 489 498
155
156 406
157
158 443 468
159
160
161 431 350 499
162 211
163 401
164 195 416
165
166 319 436 302
167 223
168 224 314
169 247
170 277 221
171 315 428
172 460 261 279
173 411 389
174 224 482 365 295
175 349
176 482 380 422 382 439
177 449
178 300 366 446 385
179 225 235
180 193 425
181
182 480 429
183 361
184 289 210 345 223
185 330 219 325 230
186 307 428
187 216 435 245
188 370 270
189 368 193
190 473 194 495
191
192 283 284
193
194 410 318
195 380
196 352 448
197 392 423
198
199 329 313
200 329 295
201 389
202 280 340
203
204 281 466 444 302
205 226 363
206 384 484 414
207 237
208 413
209 213
210 407
211 353 267 279 253
212
213 255
214
215 346 428
216 460
217
218 330 275 222
219 306 284
220 419
221 454 463
222 449 315 332
223 472 249 421
224 460 303
225 256 440 425
226 443 483 485
227
228
229 280 489
230 273 399
231 405 446 406 423
232
233 335
234 315 244
235 316 303 440
236
237 460 413
238 481
239 417 430
240 498 404 251
241 377
242 312 478
243 250
244 269 333
245
246 466
247 336 497
248 426
249 352 346 492
250 440 370 348 335
251
252 280 333
253 257
254 368 294 439
255 329 435 438
256
257 360
258 411 485 295 319 447
259 417
260 442
261
262
263 459
264 301
265
266 436 403 350
267
268 479
269
270
271 320 466 317
272
273
274 320 434
275 316 309
276 325
277 356 340
278 400 488
279 484 393 372 406
280 497
281 310
282 420 301 374
283 390
284 467
285 475 341
286 361 474 364 378 366
287
288 347 342
289 368 452
290
291 297 295 399
292 326 358
293 329
294 354
295 311
296
297 470
298 470
299 392
300 370
301 369
302
303 401
304
305 403 383
306 410 419
307 480 428 405
308 317 437
309 455
310 352 461
311 475
312 474
313 325
314
315 451 463 336
316 348 452
317
318 389
319 435
320
321 390
322 403 482
323
324
325
326 457
327
328 372 330
329 459
330 493
331 341
332 356 427 494 351
333 408
334 412 423
335 480 357 433
336
337 473 349
338
339 402 364
340 419 423
341 374
342 418
343
344
345 488 414
346
347
348
349 394 496 478
350 496 489
351 365
352 451
353 355
354
355
356
357 465
358 380
359 400 480
360
361
362 395
363
364 380
365 485
366 477 431
367 485
368
369
370 490
371
372
373 429
374 481 487
375 476
376 450
377 457
378
379 400 444 445 495
380
381 456 410 443
382
383 464
384 463 438
385 441
386 393
387 451
388 461 486
389 485
390 474
391
392
393
394
395 398
396 432 490
397
398
399
400 482 467
401 462
402 428
403
404
405 468 470
406
407 457 452
408
409
410 433
411
412 427
413 442
414 450
415 446
416
417
418 433
419 497
420 447
421
422 466
423 448 438
424 440
425 452
426 440 471
427 497
428
429 445
430 438
431
432
433
434
435
436
437
438 477
439
440 492
441
442
443
444
445
446 464
447
448
449 472
450 452
451
452
453
454
455
456
457
458
459 477
460 465
461 495
462
463
464
465 481
466
467
468
469
470
471
472
473
474
475
476 488
477
478
479
480
481
482
483
484
485
486
487
488 495
489
490 498
491
492
493
494
495
496
497
498
499
[0, 0, 0, 0, 0, 1, 0, 1, 1, 1, 0, 0, 1, 0, 0, 1, 1, 0, 1, 1, 0, 0, 0, 1, 1, 0, 0, 0, 1, 1, 0, 0, 0, 0, 0, 0, 1, 0, 1, 0, 0, 0, 1, 1, 1, 1, 1, 1, 1, 0, 1, 1, 1, 0, 0, 1, 1, 1, 1, 1, 1, 1, 1, 0, 0, 0, 0, 0, 0, 0, 0, 1, 1, 0, 1, 0, 1, 1, 0, 0, 0, 0, 1, 1, 1, 0, 1, 0, 1, 1, 1, 1, 0, 0, 1, 0, 1, 0, 1, 0, 0, 1, 1, 1, 0, 0, 1, 0, 0, 0, 1, 1, 1, 1, 0, 1, 0, 0, 1, 0, 1, 1, 0, 1, 0, 0, 1, 1, 1, 1, 1, 1, 0, 0, 1, 1, 1, 1, 0, 1, 1, 1, 1, 0, 1, 1, 0, 0, 1, 0, 0, 1, 0, 0, 0, 1, 0, 1, 1, 0, 1, 1, 0, 0, 1, 0, 1, 0, 0, 0, 0, 0, 0, 1, 1, 1, 1, 0, 1, 0, 0, 0, 1, 0, 0, 0, 1, 0, 0, 0, 1, 1, 0, 0, 1, 1, 0, 0, 0, 0, 1, 1, 0, 1, 1, 1, 0, 0, 1, 1, 0, 0, 1, 1, 0, 0, 0, 1, 0, 0, 0, 1, 0, 0, 0, 0, 1, 1, 1, 1, 0, 0, 1, 1, 0, 0, 1, 0, 1, 1, 1, 0, 1, 0, 0, 0, 1, 0, 0, 0, 0, 1, 0, 0, 0, 1, 0, 0, 1, 1, 0, 0, 1, 0, 1, 1, 1, 0, 0, 0, 0, 0, 1, 0, 0, 0, 0, 0, 1, 0, 0, 1, 1, 0, 0, 1, 1, 0, 1, 0, 0, 1, 1, 1, 1, 1, 1, 1, 0, 0, 1, 1, 1, 0, 1, 0, 0, 1, 1, 0, 0, 1, 1, 0, 1, 0, 0, 0, 1, 1, 0, 1, 1, 1, 0, 0, 0, 1, 0, 1, 0, 1, 0, 0, 0, 1, 0, 1, 0, 0, 0, 1, 1, 0, 0, 0, 0, 1, 0, 1, 1, 1, 0, 0, 1, 0, 0, 1, 1, 1, 0, 1, 0, 0, 1, 1, 1, 1, 0, 1, 0, 0, 0, 1, 1, 1, 0, 0, 1, 1, 1, 1, 1, 0, 1, 1, 0, 0, 0, 1, 1, 0, 0, 0, 1, 1, 1, 0, 1, 0, 1, 0, 0, 1, 1, 1, 0, 0, 1, 1, 1, 1, 0, 0, 0, 0, 1, 1, 1, 0, 1, 0, 1, 0, 1, 0, 0, 0, 0, 1, 1, 1, 1, 1, 0, 1, 1, 1, 1, 1, 0, 1, 0, 1, 1, 1, 0, 1, 0, 0, 0, 0, 0, 0, 0, 0, 1, 0, 0, 1, 0, 0, 0, 1, 0, 1, 1, 0, 1, 1, 1, 0, 0, 1, 1, 1, 1, 1, 1, 0, 1, 1, 1, 1, 0, 1, 0, 1, 1, 1, 1, 1, 0, 0, 0, 0, 1, 0, 0, 1]