#/home/brian/Documents/summer17/Python/VEC/scripts/make_SBM_graphs.py
# GMT Thu Jul 27 21:51:52 2017
# 
0 472 4451 4316
1
2 2776 1401 1994
3 290 3756 4298
4 3747 4180 1181 4166
5 2099 2531 4588
6 3201 353 3447 470 1367
7 1298 107 2636 1375
8 2898
9 3889 4421 790 789
10 2841 2917 1589
11 1617 1335 1311 3516 4989 2751
12 1480 2906 1693 3327
13 2353 755 4950
14 993 1244 4593
15
16 2329 2338
17 3586
18 200 3969 3587 2365 1265
19 2135 1415
20 2698 4588
21 3232 500 3876
22 1379 1813
23 66 870 830 1022 2941
24 1035
25 2079
26 4704 458 847
27 4857
28 747 4060
29 1305 2547
30 459
31 1208 521 2698 3197
32
33 4419 171 3810 2493
34 1785 3540
35 1200 4189 4854 1727
36 3014 1678
37 3584 4504 340
38 1825 4842 399
39 1178 438
40 1561
41 4328
42 1960 827 1692
43 150 590 4103
44 72 3646
45 2356
46 2852 2581
47 3402 4746 3980 2341
48 2017 4582 4838 1771 4780 1073 1781
49
50 1463
51
52 2336
53 3817 3859 3500
54 2148 4489 1105 2483 2204 3455
55 4694
56 3736 3353 1762 1156
57 1954
58 576 2756 151
59 3600 1298 4207
60 1859 4837 4728 3034 2843 3071
61 960 123 4555 3551
62 2293 2311
63 2176 1622 3007
64 3696 4218 2893
65 4139 4891 3262 2863
66 4161 1078
67 2584 310
68 844
69 4625 4655
70 2552 3961 541
71 4154 3813
72 3609 178 205
73 1364 2749 3966
74 240 3995 1317
75 260
76 1964 870
77 4465 4514 402
78 441 3093 3214 1847
79 4377 1266 1202 1087
80 4356 2236 4969
81 1272 3265 1664 148
82 1561 1266 3643 1172 4850
83 3354 2437
84 2663 1997 1618 1623 1243 511
85 265
86 1463
87 2960 1010 2020
88 2890 1396 4135
89 128 1628 164 2599
90 3496 1112 146 1171 2388
91 1331 2771 1557 2710
92 1232 316 2765
93 1738 4804 602
94 3838
95 2859 1539 4527
96 1240 1385 415
97 2650 3567
98 2401 706 1532 383
99
100 881 2837 4510 1437
101 2323 3148 4045
102 4224 640 4367 3155 4920 2940
103 4352 809 3858 1405 1229
104 2315
105 3867 4731
106 3880 3985 3636 838
107 4376 988 3610 2884
108 4720 473 4244
109 4201 684 3350 4577
110 2955 4373
111 2457 3971 3227
112 3401 2951 1740 854 3305
113 4910
114 1144 923 3084
115 3958
116 946 2876 870
117 1924 3333 1470 3159
118 721 3459 3028
119 4726
120 704 793 2165 2694
121 2372 1996 4125
122 3258
123
124 3977 2868
125 4389 742
126 1283 4920 4667 2509
127
128 3172 3141 2822 1163 2129 856 2879
129 1713 2851 3857
130 4779 3886 326 4711
131 3491 4261
132 2458 1807 510 4287
133 3084
134 4226
135 843 493 999
136 842 1866
137 2311 3611 1788 3469 1763
138 4249
139 1960 2839 1099 2452 3335
140 1970 1358
141 2105 275 710
142 4144 3137 2453
143 4037 3558
144 920
145 4752 3844
146 4526
147 434 4812 4365
148 3234 485 4780 3157 574
149
150 3336 3273 1421 1263 1269 4589
151 4517
152 1072 4281 4235 4160
153 4568 2426 892 3597
154
155 4766
156 4466
157 2172 1669 943
158 4496 1930 4014
159 2505 1724
160 3881 3438 246 2967
161 3164 3115 1508
162 4786 4467
163 1914
164 3486
165 651 2245 4725
166
167 529 4762 1054 4854
168 2466 3931 613
169 4328 3554 3870
170
171 3034
172 707 4502
173 3977 2101 1225
174 737 4260 726
175 1202 3364 4181 2935
176 4321 4841 957 4370 4148 566 3351 669
177 2705 679
178 3446
179 1406
180 4781 3302
181 1308 922 2435 220 454
182 4830
183 407
184 2745 4196
185
186 2490 1563 1101 4494 2989
187
188 1354 715 1642
189 705 4596 983
190 3008 674 2213
191 4327
192 193 4753
193 4241 4514
194 2079
195 4441 3998 3750 4213
196 1296 547 911
197 1205
198 3883 3395 2723 3933
199 4886
200 3888
201 2742
202 3059 4798 4863
203 3630
204 4363 2331
205 2969 2938
206 2682 610 3670
207 4089 730 3387 4154 3809
208 3681 1490 4619 4212 4854
209 2820 3981 4423
210 4907 1691 2405 2589
211 2768 3361 1636
212 3896 2529 2077 3798 3151
213 1321 605 1905
214 1016 2857
215 2785 2051 1164
216 2240 2192 970 4163
217 3890 4735 286 711
218 1893 2822
219 3840 2601 1819
220 3419 4547 3063
221 3690 1420 2062 695
222 2082 1871
223
224 4576 2409 2165
225 4690 4651
226 4344 4201 364
227
228 2025 499 4676 358
229 2298 2263
230
231 1821
232 4736 3249 2106 4694
233 4880 4705 467 3817
234 1766
235 3634 1181
236 2584 3616 651
237 4386 2195 4599
238 1202 1919
239 4681 421 3534 735
240 3349 4205
241 3528 1760 2636
242 2907 2923 1238
243 3400 3872
244 1568 380
245 4385 4974
246 1297 1930 4627 2410
247 4098 2151 2367
248 4891 274 431 2076 1871
249 4482
250 720 2146 356
251 4746 3843 4525 662
252 2361 4847
253 4000 1497 2379 4997 1615
254 736 3618 4549 2117
255 4847 1951 2359
256 3097
257 635 1939
258 617 1710 3749 1078 4897
259 2576 4947 500
260 3946 1836 3189
261 1964 2055
262 3443 3237 1755 4831
263 3473 1517 862
264 576 3112 3696 2326 4441 1662
265 982
266 1056 3144 413 4341
267 2946 350
268 4778 3981 943
269 1107 579 2196 650
270 2859 2479
271 1167
272 1000 4112 3874 1421
273 2121 1350 3334
274 1312 3761 2335
275 4527 1553 4884 542 1534
276 1228 2352 4632 3698 3607 2968
277 3624 1904 3976 927
278 2097 437 358 4689
279 1065 2553 4007 4145 2575
280 2625
281 3331 669
282 4433 2790
283 4001
284 4001 3012 2699 1837 1718 4382
285 2245
286 4586 4382 4023
287 4626 2413 2294
288 2700
289 4224
290 928 2753 881
291 612 4587 4260 857
292
293 1162 1172 2247
294 2618
295 2820 326
296 3698 2124 2975
297 1368 3417
298 2414 4551
299 779 1971
300 4466 966
301 3192 3393 4971 1593
302 4307 1789
303 734 4837 1670
304 3184 1073 2354 3468 3706
305 2408
306 2464 1510
307 4040 3829 924 2981 4743
308 1363 2347 2445 3950 4365
309 1443 4550
310 4504
311 3634 4653 3446
312 3448
313 4724 4269 326
314 1811 1052
315
316 3618 1349 1823
317 1639 1527 4718 2159
318
319 1048 609 4360 3345
320 433 3378 580
321 3259 1150
322
323 4456
324 4411 435
325
326 1315 4703
327 2955 388 4383
328 3803 1271
329 3748 932 4213
330 4275
331 3937
332
333 426 2435 3044 2774
334
335 1919 3591 3453 3599
336 1016 3009 4095
337 2147 2861
338 1709 4215
339 472 2825 3552 3358
340 796 4786 3540
341 4880 1531 4420 4453
342 1161
343 3408 392
344 972 3791
345 1659 2782
346 3881 4083
347 1988
348 2693 616 3854 2613 4410 3551 3685
349 2777 1950
350
351 1954 4587 1882 2661 4806
352 2590 566
353 4702 1285
354 562 4939
355 2072 3577 4596
356 981 3502 3054 2799
357 2727 653 1008 433 1821 3935
358 4000 3108 724 566
359 4144 1153 2460 4269
360 2977 3538 4436
361 2024
362 2298 438
363 1832 1081 458
364 413
365 2950 4639
366 948
367 1760 1418
368 1046 1190
369 792 408 2198 4039
370 3675 3351
371 3890 635
372 1211 2460 1751
373 1952 4019 2405
374 2465 1462
375
376 4304 2615 4699 4893 4095
377
378 1720 3084 4540 3671
379 3978 1493
380 3066 1422
381 624
382 4990 4886 837
383 985 4746 1950
384 1661 1581
385 3804
386 3176 2345 4908 3052 4494 4749 4819
387 1129 622 2999
388 2203
389 960 3180
390 3436 1042 782 3026 4787 3743
391 1219 4350
392 3107 4173
393 1876 1642 964 1661 1071
394 712 4817 4010 2955 613
395 2528 977 4506 820 630
396 2980
397 3903
398 904 1969 2640 4470 799
399 3287
400 2804 3178 3412 3389 3081
401 2011
402 1272 4365
403 2117 423 2218 877 406 4408 4319
404
405 1651 3975
406 2341
407 1216 3417
408 4936 507 3052
409 4201 1046
410 4496
411 1403 2963
412
413 4399 782 4207
414 800 1809 1314
415 4738 4172 2102 1528 2073 1402
416 4824 4230
417 4141
418 1623 4061 821
419 4610
420 4233
421 3562 4583 4558
422 4416 2674 3623 3295 4327
423 3946
424 976 2100 644
425 2169 716
426 2139 2549 1861
427 530 3763 1484 1559
428 4682 1035
429 1375 2639
430 903
431 1763 3430 3761 1786 4093
432 3305 1042 2406
433 4206 3257 2267 2655
434 1664 4406
435 1853 4614
436 1721 4181
437 3786 3830 4055
438 4245 2358 3062
439 1682 4099 2463
440 732 951
441 3431 1194 782 2872 3484
442 4741 2888 585 4655 4851 4251
443 946
444 2243 4132 646 4462 3951 3772
445 3907
446 4843 2014
447 4601 1034 2063
448 2593 2347 2881 3807
449 2736 2982 4342
450 641 3522 3557 4774 4296 568 1593
451 2064 1706 1991
452 1256 1048 4095
453 2960 3859 2909
454 4001 1254 4167
455 3617 4126 1198
456 1875 2500 4581 3799
457 4224 1853 4110
458 3852 1634 4879
459 681 2387 3051 757
460 4336 3956
461 4201 3131 1582
462 1428 860 741 3455
463
464 672 3549 4359
465 2957 2446 4399
466 2132 1452 1789 2343
467 3605
468
469 2992 1686 3319
470 592 3478 1803 1798
471 812 3909 2589
472 4808 3764 3319
473 2452 2674 4158
474 3403 1854 1406 951
475 2705 1298 3411 1364 2041 3900
476 4617 2215
477 2482 3565
478 541
479 2609 555 3191
480 3531 4798
481 4834 4069 2413 3279
482 1803
483 2082
484 2630 671
485 2489 4708
486 544 2553 3966 4630 2447
487
488
489 608 3201 679
490 1058 1823
491 3093
492 4283 1156
493 3245 1682 1054 1526
494 3986 2180
495 1960
496 1552 3521 1739 2389
497 4739 2525
498 1455
499 2411 1179 1102
500 4609 4106 4270
501 3954 4987 3613
502
503 1913 863
504 3560 3204 4863
505 3768 4057 3675
506 3393 4833 4373 1294 1497
507 2777 3838
508 1125 798
509 2076
510 2859 1132 3833 2983
511 2658 1225 4590 2138 3003
512 3903
513 1146 4903 1164 3575
514 1935 1310 4678 815
515 4128 986 4486 694
516
517 4134
518 1656 2220
519 3610 2307 4167 1703
520 864 2017 2210 4420 794
521 2228 3940
522 4272 3572 725 4087 3068 2367
523 3166
524 1458 1107 4997
525
526 1825 1500 1029 4062 1005
527 1249 3863 1582 2535
528 3267
529 2320 2781 2333 2109
530
531 1284 4202 4156 3070 2375
532 2567 1485 590 4049 597 2940
533 2720 2483 1846
534 1354 4237
535
536 3864 682 1742
537 4618 1515 3696 1173 4632 2589
538 1668 4470
539 843 1740 4887
540 2164 2350 3583
541 4099 3247 4212 2799 861 4223
542 1186 3868 1259 2668 4633 1884
543 969 4084 4393
544 1184 710 3382
545 569 2732 4847
546 1248 580 2026 1520 2070 1060
547 3496 4733
548 2735 3965 4805
549 1793 1523
550 1329 3954 2323 3271
551 4071
552 3477
553 3772
554 2426 1212
555 3931 1908
556 1414 2511
557 2144 1065 1014 1775
558 4394 4963
559 4764
560 4780 1254
561 2725 693
562 2781 1687
563 673
564 3899 1311
565
566 3992
567 3160 855 2463 4511
568 2444 4045 880 2865 694 4920
569 4536 867
570 3792
571
572 2872 4562 4787
573 2907 996 4463
574 1113 3859
575 1498 3890 1532 893
576 2353 2010
577 4145 2994
578 1121 1267 4271
579 773 1478 1511 2985 1808
580 4575 1970 3149
581 3228 4235 2797 1040 2419 1848 1788
582 4641 739 3078 2771 3341
583 4124 3589 4526 4719
584 1546 3359 2892 1967
585 4142
586 2464 3160 2208 1021
587 1203 629
588
589 2384 3016 683
590 4812
591 2273 1342
592 1539 1578 1419
593 4315 2919 4277 1702 1943
594 3528 1063 1198 4343
595 1534
596 4586 2454 1679
597 2163
598 920 1992 701 4023
599 4186 747
600 2449 3620 4854 1273
601 1807 2690 3783 1053 1722
602 3362 715 4026
603 4758
604 3145
605 3275 1476
606
607 2488 772
608 3762 3875
609 2421
610 4248 3745 4715 4333
611 3043 4918
612 4247
613 2747 3703 1434 4219 3370
614
615 1841
616 2396 2646
617 2537 3778 4838
618 794
619 1712 3950 4343
620 4738 4265 1973 1143 824 4348 3357 4575
621 1256 4171 2492 4190
622 839 4491 3217 1140 1658
623 3003
624 936 3843
625 985 1762
626 1586 2700 4959
627 3653 979 3797 663 3997 1727
628 4292 3019 3832 4856 2500 2426
629 3280
630 1052
631 3368 843 822
632 4919
633 809
634 1787 4205 4165 3429
635 4046 4851
636 1088 3593 3565 2886 847
637 2456
638 1078 2301 1558
639 1457
640 2087 1641 1613 2193 3187 4318
641 4120 2171
642 1827 4668 3238
643 3939
644 3050 2533
645 2008 1754
646 2960 2880 2763 4462
647 3372
648
649 3904
650 1017 1842 1076 4103
651 683 3414 4655
652 4963 1148
653 2767
654 4718
655 2731 3420 3606 1702
656
657 2480 4269 3318 3703
658 1872 3409 1353 1703
659 3755 4331
660 1282
661 3716 1734
662 2688 865 4501 3638
663 2702
664 2593 2412 4696 1756 4062 1951
665 4352 2503
666 2000 1770
667 1620
668 2250 4885
669 2629 2157
670 2056 907
671
672 1659 4227 2967
673 3234 3267 3111 813 3730 4062
674 1013 3287
675 2585
676 4384 2092 2399
677 2131 740 1749
678 2186 2698
679 4384
680 3345 4107
681 1512 978 1286
682 692
683 2980
684 726 4222 3095
685 1492
686 1316
687 1827 3658 4027 1935
688
689 2811 940
690 4664 3192 4661 4015
691 1674 1571
692 2236 4202
693 1226 4747 3713
694 3340 1247 2863
695 2937 2213
696 3760 2084 1636 2897
697 3242 3308
698 4216 3224 3068
699 4042
700 1978
701 4099
702
703 906 779 2995 4263
704
705 4921
706 2451 3395
707 2895
708 2499 2544 1937 4818 3512 4412
709 755 2526 4566
710 4833 3733
711 4431 3297 4796 1351
712 4519
713 993 1767 1935 4661 4728 2140
714 952 2189 4207
715
716 1345
717 1160 2305 2739
718 1424 4607
719 2760 3850 2930 2181 2654
720 1152 4643 2525 1149
721 765
722 2379 1355
723 1448 1203
724 2357
725 2185
726 1519
727 3146
728 3608 3138 2093
729 4469
730
731 3656 4729 1005 854 1656
732
733 2604 4340 2542
734 1858 3598
735 1545 3325
736 1097 1551
737
738 2443
739 4161 3909 919
740 4259 4775 1356 1618 3826 1567
741 2689 1699 2820
742 4973
743
744 3074 1795 4964 3627 3222 3132
745 2618 2757
746 4216 3882
747 4772 2022 1417 1913
748 3745 4579
749 2492 1087
750
751 2631 973 4397 2449 3507 4154
752 3531 4812 2142
753 3632 1257 3030
754 4915 4997 4291
755 2710
756 4050 1077
757 4350
758 4128 4170
759
760 4928 3523 1581
761 1773
762 2258
763 3751
764 2344
765 2696 2155 1965
766 3272
767 4900 4613 3502 2805 2456 2428
768 2464
769 3315
770 2688 3265 1403
771 4208 3425 3375
772
773 4611 2153 1965 4144 4818 4821 1306
774 1354 2957
775 4603
776 3515 2526
777 1842 2363 2172
778 4582
779 2104 1619
780 3691 1316
781
782 1312 4194 2502 880
783 4781
784 4185 1321 4751
785 2088 3604
786 3314
787 1250
788 3273 3873 1583
789 2336 1004 2145
790 2235 1006
791 2651 2332
792 1972
793
794 1563
795 1656 3164 3212 3278
796 4375 2123 3247
797 4482 2123 3599
798 2764 4253 1590
799 2606 3326 4559
800 3579
801 1417 4490
802 3906 3555 3432 879 3571 3511 1243
803 896 4392
804 3784 4593 4642 1900 4758
805 3738 4147 3674
806 4872 4804 4551
807 3571 4388
808 1235 2366 830 1462 4246
809 3283
810 1938 2211 1548 4766 3847
811 1520 1476
812 3643 2907 2891 4444
813 2751
814 2562 3842 1598
815 2472 3384 1700 3102
816 4472 1107
817
818 1855
819
820 1148 4294
821 1953
822 3337 1058
823 4030
824 4780 883 2645 1558
825 2072 4877
826 1900 2204
827 833 2362 1724
828 1901
829 2866 989 2415
830 965 2375 4593 885
831 2065 3267 2708 3237 3599
832 3497 1434 4823
833
834 3312 4026 4796
835 4169 3179 1005 2038 2027
836
837 920 2621
838 3346 1213
839 1891 2700 4109
840 4858 2381 1981
841 1890 2883 2967
842 2841 4323 1656
843 3491 4432 4861
844 3394 2179
845 3931
846 3600 1845 2582 3527
847 1863
848 1850
849 4636
850 4128 1289 906 2862
851 3395 1878
852 2457 2181 3581
853 3851 3647
854 2777 3169
855 2186 2306
856 1555
857 2649 1021 4447
858 4440 4649
859 4192 4041
860 2646 2757
861 3966 3922 2155 3982
862 1256
863 1229 4780 4629
864 3716 2796 4462 4049 3571
865 1157 1447
866 1169 1780
867 2552 3378 2997 4686
868 4867 3018 3291 1394
869
870 4360
871 4392 4922 4971 4797
872 4145 1291 4868 3507
873 3059 3267 2887
874 1690 4203
875 2153 1444 3325
876 1989 4158
877 1489
878 4417 3540 1974
879 4314 2822
880 2811 2296 4531 3003
881 1931 3082 1933
882 4714 3357 1414
883 3639 4971 2542 3215
884 4602 980 3666 1759
885
886 1981 3933
887 2153 2223 1213 4207
888 2359
889 2016
890 3136 3348 3477
891 2400 1060 2507 1620 4111
892 4474 4975
893
894
895 2544 4097 1598 1767
896 4187 1354 4485
897 3619 4724 1613 3783
898 2904 3650 2283 3804 4306
899 937 4130
900 2695
901 2720 2737 4802 3357
902 3242 1695
903
904 3912 4554 2908
905 4986 2350
906 2856
907 3761 2862
908 3948 2390 4399
909
910 4372 2620 4397
911 1938
912 1475 1765
913 1466
914 4544 1696 2130
915 1688 938
916 3868
917 1464 1458 3302
918 3672 2052 3436
919 2818 3340
920 1894 2738 4661 3673 2085
921 4074 2979
922 3627 2452 4661
923
924 2856 3802 1572 2397
925 3732
926 3336
927 4008 3130 3700
928 2104 2993 2356 1942
929 3682 3899 3085 4795 1949
930 4284 2950 3991
931 4528 4874 2581 3918 1055
932 3036
933 4560
934 2322 4940
935 1089 962 1903 3985 3672 2623
936 4649 3525
937 4560 1033 4428 1239
938 2898 1198
939 3841
940 2042 1931 1300
941
942 3506 2102
943 4819
944 3088 3347 4119 4319 4605 2143
945 3538 4733
946 4760
947 3292 4439
948 3536 2541 1974
949 3488 2067 1047
950 2175
951
952 4349 3326 1871
953 3456 1374
954 1129 2421 2121 3479 2009 3294
955 3379 1772 4839
956 4442 2307 1268 2757 4310
957 3371
958 4960 3140 2094 2342 1461
959 3019 2276 2726 2955 4653 1081
960 2206 2109 2149
961 3000 2074 1390
962 4088
963 4036 4313 2612 4297
964 1448
965 1812 2727
966 3757
967 2637
968
969 1166 1022
970 2505
971 4793 2539 2701 3535
972 4104 2605
973 4887
974 1904 2400
975 1464 4694
976 4460 2836 3453
977 2788
978 4130 4620 4336 1811 1812
979 1536
980 4192 3786 2957 1725
981 3990
982 2947 1137
983 2443 4908 2886
984
985 4824 1511
986
987 3880
988 3429 4726
989 1308 3837 4882 1976 4858 3579 1948
990 2160 3577 4981 2119
991 4355
992 3137 3412
993 4083 1822 2751
994 2557
995 1807 4539 4811 2175
996 2509 2860 3589
997 2828
998 4018 4699 3852 3783
999 1633 2295 3956
1000 1765 3518
1001 4493 3207
1002 4565 4047
1003 4745
1004 1648 1253 1567
1005 1274
1006 4498 3645
1007 2656 3962
1008 1361 1279
1009
1010 1976 1990
1011 1625 1820
1012
1013 2456
1014 4489 3294
1015 1700 1607 4559 2196 4580 3759
1016 2710
1017 4654 2566
1018 3616 4943 1389 1391 1849 1755
1019 1932 1731 3612
1020 4528 3985 4540 1726 4798
1021 2770
1022
1023 3297 2434 2828 4910 3103 2783
1024
1025 2720 3394 4218
1026 1392 2783 2877 2589
1027 3707 1613
1028
1029 4037
1030
1031 3898 1658 2791
1032 1050 4197
1033 4042
1034 3260
1035 1888 3650 1407
1036 1740
1037 4873 1259 1525
1038
1039 2888 1954 1788
1040
1041 1777 3540
1042 2593
1043 1159
1044 2596
1045 1969 4637
1046 2884 3142
1047 1813
1048 2325 3853
1049 3526
1050 1313 4414
1051 4505 1459 2137
1052 1540 2778 1191
1053 4675 2606 2566 4497
1054 1955 3781 3242 4627 1375
1055 1609 1062
1056 4511
1057 2904 1425 1546 3332 3196
1058
1059 1584
1060 4961 3269 4053
1061 4760
1062 1975 4287 3789 4790
1063 4960 3057 4523 3330
1064 4588 2292
1065 4291 4184 2012 1405
1066 1117 2110 4277
1067
1068 4079
1069 2124 1541 2358
1070 1740 1375
1071 1488
1072 1943
1073 1721 3168 4241
1074
1075 2548 3965 2086
1076
1077 3330 4786
1078 4197 2790 3813
1079 2232 1685 2614
1080 3975
1081 1842
1082 3674 4243 4590
1083
1084 2669 3797
1085 2712
1086 4678
1087 2931 4686 4454
1088
1089 3269
1090 1977 4265 1329
1091 2513 2853
1092 2346 3495
1093
1094 4991 2183 1390 4799
1095 2211 3254
1096 1309 4597
1097 4005 1342
1098 4123 4767 4772 4197 4119
1099 3234 4108 4053 4886
1100 2369 1999
1101 4320 4940 3470 2478
1102 4381
1103 2842 2959
1104
1105 1530
1106 2297 3411 3285
1107 3737 3838
1108 4148 2557
1109 3779 3054
1110 4552 2162 4499 1396 2489 4473
1111 2515 4060
1112 3690 3773
1113 2702 1808 4241 4435 4599
1114 2140
1115 2322 3251
1116
1117 3502 4414
1118 2777 2419 3133 2918
1119 3781
1120
1121
1122 1574
1123 3530 3034
1124 4063
1125 2666 2779 4454
1126
1127 4698
1128 2340 3778 2964 4334
1129 4419
1130 4288 1717
1131 3864 1300
1132 2522
1133 2952
1134 2645
1135 2296
1136 2128 2670 4079
1137 2219 3430
1138 3979 3749
1139 1763 4166
1140 1350 3910 1966
1141 2496 4808
1142 1523 1958 2502 1631
1143 4432
1144 3192 3086
1145 2208 4307 4366
1146 3923 2363 1994
1147 1490 2790
1148 4494 3831 4404 1405
1149 2475 2254
1150
1151 2625 4373
1152 1382 2703
1153 4210 1701
1154 3982
1155 3925 3926 1623
1156 4838
1157 4132 3393 1579 4786 4187
1158
1159 2071
1160 2112 3373
1161
1162 3057
1163 1737 2334
1164 2718 2393
1165 3238
1166 3242
1167 3176 4303 4779 3846
1168
1169 3808 1789 3798 4007
1170 2308
1171 1240 1337 1971 3404
1172 2211
1173
1174 4116
1175 3480 2556
1176 2464 2896 2706 2775
1177
1178 2178
1179 2240 1958
1180 2088 2586 1476 3229
1181 4281 1569
1182 3250 3684
1183
1184 4300 1940 4461
1185 3202 3181
1186 3931 1412
1187 1920 2300 4669
1188
1189 4684 4259 4844
1190
1191
1192 2281
1193 2864 2396 3709 1367
1194
1195 3959
1196 2048 1313
1197
1198 2208 1883
1199
1200
1201 2806
1202
1203 3076 3813 1996 2325 3676
1204
1205 4730
1206 3329
1207
1208 3403
1209 4772 4393 4883 4120 1817 3963
1210 1330 2066 3398 4949
1211 2772 4830
1212 1977 3996
1213
1214
1215 2962 2003 4988
1216 4253 4576 2075 4741
1217 4312 4046 1423
1218 3616 2625 1901 1721
1219 3816 4269 4439 1517
1220 3450 3558 2751
1221
1222
1223 1226 2054 2519
1224 1402 4755 4628 2098
1225 4490 3013
1226
1227 4761
1228 2175
1229 4320 2884 2538 3093 1695
1230 1312
1231 2064 3589
1232 2041 1706 4421
1233 2181
1234
1235 4361 3690
1236 3177 2340
1237 1597
1238 1897 2676
1239 3201 1612 4539 4893 1567
1240 1410
1241 4416 1369 1988 2022
1242 3788 4666 3771 2764 2373
1243 3597 4557 2898 2109
1244 2554 1838
1245 3404
1246 2016 2746
1247 2384 4740 1676
1248 4054
1249 1943 4133 1278
1250 2624 2369 2122 1276
1251
1252 1385 4990
1253 3104 4217 3397 3206
1254
1255
1256 3426 2564 3122 3864
1257 3879
1258 3881 1398 4977
1259 3393 3111 1835 4048 4572
1260
1261 1384
1262 1961 4042 3239
1263 1537 4331
1264 3330 2268
1265 4011 4370 2904 1813 1944 4733
1266 3467 4345 4443 3103
1267 2471
1268 1887 2054 1927
1269 2782 4667 2543 4771 2261 1272 3323 4797 2014
1270 1600 1954 4723 2598 3763 3391
1271 2273 1397
1272 2034 3853 1972
1273 2840 4540 4470
1274 1799 1826 4823 3597
1275 3720 2571
1276 4849 3084
1277
1278
1279 3160 2460 3648
1280 2917
1281 1866 4778 3150
1282 1733 2973
1283 4120
1284 4668
1285 4090 2837 2255
1286 2315 4855
1287 1660 3228
1288 2984 2222 2078 4831
1289 3392 3128 1836
1290 3642 3531 3119
1291 3154 1335 2742 4647
1292 4312 4484 2988
1293 4904 2278
1294 1986
1295 3529
1296 2290 4973
1297 4388 4062
1298 2296 2364
1299 3778 2778
1300 1777 2673
1301 1596 3294 1823
1302 2738 1331 4287
1303 3201
1304 3368 4744 4697
1305 1668
1306 4989
1307
1308 1920 2316
1309 1780
1310 3252 2252
1311 2315 4439
1312 1776 3191 4828
1313 3432 2442 4459 3244
1314 3202 3046
1315 3823
1316 3509
1317 1448 1745 4779
1318 3900 3789
1319 2090
1320 2272 3080 2731 1557
1321 4403 2190
1322 3289 2678
1323
1324 1536 2314 4091 2949
1325 2447 1575
1326 3055
1327 4184 2144 2824
1328 2664
1329 1729 2786 1543
1330 3585 3655
1331 2464 2268
1332
1333 4880 4899 3143
1334 1708 3396 2750
1335 4801 2867 4047
1336 4629
1337 2044 3607
1338 3912
1339 4528 2817 1506
1340 2660
1341 2016
1342 1736 4181
1343 2203
1344 4770
1345 4132 1525 1958
1346 2596 1607
1347 4230 1353 2608 4753 2552 4603
1348
1349
1350 4683 2660
1351 3864 3025 3628
1352 4019 2263
1353
1354 2890
1355 4071 3400 4820 4186 4667
1356 4154 4030
1357 1727
1358 4584 2964
1359
1360 4336 3793 3242 3574 4207
1361
1362 4825 4423 1644 2487
1363 2893 4325
1364 2695
1365 3564 1653 2182
1366 4086 2519
1367 4400 2966
1368 4835 4300 2061 2857 4794 2555
1369 4068 1996 1493
1370 3864 3583
1371 2189
1372 3910
1373 3021 2134 3103
1374
1375 3916
1376 1764 3916 4935
1377 2871
1378 3186 1572 2263
1379
1380 4789
1381 3348
1382 1914 2927
1383 3838
1384 1569 2549
1385
1386 2560 4172 4020 2437
1387 4247
1388 1894
1389
1390 1834 4924 4838
1391 1483 2626 1642 2997
1392 2137 4157
1393
1394 2232 2216
1395 3672 1521 4859 3124 1816
1396
1397 2747
1398 3851 2298
1399
1400 2280 2223
1401 2913 4747
1402 4879 4774
1403 4307 3431
1404 1859
1405 1440
1406
1407 4276 3837
1408 3928 1657 4211
1409 3577 3275
1410 4648 2989 2175
1411 3554 3875 3269 4318
1412 1591
1413 2168 2258 3175
1414 2307
1415 1544
1416 2795 2357 4798 3759
1417 3091 3806
1418
1419 4561 2092 2280
1420 3300 2549 2774 2455 4671
1421 1998
1422 3296
1423 2529 4110 4079
1424 2284
1425 3347
1426 3144 2494 3679
1427 3447
1428 3584 4031
1429 2874 4054
1430
1431 2169 3585 3881
1432 2016 2493
1433 1664 2641 2677
1434 4011
1435
1436 2426
1437 3238
1438 1472 3499 2519
1439 1702
1440 2528 1728 3163
1441 2916
1442
1443 4154
1444 1740 3412
1445 1898 3034 3725
1446 2779 1518 2270 3975
1447 2706 4767 2868 2681
1448 4116 1605
1449 1465 1810 3123 3493
1450 3112 3393 3235
1451
1452 2721 2132
1453 2817 3770 4851 2205
1454 1968 2785 3112
1455 4313
1456
1457 2927
1458 3270 1674 2671 3957
1459 3088 3022
1460 2299
1461 2144 2983 1738 4874 4894
1462 2124
1463 2586 1662 4938
1464 3714
1465 2659 3869
1466 1576 4231 1871
1467 4156
1468 1473 3775
1469 4970 2407
1470 3292 1691 2612
1471 1704 2688 4218 3583
1472 2888 4261 4527
1473
1474 2956 2044
1475 1611
1476 4378
1477 2009 3895
1478
1479 2249 1788 2245 3137
1480 1577 2298
1481 1882 4429 1751
1482 2837
1483 3360 1745
1484 2464 3932 1950 1695
1485 4209 4951
1486 2258 2542
1487 1673 4093
1488 4097 3990
1489 2260
1490 2898
1491 4889 1884 4021
1492 2666 2259 2662
1493 1761 1797 2663 4334
1494 3026
1495 3120
1496 2490 2292 4426
1497 1952 4334 2174
1498 3129 3900
1499 1619 3300
1500 3113 1854
1501 3744 4624 4900
1502 3906 4116 3222
1503 4649 2531
1504 3235 3350
1505 3756 3846 1871
1506 3814 3952 4757 4445 3861
1507 4977
1508 4169
1509 2632 3113
1510 1809 2258 1707 3714
1511 4704 1677
1512
1513 3897
1514 1946 1655
1515 4821 2441
1516 4117 3222 3327
1517 3735 2404
1518 4415
1519 4707 4796 4903
1520 2446 1524 2361 3545
1521 2091 4572 1718
1522 2055
1523 3547 4934
1524 4409 2771
1525
1526 4099 1861 4368 1885 3422
1527 1708
1528 3951 1930 3443
1529 2043 3820 2799
1530 3171 4934
1531 3802
1532 3013 3714 3990
1533 3928 1962 2522 4934
1534 4652 4981 2706
1535
1536 4107 1544 2838
1537 3906 3988
1538 4890 4515 2071
1539 3803 3332 3462 3367 2824 4219 2875
1540 3307 3573 2031
1541 3186 4187 2813
1542 2864 2639
1543
1544 1836 4774
1545 3961
1546 1809 3437 3848 2803 1911
1547 4402 2327
1548 1818 2669 4525
1549 3816 4469
1550 4330 4972 3022 2862
1551
1552 4922 3004
1553 3282
1554 4033 3252
1555 4376
1556
1557
1558
1559 4192 2120 4669
1560 4860
1561 4625 4429
1562 2107 2796 3687
1563 4924 3786 3679
1564 3967
1565 2868
1566 2923 4052 2725 4382
1567 1728 4464 2835
1568 4360 4004
1569 3311
1570 1576
1571 4352 4953 4333 4895
1572 2021
1573 4321
1574
1575 4578 3747 3572
1576 4884 2998 2207
1577 4318 3979 3245 4334
1578 3709 4189 2671
1579 2697
1580
1581 2944 4592
1582 4970
1583 2003 4647
1584 2872 3596 4690 4508
1585 2624 3651 3499 3029 3163 3452 3614
1586 4670
1587 2856 2521 2491 3980 2021
1588 4025 4797 3853 4549 2295
1589
1590
1591 2208 2206
1592 1747 4213
1593 3744 2069 4287
1594 2220 3116 2109
1595 3601 2114 2403 3924 4457
1596 3747 2980
1597 4064 3183
1598 2245 4741 2418 2938 3519 2143
1599 3869 4886 3191
1600 2617 4693 2221
1601 1783
1602 3291
1603 3704 4396
1604 4937
1605
1606
1607 4504
1608
1609 4400 4782
1610 3192 3844
1611
1612 2867 4412 4206
1613 1730 4015 2525
1614 2602 1955
1615 1777
1616 4968 2401 4846 4823
1617 4844 1823
1618
1619 1725
1620 2121
1621 3168 2152 4551
1622 3820
1623
1624 3107 4155 3159
1625 3326
1626 1938 2123
1627
1628 4957 1990 2613
1629 2305
1630
1631 2186 2887
1632 4483
1633 3845 3657 2731 2702 2895 4791
1634 1638
1635 3012
1636 4505 4548 2437
1637 3988 3220 2461 2070 2982
1638 2028 2574 4977 2974 1950
1639 2027 3252
1640 3828
1641
1642 3940 4909 4090
1643 2288 1980 3684 4126
1644 3049 4457
1645 2114
1646 3446
1647 4176 4442 4402
1648 2430
1649
1650 2984 3697 2010 2854
1651 2836
1652 4884
1653
1654 2303
1655 1836
1656 2465 2001
1657 2641 3772
1658
1659 4038 4526 4982 2360
1660 3352 2693 2822
1661 2987 2997
1662
1663 3170 3167
1664 2912 4615 4078 3828
1665
1666 2883 4910 3967
1667 2636
1668 4600
1669 2515 2486 2605
1670 4305 4834 2419
1671 2986 4139
1672 3121 4590 3910
1673 3897 3063
1674 2032 2704 3610
1675 2087
1676 1928 4694
1677
1678 2544 3928
1679 1929
1680 2816 3455
1681 3392
1682 2333
1683 1855
1684 3608 3221
1685 2064 3880 3542
1686
1687 2760 2409
1688 3784
1689 1796
1690 2979
1691 3624 3374
1692 3158
1693 2322 3883 3215
1694 2133 3638
1695 4913
1696
1697 2110 4391
1698
1699 1979
1700 4370 3946 4694
1701
1702 4770 3549
1703 1959 2580 1751
1704 3400 2554 2795
1705 4390
1706
1707 2787
1708 4024 3955
1709 3912 4908 3938
1710 2230
1711 4564
1712
1713 3905
1714 3513 3674
1715 3995
1716 3642 3669
1717 2973
1718 4278
1719
1720 1845
1721 2862
1722 3808 3812 2511 2132 3802 3611
1723 4080 2319
1724 2738 3306
1725 1760 4521
1726 3601
1727
1728 2967 1814 1926
1729 4740 4175
1730 2588 2108 3206 3689
1731 3515 4781
1732
1733
1734 2584 4242 3204
1735 3530 3293 2094
1736 4616 3073
1737 2480 3652
1738 3675
1739 3720
1740 3340 2583
1741
1742 1761
1743 2774
1744 4592
1745
1746 3793 2842 3387
1747 3652 4951
1748 2786
1749 4882 1862
1750 4495
1751 2953
1752
1753 2803
1754 2684
1755 4890
1756 4193 1923 4575
1757 3109
1758
1759 4753 3695
1760 2511
1761 4964
1762 4490 1888
1763
1764 2341 4016 2807 4536 4665
1765 2496
1766 3156 1898
1767 3377 1811 4003
1768 3457 2143
1769 2932 3956 4605 2694
1770
1771 4704 4637
1772 1852
1773
1774 3219 4157 4270 2159
1775 3556 3324
1776 3515
1777 3594 2768 4470
1778 2840 3841 4663
1779 3484 2414 4023
1780 2350
1781
1782
1783 4857 3423
1784 3576 3248
1785 3622
1786 3600 2888
1787 3067
1788 2488
1789 3683 2745
1790 2537 3588 2750
1791 4127 3388 4527
1792
1793 1813
1794 2594
1795 1821 2717
1796
1797 4498
1798 3077
1799 4005
1800 4555
1801 2169 3682 4995 3613
1802 4136 4144 3955
1803 4040
1804 2713
1805
1806
1807 4839 4907 2134
1808 4932
1809 4719
1810 2639
1811 2115 4772
1812 2217
1813 1892 4790 2081 4115
1814
1815 2465 4227 4782
1816
1817 4970 2147
1818 2720 3468 2258 3153
1819 3985 4623
1820 4321 2031 2385
1821 4324 3407 4049 4772
1822
1823
1824 4884 2301 3631
1825 2832
1826
1827 3069 1936 4249 2973
1828 4475 4748
1829 4648 3505 3954 4988
1830
1831 3392 3913 2485
1832
1833 1928
1834
1835 2151
1836 2997
1837 4539 3150
1838 3427
1839 3662
1840 4740
1841 4832
1842
1843 4662 2830 1918
1844 3784
1845 2041 2162
1846 2815 2405
1847 3057
1848 3936 1943 4215 3847
1849
1850 3021 3399
1851 2025 4260 2766
1852 2211 2494 2263
1853 3250 4564
1854
1855 2340 2994 3502 4697
1856 4089 4193
1857
1858 3257
1859 2386 1883 3937
1860 1886 4079
1861
1862 3319
1863 4080 4417 2018 3404
1864
1865 4176 3053
1866 2572
1867
1868 3841 4991 3623
1869
1870 3155 3100
1871 4727
1872 3338
1873 2718
1874 2392
1875 2116 4171 2732
1876
1877 3609 3796
1878 4480 2790
1879 2672
1880 3951
1881 1889 2299
1882 2380
1883 2340 2964 3800 4668 2910
1884 2824 3938 3727
1885 3950
1886 4014
1887 2311 3365 3583
1888
1889 4880
1890 3296
1891 3993
1892 3139
1893
1894 2724 3157 4773
1895 2850 2494 4870 4391
1896 4380 3837 4463
1897 3001
1898
1899 2859
1900 3785 2113 3473
1901 2984
1902 4763
1903 3747
1904 3753 4410 4130
1905 2938 2604 2391
1906 2937 3314 3690 4989 4335
1907 3599
1908 3408 4817 3884
1909 4820 2709 2086
1910 4979 3116 3555
1911 4130 4132 1938 4365
1912
1913
1914 2969 2810 2019
1915 3328 2219 4959
1916 2604
1917 4896 4694
1918 2922 2156 2783
1919 2068
1920 3944
1921
1922 4136 4884 4119
1923 3675
1924 3948 3846
1925 1958 2127
1926 3643 2414 4502
1927 2237
1928 3249 2417
1929
1930 3429 3943 3979 4336
1931 4947
1932 3742 3006
1933
1934 3555
1935 2627
1936 2731
1937
1938 2916 4344
1939 2965 4687
1940 3636
1941 4267
1942 3008
1943
1944 3939 3780
1945 2039
1946
1947 4362 1963
1948 3393 2510
1949 2621
1950 2692 2995
1951 4622
1952 3293
1953 2800 4648 2043 2062
1954 2627
1955 4680 3277 4494 3034
1956 4412
1957 4371 3725 4886
1958
1959 4714 4419 3862 4782
1960 2657 4442 4490
1961 2525
1962
1963 3488 2740 3652 3115
1964 4153
1965 3330
1966
1967
1968 4594
1969 4584 3649
1970 4108
1971 4571
1972 2205
1973 4228 4941
1974 4992 2393 3293
1975 2784 3258 3645
1976 2641
1977 4816 2578 3598
1978 4233 4027
1979
1980 4112
1981 4579 3557 3687
1982 3588 4574 2615
1983 2769 4467 3772 4686
1984 2664 2650 3349
1985 3266 2597 4661 2311
1986 4282 3723
1987 4553 3437 3693
1988 2340 4151
1989 4450 2391
1990
1991 3366
1992 4664 4125
1993 2358
1994
1995 2859
1996 4292 3918 3966
1997 3767
1998
1999 3536 2439
2000 4059
2001 3796 3871
2002 4513 3270 4903
2003 2460 4202 4788
2004 3247
2005 2881
2006 2672 3457 2059 3452
2007 2657 2582
2008 2375 3271 3581
2009
2010 4567 2582 3087
2011 2218
2012 3680
2013 4930
2014 4568 2654
2015 4544 4529 3079
2016 2786 3120 4766
2017 3332 3702
2018 4607
2019 3942
2020 4207 2982
2021 4471
2022 3781 4389 4449
2023 2281 2612 3710
2024 4372 4405
2025 2153
2026
2027 3940 3323 3933
2028 2897 2462
2029 3709 4342
2030 4557
2031
2032 4352 4406
2033 4825 3802
2034
2035
2036 3195
2037
2038 2355 2169 4322 2140
2039 2850 2683 4226
2040 2421 4189
2041 2517 2493
2042 3484 3365 2308
2043
2044
2045 2389
2046 3976
2047 3497
2048 3394 3507 2298
2049 3906
2050 2170 2859 3413 2986
2051 3649 4115 2950 3182
2052
2053 2706 4774
2054 4161 4802 3366 2535 2699
2055 4603
2056 3984 2873
2057 2713
2058 4844
2059 3513 3853
2060
2061 4354 4743 4103 4848 3902
2062 4030 4737
2063 4864 2778
2064 2923 4733 4447
2065 4808
2066 2888 2315 4646 2198
2067 3430
2068
2069
2070 4390 3495 4588 3878
2071 3091 2899
2072
2073 3080 4605
2074 4234
2075 4947 4063
2076
2077
2078 4914
2079 2844 4362
2080 4857 4050
2081 4187
2082 2778 3583
2083 2145
2084 2565
2085
2086 4632 3782
2087 2729 4365 3367
2088 2598 2257
2089 4172
2090 3365
2091 3256 4596 2166 4945
2092 4578 3600 4690 3350 4634 4478
2093 4209 4614
2094 2440
2095 2152
2096 3418 4860 2150
2097
2098 2956
2099 2446
2100
2101 3660 3844
2102 4323
2103
2104 2156
2105
2106
2107 3016
2108 4464 2909 4325
2109
2110 3363
2111 4021 2661 3167
2112 4419
2113 4804 3417
2114 2401 3814 2999
2115 2363
2116
2117 2444 4218 2299
2118 2145 3052
2119 4704 3384 3220 2757
2120 2245
2121 2574 4047 2737
2122
2123 2416
2124 2565
2125 2985 2505
2126 2352 2353 3901 4385
2127 3742
2128 3490
2129 4647
2130 2308 4010
2131 4405 3966
2132 4481 3454
2133 4705
2134 2745 2612
2135 4411 4175
2136 3104 4760 4054
2137 3409
2138 4697 3090 4774
2139 2517
2140 3606 4746 3253
2141
2142 3606
2143
2144 3600 4194
2145 4246 4420
2146
2147 4987 3766
2148 4713 4463
2149 2496 2962 3744 3380
2150 2403
2151 2225 2562
2152 4260 4327 4943 4051 4191
2153
2154 3365 2645
2155 2162 4814
2156 3232 4835
2157 3645
2158
2159 3074 2828
2160 2392 3423
2161 3289
2162 2616 4084
2163 4379 3636 3326
2164 2649 2967
2165 3954
2166 3873
2167 4705 3125 3809
2168 4940
2169 3682 4004 3217 3510 3517
2170
2171
2172 3723
2173 4162 4582
2174
2175 2826 4106
2176
2177 4354 4412 4582 4574
2178
2179 3805
2180
2181
2182 2409 2551
2183 4328 3338 2359
2184 4769 3810 3061
2185 3326
2186 2974
2187 3248 3964 2367
2188 3652
2189 2195 2642
2190 4308 2271
2191 2254
2192 3840 2453 3463
2193
2194 3068
2195 3984 2624 2803
2196 2665 2515 2886
2197
2198
2199 4941
2200 3308 4356
2201
2202 3666 4908
2203
2204 4937 4022
2205 4908 3172
2206 4601
2207 4279
2208
2209 2387
2210 3467
2211
2212 4752 4575
2213 3088 2575
2214 3536 2970
2215 4598
2216 4585 2605
2217 2560 4406
2218 4765
2219
2220 2945 3477
2221 4150
2222 2324 2981 4855
2223
2224 3256
2225 2388 3284 4086 3166
2226 3074
2227 3415
2228
2229
2230 2464 4948
2231 2561 4922 4431
2232 4456 3721
2233 4520 4690 2274
2234 4561 4623
2235 2817 4227 2257
2236 2930
2237 4488 4082 4642
2238 2389
2239
2240 3404
2241 3133 3415
2242 3924
2243 2631
2244 4059
2245 3668 4380
2246 2622
2247 4002
2248 4726
2249 3373
2250 2419 3335
2251 2289 4821
2252
2253
2254
2255 2629
2256
2257
2258 3842 3753 3514
2259 2936
2260 2694
2261 2779 2262
2262 2365
2263
2264 3090 4739
2265 2877
2266
2267 4333
2268 3496 3087
2269 4438
2270 4627 2756 3317
2271 3140
2272 2664 2836
2273
2274 2496
2275 4885
2276 4561 4527 3619 4134
2277
2278 3742
2279
2280 2588 4780
2281 4917
2282 3421
2283
2284
2285 2440 2713 3046 4478
2286
2287 4551
2288 4849 3238
2289
2290 2437
2291 2728 4561 3778 3343
2292 3600 3645 3726
2293 3120 2327
2294 4722 4355 2772
2295 4629 2838
2296
2297 3745 3407
2298 3684 4607
2299
2300
2301
2302 3312 3113
2303
2304
2305 4690 2734
2306 3529
2307 4548 2827 3323
2308
2309
2310 4165
2311
2312 2692 4967
2313 2890
2314 4010 4886
2315 2568 4790
2316 4588
2317 4840 3519
2318 3167
2319
2320
2321 2811 4236 3253
2322 2685
2323 3250 3164
2324
2325 2344 4234 2472
2326 2720 4002 3822
2327 2961 3039
2328 4881 2857
2329 2650
2330 4659 2863
2331
2332
2333 3722 3862
2334 4557
2335 2394
2336 3310
2337 4266
2338 4327 4430 4975
2339 2845
2340 4508
2341
2342 3455 3903
2343
2344 3384 3372 2897
2345
2346 4685
2347 3067 4804
2348 4363
2349 3474 4130
2350 3710
2351 2889
2352 3368 2834 2405
2353 3805 2789
2354 2457
2355
2356 4596 3822
2357 3552
2358
2359 4394
2360 4328 3731
2361 3320 2834 4433
2362 3416 4610
2363 3732
2364 2546
2365 3203
2366 2786 3076 2454
2367 3176 4253
2368 3776 3124 3963 2756
2369
2370 4112 3852 4007
2371
2372 3995
2373 3628
2374 3558
2375 2574 4935
2376 4105 4503
2377 4716 3269
2378 2640 3417
2379 3357
2380 2776 2854 4631
2381
2382
2383 4683 4813
2384 2568
2385 2841 2678
2386 3532 4002 2748 3223
2387
2388
2389 4100 3572 2458
2390 4103
2391 4948
2392 2395
2393 2420 4265
2394
2395
2396 3528 3455
2397 4434 3733
2398 3882 3402
2399 3393
2400 3289 4798 2881
2401 2571
2402 2619 3108 2869
2403 3858 2780
2404 3553
2405 2968
2406 3925
2407 3665 3719
2408 3502 3033
2409 3306
2410 2968 3508 3607
2411 3901 3838
2412 3349
2413
2414 4016 3186 4635
2415 4547
2416 3300 4909 3966
2417 3284
2418 3442 3837
2419 4346 3866
2420 4731 4516
2421 4209
2422 4250
2423 3146 4612
2424 4657
2425
2426 3813
2427 3948 3046
2428
2429
2430 4514
2431
2432 3544 4569
2433
2434 3106 3663
2435 2951
2436
2437 3195
2438 3704
2439 2828
2440
2441 4458 3821
2442 2798 4615
2443 3036
2444 3695 2747 4981
2445
2446 3775 4081
2447
2448 4521 3754 3180 3021 4454
2449 4331 4980
2450
2451 3475
2452 4264 4266
2453 2561 3553 3018 4562 4952
2454 4171 4615
2455
2456 3877
2457
2458 2818
2459 4396
2460
2461
2462 2540
2463 3743
2464 3073
2465 3690
2466 3655
2467 4457 3620 4198
2468 4424 3179 4548
2469 3946
2470 2751
2471 4992 3445 4270
2472 4020
2473 3858 3843 3158
2474
2475
2476 4381
2477 4767
2478 4482 3303
2479
2480 2744 2718
2481
2482 3008
2483 4029 3581
2484
2485 4755 3596 4109
2486 3470 3662
2487
2488
2489
2490 4907
2491 3701 4095
2492 4623
2493 2800 4696 4475
2494
2495 2576 4572 4950
2496 4396 3101
2497 4259
2498 4609
2499 4785 4763 4501
2500 2791 4810 4913 3034
2501 3578
2502 3380
2503 4483
2504
2505 3808
2506 3614 4719
2507 3024
2508
2509
2510 3761 2730 2718
2511 4472 2864
2512
2513
2514 4608 4100
2515 3210 3766
2516 3169 4485
2517 2610
2518
2519 4946
2520 4410 3190
2521
2522 4039
2523 4840
2524
2525 3483
2526 2547 4211
2527 2814
2528 4270
2529
2530 3328 4435 4380
2531 3521 3228
2532 4322 3902
2533 3314 3978
2534 3715
2535 4008 3635
2536
2537 3636 3885
2538 3177 2758
2539
2540
2541 3153 2682
2542 4160 4248
2543 2780
2544
2545 4808 4692
2546 3962
2547 3145
2548 2561
2549 2865 3797
2550
2551 3237 2638 4501 4411 4764
2552 3252 2647
2553 4584
2554 2758
2555 2728
2556 4143 2893
2557
2558
2559 4528 3820 2565
2560 2634
2561 4130 3573
2562 4356
2563 3877
2564 2881 4963
2565 2627 2917 3048 3118
2566 4694
2567 3301
2568 2679
2569 3182 4895
2570 4024 4291 3678 2983
2571 4200
2572 2816 4907 2869
2573 3242
2574
2575 4136
2576 4096 2729 4051
2577 3406
2578 3712
2579 4464
2580 2912
2581
2582 2596 4103 2747 4602
2583 3281 3073
2584
2585 4583 3399 3409 4056 4507
2586 4410 4187
2587 3835
2588 3483 3510
2589 3848 2923
2590
2591 4906 4790
2592 4025 4114 3926 3542 2765
2593
2594 3465 4285
2595 4419
2596 4625 4594
2597
2598
2599 3323
2600
2601 4859
2602 4831
2603 3667
2604 2929 4969 4522
2605 3574 4007
2606
2607 4775 3151
2608 3764
2609 2641
2610 4065 3861 3674 3099 2941
2611 4915 3566
2612
2613 2690 4565
2614
2615
2616 2658 2627 2796 3479 4249
2617 4381
2618
2619 3410 3974 4527
2620
2621 3392 3432 3987
2622 3747 3823
2623 4484 4389
2624
2625 3583 3317
2626 4311 3987
2627 3752 2964 4090
2628 3075 3701 3391
2629
2630
2631
2632
2633 2662 3367
2634 2930 2927
2635 4600 4977 4492
2636 4410
2637
2638 4433
2639 4907 4537 2973
2640 3992 3674 4972
2641 4706 2886
2642 2677
2643
2644 4353 4591
2645 3913
2646 4136 3445
2647 3524 4932 3102 3342
2648
2649 3311
2650 4414
2651 4987
2652 4444
2653
2654 3988
2655 2770 2681
2656
2657 4569 4886
2658 4232 3506
2659 2844 4711
2660 3891
2661
2662 3973
2663
2664
2665 2955 4567
2666 3616 4820 3600
2667 4225 3962
2668 4859 4150
2669
2670 4114
2671 3649
2672 3832 3732 4222
2673 3810
2674
2675
2676 4769 2963
2677 3737
2678 3368 4471
2679
2680 4320 4984 3250 4087
2681
2682
2683 4452
2684
2685 4219
2686
2687
2688 3260 3010
2689 4335 4983 3736 4985 2875
2690 4337
2691 3794 4534
2692 4410 4900 3946
2693 4873
2694 3810
2695 4115
2696 2736 4305
2697
2698
2699 4468
2700 2786
2701
2702
2703 4249 3069
2704 3012
2705 3520 3313 4343 4887
2706
2707 4200 2870
2708 4593
2709
2710 3824 3931
2711
2712 3274 3474 4302 4461
2713 4896 3525 4334
2714 2863
2715 4358 2950
2716 3229
2717 4324 3814
2718
2719
2720 4566 3963
2721 4351
2722
2723
2724 4627
2725 3630
2726 3297 3923
2727
2728 4270
2729 3355
2730
2731
2732 2838
2733
2734 4473
2735 4776
2736
2737 4712 4644
2738
2739
2740 3065 4751
2741 4234
2742 3066 4714 3807
2743
2744 4194
2745 3791
2746
2747 4705
2748
2749 3485 3422
2750 4733
2751
2752 2790
2753 4011
2754 4710 4118
2755 3846 4407
2756
2757 3535 3413 4184
2758 3072 3194
2759 3696 4534
2760 3392 3453 3613 2943
2761 3520 2947
2762 3581 3326
2763 3223
2764 3676
2765
2766 3393
2767
2768
2769 3488
2770 2987
2771 4881 3123
2772
2773 4627 3959
2774 2812 2962
2775 4795
2776
2777
2778 2816
2779 4939
2780
2781 2974
2782 3190
2783 3219
2784 4423
2785 4938 4207
2786 3807
2787 4536 4778 4268 4677
2788 4428 4407
2789
2790 2845
2791 4714
2792 4979
2793 2850
2794 2830 3647
2795 3010 2915 3198
2796 4530
2797
2798
2799 4065
2800 4202
2801
2802 3725
2803 3410 4654
2804 4346
2805 3187 4165
2806
2807
2808 2998
2809 3531
2810
2811 4870
2812
2813
2814 3473 4655
2815
2816 3729 4456
2817
2818
2819 3008 4841
2820
2821 3240
2822 4422 4463
2823 4791
2824 4032
2825
2826
2827 4591
2828 4634
2829 4869
2830
2831 4841
2832 3879
2833
2834 4844 3161 3839 3871
2835 3756
2836
2837 3260 4402
2838
2839
2840
2841
2842 3489
2843 4920
2844 4345
2845 3582
2846
2847 3592
2848
2849
2850 3212 4831
2851
2852 3508 4877
2853 3527
2854 3565 2926 4081 3892
2855 3818
2856 3378 3885
2857
2858
2859 4321 4166 4556
2860
2861 3814
2862 4659 4383
2863 3530 3441
2864
2865
2866
2867 4099
2868 4243
2869 3036 4133
2870 4111 4296 4738 3687
2871 4857
2872 3417
2873 4088
2874 3111
2875 4866
2876 3721
2877
2878
2879 4908 3805
2880 3554 4200 2962 4375 4953
2881 4729
2882 4151
2883 2972
2884
2885 4957
2886
2887
2888 4517 4251
2889 3724
2890 3831
2891 4672
2892
2893 3762
2894 3806
2895
2896
2897
2898 3345
2899
2900
2901 3752 3236
2902
2903 4125
2904 3697 3589
2905
2906
2907 4103
2908
2909 4699
2910 2962
2911 3119
2912 4001
2913 4260
2914 3755
2915 3810 4142 3015
2916 4669
2917 3019
2918 4825 4578
2919
2920 4655
2921 4201 3415
2922
2923
2924 2962 3659 3348 4421
2925 4666
2926
2927
2928
2929
2930 4153
2931 4385 3262
2932 4613 4145
2933
2934 3001 3653
2935 3314
2936
2937 4500
2938
2939 4856 3485
2940 3987 4939 3195
2941
2942
2943 3591 2987 4255
2944
2945 3422
2946 4164 3775
2947 4363 4101 3809
2948 4584 3046 4607
2949 3283
2950
2951 4673 4068
2952 3913 4721
2953 3689
2954 3105 3275
2955 3168
2956
2957
2958
2959
2960 3787
2961
2962 3100
2963
2964 4450
2965
2966 3008
2967 3346
2968 3376 3957 3866
2969 3794
2970
2971 4304 3132 3724
2972
2973 3187 3447
2974 4331 3950 4849
2975
2976 3591
2977 3474
2978
2979
2980 4179 3029
2981
2982 3716 3079
2983 3680
2984
2985 4046
2986 4464 4073 3237
2987 3497 3699
2988 4376 4573 3886 4615
2989
2990 3113
2991 4551 4517 4303
2992 3896 4395
2993 3380 3215
2994 3557
2995 3403
2996 4195
2997 3580
2998 4253 4446 4297
2999 3755
3000 4070
3001 3549
3002 3908
3003 4665 3250
3004 3808 4563 3836
3005 3497 4970 4402
3006 4381
3007
3008 4240 3895
3009 4784 3599
3010 3353 3911
3011
3012
3013
3014 3967
3015 3627
3016
3017 4522 3987
3018
3019
3020 4714 4214 3262
3021 3385
3022 4769 4831
3023 3102
3024 4060
3025 4161 4873 3860
3026 4217 4003
3027 3051
3028 3189
3029
3030 4682
3031 4417 3261
3032 3104 4418 4387 4270
3033 3312 4834 4355 4108
3034 4213 4597
3035 3079
3036
3037
3038
3039 4613
3040 3980 4974 3824 3540 4637 4862
3041
3042
3043 3432 4049
3044
3045 3358 4295
3046 3849
3047 4798 3438
3048 4921 4074 4033 3639
3049 4103
3050
3051 4284
3052 4238
3053 4863
3054 4375
3055
3056 4058 3586
3057 3788
3058 4749
3059 3886
3060 3241 3141 3671
3061 4769
3062
3063 3572
3064
3065 3577
3066 3916
3067 4682 3257 3241
3068 3310
3069 4452
3070 4440 4661
3071
3072
3073 4508
3074
3075 4344 3474 3547 3893
3076
3077
3078 3505 3377
3079 4101 4236 4575
3080
3081 3938
3082 4328 3187
3083
3084 4126
3085 3144 4970 3187
3086 3409 4156 3629
3087
3088 3305 4962
3089 3673 3877
3090
3091
3092 4092 3319
3093
3094
3095 3808 3465 4271
3096 4055
3097 4283
3098
3099 4071
3100 3569 4125
3101 3818
3102 4236
3103 3663
3104 4514 3131
3105 3404
3106 3708
3107
3108
3109
3110 4287
3111 4421
3112 4008 3140
3113 3911
3114 3855
3115
3116 4406 4311
3117 4576 4739
3118 4140 3972 4812 3877
3119 3443 4599
3120 4898
3121
3122 3697 3909
3123 3861
3124 3681 3394 3747 3412
3125 4426
3126
3127 3311
3128
3129 4131
3130
3131
3132 3628
3133
3134 4092
3135 3362 4470
3136 3275 3547
3137
3138 4418
3139
3140 3642 3914
3141 4567
3142 4129 4485
3143 4284 3790 4269
3144 4484 4822
3145 4868 3771
3146 3960
3147 4161 4063 4719
3148 4664
3149 3858
3150 4654
3151
3152
3153 3779 4412
3154 3466
3155 4989
3156 4853
3157
3158 4482 4243 4814
3159 4569 3721 3169
3160 4084
3161 4131
3162 3684
3163 4194 4336
3164 4139 4709
3165 3699 4828
3166
3167 3584
3168 4516 4361 4821
3169 4273
3170
3171 3417
3172 4742
3173 4740
3174
3175 4434
3176 3859
3177 3660
3178
3179 4715
3180 4500
3181
3182 4468 4781
3183
3184
3185
3186 3617
3187 3769
3188
3189 4160
3190
3191 3734
3192 4770
3193 4923
3194
3195
3196 3616
3197 4995
3198
3199 4161 4066
3200
3201 3468
3202
3203 4750 4895
3204
3205 3337 4967
3206 3482
3207 3907 3551
3208
3209 4281 4251
3210
3211 3375
3212
3213
3214 4011
3215 4148 3734
3216 3475
3217 4411 4940 3390
3218 4888 3573
3219 4858 3482
3220 3343
3221
3222 4593 3230
3223
3224 4465
3225 3251 4291 4503
3226
3227 4377
3228
3229 4996
3230
3231 4363
3232
3233 3778 4122 4983
3234
3235 4911
3236
3237 4930
3238
3239 3785
3240 4337
3241 4664
3242 3687
3243
3244
3245
3246 3588
3247 3867 4102
3248
3249 4063
3250 3494 4509
3251 3291
3252
3253
3254
3255 4431
3256
3257
3258
3259
3260 4330
3261 4941
3262 3475
3263
3264 3814 3767
3265 3281
3266
3267 3549
3268 3345 3429
3269
3270 4477
3271
3272 4254
3273
3274 4124 3780
3275
3276 3494 3799
3277
3278 4722
3279
3280 4906 3947
3281 3878
3282
3283 4673 3745
3284 4384
3285 4900 4844
3286
3287 4178 4067
3288 4135
3289 4717
3290 4259
3291
3292
3293 3880
3294 4927
3295
3296 4281
3297 3886 4526
3298
3299 3504 3995 4231
3300
3301
3302
3303 3931 4542 3823
3304
3305
3306
3307
3308 3605 4238
3309
3310 4085
3311 4840 3515
3312
3313
3314 4774 4140 4112
3315 4850
3316
3317
3318
3319 3825
3320 4818 4892
3321
3322 3683
3323
3324 4181
3325
3326
3327
3328 3794 4798
3329
3330 4657
3331 3369
3332 3921
3333 4872
3334
3335
3336 4822 3420 3925
3337
3338
3339 4252
3340 3834 3594
3341 4076
3342
3343
3344
3345
3346 3379 4950
3347
3348
3349 3365
3350
3351 3894
3352 4954
3353 4996
3354 4642 3759
3355 3592 3395
3356
3357 4900
3358 4485
3359
3360 3970 3566
3361 3553 4607
3362 4787
3363 4089 4292
3364
3365 4554 3384
3366
3367
3368
3369 4392 4325
3370 4261
3371 4126
3372
3373
3374 4725 4599
3375 3513
3376 4525
3377 4841 3588
3378
3379
3380 3564
3381
3382
3383
3384 4174
3385 3846
3386
3387
3388
3389
3390 3820
3391
3392
3393
3394 4097 4694
3395
3396
3397 4584
3398 4949
3399 4780 3692
3400
3401 4459 3807
3402
3403 4978
3404 4162 4974 4691 3713
3405
3406 3954 4283 3567
3407 4131
3408 4596
3409
3410 3831
3411 4140
3412
3413
3414 4957
3415 3895
3416
3417 4133 4508
3418
3419 4156 4916
3420 4319 3516
3421
3422 3568
3423 3622
3424 3528 4217 3553
3425
3426 3483
3427
3428
3429 3990
3430 4398
3431 4734
3432
3433
3434 4840
3435 4642
3436
3437
3438 4538
3439 4908
3440 4280
3441
3442 4298
3443
3444
3445
3446
3447
3448 4342
3449
3450 4715 3879
3451 3947
3452 3976 3681
3453 4110
3454
3455
3456 4015
3457
3458 4663
3459 4114 4955
3460 3945 3794
3461 4753 4122
3462 3589 4094 4239
3463
3464 3788
3465 4006
3466
3467 3832
3468 4448
3469 4991 3817
3470
3471 4859 4733
3472 4567
3473
3474 3947 3771
3475
3476
3477
3478 4810
3479 4617
3480
3481
3482 4201
3483 3809
3484 4476 3773
3485
3486
3487
3488 4412
3489 4916 4821 4942
3490 4304
3491 3769
3492
3493
3494 4074 3990
3495
3496
3497
3498 3561
3499
3500 4323
3501
3502
3503
3504
3505 4881 4654
3506 3926 4238
3507 3599
3508 4639
3509 4444 4620 3884
3510 4084
3511 3613
3512
3513
3514 3811
3515 4161 4105 4122
3516
3517 4800
3518
3519
3520
3521 4972
3522 4734
3523
3524
3525 4398 3936
3526 4418
3527 4919
3528 4610 4547
3529
3530 4639 4751
3531
3532 4442
3533
3534
3535
3536 3904 4022
3537
3538
3539 4274
3540 4188
3541 4327
3542
3543
3544 4143
3545
3546
3547
3548 4516
3549
3550 3668
3551 4562 4378 4027
3552
3553
3554 4605
3555
3556 3873
3557
3558 3832 4457
3559
3560
3561 3802 4877
3562
3563
3564
3565 4308 4690
3566 4121 4939 3730
3567
3568 4009 4298
3569
3570 4868
3571
3572
3573 3880
3574 4362 4916
3575 4072
3576 4495
3577
3578 3960 4241
3579 4876
3580
3581 3619
3582 4768 4590
3583
3584
3585
3586 4249
3587 4986
3588
3589 4370
3590 4631
3591 3987 4549
3592
3593
3594 3746
3595
3596 3923
3597
3598 4309 4449
3599
3600 4805 3763 4790
3601
3602 3944 3604 4287
3603 4606
3604 4267
3605
3606 4075
3607 4654
3608
3609
3610
3611
3612 4128
3613
3614 3946
3615 4117
3616
3617
3618 4665
3619
3620
3621 4495 4855
3622 4594 4257 4253
3623
3624 4936 3848
3625
3626 4053
3627
3628 4872
3629 3798 4149
3630
3631 4550
3632 4413
3633
3634
3635 4805
3636 4705
3637 4711
3638 4628
3639 3851
3640 4035
3641 4553 4446
3642 4779
3643 3779
3644
3645
3646
3647
3648 4864 4737 4262
3649 4888 3837
3650
3651
3652
3653 4105 3946
3654
3655 4635
3656 4156 4283
3657 4229
3658
3659
3660 3684
3661 4091
3662
3663
3664
3665 4857
3666 4958
3667
3668 3866 4503
3669 4938 4978 3750
3670 3865
3671 3733
3672 3691 4044
3673 3707 4617
3674 4033 3675
3675
3676
3677 4961
3678
3679 4338
3680
3681 3706
3682 4256
3683 4640
3684 4039
3685
3686
3687 4175
3688 4613
3689 4948 3956
3690
3691
3692
3693
3694 4971
3695
3696
3697
3698 4113 4298
3699 3935
3700
3701 4912 4439
3702 4435 4431
3703 3815
3704
3705
3706
3707
3708 4470
3709
3710 4785
3711 4370
3712 3996 4765
3713
3714 4728 4403
3715
3716 4372
3717
3718
3719
3720
3721
3722 3940 3733
3723 4600
3724 4204 3885
3725
3726
3727
3728 3841 4015
3729
3730
3731
3732 4380
3733 3869
3734 4397
3735
3736
3737
3738
3739
3740
3741 4988
3742
3743
3744 4815
3745 4174
3746 4582
3747 4364
3748
3749
3750 4609 4220
3751 4419
3752
3753
3754
3755
3756 4565
3757 3951 4927 4855
3758 4987
3759
3760 4736 4710
3761 4631
3762 4760 4301
3763 4896
3764
3765 4568 4449
3766
3767 4799
3768
3769
3770
3771
3772
3773 4844 3803
3774 4807
3775
3776
3777
3778
3779 4800 3903
3780
3781
3782 4405
3783 3968
3784
3785 4496
3786
3787
3788 4528
3789 4907
3790 4044
3791 3834
3792 3803
3793 4463
3794
3795
3796
3797
3798 4148
3799 4887
3800 4071
3801 4768 4841 4663
3802
3803 3815 4021
3804
3805
3806 4248 4149
3807 4242
3808
3809 4054
3810 4033 4490
3811 4846 4519
3812
3813
3814
3815
3816
3817 4096
3818 4110
3819
3820 4319
3821
3822 4714 3843
3823
3824
3825 3882
3826 4956
3827 3843
3828
3829
3830 4945
3831 4141
3832
3833
3834 4871
3835
3836
3837
3838 4435
3839 4608 4375
3840
3841
3842 4564 4134
3843 4711 3957
3844 4368
3845
3846
3847 4048
3848 4237
3849
3850
3851 3872
3852
3853
3854 4880
3855 3885
3856 4625
3857 4965
3858 4329
3859
3860 4511
3861 4178
3862 3973 4262
3863
3864 4081
3865
3866 3904
3867
3868
3869 3919
3870
3871 4001
3872
3873
3874
3875 4141
3876
3877 4043
3878 4004 4639
3879
3880 4214
3881
3882
3883
3884
3885 4331 3897
3886
3887 4221
3888
3889 4305
3890 4338
3891
3892
3893
3894
3895
3896 4230
3897
3898
3899
3900
3901 4728 4220
3902
3903
3904 4525
3905
3906 4665
3907
3908
3909
3910
3911
3912 4547 4411 3963
3913
3914
3915
3916
3917
3918
3919
3920 4970 4332
3921 4533 4670
3922
3923
3924
3925 4568
3926 4221
3927
3928
3929
3930
3931
3932 4134
3933
3934
3935 4126
3936
3937
3938
3939
3940
3941 4119
3942
3943
3944
3945 4901
3946
3947
3948
3949 4449 4942
3950 4869
3951
3952
3953
3954 4861
3955 4048
3956 4141 4543
3957 4885
3958 4400 4853
3959 4167
3960
3961
3962
3963 4195 4083
3964 4718
3965
3966 4259
3967
3968
3969 4706
3970 3977
3971
3972
3973
3974
3975
3976 4634
3977 4359
3978 4273
3979
3980 4176 4022
3981
3982
3983
3984 4458
3985 4120
3986 4580
3987
3988
3989
3990
3991
3992
3993
3994 4604
3995
3996
3997 4870
3998 4835
3999 4880
4000 4514
4001 4739
4002 4354
4003
4004 4966
4005 4860
4006
4007 4712
4008
4009
4010
4011
4012 4801
4013
4014
4015 4923
4016 4682 4071
4017
4018
4019 4884
4020
4021 4924
4022 4472 4793
4023
4024
4025 4887
4026
4027
4028
4029
4030
4031 4914
4032
4033
4034 4664 4494
4035
4036
4037
4038 4560 4795
4039 4243
4040
4041 4472
4042 4237
4043 4111 4549
4044 4724
4045 4408
4046
4047
4048
4049
4050 4763
4051 4420 4766
4052 4717
4053
4054
4055 4954 4802
4056 4288 4900
4057
4058 4784 4695
4059
4060
4061
4062
4063
4064 4220 4470 4687
4065
4066
4067
4068
4069 4258
4070 4891
4071
4072
4073
4074 4778
4075
4076 4963 4453
4077 4292
4078
4079 4656 4390 4213
4080
4081 4344
4082 4632 4219
4083
4084
4085 4523 4350
4086
4087
4088
4089
4090
4091
4092
4093
4094
4095
4096
4097
4098 4611
4099
4100
4101
4102
4103 4237
4104
4105 4284 4723
4106 4805
4107 4213
4108 4153
4109
4110
4111
4112
4113
4114 4854 4814
4115 4742
4116
4117
4118
4119
4120 4142
4121 4484 4996
4122
4123 4996
4124 4999
4125
4126
4127
4128
4129 4834 4311
4130
4131
4132 4620
4133
4134 4694
4135
4136 4492 4404
4137 4536
4138
4139
4140
4141
4142
4143
4144
4145 4569
4146
4147 4522
4148
4149
4150 4227
4151 4355
4152
4153
4154
4155 4665 4251
4156
4157
4158 4898 4511
4159
4160
4161
4162 4803
4163 4336
4164
4165
4166
4167 4483
4168
4169
4170
4171
4172
4173
4174 4322 4348 4624
4175
4176
4177
4178
4179
4180
4181
4182
4183 4865
4184 4431
4185
4186
4187 4454 4476
4188
4189
4190 4843
4191
4192 4911
4193
4194
4195
4196
4197
4198
4199
4200 4839
4201 4888 4957
4202
4203
4204
4205 4563
4206 4943
4207 4516
4208 4698 4710
4209
4210
4211 4794
4212
4213 4290
4214 4606
4215 4290
4216
4217
4218
4219
4220
4221 4333
4222
4223
4224
4225
4226
4227
4228
4229
4230 4685
4231 4339
4232
4233
4234
4235 4679 4669
4236
4237
4238
4239
4240 4436 4726
4241
4242
4243
4244 4810
4245
4246
4247 4740 4721
4248
4249 4420
4250 4375
4251
4252
4253 4618
4254 4687
4255
4256
4257
4258
4259
4260
4261
4262 4592
4263
4264
4265
4266
4267 4703
4268
4269
4270 4599
4271
4272
4273
4274
4275
4276
4277
4278
4279 4866
4280
4281
4282
4283
4284
4285
4286
4287
4288 4591
4289
4290
4291 4965
4292
4293
4294
4295
4296
4297
4298
4299
4300
4301
4302
4303 4407
4304 4794
4305 4653
4306
4307
4308
4309
4310
4311 4672
4312
4313 4576
4314
4315 4682 4692 4478
4316
4317 4318
4318 4555
4319 4501
4320
4321 4992
4322
4323
4324
4325 4665
4326
4327
4328
4329 4726 4863
4330
4331
4332
4333
4334
4335 4697
4336
4337 4588
4338 4780
4339
4340
4341 4385
4342
4343 4587
4344
4345
4346
4347 4449 4798
4348
4349
4350
4351
4352
4353
4354 4839
4355
4356
4357
4358
4359 4786
4360
4361
4362 4382
4363
4364 4600
4365 4975
4366 4826
4367
4368
4369
4370
4371
4372
4373
4374
4375 4961
4376
4377
4378 4538
4379
4380 4934 4841
4381
4382
4383 4576
4384
4385
4386
4387
4388 4832
4389
4390
4391
4392
4393
4394
4395
4396 4664
4397
4398
4399
4400
4401
4402
4403
4404
4405
4406
4407
4408
4409
4410 4711
4411 4944
4412 4445
4413
4414 4886
4415
4416
4417
4418
4419
4420 4780
4421 4791
4422
4423 4950
4424
4425
4426
4427 4560
4428
4429
4430
4431
4432
4433
4434
4435
4436
4437 4469
4438
4439
4440
4441
4442
4443
4444
4445
4446 4874 4830
4447
4448
4449
4450
4451
4452
4453
4454
4455
4456
4457
4458
4459
4460
4461
4462
4463 4934
4464
4465
4466 4762
4467 4779
4468
4469 4827
4470
4471 4840 4600
4472
4473 4606 4841
4474
4475
4476
4477
4478
4479 4832
4480 4975
4481
4482 4898 4670
4483
4484
4485
4486 4913
4487
4488 4679
4489
4490
4491
4492
4493
4494
4495
4496
4497
4498
4499
4500
4501
4502
4503
4504
4505
4506
4507
4508 4761
4509
4510
4511
4512
4513
4514 4942
4515
4516
4517
4518
4519 4966 4535
4520
4521
4522
4523
4524
4525
4526 4530
4527
4528
4529
4530
4531
4532
4533
4534
4535 4766
4536 4622 4927
4537
4538
4539
4540
4541
4542 4635
4543
4544
4545
4546 4798
4547
4548
4549 4622
4550
4551
4552
4553 4643
4554
4555
4556 4731
4557
4558 4905
4559
4560
4561
4562 4717
4563
4564
4565
4566 4921
4567
4568
4569
4570
4571
4572
4573
4574 4646
4575 4770
4576
4577 4819
4578
4579
4580
4581 4895
4582
4583
4584
4585 4843 4871
4586
4587
4588 4858
4589
4590
4591 4735
4592
4593
4594 4924
4595
4596 4818
4597
4598
4599
4600
4601 4754
4602
4603
4604 4961
4605
4606
4607
4608
4609 4867
4610
4611 4799
4612 4888
4613
4614
4615
4616
4617 4849 4709
4618
4619
4620 4950
4621
4622
4623
4624
4625
4626
4627
4628
4629
4630
4631
4632 4848 4694
4633
4634 4874
4635
4636
4637 4974
4638
4639
4640
4641
4642
4643
4644
4645
4646
4647
4648
4649
4650
4651 4786
4652
4653
4654
4655
4656
4657 4952
4658
4659
4660
4661
4662
4663
4664 4887
4665
4666
4667 4813
4668
4669
4670 4769
4671
4672 4856
4673
4674
4675
4676
4677 4904
4678
4679
4680
4681
4682 4777
4683 4892
4684
4685
4686
4687 4730
4688
4689
4690 4778
4691
4692
4693
4694
4695
4696
4697
4698
4699
4700
4701
4702
4703
4704
4705
4706
4707
4708
4709 4755
4710
4711
4712
4713 4731
4714
4715
4716
4717
4718 4825
4719
4720
4721
4722 4867
4723
4724 4921
4725
4726
4727
4728
4729
4730 4743
4731
4732
4733
4734
4735
4736
4737
4738
4739
4740
4741
4742
4743
4744
4745
4746
4747
4748
4749 4843
4750
4751
4752
4753
4754
4755
4756 4967
4757
4758
4759 4871
4760
4761
4762
4763
4764
4765
4766
4767 4808
4768
4769
4770
4771
4772 4942
4773
4774 4797
4775
4776
4777
4778
4779
4780
4781
4782
4783
4784 4953
4785
4786
4787 4981
4788 4849
4789
4790
4791 4955
4792 4793
4793
4794
4795
4796
4797 4961
4798
4799
4800
4801
4802
4803
4804
4805
4806
4807
4808
4809 4853
4810
4811
4812
4813
4814
4815
4816
4817
4818
4819
4820
4821 4852
4822
4823
4824
4825
4826
4827
4828
4829
4830
4831
4832
4833
4834
4835
4836
4837
4838
4839
4840
4841
4842
4843
4844
4845
4846
4847
4848
4849
4850
4851
4852
4853
4854
4855
4856
4857
4858
4859
4860
4861
4862 4994
4863
4864
4865
4866
4867
4868
4869
4870
4871
4872
4873
4874
4875
4876
4877
4878
4879
4880 4998
4881
4882
4883
4884 4983
4885
4886
4887
4888
4889
4890
4891
4892
4893
4894
4895
4896
4897
4898
4899
4900
4901 4940
4902
4903
4904
4905
4906
4907
4908
4909
4910
4911
4912
4913
4914
4915
4916
4917
4918
4919
4920
4921
4922
4923
4924 4926
4925
4926
4927
4928
4929
4930
4931
4932
4933
4934
4935
4936
4937
4938
4939
4940
4941
4942
4943
4944
4945
4946
4947
4948
4949
4950
4951
4952
4953
4954
4955
4956
4957
4958
4959
4960
4961
4962
4963
4964
4965
4966
4967
4968
4969
4970
4971
4972
4973
4974
4975
4976
4977
4978
4979
4980
4981
4982
4983
4984
4985
4986
4987
4988
4989
4990
4991
4992
4993
4994
4995
4996
4997
4998
4999
[1, 0, 0, 0, 0, 0, 0, 1, 1, 1, 1, 1, 1, 1, 1, 1, 1, 1, 0, 1, 1, 0, 0, 1, 0, 0, 0, 1, 1, 0, 0, 1, 1, 1, 0, 1, 0, 0, 1, 0, 1, 0, 1, 1, 1, 0, 0, 1, 0, 1, 0, 1, 0, 0, 0, 0, 1, 0, 0, 0, 1, 1, 1, 1, 1, 0, 1, 0, 0, 0, 1, 1, 1, 1, 1, 1, 1, 0, 0, 0, 1, 1, 0, 0, 1, 1, 0, 0, 0, 0, 0, 0, 1, 0, 0, 0, 1, 1, 1, 1, 1, 1, 1, 1, 0, 0, 0, 1, 1, 0, 0, 0, 1, 1, 1, 0, 1, 0, 1, 1, 1, 1, 1, 1, 1, 1, 1, 0, 0, 1, 0, 0, 0, 0, 1, 1, 0, 0, 1, 1, 0, 0, 0, 1, 1, 1, 0, 1, 1, 0, 1, 0, 0, 1, 0, 1, 1, 0, 1, 1, 1, 1, 0, 1, 0, 0, 1, 1, 0, 1, 0, 0, 1, 1, 0, 1, 0, 1, 1, 1, 0, 1, 1, 0, 0, 1, 0, 1, 1, 0, 0, 1, 0, 0, 0, 1, 0, 0, 1, 1, 0, 1, 1, 0, 1, 1, 1, 1, 1, 0, 0, 0, 1, 1, 0, 0, 0, 0, 0, 0, 0, 1, 0, 1, 1, 0, 0, 1, 0, 1, 0, 1, 0, 0, 0, 0, 0, 0, 1, 1, 1, 0, 0, 1, 1, 0, 1, 0, 0, 1, 1, 0, 1, 0, 1, 1, 1, 0, 1, 0, 1, 1, 1, 0, 0, 1, 1, 1, 0, 0, 0, 0, 1, 1, 0, 0, 0, 0, 0, 0, 1, 0, 1, 1, 0, 0, 0, 1, 1, 1, 0, 0, 0, 0, 0, 0, 1, 0, 0, 0, 1, 0, 1, 1, 0, 0, 1, 0, 1, 1, 0, 0, 1, 0, 0, 1, 1, 0, 1, 1, 1, 0, 1, 0, 1, 0, 0, 0, 0, 1, 1, 1, 0, 1, 1, 1, 0, 1, 0, 1, 0, 0, 0, 1, 0, 1, 1, 1, 0, 1, 1, 0, 1, 0, 1, 0, 1, 1, 0, 0, 0, 0, 0, 0, 0, 0, 0, 0, 1, 0, 0, 0, 1, 0, 1, 0, 0, 1, 1, 1, 1, 0, 1, 1, 1, 1, 0, 1, 0, 1, 0, 0, 1, 1, 0, 0, 0, 0, 0, 1, 0, 1, 1, 1, 1, 1, 1, 0, 0, 1, 0, 1, 1, 0, 0, 1, 1, 0, 1, 0, 1, 1, 1, 1, 1, 1, 1, 0, 1, 0, 0, 0, 1, 1, 1, 1, 1, 0, 0, 1, 1, 0, 0, 1, 0, 1, 1, 1, 1, 1, 1, 0, 0, 0, 1, 1, 1, 1, 0, 0, 0, 0, 0, 1, 0, 0, 0, 0, 1, 1, 0, 0, 1, 1, 1, 1, 1, 0, 1, 0, 1, 1, 0, 0, 1, 0, 0, 0, 0, 0, 1, 0, 1, 1, 1, 1, 0, 1, 0, 0, 0, 1, 0, 1, 1, 0, 0, 0, 0, 0, 0, 1, 0, 0, 1, 0, 0, 0, 1, 1, 1, 1, 0, 0, 0, 0, 1, 0, 1, 1, 0, 1, 1, 0, 0, 0, 1, 0, 0, 1, 0, 1, 0, 1, 0, 1, 1, 0, 0, 0, 1, 1, 1, 0, 1, 0, 1, 0, 0, 1, 1, 0, 1, 1, 0, 1, 0, 1, 1, 1, 0, 1, 0, 0, 0, 1, 0, 1, 0, 0, 1, 0, 0, 0, 0, 1, 1, 1, 1, 0, 1, 0, 0, 1, 0, 1, 1, 0, 1, 1, 1, 0, 1, 0, 0, 1, 0, 0, 1, 1, 1, 1, 1, 0, 1, 1, 0, 0, 1, 1, 1, 1, 1, 1, 0, 1, 1, 1, 1, 1, 0, 1, 0, 1, 1, 0, 0, 1, 1, 1, 1, 1, 1, 0, 1, 1, 0, 1, 0, 0, 0, 0, 0, 1, 0, 1, 0, 0, 1, 1, 1, 1, 1, 1, 1, 1, 0, 1, 0, 0, 0, 1, 0, 1, 1, 1, 0, 1, 1, 0, 1, 0, 1, 0, 0, 0, 0, 1, 1, 1, 1, 1, 1, 0, 0, 1, 1, 1, 1, 0, 1, 1, 0, 0, 1, 0, 1, 1, 0, 0, 0, 0, 0, 1, 0, 1, 1, 0, 0, 1, 1, 0, 1, 1, 1, 0, 0, 0, 1, 1, 1, 1, 1, 1, 1, 1, 1, 0, 0, 0, 1, 0, 1, 1, 1, 0, 1, 1, 1, 0, 1, 1, 1, 1, 0, 0, 1, 0, 0, 0, 1, 0, 0, 0, 1, 1, 1, 1, 1, 1, 1, 1, 0, 0, 0, 1, 0, 0, 0, 0, 0, 1, 0, 1, 0, 0, 1, 0, 1, 1, 0, 1, 0, 1, 1, 1, 1, 1, 0, 0, 0, 1, 1, 0, 0, 1, 0, 1, 1, 1, 0, 1, 0, 1, 0, 1, 0, 0, 0, 1, 0, 1, 1, 1, 1, 0, 0, 0, 1, 0, 1, 1, 0, 0, 1, 1, 1, 1, 0, 1, 0, 0, 0, 1, 0, 0, 0, 0, 0, 1, 0, 1, 0, 1, 1, 1, 0, 1, 1, 0, 0, 1, 0, 1, 1, 1, 0, 1, 0, 1, 1, 1, 0, 0, 1, 1, 1, 1, 0, 1, 1, 1, 1, 1, 0, 1, 1, 0, 1, 1, 1, 1, 1, 0, 1, 0, 0, 0, 1, 0, 1, 0, 1, 0, 0, 0, 0, 0, 0, 0, 0, 0, 1, 0, 1, 1, 0, 0, 0, 0, 1, 1, 1, 1, 0, 0, 1, 0, 0, 1, 0, 1, 0, 0, 1, 0, 0, 0, 1, 1, 1, 1, 1, 0, 0, 0, 1, 0, 0, 0, 1, 1, 0, 1, 1, 0, 1, 0, 0, 0, 1, 0, 1, 0, 0, 1, 1, 1, 1, 1, 0, 0, 0, 1, 1, 0, 1, 0, 0, 1, 0, 1, 1, 0, 0, 1, 0, 0, 1, 0, 0, 1, 0, 1, 0, 0, 0, 0, 0, 1, 1, 0, 1, 0, 0, 1, 0, 1, 1, 1, 0, 0, 1, 1, 0, 1, 0, 0, 1, 0, 1, 1, 1, 0, 1, 0, 0, 1, 1, 1, 1, 1, 1, 0, 1, 1, 1, 0, 0, 0, 1, 0, 1, 1, 0, 0, 1, 0, 1, 1, 1, 1, 0, 0, 1, 0, 1, 0, 1, 0, 1, 1, 0, 0, 0, 0, 1, 0, 1, 0, 1, 1, 0, 0, 0, 0, 0, 0, 1, 0, 0, 0, 1, 1, 1, 0, 1, 0, 0, 0, 1, 0, 1, 1, 1, 0, 0, 1, 1, 1, 0, 0, 0, 0, 1, 0, 1, 0, 0, 0, 0, 0, 0, 0, 1, 1, 0, 1, 0, 1, 0, 0, 1, 0, 0, 0, 1, 1, 0, 1, 1, 0, 0, 1, 1, 0, 0, 1, 1, 0, 1, 1, 0, 1, 1, 1, 0, 1, 0, 1, 0, 0, 1, 0, 1, 1, 1, 0, 0, 0, 1, 0, 0, 0, 0, 1, 1, 0, 0, 0, 1, 0, 0, 0, 1, 0, 1, 0, 0, 0, 0, 0, 1, 0, 0, 0, 0, 0, 0, 1, 1, 0, 0, 0, 0, 1, 1, 0, 1, 1, 1, 0, 1, 1, 0, 0, 1, 0, 1, 1, 0, 1, 1, 0, 1, 1, 0, 1, 0, 0, 1, 0, 0, 0, 1, 1, 0, 1, 0, 1, 0, 0, 1, 1, 0, 1, 1, 0, 1, 0, 1, 1, 1, 1, 1, 0, 1, 0, 0, 0, 0, 1, 1, 0, 1, 1, 0, 1, 1, 0, 0, 1, 0, 1, 0, 0, 0, 0, 1, 1, 0, 0, 1, 1, 1, 0, 1, 1, 0, 1, 1, 0, 1, 1, 1, 0, 0, 0, 0, 1, 0, 1, 1, 1, 0, 1, 1, 1, 1, 0, 1, 1, 1, 0, 1, 0, 1, 0, 0, 0, 1, 0, 0, 1, 0, 0, 0, 1, 1, 0, 1, 1, 0, 1, 1, 0, 1, 0, 1, 1, 0, 0, 0, 0, 0, 1, 1, 0, 0, 0, 0, 1, 1, 0, 1, 0, 0, 1, 0, 1, 1, 0, 0, 1, 0, 1, 1, 1, 0, 1, 0, 1, 0, 1, 1, 0, 0, 0, 0, 1, 0, 0, 0, 0, 1, 1, 1, 1, 0, 0, 0, 1, 1, 0, 1, 1, 1, 1, 1, 1, 0, 1, 0, 1, 0, 0, 0, 0, 1, 0, 1, 0, 1, 1, 1, 0, 1, 1, 0, 0, 0, 1, 1, 0, 1, 1, 1, 1, 0, 0, 1, 1, 1, 1, 0, 0, 1, 1, 0, 1, 0, 1, 1, 0, 0, 0, 1, 1, 0, 1, 0, 0, 1, 1, 1, 1, 1, 1, 1, 0, 0, 1, 0, 0, 0, 0, 0, 1, 0, 1, 0, 0, 1, 0, 0, 0, 0, 1, 0, 1, 0, 1, 0, 0, 1, 1, 1, 1, 0, 0, 1, 0, 1, 1, 1, 1, 0, 0, 1, 1, 1, 0, 0, 1, 0, 1, 0, 0, 1, 1, 1, 1, 1, 0, 0, 0, 0, 0, 1, 1, 1, 0, 0, 0, 1, 0, 1, 0, 1, 0, 1, 0, 1, 1, 1, 0, 1, 0, 1, 1, 0, 0, 1, 0, 1, 0, 1, 1, 0, 0, 0, 0, 0, 1, 1, 1, 0, 1, 0, 1, 0, 1, 0, 0, 1, 0, 1, 0, 1, 0, 0, 0, 0, 0, 0, 0, 0, 0, 1, 0, 0, 1, 0, 1, 1, 0, 0, 1, 0, 0, 0, 1, 0, 1, 0, 0, 1, 0, 1, 1, 0, 1, 1, 1, 1, 1, 0, 0, 0, 0, 0, 0, 0, 1, 1, 1, 0, 0, 0, 0, 1, 1, 0, 1, 1, 0, 1, 1, 1, 0, 1, 1, 1, 1, 1, 0, 0, 1, 0, 0, 1, 0, 1, 1, 0, 1, 1, 1, 1, 1, 1, 1, 1, 1, 0, 1, 1, 1, 0, 1, 0, 1, 0, 0, 1, 1, 1, 0, 1, 0, 0, 1, 0, 0, 1, 0, 0, 0, 0, 0, 1, 1, 1, 0, 1, 1, 0, 0, 0, 1, 0, 1, 1, 1, 1, 0, 1, 1, 0, 0, 1, 0, 1, 0, 0, 1, 1, 0, 1, 0, 1, 0, 1, 1, 1, 1, 0, 1, 0, 0, 1, 0, 1, 1, 1, 1, 0, 1, 0, 0, 1, 0, 0, 0, 1, 0, 1, 1, 0, 1, 0, 0, 0, 1, 1, 0, 1, 0, 0, 0, 1, 0, 1, 0, 0, 1, 0, 1, 1, 1, 0, 1, 1, 0, 1, 1, 1, 1, 1, 0, 0, 1, 1, 0, 1, 1, 0, 0, 0, 1, 0, 0, 0, 0, 0, 0, 0, 0, 1, 0, 0, 1, 0, 0, 0, 0, 0, 1, 0, 0, 0, 0, 1, 0, 0, 1, 0, 1, 0, 1, 1, 1, 0, 0, 0, 0, 0, 0, 0, 0, 0, 0, 1, 0, 0, 0, 0, 1, 0, 0, 0, 1, 1, 1, 0, 1, 1, 1, 1, 1, 0, 1, 0, 0, 0, 0, 1, 0, 1, 0, 1, 1, 0, 1, 0, 1, 0, 0, 0, 1, 0, 0, 0, 1, 1, 1, 1, 0, 1, 1, 1, 1, 1, 0, 0, 1, 0, 0, 1, 0, 1, 0, 1, 0, 0, 1, 1, 1, 1, 0, 1, 0, 0, 1, 0, 1, 1, 1, 1, 0, 0, 1, 0, 0, 1, 1, 0, 1, 0, 0, 0, 0, 1, 0, 0, 1, 1, 1, 0, 0, 1, 0, 1, 1, 1, 1, 1, 0, 0, 1, 0, 1, 0, 1, 0, 0, 0, 1, 0, 0, 1, 1, 0, 1, 1, 1, 1, 0, 0, 1, 0, 0, 0, 0, 0, 1, 1, 0, 0, 1, 1, 1, 0, 1, 0, 1, 0, 1, 0, 1, 1, 1, 0, 0, 1, 1, 1, 0, 0, 0, 1, 0, 0, 1, 0, 0, 0, 1, 1, 0, 1, 1, 0, 0, 1, 1, 0, 1, 1, 1, 0, 0, 1, 0, 0, 0, 1, 1, 0, 0, 0, 1, 0, 1, 1, 1, 0, 1, 1, 1, 0, 1, 0, 1, 1, 1, 1, 0, 0, 1, 0, 0, 1, 0, 0, 0, 1, 1, 1, 0, 1, 0, 1, 0, 1, 0, 1, 0, 1, 1, 1, 1, 1, 1, 0, 1, 0, 1, 1, 1, 0, 0, 0, 1, 0, 1, 0, 1, 1, 1, 1, 0, 1, 1, 0, 1, 0, 0, 1, 1, 1, 0, 0, 1, 1, 0, 0, 1, 0, 0, 1, 0, 0, 1, 1, 1, 0, 1, 0, 1, 1, 0, 0, 1, 0, 1, 0, 0, 1, 0, 1, 1, 1, 1, 0, 0, 0, 0, 0, 1, 1, 0, 1, 0, 1, 0, 1, 1, 1, 0, 0, 1, 0, 1, 1, 0, 0, 0, 0, 0, 1, 1, 0, 0, 0, 1, 0, 1, 1, 1, 1, 1, 1, 0, 0, 1, 1, 1, 0, 1, 0, 0, 1, 0, 1, 1, 0, 0, 0, 0, 0, 1, 1, 0, 0, 1, 1, 1, 0, 1, 0, 1, 0, 0, 0, 0, 1, 0, 0, 0, 1, 0, 1, 1, 1, 0, 1, 0, 0, 0, 0, 1, 0, 1, 0, 0, 0, 1, 0, 1, 0, 1, 0, 0, 0, 0, 1, 0, 1, 0, 1, 0, 1, 1, 0, 1, 0, 1, 1, 1, 1, 1, 0, 1, 0, 0, 1, 0, 1, 0, 1, 0, 0, 1, 0, 0, 0, 0, 0, 1, 0, 0, 1, 0, 0, 0, 0, 0, 1, 0, 0, 0, 1, 1, 1, 0, 1, 0, 0, 0, 1, 1, 0, 0, 1, 0, 0, 1, 0, 0, 0, 0, 1, 0, 1, 0, 0, 0, 0, 0, 1, 0, 1, 1, 0, 0, 1, 0, 1, 1, 1, 0, 0, 1, 1, 1, 1, 1, 1, 0, 0, 0, 1, 1, 1, 0, 1, 1, 1, 1, 1, 1, 1, 0, 1, 0, 0, 0, 0, 0, 1, 1, 0, 1, 0, 1, 0, 1, 0, 1, 0, 1, 1, 1, 1, 0, 0, 1, 1, 1, 1, 1, 0, 0, 1, 0, 1, 1, 1, 0, 0, 0, 0, 0, 0, 1, 0, 1, 0, 1, 1, 1, 0, 0, 1, 0, 1, 0, 0, 0, 0, 1, 1, 0, 0, 1, 0, 1, 1, 1, 0, 0, 0, 0, 0, 0, 1, 1, 0, 0, 0, 1, 0, 0, 0, 0, 0, 0, 1, 0, 1, 1, 0, 1, 0, 0, 1, 1, 1, 1, 1, 0, 1, 1, 0, 0, 1, 0, 0, 0, 0, 1, 1, 0, 0, 1, 1, 0, 1, 0, 0, 1, 1, 0, 0, 1, 0, 1, 1, 0, 0, 0, 1, 0, 1, 0, 0, 0, 0, 1, 1, 0, 1, 0, 1, 1, 1, 0, 0, 0, 1, 1, 1, 1, 1, 1, 0, 1, 1, 1, 1, 0, 1, 1, 1, 1, 0, 1, 0, 0, 0, 0, 0, 0, 1, 1, 0, 0, 0, 0, 0, 0, 1, 1, 1, 0, 1, 1, 0, 0, 1, 0, 0, 1, 1, 0, 0, 1, 0, 0, 0, 0, 1, 0, 1, 0, 1, 1, 1, 0, 1, 0, 0, 1, 1, 1, 0, 0, 0, 1, 0, 0, 1, 1, 1, 0, 1, 0, 1, 0, 1, 0, 1, 1, 0, 1, 1, 0, 0, 1, 0, 1, 1, 0, 1, 0, 1, 0, 0, 1, 1, 0, 0, 1, 0, 1, 0, 1, 0, 0, 0, 1, 0, 1, 1, 0, 0, 1, 1, 1, 1, 0, 0, 1, 0, 1, 0, 1, 1, 0, 1, 0, 1, 1, 0, 1, 0, 1, 0, 0, 0, 0, 1, 1, 1, 0, 0, 1, 1, 0, 1, 1, 0, 0, 0, 0, 1, 0, 0, 0, 0, 1, 0, 1, 0, 0, 1, 1, 0, 0, 1, 0, 0, 0, 1, 0, 1, 1, 1, 0, 0, 0, 0, 0, 1, 1, 0, 1, 1, 0, 1, 1, 0, 0, 1, 1, 1, 1, 1, 0, 0, 0, 0, 1, 1, 0, 0, 1, 0, 1, 0, 0, 0, 1, 1, 1, 1, 0, 0, 0, 1, 1, 1, 1, 1, 0, 0, 1, 1, 0, 0, 1, 1, 0, 1, 0, 1, 0, 1, 0, 1, 0, 1, 1, 1, 1, 1, 1, 1, 0, 0, 1, 0, 0, 0, 0, 1, 1, 0, 0, 0, 0, 1, 1, 1, 0, 0, 1, 0, 1, 0, 1, 1, 1, 0, 1, 1, 0, 1, 0, 0, 1, 1, 0, 0, 0, 1, 0, 1, 1, 0, 1, 1, 0, 1, 0, 0, 0, 1, 0, 1, 1, 0, 0, 0, 1, 0, 1, 0, 0, 1, 0, 1, 1, 1, 0, 0, 1, 0, 1, 1, 1, 1, 0, 0, 0, 1, 1, 0, 0, 1, 1, 0, 1, 1, 1, 0, 0, 1, 1, 1, 0, 1, 0, 0, 1, 0, 1, 0, 1, 1, 1, 1, 0, 0, 0, 0, 0, 0, 0, 0, 0, 0, 0, 0, 1, 0, 1, 0, 1, 1, 0, 1, 1, 1, 0, 1, 1, 1, 1, 1, 0, 0, 1, 0, 1, 0, 1, 1, 0, 1, 1, 0, 0, 0, 0, 0, 0, 1, 0, 0, 1, 0, 0, 0, 1, 0, 1, 1, 0, 1, 1, 0, 0, 1, 0, 1, 0, 1, 0, 1, 1, 1, 0, 1, 1, 0, 0, 0, 0, 0, 0, 0, 1, 1, 1, 1, 1, 1, 1, 0, 1, 1, 1, 0, 0, 0, 0, 0, 0, 1, 0, 1, 0, 1, 1, 0, 1, 0, 1, 0, 0, 0, 0, 1, 1, 0, 1, 0, 1, 1, 0, 1, 0, 1, 1, 0, 1, 1, 1, 1, 1, 1, 1, 0, 1, 0, 1, 0, 1, 0, 1, 1, 1, 0, 0, 1, 0, 1, 0, 0, 1, 1, 1, 1, 1, 0, 0, 0, 1, 0, 0, 0, 1, 1, 1, 1, 0, 1, 1, 0, 0, 1, 0, 0, 0, 1, 1, 1, 0, 1, 0, 1, 0, 1, 1, 0, 1, 0, 1, 0, 1, 1, 1, 0, 1, 0, 1, 0, 1, 1, 0, 1, 1, 0, 1, 0, 1, 0, 1, 0, 0, 1, 0, 1, 0, 0, 0, 1, 0, 1, 0, 0, 1, 1, 1, 0, 0, 0, 1, 0, 1, 1, 1, 1, 1, 0, 1, 1, 0, 1, 0, 0, 1, 1, 1, 1, 0, 0, 0, 1, 1, 0, 0, 0, 0, 1, 1, 0, 1, 1, 1, 1, 1, 0, 0, 1, 0, 0, 1, 1, 0, 1, 1, 1, 1, 1, 0, 1, 1, 1, 1, 1, 0, 1, 0, 0, 1, 1, 1, 1, 1, 1, 0, 0, 0, 0, 1, 0, 1, 0, 1, 0, 1, 0, 1, 1, 1, 1, 0, 1, 0, 0, 0, 0, 0, 1, 0, 1, 1, 0, 0, 0, 0, 1, 0, 1, 1, 1, 0, 0, 1, 1, 0, 1, 0, 0, 0, 1, 1, 0, 1, 1, 0, 1, 1, 0, 1, 1, 1, 1, 1, 1, 0, 1, 1, 0, 0, 0, 1, 0, 0, 0, 0, 0, 0, 0, 1, 0, 1, 1, 1, 0, 0, 0, 0, 0, 1, 0, 1, 1, 0, 1, 1, 1, 1, 0, 1, 1, 1, 0, 0, 0, 0, 1, 1, 0, 1, 1, 0, 0, 1, 1, 1, 0, 0, 0, 1, 0, 0, 0, 1, 1, 0, 1, 0, 0, 0, 0, 1, 1, 1, 0, 0, 1, 0, 1, 1, 1, 0, 0, 1, 1, 1, 1, 1, 0, 1, 0, 0, 1, 0, 1, 1, 0, 0, 0, 1, 0, 0, 1, 0, 0, 1, 1, 1, 1, 1, 1, 1, 0, 1, 1, 1, 0, 0, 1, 1, 1, 1, 0, 1, 0, 1, 0, 1, 1, 0, 1, 1, 1, 0, 0, 0, 1, 1, 0, 0, 0, 1, 1, 0, 0, 0, 1, 1, 1, 0, 1, 0, 0, 0, 1, 1, 1, 1, 0, 0, 0, 1, 0, 0, 0, 1, 1, 0, 0, 1, 1, 1, 0, 0, 0, 0, 1, 0, 1, 1, 1, 0, 0, 0, 1, 0, 1, 1, 0, 0, 1, 1, 0, 1, 0, 1, 0, 1, 0, 1, 1, 1, 1, 0, 0, 1, 1, 1, 0, 0, 0, 1, 0, 1, 1, 0, 0, 1, 0, 0, 1, 0, 0, 0, 0, 0, 1, 0, 0, 0, 0, 0, 1, 0, 1, 0, 0, 1, 0, 0, 0, 0, 1, 1, 1, 1, 0, 0, 1, 1, 0, 1, 0, 1, 0, 0, 0, 0, 0, 0, 0, 1, 1, 1, 1, 0, 0, 1, 1, 1, 1, 1, 0, 1, 1, 0, 1, 0, 0, 0, 1, 0, 0, 0, 1, 1, 0, 0, 1, 1, 1, 1, 1, 0, 0, 1, 0, 0, 1, 0, 1, 1, 1, 0, 0, 0, 1, 0, 1, 1, 0, 1, 0, 0, 1, 0, 0, 0, 1, 1, 1, 1, 0, 1, 0, 1, 0, 1, 0, 0, 0, 0, 0, 1, 0, 0, 1, 1, 0, 1, 0, 0, 0, 0, 1, 1, 1, 0, 1, 1, 0, 0, 1, 1, 0, 1, 0, 0, 1, 0, 1, 0, 1, 0, 1, 1, 1, 0, 1, 0, 0, 1, 0, 1, 1, 0, 1, 0, 0, 1, 0, 1, 0, 1, 1, 0, 1, 1, 0, 1, 0, 1, 0, 1, 1, 0, 1, 1, 1, 1, 1, 0, 1, 0, 1, 1, 0, 0, 1, 1, 1, 1, 0, 1, 0, 0, 0, 0, 0, 0, 0, 0, 1, 0, 1, 0, 0, 1, 1, 0, 0, 0, 1, 1, 1, 0, 0, 1, 1, 1, 1, 1, 0, 1, 0, 0, 0, 1, 1, 0, 1, 1, 1, 0, 0, 1, 0, 0, 0, 1, 1, 0, 1, 0, 0, 1, 0, 1, 1, 1, 0, 1, 0, 0, 1, 0, 0, 0, 0, 0, 1, 1, 0, 1, 0, 0, 1, 0, 1, 1, 1, 0, 1, 0, 0, 1, 0, 0, 1, 1, 1, 0, 1, 1, 0, 0, 1, 1, 0, 1, 0, 0, 1, 0, 0, 1, 1, 0, 1, 1, 0, 0, 0, 0, 1, 0, 1, 0, 1, 1, 1, 1, 1, 0, 1, 1, 1, 1, 0, 0, 1, 1, 0, 0, 0, 0, 1, 0, 0, 1, 0, 0, 0, 0, 1, 0, 1, 1, 1, 1, 0, 1, 0, 1, 1, 0, 0, 1, 0, 0, 1, 0, 1, 1, 0, 0, 0, 0, 0, 0, 1, 1, 1, 1, 0, 0, 1, 1, 0, 0, 1, 1, 0, 0, 1, 0, 0, 1, 0, 1, 1, 1, 1, 0, 1, 0, 1, 1, 1, 1, 0, 1, 0, 0, 0, 0, 0, 0, 0, 0, 0, 0, 0, 1, 0, 0, 0, 0, 0, 0, 1, 0, 0, 0, 0, 0, 1, 0, 1, 1, 1, 1, 1, 1, 0, 0, 1, 0, 1, 1, 0, 1, 1, 0, 0, 1, 1, 0, 0, 0, 1, 0, 1, 0, 0, 0, 0, 1, 1, 0, 1, 0, 0, 0, 1, 0, 0, 1, 0, 0, 0, 1, 0, 1, 0, 0, 1, 1, 0, 0, 0, 0, 1, 1, 0, 1, 0, 0, 0, 1, 1, 0, 1, 0, 1, 0, 0, 1, 0, 1, 0, 0, 1, 1, 1, 1, 0, 1, 0, 1, 1, 1, 0, 1, 1, 1, 0, 0, 0, 1, 0, 1, 0, 0, 0, 0, 1, 0, 1, 0, 1, 0, 1, 0, 0, 0, 0, 1, 1, 1, 1, 0, 1, 1, 0, 1, 0, 0, 1, 1, 1, 0, 1, 1, 1, 0, 1, 1, 1, 1, 0, 0, 1, 0, 0, 1, 0, 1, 0, 1, 0, 0, 1, 0, 0, 1, 0, 1, 1, 0, 0, 0, 1, 1, 0, 0, 1, 0, 1, 0, 0, 1, 0, 1, 1, 0, 0, 0, 1, 0, 0, 0, 1, 0, 1, 0, 1, 1, 0, 1, 1, 1, 0, 0, 1, 0, 0, 0, 1, 1, 1, 0, 1, 0, 0, 1, 1, 1, 1, 1, 0, 0, 0, 1, 0, 0, 1, 0, 0, 0, 0, 1, 1, 0, 1, 1, 1, 1, 1, 0, 0, 0, 1, 0, 0, 0, 0, 1, 1, 1, 0, 0, 1, 0, 0, 1, 0, 0, 0, 1, 0, 0, 0, 0, 0, 1, 0, 1, 0, 1, 0, 1, 1, 1, 0, 1, 1, 0, 1, 0, 1, 0, 1, 1, 1, 0, 0, 1, 1, 0, 1, 1, 0, 1, 0, 0, 1, 1, 0, 1, 1, 1, 0, 0, 0, 1, 1, 0, 0, 1, 1, 1, 1, 1, 1, 0, 0, 0, 0, 0, 0, 1, 0, 1, 1, 0, 0, 0, 0, 1, 1, 1, 1, 1, 1, 1, 1, 0, 1, 0, 1, 0, 1, 1, 0, 1, 0, 1, 1, 0, 0, 1, 0, 1, 0, 0, 0, 1, 0, 1, 0, 1, 1, 1, 1, 1, 0, 1, 0, 1, 0, 1, 0, 1, 1, 1, 1, 1, 1, 0, 1, 1, 1, 0, 0, 0, 0, 1, 0, 1, 1, 1, 0, 1, 1, 1, 1, 1, 0, 1, 0, 0, 0, 1, 1, 0, 0, 0, 1, 0, 0, 1, 0, 1, 0, 1, 0, 0, 1, 1, 1, 0, 1, 0, 1, 1, 0, 1, 1, 0, 1, 1, 0, 0, 1, 1, 0, 0, 1, 0, 1, 0, 0, 1, 0, 1, 1, 1, 1, 0, 1, 1, 1, 1, 1, 1, 1, 0, 1, 0, 1, 0, 0, 0, 1, 1, 1, 0, 1, 1, 1, 1, 1, 0, 0, 0, 0, 1, 1, 0, 1, 1, 0, 0, 1, 0, 1, 1, 1, 0, 1, 0, 0, 0, 0, 1, 1, 1, 1, 1, 1, 0, 0, 0, 0, 1, 0, 0, 0, 0, 1, 1, 1, 0, 1, 1, 0, 1, 1, 0, 1, 1, 0, 1, 0, 0, 0, 1, 1, 1, 0, 1, 1, 1, 1, 0, 1, 1, 1, 1, 1, 1, 0, 0, 1, 0, 1, 1, 1, 1, 1, 1, 0, 1, 1, 1, 0, 1, 0, 0, 0, 1, 1, 0, 0, 0, 0, 0, 0, 1, 1, 0, 0, 0, 1, 1, 0, 1, 0, 0, 0, 0, 1, 0, 0, 1, 0, 1, 1, 1, 1, 1, 0, 0, 0, 0, 1, 1, 1, 0, 1, 0, 0, 0, 0, 0, 0, 0, 0, 0, 1, 1, 1, 1, 1, 1, 0, 1, 1, 0, 0, 0, 0, 0, 1, 1, 0, 0, 1, 0, 1, 1, 0, 1, 0, 1, 1, 1, 1, 0, 1, 1, 1, 1, 0, 0, 1, 0, 0, 0, 0, 0, 1, 0, 1, 1, 0, 0, 0, 1, 0, 0, 1, 1, 1, 0, 0, 0, 1, 1, 0, 1, 1, 1, 1, 0, 0, 0, 0, 1, 0, 1, 1, 0, 0, 0, 0, 1, 1, 0, 0, 1, 0, 0, 0, 0, 1, 1, 0, 0, 0, 1, 1, 0, 1, 1, 1, 1, 0, 0, 0, 0, 1, 1, 0, 0, 0, 0, 0, 0, 0, 0, 1, 1, 0, 0, 0, 1, 0, 1, 1, 1, 1, 1, 0, 1, 0, 0, 0, 0, 1, 0, 1, 0, 1, 0, 0, 0, 0, 0, 1, 1, 0, 1, 0, 1, 0, 0, 1, 0, 1, 0, 1, 0, 0, 1, 1, 0, 1, 0, 1, 1, 1, 0, 0, 1, 1, 1, 0, 1, 1, 0, 0, 0, 0, 0, 1, 0, 0, 1, 1, 1, 1, 0, 0, 1, 0, 1, 0, 0, 0, 1, 1, 1, 0, 1, 0, 0, 0, 0, 0, 1, 1, 1, 1, 1, 0, 1, 0, 1, 1, 0, 0, 1, 0, 1, 1, 1, 0, 0, 1, 0, 0, 0, 0, 1, 1, 1, 1, 1, 0, 1, 0, 0, 1, 0, 1, 0, 1, 1, 1, 1, 0, 0, 0, 0, 0, 0, 1, 0, 0, 0, 0, 0, 0, 1, 1, 1, 0, 1, 1, 0, 1, 0, 1, 0, 0, 0, 1, 0, 0, 0, 1, 1, 1, 1, 1, 1, 1, 1, 1, 0, 1, 1, 1, 1, 1, 0, 0, 1, 1, 0, 1, 1, 1, 0, 1, 1, 1, 0, 1, 0, 0, 0, 1, 0, 0, 1, 1, 1, 1, 0, 0, 1, 0, 0, 0, 0, 0, 0, 0, 1, 1, 0, 0, 0, 1, 1, 0, 0, 0, 0, 1, 1, 1, 0, 0, 0, 1, 0, 1, 1, 0, 0, 1, 0, 1, 1, 1, 1, 1, 1, 1, 0, 0, 0, 1, 0, 1, 0, 1, 0, 0, 0, 1, 0, 1, 1, 1, 1, 0, 1, 1, 1, 1, 0, 1, 1, 1, 1, 1, 1, 1, 1, 1, 1, 1, 1, 1, 1, 0, 0, 1, 0, 0, 0, 1, 0, 0, 0, 1, 0, 0, 1, 0, 0, 0, 0, 0, 1, 1, 1, 0, 1, 0, 0, 0, 0, 0, 0, 1, 0, 1, 0, 1, 0, 1, 1, 1, 0, 0, 0, 0, 0, 1, 1, 1, 0, 1, 0, 0, 0, 1, 1, 1, 0, 1, 0, 1, 1, 0, 0, 0, 0, 0, 0, 1, 1, 0, 1, 0, 1, 1, 0, 1, 0, 1, 0, 1, 1, 0, 0, 0, 1, 0, 1, 1, 0, 0, 1, 0, 1, 1, 0, 0, 0, 1, 1, 0, 0, 1, 1, 0, 0, 1, 1, 0, 0, 1, 1, 0, 1, 0, 0, 0, 0, 1, 0, 0, 0, 1, 0, 1, 1, 0, 0, 1, 1, 0, 0, 0, 1, 0, 0, 0, 1, 0, 0, 1, 0, 1, 0, 1, 0, 0, 1, 0, 1, 0, 1, 1, 1, 1, 1, 0, 1, 0, 1, 0, 0, 0, 1, 1, 1, 0, 1, 0, 0, 0, 1, 1, 0, 0, 1, 0, 1, 0, 1, 0, 0, 0, 1, 0, 1, 1, 0, 1, 0, 0, 1, 1, 1, 1, 1, 0, 1, 0, 1, 1, 1, 1, 0, 1, 0, 0, 0, 1, 0, 0, 1, 1, 1, 1, 1, 0, 1, 0, 1, 1, 0, 0, 0]