#/home/brian/Documents/summer17/Python/VEC/scripts/make_SBM_graphs.py
# GMT Thu Jul 27 21:51:46 2017
# 
0 1810 3109
1 3928 4921
2 4872 3481 3987
3 261 1125
4 2208 4914
5 3647 2371 3061 4327
6 2706 694
7 245
8 4633
9 3214
10 4704
11
12
13
14 1762 1645
15
16 3968
17
18
19
20
21
22 4813
23 1187
24
25
26 2297 866
27 1899
28
29 480 696 3031
30 2404 3886
31
32 3720
33 1632
34 1048
35 3989
36
37
38 925
39
40 4954 1811
41 1356
42 2256 2117
43
44
45 4094
46
47
48 4680
49 2539
50 2749
51 3570
52 865
53
54 1895
55 1532 758
56
57 4603 4747
58 3412
59 4984 4545 3325
60 521
61
62 4754
63 1614
64 4922
65 2609
66 117
67 2804
68
69
70 2947 3571
71 589
72
73
74 4632 3697 2683
75
76 2810 3375
77 3911
78
79
80
81 2853
82 4148
83 3117 4726
84 2509 3110
85 4747
86
87
88
89 2047 2133 2533
90
91
92 4522 4197
93 4272 1730 4463 2167
94 929 359
95
96
97 3601
98 2034 4532 4262
99
100 628
101 4332
102 1561
103 4087
104 3384 2423
105
106
107 551
108
109 3483
110 4912 900
111
112
113
114 4131
115
116
117
118 4304
119 1637
120 4547
121 2321 2988
122 3265 742
123
124 1440
125
126 2258 3419 2036
127 1234 4605 4319
128 3671 3591
129 1331
130 4645
131 1688 4337
132 819 277
133
134 1383
135 4091
136
137 4852 4324 2261
138 1445
139 841
140 1921 3930
141 2394 934
142 644 1212
143
144
145 4228
146 1017
147 1282 4868 2613
148 3183
149 240 3251
150 3088 194 4238
151 4967
152 527
153 3430
154
155
156 850 759
157 3472 4892
158 1548
159
160 3920 2450
161 4161
162 1910
163
164 2067
165 4273 4597 991
166 1969 2186 3425
167
168 1521 4123
169 1864
170 3000
171
172
173
174 2837
175 4584 467 1670 1294 3823
176 2115 1470
177 3673
178 2286 486 4791
179
180 3636 2061
181 3064
182 3873 477
183 4043
184
185 3268
186 1917
187 3823
188 3312 1609 3680 903
189
190 3877 4557
191 3081 4662 1399
192 741 3262
193 3986 4046
194 4120 1378
195 2799
196 4121 1917
197
198 4818 1756
199 2203
200 4357
201
202
203
204
205 2053
206
207 517 2070 719
208
209
210 4508 4638 2655
211
212
213 677
214 3292 1123 236
215 4204 4269
216
217 4227
218 1299
219 1197
220 3809 4949 4654
221
222 2436 1660
223 2253
224 4466 2343
225 3405
226 3996
227
228 697
229 2181
230
231 4829 3350 3655
232 1699
233 570
234
235 2618
236 422
237 3027
238 3898 2099
239 3089 1653
240 4003 3013
241 445 862
242
243 1648
244 2986 2723
245 4033 2074
246 4111
247 3794
248
249
250
251
252
253 1791
254 4456 2454 1591
255
256
257 2909
258 2516 3582 2999
259 707
260
261
262 4406
263
264 3106
265 3758
266 567
267 1896 2785 3645 3253
268
269 1228
270 1732
271 2908
272
273 1495
274 2376
275 2041
276 4361 1703
277 712
278 2585 4549 2862 3145
279
280
281 3687 2903
282 925
283
284 2459
285 2001
286
287 4608
288 3115
289 2274 4206
290 1143
291
292
293 3790
294 1511
295
296
297
298
299 2209
300 2306
301 4807
302 1381 2599
303 968 2085
304
305
306 778 4181
307
308
309 1178
310
311
312 3981
313
314
315
316 4733 2079
317 3699
318 2379 3909
319 4957 4885
320
321
322 3814
323
324 1334
325 335
326 4271
327
328 3480
329 2808 1402
330 4451
331 3313
332
333
334 733
335
336 3921 3786 2437
337 3185
338
339 4604
340
341 1150
342 2560
343 1930 3508 2438
344 4777 514 2967
345 3652
346 2066 3349
347
348 1933 606
349 4162
350 2829
351
352
353 1339 4900 3507
354
355 3507
356 4383
357 3350
358
359 4428
360 4829 1663
361 383 799
362
363 3817 4770
364
365 3267 1955
366 2854
367 1656
368
369
370
371 4774 1639
372 4152 2713
373 2306
374 480 873 3723
375
376 3077
377
378 4170 2147
379 3236 4501
380
381 4960 1501
382 1170 794 726
383
384
385
386 1140
387
388 3984
389
390
391
392 3172
393
394 864 3105 677 2149
395
396 731
397
398 614
399
400 4966 1350
401 4236
402 2329 981
403 4389
404
405
406 2820
407
408
409 4628 3650 1588
410 656 528
411 2779 1284 4862
412 2943
413 1391 2791
414
415
416 1341
417 4826 1883 2119
418 4656
419 3981
420 1314
421
422 4179 918
423 1347 2829
424
425 676 3958 2743
426 492 2197
427
428
429 1030
430
431
432
433 1488 1761 1063
434 1450 1415 2279
435 2702
436 3928
437 4801 3874 4964
438
439 3498
440 1737 4511
441 874
442 4357
443 2217
444 3610
445
446
447
448
449
450
451
452 2058 4621
453 3764
454 3265 1445
455
456 2735
457 3548 1479
458 3183
459 3319
460
461 4436
462
463 2699 1782
464
465
466 1157
467
468 1163
469 4391
470 2661
471
472
473
474 1294
475 4124
476 4318
477
478 1063
479
480 3162 2763 940
481 2032 2154
482
483 4256 2913 2818
484 2248
485 4265
486
487 4201 4653 2193
488
489
490
491 1000 3145 4228 566 1358
492
493
494 2008
495 3028 3205
496 1004
497
498
499 4157
500 4157
501 4033
502 4880
503
504 3788
505 3727
506
507 1395 3500 1431
508 1003 2630
509 4215 4847
510 1426 2839
511
512
513
514
515 2854
516
517 1326
518 2658 4215
519 1722 4556
520 1697
521 1489
522 684
523
524 602 1238
525 4672 2351
526 1808
527 2338 3971 2643
528
529 3353 1148 4054
530
531 2028
532
533 2328 3270
534 1154 2165
535 4198 3807
536 2072
537
538 4840 3992 4554 2254 1719
539
540
541 3716
542
543
544
545
546
547
548 4754
549 585
550 2054
551
552 1917
553
554 4813
555 1491
556
557 3111
558 2055
559
560
561
562 1079
563 2432 1042
564 2744 2305 4192 3992
565 2180 1157
566 2139
567
568 2470
569 3500
570 2132
571 1414
572
573 2905 4825
574
575 3964
576 3386
577 2336
578 1888
579 4164 2980
580
581 595
582 3236
583
584 4521
585
586
587 3416 1212 3526
588
589
590
591
592 1654
593
594 3193
595
596 1741 1918
597 1944 3876
598
599 843
600 3401 826 4341
601 3166
602 2944 4588
603 2047
604
605 928 3579 2814 3126
606
607
608
609 3074 2044
610
611 1403
612
613 2322 3267 3887
614
615
616 4631
617
618
619 4814
620 4357
621 1736
622 1999
623 2438
624
625 2609 2482 3869 734
626 4465 4931
627
628 1356 2077
629 3698
630
631 2480 3798
632 1155 916
633 4557
634 4002 2703
635
636
637 1173
638 4227
639 3384 2921
640 2570
641
642 2913 4165 3573
643 2355
644 2060
645
646
647 1912
648 3387 3325
649
650
651 2010 1055
652 4000 3661 4023
653
654 4558
655
656
657
658
659 3369 2452
660
661
662 3769
663
664
665
666
667 4062
668 4112
669 3260
670 4203
671 2962 815
672 1430
673
674
675 4148 4636
676 2114 1159
677 4346 4655
678
679 4293
680
681 3936 987 4229 3815
682 2682
683
684
685 3163
686 1946
687
688
689
690
691
692 2775 2743
693
694
695
696
697 2562
698 3907
699
700 1642
701
702
703 1182
704 3735
705 3562
706 4248 2230 2255
707 4716 2811
708 2633
709 2184
710
711
712 3787 3783 3503
713 1380 2431
714
715 1789
716
717 3648 2223
718 2806
719
720 3248 3625 723 2435
721 3677
722
723
724
725 1928
726 2070
727 1642
728 3531
729 2347 3709
730 3833 3691
731
732
733
734 1042 4530 1502 4001
735 4020
736 2525
737 3550
738 4483
739 4853
740 3118
741 4758
742 3120 3556
743
744
745 4812
746 2873 1269
747
748 4921 4467 2660
749
750 3886
751 4965
752 1907
753
754 3251 4180
755
756 1905 4179 2969
757 2111
758
759 3288 4780
760
761
762
763 977
764
765 1380 982
766 4417
767 2582
768
769
770 4585 1311
771
772
773
774
775
776
777 3803 3108 3063
778 1938
779
780
781
782 3065 1263
783
784 3123 4517
785 3358
786 4612
787 1702
788
789 3240 1585
790 1465 1196
791 2988
792
793
794 4748
795 1252 4044
796
797
798
799 2120 3490 3838
800 1852
801 2837 1366
802 2462
803
804
805
806
807
808 1181
809 2953
810 4840 4112 1994
811 3356
812 2194 2399
813
814 2000 4896
815
816 3397 4895
817 1344 918
818
819
820 4581 2447
821
822
823 2381
824 2386 1836 1834
825
826 4322 2199
827 4743 2917 1798 4981
828 3473
829
830 1148
831 2714
832 2212
833
834 2496 4976 1891
835 2147 2470
836 3748
837 1022
838 2977 3818
839
840 3774
841
842 2890
843 1344 2300
844 1402
845
846
847 3949
848 1030
849 4601 3092
850
851
852 3828
853 2193 4021
854
855 4749
856 1979
857 1155 2788
858 4707 3973
859 2282
860 2664
861
862 2543
863 4497 3146
864 1791
865
866 1117
867
868 4727
869 1595
870 2465
871 2813
872
873
874
875
876
877 1065
878 3861
879 1803
880 3783
881 2825 3007
882 3148
883 2832 4887
884 4778
885 4492
886 4963
887 2100
888 4960 1229 2806
889
890 3554
891
892 986
893 1268
894 2864 4340 1245
895 3867 1477
896
897 4075
898
899 2045
900 2128 4024 3725
901 4968
902
903
904 4588 2495
905 1323
906 2096 2024 2610 2387
907 4641 2564
908 3502 3718
909
910
911 3409 1401
912 3826 2566 1822
913
914 3911
915
916 2406
917 2497 3653
918 1759
919
920
921 4362
922 4444
923 3833 3113
924 2771 4285 4022
925 1369 3796
926
927 2309
928 4016 3408 2243
929 4824
930 2299 2148
931
932 2037
933 3055
934
935 1681
936 1089 4098
937 1709
938 4041 2850 4857
939
940
941
942
943 1891
944
945
946
947 1618 2710
948 2140 3780
949 3564
950 3633 1283
951
952 1674
953
954 1212
955
956 1300 4798
957 2603 4262
958 3739
959 1024
960 3064 2396 1647
961
962
963
964 3139 4174
965
966
967 1548
968
969 3900
970
971
972 4278 3374
973 3160 3002
974 3042
975 3955
976
977
978
979 4730 1837 4063
980 1834
981 2664
982 2508 3774
983
984 4041
985 1292
986 2684
987
988 1429
989
990 2590
991 2481 1351
992 4933
993 4060
994 1561
995 2036
996
997
998
999 2551
1000
1001
1002
1003 2057 3335
1004 3492 1204 1054
1005
1006
1007
1008
1009 3719
1010
1011 4038
1012 3765
1013 2892 4388
1014 4269
1015 1790
1016 1825 1087
1017 4858 3418
1018
1019 3751 2047
1020
1021
1022 4103
1023 1432 1979 4853
1024
1025 1696 2564
1026
1027 1936
1028
1029 1800 1233 1814
1030
1031
1032
1033
1034 1536 4987
1035 1486
1036
1037 1635
1038 3344 1714
1039
1040
1041 2844 3791
1042 3801 4484
1043
1044
1045 1760 2008
1046 1627
1047 3634
1048
1049
1050 1570
1051 3354 2388
1052 4064
1053
1054 1952 3038
1055
1056 4465
1057 3796
1058 3330 3148
1059
1060 1096 3223
1061 1567
1062
1063
1064 3600 1630
1065
1066 2673
1067
1068
1069 4738 1362
1070
1071
1072 3104 1668
1073 3756 3687
1074
1075 1795
1076 4064 4159
1077 3591
1078
1079 1168
1080
1081
1082
1083 1187 2469
1084
1085
1086 2209 3780 4053 3541
1087
1088
1089
1090
1091
1092
1093 1143
1094 4553
1095
1096 2199
1097
1098
1099
1100
1101
1102 1457
1103 3958
1104 2032 3404
1105 4866 4084
1106
1107 3251 1279 2231
1108 4036
1109 3542
1110 1404
1111 2614
1112 2534
1113 3186
1114
1115
1116 3088
1117
1118
1119 1315
1120
1121 4353
1122
1123
1124 2227
1125
1126
1127
1128 2221 4701 1159
1129 4692 3973
1130
1131 4524 4503
1132 1872 1488
1133 1205 2301 2327
1134
1135
1136 3526
1137 2728 2118
1138
1139 4882
1140
1141
1142 4632
1143 4450
1144
1145
1146 3175
1147 1586
1148 1472
1149 4704 4106 4836
1150 1768
1151
1152 1761 1868
1153 1650
1154
1155
1156 4055
1157
1158 2926
1159 3729 3209
1160
1161 3383
1162
1163
1164 3224
1165 4409 4035
1166 3888 3550
1167 4816 4661
1168
1169
1170 1214
1171
1172 2561 3371 1454
1173 4191
1174 4977 4762 4020 4149
1175
1176 3090
1177
1178 3529
1179 1903
1180 4526
1181
1182
1183
1184 2250 3420
1185
1186 4603
1187 3819 3557
1188
1189 2930
1190
1191 4094
1192
1193 2809
1194 2798
1195
1196 3336
1197 1943
1198
1199 4176
1200
1201 1785 1796
1202
1203
1204 4507
1205 3057
1206 3115 3837 3653
1207 2513
1208
1209 3575 1901 4855
1210 4659
1211
1212
1213
1214 2769
1215
1216
1217
1218 2471
1219 1656
1220 1330 4940
1221 2713
1222 3822
1223 2676
1224 3968
1225
1226
1227 3778
1228 1304 1562 4484
1229
1230
1231 3110
1232 4918
1233
1234 4653
1235
1236
1237
1238
1239
1240 4040 1321
1241
1242 1957 3686
1243
1244 1465
1245 3876 4909
1246 3373
1247 1685
1248 4642 1461
1249
1250
1251 1828
1252 2253
1253
1254
1255 2824
1256 1516 3535
1257 4601
1258
1259 3403
1260 2457
1261 2859 3356
1262
1263
1264
1265 4137 2925
1266 2858
1267 1989
1268
1269 2036 1941
1270 1681 2172 4813
1271 4116
1272
1273
1274
1275 3552
1276 1472
1277
1278
1279 4008 4693 3027
1280 3568 2727
1281
1282 3817
1283 4969
1284
1285 1982
1286 2658 3252 1509
1287 4134
1288 3720 3726
1289 1809 1823
1290
1291 4916
1292 3546
1293 3984 2383
1294 1556 3996
1295
1296 3740
1297
1298 3457
1299 3022
1300 2568 1427
1301 1369
1302 4377
1303 2302 2958
1304 1488 4413
1305
1306
1307 3950
1308 3697 4778 3181
1309 1789
1310
1311 3676
1312
1313
1314 4081 3884
1315
1316 3270
1317 2674 4332
1318 2819
1319 3275
1320 1672
1321 4883
1322 4465
1323
1324
1325
1326 1425
1327 3637 1614
1328
1329 2529 3476
1330 2863
1331 1810 2153
1332 1796
1333
1334 2965 2127
1335 4716
1336
1337
1338
1339
1340
1341
1342
1343
1344
1345 2072 2275
1346 3279
1347
1348
1349 2675
1350 2406
1351 2660
1352
1353
1354
1355
1356 3696 1698
1357 4960 1777 3274
1358 2860
1359
1360 4743
1361 2661 4830
1362 4818 2525
1363
1364
1365 4542
1366
1367 1976 1730
1368 1463
1369
1370
1371 3715 2820
1372 2596 2165
1373
1374
1375 2159
1376
1377 2291
1378 4862 1623
1379 4159
1380 3349 2065
1381
1382 1896 1594
1383 4001
1384
1385
1386 2056 2489
1387 2122 2247
1388 2897
1389 4000 2729 3574 4510
1390 4605
1391 4908
1392 1957
1393
1394 3513 2377
1395 3171 3502
1396
1397
1398
1399 1894
1400
1401
1402 2676
1403 3714 2594
1404 4205
1405
1406 3664
1407 4226 3363 4007
1408
1409 3456 2776 1670
1410 2707
1411 2771
1412
1413 2777
1414
1415
1416 4065 3635
1417
1418
1419 2597
1420 4704 3861
1421 4835 3309
1422 2597 3975
1423 4337
1424
1425 4427
1426 4017
1427
1428
1429 4451
1430 3910
1431 4103 1926 1751
1432 1495
1433
1434
1435
1436 2908
1437 3619 1518
1438 3019 3694 4087
1439 2193
1440
1441 2155 4287
1442
1443 1689
1444 4462
1445
1446
1447 2263
1448
1449 3721 2007
1450 2391 3588 1943
1451
1452 3197
1453 3203
1454 3859
1455 3502
1456 2153
1457 2500
1458 2356 3191
1459
1460
1461 2317
1462
1463 2137
1464 4712 1803
1465 2317
1466
1467 2616 4333 3495
1468 2392 1581
1469 3401 4699 3854
1470
1471
1472
1473 4857 4037
1474
1475 2565
1476
1477
1478 3951
1479 4314 4145
1480 4782
1481
1482
1483 2992
1484 1603
1485 2614 4919
1486
1487 1738
1488 4714
1489 2962
1490
1491
1492 4074
1493
1494
1495
1496 3130
1497 1736 1935
1498 1681
1499 3099
1500
1501
1502 4069 3845
1503 2384 4703
1504 2506
1505 4280 1804
1506 4838
1507
1508
1509 1752
1510 3302
1511 2843
1512 2679 2620 3311
1513 4462 3822
1514 4178
1515
1516 3746 4573
1517
1518
1519 2368
1520 4453
1521
1522 3945
1523
1524 3587 3614 3623
1525
1526 3743
1527 2007 3271
1528
1529 3357
1530 2756 3308 4822 4316
1531 2938
1532 3797 1742 2527
1533
1534
1535 4513 3754
1536 2232 3214
1537 4342
1538
1539 1792 1627
1540 4944 3511
1541
1542
1543 2625 3467 4532
1544
1545 2116 1991
1546
1547 2057 1723
1548 4061
1549 2435
1550
1551 3314 4818 4786
1552
1553
1554
1555
1556 4842
1557 2998
1558
1559 4429 3887
1560 2411
1561
1562
1563
1564
1565 1905
1566
1567 3091 3287
1568
1569 2729 3067 3140
1570
1571
1572 1660 4741
1573 3290
1574 2218
1575 4471
1576
1577
1578
1579 3748 3302
1580 4432
1581 3754
1582
1583
1584
1585
1586 4073
1587 3744 2234 3011
1588 3288 4805
1589
1590 3281 4702
1591 3873
1592
1593 2862
1594 4784 2307
1595
1596
1597 4995
1598 3641
1599
1600
1601 2371 1684
1602
1603 4652 4413
1604
1605
1606
1607 3024
1608
1609
1610
1611
1612
1613
1614
1615 1769
1616
1617 3630
1618
1619
1620
1621 2441 2145 1655
1622 1858
1623
1624 3717
1625
1626
1627
1628 2629
1629
1630 3115
1631
1632
1633
1634 3203 4119
1635
1636
1637 3653
1638 3672
1639 4790
1640
1641 3802
1642 4359
1643 3443
1644 2904 4051
1645
1646 4106 3199
1647 1786
1648
1649
1650 3877
1651 4182
1652
1653
1654 2210 2826
1655 4036 4213
1656 4096
1657 4078 3542
1658 4543
1659 3177
1660
1661 4400
1662 2675 3531 2996
1663
1664 2882
1665 4130 4803
1666 1950
1667
1668 4651
1669 4072 3913
1670
1671 1880
1672 2887
1673
1674
1675
1676 4939 3103
1677 4030
1678 3597
1679
1680 3027 3727
1681 4656 3341
1682 4442
1683 3073 4925 2902
1684
1685 4612
1686 3601
1687 2541
1688
1689 2898
1690 3224 4737
1691 3085
1692 4997
1693
1694 3144
1695
1696 4540
1697 4422
1698 3836 4685
1699
1700 4061 4775
1701
1702
1703 3566
1704 4573
1705 3206
1706
1707
1708
1709 3283 1951
1710 3286 3943
1711
1712 3738 2535
1713
1714 2675
1715 2117
1716
1717 1970
1718
1719 4857
1720 4248 2125
1721 3971
1722
1723
1724
1725 2564
1726 1777 2606
1727 4424 4349
1728 2106
1729
1730 3194
1731
1732 2145
1733 4913
1734
1735 3838
1736 2080 2896
1737 3666
1738
1739
1740 2242
1741
1742 2971
1743
1744
1745
1746 3740
1747
1748
1749
1750 4840
1751 4557
1752 4066
1753 3341
1754
1755
1756 4494
1757
1758
1759 2838
1760
1761 4693
1762
1763
1764
1765
1766
1767
1768
1769 3428
1770
1771 3192
1772 2721 4898 4452
1773 3352 3268 2951
1774
1775
1776
1777 4887
1778 1972
1779 4436
1780
1781 3103
1782
1783
1784
1785 2650
1786 3504 3193
1787 3740 3516
1788
1789
1790
1791 2881
1792
1793
1794
1795 2243
1796 4133
1797 4024
1798
1799
1800
1801
1802
1803
1804 3628
1805
1806
1807
1808 4354
1809 4456
1810
1811
1812
1813 4521 3614
1814 1999
1815
1816 3391
1817
1818
1819 4167
1820
1821
1822 2572 4162 1932
1823
1824
1825 4629
1826 2618
1827
1828 2751
1829
1830 3291
1831 2635 4237
1832 3307
1833 4159
1834
1835 4048
1836 2768 3867 2470 3983
1837
1838
1839
1840
1841
1842
1843
1844 1938 4444 4030
1845
1846 2677 2879
1847 4794
1848 4671 4047
1849
1850 4345
1851 2073
1852 2726 4775
1853
1854 4150
1855 4450
1856 4921 2719
1857
1858 3595
1859 3905 2914 3948
1860 4440 4205
1861 3930 4973
1862
1863
1864
1865
1866 3064
1867
1868 3654
1869 2630
1870 4003
1871 4893
1872 2606
1873
1874
1875 3689 3226
1876 4446
1877
1878 3751
1879
1880
1881 2067
1882
1883
1884 4467
1885
1886
1887 4495
1888 2998
1889 2864 3937
1890 3728 2177
1891
1892 2706
1893 4357 4174 2279
1894
1895
1896 3941
1897 4243
1898 2049 2372
1899 2868
1900 3523
1901
1902
1903
1904 2385
1905 4615
1906
1907
1908
1909 2211 4470
1910 2437 2354 2315 3051
1911 3857 4301
1912
1913
1914
1915 2351
1916 1974
1917
1918 2138
1919 2778
1920
1921 3136
1922
1923 4549
1924
1925 3026
1926
1927 2246 3966
1928
1929 2778 4829
1930
1931 4968 4430 2359
1932
1933
1934
1935
1936
1937
1938
1939 4352 2022
1940 2856 3521
1941 1961
1942 3288
1943 3881 3226
1944
1945 2490
1946
1947
1948 3973
1949
1950 4253
1951
1952
1953 3175
1954
1955 2031
1956
1957 2212 2231
1958
1959 4377
1960 2777
1961 4899
1962
1963 4219 2902
1964 2090
1965
1966
1967 4150
1968
1969
1970
1971
1972
1973
1974
1975 2998
1976
1977
1978 4527
1979 2465
1980 3329
1981
1982 2256 2697 4676 2765
1983 2894
1984 4116 4071
1985 3296 4975
1986 2678
1987 2280 3626 3500
1988
1989 4602 2214
1990
1991 2801
1992 3306 4619
1993
1994
1995
1996 4636
1997 3423 4623
1998 2916 3366
1999
2000 2952
2001
2002
2003 4442
2004 2945
2005 2027
2006 2524
2007
2008
2009
2010
2011 2347
2012
2013
2014
2015
2016
2017 2251
2018
2019 2130
2020
2021 3478
2022
2023 2660
2024
2025 2733
2026
2027 4022
2028 3372
2029
2030
2031
2032
2033
2034
2035 3898
2036 4261
2037
2038
2039
2040 2479
2041 3365 3591
2042
2043
2044 4147
2045 3933 2151
2046
2047 2722 4868 3784
2048
2049
2050 4495
2051 4032
2052 3872
2053
2054
2055 3638
2056
2057
2058
2059 2741 4014
2060
2061 2947
2062
2063 2996 3046
2064 3428
2065 4476
2066
2067
2068 3682 4757
2069 4673
2070
2071 4681
2072
2073
2074
2075
2076
2077
2078 4532
2079 3636
2080
2081 4710
2082
2083
2084
2085 3965
2086
2087 2761 4594
2088
2089 3433
2090 2259 3070
2091
2092 3720 3825 3974
2093 3276 3638
2094 2482
2095
2096
2097 4051
2098
2099
2100 4089
2101 2781
2102 2765
2103 3932
2104
2105
2106
2107
2108
2109
2110
2111 2999
2112
2113
2114 4648
2115
2116 2556 2745
2117
2118
2119
2120 4033
2121
2122
2123 3155
2124
2125
2126
2127 3707 3382 3214
2128 3055
2129 3296
2130 4481 4495
2131
2132 4885
2133
2134
2135
2136 2317
2137
2138
2139
2140 4544 4978
2141
2142 3280 4691 3255
2143
2144 3805 4502
2145
2146
2147 2230
2148
2149
2150
2151 4512 3254
2152 3931 2397
2153
2154
2155
2156 3293 4197
2157 3152 3184 2251
2158 2692
2159 2482 4933 4958
2160 2466 2916 3038
2161 2742
2162 4060
2163 4890
2164
2165 4284 4682 2339
2166
2167 2955
2168
2169
2170 3349
2171 3123
2172 4443 2839
2173 4342
2174 3975
2175 3159
2176
2177 4209
2178 3302
2179
2180
2181
2182 2721
2183 2761
2184 2287
2185 3458
2186 2338
2187
2188
2189
2190
2191 2984
2192 3310
2193
2194
2195
2196 4541
2197
2198 3396
2199
2200
2201 3824 3947
2202
2203 2867
2204 4938
2205
2206
2207 3739
2208 4472 3155
2209 2371
2210 2466
2211 4890
2212
2213
2214 2666
2215
2216 2920 2999
2217 3544 3076 3228
2218
2219 4691
2220
2221
2222
2223 2777
2224
2225
2226
2227 3281
2228
2229 4035 3893
2230 3002
2231 2344
2232 4823 3511
2233
2234 4064
2235 4752 4443 4727
2236 4193 4979
2237
2238 4808 3155
2239 3231
2240 4279
2241 4864
2242 2435
2243
2244
2245
2246
2247 2542
2248 3723
2249
2250
2251
2252
2253
2254
2255 4048 4277
2256 4808 4111
2257
2258
2259 4891 3805
2260 3697 3883 4173
2261 4091
2262
2263
2264
2265
2266 3620
2267
2268 2346 3275
2269
2270
2271
2272 4761
2273
2274
2275
2276
2277
2278 4261
2279 4570
2280 4274
2281 3793
2282 2798
2283 2955
2284
2285
2286
2287 3817
2288 2390
2289
2290
2291
2292
2293 2769
2294 2536 2533
2295
2296
2297
2298
2299
2300 4856 3201
2301 2675
2302
2303
2304
2305 3058
2306
2307
2308
2309
2310
2311
2312
2313
2314
2315 2350
2316 4334
2317
2318 3344 4208 4277
2319 2935
2320 4665 3011 2444 4885
2321 2590
2322
2323 3084
2324 2849
2325
2326 4830
2327
2328 4312 3253
2329
2330
2331
2332
2333
2334 4416 4430
2335 2690 2789
2336 2932
2337
2338
2339 4510
2340
2341 4192
2342 2376
2343
2344
2345 3941
2346 4922 2908 4338
2347 3104 4767
2348
2349
2350
2351 3087
2352
2353
2354
2355 4234 2996
2356
2357
2358
2359
2360
2361
2362
2363 3637
2364
2365 4992
2366
2367 3983
2368
2369 3510
2370 3176 4507
2371 4254
2372
2373 4625
2374 3139
2375 2417
2376
2377 4386
2378 3540
2379
2380
2381 3692
2382 4080 4006 4599
2383
2384 4082
2385
2386
2387 4864 3573 3814
2388 4369
2389 2986
2390
2391 3278
2392 3966 2975
2393
2394
2395 3646
2396
2397
2398
2399 4311
2400 3616
2401 4970
2402
2403
2404 3035 4515
2405
2406
2407 4764
2408 4251 4220
2409
2410
2411 3269
2412
2413 4429 3935
2414
2415
2416
2417
2418 2805
2419 2760 3532
2420
2421
2422
2423
2424 4957
2425
2426 2643
2427 2842
2428 4897 2486
2429
2430
2431
2432 3910
2433 2925
2434
2435 3735
2436
2437 4519
2438
2439 3671
2440
2441
2442 3911
2443
2444
2445
2446 3481
2447
2448
2449
2450 3303
2451 2470
2452
2453
2454
2455
2456
2457
2458
2459
2460 3928
2461 4948
2462 3307
2463 3122
2464 3720
2465
2466
2467 3026
2468
2469
2470
2471
2472
2473 4102
2474 3620
2475
2476
2477
2478
2479 4630
2480
2481 4828
2482
2483
2484 4059
2485 4922
2486 2891
2487 2904
2488
2489
2490
2491 4666 2646 4519
2492
2493 4730
2494 3700 4950
2495 4265
2496 4985 2510
2497
2498 3553
2499 4113
2500
2501
2502 2850
2503
2504
2505
2506
2507 4653
2508
2509
2510
2511
2512 4868
2513
2514
2515
2516
2517
2518 4933
2519
2520
2521
2522
2523 4902
2524
2525
2526
2527
2528
2529 2875
2530 3670
2531 2646
2532 3944
2533 3868
2534
2535
2536
2537
2538
2539 4121
2540 2727
2541
2542 2723 3731
2543 4848 3821
2544
2545
2546 4826 3748 2778
2547
2548
2549 3046
2550
2551
2552
2553
2554
2555
2556
2557
2558
2559 3605
2560
2561
2562
2563
2564
2565
2566
2567 2921 2890
2568 2827
2569
2570
2571
2572
2573
2574
2575
2576
2577 2865 3908
2578 3148
2579
2580
2581 4480 3021
2582 3640 3445
2583 4712 3258
2584 2778
2585
2586 4482
2587
2588
2589 3950
2590
2591
2592 3091
2593 3297
2594
2595 4583
2596
2597
2598 2640 4397
2599
2600
2601 3098
2602
2603
2604
2605 2682
2606 4150
2607
2608 3965
2609 4972
2610
2611
2612
2613
2614 3800
2615
2616 2892 2958
2617
2618 3463
2619 3262
2620 3317
2621 3335
2622
2623
2624
2625
2626 4943
2627 4829
2628
2629 3123
2630 4438
2631 3494
2632 3162
2633
2634
2635
2636
2637
2638 4736
2639 2657
2640
2641 4444
2642 3892 3389
2643
2644
2645 4057
2646
2647 3423
2648
2649
2650
2651
2652 3089
2653
2654 3187
2655 3290
2656 4409
2657 3155
2658
2659 4233
2660
2661 3873
2662
2663
2664 3762
2665 3966
2666
2667 4874 3668
2668 2968
2669
2670
2671 3701
2672
2673
2674
2675
2676
2677 4926
2678 4843
2679 3568
2680
2681 4746
2682
2683
2684
2685
2686
2687
2688
2689
2690
2691
2692
2693
2694 4860
2695 2711
2696
2697
2698 2792
2699 4538
2700
2701 3754
2702 3575
2703
2704
2705
2706
2707 4941
2708
2709 4473
2710 3503
2711
2712 2795
2713 3745 4748 3573
2714 4670
2715
2716
2717
2718 3383
2719
2720
2721
2722
2723 4751
2724
2725 4697 3242 4100
2726
2727 3608
2728
2729
2730
2731
2732
2733 2836
2734
2735 3528
2736 2841
2737 3129
2738
2739
2740 4627
2741 4936
2742
2743
2744
2745 3017
2746
2747
2748 3184 3072
2749
2750
2751
2752
2753
2754 2821 3365
2755 3457
2756
2757 3524 3557
2758 3024
2759 3488
2760 4962
2761
2762
2763
2764 4442 4775
2765
2766 3482 4492
2767
2768 4045
2769
2770
2771
2772
2773
2774
2775 4560
2776
2777
2778 4497 3966 3199
2779
2780
2781 3208
2782 4653
2783
2784
2785
2786
2787
2788 4729
2789 4568 3774
2790
2791 4550 4287
2792
2793
2794
2795
2796 3003
2797
2798 4921 4189
2799 4896
2800 3138
2801
2802 4539
2803
2804 4115
2805
2806 4015
2807 3800
2808 2911
2809 3473
2810 3562
2811
2812
2813
2814
2815 4660
2816
2817
2818 3712
2819
2820
2821 4184 3769
2822 3629
2823
2824
2825 3674
2826
2827 3968
2828
2829 4044 4238
2830 3611
2831
2832 4918
2833
2834 3558
2835 4510
2836 3344
2837 3455
2838
2839 3685
2840 4358
2841 3718
2842 3639
2843
2844 4588
2845
2846 3191
2847
2848
2849 3184
2850
2851
2852
2853
2854 3297 3671
2855
2856
2857 3410
2858 3505
2859
2860
2861 3255
2862
2863 4332
2864
2865 3561 4927
2866
2867 3745 3221
2868 4103
2869
2870 4826
2871
2872
2873
2874
2875 3161
2876
2877
2878 3525
2879 4457 3635
2880 2884 3525
2881
2882 4006
2883
2884
2885
2886
2887
2888
2889
2890 3995 3658
2891
2892
2893 4647
2894 4357
2895
2896
2897 3951
2898
2899
2900 4808
2901
2902 3101
2903
2904
2905
2906 3233 4594
2907
2908 3323 4226
2909
2910 3852 4655
2911 3327
2912 4681
2913 3279
2914
2915
2916
2917 3554
2918
2919 3842
2920 3529
2921
2922
2923 3325
2924
2925
2926 4274
2927
2928 4560 3550
2929
2930
2931 3531 4811
2932 4747
2933
2934
2935 4874
2936 3145
2937
2938
2939
2940
2941
2942
2943
2944
2945
2946
2947
2948
2949
2950 4262
2951
2952
2953 4383
2954
2955
2956 3665 3574
2957 3515
2958 3826
2959
2960 3306
2961
2962
2963
2964 4957
2965 4925
2966
2967
2968
2969
2970
2971 3823
2972
2973
2974
2975 4430
2976
2977
2978 4688
2979 3472
2980 4945
2981
2982
2983
2984
2985 4943
2986
2987
2988 4555
2989 4821
2990
2991
2992 4042
2993
2994 3871
2995
2996
2997
2998
2999
3000
3001
3002
3003 4056
3004
3005
3006
3007
3008 4468
3009
3010 3651 3011
3011 4598
3012
3013
3014 4098
3015 3543
3016 4603
3017
3018
3019 3391
3020
3021
3022
3023
3024
3025 4350
3026 3680
3027
3028
3029 4819 3532
3030 3506
3031
3032
3033
3034
3035
3036
3037
3038 3583
3039
3040 3720
3041 3325 4422
3042
3043
3044 4343
3045 4701
3046
3047
3048
3049
3050 4548
3051
3052
3053 4664
3054 3727
3055
3056
3057 4187
3058 4348 4206
3059
3060
3061 4007
3062 3858 3694
3063 3858
3064 3722
3065
3066 3172
3067
3068 3464
3069
3070
3071 4846
3072
3073
3074
3075
3076 3380
3077
3078
3079 4465
3080
3081 3807 3781
3082
3083
3084 4413
3085
3086 3124
3087
3088 4489
3089
3090
3091
3092
3093
3094
3095 4101
3096
3097
3098
3099
3100
3101 4872 4642
3102
3103
3104
3105
3106
3107 3873
3108
3109
3110 3873
3111
3112
3113 4627
3114
3115 3172
3116
3117 4459 4903
3118
3119 4334 4151
3120 4554
3121
3122
3123
3124
3125 3974
3126
3127
3128
3129
3130
3131
3132
3133
3134
3135
3136
3137 4009
3138 4426
3139 3977
3140
3141 4884
3142
3143
3144 3177
3145
3146
3147 4875
3148
3149
3150 4740
3151
3152
3153
3154 3846
3155
3156
3157 3376 3249 4496
3158
3159
3160
3161
3162
3163 3285
3164
3165
3166
3167 3407
3168 4432 4199
3169 4104
3170
3171
3172
3173
3174
3175
3176
3177 3209
3178
3179
3180
3181
3182
3183
3184
3185 4190
3186
3187
3188
3189 3933
3190
3191
3192 3885
3193 3612
3194
3195
3196
3197
3198
3199 4439
3200
3201
3202
3203
3204
3205
3206 4106 4526
3207
3208
3209 4209
3210
3211
3212 4541
3213
3214
3215
3216
3217 4795
3218 3429
3219 3834
3220
3221
3222
3223
3224
3225 4600 4402
3226
3227
3228 4652
3229 4588
3230
3231
3232
3233
3234 4433
3235
3236
3237 4011
3238
3239
3240 3432
3241 4360 3594
3242
3243 4657
3244
3245
3246
3247 3672 3779
3248 3886
3249
3250
3251
3252
3253
3254 4960
3255
3256 3621
3257
3258
3259 4082 3812 4094
3260 4922 4259
3261
3262
3263
3264 4825
3265 3317
3266 3539
3267
3268 4959
3269
3270 3380
3271
3272
3273
3274
3275 4274
3276
3277
3278
3279
3280
3281 3548
3282
3283
3284
3285
3286 3506 4383
3287
3288
3289
3290
3291 3947
3292
3293
3294 3488
3295 3427
3296 4971
3297
3298
3299
3300
3301
3302
3303
3304
3305
3306
3307
3308
3309
3310
3311
3312 3704 4181
3313 3973
3314
3315
3316
3317
3318
3319
3320
3321
3322
3323
3324
3325
3326
3327 4732
3328
3329
3330 4752 4201
3331 3983
3332 4688 4653
3333 4503
3334 4981
3335
3336 3542
3337
3338 4584
3339
3340 4761
3341
3342
3343 3611 3996 3421
3344
3345
3346 4142
3347 4299
3348
3349
3350
3351
3352
3353
3354
3355 4691
3356 4480
3357 4462
3358
3359
3360
3361
3362
3363
3364
3365
3366
3367
3368
3369
3370
3371
3372 4389
3373
3374
3375
3376
3377
3378
3379
3380
3381 4246 4662
3382
3383 3409
3384
3385
3386 4430
3387
3388
3389
3390
3391
3392 4244
3393
3394
3395
3396
3397
3398
3399
3400
3401
3402 4832
3403
3404 4531
3405
3406
3407
3408
3409
3410 4103
3411
3412 3529
3413
3414
3415
3416 4662
3417 3664 3581
3418 4650 3772
3419
3420
3421
3422 3957
3423 3935
3424
3425
3426
3427 4468
3428 4589
3429
3430
3431
3432 4809
3433
3434
3435 4988 3446
3436 3575
3437
3438 4306
3439
3440
3441 4544
3442
3443
3444
3445
3446 4548
3447
3448 4275
3449
3450 4588
3451
3452
3453
3454 4697
3455
3456 4289
3457
3458
3459 3499
3460 3642
3461 3808
3462
3463
3464 4206
3465
3466
3467
3468
3469 4073
3470
3471
3472
3473
3474
3475
3476
3477
3478
3479
3480
3481 4899
3482
3483
3484
3485
3486 3498
3487
3488
3489
3490 4646 3647
3491
3492 3963
3493
3494
3495
3496
3497 4177
3498
3499
3500
3501 4057
3502
3503 4372
3504
3505
3506
3507 3525
3508
3509
3510
3511 4001
3512
3513 4201 4830
3514
3515
3516
3517 4494
3518
3519
3520
3521
3522 4455 3871
3523
3524 4646
3525
3526
3527
3528 4635
3529 4974
3530
3531
3532 4547
3533
3534
3535 3781
3536
3537
3538
3539
3540
3541
3542
3543
3544
3545 4674
3546
3547 4346
3548 4458 4062
3549
3550
3551
3552
3553
3554
3555 4983
3556 4759
3557
3558
3559
3560
3561
3562 4542
3563 3568 3885
3564
3565
3566
3567 4338 4036
3568 3740
3569
3570
3571 3722
3572
3573 4678
3574 4951
3575
3576 4059
3577
3578
3579
3580
3581 4909
3582 4965
3583
3584
3585
3586
3587
3588 3934
3589
3590
3591
3592
3593
3594
3595
3596 4925
3597
3598
3599 4037
3600
3601
3602
3603
3604
3605
3606
3607
3608
3609 4324
3610 4162 4391
3611
3612
3613
3614 4869
3615
3616 4588
3617
3618
3619
3620
3621
3622
3623
3624
3625
3626
3627
3628
3629
3630 3647
3631
3632
3633
3634
3635
3636 4714
3637
3638
3639 3941
3640
3641 3878
3642
3643 3797
3644
3645 4609
3646 4242
3647
3648
3649
3650
3651 4445
3652
3653
3654
3655
3656
3657
3658
3659
3660
3661 4226
3662 4739
3663
3664
3665 4821
3666
3667
3668
3669 4753
3670 4527
3671
3672 3947
3673
3674 4260
3675
3676
3677
3678
3679 3687
3680
3681
3682
3683
3684
3685
3686
3687
3688 4569
3689 4850
3690
3691
3692
3693
3694
3695
3696
3697 3869
3698
3699
3700
3701
3702
3703 4689
3704
3705
3706
3707
3708
3709
3710
3711
3712
3713
3714
3715
3716
3717
3718
3719
3720 4547
3721
3722
3723
3724
3725 4800
3726
3727
3728
3729
3730
3731
3732 3865
3733
3734 4211
3735
3736
3737
3738
3739
3740 4606
3741
3742
3743 4541
3744
3745 4834
3746
3747
3748
3749 4167
3750 4306
3751
3752
3753 4842
3754
3755
3756 3964
3757
3758
3759
3760
3761 4743
3762
3763
3764 4454
3765
3766 4321 3825
3767 4753
3768
3769
3770 4652
3771 3868
3772 4415
3773
3774
3775
3776
3777
3778
3779
3780 4444
3781
3782 4219
3783
3784
3785
3786
3787
3788 4184
3789 3979
3790
3791
3792
3793
3794
3795
3796
3797
3798 4399
3799
3800 4366
3801
3802
3803 3979 4389
3804
3805
3806
3807
3808 4708
3809
3810 4996
3811
3812
3813 3930
3814
3815
3816
3817 4999 4886
3818 4539
3819
3820 4068
3821 4813
3822
3823
3824 4807
3825 4365 4783
3826 4038
3827
3828
3829
3830
3831
3832
3833
3834
3835
3836
3837
3838
3839
3840
3841
3842
3843 4389
3844 4062
3845
3846
3847 4743
3848
3849
3850
3851 4364 4655
3852
3853 3907
3854
3855
3856
3857
3858 4011
3859
3860 4642
3861
3862
3863
3864
3865
3866 4029
3867 4981
3868
3869
3870 4793
3871 4385
3872 4091
3873
3874 4009
3875 4655
3876 4898
3877 4121
3878
3879 4225
3880
3881 4269
3882
3883
3884
3885
3886
3887
3888
3889
3890 3916
3891
3892
3893
3894
3895
3896 4444
3897
3898 4003
3899 4982
3900
3901
3902 4746
3903
3904
3905
3906
3907
3908
3909
3910
3911
3912
3913
3914 4116
3915
3916
3917
3918
3919
3920
3921
3922
3923
3924
3925 4842 4359
3926 4308
3927
3928
3929
3930 3990
3931
3932
3933
3934
3935
3936 4635
3937
3938
3939
3940
3941
3942
3943
3944
3945
3946
3947 4667
3948 4442
3949
3950 4283
3951 4425
3952
3953
3954 4588
3955 4118
3956
3957
3958
3959
3960
3961
3962
3963
3964
3965
3966
3967
3968
3969
3970
3971
3972
3973
3974
3975
3976
3977
3978
3979
3980
3981
3982
3983
3984
3985
3986
3987 4742
3988
3989 4099
3990 4012
3991 4487
3992
3993
3994
3995
3996
3997
3998
3999
4000 4565
4001
4002
4003
4004 4937 4130
4005 4851
4006
4007
4008
4009
4010
4011
4012
4013
4014
4015 4538
4016
4017 4493
4018
4019
4020
4021
4022
4023
4024
4025
4026
4027
4028
4029
4030
4031
4032
4033
4034
4035
4036 4095
4037
4038
4039
4040
4041
4042
4043 4683
4044
4045
4046
4047
4048
4049 4257
4050
4051
4052
4053
4054
4055 4519
4056
4057 4624
4058 4977
4059
4060
4061
4062
4063
4064
4065 4414
4066
4067 4571 4747
4068 4429
4069
4070
4071
4072 4546 4542
4073
4074
4075
4076
4077
4078
4079
4080
4081
4082
4083
4084
4085 4695
4086
4087
4088
4089
4090
4091
4092
4093
4094 4427
4095 4127 4191
4096 4621
4097
4098
4099
4100 4467
4101
4102
4103 4625
4104
4105
4106
4107
4108
4109
4110
4111
4112 4263
4113
4114
4115
4116
4117 4472
4118
4119 4902
4120
4121
4122
4123
4124
4125
4126
4127
4128
4129
4130
4131
4132 4751
4133
4134
4135
4136
4137
4138
4139
4140
4141 4761
4142
4143
4144
4145 4159
4146
4147
4148
4149
4150
4151
4152 4574
4153
4154
4155
4156
4157 4227
4158
4159
4160
4161
4162
4163
4164 4651
4165
4166
4167 4210
4168
4169
4170
4171 4738
4172
4173 4448
4174 4766
4175
4176 4963
4177 4496
4178
4179
4180
4181
4182
4183 4887
4184
4185
4186 4985
4187
4188
4189
4190
4191
4192 4730
4193
4194
4195
4196
4197
4198
4199 4239
4200 4800
4201
4202 4865 4749
4203
4204
4205 4272
4206
4207
4208
4209
4210
4211
4212
4213
4214
4215
4216
4217
4218 4666
4219
4220 4416
4221
4222
4223
4224
4225
4226
4227
4228 4432
4229
4230
4231
4232
4233
4234
4235
4236
4237
4238
4239
4240
4241 4517
4242
4243 4486
4244
4245
4246
4247
4248 4460
4249
4250 4656
4251
4252
4253
4254 4509
4255
4256
4257
4258
4259 4662
4260
4261
4262
4263
4264
4265
4266
4267
4268
4269
4270 4421
4271
4272
4273
4274
4275
4276
4277 4502
4278 4909
4279
4280
4281
4282
4283
4284
4285
4286
4287
4288
4289
4290
4291
4292
4293
4294
4295
4296
4297
4298 4940
4299
4300
4301
4302
4303
4304
4305
4306
4307
4308
4309
4310
4311
4312
4313
4314
4315
4316
4317
4318
4319 4588
4320
4321
4322
4323
4324
4325 4701
4326
4327
4328
4329
4330 4417
4331
4332
4333 4987
4334
4335
4336
4337
4338
4339 4496
4340
4341
4342 4663
4343
4344
4345 4978
4346 4714
4347
4348
4349
4350 4688
4351 4470
4352
4353
4354
4355
4356
4357
4358
4359
4360
4361
4362
4363
4364
4365
4366
4367
4368
4369
4370
4371
4372
4373
4374
4375
4376
4377
4378
4379
4380
4381
4382
4383
4384
4385
4386
4387
4388
4389 4954
4390
4391
4392 4890
4393
4394
4395
4396
4397 4490 4860
4398
4399
4400
4401
4402
4403
4404
4405
4406
4407
4408
4409
4410
4411
4412 4806
4413
4414
4415
4416
4417
4418
4419
4420
4421 4990
4422
4423
4424
4425
4426
4427
4428
4429
4430 4506
4431
4432
4433 4556
4434
4435
4436
4437
4438
4439
4440
4441
4442
4443
4444 4810
4445
4446
4447
4448
4449
4450 4686
4451
4452
4453
4454
4455
4456
4457
4458
4459
4460
4461 4782
4462
4463
4464
4465
4466 4497
4467
4468
4469
4470
4471
4472
4473
4474
4475
4476 4824 4623
4477
4478
4479 4817
4480
4481
4482
4483
4484 4508
4485 4997
4486
4487
4488 4764
4489
4490
4491 4894
4492
4493
4494
4495
4496
4497
4498
4499
4500
4501
4502 4566
4503
4504
4505
4506
4507
4508
4509
4510
4511
4512 4812
4513
4514
4515
4516
4517
4518
4519 4589
4520
4521
4522
4523
4524
4525
4526
4527
4528 4565
4529
4530
4531
4532
4533
4534
4535
4536
4537
4538
4539
4540
4541 4983
4542
4543
4544
4545
4546
4547
4548 4732
4549
4550
4551
4552
4553 4705
4554
4555
4556
4557
4558
4559
4560
4561
4562
4563
4564 4971
4565
4566
4567
4568
4569
4570
4571
4572
4573
4574 4965
4575
4576
4577
4578
4579
4580
4581
4582
4583
4584 4878
4585
4586
4587
4588
4589
4590
4591
4592
4593
4594
4595
4596
4597
4598
4599
4600
4601
4602 4934
4603
4604
4605
4606
4607
4608
4609
4610
4611 4820
4612 4967
4613
4614
4615
4616
4617
4618
4619
4620
4621
4622
4623
4624
4625
4626
4627
4628
4629
4630
4631
4632
4633
4634 4670
4635
4636
4637
4638
4639
4640
4641
4642 4815
4643
4644
4645
4646
4647
4648
4649
4650
4651
4652
4653
4654
4655
4656
4657
4658
4659
4660
4661
4662
4663
4664
4665
4666
4667
4668
4669
4670
4671
4672
4673
4674
4675
4676
4677
4678
4679
4680
4681
4682
4683
4684
4685
4686
4687
4688
4689
4690
4691 4904
4692
4693
4694
4695
4696
4697 4917
4698 4852
4699
4700
4701
4702
4703 4820
4704
4705
4706
4707
4708
4709
4710
4711
4712
4713
4714
4715
4716
4717
4718
4719
4720
4721
4722
4723
4724
4725
4726
4727
4728
4729
4730
4731
4732
4733
4734
4735
4736
4737
4738
4739
4740
4741
4742
4743
4744
4745
4746
4747
4748
4749
4750
4751
4752
4753
4754
4755
4756
4757
4758
4759
4760
4761
4762
4763
4764
4765
4766
4767
4768
4769
4770
4771
4772 4855
4773
4774
4775
4776
4777
4778
4779
4780
4781
4782
4783
4784
4785
4786
4787
4788
4789
4790 4870
4791
4792
4793
4794
4795
4796
4797
4798
4799
4800
4801
4802
4803
4804
4805 4852
4806
4807
4808
4809
4810
4811
4812
4813
4814
4815
4816 4875
4817
4818
4819
4820
4821
4822
4823
4824
4825
4826
4827
4828
4829
4830
4831
4832
4833
4834
4835
4836
4837
4838
4839
4840
4841
4842
4843
4844
4845
4846
4847 4876
4848
4849
4850
4851 4874
4852
4853
4854
4855 4983
4856
4857
4858
4859
4860
4861
4862
4863
4864
4865
4866
4867
4868
4869
4870
4871 4899
4872
4873
4874
4875
4876
4877
4878
4879
4880
4881
4882
4883
4884
4885
4886
4887
4888
4889
4890
4891
4892
4893
4894
4895
4896
4897
4898
4899
4900
4901
4902
4903
4904
4905
4906
4907
4908
4909
4910
4911
4912
4913
4914
4915
4916
4917
4918
4919
4920
4921
4922
4923
4924
4925
4926
4927 4981
4928
4929
4930
4931
4932
4933
4934
4935
4936
4937
4938
4939
4940
4941
4942
4943
4944
4945
4946
4947
4948
4949
4950
4951
4952
4953
4954
4955
4956
4957
4958
4959
4960
4961
4962
4963
4964
4965
4966
4967
4968
4969
4970
4971
4972
4973
4974
4975
4976
4977
4978
4979
4980
4981
4982
4983
4984
4985
4986
4987
4988
4989
4990
4991
4992
4993
4994
4995
4996
4997
4998
4999
[0, 1, 1, 1, 0, 0, 1, 1, 0, 1, 1, 0, 0, 1, 1, 1, 1, 1, 0, 0, 1, 1, 0, 0, 0, 1, 0, 1, 0, 1, 1, 1, 1, 0, 0, 1, 0, 0, 1, 0, 0, 1, 1, 1, 1, 0, 1, 1, 0, 0, 0, 1, 1, 1, 0, 1, 1, 1, 0, 0, 0, 1, 0, 0, 0, 1, 0, 0, 1, 1, 1, 0, 1, 0, 0, 1, 0, 1, 0, 0, 1, 1, 1, 1, 1, 1, 1, 0, 1, 0, 1, 1, 1, 1, 0, 1, 1, 1, 0, 1, 1, 1, 0, 1, 0, 1, 0, 0, 0, 0, 0, 0, 1, 0, 0, 0, 0, 0, 0, 1, 1, 1, 1, 0, 0, 0, 1, 0, 1, 0, 1, 0, 0, 1, 1, 1, 0, 1, 1, 1, 1, 0, 0, 0, 1, 1, 1, 1, 1, 0, 1, 1, 1, 0, 1, 0, 1, 0, 0, 0, 0, 1, 1, 1, 1, 1, 1, 1, 1, 1, 0, 0, 1, 0, 1, 0, 0, 1, 0, 0, 1, 1, 0, 1, 0, 1, 1, 0, 1, 1, 0, 1, 1, 1, 1, 1, 1, 0, 1, 0, 0, 1, 1, 1, 1, 0, 0, 0, 1, 0, 1, 1, 1, 1, 0, 0, 0, 0, 1, 0, 0, 0, 1, 1, 0, 0, 0, 0, 1, 0, 1, 0, 1, 1, 0, 0, 0, 1, 0, 1, 0, 0, 0, 1, 1, 1, 0, 1, 1, 0, 1, 1, 0, 1, 0, 1, 1, 1, 0, 1, 1, 0, 0, 0, 1, 1, 1, 1, 1, 0, 1, 0, 1, 1, 1, 0, 0, 0, 0, 0, 0, 0, 0, 1, 1, 0, 1, 0, 0, 1, 0, 1, 0, 0, 1, 0, 1, 0, 0, 0, 0, 1, 0, 1, 1, 1, 0, 1, 0, 0, 1, 0, 1, 0, 0, 0, 1, 0, 0, 1, 1, 1, 0, 0, 1, 1, 0, 0, 1, 0, 1, 0, 0, 1, 1, 1, 1, 1, 1, 0, 0, 1, 1, 0, 0, 1, 1, 1, 0, 0, 1, 0, 0, 1, 1, 1, 0, 0, 1, 0, 0, 1, 1, 1, 1, 1, 1, 0, 0, 1, 1, 1, 0, 0, 1, 0, 0, 1, 0, 0, 1, 0, 0, 1, 0, 1, 0, 0, 1, 1, 0, 1, 0, 1, 1, 0, 0, 1, 0, 1, 1, 0, 1, 1, 1, 1, 0, 0, 0, 1, 0, 0, 0, 0, 1, 1, 0, 0, 0, 1, 1, 0, 0, 0, 1, 0, 0, 0, 1, 1, 1, 0, 1, 1, 0, 1, 1, 1, 1, 1, 0, 0, 0, 1, 0, 0, 1, 1, 0, 0, 1, 1, 1, 0, 1, 1, 1, 0, 1, 0, 1, 0, 1, 0, 0, 0, 0, 0, 1, 0, 1, 1, 1, 0, 0, 1, 1, 0, 1, 1, 1, 0, 0, 0, 0, 0, 0, 1, 1, 1, 0, 1, 0, 1, 0, 1, 1, 1, 0, 0, 0, 1, 0, 0, 1, 1, 1, 0, 0, 0, 0, 1, 0, 0, 0, 1, 0, 0, 1, 1, 0, 0, 1, 1, 1, 0, 1, 1, 0, 0, 1, 0, 1, 1, 0, 1, 1, 0, 1, 1, 0, 1, 0, 0, 0, 1, 1, 1, 0, 1, 1, 0, 1, 1, 0, 0, 0, 0, 1, 0, 0, 0, 1, 0, 1, 1, 1, 1, 0, 0, 1, 0, 0, 1, 1, 1, 0, 1, 1, 0, 0, 0, 0, 1, 1, 1, 1, 0, 1, 0, 1, 1, 0, 1, 0, 0, 1, 0, 0, 1, 0, 1, 1, 1, 1, 0, 0, 1, 1, 0, 1, 1, 1, 1, 0, 0, 0, 1, 1, 0, 0, 0, 0, 0, 0, 1, 1, 1, 1, 1, 1, 1, 0, 0, 0, 0, 1, 1, 0, 0, 0, 1, 1, 0, 0, 0, 1, 0, 0, 1, 1, 0, 0, 0, 1, 1, 0, 0, 0, 1, 1, 0, 1, 1, 1, 0, 0, 0, 1, 1, 1, 0, 1, 1, 0, 1, 1, 1, 1, 0, 1, 1, 1, 0, 1, 0, 1, 1, 1, 1, 1, 1, 0, 1, 1, 0, 1, 1, 1, 0, 0, 0, 0, 0, 1, 0, 0, 1, 1, 0, 1, 1, 1, 0, 1, 0, 0, 1, 0, 0, 1, 1, 0, 1, 0, 1, 0, 1, 0, 0, 1, 0, 1, 1, 1, 1, 1, 0, 1, 0, 1, 1, 1, 0, 0, 0, 1, 0, 1, 1, 1, 0, 0, 0, 0, 0, 0, 0, 0, 1, 0, 0, 0, 0, 1, 1, 0, 0, 1, 1, 1, 0, 1, 1, 0, 1, 0, 1, 0, 1, 0, 1, 0, 1, 1, 0, 1, 1, 0, 0, 0, 1, 1, 0, 0, 1, 1, 0, 0, 1, 0, 0, 1, 0, 1, 1, 1, 1, 0, 0, 1, 0, 1, 1, 1, 0, 1, 1, 0, 0, 0, 1, 1, 1, 1, 0, 0, 0, 0, 1, 0, 1, 1, 1, 0, 0, 1, 0, 1, 1, 1, 1, 0, 1, 0, 0, 1, 0, 0, 0, 1, 1, 1, 1, 0, 0, 1, 1, 0, 1, 1, 1, 0, 0, 1, 1, 0, 0, 0, 1, 1, 0, 1, 1, 0, 1, 0, 1, 0, 0, 1, 1, 1, 0, 1, 1, 1, 1, 0, 0, 0, 0, 0, 1, 0, 0, 1, 0, 0, 0, 0, 1, 0, 1, 0, 1, 1, 0, 0, 0, 0, 1, 0, 0, 1, 0, 0, 1, 1, 0, 1, 0, 0, 1, 0, 1, 1, 1, 0, 0, 0, 0, 1, 0, 0, 0, 0, 1, 0, 0, 1, 0, 0, 0, 1, 0, 1, 1, 0, 0, 1, 1, 1, 1, 0, 0, 0, 0, 1, 0, 0, 0, 0, 0, 0, 0, 1, 0, 1, 0, 1, 0, 1, 0, 0, 0, 1, 0, 1, 1, 1, 1, 1, 1, 0, 1, 0, 1, 1, 0, 1, 1, 0, 0, 0, 1, 1, 1, 1, 1, 1, 1, 1, 0, 1, 1, 1, 0, 1, 0, 0, 1, 0, 1, 0, 0, 1, 1, 0, 1, 1, 1, 0, 1, 0, 0, 0, 0, 1, 0, 1, 1, 0, 0, 1, 0, 1, 0, 0, 0, 1, 0, 0, 1, 0, 0, 1, 0, 0, 0, 1, 0, 1, 1, 1, 0, 1, 1, 0, 0, 1, 1, 0, 1, 1, 1, 0, 1, 0, 1, 1, 0, 0, 1, 1, 0, 1, 1, 0, 0, 1, 1, 0, 0, 0, 0, 0, 1, 1, 1, 0, 1, 0, 0, 0, 0, 0, 1, 0, 1, 0, 0, 1, 0, 0, 0, 0, 1, 0, 0, 1, 1, 1, 0, 0, 1, 0, 0, 0, 0, 0, 0, 0, 1, 0, 1, 0, 1, 1, 0, 0, 1, 1, 0, 0, 1, 0, 0, 0, 1, 0, 1, 1, 0, 0, 0, 1, 1, 0, 0, 1, 1, 1, 0, 0, 0, 1, 1, 0, 1, 0, 0, 0, 1, 0, 0, 0, 1, 0, 1, 0, 1, 0, 1, 1, 1, 1, 1, 0, 0, 1, 0, 0, 1, 0, 0, 1, 0, 0, 0, 1, 0, 1, 0, 1, 1, 0, 0, 0, 1, 0, 1, 0, 0, 1, 0, 0, 1, 0, 1, 0, 1, 0, 1, 0, 1, 0, 1, 1, 0, 1, 0, 1, 1, 1, 1, 0, 0, 0, 0, 0, 1, 0, 0, 0, 1, 1, 0, 1, 0, 1, 0, 1, 0, 0, 1, 0, 1, 1, 1, 0, 0, 1, 0, 0, 1, 1, 0, 0, 0, 1, 0, 0, 0, 0, 0, 1, 1, 1, 1, 0, 0, 1, 0, 0, 1, 1, 0, 0, 1, 0, 1, 1, 0, 0, 0, 0, 1, 1, 0, 1, 0, 1, 1, 0, 0, 0, 0, 0, 1, 1, 1, 1, 0, 0, 1, 0, 1, 1, 0, 0, 1, 0, 1, 1, 0, 0, 1, 0, 0, 1, 1, 1, 1, 0, 0, 0, 0, 0, 0, 1, 0, 1, 1, 1, 1, 1, 0, 0, 1, 0, 0, 1, 0, 1, 1, 1, 0, 0, 0, 1, 1, 1, 0, 0, 0, 1, 0, 1, 1, 0, 0, 1, 1, 1, 0, 0, 1, 0, 1, 0, 0, 0, 1, 1, 1, 1, 0, 1, 1, 1, 0, 1, 1, 1, 1, 0, 1, 1, 0, 0, 0, 0, 1, 0, 0, 1, 0, 0, 1, 0, 1, 0, 1, 1, 0, 1, 0, 1, 1, 0, 0, 0, 1, 0, 0, 1, 1, 1, 1, 0, 0, 0, 1, 1, 0, 0, 1, 1, 1, 1, 0, 1, 0, 0, 0, 0, 0, 1, 1, 0, 0, 0, 0, 0, 1, 0, 0, 0, 0, 0, 0, 0, 1, 0, 0, 1, 1, 1, 0, 0, 1, 0, 0, 0, 0, 0, 1, 0, 0, 0, 1, 0, 0, 0, 1, 1, 0, 1, 0, 0, 1, 1, 1, 0, 0, 0, 1, 1, 0, 0, 0, 1, 1, 1, 1, 0, 1, 0, 1, 1, 0, 1, 0, 0, 1, 0, 1, 1, 0, 1, 1, 0, 0, 1, 0, 1, 0, 0, 0, 1, 1, 1, 1, 0, 0, 1, 0, 0, 0, 1, 0, 1, 1, 0, 0, 1, 0, 1, 1, 1, 0, 1, 1, 1, 0, 1, 0, 0, 1, 0, 1, 0, 0, 1, 1, 0, 1, 0, 0, 0, 0, 0, 0, 1, 0, 0, 1, 0, 0, 1, 1, 1, 1, 1, 1, 1, 0, 1, 0, 1, 0, 0, 1, 1, 1, 1, 1, 1, 1, 0, 1, 1, 0, 1, 1, 0, 0, 0, 1, 1, 0, 1, 0, 1, 1, 1, 0, 0, 1, 1, 0, 1, 0, 0, 1, 1, 0, 1, 1, 1, 0, 1, 1, 1, 1, 0, 1, 0, 1, 0, 1, 0, 1, 1, 0, 1, 1, 0, 1, 0, 0, 0, 1, 0, 1, 0, 0, 1, 1, 0, 1, 1, 1, 0, 0, 0, 0, 1, 1, 1, 0, 0, 0, 1, 1, 1, 1, 0, 1, 1, 1, 1, 0, 1, 0, 0, 0, 1, 1, 1, 0, 0, 1, 1, 1, 1, 1, 0, 0, 0, 1, 1, 1, 1, 0, 0, 0, 1, 1, 0, 0, 0, 0, 0, 0, 0, 1, 0, 1, 0, 1, 0, 1, 0, 1, 0, 0, 0, 1, 0, 1, 1, 0, 1, 0, 0, 1, 0, 0, 1, 0, 0, 1, 1, 1, 1, 0, 1, 0, 0, 1, 0, 0, 0, 1, 1, 1, 1, 0, 1, 0, 0, 0, 0, 1, 1, 1, 0, 1, 0, 1, 1, 0, 1, 0, 0, 0, 1, 1, 1, 1, 0, 1, 0, 1, 1, 0, 1, 0, 1, 0, 0, 0, 1, 0, 0, 0, 0, 0, 0, 1, 1, 1, 1, 0, 1, 0, 0, 0, 1, 1, 0, 0, 1, 0, 0, 0, 1, 0, 0, 0, 1, 0, 0, 1, 1, 0, 0, 0, 1, 1, 1, 0, 0, 1, 0, 1, 0, 0, 0, 0, 1, 1, 1, 0, 0, 1, 1, 0, 0, 1, 1, 1, 0, 0, 1, 1, 1, 1, 0, 0, 0, 1, 1, 0, 1, 0, 1, 0, 1, 1, 0, 1, 1, 1, 1, 1, 1, 0, 0, 1, 1, 1, 1, 1, 1, 0, 1, 1, 1, 1, 0, 0, 1, 0, 0, 0, 1, 0, 1, 0, 1, 0, 0, 0, 1, 0, 0, 0, 1, 1, 1, 0, 0, 0, 0, 0, 1, 0, 1, 1, 0, 1, 0, 0, 1, 1, 1, 0, 0, 1, 0, 0, 1, 1, 0, 1, 1, 0, 0, 0, 1, 0, 0, 1, 0, 0, 0, 1, 1, 1, 1, 0, 1, 0, 1, 0, 0, 1, 1, 0, 1, 1, 0, 1, 1, 1, 0, 0, 1, 1, 0, 1, 0, 1, 0, 1, 1, 1, 0, 1, 1, 0, 1, 1, 1, 1, 1, 1, 0, 1, 0, 0, 0, 0, 0, 0, 1, 1, 1, 0, 0, 1, 1, 0, 1, 1, 0, 0, 1, 1, 1, 0, 1, 0, 1, 0, 0, 0, 0, 0, 1, 1, 0, 0, 0, 0, 0, 0, 1, 1, 1, 1, 1, 1, 1, 0, 0, 1, 1, 1, 0, 1, 0, 0, 1, 1, 0, 0, 0, 1, 1, 0, 0, 0, 1, 1, 0, 0, 0, 1, 1, 0, 1, 1, 0, 0, 1, 1, 0, 1, 1, 0, 1, 0, 1, 1, 0, 0, 0, 1, 1, 0, 0, 1, 0, 1, 0, 1, 1, 1, 0, 0, 1, 1, 1, 1, 1, 1, 0, 0, 1, 1, 1, 0, 1, 0, 1, 0, 0, 1, 0, 0, 0, 1, 0, 1, 0, 1, 1, 0, 1, 0, 1, 0, 0, 1, 0, 0, 1, 1, 1, 1, 1, 0, 0, 1, 0, 0, 0, 0, 1, 0, 1, 1, 1, 0, 1, 0, 0, 0, 0, 1, 1, 0, 1, 0, 0, 1, 1, 0, 0, 0, 0, 0, 1, 0, 0, 1, 1, 1, 0, 0, 1, 0, 1, 0, 1, 0, 1, 0, 0, 0, 0, 1, 1, 1, 0, 1, 1, 0, 0, 1, 1, 0, 1, 1, 0, 0, 0, 0, 0, 1, 1, 1, 1, 0, 1, 0, 1, 1, 0, 0, 1, 0, 1, 1, 0, 0, 0, 0, 1, 0, 1, 0, 0, 1, 0, 0, 0, 1, 1, 1, 1, 0, 1, 0, 1, 0, 0, 1, 1, 0, 1, 0, 0, 0, 1, 1, 1, 1, 1, 0, 1, 0, 1, 0, 1, 0, 0, 0, 1, 1, 1, 0, 0, 0, 1, 0, 1, 1, 0, 0, 1, 1, 1, 0, 1, 0, 1, 0, 0, 0, 1, 1, 0, 1, 1, 0, 0, 0, 1, 0, 0, 0, 0, 1, 1, 0, 0, 0, 1, 0, 0, 1, 1, 0, 1, 0, 0, 0, 0, 0, 0, 1, 0, 1, 0, 1, 0, 1, 0, 1, 0, 1, 1, 1, 0, 1, 1, 1, 1, 0, 1, 1, 0, 0, 1, 1, 1, 1, 1, 1, 0, 0, 1, 1, 1, 0, 0, 1, 1, 0, 0, 1, 0, 0, 1, 0, 1, 0, 1, 1, 0, 0, 0, 0, 1, 0, 0, 0, 1, 0, 1, 0, 0, 0, 0, 0, 1, 0, 0, 1, 0, 1, 1, 0, 1, 0, 1, 1, 1, 1, 0, 0, 1, 1, 1, 1, 1, 0, 0, 0, 0, 0, 0, 1, 1, 1, 0, 1, 0, 1, 1, 1, 1, 0, 0, 0, 0, 0, 0, 1, 0, 1, 0, 1, 0, 1, 0, 0, 1, 0, 1, 0, 1, 1, 1, 0, 0, 0, 0, 0, 1, 1, 1, 1, 0, 1, 0, 0, 0, 0, 1, 1, 1, 0, 1, 1, 0, 0, 1, 0, 0, 1, 1, 1, 1, 1, 1, 0, 1, 0, 1, 1, 1, 1, 0, 0, 0, 1, 0, 0, 0, 0, 0, 1, 0, 1, 1, 1, 1, 0, 1, 0, 1, 0, 0, 0, 0, 1, 0, 1, 1, 0, 0, 1, 1, 0, 1, 0, 0, 0, 0, 0, 0, 1, 1, 1, 1, 0, 1, 1, 1, 1, 1, 1, 0, 0, 0, 0, 0, 1, 1, 1, 0, 0, 0, 0, 1, 1, 1, 0, 1, 0, 0, 1, 0, 1, 0, 1, 0, 0, 1, 0, 0, 0, 0, 0, 1, 0, 1, 0, 0, 0, 0, 1, 0, 0, 1, 0, 1, 1, 0, 1, 1, 0, 1, 0, 0, 0, 1, 1, 1, 0, 1, 0, 1, 1, 1, 1, 0, 0, 0, 0, 0, 0, 1, 1, 1, 1, 1, 0, 1, 1, 0, 0, 0, 0, 1, 1, 1, 0, 1, 1, 1, 1, 1, 1, 1, 1, 1, 0, 1, 1, 1, 0, 0, 1, 0, 0, 0, 0, 1, 1, 1, 1, 0, 0, 0, 1, 1, 1, 1, 0, 0, 0, 1, 1, 0, 0, 1, 1, 1, 0, 1, 1, 0, 0, 1, 0, 1, 0, 0, 1, 0, 1, 0, 0, 1, 1, 0, 0, 1, 0, 1, 0, 0, 1, 0, 1, 0, 0, 1, 0, 1, 1, 0, 0, 0, 1, 1, 0, 0, 0, 0, 0, 0, 1, 0, 1, 0, 1, 0, 1, 1, 0, 0, 0, 0, 1, 1, 1, 0, 1, 1, 1, 1, 0, 1, 1, 0, 0, 1, 1, 0, 1, 0, 1, 1, 0, 0, 0, 0, 0, 0, 1, 0, 0, 0, 0, 0, 1, 1, 1, 0, 1, 0, 0, 1, 1, 0, 0, 1, 0, 1, 1, 0, 0, 0, 0, 0, 0, 1, 0, 1, 0, 0, 1, 1, 1, 1, 1, 0, 0, 1, 0, 0, 0, 1, 0, 0, 0, 1, 0, 1, 1, 0, 0, 1, 1, 1, 1, 1, 1, 1, 0, 1, 0, 0, 0, 0, 0, 1, 0, 0, 0, 1, 1, 0, 0, 1, 0, 0, 0, 0, 1, 0, 0, 0, 1, 0, 0, 0, 0, 0, 0, 0, 0, 0, 1, 0, 1, 1, 1, 0, 1, 1, 1, 0, 0, 0, 0, 0, 0, 1, 0, 1, 0, 1, 0, 1, 1, 0, 0, 0, 1, 1, 1, 0, 0, 1, 1, 1, 0, 1, 0, 1, 1, 1, 0, 0, 1, 0, 0, 1, 0, 0, 1, 0, 1, 1, 1, 1, 0, 1, 0, 1, 1, 1, 1, 1, 0, 1, 0, 0, 1, 0, 0, 0, 1, 1, 1, 0, 1, 1, 1, 0, 0, 0, 0, 1, 0, 0, 1, 1, 0, 0, 1, 1, 1, 1, 1, 0, 0, 1, 0, 0, 1, 0, 0, 1, 0, 0, 0, 0, 0, 0, 0, 0, 0, 1, 1, 1, 0, 0, 1, 0, 1, 0, 1, 1, 0, 1, 1, 1, 1, 0, 0, 0, 1, 1, 0, 1, 0, 0, 0, 0, 0, 0, 1, 0, 1, 1, 1, 0, 0, 0, 1, 1, 0, 0, 0, 0, 0, 1, 1, 1, 0, 0, 1, 0, 0, 0, 1, 1, 0, 1, 0, 1, 1, 1, 0, 1, 1, 0, 1, 1, 0, 0, 0, 0, 0, 0, 0, 0, 1, 1, 1, 1, 1, 0, 0, 0, 0, 1, 0, 0, 1, 0, 1, 1, 1, 0, 1, 1, 1, 1, 1, 1, 1, 0, 0, 0, 1, 0, 0, 1, 0, 1, 0, 0, 1, 1, 0, 0, 1, 0, 1, 1, 1, 0, 1, 1, 0, 0, 0, 1, 0, 1, 0, 1, 1, 1, 0, 0, 0, 0, 0, 0, 0, 0, 1, 0, 0, 1, 0, 1, 1, 1, 1, 1, 1, 0, 1, 0, 0, 1, 1, 1, 1, 1, 1, 0, 0, 1, 1, 1, 1, 0, 1, 0, 0, 0, 1, 1, 1, 1, 0, 1, 1, 0, 1, 1, 0, 0, 1, 1, 1, 1, 1, 0, 0, 0, 1, 0, 0, 0, 1, 1, 0, 1, 0, 1, 0, 1, 1, 0, 0, 0, 0, 1, 0, 1, 0, 0, 1, 1, 0, 0, 0, 0, 1, 1, 1, 1, 1, 1, 1, 0, 0, 1, 0, 0, 1, 1, 0, 1, 1, 1, 0, 0, 0, 1, 1, 1, 1, 0, 1, 0, 1, 0, 1, 0, 1, 0, 0, 1, 1, 1, 1, 1, 0, 1, 0, 1, 0, 0, 0, 0, 0, 0, 1, 1, 1, 0, 1, 1, 1, 1, 0, 1, 0, 1, 0, 0, 1, 0, 1, 0, 0, 0, 1, 0, 1, 1, 0, 1, 0, 0, 1, 1, 1, 1, 1, 0, 0, 1, 0, 0, 1, 0, 0, 1, 1, 0, 0, 1, 1, 0, 1, 0, 1, 0, 0, 1, 1, 0, 0, 1, 0, 1, 0, 1, 1, 0, 1, 1, 0, 1, 0, 1, 1, 0, 0, 1, 0, 0, 1, 0, 0, 0, 1, 1, 0, 0, 1, 1, 0, 1, 0, 0, 1, 1, 1, 0, 1, 0, 0, 1, 1, 0, 0, 1, 1, 0, 1, 0, 0, 0, 0, 1, 0, 1, 0, 0, 1, 1, 0, 0, 0, 1, 0, 0, 0, 1, 1, 1, 0, 0, 0, 1, 1, 0, 0, 0, 0, 1, 1, 0, 0, 1, 0, 0, 0, 1, 1, 0, 1, 0, 0, 1, 0, 0, 0, 0, 0, 0, 0, 0, 0, 0, 0, 1, 1, 0, 1, 1, 1, 0, 0, 1, 0, 1, 0, 1, 1, 0, 0, 1, 1, 1, 0, 0, 1, 0, 0, 0, 0, 1, 1, 0, 0, 0, 0, 1, 1, 1, 1, 1, 0, 0, 0, 0, 0, 1, 0, 0, 0, 0, 0, 0, 0, 0, 0, 1, 1, 1, 1, 0, 0, 0, 1, 1, 1, 1, 1, 1, 0, 0, 0, 0, 1, 1, 1, 1, 1, 0, 1, 1, 0, 0, 1, 1, 1, 1, 0, 0, 0, 0, 0, 0, 1, 0, 0, 0, 0, 0, 1, 0, 0, 0, 0, 0, 0, 0, 1, 0, 1, 1, 1, 0, 1, 0, 0, 0, 1, 0, 1, 1, 1, 1, 0, 1, 0, 1, 1, 1, 1, 1, 0, 1, 0, 1, 1, 0, 0, 1, 1, 0, 0, 0, 1, 0, 1, 1, 1, 0, 0, 0, 1, 1, 0, 1, 0, 0, 0, 1, 0, 1, 1, 1, 1, 0, 1, 0, 0, 1, 0, 0, 0, 1, 1, 1, 1, 0, 0, 0, 0, 1, 0, 0, 0, 0, 1, 1, 1, 0, 1, 0, 1, 1, 1, 0, 1, 1, 0, 1, 1, 1, 0, 0, 0, 0, 0, 0, 0, 0, 1, 1, 1, 1, 1, 0, 1, 1, 0, 0, 0, 0, 1, 0, 1, 0, 1, 1, 0, 0, 0, 0, 1, 1, 1, 1, 1, 1, 1, 1, 0, 1, 1, 0, 0, 1, 0, 1, 0, 1, 1, 0, 0, 0, 1, 0, 1, 0, 0, 1, 0, 0, 1, 0, 0, 0, 1, 0, 1, 1, 0, 0, 0, 0, 1, 0, 1, 1, 0, 1, 1, 1, 0, 0, 1, 0, 1, 0, 0, 1, 1, 0, 1, 1, 1, 1, 0, 1, 0, 0, 1, 1, 0, 1, 0, 1, 0, 0, 0, 0, 0, 1, 1, 0, 1, 1, 1, 1, 1, 0, 0, 1, 1, 0, 1, 1, 0, 1, 0, 1, 1, 1, 0, 1, 1, 1, 0, 1, 1, 1, 0, 1, 1, 0, 0, 1, 0, 0, 1, 0, 0, 1, 0, 0, 1, 1, 0, 1, 1, 0, 0, 1, 0, 1, 1, 1, 0, 1, 1, 1, 1, 1, 0, 1, 0, 1, 1, 0, 1, 0, 1, 0, 1, 1, 1, 1, 0, 1, 1, 0, 0, 0, 1, 0, 0, 0, 0, 1, 0, 1, 1, 0, 0, 1, 0, 0, 0, 1, 0, 1, 1, 0, 0, 1, 1, 1, 0, 1, 0, 0, 0, 0, 1, 1, 1, 1, 1, 1, 1, 1, 1, 0, 0, 0, 0, 1, 1, 1, 1, 1, 1, 1, 0, 0, 1, 0, 1, 1, 1, 0, 0, 0, 1, 0, 1, 1, 0, 0, 1, 1, 0, 1, 0, 0, 0, 1, 1, 0, 1, 1, 1, 0, 0, 1, 1, 1, 0, 1, 0, 1, 1, 0, 0, 1, 1, 0, 1, 1, 0, 0, 0, 0, 1, 1, 1, 1, 0, 1, 1, 1, 0, 1, 0, 0, 0, 1, 1, 0, 0, 0, 1, 1, 1, 1, 1, 1, 1, 0, 0, 0, 0, 0, 0, 0, 1, 1, 1, 1, 0, 0, 0, 0, 1, 1, 0, 1, 1, 0, 0, 0, 0, 0, 0, 1, 1, 1, 0, 1, 1, 0, 0, 1, 1, 1, 1, 0, 1, 0, 0, 1, 0, 1, 1, 0, 1, 0, 0, 1, 0, 1, 0, 1, 1, 0, 1, 0, 1, 1, 0, 1, 1, 1, 1, 0, 0, 0, 1, 0, 0, 0, 0, 1, 1, 0, 1, 0, 0, 1, 0, 0, 0, 1, 0, 1, 1, 1, 1, 0, 0, 1, 0, 1, 1, 0, 0, 1, 0, 1, 0, 1, 1, 0, 1, 0, 0, 1, 1, 1, 1, 0, 1, 1, 0, 1, 0, 1, 0, 0, 0, 0, 0, 0, 1, 0, 0, 1, 0, 0, 0, 1, 1, 1, 1, 1, 0, 1, 0, 0, 0, 0, 0, 1, 1, 0, 0, 0, 0, 0, 1, 1, 0, 0, 1, 1, 1, 0, 0, 0, 0, 0, 1, 1, 0, 1, 1, 1, 0, 1, 1, 0, 0, 1, 0, 1, 0, 0, 1, 0, 0, 1, 1, 0, 0, 0, 1, 1, 1, 0, 1, 1, 1, 0, 0, 0, 1, 1, 0, 1, 1, 1, 1, 1, 1, 0, 0, 0, 1, 0, 1, 0, 0, 1, 1, 1, 0, 0, 0, 1, 1, 0, 0, 0, 0, 1, 0, 1, 1, 0, 1, 0, 1, 0, 0, 1, 0, 1, 0, 0, 0, 0, 1, 1, 1, 1, 0, 1, 0, 0, 0, 0, 0, 1, 0, 0, 1, 1, 1, 0, 0, 1, 1, 0, 0, 1, 1, 1, 0, 0, 0, 1, 1, 1, 1, 0, 1, 0, 0, 0, 0, 1, 1, 1, 0, 0, 0, 0, 1, 1, 0, 1, 0, 0, 0, 1, 1, 0, 0, 1, 1, 1, 0, 0, 1, 1, 0, 1, 1, 0, 1, 1, 1, 1, 0, 1, 0, 0, 0, 1, 1, 1, 1, 0, 0, 0, 1, 0, 1, 1, 0, 0, 1, 0, 1, 1, 0, 0, 1, 0, 1, 1, 1, 0, 0, 0, 1, 0, 0, 0, 0, 1, 1, 0, 1, 1, 0, 0, 1, 0, 0, 1, 0, 0, 1, 0, 0, 1, 0, 1, 0, 0, 1, 0, 0, 1, 1, 0, 1, 0, 0, 1, 1, 1, 1, 0, 1, 1, 0, 1, 0, 1, 0, 0, 0, 1, 1, 0, 0, 0, 0, 1, 1, 1, 1, 1, 1, 0, 1, 0, 0, 1, 0, 1, 0, 0, 0, 1, 0, 0, 0, 1, 1, 1, 1, 0, 0, 0, 0, 0, 1, 1, 0, 0, 1, 1, 0, 0, 1, 1, 0, 1, 0, 0, 1, 1, 1, 1, 0, 1, 0, 0, 0, 0, 1, 1, 1, 1, 1, 0, 1, 0, 1, 0, 0, 0, 1, 0, 0, 1, 1, 1, 1, 1, 0, 0, 0, 1, 1, 1, 0, 1, 0, 1, 1, 0, 1, 0, 1, 1, 1, 0, 1, 1, 1, 1, 1, 1, 0, 0, 0, 1, 0, 0, 1, 1, 0, 0, 1, 0, 0, 1, 1, 1, 0, 0, 1, 1, 1, 1, 0, 1, 1, 0, 1, 1, 0, 1, 0, 0, 1, 0, 0, 0, 0, 0, 0, 1, 1, 0, 0, 1, 1, 0, 0, 0, 1, 1, 1, 0, 0, 0, 1, 0, 0, 1, 1, 1, 1, 0, 1, 0, 0, 0, 0, 0, 0, 0, 1, 1, 0, 1, 0, 0, 1, 0, 1, 0, 1, 0, 1, 0, 1, 0, 0, 0, 1, 1, 1, 0, 1, 1, 1, 0, 1, 0, 0, 0, 1, 0, 0, 1, 0, 0, 0, 0, 1, 1, 1, 0, 0, 1, 1, 0, 1, 1, 0, 0, 0, 1, 0, 1, 0, 1, 0, 0, 1, 1, 1, 0, 1, 1, 1, 0, 0, 0, 0, 1, 1, 1, 1, 0, 1, 0, 1, 1, 1, 1, 0, 1, 1, 1, 1, 1, 0, 0, 1, 0, 1, 0, 0, 0, 1, 0, 1, 0, 1, 0, 0, 0, 1, 1, 0, 0, 1, 0, 0, 1, 1, 1, 0, 1, 1, 0, 0, 1, 0, 0, 1, 0, 1, 0, 1, 0, 1, 0, 0, 0, 1, 1, 1, 0, 0, 1, 0, 0, 1, 0, 1, 1, 0, 0, 1, 0, 1, 1, 0, 1, 1, 0, 1, 1, 0, 1, 0, 1, 1, 1, 0, 0, 1, 0, 1, 0, 1, 1, 1, 0, 0, 0, 0, 0, 0, 0, 1, 1, 0, 0, 0, 1, 1, 1, 1, 1, 0, 0, 0, 1, 1, 1, 0, 1, 1, 1, 0, 1, 0, 0, 1, 1, 1, 1, 1, 1, 0, 0, 1, 0, 1, 0, 0, 0, 0, 0, 1, 1, 0, 1, 1, 1, 1, 0, 1, 1, 1, 0, 0, 0, 0, 0, 1, 1, 0, 0, 1, 0, 1, 0, 1, 0, 0, 1, 0, 1, 0, 0, 1, 0, 1, 1, 0, 1, 0, 1, 0, 0, 0, 0, 0, 0, 0, 0, 0, 1, 0, 0, 1, 1, 1, 1, 1, 0, 0, 1, 0, 0, 0, 0, 0, 0, 0, 0, 1, 1, 0, 1, 1, 0, 0, 1, 0, 0, 1, 0, 1, 1, 0, 0, 0, 1, 1, 0, 0, 1, 0, 0, 0, 0, 0, 1, 0, 1, 1, 1, 0, 1, 1, 1, 1, 1, 0, 1, 1, 1, 0, 1, 1, 1, 0, 0, 1, 0, 0, 1, 1, 0, 1, 1, 0, 1, 0, 1, 1, 1, 0, 1, 0, 1, 1, 1, 0, 0, 1, 0, 0, 1, 1, 0, 1, 0, 1, 0, 1, 0, 0, 0, 0, 0, 1, 1, 0, 1, 1, 1, 0, 0, 1, 0, 1, 0, 1, 1, 0, 0, 1, 0, 0, 0, 0, 0, 1, 0, 1, 1, 1, 0, 1, 0, 1, 0, 0, 0, 1, 1, 0, 1, 1, 1, 1, 0, 0, 1, 0, 0, 1, 0, 0, 1, 0, 0, 1, 1, 0, 1, 1, 1, 1, 0, 1, 0, 0, 0, 1, 0, 1, 1, 1, 0, 1, 1, 0, 0, 1, 0, 0, 1, 1, 1, 1, 1, 1, 0, 1, 0, 0, 1, 1, 1, 0, 0, 1, 0, 1, 0, 1, 0, 1, 0, 1, 0, 0, 0, 0, 1, 1, 0, 0, 1, 1, 1, 0, 0, 1, 0, 1, 0, 0, 1, 0, 1, 1, 1, 0, 1, 1, 1, 1, 1, 0, 0, 0, 0, 0, 1, 0, 0, 0, 0, 0, 1, 1, 1, 1, 0, 1, 1, 1, 1, 0, 1, 1, 1, 0, 0, 0, 1, 1, 0, 0, 0, 1, 0, 0, 0, 0, 0, 1, 0, 0, 0, 1, 1, 0, 0, 0, 1, 0, 0, 0, 0, 1, 1, 1]