0 27 
1 
2 62 
3 18 
4 
5 13 
6 24 
7 
8 21 
9 
10 15 31 
11 21 
12 13 33 
13 69 
14 
15 25 
16 
17 
18 90 
19 
20 
21 65 79 
22 
23 
24 
25 
26 
27 
28 
29 
30 
31 
32 
33 61 
34 50 
35 
36 44 
37 57 
38 53 
39 42 49 
40 62 
41 56 76 
42 
43 
44 50 
45 48 
46 
47 
48 
49 
50 
51 
52 60 
53 
54 
55 
56 
57 59 
58 
59 
60 
61 76 
62 64 
63 
64 70 
65 
66 
67 
68 
69 81 89 96 
70 85 
71 
72 
73 
74 77 88 
75 
76 79 
77 
78 
79 85 96 
80 
81 89 98 
82 98 
83 
84 
85 
86 
87 88 
88 
89 
90 
91 
92 
93 
94 
95 97 
96 
97 
98 
[0, 0, 0, 0, 0, 0, 0, 0, 0, 0, 0, 0, 0, 0, 0, 0, 0, 0, 0, 0, 0, 0, 0, 0, 0, 0, 0, 0, 0, 0, 0, 0, 0, 1, 1, 1, 1, 1, 1, 1, 1, 1, 1, 1, 1, 1, 1, 1, 1, 1, 1, 1, 1, 1, 1, 1, 1, 1, 1, 1, 1, 1, 1, 1, 1, 1, 2, 2, 2, 2, 2, 2, 2, 2, 2, 2, 2, 2, 2, 2, 2, 2, 2, 2, 2, 2, 2, 2, 2, 2, 2, 2, 2, 2, 2, 2, 2, 2, 2]