0 137 138 
1 669 
2 49 71 196 
3 40 373 
4 69 438 942 
5 149 
6 50 297 
7 220 
8 193 320 
9 444 
10 160 
11 69 509 
12 16 114 117 
13 60 869 
14 631 
15 
16 18 188 
17 70 294 602 
18 40 
19 859 
20 151 875 
21 324 
22 130 139 
23 
24 119 758 
25 
26 172 
27 730 
28 
29 
30 78 157 
31 
32 982 
33 
34 118 234 472 512 
35 
36 
37 44 163 
38 
39 86 
40 
41 59 99 111 
42 71 
43 
44 54 
45 329 
46 
47 
48 
49 133 168 
50 153 703 
51 172 
52 
53 348 
54 95 113 
55 
56 126 559 666 689 
57 172 779 
58 100 156 158 
59 113 167 416 760 
60 164 300 
61 
62 
63 
64 103 159 
65 103 149 206 
66 78 116 185 534 
67 133 
68 
69 386 
70 104 724 
71 154 
72 
73 103 142 
74 101 398 
75 170 
76 851 
77 176 180 
78 91 606 
79 
80 
81 139 598 
82 112 
83 
84 
85 491 665 973 
86 156 
87 101 
88 95 155 695 
89 92 441 619 
90 
91 
92 176 
93 
94 190 
95 117 161 191 633 
96 
97 100 
98 146 397 984 
99 
100 195 
101 
102 
103 190 
104 
105 
106 169 907 
107 
108 
109 735 
110 159 168 
111 135 
112 335 492 
113 132 
114 148 
115 975 
116 
117 156 882 
118 
119 
120 170 448 
121 151 
122 145 
123 
124 950 
125 
126 
127 
128 
129 
130 182 465 
131 
132 
133 175 408 817 
134 844 
135 
136 195 
137 158 188 991 
138 442 
139 451 
140 
141 
142 
143 197 
144 894 
145 466 
146 
147 151 177 993 
148 
149 
150 
151 
152 187 682 
153 
154 942 
155 
156 
157 235 960 
158 
159 
160 176 
161 
162 
163 
164 
165 861 
166 
167 
168 
169 
170 
171 
172 194 673 
173 180 
174 634 
175 
176 
177 595 
178 
179 
180 242 
181 
182 
183 
184 
185 
186 
187 304 345 
188 
189 
190 
191 
192 
193 
194 
195 
196 
197 
198 
199 264 582 
200 204 254 
201 372 
202 356 
203 744 
204 250 271 
205 
206 302 370 
207 838 
208 
209 273 296 559 
210 
211 446 
212 306 359 
213 228 818 
214 352 
215 723 
216 
217 329 
218 289 505 
219 
220 
221 276 302 340 
222 
223 
224 280 
225 
226 
227 340 
228 
229 262 350 
230 
231 276 
232 274 325 
233 287 496 
234 265 
235 313 750 
236 240 336 353 626 
237 
238 
239 355 
240 
241 315 422 
242 299 333 645 
243 
244 655 
245 255 373 391 
246 
247 374 394 
248 
249 269 571 790 
250 399 
251 356 
252 399 
253 254 
254 292 386 
255 314 626 
256 
257 285 
258 
259 
260 
261 292 372 
262 
263 370 583 
264 974 
265 689 
266 
267 
268 
269 399 918 
270 376 
271 351 
272 276 293 
273 318 377 
274 957 
275 316 368 
276 641 
277 289 422 
278 
279 
280 373 
281 
282 
283 
284 
285 286 
286 
287 304 341 
288 381 547 963 
289 341 
290 340 
291 
292 
293 395 
294 
295 348 926 
296 
297 
298 388 
299 
300 310 
301 
302 346 
303 
304 321 
305 
306 
307 
308 374 399 592 722 
309 344 
310 378 
311 324 388 493 563 
312 393 
313 
314 
315 
316 340 900 
317 
318 
319 
320 
321 
322 399 
323 
324 
325 
326 
327 
328 
329 907 
330 
331 443 
332 901 
333 389 
334 881 
335 350 363 456 
336 
337 380 486 
338 
339 350 
340 
341 
342 
343 680 
344 
345 375 399 
346 381 460 
347 809 
348 
349 
350 648 873 901 
351 394 
352 843 
353 
354 
355 703 
356 
357 
358 
359 
360 680 980 
361 
362 
363 
364 
365 
366 385 
367 569 
368 374 634 967 
369 
370 
371 
372 
373 
374 
375 765 
376 397 774 
377 
378 
379 394 
380 
381 393 
382 902 
383 
384 533 
385 
386 387 541 
387 
388 720 
389 985 
390 391 917 
391 
392 731 
393 
394 
395 555 
396 
397 
398 
399 
400 486 597 830 
401 
402 
403 477 550 
404 427 
405 
406 985 
407 
408 
409 537 599 
410 541 
411 527 
412 572 
413 466 
414 
415 661 
416 516 
417 
418 512 
419 526 
420 515 
421 
422 586 
423 482 512 
424 592 
425 554 581 
426 
427 
428 529 
429 528 
430 554 
431 454 510 520 
432 576 595 
433 513 528 557 
434 549 
435 592 
436 
437 534 581 
438 
439 453 551 
440 
441 561 
442 491 
443 468 577 
444 499 
445 
446 472 
447 497 
448 472 
449 
450 459 521 
451 
452 
453 548 
454 472 594 
455 548 777 
456 
457 
458 
459 
460 598 
461 554 
462 732 
463 514 517 
464 503 565 
465 827 
466 482 539 915 
467 
468 483 
469 
470 584 
471 
472 561 
473 559 
474 713 
475 487 553 564 
476 923 
477 
478 
479 620 
480 539 
481 
482 
483 
484 724 
485 
486 582 
487 
488 
489 
490 
491 590 
492 
493 856 
494 501 
495 
496 736 
497 530 578 
498 
499 686 
500 
501 
502 523 533 581 
503 
504 
505 518 519 528 
506 517 
507 
508 815 
509 558 
510 544 710 
511 549 
512 
513 
514 
515 523 840 
516 573 
517 
518 
519 
520 
521 
522 566 
523 
524 
525 618 
526 
527 
528 654 933 
529 
530 845 
531 
532 
533 
534 
535 
536 
537 554 759 964 
538 658 
539 592 
540 581 
541 
542 
543 998 
544 
545 558 574 792 
546 629 918 
547 
548 
549 
550 
551 
552 
553 
554 585 
555 
556 
557 
558 
559 
560 
561 725 
562 
563 812 
564 638 762 
565 945 
566 
567 
568 
569 
570 
571 
572 
573 596 
574 
575 
576 
577 
578 
579 649 
580 
581 
582 
583 
584 
585 595 903 
586 
587 
588 
589 
590 983 
591 
592 
593 831 872 875 
594 
595 
596 735 
597 
598 
599 
600 611 723 725 
601 761 
602 
603 711 
604 621 
605 682 725 
606 612 657 
607 709 
608 
609 
610 
611 
612 728 
613 770 
614 635 675 
615 658 816 
616 688 778 876 
617 
618 621 651 726 
619 
620 687 874 
621 742 
622 
623 
624 788 
625 
626 784 
627 753 
628 670 740 
629 
630 
631 
632 
633 720 792 
634 756 
635 
636 
637 
638 
639 730 
640 
641 705 837 
642 697 
643 
644 
645 
646 656 973 
647 
648 
649 752 
650 664 
651 711 775 
652 663 716 
653 
654 798 
655 
656 
657 
658 765 770 
659 757 
660 
661 
662 786 
663 
664 
665 
666 706 
667 703 
668 
669 729 
670 
671 
672 
673 
674 728 775 797 
675 796 
676 
677 
678 
679 687 713 
680 
681 764 768 
682 
683 
684 
685 
686 752 
687 
688 
689 885 
690 
691 
692 780 
693 739 
694 
695 706 790 
696 
697 732 
698 
699 
700 
701 
702 
703 715 
704 727 
705 
706 735 819 
707 715 913 
708 
709 
710 756 
711 
712 777 
713 
714 860 
715 764 
716 764 
717 883 
718 
719 
720 742 
721 
722 
723 764 
724 
725 797 
726 773 778 
727 933 
728 
729 
730 786 
731 797 
732 796 
733 
734 
735 
736 754 765 
737 
738 
739 
740 755 
741 
742 
743 792 
744 
745 784 
746 
747 
748 
749 
750 783 
751 758 
752 
753 
754 
755 771 799 
756 
757 805 
758 
759 
760 
761 
762 840 
763 
764 
765 
766 
767 
768 
769 780 
770 
771 967 
772 
773 
774 902 903 929 
775 
776 
777 
778 
779 782 988 
780 782 977 
781 
782 
783 
784 
785 
786 
787 
788 
789 
790 
791 
792 804 
793 
794 
795 
796 
797 
798 
799 
800 803 
801 
802 816 817 981 
803 812 884 
804 877 
805 
806 
807 998 
808 934 
809 
810 
811 846 919 965 
812 930 
813 
814 
815 828 
816 946 
817 895 
818 823 844 
819 914 
820 
821 900 
822 847 
823 933 
824 833 867 
825 
826 
827 931 
828 
829 994 
830 929 
831 840 
832 
833 
834 873 884 940 
835 
836 939 
837 
838 847 858 907 
839 
840 890 996 
841 855 
842 878 938 992 
843 
844 847 
845 
846 
847 
848 
849 
850 865 
851 
852 917 
853 921 
854 920 
855 
856 914 
857 982 
858 862 
859 
860 965 977 
861 
862 
863 
864 
865 
866 945 956 
867 988 
868 
869 
870 
871 892 
872 889 
873 
874 
875 
876 923 967 
877 
878 
879 992 
880 
881 
882 
883 
884 927 940 
885 
886 938 
887 945 
888 892 908 975 
889 
890 921 935 
891 929 
892 
893 906 
894 
895 948 
896 
897 
898 
899 989 
900 952 984 
901 
902 932 938 966 
903 
904 
905 
906 945 
907 956 
908 
909 
910 928 
911 
912 927 
913 938 
914 
915 969 999 
916 
917 
918 930 
919 
920 
921 
922 971 973 
923 
924 
925 986 
926 
927 
928 
929 987 
930 955 
931 937 
932 
933 
934 
935 
936 
937 960 
938 
939 
940 978 
941 
942 
943 990 
944 
945 
946 
947 
948 
949 
950 
951 952 
952 
953 998 
954 971 
955 
956 
957 
958 
959 
960 
961 
962 
963 
964 
965 
966 998 
967 
968 
969 
970 997 
971 
972 
973 974 
974 
975 
976 
977 
978 
979 
980 
981 
982 
983 
984 
985 987 
986 
987 
988 
989 
990 
991 
992 
993 
994 
995 
996 
997 
998 
999 
[0, 0, 0, 0, 0, 0, 0, 0, 0, 0, 0, 0, 0, 0, 0, 0, 0, 0, 0, 0, 0, 0, 0, 0, 0, 0, 0, 0, 0, 0, 0, 0, 0, 0, 0, 0, 0, 0, 0, 0, 0, 0, 0, 0, 0, 0, 0, 0, 0, 0, 0, 0, 0, 0, 0, 0, 0, 0, 0, 0, 0, 0, 0, 0, 0, 0, 0, 0, 0, 0, 0, 0, 0, 0, 0, 0, 0, 0, 0, 0, 0, 0, 0, 0, 0, 0, 0, 0, 0, 0, 0, 0, 0, 0, 0, 0, 0, 0, 0, 0, 0, 0, 0, 0, 0, 0, 0, 0, 0, 0, 0, 0, 0, 0, 0, 0, 0, 0, 0, 0, 0, 0, 0, 0, 0, 0, 0, 0, 0, 0, 0, 0, 0, 0, 0, 0, 0, 0, 0, 0, 0, 0, 0, 0, 0, 0, 0, 0, 0, 0, 0, 0, 0, 0, 0, 0, 0, 0, 0, 0, 0, 0, 0, 0, 0, 0, 0, 0, 0, 0, 0, 0, 0, 0, 0, 0, 0, 0, 0, 0, 0, 0, 0, 0, 0, 0, 0, 0, 0, 0, 0, 0, 0, 0, 0, 0, 0, 0, 0, 0, 1, 1, 1, 1, 1, 1, 1, 1, 1, 1, 1, 1, 1, 1, 1, 1, 1, 1, 1, 1, 1, 1, 1, 1, 1, 1, 1, 1, 1, 1, 1, 1, 1, 1, 1, 1, 1, 1, 1, 1, 1, 1, 1, 1, 1, 1, 1, 1, 1, 1, 1, 1, 1, 1, 1, 1, 1, 1, 1, 1, 1, 1, 1, 1, 1, 1, 1, 1, 1, 1, 1, 1, 1, 1, 1, 1, 1, 1, 1, 1, 1, 1, 1, 1, 1, 1, 1, 1, 1, 1, 1, 1, 1, 1, 1, 1, 1, 1, 1, 1, 1, 1, 1, 1, 1, 1, 1, 1, 1, 1, 1, 1, 1, 1, 1, 1, 1, 1, 1, 1, 1, 1, 1, 1, 1, 1, 1, 1, 1, 1, 1, 1, 1, 1, 1, 1, 1, 1, 1, 1, 1, 1, 1, 1, 1, 1, 1, 1, 1, 1, 1, 1, 1, 1, 1, 1, 1, 1, 1, 1, 1, 1, 1, 1, 1, 1, 1, 1, 1, 1, 1, 1, 1, 1, 1, 1, 1, 1, 1, 1, 1, 1, 1, 1, 1, 1, 1, 1, 1, 1, 1, 1, 1, 1, 1, 1, 1, 1, 1, 1, 2, 2, 2, 2, 2, 2, 2, 2, 2, 2, 2, 2, 2, 2, 2, 2, 2, 2, 2, 2, 2, 2, 2, 2, 2, 2, 2, 2, 2, 2, 2, 2, 2, 2, 2, 2, 2, 2, 2, 2, 2, 2, 2, 2, 2, 2, 2, 2, 2, 2, 2, 2, 2, 2, 2, 2, 2, 2, 2, 2, 2, 2, 2, 2, 2, 2, 2, 2, 2, 2, 2, 2, 2, 2, 2, 2, 2, 2, 2, 2, 2, 2, 2, 2, 2, 2, 2, 2, 2, 2, 2, 2, 2, 2, 2, 2, 2, 2, 2, 2, 2, 2, 2, 2, 2, 2, 2, 2, 2, 2, 2, 2, 2, 2, 2, 2, 2, 2, 2, 2, 2, 2, 2, 2, 2, 2, 2, 2, 2, 2, 2, 2, 2, 2, 2, 2, 2, 2, 2, 2, 2, 2, 2, 2, 2, 2, 2, 2, 2, 2, 2, 2, 2, 2, 2, 2, 2, 2, 2, 2, 2, 2, 2, 2, 2, 2, 2, 2, 2, 2, 2, 2, 2, 2, 2, 2, 2, 2, 2, 2, 2, 2, 2, 2, 2, 2, 2, 2, 2, 2, 2, 2, 2, 2, 2, 2, 2, 2, 2, 2, 3, 3, 3, 3, 3, 3, 3, 3, 3, 3, 3, 3, 3, 3, 3, 3, 3, 3, 3, 3, 3, 3, 3, 3, 3, 3, 3, 3, 3, 3, 3, 3, 3, 3, 3, 3, 3, 3, 3, 3, 3, 3, 3, 3, 3, 3, 3, 3, 3, 3, 3, 3, 3, 3, 3, 3, 3, 3, 3, 3, 3, 3, 3, 3, 3, 3, 3, 3, 3, 3, 3, 3, 3, 3, 3, 3, 3, 3, 3, 3, 3, 3, 3, 3, 3, 3, 3, 3, 3, 3, 3, 3, 3, 3, 3, 3, 3, 3, 3, 3, 3, 3, 3, 3, 3, 3, 3, 3, 3, 3, 3, 3, 3, 3, 3, 3, 3, 3, 3, 3, 3, 3, 3, 3, 3, 3, 3, 3, 3, 3, 3, 3, 3, 3, 3, 3, 3, 3, 3, 3, 3, 3, 3, 3, 3, 3, 3, 3, 3, 3, 3, 3, 3, 3, 3, 3, 3, 3, 3, 3, 3, 3, 3, 3, 3, 3, 3, 3, 3, 3, 3, 3, 3, 3, 3, 3, 3, 3, 3, 3, 3, 3, 3, 3, 3, 3, 3, 3, 3, 3, 3, 3, 3, 3, 3, 3, 3, 3, 3, 3, 4, 4, 4, 4, 4, 4, 4, 4, 4, 4, 4, 4, 4, 4, 4, 4, 4, 4, 4, 4, 4, 4, 4, 4, 4, 4, 4, 4, 4, 4, 4, 4, 4, 4, 4, 4, 4, 4, 4, 4, 4, 4, 4, 4, 4, 4, 4, 4, 4, 4, 4, 4, 4, 4, 4, 4, 4, 4, 4, 4, 4, 4, 4, 4, 4, 4, 4, 4, 4, 4, 4, 4, 4, 4, 4, 4, 4, 4, 4, 4, 4, 4, 4, 4, 4, 4, 4, 4, 4, 4, 4, 4, 4, 4, 4, 4, 4, 4, 4, 4, 4, 4, 4, 4, 4, 4, 4, 4, 4, 4, 4, 4, 4, 4, 4, 4, 4, 4, 4, 4, 4, 4, 4, 4, 4, 4, 4, 4, 4, 4, 4, 4, 4, 4, 4, 4, 4, 4, 4, 4, 4, 4, 4, 4, 4, 4, 4, 4, 4, 4, 4, 4, 4, 4, 4, 4, 4, 4, 4, 4, 4, 4, 4, 4, 4, 4, 4, 4, 4, 4, 4, 4, 4, 4, 4, 4, 4, 4, 4, 4, 4, 4, 4, 4, 4, 4, 4, 4, 4, 4, 4, 4, 4, 4, 4, 4, 4, 4, 4, 4]