0 
1 9 155 983 
2 
3 174 
4 724 
5 
6 
7 176 
8 126 149 
9 161 
10 
11 
12 459 
13 83 
14 37 78 
15 141 170 
16 81 138 
17 83 
18 
19 
20 47 
21 749 
22 42 56 123 150 160 
23 
24 57 
25 
26 161 483 
27 
28 
29 
30 183 
31 
32 53 
33 86 
34 
35 175 917 
36 
37 299 
38 181 
39 110 
40 900 
41 
42 376 
43 
44 
45 
46 155 
47 
48 
49 811 
50 
51 
52 
53 
54 492 
55 
56 173 
57 576 
58 
59 155 
60 794 
61 675 
62 400 969 
63 591 
64 
65 
66 169 175 
67 533 542 
68 
69 209 
70 104 
71 
72 
73 172 995 
74 97 
75 
76 105 
77 
78 
79 
80 
81 
82 
83 870 
84 200 278 
85 
86 
87 
88 
89 
90 189 
91 
92 168 719 
93 172 
94 
95 672 
96 
97 
98 209 
99 182 
100 109 
101 121 882 
102 
103 
104 163 
105 643 
106 
107 
108 126 
109 620 786 
110 
111 408 
112 438 
113 
114 
115 
116 
117 
118 915 
119 249 
120 
121 
122 
123 
124 
125 522 
126 454 
127 
128 
129 
130 185 
131 
132 
133 
134 
135 
136 137 
137 157 207 
138 
139 298 
140 
141 166 
142 
143 
144 
145 179 
146 
147 
148 
149 
150 
151 856 
152 153 
153 
154 
155 191 
156 
157 
158 
159 189 
160 
161 
162 
163 187 
164 
165 
166 765 
167 
168 
169 170 
170 713 
171 
172 
173 197 
174 
175 
176 844 
177 
178 
179 354 
180 196 
181 677 
182 
183 852 
184 
185 
186 
187 
188 303 
189 
190 
191 
192 
193 
194 
195 282 
196 
197 
198 
199 
200 261 446 
201 724 
202 269 333 
203 
204 229 376 
205 
206 300 338 
207 253 
208 297 328 
209 
210 370 
211 220 381 518 
212 381 783 970 
213 
214 
215 
216 257 374 
217 
218 233 
219 305 
220 320 389 
221 
222 262 389 
223 
224 370 
225 296 
226 
227 360 763 
228 275 
229 364 
230 254 
231 
232 339 
233 302 
234 692 
235 386 
236 
237 
238 370 
239 
240 
241 385 
242 
243 
244 313 
245 360 
246 
247 
248 
249 
250 
251 415 
252 386 
253 
254 
255 286 376 
256 320 
257 274 458 
258 
259 
260 384 
261 319 494 
262 
263 272 274 540 
264 
265 
266 
267 
268 
269 
270 
271 326 
272 365 
273 
274 
275 
276 
277 929 
278 
279 
280 
281 
282 932 
283 
284 973 
285 
286 392 
287 
288 
289 301 879 
290 
291 
292 467 
293 
294 398 
295 
296 367 
297 752 
298 
299 317 
300 
301 684 
302 
303 
304 
305 
306 
307 
308 
309 
310 
311 
312 
313 
314 
315 
316 
317 
318 
319 
320 
321 
322 
323 
324 
325 
326 
327 
328 
329 341 406 
330 440 
331 349 
332 361 
333 
334 
335 
336 
337 936 
338 
339 
340 343 364 
341 809 
342 
343 
344 
345 
346 
347 
348 
349 
350 
351 742 
352 
353 
354 
355 778 
356 601 
357 853 
358 
359 698 
360 
361 
362 
363 
364 996 
365 
366 
367 
368 435 
369 372 
370 
371 
372 
373 
374 
375 
376 
377 
378 476 
379 390 
380 
381 930 
382 
383 
384 579 
385 
386 
387 745 890 
388 
389 
390 
391 
392 
393 
394 
395 
396 
397 787 
398 
399 936 
400 
401 786 
402 
403 
404 
405 
406 898 
407 
408 817 
409 
410 463 
411 
412 
413 483 517 
414 567 
415 519 568 
416 508 
417 629 
418 
419 554 
420 
421 
422 
423 
424 553 
425 
426 745 
427 
428 476 
429 
430 
431 904 
432 
433 568 
434 570 
435 519 
436 
437 
438 
439 580 
440 
441 471 
442 
443 
444 
445 
446 
447 
448 
449 520 
450 
451 
452 
453 
454 
455 528 
456 673 
457 
458 
459 535 
460 496 
461 
462 857 
463 
464 556 
465 
466 
467 
468 
469 476 
470 
471 
472 494 566 
473 
474 491 
475 
476 959 
477 
478 536 552 
479 515 542 617 
480 
481 486 
482 533 
483 
484 
485 494 
486 
487 821 974 
488 
489 
490 
491 
492 791 
493 
494 
495 522 
496 
497 
498 523 548 
499 
500 550 
501 
502 
503 
504 
505 
506 729 
507 
508 834 
509 
510 
511 598 
512 563 801 
513 
514 
515 851 
516 
517 553 
518 
519 
520 
521 
522 
523 
524 
525 
526 
527 
528 
529 
530 
531 
532 
533 565 
534 586 
535 
536 
537 
538 
539 
540 
541 
542 592 
543 
544 566 
545 
546 
547 
548 
549 924 
550 598 
551 570 
552 
553 
554 
555 
556 
557 
558 
559 
560 
561 
562 
563 
564 
565 573 
566 599 
567 
568 
569 
570 
571 614 
572 
573 
574 
575 771 
576 674 767 
577 
578 
579 837 
580 
581 
582 
583 
584 
585 663 
586 
587 
588 
589 
590 
591 
592 
593 
594 
595 
596 
597 
598 
599 
600 
601 
602 644 
603 
604 774 
605 
606 
607 
608 734 
609 
610 
611 935 
612 
613 686 734 790 
614 
615 646 673 736 
616 
617 636 
618 697 725 749 
619 
620 635 
621 
622 623 
623 795 
624 
625 667 859 
626 
627 
628 691 940 
629 
630 
631 
632 
633 789 
634 
635 
636 
637 641 739 
638 787 
639 
640 670 724 
641 
642 709 
643 
644 
645 
646 722 
647 
648 
649 713 794 
650 729 
651 
652 703 
653 786 
654 
655 
656 
657 
658 
659 
660 
661 
662 694 977 
663 
664 
665 
666 730 
667 
668 
669 
670 
671 722 
672 
673 
674 
675 714 
676 862 
677 
678 
679 
680 687 693 900 
681 
682 684 
683 
684 
685 
686 748 
687 
688 
689 
690 
691 878 
692 756 779 
693 
694 
695 796 
696 793 
697 
698 
699 
700 730 
701 
702 
703 
704 
705 
706 767 
707 792 
708 
709 
710 
711 
712 
713 
714 
715 
716 790 
717 
718 
719 725 
720 779 
721 
722 796 
723 
724 778 
725 
726 
727 778 
728 
729 
730 
731 
732 
733 
734 936 
735 
736 
737 
738 
739 776 
740 
741 773 
742 
743 
744 
745 
746 
747 754 
748 757 
749 
750 
751 
752 
753 
754 
755 
756 
757 
758 
759 
760 
761 
762 784 
763 773 
764 
765 
766 
767 
768 803 
769 
770 
771 
772 
773 
774 
775 
776 
777 
778 
779 
780 
781 
782 
783 
784 
785 
786 
787 
788 
789 855 
790 
791 820 
792 
793 
794 
795 957 
796 
797 
798 
799 
800 984 
801 941 
802 969 
803 919 
804 904 
805 883 
806 969 
807 
808 902 
809 
810 
811 
812 832 
813 
814 
815 
816 928 
817 823 925 988 
818 856 878 
819 
820 830 
821 916 
822 
823 
824 
825 936 
826 
827 833 945 
828 900 945 
829 
830 916 
831 
832 
833 
834 986 
835 
836 
837 
838 
839 944 
840 871 
841 
842 893 
843 873 
844 
845 938 
846 
847 
848 
849 999 
850 913 
851 962 985 994 
852 
853 
854 855 
855 872 
856 
857 
858 
859 
860 
861 902 
862 863 
863 972 996 
864 
865 918 
866 963 
867 
868 
869 921 
870 
871 
872 924 
873 894 
874 
875 
876 
877 
878 
879 972 
880 
881 
882 
883 969 989 
884 
885 
886 
887 
888 
889 
890 
891 
892 
893 
894 
895 
896 
897 
898 
899 
900 
901 927 969 
902 959 
903 
904 
905 
906 
907 970 
908 
909 
910 990 
911 
912 931 953 
913 
914 
915 
916 
917 
918 
919 
920 941 
921 957 
922 
923 942 
924 927 
925 
926 
927 
928 
929 
930 971 
931 
932 950 
933 
934 
935 
936 
937 
938 
939 
940 
941 
942 
943 
944 975 
945 
946 
947 
948 
949 
950 
951 
952 
953 
954 
955 
956 
957 
958 
959 
960 
961 
962 
963 
964 
965 
966 
967 
968 
969 
970 
971 
972 
973 
974 
975 
976 
977 
978 
979 
980 995 
981 
982 
983 
984 
985 
986 
987 
988 
989 
990 
991 
992 
993 
994 
995 
996 
997 
998 
999 
[0, 0, 0, 0, 0, 0, 0, 0, 0, 0, 0, 0, 0, 0, 0, 0, 0, 0, 0, 0, 0, 0, 0, 0, 0, 0, 0, 0, 0, 0, 0, 0, 0, 0, 0, 0, 0, 0, 0, 0, 0, 0, 0, 0, 0, 0, 0, 0, 0, 0, 0, 0, 0, 0, 0, 0, 0, 0, 0, 0, 0, 0, 0, 0, 0, 0, 0, 0, 0, 0, 0, 0, 0, 0, 0, 0, 0, 0, 0, 0, 0, 0, 0, 0, 0, 0, 0, 0, 0, 0, 0, 0, 0, 0, 0, 0, 0, 0, 0, 0, 0, 0, 0, 0, 0, 0, 0, 0, 0, 0, 0, 0, 0, 0, 0, 0, 0, 0, 0, 0, 0, 0, 0, 0, 0, 0, 0, 0, 0, 0, 0, 0, 0, 0, 0, 0, 0, 0, 0, 0, 0, 0, 0, 0, 0, 0, 0, 0, 0, 0, 0, 0, 0, 0, 0, 0, 0, 0, 0, 0, 0, 0, 0, 0, 0, 0, 0, 0, 0, 0, 0, 0, 0, 0, 0, 0, 0, 0, 0, 0, 0, 0, 0, 0, 0, 0, 0, 0, 0, 0, 0, 0, 0, 0, 0, 0, 0, 0, 0, 0, 1, 1, 1, 1, 1, 1, 1, 1, 1, 1, 1, 1, 1, 1, 1, 1, 1, 1, 1, 1, 1, 1, 1, 1, 1, 1, 1, 1, 1, 1, 1, 1, 1, 1, 1, 1, 1, 1, 1, 1, 1, 1, 1, 1, 1, 1, 1, 1, 1, 1, 1, 1, 1, 1, 1, 1, 1, 1, 1, 1, 1, 1, 1, 1, 1, 1, 1, 1, 1, 1, 1, 1, 1, 1, 1, 1, 1, 1, 1, 1, 1, 1, 1, 1, 1, 1, 1, 1, 1, 1, 1, 1, 1, 1, 1, 1, 1, 1, 1, 1, 1, 1, 1, 1, 1, 1, 1, 1, 1, 1, 1, 1, 1, 1, 1, 1, 1, 1, 1, 1, 1, 1, 1, 1, 1, 1, 1, 1, 1, 1, 1, 1, 1, 1, 1, 1, 1, 1, 1, 1, 1, 1, 1, 1, 1, 1, 1, 1, 1, 1, 1, 1, 1, 1, 1, 1, 1, 1, 1, 1, 1, 1, 1, 1, 1, 1, 1, 1, 1, 1, 1, 1, 1, 1, 1, 1, 1, 1, 1, 1, 1, 1, 1, 1, 1, 1, 1, 1, 1, 1, 1, 1, 1, 1, 1, 1, 1, 1, 1, 1, 2, 2, 2, 2, 2, 2, 2, 2, 2, 2, 2, 2, 2, 2, 2, 2, 2, 2, 2, 2, 2, 2, 2, 2, 2, 2, 2, 2, 2, 2, 2, 2, 2, 2, 2, 2, 2, 2, 2, 2, 2, 2, 2, 2, 2, 2, 2, 2, 2, 2, 2, 2, 2, 2, 2, 2, 2, 2, 2, 2, 2, 2, 2, 2, 2, 2, 2, 2, 2, 2, 2, 2, 2, 2, 2, 2, 2, 2, 2, 2, 2, 2, 2, 2, 2, 2, 2, 2, 2, 2, 2, 2, 2, 2, 2, 2, 2, 2, 2, 2, 2, 2, 2, 2, 2, 2, 2, 2, 2, 2, 2, 2, 2, 2, 2, 2, 2, 2, 2, 2, 2, 2, 2, 2, 2, 2, 2, 2, 2, 2, 2, 2, 2, 2, 2, 2, 2, 2, 2, 2, 2, 2, 2, 2, 2, 2, 2, 2, 2, 2, 2, 2, 2, 2, 2, 2, 2, 2, 2, 2, 2, 2, 2, 2, 2, 2, 2, 2, 2, 2, 2, 2, 2, 2, 2, 2, 2, 2, 2, 2, 2, 2, 2, 2, 2, 2, 2, 2, 2, 2, 2, 2, 2, 2, 2, 2, 2, 2, 2, 2, 3, 3, 3, 3, 3, 3, 3, 3, 3, 3, 3, 3, 3, 3, 3, 3, 3, 3, 3, 3, 3, 3, 3, 3, 3, 3, 3, 3, 3, 3, 3, 3, 3, 3, 3, 3, 3, 3, 3, 3, 3, 3, 3, 3, 3, 3, 3, 3, 3, 3, 3, 3, 3, 3, 3, 3, 3, 3, 3, 3, 3, 3, 3, 3, 3, 3, 3, 3, 3, 3, 3, 3, 3, 3, 3, 3, 3, 3, 3, 3, 3, 3, 3, 3, 3, 3, 3, 3, 3, 3, 3, 3, 3, 3, 3, 3, 3, 3, 3, 3, 3, 3, 3, 3, 3, 3, 3, 3, 3, 3, 3, 3, 3, 3, 3, 3, 3, 3, 3, 3, 3, 3, 3, 3, 3, 3, 3, 3, 3, 3, 3, 3, 3, 3, 3, 3, 3, 3, 3, 3, 3, 3, 3, 3, 3, 3, 3, 3, 3, 3, 3, 3, 3, 3, 3, 3, 3, 3, 3, 3, 3, 3, 3, 3, 3, 3, 3, 3, 3, 3, 3, 3, 3, 3, 3, 3, 3, 3, 3, 3, 3, 3, 3, 3, 3, 3, 3, 3, 3, 3, 3, 3, 3, 3, 3, 3, 3, 3, 3, 3, 4, 4, 4, 4, 4, 4, 4, 4, 4, 4, 4, 4, 4, 4, 4, 4, 4, 4, 4, 4, 4, 4, 4, 4, 4, 4, 4, 4, 4, 4, 4, 4, 4, 4, 4, 4, 4, 4, 4, 4, 4, 4, 4, 4, 4, 4, 4, 4, 4, 4, 4, 4, 4, 4, 4, 4, 4, 4, 4, 4, 4, 4, 4, 4, 4, 4, 4, 4, 4, 4, 4, 4, 4, 4, 4, 4, 4, 4, 4, 4, 4, 4, 4, 4, 4, 4, 4, 4, 4, 4, 4, 4, 4, 4, 4, 4, 4, 4, 4, 4, 4, 4, 4, 4, 4, 4, 4, 4, 4, 4, 4, 4, 4, 4, 4, 4, 4, 4, 4, 4, 4, 4, 4, 4, 4, 4, 4, 4, 4, 4, 4, 4, 4, 4, 4, 4, 4, 4, 4, 4, 4, 4, 4, 4, 4, 4, 4, 4, 4, 4, 4, 4, 4, 4, 4, 4, 4, 4, 4, 4, 4, 4, 4, 4, 4, 4, 4, 4, 4, 4, 4, 4, 4, 4, 4, 4, 4, 4, 4, 4, 4, 4, 4, 4, 4, 4, 4, 4, 4, 4, 4, 4, 4, 4, 4, 4, 4, 4, 4, 4]