0 132 263 
1 211 
2 4 
3 
4 66 278 
5 254 283 
6 
7 
8 96 569 
9 179 
10 143 
11 83 101 907 
12 24 45 122 253 321 
13 56 289 
14 
15 
16 241 
17 
18 45 
19 
20 143 
21 266 
22 66 
23 
24 
25 299 
26 164 231 
27 205 298 
28 
29 40 60 159 220 
30 507 
31 
32 
33 63 131 
34 
35 116 123 293 
36 638 
37 74 207 
38 52 
39 
40 
41 216 
42 196 359 
43 91 
44 
45 
46 
47 127 307 
48 170 242 547 
49 
50 287 
51 124 
52 71 
53 
54 229 
55 
56 
57 
58 151 
59 556 630 
60 255 
61 290 
62 208 
63 227 
64 119 
65 208 766 
66 495 688 
67 
68 
69 303 
70 
71 97 
72 
73 255 
74 
75 319 
76 
77 285 
78 145 
79 266 285 
80 287 
81 
82 571 910 
83 301 
84 135 
85 
86 312 
87 212 
88 478 
89 248 
90 682 
91 
92 205 207 
93 218 267 
94 116 171 225 
95 298 321 
96 
97 147 835 
98 
99 184 
100 
101 
102 791 
103 
104 
105 
106 170 
107 
108 181 233 
109 145 
110 
111 250 
112 206 
113 
114 
115 121 209 
116 207 268 
117 
118 272 273 
119 159 
120 145 158 729 
121 
122 
123 
124 173 
125 285 
126 195 211 244 833 
127 238 377 
128 
129 196 
130 204 
131 
132 463 
133 329 497 
134 
135 167 971 
136 283 
137 478 
138 153 
139 963 
140 
141 991 
142 
143 
144 
145 
146 273 306 
147 148 192 
148 240 324 
149 
150 
151 225 
152 241 
153 279 698 915 
154 
155 
156 263 
157 191 216 
158 
159 
160 
161 
162 319 
163 
164 
165 232 273 
166 200 225 233 306 
167 261 
168 201 204 946 
169 
170 
171 
172 303 
173 208 
174 546 881 
175 254 
176 559 
177 
178 
179 
180 615 
181 
182 215 
183 521 954 
184 
185 
186 226 291 
187 
188 276 
189 306 938 
190 
191 245 
192 303 
193 
194 
195 218 
196 593 
197 
198 
199 670 887 
200 863 
201 320 
202 215 324 
203 
204 219 
205 287 580 
206 243 476 
207 221 
208 
209 
210 571 
211 
212 
213 
214 
215 889 
216 
217 
218 308 
219 
220 
221 
222 292 328 
223 
224 620 686 
225 
226 560 
227 288 
228 557 916 968 
229 255 976 
230 
231 
232 
233 
234 
235 
236 
237 281 
238 302 
239 
240 
241 
242 
243 
244 
245 
246 854 
247 271 
248 364 
249 
250 736 
251 
252 
253 
254 
255 
256 
257 263 
258 
259 
260 
261 
262 323 
263 
264 
265 
266 
267 
268 
269 
270 
271 496 
272 
273 
274 302 
275 990 
276 914 
277 
278 
279 
280 722 
281 
282 513 
283 
284 311 862 
285 
286 663 
287 
288 
289 410 
290 
291 
292 
293 
294 330 
295 
296 
297 
298 
299 
300 356 
301 
302 329 332 
303 
304 
305 
306 
307 
308 
309 
310 313 
311 
312 
313 
314 414 
315 
316 328 
317 
318 
319 
320 579 
321 
322 941 
323 
324 
325 
326 
327 
328 
329 
330 
331 
332 
333 475 490 861 
334 574 
335 643 
336 337 345 
337 
338 430 
339 
340 570 
341 656 
342 392 890 
343 565 
344 556 
345 466 
346 
347 
348 497 507 
349 447 
350 
351 
352 
353 413 452 
354 379 
355 623 977 
356 417 772 
357 630 
358 
359 
360 
361 562 617 
362 687 
363 
364 
365 377 
366 453 587 
367 617 942 
368 
369 452 622 
370 
371 378 453 
372 
373 384 599 
374 491 
375 
376 416 578 596 
377 
378 
379 399 
380 
381 
382 658 
383 486 
384 
385 488 
386 499 606 
387 721 
388 
389 
390 
391 
392 
393 665 806 
394 600 
395 
396 525 586 
397 435 491 590 
398 
399 
400 
401 978 
402 432 562 
403 729 
404 
405 598 
406 655 806 
407 584 
408 423 640 
409 415 
410 412 480 555 
411 
412 414 
413 
414 
415 
416 539 
417 607 
418 610 
419 
420 733 
421 543 
422 440 
423 436 
424 
425 455 653 
426 
427 456 503 
428 569 775 
429 650 
430 
431 491 
432 
433 
434 
435 594 
436 
437 
438 
439 
440 
441 
442 493 
443 
444 
445 616 
446 537 
447 583 
448 461 612 
449 502 
450 462 
451 
452 467 537 
453 
454 
455 
456 
457 
458 597 
459 543 
460 
461 808 
462 639 
463 534 
464 593 970 
465 652 
466 
467 
468 
469 
470 506 
471 
472 820 
473 
474 
475 
476 654 710 
477 501 
478 580 
479 
480 
481 641 
482 560 621 
483 
484 627 
485 
486 525 623 
487 490 787 
488 508 582 
489 
490 533 
491 
492 586 
493 566 656 
494 532 573 815 
495 
496 
497 516 562 
498 828 
499 658 
500 
501 652 
502 
503 643 
504 551 
505 
506 
507 655 
508 
509 763 
510 
511 572 
512 
513 545 583 627 
514 
515 575 612 
516 
517 
518 
519 
520 656 
521 
522 576 634 902 
523 
524 
525 536 
526 
527 
528 
529 
530 
531 652 
532 
533 
534 597 
535 
536 888 
537 665 
538 
539 654 
540 
541 558 
542 779 
543 611 
544 585 
545 
546 
547 635 
548 645 717 
549 612 
550 
551 
552 
553 605 
554 
555 568 
556 597 
557 
558 
559 
560 623 
561 
562 
563 
564 
565 
566 625 631 
567 616 839 
568 
569 
570 578 
571 
572 598 
573 
574 719 
575 659 
576 
577 
578 
579 
580 
581 
582 
583 597 
584 602 
585 
586 624 798 
587 654 
588 
589 
590 
591 
592 
593 
594 
595 
596 
597 
598 
599 
600 620 636 
601 
602 
603 
604 
605 
606 
607 638 
608 
609 
610 
611 
612 
613 
614 
615 624 
616 
617 
618 638 
619 630 
620 
621 918 
622 
623 
624 
625 
626 
627 
628 870 
629 634 
630 
631 
632 
633 
634 859 
635 
636 
637 
638 
639 
640 
641 
642 
643 
644 
645 659 
646 
647 
648 
649 665 
650 
651 
652 
653 
654 
655 702 
656 
657 
658 
659 
660 
661 
662 
663 966 
664 
665 
666 860 
667 
668 729 
669 
670 958 
671 786 
672 720 
673 732 
674 
675 734 835 
676 
677 
678 957 
679 827 
680 
681 754 
682 
683 
684 772 821 
685 793 807 
686 820 849 
687 822 
688 
689 788 
690 
691 
692 
693 791 868 909 
694 832 865 937 
695 
696 704 
697 
698 751 
699 747 910 
700 915 
701 735 
702 811 864 951 
703 
704 
705 
706 
707 802 
708 763 897 
709 
710 
711 
712 
713 
714 
715 
716 
717 794 805 
718 890 
719 725 839 917 
720 728 943 
721 751 
722 788 850 903 
723 757 882 
724 890 
725 838 978 
726 821 
727 989 
728 859 
729 
730 761 860 
731 738 914 
732 
733 837 
734 774 891 
735 
736 800 
737 740 
738 860 
739 
740 759 
741 868 
742 776 
743 
744 
745 
746 
747 958 
748 
749 850 
750 779 963 
751 
752 
753 761 
754 
755 
756 
757 
758 
759 786 892 
760 802 806 881 
761 834 
762 920 925 
763 873 893 
764 774 922 
765 931 
766 870 930 
767 932 
768 
769 
770 
771 
772 
773 
774 
775 814 878 
776 
777 958 
778 
779 873 
780 
781 868 
782 
783 
784 
785 937 
786 829 
787 
788 953 
789 
790 
791 900 916 963 
792 816 909 
793 927 
794 
795 927 969 
796 881 
797 887 938 
798 894 
799 823 849 934 
800 855 
801 
802 805 
803 
804 
805 822 993 
806 863 
807 941 
808 
809 814 
810 858 
811 
812 
813 936 
814 
815 
816 
817 
818 900 
819 
820 951 
821 
822 
823 
824 
825 
826 
827 
828 985 
829 
830 
831 
832 
833 965 990 
834 
835 952 
836 
837 
838 
839 
840 891 
841 
842 
843 
844 
845 
846 
847 
848 
849 948 982 
850 948 
851 
852 
853 
854 
855 
856 
857 
858 
859 
860 893 
861 882 958 
862 
863 
864 
865 
866 867 
867 
868 961 
869 
870 926 
871 
872 
873 
874 
875 
876 
877 
878 
879 
880 
881 944 
882 
883 
884 955 
885 
886 889 944 
887 
888 
889 
890 981 
891 956 
892 
893 
894 
895 
896 
897 
898 
899 
900 
901 
902 979 
903 
904 929 
905 
906 
907 
908 
909 946 
910 951 
911 
912 947 
913 
914 
915 
916 995 
917 990 
918 
919 
920 
921 
922 
923 
924 
925 
926 
927 
928 970 992 
929 
930 
931 936 
932 940 
933 
934 998 
935 
936 
937 995 
938 959 
939 
940 
941 
942 992 
943 
944 
945 
946 
947 
948 
949 
950 
951 994 
952 
953 
954 
955 
956 
957 
958 
959 
960 
961 
962 
963 
964 
965 
966 
967 980 
968 
969 
970 
971 
972 
973 
974 
975 
976 
977 
978 
979 
980 
981 
982 
983 
984 
985 
986 
987 997 
988 
989 
990 
991 
992 
993 
994 
995 
996 
997 
998 
999 
[0, 0, 0, 0, 0, 0, 0, 0, 0, 0, 0, 0, 0, 0, 0, 0, 0, 0, 0, 0, 0, 0, 0, 0, 0, 0, 0, 0, 0, 0, 0, 0, 0, 0, 0, 0, 0, 0, 0, 0, 0, 0, 0, 0, 0, 0, 0, 0, 0, 0, 0, 0, 0, 0, 0, 0, 0, 0, 0, 0, 0, 0, 0, 0, 0, 0, 0, 0, 0, 0, 0, 0, 0, 0, 0, 0, 0, 0, 0, 0, 0, 0, 0, 0, 0, 0, 0, 0, 0, 0, 0, 0, 0, 0, 0, 0, 0, 0, 0, 0, 0, 0, 0, 0, 0, 0, 0, 0, 0, 0, 0, 0, 0, 0, 0, 0, 0, 0, 0, 0, 0, 0, 0, 0, 0, 0, 0, 0, 0, 0, 0, 0, 0, 0, 0, 0, 0, 0, 0, 0, 0, 0, 0, 0, 0, 0, 0, 0, 0, 0, 0, 0, 0, 0, 0, 0, 0, 0, 0, 0, 0, 0, 0, 0, 0, 0, 0, 0, 0, 0, 0, 0, 0, 0, 0, 0, 0, 0, 0, 0, 0, 0, 0, 0, 0, 0, 0, 0, 0, 0, 0, 0, 0, 0, 0, 0, 0, 0, 0, 0, 0, 0, 0, 0, 0, 0, 0, 0, 0, 0, 0, 0, 0, 0, 0, 0, 0, 0, 0, 0, 0, 0, 0, 0, 0, 0, 0, 0, 0, 0, 0, 0, 0, 0, 0, 0, 0, 0, 0, 0, 0, 0, 0, 0, 0, 0, 0, 0, 0, 0, 0, 0, 0, 0, 0, 0, 0, 0, 0, 0, 0, 0, 0, 0, 0, 0, 0, 0, 0, 0, 0, 0, 0, 0, 0, 0, 0, 0, 0, 0, 0, 0, 0, 0, 0, 0, 0, 0, 0, 0, 0, 0, 0, 0, 0, 0, 0, 0, 0, 0, 0, 0, 0, 0, 0, 0, 0, 0, 0, 0, 0, 0, 0, 0, 0, 0, 0, 0, 0, 0, 0, 0, 0, 0, 0, 0, 0, 0, 0, 0, 0, 0, 0, 1, 1, 1, 1, 1, 1, 1, 1, 1, 1, 1, 1, 1, 1, 1, 1, 1, 1, 1, 1, 1, 1, 1, 1, 1, 1, 1, 1, 1, 1, 1, 1, 1, 1, 1, 1, 1, 1, 1, 1, 1, 1, 1, 1, 1, 1, 1, 1, 1, 1, 1, 1, 1, 1, 1, 1, 1, 1, 1, 1, 1, 1, 1, 1, 1, 1, 1, 1, 1, 1, 1, 1, 1, 1, 1, 1, 1, 1, 1, 1, 1, 1, 1, 1, 1, 1, 1, 1, 1, 1, 1, 1, 1, 1, 1, 1, 1, 1, 1, 1, 1, 1, 1, 1, 1, 1, 1, 1, 1, 1, 1, 1, 1, 1, 1, 1, 1, 1, 1, 1, 1, 1, 1, 1, 1, 1, 1, 1, 1, 1, 1, 1, 1, 1, 1, 1, 1, 1, 1, 1, 1, 1, 1, 1, 1, 1, 1, 1, 1, 1, 1, 1, 1, 1, 1, 1, 1, 1, 1, 1, 1, 1, 1, 1, 1, 1, 1, 1, 1, 1, 1, 1, 1, 1, 1, 1, 1, 1, 1, 1, 1, 1, 1, 1, 1, 1, 1, 1, 1, 1, 1, 1, 1, 1, 1, 1, 1, 1, 1, 1, 1, 1, 1, 1, 1, 1, 1, 1, 1, 1, 1, 1, 1, 1, 1, 1, 1, 1, 1, 1, 1, 1, 1, 1, 1, 1, 1, 1, 1, 1, 1, 1, 1, 1, 1, 1, 1, 1, 1, 1, 1, 1, 1, 1, 1, 1, 1, 1, 1, 1, 1, 1, 1, 1, 1, 1, 1, 1, 1, 1, 1, 1, 1, 1, 1, 1, 1, 1, 1, 1, 1, 1, 1, 1, 1, 1, 1, 1, 1, 1, 1, 1, 1, 1, 1, 1, 1, 1, 1, 1, 1, 1, 1, 1, 1, 1, 1, 1, 1, 1, 1, 1, 1, 1, 1, 1, 1, 1, 1, 1, 1, 1, 1, 1, 1, 1, 1, 1, 1, 1, 1, 1, 1, 1, 1, 1, 1, 1, 1, 1, 1, 1, 1, 2, 2, 2, 2, 2, 2, 2, 2, 2, 2, 2, 2, 2, 2, 2, 2, 2, 2, 2, 2, 2, 2, 2, 2, 2, 2, 2, 2, 2, 2, 2, 2, 2, 2, 2, 2, 2, 2, 2, 2, 2, 2, 2, 2, 2, 2, 2, 2, 2, 2, 2, 2, 2, 2, 2, 2, 2, 2, 2, 2, 2, 2, 2, 2, 2, 2, 2, 2, 2, 2, 2, 2, 2, 2, 2, 2, 2, 2, 2, 2, 2, 2, 2, 2, 2, 2, 2, 2, 2, 2, 2, 2, 2, 2, 2, 2, 2, 2, 2, 2, 2, 2, 2, 2, 2, 2, 2, 2, 2, 2, 2, 2, 2, 2, 2, 2, 2, 2, 2, 2, 2, 2, 2, 2, 2, 2, 2, 2, 2, 2, 2, 2, 2, 2, 2, 2, 2, 2, 2, 2, 2, 2, 2, 2, 2, 2, 2, 2, 2, 2, 2, 2, 2, 2, 2, 2, 2, 2, 2, 2, 2, 2, 2, 2, 2, 2, 2, 2, 2, 2, 2, 2, 2, 2, 2, 2, 2, 2, 2, 2, 2, 2, 2, 2, 2, 2, 2, 2, 2, 2, 2, 2, 2, 2, 2, 2, 2, 2, 2, 2, 2, 2, 2, 2, 2, 2, 2, 2, 2, 2, 2, 2, 2, 2, 2, 2, 2, 2, 2, 2, 2, 2, 2, 2, 2, 2, 2, 2, 2, 2, 2, 2, 2, 2, 2, 2, 2, 2, 2, 2, 2, 2, 2, 2, 2, 2, 2, 2, 2, 2, 2, 2, 2, 2, 2, 2, 2, 2, 2, 2, 2, 2, 2, 2, 2, 2, 2, 2, 2, 2, 2, 2, 2, 2, 2, 2, 2, 2, 2, 2, 2, 2, 2, 2, 2, 2, 2, 2, 2, 2, 2, 2, 2, 2, 2, 2, 2, 2, 2, 2, 2, 2, 2, 2, 2, 2, 2, 2, 2, 2, 2, 2, 2, 2, 2, 2, 2, 2, 2, 2, 2, 2, 2, 2, 2, 2, 2, 2, 2, 2, 2, 2, 2, 0]