0 189 272 282 415 
1 
2 5 111 471 
3 7 210 
4 285 290 
5 66 86 374 
6 
7 142 176 278 
8 30 42 251 262 
9 147 277 846 
10 69 79 
11 159 262 264 371 
12 117 223 
13 278 303 309 330 
14 58 204 387 
15 104 179 782 
16 158 243 
17 
18 163 801 
19 131 
20 
21 36 
22 44 108 
23 
24 48 253 
25 130 175 879 
26 
27 207 402 
28 117 148 293 
29 153 247 274 
30 125 837 
31 210 386 
32 46 99 179 
33 38 49 54 88 186 968 
34 203 247 
35 
36 146 608 
37 73 96 
38 380 425 791 
39 
40 178 266 275 426 
41 76 
42 191 
43 103 162 300 
44 187 198 239 379 637 
45 208 210 441 
46 242 404 732 
47 219 245 
48 121 156 267 271 329 
49 52 315 418 729 
50 100 289 927 
51 252 
52 72 195 213 366 
53 329 684 
54 112 222 223 300 320 
55 292 
56 62 155 484 788 
57 101 268 764 
58 61 208 
59 212 228 965 
60 128 288 
61 70 848 
62 71 310 
63 857 958 
64 
65 104 
66 97 413 
67 221 
68 
69 99 215 216 
70 75 574 
71 86 87 
72 329 
73 284 375 
74 268 295 
75 769 888 
76 
77 
78 
79 184 
80 226 252 
81 
82 85 232 309 534 
83 
84 93 234 273 310 
85 214 759 
86 242 
87 178 310 312 
88 210 
89 100 125 165 301 302 317 520 
90 243 
91 140 197 
92 145 
93 646 
94 
95 317 
96 129 245 998 
97 214 286 
98 646 
99 
100 256 286 
101 
102 109 120 178 
103 106 327 837 
104 260 269 582 
105 263 
106 123 159 
107 116 197 482 889 
108 
109 426 
110 321 
111 
112 
113 177 256 324 
114 117 154 185 257 650 
115 150 310 
116 
117 513 
118 154 195 259 269 
119 211 267 
120 295 
121 
122 
123 
124 
125 160 326 
126 194 310 
127 132 672 
128 245 
129 
130 291 840 
131 183 223 459 750 
132 
133 140 
134 146 771 
135 250 448 
136 152 
137 201 
138 269 946 
139 406 603 987 
140 215 243 244 
141 247 271 
142 
143 611 
144 360 
145 294 790 
146 176 224 
147 
148 218 291 
149 242 313 
150 
151 
152 178 212 281 297 529 
153 198 
154 244 276 308 
155 164 
156 328 
157 217 
158 162 217 313 823 
159 224 
160 
161 163 191 
162 
163 227 245 
164 250 
165 243 866 
166 223 332 
167 227 
168 
169 230 638 
170 
171 223 276 
172 
173 
174 
175 
176 190 
177 221 268 
178 
179 
180 320 
181 273 959 
182 183 773 
183 
184 217 248 
185 427 
186 296 674 
187 860 
188 218 
189 218 
190 289 
191 
192 
193 994 
194 276 358 
195 283 991 
196 231 419 
197 383 
198 
199 255 534 
200 
201 208 
202 229 
203 
204 290 
205 255 544 552 745 936 
206 217 365 
207 
208 332 
209 216 
210 682 
211 
212 324 671 
213 215 263 264 299 
214 285 
215 
216 253 304 
217 226 
218 230 264 448 881 
219 
220 299 
221 225 319 322 
222 369 
223 283 918 
224 764 
225 265 
226 240 
227 
228 920 
229 320 
230 233 237 249 304 
231 
232 274 320 
233 
234 
235 261 330 
236 260 932 
237 261 
238 283 327 918 
239 430 
240 
241 886 
242 260 
243 251 
244 511 
245 
246 287 
247 
248 
249 
250 315 
251 287 
252 286 
253 
254 789 
255 400 
256 
257 497 
258 
259 318 
260 
261 
262 614 
263 
264 409 
265 950 
266 
267 
268 967 
269 331 
270 745 
271 281 299 660 
272 664 
273 304 436 
274 
275 
276 449 543 938 
277 
278 
279 922 
280 
281 
282 453 
283 
284 310 517 
285 
286 297 299 
287 722 
288 295 
289 
290 
291 
292 319 
293 
294 
295 
296 
297 
298 
299 623 
300 
301 312 600 
302 336 
303 697 
304 471 
305 
306 
307 390 
308 311 
309 
310 791 
311 
312 
313 
314 
315 734 826 
316 
317 328 
318 788 946 
319 
320 918 
321 
322 
323 
324 960 
325 
326 
327 505 
328 791 806 
329 
330 850 
331 
332 
333 437 616 782 
334 
335 414 417 964 997 
336 496 589 763 
337 541 
338 512 654 
339 552 628 
340 394 396 474 655 693 
341 
342 350 520 
343 544 547 
344 753 
345 503 615 
346 388 903 
347 405 576 652 668 
348 361 589 
349 395 478 504 
350 401 413 563 634 836 888 
351 469 509 557 652 778 
352 
353 374 437 489 580 663 
354 531 578 
355 529 
356 382 
357 
358 609 
359 
360 799 
361 
362 442 574 763 
363 409 
364 391 552 996 
365 491 
366 451 559 
367 410 465 564 
368 415 579 594 615 626 656 730 
369 550 636 
370 385 484 575 583 633 
371 481 600 998 
372 414 517 603 625 
373 
374 499 590 649 
375 385 467 470 560 568 
376 573 
377 
378 
379 444 456 529 
380 597 
381 
382 596 
383 386 
384 469 486 585 
385 620 649 
386 458 
387 554 
388 501 569 639 
389 431 660 663 
390 
391 528 549 627 
392 590 
393 
394 637 646 
395 573 647 
396 575 
397 473 653 663 
398 610 
399 482 
400 655 664 
401 415 
402 830 
403 546 
404 414 531 
405 481 
406 
407 976 991 
408 430 
409 
410 546 551 612 638 
411 446 654 
412 492 511 563 610 
413 
414 492 600 631 
415 495 499 504 
416 448 545 595 
417 497 567 581 885 
418 648 
419 507 636 
420 578 
421 602 
422 485 564 598 
423 542 
424 
425 513 605 
426 482 487 575 645 
427 470 526 
428 535 549 
429 451 
430 
431 577 618 
432 457 
433 589 
434 
435 
436 517 658 
437 477 498 
438 554 680 
439 507 553 568 
440 626 
441 483 
442 453 492 520 
443 540 565 
444 
445 
446 627 
447 610 
448 
449 502 533 
450 657 
451 656 
452 
453 558 596 729 
454 605 622 
455 478 
456 624 
457 595 
458 
459 551 565 
460 510 
461 541 637 
462 
463 480 575 
464 
465 523 595 
466 600 613 968 
467 471 
468 470 513 632 
469 481 538 
470 879 
471 507 598 
472 491 
473 637 842 
474 
475 
476 533 
477 
478 857 
479 729 
480 
481 620 974 
482 483 534 630 
483 
484 
485 
486 501 531 
487 542 
488 
489 
490 537 541 
491 563 662 
492 
493 
494 508 617 
495 540 582 593 662 
496 505 586 730 
497 
498 
499 630 
500 620 
501 829 
502 
503 551 
504 
505 
506 545 831 
507 559 581 
508 610 
509 598 907 
510 
511 660 
512 533 542 
513 515 546 780 
514 
515 618 
516 
517 548 578 636 
518 647 
519 
520 547 556 906 
521 
522 585 
523 
524 
525 592 
526 610 
527 
528 617 
529 
530 660 
531 
532 555 
533 575 
534 
535 608 676 
536 556 571 
537 
538 611 
539 628 660 
540 
541 
542 
543 768 
544 579 
545 
546 563 
547 705 
548 573 
549 584 663 710 
550 
551 747 
552 
553 946 
554 
555 665 
556 578 586 
557 
558 
559 572 598 
560 920 
561 
562 611 636 
563 657 
564 665 
565 
566 
567 
568 645 
569 
570 
571 655 
572 627 640 
573 
574 
575 602 612 
576 
577 
578 
579 
580 903 
581 589 
582 583 601 
583 755 
584 593 
585 661 
586 602 646 
587 602 632 
588 635 
589 
590 597 
591 746 973 
592 
593 601 
594 
595 628 789 
596 609 618 
597 609 791 794 
598 
599 971 
600 
601 791 
602 
603 
604 
605 
606 700 
607 
608 
609 717 
610 
611 
612 
613 628 966 
614 
615 
616 964 
617 
618 
619 
620 
621 631 
622 893 
623 
624 
625 968 
626 
627 
628 
629 
630 
631 
632 
633 
634 654 757 
635 914 916 
636 
637 
638 840 
639 
640 
641 
642 
643 
644 
645 
646 819 
647 
648 657 
649 988 
650 
651 662 
652 664 
653 
654 726 
655 721 924 
656 
657 
658 
659 
660 846 
661 
662 
663 
664 
665 861 
666 
667 761 805 873 938 
668 693 886 989 
669 
670 864 950 974 
671 824 836 931 
672 821 885 991 
673 719 764 955 
674 679 
675 706 
676 709 802 
677 
678 896 946 
679 683 791 965 
680 856 
681 755 829 851 964 
682 722 764 800 943 
683 809 849 
684 692 721 995 
685 688 964 
686 990 
687 
688 918 
689 786 901 967 
690 801 
691 
692 897 
693 924 
694 
695 760 860 
696 
697 785 
698 837 
699 
700 810 943 995 
701 763 801 837 
702 740 865 883 
703 723 751 933 945 
704 771 820 824 829 879 
705 739 784 793 872 930 
706 943 
707 770 780 
708 760 
709 737 769 883 
710 742 747 886 996 
711 771 926 
712 769 941 
713 
714 
715 722 738 762 843 
716 
717 845 
718 
719 791 912 941 
720 872 951 
721 
722 989 
723 725 750 823 
724 812 
725 816 
726 850 
727 950 
728 790 
729 775 848 879 945 
730 974 
731 743 787 910 
732 930 991 
733 803 811 847 
734 831 
735 
736 834 977 983 
737 871 
738 754 770 831 
739 
740 
741 747 
742 767 772 
743 
744 757 947 
745 755 777 810 899 993 
746 838 
747 
748 
749 981 
750 825 
751 892 
752 904 936 
753 855 
754 
755 779 840 938 972 
756 789 790 881 892 914 984 
757 973 
758 929 
759 
760 894 987 
761 930 987 
762 765 878 
763 
764 888 908 941 
765 
766 882 
767 848 960 962 
768 
769 804 
770 963 992 
771 876 916 
772 804 983 
773 791 
774 822 
775 808 
776 959 
777 783 863 961 
778 870 
779 935 985 
780 829 975 
781 
782 
783 785 
784 
785 808 
786 871 873 
787 976 
788 
789 907 912 
790 951 
791 
792 853 876 983 
793 796 
794 823 958 
795 860 
796 885 
797 903 951 
798 
799 852 
800 815 865 931 
801 
802 960 
803 874 904 921 961 
804 941 980 
805 859 
806 
807 852 938 
808 839 
809 958 
810 
811 869 973 
812 
813 
814 910 
815 974 
816 
817 838 
818 968 
819 854 
820 
821 878 
822 867 
823 
824 931 
825 841 872 916 918 
826 
827 
828 871 
829 957 986 
830 
831 967 
832 
833 847 929 
834 
835 
836 967 
837 867 883 908 949 
838 
839 
840 919 942 
841 
842 
843 847 
844 
845 
846 
847 
848 
849 
850 894 931 
851 954 
852 992 
853 889 908 959 
854 908 
855 
856 
857 994 
858 916 
859 
860 
861 
862 989 
863 886 
864 893 
865 
866 
867 990 
868 
869 
870 966 
871 936 
872 
873 898 
874 
875 989 
876 996 
877 
878 911 
879 896 
880 898 
881 991 
882 
883 932 955 
884 905 
885 
886 
887 949 
888 
889 
890 947 
891 978 
892 
893 929 
894 
895 897 927 978 
896 
897 
898 
899 
900 
901 959 
902 925 984 
903 
904 
905 937 
906 
907 
908 968 
909 911 
910 931 937 
911 
912 
913 
914 951 
915 938 
916 
917 
918 
919 984 
920 
921 
922 
923 
924 955 
925 
926 
927 947 984 
928 
929 986 
930 935 
931 961 
932 
933 
934 968 
935 
936 
937 
938 
939 
940 978 
941 983 
942 
943 
944 
945 
946 983 
947 
948 971 
949 
950 
951 986 
952 
953 
954 978 
955 
956 970 
957 976 
958 
959 
960 994 
961 
962 968 
963 
964 984 
965 
966 
967 
968 
969 
970 
971 
972 975 
973 
974 995 
975 
976 
977 
978 
979 
980 
981 982 
982 
983 
984 
985 
986 
987 
988 
989 
990 
991 
992 
993 
994 
995 
996 
997 
998 
[0, 0, 0, 0, 0, 0, 0, 0, 0, 0, 0, 0, 0, 0, 0, 0, 0, 0, 0, 0, 0, 0, 0, 0, 0, 0, 0, 0, 0, 0, 0, 0, 0, 0, 0, 0, 0, 0, 0, 0, 0, 0, 0, 0, 0, 0, 0, 0, 0, 0, 0, 0, 0, 0, 0, 0, 0, 0, 0, 0, 0, 0, 0, 0, 0, 0, 0, 0, 0, 0, 0, 0, 0, 0, 0, 0, 0, 0, 0, 0, 0, 0, 0, 0, 0, 0, 0, 0, 0, 0, 0, 0, 0, 0, 0, 0, 0, 0, 0, 0, 0, 0, 0, 0, 0, 0, 0, 0, 0, 0, 0, 0, 0, 0, 0, 0, 0, 0, 0, 0, 0, 0, 0, 0, 0, 0, 0, 0, 0, 0, 0, 0, 0, 0, 0, 0, 0, 0, 0, 0, 0, 0, 0, 0, 0, 0, 0, 0, 0, 0, 0, 0, 0, 0, 0, 0, 0, 0, 0, 0, 0, 0, 0, 0, 0, 0, 0, 0, 0, 0, 0, 0, 0, 0, 0, 0, 0, 0, 0, 0, 0, 0, 0, 0, 0, 0, 0, 0, 0, 0, 0, 0, 0, 0, 0, 0, 0, 0, 0, 0, 0, 0, 0, 0, 0, 0, 0, 0, 0, 0, 0, 0, 0, 0, 0, 0, 0, 0, 0, 0, 0, 0, 0, 0, 0, 0, 0, 0, 0, 0, 0, 0, 0, 0, 0, 0, 0, 0, 0, 0, 0, 0, 0, 0, 0, 0, 0, 0, 0, 0, 0, 0, 0, 0, 0, 0, 0, 0, 0, 0, 0, 0, 0, 0, 0, 0, 0, 0, 0, 0, 0, 0, 0, 0, 0, 0, 0, 0, 0, 0, 0, 0, 0, 0, 0, 0, 0, 0, 0, 0, 0, 0, 0, 0, 0, 0, 0, 0, 0, 0, 0, 0, 0, 0, 0, 0, 0, 0, 0, 0, 0, 0, 0, 0, 0, 0, 0, 0, 0, 0, 0, 0, 0, 0, 0, 0, 0, 0, 0, 0, 0, 0, 0, 1, 1, 1, 1, 1, 1, 1, 1, 1, 1, 1, 1, 1, 1, 1, 1, 1, 1, 1, 1, 1, 1, 1, 1, 1, 1, 1, 1, 1, 1, 1, 1, 1, 1, 1, 1, 1, 1, 1, 1, 1, 1, 1, 1, 1, 1, 1, 1, 1, 1, 1, 1, 1, 1, 1, 1, 1, 1, 1, 1, 1, 1, 1, 1, 1, 1, 1, 1, 1, 1, 1, 1, 1, 1, 1, 1, 1, 1, 1, 1, 1, 1, 1, 1, 1, 1, 1, 1, 1, 1, 1, 1, 1, 1, 1, 1, 1, 1, 1, 1, 1, 1, 1, 1, 1, 1, 1, 1, 1, 1, 1, 1, 1, 1, 1, 1, 1, 1, 1, 1, 1, 1, 1, 1, 1, 1, 1, 1, 1, 1, 1, 1, 1, 1, 1, 1, 1, 1, 1, 1, 1, 1, 1, 1, 1, 1, 1, 1, 1, 1, 1, 1, 1, 1, 1, 1, 1, 1, 1, 1, 1, 1, 1, 1, 1, 1, 1, 1, 1, 1, 1, 1, 1, 1, 1, 1, 1, 1, 1, 1, 1, 1, 1, 1, 1, 1, 1, 1, 1, 1, 1, 1, 1, 1, 1, 1, 1, 1, 1, 1, 1, 1, 1, 1, 1, 1, 1, 1, 1, 1, 1, 1, 1, 1, 1, 1, 1, 1, 1, 1, 1, 1, 1, 1, 1, 1, 1, 1, 1, 1, 1, 1, 1, 1, 1, 1, 1, 1, 1, 1, 1, 1, 1, 1, 1, 1, 1, 1, 1, 1, 1, 1, 1, 1, 1, 1, 1, 1, 1, 1, 1, 1, 1, 1, 1, 1, 1, 1, 1, 1, 1, 1, 1, 1, 1, 1, 1, 1, 1, 1, 1, 1, 1, 1, 1, 1, 1, 1, 1, 1, 1, 1, 1, 1, 1, 1, 1, 1, 1, 1, 1, 1, 1, 1, 1, 1, 1, 1, 1, 1, 1, 1, 1, 1, 1, 1, 1, 1, 1, 1, 1, 1, 1, 1, 1, 1, 1, 1, 1, 1, 1, 1, 1, 2, 2, 2, 2, 2, 2, 2, 2, 2, 2, 2, 2, 2, 2, 2, 2, 2, 2, 2, 2, 2, 2, 2, 2, 2, 2, 2, 2, 2, 2, 2, 2, 2, 2, 2, 2, 2, 2, 2, 2, 2, 2, 2, 2, 2, 2, 2, 2, 2, 2, 2, 2, 2, 2, 2, 2, 2, 2, 2, 2, 2, 2, 2, 2, 2, 2, 2, 2, 2, 2, 2, 2, 2, 2, 2, 2, 2, 2, 2, 2, 2, 2, 2, 2, 2, 2, 2, 2, 2, 2, 2, 2, 2, 2, 2, 2, 2, 2, 2, 2, 2, 2, 2, 2, 2, 2, 2, 2, 2, 2, 2, 2, 2, 2, 2, 2, 2, 2, 2, 2, 2, 2, 2, 2, 2, 2, 2, 2, 2, 2, 2, 2, 2, 2, 2, 2, 2, 2, 2, 2, 2, 2, 2, 2, 2, 2, 2, 2, 2, 2, 2, 2, 2, 2, 2, 2, 2, 2, 2, 2, 2, 2, 2, 2, 2, 2, 2, 2, 2, 2, 2, 2, 2, 2, 2, 2, 2, 2, 2, 2, 2, 2, 2, 2, 2, 2, 2, 2, 2, 2, 2, 2, 2, 2, 2, 2, 2, 2, 2, 2, 2, 2, 2, 2, 2, 2, 2, 2, 2, 2, 2, 2, 2, 2, 2, 2, 2, 2, 2, 2, 2, 2, 2, 2, 2, 2, 2, 2, 2, 2, 2, 2, 2, 2, 2, 2, 2, 2, 2, 2, 2, 2, 2, 2, 2, 2, 2, 2, 2, 2, 2, 2, 2, 2, 2, 2, 2, 2, 2, 2, 2, 2, 2, 2, 2, 2, 2, 2, 2, 2, 2, 2, 2, 2, 2, 2, 2, 2, 2, 2, 2, 2, 2, 2, 2, 2, 2, 2, 2, 2, 2, 2, 2, 2, 2, 2, 2, 2, 2, 2, 2, 2, 2, 2, 2, 2, 2, 2, 2, 2, 2, 2, 2, 2, 2, 2, 2, 2, 2, 2, 2, 2, 2, 2, 2, 2, 2, 2, 2, 2, 2, 2, 2]