0 18 19 21 28 43 82 
1 3 14 17 20 28 41 57 79 
2 18 19 20 80 
3 19 26 
4 16 18 19 22 
5 7 8 10 19 29 32 33 46 
6 7 8 11 12 13 23 28 38 47 
7 12 18 28 34 40 44 92 96 
8 17 22 28 31 32 56 
9 15 23 30 33 35 37 38 40 49 
10 11 16 18 36 42 43 
11 17 18 23 26 31 85 94 
12 13 19 39 45 46 67 
13 23 26 29 31 33 36 38 46 48 
14 38 42 44 81 94 
15 17 20 34 36 46 
16 19 21 25 47 48 78 87 
17 19 25 30 37 45 
18 20 38 39 
19 24 25 38 41 43 49 67 
20 38 40 45 46 51 
21 24 45 
22 29 33 35 36 37 38 39 40 83 
23 29 36 39 
24 25 26 35 37 46 48 50 
25 29 30 
26 27 41 47 
27 31 33 36 38 43 
28 29 43 44 62 
29 32 37 47 78 97 
30 35 41 
31 34 40 66 
32 42 47 
33 35 41 48 63 
34 49 75 
35 38 41 44 69 73 
36 39 84 
37 40 43 47 
38 45 47 68 
39 45 50 
40 
41 42 
42 49 
43 46 79 
44 56 71 90 
45 51 95 
46 
47 57 74 80 
48 
49 
50 60 63 68 69 70 73 78 
51 62 68 79 80 81 84 85 93 
52 78 91 92 98 
53 59 72 80 83 84 
54 58 60 68 77 82 90 
55 56 71 90 98 
56 57 61 68 90 95 96 
57 94 99 
58 60 65 66 82 84 93 
59 77 80 86 98 
60 66 67 70 75 83 92 93 95 99 
61 64 70 72 88 97 
62 63 64 65 71 72 74 88 93 94 
63 81 87 88 92 99 
64 72 73 90 91 94 
65 73 74 75 78 80 82 85 95 99 
66 67 81 91 92 95 
67 72 80 84 87 88 96 
68 77 95 99 
69 70 72 74 77 88 
70 80 81 82 86 88 94 
71 73 87 88 94 
72 86 90 93 
73 76 87 93 
74 75 86 89 91 
75 76 85 88 89 94 96 97 98 
76 91 96 
77 79 81 89 91 96 97 
78 97 
79 
80 82 85 89 90 94 
81 84 92 97 
82 87 
83 88 99 
84 85 86 95 
85 89 
86 91 94 97 
87 
88 90 
89 93 94 95 
90 
91 96 
92 
93 
94 
95 
96 
97 
98 
99 
[0, 0, 0, 0, 0, 0, 0, 0, 0, 0, 0, 0, 0, 0, 0, 0, 0, 0, 0, 0, 0, 0, 0, 0, 0, 0, 0, 0, 0, 0, 0, 0, 0, 0, 0, 0, 0, 0, 0, 0, 0, 0, 0, 0, 0, 0, 0, 0, 0, 0, 1, 1, 1, 1, 1, 1, 1, 1, 1, 1, 1, 1, 1, 1, 1, 1, 1, 1, 1, 1, 1, 1, 1, 1, 1, 1, 1, 1, 1, 1, 1, 1, 1, 1, 1, 1, 1, 1, 1, 1, 1, 1, 1, 1, 1, 1, 1, 1, 1, 1]