0 90 
1 378 
2 
3 
4 33 
5 336 
6 112 
7 
8 110 
9 
10 
11 
12 308 339 447 485 
13 
14 
15 18 
16 
17 389 
18 
19 80 
20 320 
21 431 505 
22 
23 218 249 
24 432 
25 
26 
27 
28 
29 
30 
31 
32 388 
33 
34 
35 
36 
37 480 
38 319 
39 
40 257 
41 
42 899 
43 197 
44 
45 
46 
47 
48 
49 433 
50 121 280 490 
51 72 
52 
53 
54 751 785 
55 188 477 
56 485 
57 
58 
59 
60 173 
61 321 
62 
63 
64 256 389 
65 
66 
67 
68 476 
69 344 
70 
71 
72 
73 570 720 
74 212 
75 
76 
77 427 
78 
79 295 
80 
81 181 259 320 
82 
83 
84 224 
85 
86 
87 424 530 
88 129 
89 309 
90 
91 
92 
93 271 
94 
95 
96 322 
97 
98 195 
99 
100 
101 
102 
103 630 
104 389 
105 
106 492 
107 
108 
109 452 
110 409 
111 
112 997 
113 
114 
115 
116 133 
117 
118 
119 
120 
121 447 
122 
123 336 492 
124 
125 
126 345 353 
127 
128 
129 
130 840 
131 
132 
133 240 
134 
135 
136 
137 
138 154 
139 
140 
141 
142 
143 473 
144 
145 
146 454 
147 
148 
149 
150 
151 
152 
153 177 
154 412 
155 
156 
157 
158 489 
159 425 
160 487 
161 260 
162 
163 
164 
165 
166 
167 
168 
169 499 
170 
171 
172 476 
173 
174 346 
175 
176 
177 
178 
179 437 
180 
181 296 
182 
183 
184 
185 
186 
187 307 
188 
189 255 
190 
191 365 
192 
193 495 
194 
195 
196 369 
197 
198 
199 
200 218 
201 
202 
203 
204 344 
205 
206 
207 
208 
209 224 438 
210 331 388 
211 
212 470 
213 
214 
215 271 
216 
217 
218 
219 278 393 
220 
221 
222 
223 
224 407 
225 
226 
227 
228 
229 483 
230 
231 300 
232 396 
233 450 
234 298 464 
235 
236 270 
237 349 
238 
239 
240 
241 
242 
243 244 534 
244 
245 314 
246 
247 
248 
249 
250 
251 335 
252 
253 
254 
255 
256 
257 
258 
259 
260 
261 
262 
263 
264 
265 345 464 
266 401 
267 
268 
269 643 
270 
271 
272 
273 
274 
275 
276 
277 
278 
279 434 
280 609 
281 
282 
283 470 
284 416 
285 396 
286 
287 
288 
289 
290 
291 
292 
293 495 
294 448 
295 
296 
297 
298 
299 
300 
301 379 
302 905 
303 
304 
305 
306 
307 353 
308 
309 
310 381 869 
311 
312 
313 
314 
315 
316 
317 
318 
319 
320 580 
321 
322 
323 
324 867 
325 353 403 465 
326 
327 571 
328 944 
329 
330 
331 
332 
333 454 
334 
335 
336 
337 
338 
339 397 
340 492 
341 436 
342 
343 
344 412 
345 356 
346 
347 427 
348 
349 
350 
351 
352 
353 
354 
355 
356 
357 
358 438 
359 
360 
361 
362 
363 
364 
365 462 
366 
367 
368 
369 
370 
371 465 
372 
373 
374 487 
375 426 
376 
377 
378 481 
379 434 
380 
381 
382 
383 
384 
385 
386 
387 446 
388 
389 
390 
391 
392 
393 
394 
395 
396 430 
397 
398 
399 
400 443 
401 
402 
403 
404 429 
405 
406 
407 
408 
409 
410 
411 
412 
413 
414 
415 
416 
417 
418 
419 
420 
421 
422 
423 
424 
425 691 
426 
427 
428 
429 806 
430 
431 
432 
433 
434 
435 
436 
437 
438 
439 
440 
441 
442 
443 
444 
445 
446 453 
447 
448 
449 669 
450 
451 
452 995 
453 
454 
455 
456 
457 
458 
459 
460 
461 475 
462 
463 
464 478 
465 877 
466 
467 
468 
469 
470 
471 
472 
473 
474 
475 
476 
477 
478 
479 
480 
481 
482 
483 
484 837 
485 
486 
487 
488 496 
489 
490 
491 
492 
493 
494 
495 
496 
497 
498 
499 
500 549 551 
501 
502 
503 915 
504 
505 765 
506 
507 695 738 
508 745 
509 
510 777 
511 
512 
513 
514 
515 
516 890 
517 
518 648 
519 
520 
521 
522 
523 686 
524 
525 
526 
527 
528 939 
529 
530 
531 745 
532 
533 
534 573 
535 
536 
537 
538 
539 
540 
541 834 
542 871 
543 845 
544 
545 913 
546 
547 592 
548 
549 
550 836 
551 880 
552 779 860 
553 798 
554 767 
555 938 
556 
557 
558 585 
559 
560 952 
561 
562 
563 
564 649 667 763 
565 593 794 
566 657 
567 
568 
569 647 
570 
571 
572 819 
573 816 
574 
575 900 
576 
577 
578 
579 
580 
581 879 
582 868 
583 
584 593 
585 884 
586 
587 935 
588 
589 
590 
591 
592 
593 
594 
595 676 
596 838 
597 
598 958 
599 927 
600 
601 
602 
603 630 770 
604 
605 
606 632 
607 
608 765 
609 689 964 
610 
611 
612 650 
613 915 
614 
615 659 
616 
617 
618 
619 987 
620 
621 
622 
623 855 
624 
625 
626 
627 
628 926 
629 659 
630 
631 
632 833 
633 
634 
635 
636 833 
637 
638 
639 
640 
641 
642 971 
643 
644 
645 
646 713 833 
647 942 
648 
649 805 
650 
651 
652 
653 827 
654 905 
655 
656 999 
657 876 
658 875 
659 
660 688 856 
661 
662 861 
663 731 970 
664 
665 
666 
667 
668 
669 747 
670 
671 
672 916 
673 
674 
675 
676 709 792 883 
677 815 
678 
679 
680 965 
681 
682 
683 769 
684 
685 
686 
687 734 
688 
689 736 
690 
691 920 981 
692 
693 694 979 
694 700 
695 
696 
697 
698 878 
699 
700 
701 811 
702 
703 858 996 
704 834 
705 
706 
707 718 
708 
709 
710 911 
711 
712 
713 
714 
715 
716 
717 
718 
719 796 
720 
721 
722 825 
723 
724 965 
725 
726 763 
727 804 
728 974 
729 
730 889 
731 
732 
733 936 
734 
735 
736 
737 
738 775 961 
739 
740 755 
741 
742 
743 
744 
745 
746 751 
747 935 
748 
749 
750 
751 872 
752 
753 
754 
755 
756 
757 
758 
759 
760 
761 
762 
763 
764 
765 
766 
767 
768 934 
769 
770 
771 
772 
773 
774 
775 
776 
777 842 
778 
779 825 
780 884 
781 
782 
783 
784 
785 933 
786 
787 
788 
789 
790 
791 
792 
793 
794 
795 
796 
797 
798 992 
799 
800 910 
801 
802 
803 
804 
805 904 
806 
807 
808 890 
809 
810 
811 
812 
813 891 
814 
815 828 
816 
817 
818 
819 
820 
821 
822 
823 
824 
825 
826 981 
827 
828 
829 943 
830 
831 
832 
833 
834 
835 932 951 
836 950 
837 
838 883 
839 
840 
841 
842 
843 
844 993 
845 
846 909 957 
847 965 
848 
849 
850 875 
851 
852 874 
853 
854 
855 
856 
857 
858 
859 
860 
861 
862 
863 962 
864 907 
865 
866 903 
867 
868 
869 
870 
871 
872 
873 
874 
875 
876 896 
877 
878 
879 
880 
881 936 
882 
883 
884 
885 
886 
887 
888 
889 
890 
891 
892 
893 
894 
895 
896 
897 
898 
899 901 
900 
901 
902 
903 
904 
905 973 
906 
907 
908 
909 
910 933 
911 
912 
913 
914 
915 
916 
917 
918 
919 
920 
921 
922 
923 
924 
925 
926 
927 
928 
929 
930 
931 
932 944 
933 
934 
935 
936 943 
937 
938 
939 
940 
941 965 
942 
943 
944 
945 
946 
947 
948 
949 
950 
951 
952 
953 
954 
955 
956 
957 
958 
959 
960 
961 
962 
963 
964 
965 
966 
967 
968 
969 
970 
971 
972 
973 
974 
975 
976 
977 
978 
979 
980 
981 
982 
983 
984 
985 
986 
987 
988 
989 
990 
991 
992 
993 
994 
995 
996 
997 
998 
999 
[0, 0, 0, 0, 0, 0, 0, 0, 0, 0, 0, 0, 0, 0, 0, 0, 0, 0, 0, 0, 0, 0, 0, 0, 0, 0, 0, 0, 0, 0, 0, 0, 0, 0, 0, 0, 0, 0, 0, 0, 0, 0, 0, 0, 0, 0, 0, 0, 0, 0, 0, 0, 0, 0, 0, 0, 0, 0, 0, 0, 0, 0, 0, 0, 0, 0, 0, 0, 0, 0, 0, 0, 0, 0, 0, 0, 0, 0, 0, 0, 0, 0, 0, 0, 0, 0, 0, 0, 0, 0, 0, 0, 0, 0, 0, 0, 0, 0, 0, 0, 0, 0, 0, 0, 0, 0, 0, 0, 0, 0, 0, 0, 0, 0, 0, 0, 0, 0, 0, 0, 0, 0, 0, 0, 0, 0, 0, 0, 0, 0, 0, 0, 0, 0, 0, 0, 0, 0, 0, 0, 0, 0, 0, 0, 0, 0, 0, 0, 0, 0, 0, 0, 0, 0, 0, 0, 0, 0, 0, 0, 0, 0, 0, 0, 0, 0, 0, 0, 0, 0, 0, 0, 0, 0, 0, 0, 0, 0, 0, 0, 0, 0, 0, 0, 0, 0, 0, 0, 0, 0, 0, 0, 0, 0, 0, 0, 0, 0, 0, 0, 0, 0, 0, 0, 0, 0, 0, 0, 0, 0, 0, 0, 0, 0, 0, 0, 0, 0, 0, 0, 0, 0, 0, 0, 0, 0, 0, 0, 0, 0, 0, 0, 0, 0, 0, 0, 0, 0, 0, 0, 0, 0, 0, 0, 0, 0, 0, 0, 0, 0, 0, 0, 0, 0, 0, 0, 0, 0, 0, 0, 0, 0, 0, 0, 0, 0, 0, 0, 0, 0, 0, 0, 0, 0, 0, 0, 0, 0, 0, 0, 0, 0, 0, 0, 0, 0, 0, 0, 0, 0, 0, 0, 0, 0, 0, 0, 0, 0, 0, 0, 0, 0, 0, 0, 0, 0, 0, 0, 0, 0, 0, 0, 0, 0, 0, 0, 0, 0, 0, 0, 0, 0, 0, 0, 0, 0, 0, 0, 0, 0, 0, 0, 0, 0, 0, 0, 0, 0, 0, 0, 0, 0, 0, 0, 0, 0, 0, 0, 0, 0, 0, 0, 0, 0, 0, 0, 0, 0, 0, 0, 0, 0, 0, 0, 0, 0, 0, 0, 0, 0, 0, 0, 0, 0, 0, 0, 0, 0, 0, 0, 0, 0, 0, 0, 0, 0, 0, 0, 0, 0, 0, 0, 0, 0, 0, 0, 0, 0, 0, 0, 0, 0, 0, 0, 0, 0, 0, 0, 0, 0, 0, 0, 0, 0, 0, 0, 0, 0, 0, 0, 0, 0, 0, 0, 0, 0, 0, 0, 0, 0, 0, 0, 0, 0, 0, 0, 0, 0, 0, 0, 0, 0, 0, 0, 0, 0, 0, 0, 0, 0, 0, 0, 0, 0, 0, 0, 0, 0, 0, 0, 0, 0, 0, 0, 0, 0, 0, 0, 0, 0, 0, 0, 0, 0, 0, 0, 0, 0, 0, 0, 0, 0, 0, 0, 0, 0, 0, 0, 0, 0, 0, 0, 0, 0, 0, 0, 0, 0, 0, 0, 1, 1, 1, 1, 1, 1, 1, 1, 1, 1, 1, 1, 1, 1, 1, 1, 1, 1, 1, 1, 1, 1, 1, 1, 1, 1, 1, 1, 1, 1, 1, 1, 1, 1, 1, 1, 1, 1, 1, 1, 1, 1, 1, 1, 1, 1, 1, 1, 1, 1, 1, 1, 1, 1, 1, 1, 1, 1, 1, 1, 1, 1, 1, 1, 1, 1, 1, 1, 1, 1, 1, 1, 1, 1, 1, 1, 1, 1, 1, 1, 1, 1, 1, 1, 1, 1, 1, 1, 1, 1, 1, 1, 1, 1, 1, 1, 1, 1, 1, 1, 1, 1, 1, 1, 1, 1, 1, 1, 1, 1, 1, 1, 1, 1, 1, 1, 1, 1, 1, 1, 1, 1, 1, 1, 1, 1, 1, 1, 1, 1, 1, 1, 1, 1, 1, 1, 1, 1, 1, 1, 1, 1, 1, 1, 1, 1, 1, 1, 1, 1, 1, 1, 1, 1, 1, 1, 1, 1, 1, 1, 1, 1, 1, 1, 1, 1, 1, 1, 1, 1, 1, 1, 1, 1, 1, 1, 1, 1, 1, 1, 1, 1, 1, 1, 1, 1, 1, 1, 1, 1, 1, 1, 1, 1, 1, 1, 1, 1, 1, 1, 1, 1, 1, 1, 1, 1, 1, 1, 1, 1, 1, 1, 1, 1, 1, 1, 1, 1, 1, 1, 1, 1, 1, 1, 1, 1, 1, 1, 1, 1, 1, 1, 1, 1, 1, 1, 1, 1, 1, 1, 1, 1, 1, 1, 1, 1, 1, 1, 1, 1, 1, 1, 1, 1, 1, 1, 1, 1, 1, 1, 1, 1, 1, 1, 1, 1, 1, 1, 1, 1, 1, 1, 1, 1, 1, 1, 1, 1, 1, 1, 1, 1, 1, 1, 1, 1, 1, 1, 1, 1, 1, 1, 1, 1, 1, 1, 1, 1, 1, 1, 1, 1, 1, 1, 1, 1, 1, 1, 1, 1, 1, 1, 1, 1, 1, 1, 1, 1, 1, 1, 1, 1, 1, 1, 1, 1, 1, 1, 1, 1, 1, 1, 1, 1, 1, 1, 1, 1, 1, 1, 1, 1, 1, 1, 1, 1, 1, 1, 1, 1, 1, 1, 1, 1, 1, 1, 1, 1, 1, 1, 1, 1, 1, 1, 1, 1, 1, 1, 1, 1, 1, 1, 1, 1, 1, 1, 1, 1, 1, 1, 1, 1, 1, 1, 1, 1, 1, 1, 1, 1, 1, 1, 1, 1, 1, 1, 1, 1, 1, 1, 1, 1, 1, 1, 1, 1, 1, 1, 1, 1, 1, 1, 1, 1, 1, 1, 1, 1, 1, 1, 1, 1, 1, 1, 1, 1, 1, 1, 1, 1, 1, 1, 1, 1, 1, 1, 1, 1, 1, 1, 1, 1, 1, 1, 1, 1, 1, 1, 1, 1, 1, 1, 1, 1, 1, 1, 1, 1, 1, 1, 1, 1, 1, 1, 1, 1, 1, 1, 1, 1, 1, 1, 1, 1, 1, 1, 1, 1, 1, 1, 1, 1, 1, 1, 1, 1, 1, 1, 1, 1, 1, 1, 1, 1, 1, 1, 1, 1, 1, 1]