0 79 89 123 362 
1 39 161 166 
2 193 
3 
4 70 233 699 
5 162 
6 215 
7 128 
8 134 214 259 291 
9 43 
10 159 217 
11 
12 126 397 
13 
14 81 116 143 857 
15 177 186 
16 75 198 216 326 667 
17 49 
18 84 102 157 
19 239 247 261 922 
20 24 154 179 198 220 
21 138 142 
22 106 158 246 
23 
24 137 268 331 
25 132 182 772 787 
26 210 
27 67 125 
28 327 
29 32 64 96 532 
30 140 188 954 
31 322 823 
32 125 244 
33 55 253 326 
34 43 164 398 
35 81 121 
36 89 271 272 
37 172 199 325 
38 215 299 
39 322 
40 83 656 
41 194 198 210 
42 
43 94 159 437 
44 57 145 
45 
46 
47 286 709 
48 991 
49 107 274 
50 86 140 172 239 244 271 
51 74 162 197 238 302 
52 317 
53 169 937 
54 140 
55 288 
56 
57 
58 186 641 
59 
60 584 
61 92 104 147 219 
62 173 273 301 
63 101 183 335 
64 476 
65 225 
66 142 
67 87 96 108 129 169 
68 107 
69 
70 295 
71 225 
72 201 247 
73 107 
74 207 225 
75 154 
76 153 
77 325 878 
78 125 357 
79 551 
80 
81 100 124 134 286 
82 199 442 
83 
84 130 168 
85 329 
86 
87 101 116 313 
88 322 
89 666 
90 
91 206 218 232 
92 
93 
94 157 259 
95 
96 133 711 
97 150 666 
98 113 
99 163 294 
100 118 994 
101 207 273 
102 209 
103 128 229 
104 248 313 
105 171 245 
106 207 290 456 
107 165 195 268 331 885 
108 
109 225 675 
110 
111 297 379 818 
112 174 
113 285 915 
114 128 198 229 959 
115 299 516 
116 195 
117 
118 205 229 
119 219 306 397 
120 
121 621 825 
122 
123 
124 185 212 330 947 
125 133 164 177 
126 
127 208 
128 
129 
130 
131 230 
132 267 658 
133 
134 206 
135 159 231 
136 
137 929 
138 244 259 
139 178 263 267 912 
140 
141 
142 237 
143 299 334 
144 242 
145 
146 
147 207 
148 
149 485 
150 580 
151 216 322 
152 
153 
154 
155 175 526 
156 318 723 873 
157 186 
158 320 814 
159 
160 269 709 
161 
162 
163 
164 
165 300 
166 275 
167 232 
168 209 
169 
170 858 
171 192 325 
172 185 228 
173 224 
174 236 507 
175 183 323 477 751 
176 234 
177 271 675 
178 543 
179 519 
180 655 
181 
182 208 258 306 
183 
184 399 
185 220 361 
186 255 
187 271 
188 298 
189 277 
190 205 248 282 
191 227 274 
192 
193 
194 225 
195 310 350 
196 249 312 354 
197 685 
198 294 
199 
200 385 
201 231 247 
202 271 326 801 
203 
204 
205 
206 217 545 
207 260 284 
208 
209 
210 226 
211 508 
212 252 896 
213 251 
214 
215 
216 249 563 
217 288 292 
218 
219 233 301 
220 
221 272 285 386 
222 
223 330 359 916 947 
224 253 690 
225 227 592 759 
226 291 474 
227 
228 
229 
230 
231 
232 238 272 545 
233 274 
234 
235 
236 237 
237 
238 248 
239 261 
240 292 894 
241 756 
242 255 
243 377 710 
244 314 892 
245 294 318 
246 
247 
248 
249 
250 315 
251 
252 
253 
254 
255 264 
256 321 491 
257 782 
258 
259 
260 
261 
262 272 
263 
264 488 
265 
266 290 
267 857 
268 321 
269 725 
270 
271 283 300 452 
272 287 
273 324 515 
274 
275 807 
276 322 973 
277 284 
278 
279 328 
280 
281 
282 
283 
284 
285 
286 312 
287 418 
288 
289 
290 
291 
292 
293 
294 
295 
296 352 
297 
298 
299 
300 920 
301 428 
302 
303 572 
304 
305 446 
306 916 
307 840 
308 644 
309 
310 
311 
312 
313 756 808 
314 
315 
316 
317 514 559 
318 
319 
320 934 
321 
322 
323 
324 
325 
326 
327 856 
328 
329 
330 
331 
332 606 
333 365 665 
334 528 569 
335 381 449 
336 
337 449 982 
338 
339 
340 351 469 
341 
342 562 633 661 
343 655 981 
344 470 489 
345 505 511 569 576 598 
346 406 
347 
348 350 
349 484 
350 434 
351 484 
352 447 
353 
354 486 
355 387 
356 455 613 
357 556 594 
358 565 
359 416 
360 421 522 549 558 847 
361 471 
362 
363 494 518 
364 486 
365 590 
366 522 977 
367 
368 387 645 
369 
370 
371 
372 428 483 638 
373 641 
374 
375 414 
376 857 
377 463 645 966 
378 543 592 
379 
380 389 
381 447 575 
382 692 
383 591 
384 
385 400 555 
386 512 600 899 
387 
388 
389 472 
390 
391 
392 415 512 610 
393 465 
394 
395 
396 
397 
398 516 600 619 
399 490 
400 437 605 
401 405 
402 
403 
404 522 
405 416 501 978 
406 462 477 532 
407 910 
408 
409 433 542 
410 459 
411 475 
412 614 
413 569 
414 
415 649 
416 617 
417 
418 
419 516 587 
420 426 501 
421 424 442 505 509 571 
422 
423 
424 
425 561 
426 457 602 
427 450 530 
428 
429 570 575 633 
430 524 657 
431 480 569 880 
432 456 604 
433 512 513 588 601 658 
434 515 524 558 
435 493 554 663 730 
436 457 611 646 686 
437 537 
438 498 649 657 
439 462 
440 564 597 
441 937 
442 
443 543 949 
444 603 655 
445 738 
446 503 585 600 
447 
448 
449 642 
450 521 
451 660 
452 981 
453 479 
454 460 654 655 
455 585 653 
456 562 596 940 
457 546 621 
458 470 
459 647 
460 
461 589 
462 514 556 
463 629 834 
464 519 566 
465 622 642 
466 649 708 
467 559 637 975 
468 
469 472 
470 659 
471 505 
472 632 
473 475 560 
474 483 547 617 986 
475 567 614 
476 579 
477 
478 
479 
480 
481 509 539 
482 507 
483 538 
484 543 
485 857 
486 566 571 
487 
488 518 948 
489 590 
490 628 658 
491 
492 560 643 849 
493 572 584 
494 
495 
496 
497 615 655 848 
498 513 898 
499 524 
500 701 906 
501 
502 540 618 
503 521 
504 
505 531 574 799 
506 522 
507 524 
508 
509 518 
510 
511 584 
512 517 901 
513 
514 
515 
516 636 
517 655 986 
518 662 
519 537 558 
520 673 
521 
522 623 992 
523 
524 
525 555 975 
526 
527 633 
528 
529 654 
530 
531 
532 629 917 
533 656 657 
534 990 
535 545 580 
536 
537 563 
538 602 
539 
540 
541 596 
542 648 
543 
544 566 
545 
546 
547 611 757 
548 577 
549 
550 665 
551 
552 
553 
554 599 601 630 
555 613 622 
556 
557 
558 643 
559 644 
560 
561 
562 563 843 
563 
564 
565 
566 748 
567 
568 611 802 
569 604 
570 
571 
572 588 
573 644 
574 
575 593 621 650 661 
576 
577 
578 
579 
580 600 641 
581 
582 
583 
584 
585 
586 595 
587 931 
588 637 
589 
590 
591 
592 624 
593 793 
594 
595 
596 
597 
598 
599 
600 
601 
602 
603 643 
604 
605 
606 
607 
608 
609 
610 639 
611 923 
612 
613 633 
614 953 
615 
616 
617 
618 
619 
620 
621 639 
622 
623 636 
624 
625 
626 
627 851 977 
628 640 656 
629 
630 
631 
632 645 
633 
634 
635 
636 
637 
638 
639 772 
640 
641 
642 
643 895 
644 658 
645 
646 
647 778 
648 
649 
650 798 
651 
652 
653 708 790 
654 
655 
656 
657 658 
658 
659 
660 
661 915 
662 
663 918 
664 
665 
666 933 
667 670 716 893 976 
668 678 757 765 
669 710 
670 898 
671 792 
672 681 
673 736 845 
674 
675 
676 679 702 765 774 
677 744 804 903 944 948 
678 715 728 736 
679 
680 
681 816 918 
682 
683 
684 
685 957 
686 705 
687 752 867 985 
688 872 880 896 
689 
690 917 
691 723 
692 
693 728 976 
694 893 977 
695 929 978 
696 787 809 969 985 
697 741 799 
698 765 889 962 973 
699 
700 724 896 
701 708 759 967 
702 723 
703 938 
704 839 
705 888 958 988 
706 794 846 954 
707 811 855 
708 
709 744 771 
710 771 967 
711 842 
712 812 931 981 
713 
714 782 859 
715 831 
716 
717 845 922 
718 
719 780 812 830 
720 771 
721 
722 756 
723 811 889 969 972 975 
724 769 
725 882 
726 872 
727 917 
728 
729 807 927 955 
730 842 
731 953 969 
732 827 949 
733 960 
734 775 951 977 
735 742 
736 
737 
738 
739 827 987 
740 
741 
742 764 816 897 945 995 
743 
744 
745 852 
746 791 861 
747 
748 
749 823 889 
750 800 971 
751 868 921 992 996 
752 998 
753 845 
754 779 848 864 
755 790 874 
756 878 939 
757 904 
758 780 892 
759 
760 867 906 
761 
762 
763 787 988 
764 886 948 
765 
766 
767 829 
768 769 884 998 
769 947 
770 803 
771 
772 897 
773 913 
774 811 845 923 984 
775 794 
776 
777 856 
778 928 949 
779 785 
780 979 
781 
782 845 931 
783 870 985 
784 861 
785 993 
786 
787 854 
788 960 
789 838 939 
790 
791 997 
792 
793 871 
794 873 
795 822 956 
796 829 
797 818 903 
798 976 
799 
800 
801 
802 862 960 
803 972 
804 940 
805 926 
806 
807 892 
808 852 
809 932 981 
810 
811 853 
812 875 
813 823 
814 
815 923 946 
816 973 
817 832 877 
818 907 972 
819 
820 
821 
822 
823 828 
824 915 
825 858 
826 931 
827 
828 
829 
830 876 
831 870 
832 931 935 952 
833 
834 
835 
836 929 
837 
838 901 
839 906 962 
840 885 
841 991 
842 
843 872 
844 978 
845 
846 
847 994 
848 852 
849 949 
850 
851 
852 
853 873 
854 907 
855 
856 
857 944 984 
858 940 
859 
860 
861 947 998 
862 
863 
864 872 
865 872 
866 909 925 
867 
868 
869 985 
870 995 
871 
872 
873 879 
874 880 885 
875 909 
876 
877 
878 
879 906 987 
880 
881 
882 
883 
884 918 
885 920 955 
886 
887 914 919 
888 931 
889 
890 
891 
892 966 
893 
894 
895 991 
896 897 926 943 
897 930 
898 937 972 
899 
900 
901 
902 
903 
904 
905 
906 964 
907 
908 
909 
910 
911 
912 
913 
914 925 
915 922 990 
916 983 
917 
918 
919 950 
920 978 
921 
922 
923 969 
924 
925 
926 
927 
928 941 
929 930 931 
930 
931 
932 
933 
934 
935 965 
936 
937 
938 
939 
940 
941 
942 956 
943 
944 966 981 983 
945 
946 
947 954 985 989 
948 
949 963 
950 996 
951 
952 
953 
954 
955 
956 
957 
958 
959 
960 
961 
962 
963 
964 
965 
966 973 
967 
968 
969 973 
970 987 996 
971 
972 
973 
974 
975 
976 
977 
978 
979 
980 
981 
982 
983 
984 
985 
986 
987 
988 
989 
990 
991 
992 
993 
994 
995 
996 
997 
998 
999 
[0, 0, 0, 0, 0, 0, 0, 0, 0, 0, 0, 0, 0, 0, 0, 0, 0, 0, 0, 0, 0, 0, 0, 0, 0, 0, 0, 0, 0, 0, 0, 0, 0, 0, 0, 0, 0, 0, 0, 0, 0, 0, 0, 0, 0, 0, 0, 0, 0, 0, 0, 0, 0, 0, 0, 0, 0, 0, 0, 0, 0, 0, 0, 0, 0, 0, 0, 0, 0, 0, 0, 0, 0, 0, 0, 0, 0, 0, 0, 0, 0, 0, 0, 0, 0, 0, 0, 0, 0, 0, 0, 0, 0, 0, 0, 0, 0, 0, 0, 0, 0, 0, 0, 0, 0, 0, 0, 0, 0, 0, 0, 0, 0, 0, 0, 0, 0, 0, 0, 0, 0, 0, 0, 0, 0, 0, 0, 0, 0, 0, 0, 0, 0, 0, 0, 0, 0, 0, 0, 0, 0, 0, 0, 0, 0, 0, 0, 0, 0, 0, 0, 0, 0, 0, 0, 0, 0, 0, 0, 0, 0, 0, 0, 0, 0, 0, 0, 0, 0, 0, 0, 0, 0, 0, 0, 0, 0, 0, 0, 0, 0, 0, 0, 0, 0, 0, 0, 0, 0, 0, 0, 0, 0, 0, 0, 0, 0, 0, 0, 0, 0, 0, 0, 0, 0, 0, 0, 0, 0, 0, 0, 0, 0, 0, 0, 0, 0, 0, 0, 0, 0, 0, 0, 0, 0, 0, 0, 0, 0, 0, 0, 0, 0, 0, 0, 0, 0, 0, 0, 0, 0, 0, 0, 0, 0, 0, 0, 0, 0, 0, 0, 0, 0, 0, 0, 0, 0, 0, 0, 0, 0, 0, 0, 0, 0, 0, 0, 0, 0, 0, 0, 0, 0, 0, 0, 0, 0, 0, 0, 0, 0, 0, 0, 0, 0, 0, 0, 0, 0, 0, 0, 0, 0, 0, 0, 0, 0, 0, 0, 0, 0, 0, 0, 0, 0, 0, 0, 0, 0, 0, 0, 0, 0, 0, 0, 0, 0, 0, 0, 0, 0, 0, 0, 0, 0, 0, 0, 0, 0, 0, 0, 0, 0, 1, 1, 1, 1, 1, 1, 1, 1, 1, 1, 1, 1, 1, 1, 1, 1, 1, 1, 1, 1, 1, 1, 1, 1, 1, 1, 1, 1, 1, 1, 1, 1, 1, 1, 1, 1, 1, 1, 1, 1, 1, 1, 1, 1, 1, 1, 1, 1, 1, 1, 1, 1, 1, 1, 1, 1, 1, 1, 1, 1, 1, 1, 1, 1, 1, 1, 1, 1, 1, 1, 1, 1, 1, 1, 1, 1, 1, 1, 1, 1, 1, 1, 1, 1, 1, 1, 1, 1, 1, 1, 1, 1, 1, 1, 1, 1, 1, 1, 1, 1, 1, 1, 1, 1, 1, 1, 1, 1, 1, 1, 1, 1, 1, 1, 1, 1, 1, 1, 1, 1, 1, 1, 1, 1, 1, 1, 1, 1, 1, 1, 1, 1, 1, 1, 1, 1, 1, 1, 1, 1, 1, 1, 1, 1, 1, 1, 1, 1, 1, 1, 1, 1, 1, 1, 1, 1, 1, 1, 1, 1, 1, 1, 1, 1, 1, 1, 1, 1, 1, 1, 1, 1, 1, 1, 1, 1, 1, 1, 1, 1, 1, 1, 1, 1, 1, 1, 1, 1, 1, 1, 1, 1, 1, 1, 1, 1, 1, 1, 1, 1, 1, 1, 1, 1, 1, 1, 1, 1, 1, 1, 1, 1, 1, 1, 1, 1, 1, 1, 1, 1, 1, 1, 1, 1, 1, 1, 1, 1, 1, 1, 1, 1, 1, 1, 1, 1, 1, 1, 1, 1, 1, 1, 1, 1, 1, 1, 1, 1, 1, 1, 1, 1, 1, 1, 1, 1, 1, 1, 1, 1, 1, 1, 1, 1, 1, 1, 1, 1, 1, 1, 1, 1, 1, 1, 1, 1, 1, 1, 1, 1, 1, 1, 1, 1, 1, 1, 1, 1, 1, 1, 1, 1, 1, 1, 1, 1, 1, 1, 1, 1, 1, 1, 1, 1, 1, 1, 1, 1, 1, 1, 1, 1, 1, 1, 1, 1, 1, 1, 1, 1, 1, 1, 1, 1, 1, 1, 1, 1, 1, 1, 1, 1, 1, 2, 2, 2, 2, 2, 2, 2, 2, 2, 2, 2, 2, 2, 2, 2, 2, 2, 2, 2, 2, 2, 2, 2, 2, 2, 2, 2, 2, 2, 2, 2, 2, 2, 2, 2, 2, 2, 2, 2, 2, 2, 2, 2, 2, 2, 2, 2, 2, 2, 2, 2, 2, 2, 2, 2, 2, 2, 2, 2, 2, 2, 2, 2, 2, 2, 2, 2, 2, 2, 2, 2, 2, 2, 2, 2, 2, 2, 2, 2, 2, 2, 2, 2, 2, 2, 2, 2, 2, 2, 2, 2, 2, 2, 2, 2, 2, 2, 2, 2, 2, 2, 2, 2, 2, 2, 2, 2, 2, 2, 2, 2, 2, 2, 2, 2, 2, 2, 2, 2, 2, 2, 2, 2, 2, 2, 2, 2, 2, 2, 2, 2, 2, 2, 2, 2, 2, 2, 2, 2, 2, 2, 2, 2, 2, 2, 2, 2, 2, 2, 2, 2, 2, 2, 2, 2, 2, 2, 2, 2, 2, 2, 2, 2, 2, 2, 2, 2, 2, 2, 2, 2, 2, 2, 2, 2, 2, 2, 2, 2, 2, 2, 2, 2, 2, 2, 2, 2, 2, 2, 2, 2, 2, 2, 2, 2, 2, 2, 2, 2, 2, 2, 2, 2, 2, 2, 2, 2, 2, 2, 2, 2, 2, 2, 2, 2, 2, 2, 2, 2, 2, 2, 2, 2, 2, 2, 2, 2, 2, 2, 2, 2, 2, 2, 2, 2, 2, 2, 2, 2, 2, 2, 2, 2, 2, 2, 2, 2, 2, 2, 2, 2, 2, 2, 2, 2, 2, 2, 2, 2, 2, 2, 2, 2, 2, 2, 2, 2, 2, 2, 2, 2, 2, 2, 2, 2, 2, 2, 2, 2, 2, 2, 2, 2, 2, 2, 2, 2, 2, 2, 2, 2, 2, 2, 2, 2, 2, 2, 2, 2, 2, 2, 2, 2, 2, 2, 2, 2, 2, 2, 2, 2, 2, 2, 2, 2, 2, 2, 2, 2, 2, 2, 2, 2, 2, 2, 2, 2, 2, 2, 2, 2, 2, 2, 0]