0 4 40 62 82 87 102 165 192 209 214 273 327 836 980 
1 37 186 196 554 997 
2 34 76 93 154 287 625 
3 7 37 73 74 109 112 144 165 252 284 302 666 
4 53 136 293 310 316 584 613 
5 24 30 46 84 133 145 189 218 286 362 747 762 792 928 
6 176 210 546 
7 37 71 83 124 173 201 210 258 290 725 
8 31 122 187 211 294 330 372 
9 30 61 101 240 249 301 840 977 
10 13 22 84 187 238 949 
11 38 64 220 258 270 281 
12 129 177 278 304 330 
13 82 91 161 163 228 238 240 265 405 508 733 
14 79 121 132 191 213 295 326 806 
15 28 84 184 215 241 277 303 353 430 465 
16 165 205 498 
17 57 721 960 
18 80 245 249 
19 41 42 74 482 555 886 
20 91 189 227 236 254 
21 87 126 265 288 325 330 
22 86 192 275 293 345 410 
23 64 153 163 173 212 226 408 758 
24 105 202 284 292 297 448 
25 79 237 313 424 552 794 
26 121 157 230 362 433 711 
27 64 83 152 215 220 264 306 330 
28 31 75 118 161 224 264 
29 276 330 641 683 
30 35 67 79 93 95 328 941 
31 43 269 271 432 
32 165 174 176 210 229 304 321 416 
33 35 51 86 136 235 262 265 289 331 537 576 
34 91 188 222 223 286 295 506 550 584 933 
35 72 90 109 222 255 276 422 778 892 
36 120 150 155 156 175 179 207 242 247 324 535 
37 173 216 256 
38 120 157 185 240 293 303 307 
39 82 93 108 563 
40 89 148 174 221 234 286 288 327 
41 53 142 212 315 552 606 
42 51 54 112 128 247 301 558 560 734 772 
43 87 116 135 169 196 277 
44 72 91 93 121 127 178 221 245 
45 48 140 172 189 191 211 310 322 734 
46 78 80 88 145 178 405 574 
47 62 64 82 136 170 180 254 277 304 331 
48 83 139 167 180 224 305 307 892 
49 71 140 163 167 231 252 262 318 322 535 916 
50 67 139 232 251 286 299 328 897 
51 79 119 297 304 568 744 853 
52 63 101 133 139 195 196 273 304 
53 99 113 162 208 239 248 257 
54 121 138 172 173 212 225 278 331 
55 115 219 221 265 316 477 707 
56 92 104 123 162 170 171 272 417 967 
57 64 98 133 157 198 203 213 215 254 257 299 507 
58 123 208 217 254 288 
59 105 245 326 327 
60 104 114 147 180 
61 78 108 120 218 240 308 321 
62 93 232 258 273 291 315 798 
63 102 170 185 292 
64 79 98 111 166 178 252 324 350 569 992 
65 175 186 238 916 
66 118 130 136 209 250 282 425 
67 77 102 113 168 210 262 327 839 984 
68 200 247 290 
69 102 133 213 245 322 325 778 953 
70 74 113 168 324 
71 120 125 229 253 312 
72 120 171 275 280 297 488 
73 153 160 251 252 270 291 342 539 
74 110 195 223 299 311 
75 133 145 915 
76 189 269 275 313 
77 101 122 236 
78 126 390 632 
79 109 149 177 257 290 455 904 984 
80 171 197 299 330 726 
81 103 105 157 178 213 266 599 989 
82 89 133 158 173 202 283 324 421 637 
83 132 171 
84 109 136 166 223 252 283 
85 107 143 160 203 231 294 
86 160 172 234 359 476 
87 156 164 263 316 318 397 
88 125 132 238 252 316 666 713 
89 153 167 168 265 323 327 328 635 
90 123 201 
91 120 155 184 420 
92 194 200 275 411 848 
93 150 242 267 291 688 
94 124 273 748 888 
95 107 126 150 181 254 314 
96 212 252 253 353 627 651 685 816 
97 137 147 182 195 205 283 295 327 
98 103 134 176 314 
99 210 244 267 269 284 303 321 659 
100 114 139 163 223 230 239 260 276 946 
101 174 213 223 236 401 
102 110 114 198 249 265 289 320 332 519 706 
103 109 180 283 315 316 925 
104 166 216 218 271 277 280 285 763 
105 149 153 171 184 212 546 
106 161 193 213 235 285 790 
107 125 129 190 204 223 982 
108 297 
109 125 253 398 638 791 
110 154 170 174 274 480 
111 130 154 494 985 
112 125 137 187 278 309 368 386 594 643 
113 123 249 330 528 633 
114 177 180 196 221 226 303 
115 182 263 275 287 310 538 807 
116 143 154 200 246 277 314 395 754 940 
117 158 164 170 207 230 260 291 878 
118 158 186 194 284 692 
119 129 181 633 657 
120 132 172 251 543 
121 155 200 262 606 891 
122 144 340 765 845 
123 234 326 474 
124 200 910 
125 148 153 178 216 257 328 
126 182 301 761 
127 181 197 263 293 327 731 
128 133 182 211 321 
129 133 200 206 242 243 268 278 285 313 497 593 
130 197 248 303 312 358 896 
131 166 213 219 253 264 269 324 789 826 
132 158 180 226 323 824 915 
133 140 142 156 174 244 262 447 553 730 986 
134 235 313 
135 141 176 238 270 
136 154 251 316 322 420 887 
137 225 332 341 426 505 
138 171 253 280 699 806 
139 151 168 185 217 250 325 784 808 
140 169 224 318 322 524 
141 148 171 177 190 192 246 
142 171 198 357 
143 171 180 195 218 269 377 
144 156 190 216 301 313 318 620 
145 189 250 273 274 
146 214 254 304 312 457 555 780 806 
147 268 307 
148 175 192 227 271 290 709 748 895 938 967 
149 177 184 196 242 263 282 317 519 
150 158 162 319 922 
151 159 241 306 533 765 
152 156 165 214 248 320 611 654 705 952 
153 184 192 214 235 312 451 476 
154 157 265 277 373 718 759 996 
155 167 230 263 278 532 
156 279 287 289 
157 158 213 219 243 317 
158 164 213 285 328 496 547 709 862 
159 162 311 414 650 718 
160 471 
161 937 
162 263 290 842 
163 193 194 857 
164 166 184 443 
165 199 568 
166 226 269 328 
167 251 326 567 
168 256 284 
169 267 288 308 313 638 770 950 
170 190 246 250 813 952 
171 195 
172 216 226 669 
173 179 279 976 
174 201 213 
175 233 324 378 877 
176 183 187 216 287 300 308 404 
177 232 241 258 273 406 473 533 539 
178 202 242 243 249 250 264 289 732 
179 193 200 221 222 354 395 868 
180 184 226 313 667 
181 199 230 255 575 
182 201 206 302 354 463 673 890 
183 293 294 298 305 977 
184 209 211 220 284 792 
185 195 216 266 270 322 
186 278 281 284 299 317 
187 316 319 947 
188 324 843 
189 223 259 592 
190 258 313 632 
191 220 309 
192 193 753 
193 268 414 
194 242 267 291 848 
195 214 256 261 268 329 480 724 912 
196 205 253 327 725 
197 468 678 737 
198 230 232 248 263 318 888 
199 200 246 285 460 
200 202 238 272 918 
201 228 257 258 318 592 
202 287 300 
203 219 315 
204 
205 216 239 280 282 283 401 447 461 728 
206 228 
207 269 281 308 498 717 
208 286 368 
209 576 662 726 820 
210 250 368 489 685 738 
211 255 329 408 
212 265 266 301 319 
213 242 262 323 325 329 871 989 
214 225 272 292 295 
215 321 377 887 
216 221 235 236 246 287 332 748 982 
217 223 288 300 740 
218 278 292 732 
219 246 277 281 314 971 
220 247 995 
221 248 261 273 294 300 514 649 717 
222 260 285 293 307 346 
223 276 312 330 
224 274 278 296 305 322 757 907 
225 244 270 317 325 738 
226 246 326 542 
227 316 348 614 
228 252 985 992 
229 232 244 300 633 
230 248 262 272 307 370 832 964 
231 292 452 536 741 
232 256 
233 277 895 
234 245 249 263 289 317 329 569 
235 282 292 
236 263 746 
237 312 704 722 
238 254 399 428 543 802 957 
239 272 289 
240 282 311 365 
241 285 297 386 450 682 718 
242 254 285 502 621 
243 246 256 303 305 324 330 730 775 
244 306 605 
245 915 
246 277 796 828 
247 280 418 
248 293 322 535 
249 267 655 
250 263 767 798 
251 304 322 874 
252 254 258 294 323 694 
253 257 
254 271 537 772 866 
255 418 484 561 
256 324 585 
257 852 
258 294 745 843 985 
259 
260 265 
261 963 
262 275 289 789 
263 
264 267 273 
265 330 689 
266 278 296 298 317 
267 273 279 280 488 977 
268 276 499 758 
269 295 310 763 
270 276 286 997 
271 318 841 
272 306 328 
273 296 766 
274 297 946 
275 307 320 478 874 
276 280 284 325 571 964 
277 321 707 
278 320 
279 298 442 711 
280 549 
281 331 659 915 
282 299 874 
283 286 293 
284 298 317 473 958 
285 323 409 552 
286 297 315 325 
287 652 
288 295 328 
289 
290 618 860 
291 
292 319 345 744 
293 622 
294 370 
295 297 308 315 
296 854 
297 306 403 507 545 766 
298 461 
299 302 424 497 665 779 
300 577 
301 307 313 991 
302 
303 312 
304 327 
305 595 673 
306 570 842 
307 327 456 713 
308 
309 313 867 928 
310 329 749 801 
311 656 674 
312 624 860 
313 604 997 
314 471 483 589 
315 327 
316 318 
317 477 553 
318 690 
319 
320 322 643 
321 409 731 
322 372 948 
323 586 946 
324 938 
325 
326 424 597 873 890 
327 481 561 
328 331 811 951 
329 569 
330 449 886 
331 975 
332 529 
333 359 484 509 607 
334 565 652 860 
335 350 353 364 445 488 489 497 506 632 869 
336 383 449 464 494 547 655 660 
337 365 544 563 568 572 659 
338 361 394 412 448 510 668 
339 356 359 413 424 434 481 565 
340 374 421 423 490 600 627 662 
341 358 361 381 421 453 465 512 515 523 561 
342 366 379 474 484 501 513 525 529 578 601 
343 354 370 457 479 516 522 567 654 847 
344 409 411 504 540 567 583 692 727 
345 448 452 453 510 559 568 579 643 
346 368 371 374 413 418 534 558 602 779 
347 379 391 404 436 454 462 472 554 586 654 
348 469 502 527 536 837 
349 352 381 406 523 571 630 656 664 891 
350 454 460 498 540 555 570 586 600 636 
351 390 445 455 556 630 686 
352 367 386 465 502 527 599 616 620 627 642 
353 362 471 493 498 578 592 636 775 
354 491 516 567 605 622 975 
355 365 470 528 772 
356 359 360 364 393 403 444 445 503 589 602 639 689 
357 484 490 528 
358 456 457 516 538 581 608 653 
359 388 415 458 473 488 525 559 573 586 
360 365 373 429 588 634 
361 384 395 406 419 454 496 524 580 624 817 849 
362 375 392 423 465 575 605 
363 457 466 552 618 881 
364 407 482 526 579 584 588 593 619 865 
365 486 500 544 580 911 
366 406 527 567 576 596 604 690 
367 402 515 749 
368 380 382 386 389 633 
369 377 392 393 405 410 527 
370 615 657 
371 456 557 625 
372 442 465 525 594 595 645 
373 433 471 498 555 589 600 648 665 913 
374 381 402 430 507 545 575 655 685 765 830 
375 400 465 664 
376 402 409 515 529 538 807 988 
377 387 442 533 627 652 
378 447 486 580 
379 383 459 525 527 568 585 593 603 
380 390 426 507 525 650 
381 402 440 479 521 600 650 
382 389 411 513 517 542 565 580 636 773 
383 446 449 466 487 491 520 542 543 586 619 635 655 932 
384 416 436 461 516 539 552 565 567 788 
385 391 489 535 546 562 584 645 677 773 
386 416 476 497 505 564 919 
387 476 508 523 611 650 
388 389 476 551 
389 466 524 907 
390 414 419 430 446 449 455 464 472 493 535 550 584 768 965 
391 401 442 510 528 618 656 
392 403 472 631 870 
393 483 531 535 584 648 
394 437 478 657 665 777 
395 410 550 
396 505 605 657 752 895 
397 406 986 
398 461 467 535 
399 405 467 499 506 507 516 545 546 554 623 748 
400 572 
401 413 427 461 479 530 538 578 635 642 928 951 
402 422 469 494 567 625 
403 424 520 530 596 604 
404 463 476 481 531 572 578 609 659 
405 424 444 515 585 655 807 
406 423 449 537 602 614 731 
407 456 481 498 804 
408 413 446 473 527 548 604 620 663 676 727 
409 421 458 481 607 612 636 658 
410 428 494 587 622 834 
411 436 507 536 618 620 
412 415 484 494 572 600 602 
413 428 523 584 
414 428 564 566 
415 473 554 563 584 588 606 610 640 658 722 826 
416 431 447 453 507 600 645 662 
417 632 955 
418 425 466 522 559 852 
419 435 449 496 515 569 577 710 781 
420 433 553 563 574 576 592 597 602 606 658 
421 503 548 585 605 646 
422 427 524 615 639 646 
423 437 442 508 557 888 
424 429 437 442 463 507 591 654 708 
425 441 458 481 545 556 578 605 657 662 776 
426 460 512 549 641 663 
427 594 629 
428 453 483 574 610 793 
429 449 518 527 560 583 601 647 777 
430 516 556 618 639 
431 453 472 492 561 565 583 
432 448 478 526 558 570 
433 438 440 499 622 638 
434 539 606 616 631 672 
435 468 477 529 555 574 649 652 655 
436 449 466 497 538 639 652 767 817 875 
437 443 470 517 553 571 787 
438 508 599 609 
439 453 482 553 648 
440 481 483 496 545 566 
441 449 526 546 592 630 636 659 
442 518 555 807 
443 449 522 534 595 601 643 827 920 
444 460 513 518 524 544 578 607 647 650 
445 468 469 561 581 590 616 623 634 743 
446 453 506 558 606 609 
447 461 464 471 588 
448 595 651 
449 490 521 551 604 643 651 
450 480 514 566 646 
451 473 480 511 519 560 
452 516 531 548 629 
453 455 490 528 563 564 611 634 658 935 
454 459 585 876 882 
455 550 590 616 659 966 
456 468 497 557 643 908 972 
457 464 481 567 627 633 653 868 922 
458 590 611 622 625 627 
459 511 540 573 598 661 825 918 
460 568 
461 476 495 568 623 624 639 657 819 
462 465 478 509 581 582 612 660 
463 558 563 641 
464 550 569 582 589 618 
465 503 529 555 619 639 644 671 695 743 
466 502 649 902 
467 613 628 
468 473 509 
469 501 566 574 584 616 624 642 
470 559 604 
471 480 539 619 626 631 
472 526 541 715 
473 479 486 490 652 709 
474 546 602 637 661 
475 482 489 500 569 647 
476 627 862 
477 480 536 647 660 
478 505 545 598 615 872 942 
479 481 516 646 724 
480 515 695 
481 562 581 915 936 
482 488 499 609 
483 491 538 577 581 633 719 
484 494 629 660 
485 492 557 603 625 706 
486 495 504 641 776 
487 520 534 585 590 635 653 763 
488 512 605 660 903 
489 490 
490 559 634 709 830 840 
491 525 639 644 662 
492 536 562 567 654 661 
493 594 606 639 658 824 878 
494 672 
495 519 598 793 
496 520 529 557 593 597 628 854 
497 612 
498 549 553 562 628 677 
499 589 631 662 751 
500 507 525 629 645 
501 525 530 658 663 664 
502 522 550 584 595 795 
503 590 591 779 
504 540 601 606 622 
505 890 
506 721 
507 555 567 582 635 894 931 
508 518 553 579 584 744 
509 571 592 633 634 639 662 
510 518 585 647 662 798 
511 619 773 
512 515 610 646 768 913 994 
513 531 565 575 622 632 917 958 975 
514 539 548 594 620 979 
515 603 734 
516 549 564 583 623 633 638 659 726 
517 569 572 588 599 792 
518 528 583 635 662 808 
519 568 643 
520 597 
521 528 537 568 582 617 654 
522 528 529 534 707 835 
523 566 655 
524 591 643 665 
525 574 576 
526 537 556 589 631 731 861 879 992 
527 630 635 
528 533 593 613 617 757 900 
529 560 576 606 
530 585 623 644 799 
531 611 
532 607 648 
533 534 583 625 850 
534 544 571 626 
535 573 601 625 635 826 
536 581 602 650 654 832 
537 747 
538 542 557 815 816 
539 558 584 
540 553 562 565 650 653 667 
541 550 560 651 
542 588 599 622 639 698 796 
543 624 660 
544 546 614 623 
545 554 556 564 584 648 
546 575 584 630 659 661 728 
547 639 640 862 
548 587 663 944 
549 557 589 641 
550 976 
551 573 611 632 657 663 
552 576 588 615 706 
553 589 637 659 927 
554 626 634 684 
555 654 
556 
557 568 580 620 636 
558 605 631 657 660 
559 571 
560 762 
561 971 
562 594 631 634 
563 692 
564 619 915 
565 578 635 891 
566 748 
567 580 590 621 643 877 
568 569 630 743 759 
569 579 640 646 661 766 
570 580 623 631 651 695 
571 
572 633 670 903 
573 584 611 622 632 648 944 
574 591 
575 610 659 
576 634 656 
577 609 642 
578 604 613 616 656 
579 777 
580 617 927 991 
581 618 
582 
583 
584 628 
585 701 709 796 
586 616 865 
587 634 653 882 
588 621 622 632 994 
589 
590 
591 603 610 632 635 638 
592 626 894 
593 611 
594 653 
595 617 652 654 889 
596 598 599 627 893 928 
597 740 
598 614 
599 808 
600 877 
601 797 
602 614 620 
603 611 647 694 
604 781 
605 613 772 
606 618 
607 610 659 938 
608 620 735 979 
609 669 686 
610 623 649 
611 647 
612 816 917 920 
613 643 652 
614 629 689 
615 635 654 655 860 
616 626 651 
617 644 
618 624 933 
619 646 
620 649 849 
621 625 632 
622 647 
623 641 653 656 806 
624 653 
625 670 
626 
627 665 746 
628 656 934 
629 
630 
631 645 688 
632 652 661 664 
633 
634 849 888 964 
635 655 
636 641 652 718 
637 638 
638 
639 
640 647 
641 991 
642 
643 662 
644 655 764 
645 
646 
647 955 
648 
649 710 
650 
651 864 
652 851 
653 
654 
655 905 932 
656 942 
657 795 
658 660 
659 
660 
661 761 
662 
663 690 
664 
665 
666 690 699 724 782 791 816 822 825 851 905 917 
667 674 680 689 693 702 805 959 960 
668 678 707 719 756 789 815 837 854 985 
669 792 882 886 917 929 934 
670 833 892 906 923 969 984 985 
671 729 732 769 816 824 890 959 966 969 
672 704 794 825 857 872 967 986 
673 693 722 724 796 839 845 881 929 937 947 979 984 
674 767 770 777 798 869 916 961 984 
675 727 743 815 936 
676 744 753 831 858 861 935 965 
677 702 828 992 
678 765 947 
679 722 740 848 852 892 897 974 992 
680 753 779 851 853 876 973 990 
681 717 729 803 804 831 875 885 895 971 977 
682 708 723 729 758 840 841 918 959 988 
683 697 702 726 786 806 
684 785 938 973 982 
685 712 787 830 889 989 
686 709 766 853 854 858 864 
687 735 751 836 865 878 895 900 935 
688 724 751 764 953 985 
689 751 770 947 960 
690 724 862 870 889 993 
691 707 761 767 805 903 
692 732 828 855 864 866 911 968 
693 740 807 851 912 
694 699 950 
695 759 786 841 875 900 952 989 
696 774 816 826 848 874 875 907 915 924 928 958 962 
697 813 886 984 
698 759 788 799 831 902 939 983 
699 729 836 974 975 
700 726 794 816 829 889 892 921 973 
701 717 722 761 842 887 930 954 956 969 
702 859 937 
703 731 733 755 787 801 830 855 904 953 
704 896 969 
705 767 873 919 924 947 
706 722 771 883 931 969 972 
707 720 796 803 839 892 
708 709 757 786 937 974 
709 711 715 833 839 909 930 967 997 
710 767 804 810 837 
711 756 791 803 922 924 976 
712 746 844 865 872 926 998 
713 782 804 827 862 882 887 961 977 
714 745 785 894 914 931 
715 808 821 876 980 988 
716 761 795 957 
717 743 839 893 962 967 992 
718 729 730 759 794 830 851 
719 768 825 883 933 981 
720 
721 735 835 893 913 939 
722 744 746 775 778 788 802 915 927 
723 765 808 824 839 887 906 927 937 949 982 989 994 
724 881 886 947 980 
725 735 742 825 850 981 
726 733 756 856 929 948 953 957 
727 729 914 916 
728 757 765 834 854 992 
729 750 848 859 902 924 963 
730 736 839 892 
731 733 806 808 845 884 931 
732 748 754 777 809 870 967 
733 742 759 799 811 817 832 838 850 859 913 
734 738 748 810 840 931 
735 765 848 866 926 941 951 964 975 
736 747 754 898 910 914 919 
737 738 778 850 992 
738 780 812 841 899 975 
739 759 852 882 889 
740 758 778 795 800 851 
741 770 796 802 841 864 
742 743 790 810 910 987 989 
743 832 880 963 
744 902 920 929 939 957 973 998 
745 874 
746 758 792 819 833 869 919 939 974 
747 764 868 878 925 929 938 962 
748 822 823 828 860 867 873 874 989 
749 752 769 787 819 823 844 846 883 900 908 946 968 985 990 994 
750 788 874 964 970 977 
751 827 832 872 899 
752 790 852 874 909 
753 782 794 866 882 932 993 
754 910 964 
755 783 849 865 984 
756 776 793 823 828 837 895 924 928 936 995 
757 
758 824 880 954 984 
759 827 947 961 979 998 
760 806 951 953 972 982 990 
761 770 813 847 848 876 898 906 926 931 
762 845 852 857 866 883 905 916 922 971 998 
763 
764 850 888 974 979 993 
765 872 952 994 
766 949 964 988 995 
767 866 933 
768 827 925 926 931 
769 816 829 883 901 918 929 
770 805 816 851 894 989 993 
771 846 911 924 925 947 971 
772 792 809 842 882 949 
773 815 831 866 
774 814 903 952 970 
775 928 974 981 
776 834 953 
777 840 958 
778 784 824 826 862 971 984 
779 922 
780 864 893 943 
781 886 
782 815 838 846 860 881 
783 785 825 874 883 954 979 990 
784 811 818 857 990 
785 802 875 889 898 
786 817 837 918 935 946 957 970 974 
787 848 900 
788 841 978 
789 799 950 
790 979 
791 822 867 869 902 923 944 
792 830 838 858 872 
793 911 920 933 
794 907 910 935 
795 842 896 905 966 
796 827 832 869 959 965 
797 808 957 
798 843 922 946 959 
799 840 845 856 859 872 947 
800 971 
801 855 862 883 
802 818 842 914 
803 872 879 886 915 919 929 947 
804 942 976 
805 816 878 908 949 
806 820 836 848 968 995 996 
807 846 878 892 
808 879 937 982 
809 870 873 880 893 944 949 964 
810 937 
811 835 857 874 884 901 908 938 992 994 
812 864 923 929 960 968 
813 906 921 
814 817 832 849 954 957 978 996 
815 816 912 933 
816 850 857 928 942 968 983 
817 919 
818 827 877 879 951 992 
819 910 930 974 
820 935 
821 909 961 
822 842 895 921 934 967 
823 827 828 896 910 949 967 974 
824 826 875 883 964 
825 840 930 931 981 
826 848 849 882 958 975 
827 984 
828 864 866 920 992 
829 880 939 944 957 968 986 
830 861 877 926 946 
831 857 906 910 934 977 
832 922 984 
833 931 932 952 
834 950 993 
835 888 933 945 
836 916 941 952 992 
837 863 881 986 
838 857 960 
839 892 897 965 984 
840 886 909 923 935 
841 873 
842 856 860 865 
843 933 964 
844 977 986 
845 910 939 
846 853 881 
847 866 876 898 
848 875 899 992 
849 884 911 959 
850 861 880 958 
851 861 941 980 
852 926 936 960 
853 907 922 968 
854 875 897 898 912 917 937 
855 866 
856 942 969 
857 945 
858 941 995 
859 867 960 973 
860 868 883 889 915 927 933 982 
861 862 975 996 
862 903 967 
863 915 
864 867 880 
865 
866 867 
867 868 881 
868 933 
869 876 898 990 
870 916 931 
871 
872 873 895 902 937 944 
873 892 923 
874 877 908 
875 897 964 966 
876 890 920 954 
877 968 975 978 
878 890 
879 944 975 
880 902 995 
881 885 916 
882 903 984 
883 886 946 
884 892 895 934 949 990 
885 913 959 
886 
887 
888 919 
889 935 936 984 
890 992 
891 894 969 
892 905 923 929 931 964 
893 895 900 934 
894 
895 911 987 
896 952 
897 929 
898 983 
899 927 
900 901 971 
901 919 976 
902 
903 927 940 994 
904 908 
905 924 968 
906 938 956 977 991 
907 996 
908 925 950 
909 
910 920 925 958 960 971 987 
911 
912 952 988 998 
913 962 976 
914 950 990 
915 963 970 
916 926 937 948 
917 947 954 
918 923 957 982 992 
919 946 983 
920 952 
921 943 
922 930 947 
923 939 964 984 
924 928 930 945 990 
925 
926 968 971 
927 941 963 
928 983 998 
929 993 
930 
931 939 
932 960 
933 954 
934 942 
935 
936 940 941 949 979 
937 978 
938 
939 990 
940 
941 993 
942 945 
943 959 
944 987 
945 976 
946 
947 996 
948 
949 955 
950 972 
951 975 980 
952 
953 968 995 
954 997 
955 974 
956 992 
957 
958 
959 
960 989 
961 978 
962 997 
963 990 992 
964 
965 966 
966 
967 
968 
969 994 
970 991 
971 
972 
973 975 977 987 
974 
975 
976 
977 997 
978 986 
979 
980 
981 
982 
983 
984 
985 
986 
987 
988 991 
989 
990 
991 996 
992 
993 
994 
995 
996 
997 
998 
[0, 0, 0, 0, 0, 0, 0, 0, 0, 0, 0, 0, 0, 0, 0, 0, 0, 0, 0, 0, 0, 0, 0, 0, 0, 0, 0, 0, 0, 0, 0, 0, 0, 0, 0, 0, 0, 0, 0, 0, 0, 0, 0, 0, 0, 0, 0, 0, 0, 0, 0, 0, 0, 0, 0, 0, 0, 0, 0, 0, 0, 0, 0, 0, 0, 0, 0, 0, 0, 0, 0, 0, 0, 0, 0, 0, 0, 0, 0, 0, 0, 0, 0, 0, 0, 0, 0, 0, 0, 0, 0, 0, 0, 0, 0, 0, 0, 0, 0, 0, 0, 0, 0, 0, 0, 0, 0, 0, 0, 0, 0, 0, 0, 0, 0, 0, 0, 0, 0, 0, 0, 0, 0, 0, 0, 0, 0, 0, 0, 0, 0, 0, 0, 0, 0, 0, 0, 0, 0, 0, 0, 0, 0, 0, 0, 0, 0, 0, 0, 0, 0, 0, 0, 0, 0, 0, 0, 0, 0, 0, 0, 0, 0, 0, 0, 0, 0, 0, 0, 0, 0, 0, 0, 0, 0, 0, 0, 0, 0, 0, 0, 0, 0, 0, 0, 0, 0, 0, 0, 0, 0, 0, 0, 0, 0, 0, 0, 0, 0, 0, 0, 0, 0, 0, 0, 0, 0, 0, 0, 0, 0, 0, 0, 0, 0, 0, 0, 0, 0, 0, 0, 0, 0, 0, 0, 0, 0, 0, 0, 0, 0, 0, 0, 0, 0, 0, 0, 0, 0, 0, 0, 0, 0, 0, 0, 0, 0, 0, 0, 0, 0, 0, 0, 0, 0, 0, 0, 0, 0, 0, 0, 0, 0, 0, 0, 0, 0, 0, 0, 0, 0, 0, 0, 0, 0, 0, 0, 0, 0, 0, 0, 0, 0, 0, 0, 0, 0, 0, 0, 0, 0, 0, 0, 0, 0, 0, 0, 0, 0, 0, 0, 0, 0, 0, 0, 0, 0, 0, 0, 0, 0, 0, 0, 0, 0, 0, 0, 0, 0, 0, 0, 0, 0, 0, 0, 0, 0, 0, 0, 0, 0, 0, 0, 1, 1, 1, 1, 1, 1, 1, 1, 1, 1, 1, 1, 1, 1, 1, 1, 1, 1, 1, 1, 1, 1, 1, 1, 1, 1, 1, 1, 1, 1, 1, 1, 1, 1, 1, 1, 1, 1, 1, 1, 1, 1, 1, 1, 1, 1, 1, 1, 1, 1, 1, 1, 1, 1, 1, 1, 1, 1, 1, 1, 1, 1, 1, 1, 1, 1, 1, 1, 1, 1, 1, 1, 1, 1, 1, 1, 1, 1, 1, 1, 1, 1, 1, 1, 1, 1, 1, 1, 1, 1, 1, 1, 1, 1, 1, 1, 1, 1, 1, 1, 1, 1, 1, 1, 1, 1, 1, 1, 1, 1, 1, 1, 1, 1, 1, 1, 1, 1, 1, 1, 1, 1, 1, 1, 1, 1, 1, 1, 1, 1, 1, 1, 1, 1, 1, 1, 1, 1, 1, 1, 1, 1, 1, 1, 1, 1, 1, 1, 1, 1, 1, 1, 1, 1, 1, 1, 1, 1, 1, 1, 1, 1, 1, 1, 1, 1, 1, 1, 1, 1, 1, 1, 1, 1, 1, 1, 1, 1, 1, 1, 1, 1, 1, 1, 1, 1, 1, 1, 1, 1, 1, 1, 1, 1, 1, 1, 1, 1, 1, 1, 1, 1, 1, 1, 1, 1, 1, 1, 1, 1, 1, 1, 1, 1, 1, 1, 1, 1, 1, 1, 1, 1, 1, 1, 1, 1, 1, 1, 1, 1, 1, 1, 1, 1, 1, 1, 1, 1, 1, 1, 1, 1, 1, 1, 1, 1, 1, 1, 1, 1, 1, 1, 1, 1, 1, 1, 1, 1, 1, 1, 1, 1, 1, 1, 1, 1, 1, 1, 1, 1, 1, 1, 1, 1, 1, 1, 1, 1, 1, 1, 1, 1, 1, 1, 1, 1, 1, 1, 1, 1, 1, 1, 1, 1, 1, 1, 1, 1, 1, 1, 1, 1, 1, 1, 1, 1, 1, 1, 1, 1, 1, 1, 1, 1, 1, 1, 1, 1, 1, 1, 1, 1, 1, 1, 1, 1, 1, 1, 1, 1, 1, 1, 1, 2, 2, 2, 2, 2, 2, 2, 2, 2, 2, 2, 2, 2, 2, 2, 2, 2, 2, 2, 2, 2, 2, 2, 2, 2, 2, 2, 2, 2, 2, 2, 2, 2, 2, 2, 2, 2, 2, 2, 2, 2, 2, 2, 2, 2, 2, 2, 2, 2, 2, 2, 2, 2, 2, 2, 2, 2, 2, 2, 2, 2, 2, 2, 2, 2, 2, 2, 2, 2, 2, 2, 2, 2, 2, 2, 2, 2, 2, 2, 2, 2, 2, 2, 2, 2, 2, 2, 2, 2, 2, 2, 2, 2, 2, 2, 2, 2, 2, 2, 2, 2, 2, 2, 2, 2, 2, 2, 2, 2, 2, 2, 2, 2, 2, 2, 2, 2, 2, 2, 2, 2, 2, 2, 2, 2, 2, 2, 2, 2, 2, 2, 2, 2, 2, 2, 2, 2, 2, 2, 2, 2, 2, 2, 2, 2, 2, 2, 2, 2, 2, 2, 2, 2, 2, 2, 2, 2, 2, 2, 2, 2, 2, 2, 2, 2, 2, 2, 2, 2, 2, 2, 2, 2, 2, 2, 2, 2, 2, 2, 2, 2, 2, 2, 2, 2, 2, 2, 2, 2, 2, 2, 2, 2, 2, 2, 2, 2, 2, 2, 2, 2, 2, 2, 2, 2, 2, 2, 2, 2, 2, 2, 2, 2, 2, 2, 2, 2, 2, 2, 2, 2, 2, 2, 2, 2, 2, 2, 2, 2, 2, 2, 2, 2, 2, 2, 2, 2, 2, 2, 2, 2, 2, 2, 2, 2, 2, 2, 2, 2, 2, 2, 2, 2, 2, 2, 2, 2, 2, 2, 2, 2, 2, 2, 2, 2, 2, 2, 2, 2, 2, 2, 2, 2, 2, 2, 2, 2, 2, 2, 2, 2, 2, 2, 2, 2, 2, 2, 2, 2, 2, 2, 2, 2, 2, 2, 2, 2, 2, 2, 2, 2, 2, 2, 2, 2, 2, 2, 2, 2, 2, 2, 2, 2, 2, 2, 2, 2, 2, 2, 2, 2, 2, 2, 2, 2, 2, 2, 2, 2, 2, 2, 2, 2]