0 54 108 
1 
2 152 
3 237 306 
4 288 
5 69 
6 
7 49 927 
8 171 274 304 309 
9 
10 234 283 
11 18 
12 
13 24 153 
14 223 
15 166 259 
16 158 
17 
18 
19 
20 
21 140 
22 52 227 
23 
24 89 181 
25 271 693 
26 
27 271 
28 100 127 
29 126 
30 
31 185 
32 238 307 
33 68 117 213 355 
34 230 
35 
36 149 421 
37 225 314 
38 
39 
40 119 199 
41 50 
42 113 
43 578 589 
44 243 
45 324 
46 48 
47 177 
48 232 
49 89 
50 
51 249 
52 
53 
54 59 74 213 324 
55 179 497 687 
56 190 309 
57 242 
58 125 292 
59 326 
60 
61 753 
62 302 767 
63 284 611 
64 118 
65 165 329 
66 175 
67 
68 
69 538 
70 724 
71 284 
72 80 
73 262 
74 619 
75 630 
76 
77 203 
78 
79 138 710 
80 
81 
82 145 317 
83 862 
84 220 305 
85 310 
86 450 
87 103 
88 
89 
90 
91 
92 151 
93 
94 
95 290 
96 329 
97 166 450 746 
98 
99 957 
100 
101 
102 140 204 288 
103 
104 192 286 
105 232 361 986 
106 169 300 
107 218 
108 
109 
110 275 
111 
112 161 200 
113 
114 131 251 
115 
116 
117 
118 372 
119 128 
120 283 
121 
122 
123 
124 482 
125 144 162 259 326 689 
126 264 
127 187 
128 
129 375 
130 188 
131 
132 
133 205 725 
134 137 
135 
136 286 
137 
138 
139 246 306 
140 172 209 243 
141 148 309 330 
142 
143 291 
144 
145 257 
146 249 
147 
148 
149 275 326 
150 668 
151 454 576 
152 287 322 458 
153 
154 179 295 297 318 863 
155 
156 186 289 
157 265 
158 
159 171 237 662 
160 
161 
162 
163 
164 205 
165 253 841 
166 
167 
168 
169 
170 490 
171 241 
172 258 
173 290 
174 
175 
176 230 
177 178 791 
178 
179 
180 
181 304 
182 221 
183 
184 261 289 
185 308 
186 795 
187 
188 
189 
190 
191 
192 318 
193 321 
194 
195 
196 
197 
198 
199 
200 
201 
202 214 
203 
204 285 
205 230 
206 250 
207 327 954 
208 324 
209 
210 
211 
212 292 
213 230 301 
214 
215 829 
216 360 
217 286 
218 242 
219 
220 
221 
222 
223 811 
224 
225 
226 236 308 
227 272 
228 
229 294 329 
230 547 
231 288 
232 
233 271 
234 
235 
236 284 766 
237 
238 274 
239 
240 
241 
242 367 
243 390 
244 
245 
246 
247 301 331 
248 
249 323 
250 650 938 
251 722 
252 942 
253 
254 
255 
256 
257 
258 308 
259 
260 
261 
262 
263 316 462 
264 
265 
266 
267 
268 824 
269 
270 
271 
272 
273 887 
274 
275 
276 496 
277 293 
278 
279 
280 
281 
282 297 
283 935 
284 309 
285 460 
286 
287 475 
288 
289 945 
290 764 905 
291 
292 
293 328 
294 485 
295 
296 
297 326 632 
298 
299 
300 
301 
302 
303 
304 
305 
306 
307 
308 
309 603 915 
310 
311 
312 344 
313 318 995 
314 
315 318 
316 
317 
318 
319 
320 
321 
322 323 329 
323 328 
324 
325 
326 
327 
328 
329 
330 
331 
332 
333 531 566 
334 580 
335 536 
336 415 451 
337 445 
338 409 484 
339 531 
340 346 
341 
342 435 659 
343 465 500 
344 530 
345 
346 
347 564 
348 357 
349 
350 
351 492 
352 500 
353 600 
354 
355 456 
356 
357 406 
358 
359 525 574 
360 587 
361 429 
362 
363 608 
364 
365 633 
366 723 
367 375 633 
368 395 443 481 
369 
370 371 
371 
372 469 
373 530 557 
374 430 
375 404 
376 642 
377 412 
378 418 
379 613 
380 513 521 
381 564 
382 495 712 
383 
384 494 633 
385 
386 545 
387 503 565 
388 601 
389 
390 477 486 509 
391 
392 477 981 
393 431 
394 589 605 969 
395 
396 907 
397 623 662 
398 
399 447 
400 618 
401 
402 
403 
404 616 
405 651 
406 
407 558 
408 719 994 
409 
410 440 
411 
412 
413 453 
414 
415 644 
416 
417 
418 549 931 
419 617 
420 
421 587 
422 
423 
424 
425 448 545 661 
426 486 534 
427 
428 664 
429 584 
430 
431 
432 
433 483 502 578 
434 
435 444 476 
436 563 876 
437 573 
438 
439 540 
440 996 
441 
442 
443 599 
444 478 606 
445 
446 
447 577 
448 
449 506 524 600 
450 526 528 599 
451 
452 
453 
454 
455 
456 
457 
458 
459 
460 
461 490 623 
462 532 542 592 
463 514 
464 561 
465 494 
466 
467 522 675 
468 603 
469 577 
470 
471 640 681 
472 490 811 
473 
474 
475 
476 516 
477 
478 
479 
480 582 
481 486 
482 618 
483 644 
484 
485 491 
486 525 
487 
488 
489 550 
490 508 584 
491 
492 
493 
494 
495 
496 629 
497 
498 
499 
500 
501 641 
502 
503 530 
504 
505 
506 660 
507 
508 
509 
510 619 
511 636 657 
512 529 
513 
514 
515 793 
516 
517 
518 
519 691 
520 704 
521 
522 
523 
524 
525 
526 554 722 
527 633 665 
528 547 631 
529 627 
530 
531 534 
532 628 
533 599 
534 663 
535 641 
536 
537 
538 824 861 
539 
540 631 
541 
542 
543 557 602 
544 
545 920 
546 
547 
548 
549 580 
550 
551 573 610 652 
552 
553 
554 
555 
556 
557 945 
558 
559 
560 
561 831 
562 567 
563 660 
564 
565 
566 
567 
568 613 
569 716 
570 
571 633 984 
572 
573 
574 591 
575 
576 
577 
578 
579 
580 
581 
582 633 
583 
584 
585 
586 663 
587 608 
588 662 
589 
590 
591 
592 
593 
594 
595 
596 622 
597 
598 
599 
600 
601 684 
602 
603 632 
604 
605 
606 
607 
608 
609 762 
610 
611 
612 
613 663 
614 
615 
616 
617 
618 
619 
620 
621 
622 
623 
624 
625 
626 
627 
628 
629 
630 
631 
632 
633 
634 
635 729 
636 
637 649 
638 
639 
640 
641 
642 661 
643 796 
644 
645 
646 
647 
648 884 
649 
650 
651 696 
652 
653 797 
654 665 
655 
656 
657 936 
658 
659 
660 
661 847 
662 
663 
664 
665 
666 730 775 
667 
668 
669 
670 942 
671 772 
672 729 
673 719 
674 
675 
676 919 
677 
678 686 
679 758 
680 
681 878 
682 892 923 
683 832 
684 888 981 
685 
686 747 
687 944 
688 
689 
690 718 
691 
692 
693 747 752 828 
694 
695 801 
696 708 991 
697 730 755 772 928 929 979 
698 
699 776 
700 760 776 984 
701 733 
702 805 831 
703 831 
704 957 
705 906 937 
706 
707 833 
708 765 983 
709 
710 
711 
712 836 985 
713 
714 
715 
716 
717 770 
718 910 
719 
720 
721 788 
722 748 793 
723 
724 861 
725 
726 
727 
728 
729 
730 
731 
732 
733 
734 842 
735 
736 
737 
738 
739 
740 
741 
742 
743 744 799 
744 802 
745 794 924 972 984 
746 
747 
748 853 931 949 
749 775 
750 805 
751 829 944 
752 
753 
754 966 
755 967 
756 762 
757 868 
758 
759 
760 985 
761 952 
762 
763 
764 824 860 994 
765 
766 
767 981 
768 
769 785 846 
770 
771 
772 914 942 943 
773 
774 
775 819 
776 
777 852 
778 
779 
780 941 
781 
782 843 856 871 895 963 
783 908 
784 
785 
786 840 
787 978 
788 789 982 
789 800 885 
790 825 
791 920 
792 
793 969 
794 
795 877 890 
796 848 
797 920 
798 
799 
800 
801 871 878 
802 913 990 
803 
804 
805 
806 905 
807 
808 828 915 
809 
810 
811 
812 979 
813 
814 893 
815 994 
816 
817 
818 
819 872 
820 986 
821 840 
822 902 
823 915 982 
824 
825 
826 989 
827 896 
828 
829 
830 
831 
832 
833 
834 
835 883 
836 919 
837 
838 
839 910 
840 844 852 
841 
842 
843 
844 
845 954 
846 882 
847 
848 
849 
850 994 
851 923 
852 
853 
854 
855 938 
856 889 
857 909 
858 
859 
860 
861 863 
862 
863 
864 
865 993 
866 
867 
868 984 
869 920 
870 
871 
872 
873 
874 
875 
876 984 
877 
878 
879 880 882 957 996 
880 
881 
882 
883 
884 
885 
886 892 
887 935 
888 
889 
890 
891 
892 
893 
894 
895 
896 
897 
898 
899 
900 
901 977 
902 
903 
904 
905 
906 
907 939 
908 
909 
910 
911 
912 937 981 
913 
914 
915 949 
916 
917 952 
918 988 
919 
920 
921 
922 
923 
924 
925 
926 
927 989 
928 
929 
930 997 
931 
932 
933 
934 
935 
936 
937 
938 
939 
940 
941 
942 
943 991 
944 
945 
946 950 
947 955 
948 
949 
950 
951 
952 
953 
954 
955 
956 
957 
958 988 
959 
960 
961 
962 
963 
964 
965 
966 
967 
968 
969 
970 
971 
972 
973 
974 
975 
976 
977 
978 
979 
980 
981 
982 
983 
984 
985 
986 
987 
988 
989 
990 
991 
992 
993 
994 
995 
996 
997 
998 
[0, 0, 0, 0, 0, 0, 0, 0, 0, 0, 0, 0, 0, 0, 0, 0, 0, 0, 0, 0, 0, 0, 0, 0, 0, 0, 0, 0, 0, 0, 0, 0, 0, 0, 0, 0, 0, 0, 0, 0, 0, 0, 0, 0, 0, 0, 0, 0, 0, 0, 0, 0, 0, 0, 0, 0, 0, 0, 0, 0, 0, 0, 0, 0, 0, 0, 0, 0, 0, 0, 0, 0, 0, 0, 0, 0, 0, 0, 0, 0, 0, 0, 0, 0, 0, 0, 0, 0, 0, 0, 0, 0, 0, 0, 0, 0, 0, 0, 0, 0, 0, 0, 0, 0, 0, 0, 0, 0, 0, 0, 0, 0, 0, 0, 0, 0, 0, 0, 0, 0, 0, 0, 0, 0, 0, 0, 0, 0, 0, 0, 0, 0, 0, 0, 0, 0, 0, 0, 0, 0, 0, 0, 0, 0, 0, 0, 0, 0, 0, 0, 0, 0, 0, 0, 0, 0, 0, 0, 0, 0, 0, 0, 0, 0, 0, 0, 0, 0, 0, 0, 0, 0, 0, 0, 0, 0, 0, 0, 0, 0, 0, 0, 0, 0, 0, 0, 0, 0, 0, 0, 0, 0, 0, 0, 0, 0, 0, 0, 0, 0, 0, 0, 0, 0, 0, 0, 0, 0, 0, 0, 0, 0, 0, 0, 0, 0, 0, 0, 0, 0, 0, 0, 0, 0, 0, 0, 0, 0, 0, 0, 0, 0, 0, 0, 0, 0, 0, 0, 0, 0, 0, 0, 0, 0, 0, 0, 0, 0, 0, 0, 0, 0, 0, 0, 0, 0, 0, 0, 0, 0, 0, 0, 0, 0, 0, 0, 0, 0, 0, 0, 0, 0, 0, 0, 0, 0, 0, 0, 0, 0, 0, 0, 0, 0, 0, 0, 0, 0, 0, 0, 0, 0, 0, 0, 0, 0, 0, 0, 0, 0, 0, 0, 0, 0, 0, 0, 0, 0, 0, 0, 0, 0, 0, 0, 0, 0, 0, 0, 0, 0, 0, 0, 0, 0, 0, 0, 0, 0, 0, 0, 0, 0, 0, 1, 1, 1, 1, 1, 1, 1, 1, 1, 1, 1, 1, 1, 1, 1, 1, 1, 1, 1, 1, 1, 1, 1, 1, 1, 1, 1, 1, 1, 1, 1, 1, 1, 1, 1, 1, 1, 1, 1, 1, 1, 1, 1, 1, 1, 1, 1, 1, 1, 1, 1, 1, 1, 1, 1, 1, 1, 1, 1, 1, 1, 1, 1, 1, 1, 1, 1, 1, 1, 1, 1, 1, 1, 1, 1, 1, 1, 1, 1, 1, 1, 1, 1, 1, 1, 1, 1, 1, 1, 1, 1, 1, 1, 1, 1, 1, 1, 1, 1, 1, 1, 1, 1, 1, 1, 1, 1, 1, 1, 1, 1, 1, 1, 1, 1, 1, 1, 1, 1, 1, 1, 1, 1, 1, 1, 1, 1, 1, 1, 1, 1, 1, 1, 1, 1, 1, 1, 1, 1, 1, 1, 1, 1, 1, 1, 1, 1, 1, 1, 1, 1, 1, 1, 1, 1, 1, 1, 1, 1, 1, 1, 1, 1, 1, 1, 1, 1, 1, 1, 1, 1, 1, 1, 1, 1, 1, 1, 1, 1, 1, 1, 1, 1, 1, 1, 1, 1, 1, 1, 1, 1, 1, 1, 1, 1, 1, 1, 1, 1, 1, 1, 1, 1, 1, 1, 1, 1, 1, 1, 1, 1, 1, 1, 1, 1, 1, 1, 1, 1, 1, 1, 1, 1, 1, 1, 1, 1, 1, 1, 1, 1, 1, 1, 1, 1, 1, 1, 1, 1, 1, 1, 1, 1, 1, 1, 1, 1, 1, 1, 1, 1, 1, 1, 1, 1, 1, 1, 1, 1, 1, 1, 1, 1, 1, 1, 1, 1, 1, 1, 1, 1, 1, 1, 1, 1, 1, 1, 1, 1, 1, 1, 1, 1, 1, 1, 1, 1, 1, 1, 1, 1, 1, 1, 1, 1, 1, 1, 1, 1, 1, 1, 1, 1, 1, 1, 1, 1, 1, 1, 1, 1, 1, 1, 1, 1, 1, 1, 1, 1, 1, 1, 1, 1, 1, 1, 1, 1, 1, 1, 1, 1, 1, 1, 2, 2, 2, 2, 2, 2, 2, 2, 2, 2, 2, 2, 2, 2, 2, 2, 2, 2, 2, 2, 2, 2, 2, 2, 2, 2, 2, 2, 2, 2, 2, 2, 2, 2, 2, 2, 2, 2, 2, 2, 2, 2, 2, 2, 2, 2, 2, 2, 2, 2, 2, 2, 2, 2, 2, 2, 2, 2, 2, 2, 2, 2, 2, 2, 2, 2, 2, 2, 2, 2, 2, 2, 2, 2, 2, 2, 2, 2, 2, 2, 2, 2, 2, 2, 2, 2, 2, 2, 2, 2, 2, 2, 2, 2, 2, 2, 2, 2, 2, 2, 2, 2, 2, 2, 2, 2, 2, 2, 2, 2, 2, 2, 2, 2, 2, 2, 2, 2, 2, 2, 2, 2, 2, 2, 2, 2, 2, 2, 2, 2, 2, 2, 2, 2, 2, 2, 2, 2, 2, 2, 2, 2, 2, 2, 2, 2, 2, 2, 2, 2, 2, 2, 2, 2, 2, 2, 2, 2, 2, 2, 2, 2, 2, 2, 2, 2, 2, 2, 2, 2, 2, 2, 2, 2, 2, 2, 2, 2, 2, 2, 2, 2, 2, 2, 2, 2, 2, 2, 2, 2, 2, 2, 2, 2, 2, 2, 2, 2, 2, 2, 2, 2, 2, 2, 2, 2, 2, 2, 2, 2, 2, 2, 2, 2, 2, 2, 2, 2, 2, 2, 2, 2, 2, 2, 2, 2, 2, 2, 2, 2, 2, 2, 2, 2, 2, 2, 2, 2, 2, 2, 2, 2, 2, 2, 2, 2, 2, 2, 2, 2, 2, 2, 2, 2, 2, 2, 2, 2, 2, 2, 2, 2, 2, 2, 2, 2, 2, 2, 2, 2, 2, 2, 2, 2, 2, 2, 2, 2, 2, 2, 2, 2, 2, 2, 2, 2, 2, 2, 2, 2, 2, 2, 2, 2, 2, 2, 2, 2, 2, 2, 2, 2, 2, 2, 2, 2, 2, 2, 2, 2, 2, 2, 2, 2, 2, 2, 2, 2, 2, 2, 2, 2, 2, 2, 2, 2, 2, 2, 2, 2, 2, 2, 2]