0 111 164 206 209 505 632 
1 76 178 239 261 273 
2 25 654 
3 144 164 221 655 
4 311 657 
5 83 91 113 199 221 323 
6 25 117 138 148 177 278 315 861 
7 11 142 145 225 228 289 636 
8 32 33 48 115 130 209 217 261 286 
9 47 131 312 830 973 
10 67 153 240 252 654 
11 13 237 306 327 421 855 
12 290 462 652 
13 44 88 137 316 
14 54 74 157 255 328 469 
15 123 167 272 
16 123 280 
17 23 71 290 494 783 
18 317 
19 23 43 122 155 308 
20 64 185 
21 37 223 312 679 
22 35 131 152 170 244 327 
23 34 133 270 287 
24 34 77 143 172 
25 110 116 127 180 322 
26 155 163 190 325 507 
27 67 73 194 259 323 756 
28 74 138 139 149 
29 129 166 
30 191 218 243 291 780 
31 78 159 325 350 
32 75 126 161 243 269 299 
33 90 180 206 
34 133 141 190 216 254 605 759 
35 37 93 604 763 
36 113 204 236 
37 234 379 433 
38 252 273 316 430 438 
39 175 205 258 639 729 805 
40 122 133 225 778 
41 112 
42 79 193 200 
43 288 301 
44 222 330 
45 74 194 214 229 305 329 
46 255 287 833 
47 
48 160 221 226 259 298 629 
49 76 159 304 
50 97 183 223 249 275 385 651 854 
51 82 255 332 
52 85 183 276 297 328 836 841 
53 60 71 259 267 744 998 
54 198 332 
55 63 109 160 269 278 315 369 
56 744 
57 62 121 149 
58 125 285 415 
59 196 243 773 
60 115 283 
61 78 110 133 173 247 504 
62 89 148 295 435 
63 85 620 758 902 
64 433 
65 258 
66 167 184 243 291 314 
67 89 109 119 131 156 218 251 586 
68 141 315 
69 199 269 311 913 
70 84 86 275 304 310 330 357 790 
71 169 196 265 286 301 
72 282 
73 90 143 272 280 
74 189 320 322 
75 102 109 301 627 
76 248 326 
77 103 130 197 370 903 
78 85 135 183 244 288 684 848 
79 168 220 283 454 
80 102 412 
81 94 109 786 823 
82 196 295 
83 101 116 175 242 575 810 
84 111 125 
85 136 274 276 302 
86 204 311 325 817 
87 214 329 
88 171 
89 
90 100 135 189 
91 160 247 387 596 
92 134 450 610 
93 125 146 156 280 297 435 
94 591 
95 127 197 246 263 455 
96 98 153 190 213 
97 231 277 817 
98 230 233 305 477 642 
99 250 863 
100 262 285 488 832 
101 116 124 
102 124 
103 110 188 291 301 
104 155 623 960 
105 111 141 442 828 865 
106 207 225 296 323 410 441 656 
107 173 
108 183 231 845 902 
109 138 317 
110 244 299 315 988 
111 220 287 632 
112 122 184 206 276 289 322 574 
113 121 125 170 263 
114 159 164 262 306 627 
115 199 287 295 320 445 584 
116 194 198 310 
117 
118 153 244 
119 194 234 
120 189 195 199 376 
121 192 564 747 
122 234 260 306 
123 164 
124 201 255 266 275 602 
125 254 
126 151 219 266 585 
127 189 190 295 562 
128 477 
129 278 949 984 
130 139 150 180 954 
131 152 203 
132 208 277 616 
133 155 234 248 311 472 
134 258 314 834 
135 209 228 241 252 956 
136 203 410 
137 302 
138 145 147 214 282 289 307 326 
139 322 718 
140 279 306 307 623 
141 
142 177 185 457 
143 217 231 657 
144 149 617 
145 237 283 312 723 
146 246 253 256 279 566 709 
147 159 283 635 
148 238 257 675 
149 183 196 230 261 686 984 
150 151 204 215 242 254 295 325 771 
151 199 215 
152 242 245 307 
153 
154 237 300 309 835 
155 689 
156 381 603 
157 224 321 
158 310 
159 173 296 303 629 885 
160 465 700 
161 162 226 789 
162 258 285 
163 204 259 
164 185 318 
165 276 679 
166 168 294 502 534 
167 171 181 194 198 306 701 
168 173 250 582 621 
169 227 717 826 
170 212 374 865 
171 192 196 261 
172 289 
173 180 193 303 682 
174 515 819 864 
175 617 
176 256 759 
177 370 
178 266 312 328 611 
179 441 943 
180 184 211 320 916 
181 263 
182 314 
183 290 323 
184 234 273 280 427 599 982 
185 253 254 699 
186 542 801 
187 234 337 375 
188 195 315 323 
189 229 236 273 852 
190 258 
191 
192 220 917 941 
193 610 702 724 
194 
195 243 273 298 
196 252 307 530 
197 198 208 908 
198 259 262 
199 293 300 
200 256 282 317 
201 210 551 848 
202 266 301 312 
203 
204 991 
205 281 282 670 
206 241 264 273 310 709 
207 209 325 745 
208 
209 222 228 
210 293 296 297 311 607 617 622 
211 285 289 326 475 674 
212 253 
213 848 
214 243 885 
215 296 324 755 
216 231 265 346 
217 248 
218 225 296 
219 312 662 
220 300 332 403 
221 
222 236 265 676 851 
223 315 689 690 
224 289 753 
225 326 413 
226 243 560 645 
227 266 
228 304 667 
229 247 
230 256 310 
231 267 310 323 810 
232 962 
233 316 326 742 
234 254 773 
235 278 
236 258 301 311 631 668 951 
237 
238 291 
239 318 
240 382 
241 
242 306 
243 259 295 515 974 
244 327 
245 260 322 329 760 
246 275 
247 
248 297 
249 331 976 
250 444 605 
251 973 
252 272 312 
253 620 
254 379 848 882 
255 
256 304 751 
257 395 
258 640 749 
259 
260 272 300 706 
261 270 296 
262 267 
263 585 
264 269 
265 322 722 
266 405 
267 
268 946 
269 283 301 
270 310 800 
271 283 679 
272 310 311 584 
273 
274 323 601 
275 322 882 
276 297 303 
277 279 
278 302 312 578 911 
279 976 
280 
281 303 
282 313 992 
283 296 985 
284 298 319 998 
285 657 
286 
287 443 
288 477 904 
289 318 
290 
291 292 
292 975 
293 775 837 
294 
295 
296 
297 
298 
299 520 854 
300 344 
301 482 
302 856 
303 323 362 
304 432 
305 309 
306 321 886 
307 317 884 
308 457 
309 469 546 
310 
311 
312 781 
313 
314 330 688 
315 330 957 
316 624 689 
317 
318 329 
319 456 726 
320 886 
321 329 
322 
323 
324 
325 
326 
327 566 
328 
329 496 
330 
331 
332 
333 388 420 491 766 
334 364 398 633 637 893 
335 354 412 554 
336 395 493 535 623 635 
337 365 546 562 
338 424 449 519 
339 382 546 580 611 652 
340 345 444 561 575 617 619 637 737 
341 427 504 516 767 887 
342 389 410 593 600 
343 418 479 510 
344 428 442 460 472 610 613 642 
345 372 482 517 541 629 634 
346 348 533 558 649 
347 422 430 500 996 
348 358 477 
349 477 539 548 
350 430 
351 490 
352 383 403 422 423 631 
353 383 477 502 796 
354 517 
355 368 389 427 432 597 617 645 695 
356 538 833 
357 489 526 553 590 610 659 
358 387 437 591 615 891 
359 466 471 544 
360 464 491 585 
361 362 416 467 973 
362 584 591 646 
363 459 556 572 575 597 631 633 658 807 
364 505 509 551 576 608 616 
365 380 504 536 
366 569 589 646 661 
367 
368 390 450 468 494 626 843 
369 378 381 451 537 538 563 
370 407 467 532 552 661 
371 415 432 454 457 523 551 
372 440 461 481 592 632 774 
373 406 597 647 653 
374 533 569 615 
375 400 475 519 888 
376 379 443 762 949 
377 413 592 
378 434 441 578 589 641 944 
379 480 623 750 
380 388 427 477 580 660 662 
381 469 615 639 
382 505 
383 498 578 604 613 644 659 
384 429 541 953 
385 526 630 659 
386 424 466 516 659 
387 523 609 
388 476 
389 405 567 595 616 812 
390 451 478 
391 496 642 
392 911 
393 402 
394 404 474 534 557 564 570 615 640 
395 424 480 484 534 
396 402 425 429 495 522 566 939 
397 430 448 467 537 561 
398 590 645 788 
399 479 500 512 943 
400 438 478 519 609 644 
401 611 
402 
403 495 553 746 763 
404 496 528 593 664 
405 474 
406 452 521 
407 455 457 507 586 740 895 
408 564 606 731 
409 
410 426 514 595 624 636 654 936 
411 567 653 
412 420 513 547 634 651 
413 447 481 552 889 952 
414 532 557 601 624 
415 423 533 653 
416 562 620 659 
417 458 574 623 
418 450 468 513 595 
419 484 540 846 
420 431 474 518 557 
421 634 
422 480 
423 432 
424 459 461 528 555 
425 487 539 731 
426 579 584 628 656 
427 622 997 
428 
429 523 527 534 560 591 618 642 
430 460 592 
431 598 599 616 
432 454 509 826 
433 550 791 
434 451 459 554 586 
435 465 546 
436 467 479 665 812 
437 528 548 575 647 
438 508 
439 447 525 926 
440 542 624 
441 640 
442 881 
443 457 478 531 572 655 
444 531 665 865 
445 472 482 
446 447 457 613 689 778 
447 494 513 534 537 570 623 
448 476 495 522 594 
449 472 513 
450 481 488 533 
451 486 739 
452 547 549 562 580 631 634 638 686 759 
453 486 720 
454 607 620 913 
455 457 477 
456 919 
457 618 870 
458 480 493 538 586 635 816 
459 493 585 660 662 
460 621 623 
461 573 658 
462 556 583 624 
463 488 566 611 653 975 
464 577 603 983 
465 577 624 659 
466 521 621 
467 603 605 655 
468 478 515 602 
469 514 522 650 
470 606 642 
471 567 
472 493 533 552 783 
473 511 665 
474 478 508 887 928 
475 554 595 649 
476 511 517 552 582 634 
477 510 
478 508 539 599 618 
479 537 
480 513 665 
481 488 514 
482 523 546 
483 504 505 533 562 939 
484 665 936 
485 490 530 597 876 
486 578 604 626 757 
487 550 
488 516 561 571 596 664 700 
489 664 
490 513 593 855 
491 520 521 563 569 632 
492 527 608 
493 546 628 632 961 
494 546 600 647 
495 525 555 583 584 663 
496 572 
497 742 
498 523 630 634 782 
499 512 
500 535 637 
501 644 768 
502 535 550 654 
503 528 597 
504 907 
505 568 635 649 819 
506 562 603 620 
507 517 568 603 
508 561 
509 
510 548 582 637 
511 556 
512 536 546 553 571 647 917 
513 519 549 
514 605 644 
515 558 641 805 
516 528 571 586 
517 555 641 923 
518 588 732 773 883 
519 
520 555 
521 
522 
523 628 
524 637 
525 630 
526 549 604 944 
527 639 660 
528 564 642 
529 581 
530 555 
531 544 555 666 
532 534 
533 787 
534 589 594 626 
535 628 887 
536 611 
537 596 647 719 737 
538 760 
539 695 
540 543 576 599 642 948 
541 
542 649 
543 566 616 902 
544 548 631 642 762 882 
545 600 635 
546 631 727 948 
547 638 
548 566 657 665 
549 609 623 
550 634 
551 561 562 644 
552 575 663 
553 580 586 
554 630 903 
555 573 606 633 911 947 
556 
557 558 575 623 958 
558 614 
559 674 
560 597 656 
561 568 
562 606 623 
563 578 600 
564 565 
565 711 916 941 
566 567 
567 647 707 748 805 
568 817 
569 608 
570 578 
571 600 615 
572 579 
573 577 582 
574 644 
575 578 614 
576 
577 628 814 
578 827 
579 590 773 
580 620 
581 592 
582 593 648 742 
583 592 624 
584 
585 934 
586 613 
587 620 
588 
589 618 
590 634 
591 617 969 
592 626 
593 632 
594 
595 625 665 
596 601 611 664 697 
597 608 633 
598 605 652 
599 652 855 
600 610 629 650 
601 
602 847 880 
603 
604 
605 
606 665 
607 623 665 904 
608 
609 
610 
611 656 
612 
613 
614 630 
615 694 976 
616 647 
617 641 653 
618 896 
619 635 662 
620 627 969 
621 633 652 787 
622 629 
623 
624 
625 642 
626 762 
627 
628 937 
629 652 780 793 
630 
631 829 
632 
633 641 
634 645 749 911 
635 
636 648 852 
637 
638 
639 669 
640 648 
641 
642 798 
643 
644 
645 
646 747 
647 
648 
649 
650 
651 662 
652 
653 
654 
655 
656 
657 762 
658 
659 
660 
661 
662 828 
663 972 
664 761 
665 873 
666 702 739 845 873 880 885 
667 734 777 843 
668 739 858 
669 747 767 778 824 834 836 915 952 998 
670 703 738 866 
671 684 736 772 778 780 811 815 
672 676 704 720 742 778 814 
673 812 926 
674 710 775 818 872 904 956 
675 697 701 707 715 765 793 796 862 913 955 
676 716 907 979 
677 682 727 875 896 960 973 
678 708 718 748 758 900 930 961 
679 833 
680 693 781 880 895 
681 802 839 869 
682 922 959 984 
683 742 754 816 950 
684 765 903 912 930 
685 890 
686 691 738 777 809 912 961 
687 759 904 
688 768 784 860 966 
689 775 839 861 
690 769 885 
691 698 702 801 812 856 867 919 954 
692 819 865 
693 801 941 977 
694 847 884 894 967 979 
695 741 751 779 780 799 876 962 964 
696 748 766 799 891 937 990 
697 716 724 905 915 924 954 
698 785 996 
699 703 731 733 892 
700 743 790 891 928 948 949 977 
701 703 824 
702 843 909 
703 992 
704 710 777 937 955 
705 713 781 790 953 
706 718 836 861 996 
707 746 768 770 880 
708 772 929 938 
709 808 923 962 
710 898 954 
711 924 
712 778 816 869 881 882 941 
713 754 756 809 841 903 992 
714 
715 790 909 960 
716 798 840 957 981 
717 803 942 
718 877 895 966 
719 799 857 979 
720 755 814 835 889 
721 727 895 
722 731 796 829 830 897 
723 744 780 932 
724 732 740 764 921 
725 728 851 855 873 932 947 
726 733 826 
727 756 
728 761 780 846 959 
729 765 772 809 885 
730 737 848 855 939 
731 761 902 989 
732 878 882 981 
733 955 985 
734 799 
735 762 992 
736 877 
737 855 899 967 
738 741 747 796 952 971 997 
739 896 905 946 
740 831 833 909 944 
741 804 926 938 
742 772 
743 752 762 777 788 817 838 981 
744 762 850 915 917 974 
745 775 906 926 985 
746 903 
747 763 863 
748 935 973 
749 794 796 841 904 917 
750 943 
751 787 809 823 907 933 
752 789 804 869 930 991 
753 805 821 897 955 
754 773 846 852 882 928 933 
755 770 798 804 954 966 
756 842 860 861 899 
757 872 908 978 
758 787 810 825 842 872 918 942 
759 890 901 
760 
761 862 
762 859 883 898 989 
763 903 
764 770 777 
765 869 
766 857 941 
767 
768 773 897 
769 825 
770 877 897 
771 843 927 947 
772 822 856 890 997 
773 862 874 929 
774 792 
775 778 816 830 973 
776 954 
777 916 965 981 
778 
779 883 897 
780 840 
781 805 811 819 823 
782 849 916 
783 941 
784 818 922 927 
785 804 898 
786 811 815 892 940 948 
787 
788 842 891 929 
789 886 
790 885 910 995 
791 806 
792 800 804 877 986 
793 852 856 882 906 947 
794 818 832 864 884 905 913 
795 
796 867 931 941 
797 925 
798 831 834 841 862 
799 
800 855 
801 829 
802 819 821 865 968 
803 933 
804 951 
805 809 899 925 929 987 
806 808 903 942 943 965 970 
807 
808 864 918 
809 831 946 
810 891 955 968 988 
811 987 
812 845 877 
813 874 996 
814 863 900 
815 828 958 
816 967 980 998 
817 838 
818 
819 823 839 988 
820 995 
821 853 883 885 
822 
823 877 888 978 
824 899 925 
825 912 996 
826 848 980 
827 
828 893 
829 930 
830 973 
831 
832 894 956 989 
833 865 868 957 980 992 
834 853 854 860 
835 962 
836 930 934 
837 867 916 
838 859 955 957 
839 
840 906 
841 874 982 
842 952 
843 891 945 995 
844 967 995 
845 955 
846 
847 
848 
849 944 
850 
851 929 953 
852 875 
853 
854 
855 988 996 
856 871 979 
857 975 
858 
859 977 981 
860 885 900 907 
861 906 
862 952 969 989 
863 883 
864 889 970 997 
865 940 944 969 
866 928 
867 969 
868 
869 
870 
871 882 934 
872 914 
873 883 890 994 
874 891 906 973 
875 892 953 964 991 
876 
877 887 905 953 987 
878 911 950 993 
879 
880 886 
881 975 
882 
883 970 
884 993 
885 913 
886 938 
887 912 
888 906 
889 
890 
891 928 
892 960 981 
893 924 949 956 
894 902 
895 967 
896 910 
897 946 
898 
899 
900 
901 
902 952 
903 980 
904 971 
905 
906 
907 922 968 988 
908 915 942 961 
909 
910 
911 944 974 976 
912 937 947 954 963 
913 927 
914 
915 991 
916 941 968 980 
917 
918 931 
919 990 
920 957 
921 924 984 
922 
923 
924 941 982 
925 
926 
927 
928 
929 957 
930 963 
931 
932 
933 935 
934 
935 949 
936 942 962 
937 
938 
939 
940 
941 956 
942 949 957 
943 
944 980 
945 
946 981 
947 
948 
949 
950 969 972 
951 
952 
953 
954 
955 
956 983 
957 958 
958 
959 960 
960 
961 
962 979 
963 
964 
965 990 
966 
967 
968 
969 
970 
971 
972 
973 
974 
975 989 
976 
977 
978 
979 
980 
981 985 
982 
983 
984 
985 
986 
987 
988 
989 
990 
991 
992 
993 994 
994 
995 
996 
997 
998 
999 
[0, 0, 0, 0, 0, 0, 0, 0, 0, 0, 0, 0, 0, 0, 0, 0, 0, 0, 0, 0, 0, 0, 0, 0, 0, 0, 0, 0, 0, 0, 0, 0, 0, 0, 0, 0, 0, 0, 0, 0, 0, 0, 0, 0, 0, 0, 0, 0, 0, 0, 0, 0, 0, 0, 0, 0, 0, 0, 0, 0, 0, 0, 0, 0, 0, 0, 0, 0, 0, 0, 0, 0, 0, 0, 0, 0, 0, 0, 0, 0, 0, 0, 0, 0, 0, 0, 0, 0, 0, 0, 0, 0, 0, 0, 0, 0, 0, 0, 0, 0, 0, 0, 0, 0, 0, 0, 0, 0, 0, 0, 0, 0, 0, 0, 0, 0, 0, 0, 0, 0, 0, 0, 0, 0, 0, 0, 0, 0, 0, 0, 0, 0, 0, 0, 0, 0, 0, 0, 0, 0, 0, 0, 0, 0, 0, 0, 0, 0, 0, 0, 0, 0, 0, 0, 0, 0, 0, 0, 0, 0, 0, 0, 0, 0, 0, 0, 0, 0, 0, 0, 0, 0, 0, 0, 0, 0, 0, 0, 0, 0, 0, 0, 0, 0, 0, 0, 0, 0, 0, 0, 0, 0, 0, 0, 0, 0, 0, 0, 0, 0, 0, 0, 0, 0, 0, 0, 0, 0, 0, 0, 0, 0, 0, 0, 0, 0, 0, 0, 0, 0, 0, 0, 0, 0, 0, 0, 0, 0, 0, 0, 0, 0, 0, 0, 0, 0, 0, 0, 0, 0, 0, 0, 0, 0, 0, 0, 0, 0, 0, 0, 0, 0, 0, 0, 0, 0, 0, 0, 0, 0, 0, 0, 0, 0, 0, 0, 0, 0, 0, 0, 0, 0, 0, 0, 0, 0, 0, 0, 0, 0, 0, 0, 0, 0, 0, 0, 0, 0, 0, 0, 0, 0, 0, 0, 0, 0, 0, 0, 0, 0, 0, 0, 0, 0, 0, 0, 0, 0, 0, 0, 0, 0, 0, 0, 0, 0, 0, 0, 0, 0, 0, 0, 0, 0, 0, 0, 0, 0, 0, 0, 0, 0, 0, 1, 1, 1, 1, 1, 1, 1, 1, 1, 1, 1, 1, 1, 1, 1, 1, 1, 1, 1, 1, 1, 1, 1, 1, 1, 1, 1, 1, 1, 1, 1, 1, 1, 1, 1, 1, 1, 1, 1, 1, 1, 1, 1, 1, 1, 1, 1, 1, 1, 1, 1, 1, 1, 1, 1, 1, 1, 1, 1, 1, 1, 1, 1, 1, 1, 1, 1, 1, 1, 1, 1, 1, 1, 1, 1, 1, 1, 1, 1, 1, 1, 1, 1, 1, 1, 1, 1, 1, 1, 1, 1, 1, 1, 1, 1, 1, 1, 1, 1, 1, 1, 1, 1, 1, 1, 1, 1, 1, 1, 1, 1, 1, 1, 1, 1, 1, 1, 1, 1, 1, 1, 1, 1, 1, 1, 1, 1, 1, 1, 1, 1, 1, 1, 1, 1, 1, 1, 1, 1, 1, 1, 1, 1, 1, 1, 1, 1, 1, 1, 1, 1, 1, 1, 1, 1, 1, 1, 1, 1, 1, 1, 1, 1, 1, 1, 1, 1, 1, 1, 1, 1, 1, 1, 1, 1, 1, 1, 1, 1, 1, 1, 1, 1, 1, 1, 1, 1, 1, 1, 1, 1, 1, 1, 1, 1, 1, 1, 1, 1, 1, 1, 1, 1, 1, 1, 1, 1, 1, 1, 1, 1, 1, 1, 1, 1, 1, 1, 1, 1, 1, 1, 1, 1, 1, 1, 1, 1, 1, 1, 1, 1, 1, 1, 1, 1, 1, 1, 1, 1, 1, 1, 1, 1, 1, 1, 1, 1, 1, 1, 1, 1, 1, 1, 1, 1, 1, 1, 1, 1, 1, 1, 1, 1, 1, 1, 1, 1, 1, 1, 1, 1, 1, 1, 1, 1, 1, 1, 1, 1, 1, 1, 1, 1, 1, 1, 1, 1, 1, 1, 1, 1, 1, 1, 1, 1, 1, 1, 1, 1, 1, 1, 1, 1, 1, 1, 1, 1, 1, 1, 1, 1, 1, 1, 1, 1, 1, 1, 1, 1, 1, 1, 1, 1, 1, 1, 1, 1, 1, 1, 1, 1, 1, 1, 2, 2, 2, 2, 2, 2, 2, 2, 2, 2, 2, 2, 2, 2, 2, 2, 2, 2, 2, 2, 2, 2, 2, 2, 2, 2, 2, 2, 2, 2, 2, 2, 2, 2, 2, 2, 2, 2, 2, 2, 2, 2, 2, 2, 2, 2, 2, 2, 2, 2, 2, 2, 2, 2, 2, 2, 2, 2, 2, 2, 2, 2, 2, 2, 2, 2, 2, 2, 2, 2, 2, 2, 2, 2, 2, 2, 2, 2, 2, 2, 2, 2, 2, 2, 2, 2, 2, 2, 2, 2, 2, 2, 2, 2, 2, 2, 2, 2, 2, 2, 2, 2, 2, 2, 2, 2, 2, 2, 2, 2, 2, 2, 2, 2, 2, 2, 2, 2, 2, 2, 2, 2, 2, 2, 2, 2, 2, 2, 2, 2, 2, 2, 2, 2, 2, 2, 2, 2, 2, 2, 2, 2, 2, 2, 2, 2, 2, 2, 2, 2, 2, 2, 2, 2, 2, 2, 2, 2, 2, 2, 2, 2, 2, 2, 2, 2, 2, 2, 2, 2, 2, 2, 2, 2, 2, 2, 2, 2, 2, 2, 2, 2, 2, 2, 2, 2, 2, 2, 2, 2, 2, 2, 2, 2, 2, 2, 2, 2, 2, 2, 2, 2, 2, 2, 2, 2, 2, 2, 2, 2, 2, 2, 2, 2, 2, 2, 2, 2, 2, 2, 2, 2, 2, 2, 2, 2, 2, 2, 2, 2, 2, 2, 2, 2, 2, 2, 2, 2, 2, 2, 2, 2, 2, 2, 2, 2, 2, 2, 2, 2, 2, 2, 2, 2, 2, 2, 2, 2, 2, 2, 2, 2, 2, 2, 2, 2, 2, 2, 2, 2, 2, 2, 2, 2, 2, 2, 2, 2, 2, 2, 2, 2, 2, 2, 2, 2, 2, 2, 2, 2, 2, 2, 2, 2, 2, 2, 2, 2, 2, 2, 2, 2, 2, 2, 2, 2, 2, 2, 2, 2, 2, 2, 2, 2, 2, 2, 2, 2, 2, 2, 2, 2, 2, 2, 2, 2, 2, 2, 2, 2, 2, 2, 2, 0]