0 2 47 94 
1 71 
2 8 13 
3 5 
4 
5 
6 13 
7 38 
8 11 15 
9 15 53 
10 
11 12 
12 
13 
14 15 
15 
16 87 
17 
18 72 
19 22 
20 24 28 
21 36 
22 
23 34 
24 
25 29 
26 
27 39 92 
28 
29 
30 67 
31 
32 38 46 
33 
34 73 
35 
36 38 
37 
38 40 
39 98 
40 57 67 
41 78 
42 49 53 58 80 
43 
44 56 
45 
46 
47 
48 
49 50 59 
50 
51 
52 
53 59 
54 58 
55 
56 
57 88 
58 
59 
60 67 
61 
62 
63 66 
64 
65 77 
66 69 73 
67 74 79 
68 70 
69 70 
70 84 
71 
72 88 
73 
74 
75 
76 
77 
78 
79 
80 89 
81 91 
82 
83 
84 90 97 
85 
86 
87 93 97 
88 
89 92 
90 
91 
92 95 
93 94 
94 
95 
96 
97 
98 
99 
[0, 0, 0, 0, 0, 0, 0, 0, 0, 0, 0, 0, 0, 0, 0, 0, 0, 0, 0, 0, 1, 1, 1, 1, 1, 1, 1, 1, 1, 1, 1, 1, 1, 1, 1, 1, 1, 1, 1, 1, 2, 2, 2, 2, 2, 2, 2, 2, 2, 2, 2, 2, 2, 2, 2, 2, 2, 2, 2, 2, 3, 3, 3, 3, 3, 3, 3, 3, 3, 3, 3, 3, 3, 3, 3, 3, 3, 3, 3, 3, 4, 4, 4, 4, 4, 4, 4, 4, 4, 4, 4, 4, 4, 4, 4, 4, 4, 4, 4, 4]