0 29 
1 8 12 
2 
3 9 21 39 
4 35 
5 9 
6 14 22 65 
7 
8 10 13 20 40 
9 30 48 
10 
11 
12 14 
13 
14 
15 20 34 55 62 
16 28 32 
17 34 
18 21 
19 70 
20 27 
21 
22 37 
23 32 
24 46 
25 
26 47 
27 36 
28 
29 
30 43 
31 44 
32 56 
33 
34 
35 40 
36 
37 40 
38 
39 
40 44 
41 48 
42 
43 
44 
45 
46 
47 
48 
49 
50 72 93 
51 63 81 
52 
53 
54 65 
55 
56 
57 
58 84 90 
59 
60 81 
61 79 97 
62 89 
63 68 
64 
65 
66 74 
67 76 
68 
69 99 
70 88 
71 75 
72 80 
73 78 98 
74 93 
75 77 
76 
77 
78 
79 97 
80 
81 
82 
83 
84 
85 91 
86 
87 
88 
89 
90 93 
91 
92 
93 
94 
95 
96 
97 
98 
99 
[0, 0, 0, 0, 0, 0, 0, 0, 0, 0, 0, 0, 0, 0, 0, 0, 0, 0, 0, 0, 0, 0, 0, 0, 0, 0, 0, 0, 0, 0, 0, 0, 0, 0, 0, 0, 0, 0, 0, 0, 0, 0, 0, 0, 0, 0, 0, 0, 0, 0, 1, 1, 1, 1, 1, 1, 1, 1, 1, 1, 1, 1, 1, 1, 1, 1, 1, 1, 1, 1, 1, 1, 1, 1, 1, 1, 1, 1, 1, 1, 1, 1, 1, 1, 1, 1, 1, 1, 1, 1, 1, 1, 1, 1, 1, 1, 1, 1, 1, 1]