0 6 10 14 
1 13 
2 98 
3 12 27 
4 13 22 
5 90 
6 11 13 16 67 
7 12 39 
8 58 79 
9 
10 73 77 
11 
12 17 18 28 99 
13 
14 41 
15 
16 52 
17 
18 
19 47 93 
20 34 
21 39 
22 24 34 37 38 93 
23 75 
24 31 35 45 
25 49 
26 
27 28 45 
28 36 38 61 
29 38 43 
30 31 39 
31 
32 73 
33 35 
34 80 
35 38 
36 60 95 
37 89 
38 
39 
40 45 
41 47 57 77 
42 47 54 86 
43 48 49 
44 50 58 
45 47 50 56 93 
46 49 62 
47 56 
48 57 74 
49 54 71 
50 
51 56 
52 58 59 
53 
54 
55 56 57 
56 
57 80 88 
58 59 
59 
60 72 84 
61 68 70 
62 64 65 89 
63 70 76 
64 
65 82 
66 70 75 77 78 
67 79 96 
68 69 
69 70 72 77 79 
70 
71 
72 78 
73 
74 76 77 
75 
76 77 
77 
78 
79 
80 82 88 92 
81 88 89 91 
82 83 86 90 95 
83 
84 87 
85 
86 
87 99 
88 98 
89 
90 
91 96 
92 93 
93 
94 
95 
96 
97 99 
98 99 
99 
[0, 0, 0, 0, 0, 0, 0, 0, 0, 0, 0, 0, 0, 0, 0, 0, 0, 0, 0, 0, 1, 1, 1, 1, 1, 1, 1, 1, 1, 1, 1, 1, 1, 1, 1, 1, 1, 1, 1, 1, 2, 2, 2, 2, 2, 2, 2, 2, 2, 2, 2, 2, 2, 2, 2, 2, 2, 2, 2, 2, 3, 3, 3, 3, 3, 3, 3, 3, 3, 3, 3, 3, 3, 3, 3, 3, 3, 3, 3, 3, 4, 4, 4, 4, 4, 4, 4, 4, 4, 4, 4, 4, 4, 4, 4, 4, 4, 4, 4, 4]