0 108 389 440 
1 233 401 
2 16 169 465 566 
3 28 100 232 470 
4 128 147 196 272 468 
5 40 136 370 452 
6 113 162 
7 79 166 317 367 485 
8 132 221 
9 124 145 192 204 422 437 461 629 
10 393 467 544 
11 315 
12 484 554 
13 211 217 279 341 
14 99 100 257 273 461 739 997 
15 37 832 
16 73 
17 790 
18 236 262 414 446 470 
19 90 412 953 
20 180 202 290 302 467 
21 299 374 
22 38 384 493 494 
23 46 47 200 383 
24 320 458 493 
25 319 627 
26 199 306 429 
27 133 309 404 424 
28 400 673 837 
29 87 166 213 323 376 478 
30 75 121 143 152 
31 333 387 
32 105 218 446 726 
33 361 
34 290 467 
35 61 
36 
37 69 113 456 
38 344 
39 178 
40 206 392 973 
41 259 443 
42 54 225 
43 124 277 
44 144 
45 70 251 256 300 351 430 
46 334 
47 
48 233 320 
49 239 482 
50 191 345 940 
51 158 330 420 
52 142 182 271 293 840 
53 185 201 290 411 441 
54 106 111 804 
55 162 179 263 278 
56 326 
57 88 144 
58 111 130 183 406 438 
59 85 195 320 
60 444 
61 289 396 
62 116 223 
63 193 396 482 493 
64 193 293 331 
65 215 238 
66 
67 145 
68 412 
69 
70 221 
71 412 427 919 
72 499 515 
73 241 257 425 470 
74 262 278 353 381 
75 489 
76 272 923 
77 597 
78 134 172 249 
79 102 388 
80 181 
81 111 
82 346 
83 86 
84 190 368 401 441 487 
85 349 
86 136 344 825 988 
87 95 225 370 
88 128 170 210 377 511 
89 109 302 638 
90 
91 306 
92 308 513 
93 177 422 479 
94 120 169 172 353 413 450 
95 137 306 327 425 
96 128 350 
97 267 297 367 
98 110 185 473 
99 368 
100 134 
101 104 157 307 
102 271 
103 124 367 387 
104 209 312 407 738 
105 292 
106 161 258 333 482 
107 
108 291 309 
109 154 424 501 
110 440 694 976 
111 271 458 
112 327 
113 686 
114 160 960 
115 226 424 
116 119 247 389 
117 233 481 
118 
119 127 417 
120 131 448 
121 183 433 
122 
123 179 221 292 930 
124 
125 151 186 244 477 
126 213 266 386 489 720 
127 
128 162 851 
129 
130 243 286 446 
131 209 377 401 449 
132 191 263 453 478 
133 362 461 550 
134 374 376 
135 315 328 
136 
137 210 273 
138 303 
139 200 343 429 
140 475 
141 317 
142 417 432 
143 204 
144 152 339 892 
145 460 
146 366 962 
147 239 343 
148 226 378 383 450 
149 405 473 535 
150 215 224 
151 378 
152 182 
153 187 358 427 507 905 
154 169 306 419 
155 189 203 226 428 
156 211 468 
157 167 
158 395 
159 470 
160 330 436 439 495 933 
161 266 495 
162 499 546 
163 314 432 
164 349 895 
165 
166 404 471 
167 
168 297 334 461 909 
169 489 
170 363 393 780 
171 218 375 427 535 
172 
173 376 810 
174 
175 219 325 394 395 398 
176 319 321 
177 283 306 469 
178 236 345 897 
179 196 231 
180 422 495 499 
181 311 422 537 
182 218 240 
183 814 
184 301 
185 476 
186 387 407 469 
187 246 269 473 
188 367 
189 
190 
191 263 
192 252 338 
193 705 
194 210 213 401 
195 
196 339 
197 
198 338 
199 216 253 543 
200 406 
201 332 483 846 
202 219 
203 
204 418 428 961 
205 492 
206 
207 464 
208 
209 243 489 
210 255 381 615 
211 245 270 
212 345 367 369 387 431 
213 379 
214 307 
215 240 311 473 
216 
217 286 413 457 
218 237 245 599 
219 429 739 
220 353 
221 300 442 985 
222 260 338 377 441 
223 470 480 504 
224 280 305 669 
225 483 
226 287 661 
227 499 
228 255 437 
229 330 676 
230 285 443 626 833 
231 370 
232 250 276 306 
233 
234 292 
235 276 
236 472 
237 265 398 
238 491 
239 282 356 850 
240 433 
241 457 
242 343 
243 280 330 363 428 
244 
245 416 
246 364 
247 471 492 
248 
249 341 899 
250 309 424 
251 
252 297 498 
253 271 350 460 
254 832 955 
255 293 455 
256 
257 271 
258 261 278 368 
259 315 
260 403 498 
261 352 386 412 453 
262 
263 322 
264 421 
265 295 
266 271 707 919 
267 268 421 444 759 
268 
269 290 
270 441 
271 
272 
273 
274 
275 
276 369 379 
277 485 
278 342 
279 
280 
281 339 430 830 
282 292 311 458 
283 669 
284 
285 884 
286 877 
287 
288 
289 374 415 477 537 585 
290 
291 405 
292 305 306 
293 324 422 461 517 
294 371 
295 369 441 
296 
297 351 370 421 
298 429 454 499 
299 308 417 
300 773 
301 426 444 
302 330 332 
303 390 
304 445 
305 
306 644 
307 339 475 
308 
309 431 483 
310 
311 439 489 
312 394 
313 
314 
315 
316 
317 363 430 
318 385 431 473 
319 324 475 768 
320 324 414 960 
321 354 
322 
323 425 928 
324 403 470 833 
325 333 482 
326 337 430 
327 339 
328 
329 381 
330 367 448 
331 401 488 
332 919 
333 801 
334 492 
335 362 
336 
337 461 470 666 
338 397 
339 382 421 
340 
341 
342 
343 
344 444 
345 363 
346 929 
347 
348 462 
349 365 373 767 
350 
351 385 478 492 
352 359 
353 
354 
355 
356 
357 423 
358 
359 
360 
361 
362 808 
363 939 
364 478 
365 
366 
367 425 489 
368 
369 
370 
371 425 690 
372 758 
373 
374 
375 531 
376 
377 
378 
379 
380 408 461 808 
381 
382 
383 
384 
385 
386 
387 
388 
389 
390 637 
391 
392 457 
393 463 
394 
395 
396 
397 420 
398 450 
399 
400 499 
401 481 
402 688 
403 
404 
405 436 
406 
407 422 
408 
409 436 
410 
411 
412 928 
413 477 943 
414 
415 756 
416 
417 
418 473 
419 
420 
421 
422 
423 613 
424 
425 676 900 
426 
427 
428 
429 492 548 726 
430 498 
431 
432 443 
433 
434 489 
435 473 692 
436 943 
437 438 802 
438 469 
439 
440 
441 
442 879 
443 647 
444 670 
445 
446 
447 
448 
449 501 
450 
451 469 
452 
453 
454 
455 462 
456 
457 
458 879 
459 
460 
461 495 875 
462 
463 
464 478 
465 
466 
467 480 
468 655 
469 498 
470 485 
471 
472 
473 
474 
475 
476 
477 
478 489 
479 
480 
481 
482 486 504 
483 486 
484 
485 876 
486 644 
487 
488 
489 
490 643 
491 
492 
493 774 
494 
495 
496 
497 554 767 
498 645 954 
499 
500 836 913 
501 523 
502 682 795 917 
503 984 
504 652 
505 616 866 
506 608 
507 550 773 
508 
509 773 804 934 
510 957 
511 621 645 851 
512 525 556 601 660 747 893 
513 581 668 750 
514 830 
515 595 
516 799 905 952 
517 551 662 808 946 965 
518 
519 898 
520 882 
521 628 
522 
523 733 863 
524 571 
525 715 
526 529 651 975 
527 788 
528 596 599 664 755 
529 698 762 891 942 972 
530 855 958 
531 899 
532 617 891 
533 
534 670 
535 786 895 
536 687 973 
537 690 873 
538 624 630 970 
539 941 988 
540 556 584 967 
541 714 774 872 
542 
543 547 591 619 673 875 
544 902 918 
545 554 566 594 703 849 
546 591 725 764 813 925 
547 633 651 818 
548 882 
549 736 808 
550 598 923 
551 639 672 783 793 830 941 989 
552 795 954 967 
553 748 771 806 815 
554 598 914 988 
555 853 
556 727 790 
557 599 931 
558 626 711 804 
559 801 
560 800 803 849 
561 569 584 589 644 
562 718 746 926 
563 
564 573 609 644 
565 621 767 852 869 
566 644 
567 813 
568 922 
569 585 752 794 804 852 
570 784 960 
571 770 977 978 
572 623 833 835 
573 949 
574 749 
575 759 884 956 
576 
577 620 639 646 819 
578 656 947 982 
579 694 764 843 
580 613 860 
581 886 
582 
583 748 989 
584 640 689 
585 724 855 
586 599 675 
587 928 
588 684 926 953 
589 842 
590 608 613 620 622 
591 916 960 
592 900 
593 706 959 
594 751 
595 
596 
597 712 853 992 
598 
599 946 
600 694 837 
601 610 
602 925 
603 616 738 751 
604 845 946 
605 615 642 798 867 940 
606 940 946 
607 
608 772 814 932 953 998 
609 716 933 
610 635 656 667 700 805 969 996 
611 949 
612 615 708 974 
613 
614 729 786 
615 991 
616 720 971 
617 
618 810 
619 633 849 
620 690 726 870 
621 698 916 
622 650 
623 916 
624 962 
625 803 935 
626 682 
627 867 879 
628 
629 729 833 859 
630 749 776 
631 752 787 
632 640 705 
633 851 883 
634 658 662 794 819 838 912 967 
635 932 
636 870 
637 646 
638 824 
639 
640 732 
641 865 
642 748 
643 822 849 
644 668 704 707 713 
645 
646 939 
647 783 808 
648 674 718 829 941 995 
649 717 858 876 878 
650 
651 
652 
653 
654 
655 
656 861 
657 862 947 
658 724 759 
659 697 764 834 875 976 
660 
661 722 781 818 870 888 
662 
663 851 956 
664 889 
665 
666 797 891 
667 728 
668 679 749 983 
669 797 883 
670 822 878 986 
671 777 948 970 
672 717 
673 887 982 
674 734 742 994 
675 
676 744 978 
677 888 
678 
679 
680 709 
681 
682 924 963 
683 
684 717 743 
685 777 826 922 
686 748 783 836 977 
687 896 906 
688 708 755 813 899 
689 864 
690 808 837 
691 
692 761 
693 809 863 887 
694 
695 
696 887 
697 757 794 873 
698 714 856 
699 743 797 986 
700 859 
701 976 
702 768 
703 736 761 
704 991 
705 747 969 
706 975 
707 
708 841 878 
709 919 
710 
711 
712 918 
713 
714 772 
715 779 
716 858 
717 978 
718 831 917 927 
719 829 978 
720 741 901 
721 815 844 
722 900 
723 
724 774 890 948 
725 807 845 927 935 
726 
727 847 850 856 996 
728 875 904 
729 742 800 880 
730 762 841 
731 759 843 890 956 
732 750 852 860 
733 755 794 
734 899 
735 933 
736 750 862 
737 
738 807 
739 
740 888 957 
741 895 896 983 
742 
743 823 901 
744 779 938 
745 856 941 985 
746 842 897 
747 755 864 
748 786 857 918 
749 759 
750 786 914 
751 947 950 
752 
753 
754 
755 
756 777 
757 874 
758 
759 
760 
761 
762 906 915 
763 790 849 
764 765 790 974 
765 993 
766 772 893 
767 
768 
769 
770 823 846 963 
771 851 859 887 
772 
773 927 
774 
775 865 914 
776 860 875 
777 921 
778 815 
779 830 863 923 964 
780 863 946 
781 
782 
783 
784 836 
785 
786 803 969 
787 829 881 
788 954 
789 960 
790 808 937 978 
791 976 
792 
793 967 999 
794 860 
795 
796 971 
797 
798 
799 937 947 979 994 
800 867 
801 989 
802 974 
803 
804 903 
805 
806 919 
807 
808 827 
809 870 937 
810 
811 828 870 
812 858 
813 871 
814 
815 
816 866 
817 880 
818 
819 889 914 
820 946 984 
821 
822 879 
823 
824 901 947 
825 884 
826 852 
827 
828 
829 916 
830 878 
831 832 
832 
833 966 
834 
835 
836 858 938 
837 
838 
839 
840 897 
841 
842 
843 854 955 
844 904 
845 
846 
847 
848 890 969 
849 878 967 
850 
851 
852 951 
853 
854 
855 885 
856 
857 
858 
859 
860 918 
861 
862 
863 915 
864 
865 
866 
867 
868 926 933 
869 
870 
871 
872 882 934 973 
873 
874 892 981 
875 
876 951 
877 881 
878 
879 
880 967 
881 904 926 
882 
883 
884 990 
885 
886 
887 898 901 
888 
889 993 
890 
891 
892 
893 983 
894 
895 
896 898 
897 914 968 
898 
899 990 993 
900 
901 
902 
903 
904 
905 960 
906 
907 
908 929 
909 
910 967 
911 939 983 
912 984 
913 
914 918 
915 
916 
917 
918 
919 
920 
921 
922 
923 
924 
925 951 
926 
927 
928 
929 
930 931 936 
931 
932 
933 
934 
935 
936 
937 
938 
939 
940 946 
941 
942 
943 972 
944 
945 
946 
947 
948 
949 
950 
951 
952 
953 
954 
955 
956 
957 
958 996 
959 
960 980 
961 
962 
963 
964 
965 
966 
967 977 
968 
969 
970 
971 
972 
973 
974 
975 
976 
977 
978 
979 
980 
981 
982 
983 
984 
985 
986 
987 
988 
989 
990 
991 
992 
993 
994 
995 
996 
997 
998 
999 
[0, 0, 0, 0, 0, 0, 0, 0, 0, 0, 0, 0, 0, 0, 0, 0, 0, 0, 0, 0, 0, 0, 0, 0, 0, 0, 0, 0, 0, 0, 0, 0, 0, 0, 0, 0, 0, 0, 0, 0, 0, 0, 0, 0, 0, 0, 0, 0, 0, 0, 0, 0, 0, 0, 0, 0, 0, 0, 0, 0, 0, 0, 0, 0, 0, 0, 0, 0, 0, 0, 0, 0, 0, 0, 0, 0, 0, 0, 0, 0, 0, 0, 0, 0, 0, 0, 0, 0, 0, 0, 0, 0, 0, 0, 0, 0, 0, 0, 0, 0, 0, 0, 0, 0, 0, 0, 0, 0, 0, 0, 0, 0, 0, 0, 0, 0, 0, 0, 0, 0, 0, 0, 0, 0, 0, 0, 0, 0, 0, 0, 0, 0, 0, 0, 0, 0, 0, 0, 0, 0, 0, 0, 0, 0, 0, 0, 0, 0, 0, 0, 0, 0, 0, 0, 0, 0, 0, 0, 0, 0, 0, 0, 0, 0, 0, 0, 0, 0, 0, 0, 0, 0, 0, 0, 0, 0, 0, 0, 0, 0, 0, 0, 0, 0, 0, 0, 0, 0, 0, 0, 0, 0, 0, 0, 0, 0, 0, 0, 0, 0, 0, 0, 0, 0, 0, 0, 0, 0, 0, 0, 0, 0, 0, 0, 0, 0, 0, 0, 0, 0, 0, 0, 0, 0, 0, 0, 0, 0, 0, 0, 0, 0, 0, 0, 0, 0, 0, 0, 0, 0, 0, 0, 0, 0, 0, 0, 0, 0, 0, 0, 0, 0, 0, 0, 0, 0, 0, 0, 0, 0, 0, 0, 0, 0, 0, 0, 0, 0, 0, 0, 0, 0, 0, 0, 0, 0, 0, 0, 0, 0, 0, 0, 0, 0, 0, 0, 0, 0, 0, 0, 0, 0, 0, 0, 0, 0, 0, 0, 0, 0, 0, 0, 0, 0, 0, 0, 0, 0, 0, 0, 0, 0, 0, 0, 0, 0, 0, 0, 0, 0, 0, 0, 0, 0, 0, 0, 0, 0, 0, 0, 0, 0, 0, 0, 0, 0, 0, 0, 0, 0, 0, 0, 0, 0, 0, 0, 0, 0, 0, 0, 0, 0, 0, 0, 0, 0, 0, 0, 0, 0, 0, 0, 0, 0, 0, 0, 0, 0, 0, 0, 0, 0, 0, 0, 0, 0, 0, 0, 0, 0, 0, 0, 0, 0, 0, 0, 0, 0, 0, 0, 0, 0, 0, 0, 0, 0, 0, 0, 0, 0, 0, 0, 0, 0, 0, 0, 0, 0, 0, 0, 0, 0, 0, 0, 0, 0, 0, 0, 0, 0, 0, 0, 0, 0, 0, 0, 0, 0, 0, 0, 0, 0, 0, 0, 0, 0, 0, 0, 0, 0, 0, 0, 0, 0, 0, 0, 0, 0, 0, 0, 0, 0, 0, 0, 0, 0, 0, 0, 0, 0, 0, 0, 0, 0, 0, 0, 0, 0, 0, 0, 0, 0, 0, 0, 0, 0, 0, 0, 0, 0, 0, 0, 0, 0, 0, 0, 0, 0, 0, 0, 0, 0, 0, 0, 0, 0, 0, 0, 0, 0, 1, 1, 1, 1, 1, 1, 1, 1, 1, 1, 1, 1, 1, 1, 1, 1, 1, 1, 1, 1, 1, 1, 1, 1, 1, 1, 1, 1, 1, 1, 1, 1, 1, 1, 1, 1, 1, 1, 1, 1, 1, 1, 1, 1, 1, 1, 1, 1, 1, 1, 1, 1, 1, 1, 1, 1, 1, 1, 1, 1, 1, 1, 1, 1, 1, 1, 1, 1, 1, 1, 1, 1, 1, 1, 1, 1, 1, 1, 1, 1, 1, 1, 1, 1, 1, 1, 1, 1, 1, 1, 1, 1, 1, 1, 1, 1, 1, 1, 1, 1, 1, 1, 1, 1, 1, 1, 1, 1, 1, 1, 1, 1, 1, 1, 1, 1, 1, 1, 1, 1, 1, 1, 1, 1, 1, 1, 1, 1, 1, 1, 1, 1, 1, 1, 1, 1, 1, 1, 1, 1, 1, 1, 1, 1, 1, 1, 1, 1, 1, 1, 1, 1, 1, 1, 1, 1, 1, 1, 1, 1, 1, 1, 1, 1, 1, 1, 1, 1, 1, 1, 1, 1, 1, 1, 1, 1, 1, 1, 1, 1, 1, 1, 1, 1, 1, 1, 1, 1, 1, 1, 1, 1, 1, 1, 1, 1, 1, 1, 1, 1, 1, 1, 1, 1, 1, 1, 1, 1, 1, 1, 1, 1, 1, 1, 1, 1, 1, 1, 1, 1, 1, 1, 1, 1, 1, 1, 1, 1, 1, 1, 1, 1, 1, 1, 1, 1, 1, 1, 1, 1, 1, 1, 1, 1, 1, 1, 1, 1, 1, 1, 1, 1, 1, 1, 1, 1, 1, 1, 1, 1, 1, 1, 1, 1, 1, 1, 1, 1, 1, 1, 1, 1, 1, 1, 1, 1, 1, 1, 1, 1, 1, 1, 1, 1, 1, 1, 1, 1, 1, 1, 1, 1, 1, 1, 1, 1, 1, 1, 1, 1, 1, 1, 1, 1, 1, 1, 1, 1, 1, 1, 1, 1, 1, 1, 1, 1, 1, 1, 1, 1, 1, 1, 1, 1, 1, 1, 1, 1, 1, 1, 1, 1, 1, 1, 1, 1, 1, 1, 1, 1, 1, 1, 1, 1, 1, 1, 1, 1, 1, 1, 1, 1, 1, 1, 1, 1, 1, 1, 1, 1, 1, 1, 1, 1, 1, 1, 1, 1, 1, 1, 1, 1, 1, 1, 1, 1, 1, 1, 1, 1, 1, 1, 1, 1, 1, 1, 1, 1, 1, 1, 1, 1, 1, 1, 1, 1, 1, 1, 1, 1, 1, 1, 1, 1, 1, 1, 1, 1, 1, 1, 1, 1, 1, 1, 1, 1, 1, 1, 1, 1, 1, 1, 1, 1, 1, 1, 1, 1, 1, 1, 1, 1, 1, 1, 1, 1, 1, 1, 1, 1, 1, 1, 1, 1, 1, 1, 1, 1, 1, 1, 1, 1, 1, 1, 1, 1, 1, 1, 1, 1, 1, 1, 1, 1, 1, 1, 1, 1, 1, 1, 1, 1, 1, 1, 1, 1, 1, 1, 1, 1, 1, 1, 1, 1, 1, 1, 1, 1, 1, 1, 1, 1, 1, 1, 1, 1, 1, 1, 1, 1]