0 22 43 
1 45 
2 24 
3 
4 7 10 
5 7 15 
6 42 
7 28 48 
8 9 40 
9 23 31 98 
10 
11 
12 24 45 49 
13 15 29 
14 85 
15 20 34 
16 32 
17 30 
18 26 30 
19 35 45 
20 41 
21 
22 98 
23 37 
24 41 
25 55 
26 39 
27 39 
28 39 
29 32 
30 
31 
32 47 
33 41 
34 60 
35 
36 92 
37 43 
38 46 
39 40 48 
40 
41 
42 
43 
44 
45 50 
46 
47 
48 51 
49 
50 58 
51 70 89 
52 62 85 
53 
54 
55 59 79 
56 
57 84 88 
58 85 
59 69 
60 82 98 
61 84 
62 70 86 95 97 
63 73 
64 69 78 
65 81 
66 
67 
68 
69 
70 
71 
72 
73 79 92 
74 
75 94 
76 95 97 
77 83 94 
78 
79 97 
80 
81 99 
82 
83 
84 
85 94 
86 
87 
88 
89 
90 98 
91 98 
92 
93 
94 
95 
96 
97 
98 
99 
[0, 0, 0, 0, 0, 0, 0, 0, 0, 0, 0, 0, 0, 0, 0, 0, 0, 0, 0, 0, 0, 0, 0, 0, 0, 0, 0, 0, 0, 0, 0, 0, 0, 0, 0, 0, 0, 0, 0, 0, 0, 0, 0, 0, 0, 0, 0, 0, 0, 0, 1, 1, 1, 1, 1, 1, 1, 1, 1, 1, 1, 1, 1, 1, 1, 1, 1, 1, 1, 1, 1, 1, 1, 1, 1, 1, 1, 1, 1, 1, 1, 1, 1, 1, 1, 1, 1, 1, 1, 1, 1, 1, 1, 1, 1, 1, 1, 1, 1, 1]