0 18 
1 
2 
3 25 
4 
5 21 
6 13 18 66 
7 
8 27 
9 
10 21 
11 18 22 
12 75 
13 40 73 
14 
15 21 31 
16 
17 26 
18 
19 
20 23 
21 
22 
23 
24 47 
25 57 
26 
27 
28 
29 
30 
31 32 
32 
33 58 
34 57 
35 
36 44 49 97 
37 
38 57 
39 59 
40 
41 97 
42 55 
43 57 
44 
45 
46 61 
47 64 
48 
49 
50 59 
51 
52 
53 
54 92 
55 
56 
57 
58 
59 
60 
61 
62 
63 
64 
65 
66 83 
67 
68 83 
69 
70 
71 98 
72 87 
73 87 
74 
75 
76 
77 
78 
79 91 
80 97 
81 
82 
83 
84 88 
85 92 98 
86 91 
87 
88 
89 
90 
91 
92 
93 
94 
95 
96 
97 
98 
[0, 0, 0, 0, 0, 0, 0, 0, 0, 0, 0, 0, 0, 0, 0, 0, 0, 0, 0, 0, 0, 0, 0, 0, 0, 0, 0, 0, 0, 0, 0, 0, 0, 1, 1, 1, 1, 1, 1, 1, 1, 1, 1, 1, 1, 1, 1, 1, 1, 1, 1, 1, 1, 1, 1, 1, 1, 1, 1, 1, 1, 1, 1, 1, 1, 1, 2, 2, 2, 2, 2, 2, 2, 2, 2, 2, 2, 2, 2, 2, 2, 2, 2, 2, 2, 2, 2, 2, 2, 2, 2, 2, 2, 2, 2, 2, 2, 2, 2]