0 5 276 344 643 
1 13 
2 87 111 191 
3 
4 92 
5 
6 66 
7 70 146 298 
8 
9 25 
10 543 
11 167 249 284 
12 
13 
14 70 
15 232 726 
16 203 
17 
18 
19 128 151 
20 
21 154 241 
22 139 
23 308 
24 
25 220 
26 41 289 321 
27 
28 244 
29 110 
30 178 273 
31 
32 
33 
34 264 
35 176 
36 
37 
38 
39 
40 62 
41 76 
42 265 862 
43 203 
44 394 
45 
46 249 
47 317 
48 966 
49 165 180 306 
50 152 
51 
52 
53 
54 
55 
56 
57 
58 124 
59 
60 
61 
62 
63 
64 281 846 
65 394 
66 
67 
68 246 771 
69 292 
70 206 
71 864 
72 
73 
74 
75 
76 285 
77 321 
78 
79 110 
80 151 
81 
82 242 
83 
84 
85 202 230 
86 482 
87 198 
88 
89 
90 767 
91 
92 
93 
94 206 
95 
96 311 
97 
98 
99 315 
100 138 
101 184 
102 
103 312 
104 118 156 
105 205 
106 275 
107 191 
108 
109 
110 
111 203 
112 
113 
114 325 727 
115 143 
116 860 
117 226 
118 
119 
120 
121 
122 
123 153 
124 
125 
126 
127 
128 
129 
130 
131 145 149 
132 
133 
134 
135 267 
136 
137 692 
138 
139 
140 
141 142 281 522 
142 
143 208 307 
144 
145 
146 231 
147 
148 
149 323 
150 752 
151 295 
152 
153 
154 367 
155 
156 460 
157 
158 166 
159 
160 241 
161 164 
162 998 
163 
164 239 290 
165 
166 
167 
168 
169 314 
170 
171 246 
172 
173 197 
174 
175 202 214 
176 
177 
178 
179 
180 
181 
182 202 
183 
184 
185 
186 
187 
188 
189 
190 287 
191 198 883 
192 
193 
194 
195 
196 257 
197 
198 
199 
200 250 
201 259 498 
202 
203 320 
204 
205 298 940 
206 
207 211 
208 
209 255 
210 491 
211 
212 
213 
214 
215 
216 
217 
218 264 420 
219 
220 
221 
222 305 
223 
224 
225 
226 
227 
228 326 
229 
230 
231 597 
232 
233 
234 
235 
236 
237 324 
238 266 
239 
240 247 
241 
242 
243 507 
244 
245 
246 352 
247 
248 562 
249 
250 510 
251 
252 289 
253 
254 304 
255 
256 
257 
258 
259 
260 293 
261 
262 
263 823 
264 
265 
266 
267 
268 855 
269 
270 738 
271 
272 
273 330 
274 
275 
276 
277 
278 295 
279 
280 
281 
282 
283 
284 884 
285 
286 
287 
288 
289 
290 623 
291 307 
292 
293 
294 
295 612 
296 
297 673 
298 
299 739 
300 
301 
302 
303 605 
304 702 
305 
306 
307 650 
308 
309 
310 
311 
312 
313 
314 
315 
316 
317 
318 
319 
320 
321 
322 
323 537 
324 779 
325 
326 
327 
328 
329 
330 
331 
332 
333 
334 
335 
336 
337 
338 504 622 
339 
340 
341 501 532 586 
342 
343 
344 
345 
346 605 
347 393 
348 428 
349 653 
350 
351 482 651 
352 
353 
354 582 
355 805 
356 473 
357 
358 601 
359 
360 
361 
362 
363 547 
364 459 
365 
366 516 
367 
368 611 663 794 
369 
370 421 
371 430 
372 
373 597 
374 
375 411 
376 525 
377 
378 
379 617 
380 593 
381 494 619 
382 656 
383 
384 
385 662 
386 
387 
388 
389 
390 
391 967 
392 
393 
394 
395 
396 
397 
398 483 546 
399 
400 
401 648 
402 492 
403 485 540 887 
404 665 
405 
406 546 
407 637 
408 445 
409 524 
410 442 482 
411 417 
412 447 
413 
414 530 
415 423 
416 448 
417 479 
418 
419 
420 
421 672 
422 
423 
424 517 545 591 
425 
426 
427 467 521 
428 
429 
430 
431 
432 
433 
434 
435 
436 
437 
438 
439 
440 
441 
442 
443 
444 
445 
446 595 
447 
448 
449 
450 
451 565 584 
452 638 
453 
454 
455 644 
456 544 
457 529 
458 
459 866 
460 487 
461 486 
462 
463 
464 
465 641 
466 
467 
468 556 
469 
470 
471 
472 
473 
474 953 
475 
476 
477 597 
478 503 606 
479 
480 583 
481 
482 
483 
484 
485 
486 565 640 
487 
488 
489 620 675 
490 970 
491 641 700 
492 536 
493 
494 546 
495 
496 663 
497 580 
498 518 528 
499 
500 754 
501 
502 652 
503 
504 
505 
506 
507 
508 
509 
510 
511 
512 
513 
514 
515 
516 
517 
518 600 
519 630 
520 648 
521 622 
522 
523 
524 
525 638 
526 
527 574 861 
528 
529 
530 
531 
532 
533 
534 590 
535 
536 
537 
538 
539 547 
540 
541 
542 
543 
544 
545 
546 
547 
548 
549 
550 733 
551 
552 873 
553 
554 
555 
556 563 
557 
558 
559 
560 603 
561 
562 
563 619 
564 
565 
566 
567 
568 627 
569 
570 
571 814 
572 
573 
574 650 
575 
576 
577 
578 
579 
580 
581 
582 
583 
584 
585 590 
586 636 926 
587 
588 
589 
590 
591 
592 
593 
594 669 
595 
596 
597 
598 622 
599 
600 
601 
602 
603 952 
604 
605 
606 
607 
608 
609 
610 
611 
612 
613 662 
614 
615 
616 
617 657 
618 
619 
620 
621 
622 
623 
624 
625 
626 
627 818 
628 
629 
630 
631 
632 
633 
634 
635 
636 
637 
638 
639 
640 
641 740 
642 733 
643 648 
644 
645 
646 
647 
648 
649 
650 
651 
652 
653 
654 
655 
656 
657 
658 
659 
660 881 
661 
662 
663 
664 
665 
666 
667 
668 748 
669 860 
670 
671 
672 958 
673 893 
674 727 
675 
676 
677 
678 
679 752 
680 795 
681 
682 885 
683 
684 
685 
686 758 
687 929 
688 
689 
690 
691 772 884 885 
692 
693 882 
694 
695 854 
696 749 952 
697 
698 722 
699 
700 756 
701 
702 728 
703 979 
704 852 
705 
706 
707 
708 
709 874 
710 
711 797 
712 
713 
714 
715 781 932 996 
716 
717 
718 
719 
720 758 
721 
722 808 932 
723 878 
724 746 806 
725 
726 
727 
728 
729 977 
730 
731 
732 
733 
734 771 
735 
736 906 
737 
738 
739 972 
740 
741 
742 
743 
744 930 
745 
746 
747 858 992 
748 
749 
750 
751 825 
752 
753 
754 
755 
756 954 
757 
758 
759 949 
760 
761 881 899 
762 
763 
764 859 
765 840 967 
766 
767 
768 
769 
770 
771 
772 899 
773 
774 
775 
776 
777 
778 
779 
780 
781 
782 830 857 974 
783 
784 
785 
786 
787 
788 
789 
790 
791 
792 
793 
794 976 
795 892 
796 834 835 
797 
798 
799 
800 
801 824 
802 
803 
804 
805 817 
806 
807 
808 
809 
810 
811 
812 
813 
814 
815 923 
816 
817 
818 890 
819 
820 
821 826 
822 
823 
824 
825 916 
826 
827 934 
828 878 
829 
830 864 866 
831 865 
832 
833 
834 989 
835 
836 
837 
838 
839 866 
840 
841 993 
842 
843 
844 
845 
846 892 
847 
848 926 
849 
850 
851 
852 
853 
854 964 
855 
856 981 986 
857 
858 877 
859 
860 
861 
862 
863 
864 
865 
866 901 933 
867 
868 
869 
870 922 
871 
872 
873 
874 897 
875 889 
876 
877 
878 
879 
880 914 
881 
882 
883 
884 955 
885 
886 924 
887 945 
888 922 
889 945 
890 
891 
892 
893 
894 
895 
896 937 
897 
898 
899 
900 903 
901 
902 927 
903 
904 
905 
906 
907 
908 
909 
910 924 938 
911 
912 983 
913 
914 
915 
916 979 
917 
918 
919 
920 
921 
922 
923 
924 
925 
926 
927 998 
928 
929 
930 
931 
932 
933 
934 997 
935 
936 
937 
938 
939 
940 
941 977 
942 
943 
944 978 
945 
946 
947 953 
948 
949 
950 
951 
952 
953 
954 
955 
956 962 
957 
958 
959 
960 
961 
962 
963 973 
964 
965 
966 
967 
968 
969 
970 
971 
972 
973 
974 
975 
976 
977 
978 
979 
980 
981 
982 
983 
984 
985 
986 
987 
988 
989 
990 
991 998 
992 
993 
994 
995 
996 
997 
998 
999 
[0, 0, 0, 0, 0, 0, 0, 0, 0, 0, 0, 0, 0, 0, 0, 0, 0, 0, 0, 0, 0, 0, 0, 0, 0, 0, 0, 0, 0, 0, 0, 0, 0, 0, 0, 0, 0, 0, 0, 0, 0, 0, 0, 0, 0, 0, 0, 0, 0, 0, 0, 0, 0, 0, 0, 0, 0, 0, 0, 0, 0, 0, 0, 0, 0, 0, 0, 0, 0, 0, 0, 0, 0, 0, 0, 0, 0, 0, 0, 0, 0, 0, 0, 0, 0, 0, 0, 0, 0, 0, 0, 0, 0, 0, 0, 0, 0, 0, 0, 0, 0, 0, 0, 0, 0, 0, 0, 0, 0, 0, 0, 0, 0, 0, 0, 0, 0, 0, 0, 0, 0, 0, 0, 0, 0, 0, 0, 0, 0, 0, 0, 0, 0, 0, 0, 0, 0, 0, 0, 0, 0, 0, 0, 0, 0, 0, 0, 0, 0, 0, 0, 0, 0, 0, 0, 0, 0, 0, 0, 0, 0, 0, 0, 0, 0, 0, 0, 0, 0, 0, 0, 0, 0, 0, 0, 0, 0, 0, 0, 0, 0, 0, 0, 0, 0, 0, 0, 0, 0, 0, 0, 0, 0, 0, 0, 0, 0, 0, 0, 0, 0, 0, 0, 0, 0, 0, 0, 0, 0, 0, 0, 0, 0, 0, 0, 0, 0, 0, 0, 0, 0, 0, 0, 0, 0, 0, 0, 0, 0, 0, 0, 0, 0, 0, 0, 0, 0, 0, 0, 0, 0, 0, 0, 0, 0, 0, 0, 0, 0, 0, 0, 0, 0, 0, 0, 0, 0, 0, 0, 0, 0, 0, 0, 0, 0, 0, 0, 0, 0, 0, 0, 0, 0, 0, 0, 0, 0, 0, 0, 0, 0, 0, 0, 0, 0, 0, 0, 0, 0, 0, 0, 0, 0, 0, 0, 0, 0, 0, 0, 0, 0, 0, 0, 0, 0, 0, 0, 0, 0, 0, 0, 0, 0, 0, 0, 0, 0, 0, 0, 0, 0, 0, 0, 0, 0, 0, 0, 0, 0, 0, 0, 0, 0, 1, 1, 1, 1, 1, 1, 1, 1, 1, 1, 1, 1, 1, 1, 1, 1, 1, 1, 1, 1, 1, 1, 1, 1, 1, 1, 1, 1, 1, 1, 1, 1, 1, 1, 1, 1, 1, 1, 1, 1, 1, 1, 1, 1, 1, 1, 1, 1, 1, 1, 1, 1, 1, 1, 1, 1, 1, 1, 1, 1, 1, 1, 1, 1, 1, 1, 1, 1, 1, 1, 1, 1, 1, 1, 1, 1, 1, 1, 1, 1, 1, 1, 1, 1, 1, 1, 1, 1, 1, 1, 1, 1, 1, 1, 1, 1, 1, 1, 1, 1, 1, 1, 1, 1, 1, 1, 1, 1, 1, 1, 1, 1, 1, 1, 1, 1, 1, 1, 1, 1, 1, 1, 1, 1, 1, 1, 1, 1, 1, 1, 1, 1, 1, 1, 1, 1, 1, 1, 1, 1, 1, 1, 1, 1, 1, 1, 1, 1, 1, 1, 1, 1, 1, 1, 1, 1, 1, 1, 1, 1, 1, 1, 1, 1, 1, 1, 1, 1, 1, 1, 1, 1, 1, 1, 1, 1, 1, 1, 1, 1, 1, 1, 1, 1, 1, 1, 1, 1, 1, 1, 1, 1, 1, 1, 1, 1, 1, 1, 1, 1, 1, 1, 1, 1, 1, 1, 1, 1, 1, 1, 1, 1, 1, 1, 1, 1, 1, 1, 1, 1, 1, 1, 1, 1, 1, 1, 1, 1, 1, 1, 1, 1, 1, 1, 1, 1, 1, 1, 1, 1, 1, 1, 1, 1, 1, 1, 1, 1, 1, 1, 1, 1, 1, 1, 1, 1, 1, 1, 1, 1, 1, 1, 1, 1, 1, 1, 1, 1, 1, 1, 1, 1, 1, 1, 1, 1, 1, 1, 1, 1, 1, 1, 1, 1, 1, 1, 1, 1, 1, 1, 1, 1, 1, 1, 1, 1, 1, 1, 1, 1, 1, 1, 1, 1, 1, 1, 1, 1, 1, 1, 1, 1, 1, 1, 1, 1, 1, 1, 1, 1, 1, 1, 1, 1, 1, 1, 1, 1, 1, 1, 1, 1, 1, 2, 2, 2, 2, 2, 2, 2, 2, 2, 2, 2, 2, 2, 2, 2, 2, 2, 2, 2, 2, 2, 2, 2, 2, 2, 2, 2, 2, 2, 2, 2, 2, 2, 2, 2, 2, 2, 2, 2, 2, 2, 2, 2, 2, 2, 2, 2, 2, 2, 2, 2, 2, 2, 2, 2, 2, 2, 2, 2, 2, 2, 2, 2, 2, 2, 2, 2, 2, 2, 2, 2, 2, 2, 2, 2, 2, 2, 2, 2, 2, 2, 2, 2, 2, 2, 2, 2, 2, 2, 2, 2, 2, 2, 2, 2, 2, 2, 2, 2, 2, 2, 2, 2, 2, 2, 2, 2, 2, 2, 2, 2, 2, 2, 2, 2, 2, 2, 2, 2, 2, 2, 2, 2, 2, 2, 2, 2, 2, 2, 2, 2, 2, 2, 2, 2, 2, 2, 2, 2, 2, 2, 2, 2, 2, 2, 2, 2, 2, 2, 2, 2, 2, 2, 2, 2, 2, 2, 2, 2, 2, 2, 2, 2, 2, 2, 2, 2, 2, 2, 2, 2, 2, 2, 2, 2, 2, 2, 2, 2, 2, 2, 2, 2, 2, 2, 2, 2, 2, 2, 2, 2, 2, 2, 2, 2, 2, 2, 2, 2, 2, 2, 2, 2, 2, 2, 2, 2, 2, 2, 2, 2, 2, 2, 2, 2, 2, 2, 2, 2, 2, 2, 2, 2, 2, 2, 2, 2, 2, 2, 2, 2, 2, 2, 2, 2, 2, 2, 2, 2, 2, 2, 2, 2, 2, 2, 2, 2, 2, 2, 2, 2, 2, 2, 2, 2, 2, 2, 2, 2, 2, 2, 2, 2, 2, 2, 2, 2, 2, 2, 2, 2, 2, 2, 2, 2, 2, 2, 2, 2, 2, 2, 2, 2, 2, 2, 2, 2, 2, 2, 2, 2, 2, 2, 2, 2, 2, 2, 2, 2, 2, 2, 2, 2, 2, 2, 2, 2, 2, 2, 2, 2, 2, 2, 2, 2, 2, 2, 2, 2, 2, 2, 2, 2, 2, 2, 2, 2, 2, 2, 2, 2, 2, 2, 0]