0 2 11 66 80 118 205 207 266 278 358 429 437 470 608 
1 6 62 83 202 272 356 357 374 429 459 482 486 492 
2 68 83 122 129 180 185 207 323 326 350 482 
3 25 103 250 260 535 
4 33 75 116 292 451 
5 8 23 42 60 65 223 248 260 344 405 470 583 
6 46 79 115 117 164 165 250 254 394 
7 69 70 135 228 271 297 305 319 405 791 880 960 
8 108 394 412 414 425 428 474 858 898 
9 12 48 194 319 367 420 486 
10 14 114 178 233 234 240 302 379 408 474 475 
11 56 92 192 223 319 324 395 454 878 940 989 
12 84 130 164 235 240 291 328 363 370 833 
13 62 91 99 219 227 233 237 285 346 358 376 430 554 
14 106 235 284 288 416 
15 55 159 189 270 288 361 
16 76 117 172 185 188 206 365 370 399 415 459 847 985 
17 33 41 66 93 125 132 134 144 258 355 371 428 472 476 482 666 789 
18 27 123 159 176 261 263 265 269 317 383 492 
19 30 87 181 223 262 401 407 581 661 
20 31 51 142 187 224 230 388 436 453 461 595 672 
21 88 110 169 330 343 354 403 423 427 428 452 468 496 
22 34 125 130 176 292 304 321 359 371 467 478 768 
23 37 80 85 109 198 269 379 542 577 
24 62 123 212 287 398 489 
25 28 53 85 93 143 185 196 296 306 309 410 594 919 
26 125 137 205 297 309 324 343 
27 46 90 95 126 132 172 258 273 389 403 408 439 448 
28 94 110 170 180 186 207 249 280 291 386 387 438 452 
29 64 73 103 104 161 220 310 325 364 399 429 
30 47 73 140 281 296 356 466 588 593 646 844 
31 56 126 197 498 
32 141 167 191 342 401 916 
33 95 119 229 268 669 
34 134 162 204 205 228 289 315 352 395 431 453 457 876 922 
35 100 128 139 170 290 326 366 438 450 452 
36 39 98 121 168 215 259 284 297 384 395 431 754 845 
37 54 74 103 118 126 139 179 186 310 366 372 455 
38 66 207 276 282 339 471 475 537 
39 47 57 154 217 286 290 300 303 317 318 337 389 397 419 629 
40 65 95 148 549 972 
41 75 133 151 153 182 190 233 269 292 309 377 405 450 742 
42 67 131 182 203 242 361 393 394 449 475 487 496 677 
43 150 212 217 219 237 275 304 314 365 370 438 463 498 617 666 
44 70 111 113 178 227 233 260 362 495 
45 53 94 110 181 215 239 272 286 297 366 404 425 451 462 495 
46 57 87 143 160 224 337 383 436 536 597 854 
47 80 297 327 383 447 711 
48 133 202 301 319 331 332 405 
49 99 175 260 273 306 365 387 424 556 
50 56 80 98 136 145 281 289 353 367 372 460 859 
51 88 303 387 555 708 826 879 
52 96 142 246 287 296 361 364 420 453 512 584 730 894 
53 86 142 145 172 175 226 287 307 393 394 497 
54 57 93 108 134 308 368 399 437 484 745 891 
55 75 78 127 151 226 325 380 384 403 418 424 458 491 508 
56 69 114 125 178 196 209 316 329 353 355 376 456 921 
57 119 370 444 462 493 805 
58 125 238 278 388 393 405 497 498 571 669 831 
59 116 222 620 
60 95 148 233 306 385 415 499 566 837 
61 83 169 294 327 328 366 398 485 718 815 
62 136 158 186 196 199 292 439 481 590 857 
63 79 128 160 164 211 212 311 315 456 875 
64 69 72 99 132 151 209 267 290 329 333 341 356 428 
65 79 213 244 309 338 341 397 435 444 450 463 685 837 
66 74 88 132 227 232 258 267 356 390 461 990 
67 141 170 195 315 328 409 425 444 484 495 
68 79 145 166 203 225 330 
69 95 196 232 233 307 347 379 403 405 428 473 476 482 
70 138 141 177 180 250 268 294 302 455 591 
71 78 87 165 280 315 372 405 423 460 499 809 884 
72 99 135 149 169 254 388 405 443 446 476 660 829 937 
73 130 159 191 309 312 322 392 
74 164 327 358 361 366 476 722 772 878 
75 138 276 283 291 295 345 868 
76 80 86 127 228 321 388 389 447 449 533 724 982 
77 196 247 251 324 325 
78 98 169 191 217 229 263 303 339 345 393 454 462 498 795 
79 203 212 232 238 245 318 394 408 991 
80 176 187 261 305 307 378 444 495 561 723 791 
81 164 249 257 294 298 310 468 480 487 
82 126 188 297 307 341 343 407 
83 101 111 142 144 157 169 173 256 261 397 441 551 996 
84 131 217 340 376 406 426 484 
85 132 133 137 180 402 407 
86 108 230 289 305 316 431 442 463 493 591 
87 150 298 309 496 498 756 
88 232 293 315 333 391 422 464 468 478 479 489 796 818 
89 181 273 278 320 383 441 498 831 904 
90 110 121 125 189 224 325 350 912 
91 157 170 257 321 328 406 411 432 570 922 
92 118 162 186 211 213 377 391 441 466 821 
93 110 115 159 221 234 271 287 311 320 336 419 476 482 493 494 566 803 998 
94 95 108 162 242 255 262 269 278 432 440 526 602 947 
95 115 119 143 212 237 269 353 381 416 479 844 
96 106 128 141 147 170 197 232 250 253 400 404 431 447 
97 186 233 261 269 362 371 456 485 505 
98 108 165 195 233 281 375 379 385 421 459 704 
99 144 205 365 781 
100 118 200 360 392 496 583 907 
101 225 281 311 328 349 406 495 978 
102 107 138 145 163 173 308 311 312 362 370 408 450 454 570 760 
103 320 326 
104 131 138 177 208 258 289 298 342 406 454 489 721 741 916 
105 348 371 401 414 462 490 494 937 
106 169 206 317 350 444 624 
107 184 188 307 335 389 400 456 802 
108 390 391 453 605 690 858 901 
109 166 221 230 245 256 260 458 840 
110 196 224 262 309 640 
111 144 160 195 304 315 381 397 428 787 838 
112 133 222 225 241 341 355 366 415 417 490 636 
113 120 399 442 451 
114 204 243 278 329 388 396 414 418 435 444 451 494 499 740 994 
115 161 281 316 369 384 398 407 450 473 
116 159 212 255 321 366 384 390 410 498 580 
117 175 240 270 291 395 410 423 444 464 573 
118 141 163 188 200 223 250 288 308 511 740 867 
119 140 175 207 253 710 
120 195 255 369 435 682 725 
121 137 139 188 208 274 296 297 308 332 343 361 384 396 
122 155 226 371 404 465 
123 143 148 232 271 288 289 304 310 726 
124 242 261 352 380 405 442 819 824 
125 265 273 320 329 336 347 387 835 
126 132 155 163 167 235 299 311 370 408 417 463 617 
127 215 329 359 362 374 398 456 
128 163 188 212 265 268 330 365 432 494 497 499 681 
129 156 276 430 466 471 499 706 
130 155 196 276 386 391 437 439 469 475 
131 142 164 192 246 473 
132 267 314 351 374 472 985 
133 146 234 273 400 492 670 906 967 
134 224 233 347 368 374 385 411 566 772 
135 230 231 269 333 396 435 443 450 739 846 
136 200 250 358 491 
137 305 348 474 
138 157 239 449 471 
139 170 251 337 356 449 480 
140 158 175 179 250 274 303 316 322 384 396 404 444 
141 166 180 213 260 266 317 
142 174 271 317 404 449 470 712 895 
143 203 323 386 409 469 478 483 862 
144 260 281 293 304 325 345 382 432 
145 189 253 266 331 360 387 398 429 455 663 
146 173 249 318 492 
147 187 200 321 432 454 759 
148 149 197 221 223 297 355 385 493 495 
149 202 225 294 310 312 322 464 
150 184 263 282 407 439 442 490 
151 181 215 227 323 370 382 383 
152 163 216 231 254 351 352 404 450 593 905 
153 170 229 230 232 321 404 895 948 949 
154 180 196 217 282 371 404 405 455 
155 181 189 210 345 412 454 662 
156 236 293 350 355 371 397 416 449 592 
157 176 178 198 233 235 253 269 285 290 306 311 343 349 436 456 466 
158 241 390 419 924 942 
159 162 167 234 247 332 379 381 402 447 452 
160 174 184 302 365 385 477 
161 185 243 253 301 311 345 361 390 405 
162 166 277 320 348 890 
163 165 177 179 190 204 347 352 387 408 443 735 804 
164 384 405 420 
165 212 331 354 393 411 412 418 
166 193 197 215 220 341 354 363 395 
167 170 203 212 
168 206 212 227 263 270 391 421 473 846 866 
169 175 181 377 405 419 
170 191 264 312 331 888 
171 185 236 242 312 321 325 327 357 422 454 
172 223 229 304 390 394 873 
173 244 249 254 280 289 397 437 
174 290 295 368 
175 245 246 247 343 388 392 467 483 
176 186 195 298 314 324 400 512 874 903 
177 185 306 309 337 407 832 858 971 
178 199 227 281 331 335 369 496 
179 181 463 476 629 
180 184 187 210 221 293 326 358 359 418 443 491 528 895 
181 240 280 317 320 329 428 
182 242 260 354 359 423 750 926 
183 198 228 288 325 526 585 
184 203 287 345 348 362 394 405 
185 213 289 385 751 809 
186 203 259 347 353 354 403 629 
187 195 201 203 218 226 311 359 423 436 470 645 
188 291 358 379 393 462 865 
189 240 355 
190 363 377 385 426 440 460 830 
191 203 242 325 381 385 403 456 716 
192 193 258 326 424 471 591 606 
193 237 264 286 293 336 520 
194 317 341 361 435 465 574 926 
195 235 277 379 
196 284 297 336 429 482 
197 426 461 
198 269 696 898 925 
199 346 432 497 499 
200 207 310 366 396 483 635 
201 735 972 
202 275 297 303 484 990 
203 264 436 704 
204 260 270 326 
205 217 285 291 460 
206 212 242 276 297 305 358 394 412 454 467 523 
207 278 294 366 396 414 792 
208 304 307 353 408 452 780 940 
209 237 272 284 472 923 
210 211 372 398 443 
211 243 275 288 317 437 439 487 498 941 
212 309 320 344 371 399 450 937 
213 270 294 361 401 408 426 434 455 596 944 
214 242 293 339 357 
215 228 232 233 241 403 418 499 890 
216 260 328 364 414 438 
217 226 298 306 476 
218 289 294 304 411 477 483 945 
219 242 257 276 317 330 343 498 748 
220 229 257 296 298 370 379 436 464 470 
221 422 
222 347 365 436 617 781 863 
223 240 257 271 318 375 394 419 430 492 499 
224 270 272 336 363 463 
225 258 263 289 309 310 327 431 838 
226 385 418 422 445 487 741 832 
227 236 359 424 464 781 
228 250 277 310 332 358 376 436 448 597 
229 299 356 396 400 904 983 
230 263 281 368 373 416 458 479 
231 258 266 342 349 369 454 746 
232 393 397 483 597 
233 279 356 397 437 463 472 
234 240 386 423 431 466 903 
235 243 308 311 361 382 418 536 
236 248 297 338 344 392 897 931 
237 246 329 347 496 507 832 
238 276 354 385 419 499 797 
239 340 402 467 
240 262 307 310 324 345 435 445 477 553 788 840 
241 289 292 358 383 406 475 
242 281 316 319 432 444 466 
243 265 308 321 374 446 469 497 
244 276 282 320 338 344 375 600 
245 320 356 378 452 
246 325 335 378 404 
247 282 287 294 306 341 354 403 407 458 640 
248 277 326 344 399 470 487 495 652 755 
249 288 316 326 424 501 562 
250 260 332 357 426 434 472 494 522 830 912 
251 281 313 353 456 469 752 849 
252 269 283 314 392 691 
253 294 339 341 370 433 453 569 640 
254 280 288 360 428 490 509 572 
255 293 313 351 362 370 
256 300 318 333 404 406 466 
257 369 448 
258 259 389 837 
259 284 285 301 369 
260 338 345 405 455 
261 265 280 419 446 574 958 
262 279 421 467 
263 296 428 
264 294 332 437 475 560 579 672 
265 341 360 435 449 523 910 
266 308 319 355 
267 297 326 366 416 436 450 547 765 
268 408 427 444 665 853 
269 382 416 451 494 572 933 
270 372 410 416 430 508 518 567 
271 279 328 335 407 469 932 
272 284 307 353 379 381 409 465 470 481 482 492 769 857 
273 325 344 385 486 509 717 
274 311 340 341 388 389 390 485 564 629 651 
275 328 341 366 406 422 432 446 456 561 891 
276 286 322 341 381 392 457 471 733 
277 315 324 347 400 411 415 416 486 
278 280 404 424 490 
279 286 384 388 397 689 
280 328 347 496 705 
281 288 355 400 452 467 
282 380 421 
283 313 331 352 429 436 483 489 658 875 
284 290 344 386 390 418 476 487 
285 288 292 324 343 351 410 531 
286 322 366 387 401 474 492 
287 316 320 
288 330 339 340 357 391 429 441 478 483 
289 292 298 309 348 370 380 425 
290 309 687 
291 341 373 434 496 
292 298 322 383 389 391 399 435 473 612 661 
293 313 340 431 680 745 886 
294 323 747 830 989 
295 297 482 494 917 
296 391 430 750 
297 329 475 
298 423 493 
299 322 336 360 375 402 424 452 454 455 488 
300 339 352 484 728 785 
301 321 374 393 394 429 
302 314 467 642 648 
303 319 329 428 446 810 
304 352 371 374 388 394 416 423 645 
305 307 308 385 446 630 944 
306 356 433 447 779 871 
307 423 429 482 865 957 990 
308 318 324 349 410 728 
309 448 476 807 
310 326 443 
311 351 353 365 407 446 900 
312 359 428 451 690 731 
313 392 550 637 746 
314 457 474 565 579 
315 497 681 744 
316 497 675 829 
317 338 343 413 443 788 805 
318 405 455 485 
319 335 
320 363 373 453 493 
321 338 345 384 437 450 477 483 613 732 785 
322 340 346 384 482 486 
323 423 433 952 
324 340 370 417 433 458 612 
325 366 384 471 490 
326 388 443 449 
327 404 430 496 
328 367 439 
329 345 669 736 
330 690 
331 416 544 
332 349 367 370 382 437 482 780 916 
333 367 398 473 487 493 499 687 830 
334 439 445 446 451 456 486 
335 348 361 386 441 
336 379 767 
337 348 449 949 
338 385 409 417 492 496 499 542 590 855 
339 341 435 449 
340 388 423 450 789 
341 358 393 470 489 491 496 
342 359 786 
343 358 462 485 
344 383 459 494 595 763 
345 347 413 462 494 755 
346 378 396 415 428 
347 358 374 390 470 
348 442 661 976 
349 434 445 
350 400 424 437 968 
351 395 
352 357 362 493 
353 387 451 664 808 
354 372 472 900 
355 398 447 
356 410 441 484 491 
357 465 542 
358 408 435 457 589 788 
359 392 447 461 470 474 
360 852 
361 370 480 856 
362 393 436 479 570 810 
363 462 472 492 
364 375 426 445 
365 368 393 406 418 468 
366 428 430 498 
367 471 982 
368 374 387 405 409 673 
369 440 446 463 705 
370 579 
371 392 475 501 
372 391 456 471 712 757 
373 426 446 
374 454 467 502 
375 402 619 802 
376 387 
377 380 416 420 448 759 
378 407 813 956 
379 415 609 
380 491 551 
381 429 440 474 
382 414 519 
383 459 
384 443 455 720 965 
385 397 423 424 447 448 
386 409 447 608 737 760 
387 452 454 465 911 
388 398 419 437 646 
389 399 422 
390 433 456 
391 409 433 460 710 
392 399 412 450 581 918 
393 410 443 460 471 476 493 902 
394 431 451 740 
395 496 780 
396 
397 409 
398 430 451 458 
399 403 411 414 439 
400 460 955 
401 467 728 983 
402 433 483 486 
403 430 513 672 
404 423 434 435 452 
405 407 440 446 714 
406 
407 437 441 490 
408 486 493 
409 413 426 445 482 493 
410 442 487 920 
411 440 458 474 640 846 
412 495 659 
413 464 480 619 
414 465 534 
415 462 931 
416 423 429 558 913 
417 
418 579 
419 456 459 538 
420 
421 457 
422 439 462 477 481 
423 468 485 618 
424 439 600 793 986 
425 
426 454 486 491 497 
427 443 468 720 
428 466 
429 468 479 493 498 
430 432 437 456 577 796 
431 477 495 711 
432 483 994 
433 499 782 
434 718 992 
435 994 
436 480 743 
437 443 
438 444 461 634 
439 496 633 
440 451 728 
441 469 483 487 986 
442 451 464 
443 876 
444 462 
445 454 
446 478 965 
447 463 718 846 
448 458 496 824 947 
449 472 
450 737 
451 926 
452 476 
453 478 756 
454 463 474 482 605 692 808 
455 515 676 785 
456 987 
457 835 
458 469 490 492 647 894 
459 842 
460 463 483 
461 462 485 
462 497 
463 600 715 
464 995 
465 477 978 
466 808 968 
467 476 
468 681 757 929 
469 
470 
471 800 997 
472 483 493 559 
473 490 
474 752 
475 506 667 977 
476 573 703 
477 593 
478 884 
479 483 487 608 
480 486 883 
481 490 
482 534 881 982 
483 566 967 
484 876 909 
485 808 
486 
487 
488 
489 701 954 
490 762 961 
491 842 
492 742 
493 
494 624 
495 831 
496 
497 769 885 941 
498 
499 
500 525 536 543 545 550 591 631 638 702 706 776 845 899 901 999 
501 582 583 586 620 664 785 793 808 838 898 935 950 
502 579 649 779 781 858 963 983 
503 525 618 626 640 653 900 930 983 
504 597 615 656 658 664 723 726 747 766 769 838 886 897 
505 521 559 573 614 638 766 809 828 860 882 933 984 
506 568 572 585 679 704 714 729 785 804 808 810 863 903 920 958 979 
507 550 619 625 701 814 817 828 862 896 931 973 991 
508 555 561 636 720 726 742 779 813 826 835 838 854 870 915 957 968 981 982 
509 545 589 619 692 710 724 765 778 782 886 889 896 923 943 960 971 
510 520 585 611 657 751 769 782 796 905 965 994 
511 526 555 573 673 768 863 945 967 
512 550 619 690 712 840 885 944 965 981 982 
513 594 625 709 730 734 774 793 821 918 919 937 988 
514 540 600 611 627 680 722 771 783 836 865 981 
515 537 574 616 648 705 746 760 907 979 
516 529 537 542 596 622 649 701 704 730 775 778 875 956 
517 591 832 833 972 
518 656 744 755 838 848 896 972 
519 536 582 665 782 823 900 905 911 917 958 
520 567 635 804 854 928 
521 736 793 836 842 911 946 
522 644 713 784 786 805 812 841 967 977 
523 555 641 661 714 753 766 774 838 840 900 909 927 930 
524 624 626 649 735 759 832 905 920 994 
525 542 632 724 747 769 778 845 
526 562 624 649 745 777 788 834 871 872 942 
527 642 689 721 753 761 890 936 
528 583 676 687 723 839 956 
529 535 649 685 761 861 893 952 982 
530 542 594 634 645 652 775 781 806 835 858 935 
531 566 572 621 646 652 688 695 745 824 827 829 833 834 863 941 953 961 986 
532 549 571 624 635 664 668 704 742 762 786 872 923 955 997 999 
533 603 650 659 729 763 766 823 871 909 924 
534 544 579 642 663 732 742 775 815 823 873 935 975 
535 631 668 681 763 780 820 831 834 848 873 958 989 
536 619 657 724 813 884 900 988 
537 586 594 662 748 770 830 831 944 971 981 983 
538 626 632 699 731 738 776 812 971 
539 595 611 674 675 691 740 759 780 817 820 857 869 881 
540 595 672 732 771 784 945 
541 720 773 826 833 864 869 892 927 935 
542 560 597 617 772 799 818 839 924 
543 563 584 617 659 673 689 693 697 728 730 750 763 796 807 847 984 993 
544 573 584 714 748 813 828 857 958 
545 573 588 619 620 622 689 743 834 850 855 889 890 905 908 939 
546 631 651 686 703 749 750 761 803 968 
547 564 577 606 626 646 723 728 745 746 814 815 824 880 992 997 999 
548 751 765 851 858 976 
549 562 591 651 745 767 790 801 825 928 938 
550 591 601 637 672 718 899 
551 621 665 690 693 701 724 728 805 811 816 888 904 937 974 
552 605 677 680 703 718 808 876 892 900 963 
553 641 649 845 
554 685 713 725 762 856 863 910 959 
555 583 655 709 793 798 808 864 911 913 942 
556 597 645 662 795 796 815 824 916 931 964 
557 613 684 703 723 724 885 892 990 
558 588 655 766 807 911 924 
559 589 591 621 680 740 811 888 912 993 
560 675 676 684 763 790 894 900 908 934 964 
561 599 659 668 673 696 720 766 780 820 826 871 900 970 
562 585 702 715 734 851 852 897 909 953 992 
563 603 636 664 668 776 785 832 982 
564 573 577 663 675 745 839 855 
565 593 762 908 949 977 994 
566 598 639 646 735 771 780 870 
567 652 659 708 837 935 
568 625 709 720 727 790 812 917 992 
569 579 751 830 994 
570 674 686 726 825 855 870 889 952 961 
571 577 653 696 737 739 813 831 849 924 949 
572 642 735 743 921 952 
573 584 604 641 694 738 798 818 870 875 974 984 
574 606 635 650 654 659 690 757 804 831 929 983 986 987 
575 640 687 763 838 864 891 916 
576 585 646 654 680 682 730 753 791 948 957 964 
577 618 620 661 666 667 746 752 770 838 
578 629 640 752 794 801 810 850 878 915 922 
579 597 675 686 850 878 914 992 
580 623 712 756 854 856 865 888 995 
581 627 695 775 795 798 858 871 934 945 
582 597 618 755 783 793 815 891 920 946 947 
583 649 692 738 742 759 802 816 821 868 921 959 978 
584 638 658 662 757 815 848 862 879 969 
585 618 639 703 728 729 743 884 934 997 
586 718 732 737 755 767 769 778 798 912 919 932 
587 629 667 681 690 740 771 777 794 881 988 
588 677 734 765 890 915 952 957 984 
589 607 693 729 760 777 785 802 924 942 
590 777 800 898 903 
591 630 645 660 792 794 918 976 
592 672 858 895 968 987 
593 728 788 892 948 
594 632 677 709 730 741 847 952 
595 639 642 656 666 724 749 770 818 881 907 909 911 924 925 970 977 987 
596 634 640 721 962 
597 779 793 804 872 993 
598 602 689 734 750 827 872 976 
599 602 680 728 799 847 981 982 
600 653 669 705 748 751 761 816 868 953 967 
601 647 827 919 938 
602 608 622 637 751 862 981 984 990 997 
603 609 813 877 880 882 900 962 
604 664 688 704 758 774 801 886 958 960 
605 616 707 739 774 798 805 814 852 856 
606 633 679 740 791 818 916 942 
607 615 700 730 797 800 861 885 893 
608 714 733 771 789 910 921 
609 708 716 720 736 772 866 873 908 
610 652 654 714 721 723 733 798 841 862 864 953 996 
611 638 714 731 740 755 778 814 820 867 907 938 
612 652 672 756 760 875 
613 744 781 791 809 836 845 856 974 
614 662 802 840 915 950 
615 670 754 761 790 923 958 991 
616 646 737 808 906 
617 656 658 678 787 788 821 888 893 940 946 
618 631 649 654 694 706 734 780 819 930 933 983 
619 685 705 740 761 796 872 964 
620 745 748 776 782 801 858 905 928 985 
621 669 746 921 926 934 993 
622 655 658 672 675 843 888 930 931 
623 682 712 805 842 918 946 964 965 
624 640 666 685 764 829 985 
625 702 748 860 900 935 989 996 
626 718 758 825 849 860 898 917 
627 667 715 799 833 845 864 869 912 917 932 988 
628 637 639 705 706 782 871 961 964 
629 686 758 779 848 
630 631 636 673 702 750 841 862 864 874 907 941 991 
631 692 862 870 928 957 
632 667 685 691 713 854 894 913 920 
633 637 764 780 870 930 938 969 
634 635 692 695 743 749 952 
635 816 920 972 
636 676 691 788 819 833 835 903 
637 670 705 744 858 946 
638 643 740 742 777 
639 691 700 708 765 780 788 815 877 897 948 961 
640 701 725 779 797 809 839 890 948 955 
641 702 805 830 960 
642 653 673 674 693 734 735 750 902 956 
643 667 705 718 795 817 859 970 
644 760 773 806 863 913 930 987 992 
645 659 660 661 728 868 900 903 993 
646 686 710 740 749 795 838 881 922 935 963 965 
647 672 688 689 700 779 793 927 992 
648 689 713 939 976 
649 656 678 719 732 841 
650 660 688 711 740 766 777 788 795 876 941 959 
651 701 760 860 889 900 934 941 
652 667 744 745 849 
653 666 693 926 
654 661 691 738 748 762 763 906 994 
655 709 712 728 771 886 911 
656 736 756 782 783 821 857 891 916 924 980 
657 670 798 870 880 944 
658 671 740 782 813 890 891 
659 729 731 751 828 883 918 982 
660 680 718 728 776 881 889 891 
661 667 765 793 812 814 831 845 860 869 961 
662 675 704 804 817 879 950 974 
663 677 707 725 739 766 793 834 942 956 979 
664 783 786 852 856 893 956 
665 727 767 828 975 
666 688 961 976 977 984 
667 678 745 776 800 843 850 852 873 
668 697 733 734 747 767 944 
669 686 928 965 
670 676 791 803 804 825 
671 674 793 855 907 909 999 
672 743 788 847 859 896 922 954 998 
673 718 810 857 891 919 939 956 
674 678 685 710 813 890 953 981 984 
675 736 903 918 981 
676 715 722 725 740 863 869 938 948 
677 711 856 941 974 
678 689 692 720 818 823 851 861 922 939 976 
679 790 839 851 900 940 
680 682 684 687 706 929 931 
681 690 702 717 741 774 867 879 936 
682 768 870 953 
683 896 905 999 
684 828 832 
685 715 722 824 905 948 988 
686 697 808 826 
687 700 768 804 819 852 986 997 
688 756 807 867 938 969 
689 804 853 888 890 906 946 
690 720 753 842 899 909 984 
691 722 736 753 806 815 833 863 878 936 940 
692 745 807 809 883 918 930 951 978 
693 723 728 756 766 901 919 974 
694 774 806 874 904 
695 698 784 819 828 870 896 906 969 
696 735 748 822 889 977 994 
697 713 760 762 827 844 852 985 
698 703 711 721 738 739 745 820 894 922 928 952 954 981 
699 740 763 816 846 920 965 
700 818 881 
701 733 796 893 933 949 972 
702 711 761 837 873 905 923 954 982 
703 733 769 772 778 804 832 886 941 969 989 998 
704 736 737 803 879 912 939 
705 732 766 796 840 844 854 
706 715 789 790 887 933 
707 772 783 791 808 867 929 960 966 
708 765 882 915 948 960 965 
709 786 915 927 942 950 986 
710 758 836 837 909 957 967 
711 730 738 748 759 776 851 894 915 926 930 
712 741 769 826 827 989 
713 782 848 893 995 
714 878 915 936 
715 798 823 827 848 891 996 
716 730 748 814 883 912 926 931 973 
717 744 823 905 927 928 962 974 989 994 
718 800 862 887 902 935 980 
719 723 745 855 953 971 980 987 
720 768 776 983 
721 736 816 856 975 
722 957 
723 752 778 879 954 961 979 999 
724 741 792 793 824 873 927 985 989 
725 769 771 781 916 937 954 960 
726 753 921 997 
727 766 779 803 809 921 930 982 986 995 
728 767 776 825 889 933 938 939 989 
729 743 772 842 865 882 905 
730 747 832 853 906 
731 795 801 823 885 911 998 
732 745 762 788 789 911 919 925 932 962 970 
733 739 783 837 895 945 977 
734 765 778 787 806 844 849 871 877 987 
735 739 777 809 866 938 
736 740 793 836 947 960 971 992 999 
737 809 847 865 890 906 921 968 
738 777 902 920 980 
739 900 914 925 942 
740 746 767 870 881 895 937 940 947 
741 784 825 876 883 915 964 966 983 992 
742 749 776 816 826 831 843 861 935 988 
743 788 809 888 891 973 992 
744 754 778 791 794 813 
745 815 818 839 861 885 887 923 952 974 998 
746 758 769 791 878 927 973 989 
747 761 765 782 796 941 970 
748 752 778 841 859 914 962 965 974 981 
749 779 897 911 
750 760 851 942 
751 821 853 870 896 908 980 997 
752 876 879 883 960 
753 882 893 980 
754 784 871 888 891 940 997 
755 885 916 919 
756 797 800 980 
757 774 840 850 
758 771 775 789 813 931 938 946 
759 803 836 943 945 
760 824 832 913 967 977 
761 854 903 953 960 991 
762 807 842 930 946 973 
763 768 817 819 912 964 993 
764 902 991 
765 768 820 940 
766 879 896 904 970 977 997 
767 814 849 857 923 990 999 
768 805 808 887 952 971 
769 779 809 845 923 987 
770 807 863 887 904 962 984 
771 913 956 976 
772 786 811 883 942 964 
773 825 919 952 973 
774 793 854 940 988 
775 828 868 873 910 921 954 979 993 
776 881 898 
777 791 828 867 919 960 
778 791 837 883 956 
779 881 895 954 
780 795 863 868 961 989 
781 786 802 878 956 
782 809 868 
783 945 
784 811 
785 938 993 
786 806 896 920 973 991 
787 800 802 827 864 869 955 
788 790 806 870 897 964 
789 956 965 970 
790 840 879 888 901 941 985 
791 804 823 852 877 892 901 995 
792 889 
793 858 938 962 
794 805 867 993 
795 823 869 873 912 916 
796 947 949 
797 799 806 830 
798 805 927 993 
799 802 815 909 
800 825 957 962 990 
801 907 915 980 994 995 
802 863 878 
803 894 911 926 981 
804 806 826 896 909 919 
805 838 882 940 
806 808 882 885 904 916 926 
807 815 861 877 923 976 982 
808 815 819 827 835 857 880 888 925 
809 
810 826 929 
811 821 898 940 
812 960 979 
813 833 913 927 933 970 996 
814 877 906 984 989 
815 816 831 875 883 902 929 931 933 973 
816 828 913 939 959 
817 849 866 896 901 943 
818 848 881 882 908 959 
819 859 901 968 
820 847 853 870 873 
821 822 885 
822 985 
823 843 887 902 988 
824 826 854 901 957 991 
825 874 892 967 
826 831 926 949 973 
827 848 916 
828 959 964 967 978 
829 860 920 957 962 993 
830 889 910 978 
831 955 
832 
833 906 992 997 
834 846 858 864 908 931 984 
835 840 863 868 895 986 987 990 
836 845 881 
837 851 905 984 
838 851 
839 882 895 907 920 
840 966 993 
841 852 865 
842 854 993 
843 
844 873 879 995 
845 902 939 945 981 
846 851 866 928 
847 881 927 956 960 965 
848 862 926 
849 883 916 933 
850 853 942 977 
851 873 900 961 
852 908 
853 866 923 963 985 995 
854 
855 944 987 
856 915 925 980 
857 877 904 963 
858 962 
859 861 893 894 919 983 
860 864 871 
861 
862 
863 875 890 
864 911 914 915 925 989 
865 938 984 
866 888 927 936 
867 962 980 
868 884 
869 931 933 974 980 
870 921 941 961 963 992 
871 909 926 937 958 963 991 
872 937 
873 890 926 936 976 
874 900 943 948 
875 890 933 961 
876 
877 977 994 
878 905 991 
879 935 
880 926 989 
881 
882 
883 910 928 967 999 
884 
885 980 
886 
887 946 953 
888 933 968 
889 909 947 
890 915 956 
891 903 
892 966 
893 941 
894 905 912 921 994 
895 973 
896 
897 940 992 
898 916 
899 965 971 
900 981 
901 902 
902 915 987 994 
903 964 
904 944 969 
905 944 
906 907 920 
907 
908 934 963 
909 928 958 
910 937 
911 966 976 
912 
913 921 
914 940 
915 934 939 950 
916 
917 958 961 
918 
919 963 
920 966 995 
921 946 964 983 
922 
923 967 
924 941 954 
925 952 991 998 
926 
927 994 
928 971 
929 969 
930 965 
931 951 968 993 
932 960 
933 984 995 
934 968 976 
935 959 
936 939 
937 942 
938 946 954 
939 991 
940 955 982 
941 
942 
943 969 987 
944 955 995 998 
945 959 997 
946 965 
947 982 
948 979 
949 
950 
951 987 
952 
953 
954 977 
955 968 975 982 
956 989 994 
957 979 
958 
959 961 
960 990 
961 976 
962 
963 977 
964 975 
965 
966 972 
967 
968 
969 
970 
971 979 
972 
973 
974 976 
975 
976 993 
977 983 
978 
979 982 
980 
981 991 
982 
983 
984 
985 992 
986 
987 
988 
989 995 
990 
991 
992 
993 
994 
995 
996 
997 
998 
999 
[0, 0, 0, 0, 0, 0, 0, 0, 0, 0, 0, 0, 0, 0, 0, 0, 0, 0, 0, 0, 0, 0, 0, 0, 0, 0, 0, 0, 0, 0, 0, 0, 0, 0, 0, 0, 0, 0, 0, 0, 0, 0, 0, 0, 0, 0, 0, 0, 0, 0, 0, 0, 0, 0, 0, 0, 0, 0, 0, 0, 0, 0, 0, 0, 0, 0, 0, 0, 0, 0, 0, 0, 0, 0, 0, 0, 0, 0, 0, 0, 0, 0, 0, 0, 0, 0, 0, 0, 0, 0, 0, 0, 0, 0, 0, 0, 0, 0, 0, 0, 0, 0, 0, 0, 0, 0, 0, 0, 0, 0, 0, 0, 0, 0, 0, 0, 0, 0, 0, 0, 0, 0, 0, 0, 0, 0, 0, 0, 0, 0, 0, 0, 0, 0, 0, 0, 0, 0, 0, 0, 0, 0, 0, 0, 0, 0, 0, 0, 0, 0, 0, 0, 0, 0, 0, 0, 0, 0, 0, 0, 0, 0, 0, 0, 0, 0, 0, 0, 0, 0, 0, 0, 0, 0, 0, 0, 0, 0, 0, 0, 0, 0, 0, 0, 0, 0, 0, 0, 0, 0, 0, 0, 0, 0, 0, 0, 0, 0, 0, 0, 0, 0, 0, 0, 0, 0, 0, 0, 0, 0, 0, 0, 0, 0, 0, 0, 0, 0, 0, 0, 0, 0, 0, 0, 0, 0, 0, 0, 0, 0, 0, 0, 0, 0, 0, 0, 0, 0, 0, 0, 0, 0, 0, 0, 0, 0, 0, 0, 0, 0, 0, 0, 0, 0, 0, 0, 0, 0, 0, 0, 0, 0, 0, 0, 0, 0, 0, 0, 0, 0, 0, 0, 0, 0, 0, 0, 0, 0, 0, 0, 0, 0, 0, 0, 0, 0, 0, 0, 0, 0, 0, 0, 0, 0, 0, 0, 0, 0, 0, 0, 0, 0, 0, 0, 0, 0, 0, 0, 0, 0, 0, 0, 0, 0, 0, 0, 0, 0, 0, 0, 0, 0, 0, 0, 0, 0, 0, 0, 0, 0, 0, 0, 0, 0, 0, 0, 0, 0, 0, 0, 0, 0, 0, 0, 0, 0, 0, 0, 0, 0, 0, 0, 0, 0, 0, 0, 0, 0, 0, 0, 0, 0, 0, 0, 0, 0, 0, 0, 0, 0, 0, 0, 0, 0, 0, 0, 0, 0, 0, 0, 0, 0, 0, 0, 0, 0, 0, 0, 0, 0, 0, 0, 0, 0, 0, 0, 0, 0, 0, 0, 0, 0, 0, 0, 0, 0, 0, 0, 0, 0, 0, 0, 0, 0, 0, 0, 0, 0, 0, 0, 0, 0, 0, 0, 0, 0, 0, 0, 0, 0, 0, 0, 0, 0, 0, 0, 0, 0, 0, 0, 0, 0, 0, 0, 0, 0, 0, 0, 0, 0, 0, 0, 0, 0, 0, 0, 0, 0, 0, 0, 0, 0, 0, 0, 0, 0, 0, 0, 0, 0, 0, 0, 0, 0, 0, 0, 0, 0, 0, 0, 0, 0, 0, 0, 0, 0, 0, 0, 0, 0, 0, 0, 0, 0, 0, 0, 0, 0, 0, 0, 1, 1, 1, 1, 1, 1, 1, 1, 1, 1, 1, 1, 1, 1, 1, 1, 1, 1, 1, 1, 1, 1, 1, 1, 1, 1, 1, 1, 1, 1, 1, 1, 1, 1, 1, 1, 1, 1, 1, 1, 1, 1, 1, 1, 1, 1, 1, 1, 1, 1, 1, 1, 1, 1, 1, 1, 1, 1, 1, 1, 1, 1, 1, 1, 1, 1, 1, 1, 1, 1, 1, 1, 1, 1, 1, 1, 1, 1, 1, 1, 1, 1, 1, 1, 1, 1, 1, 1, 1, 1, 1, 1, 1, 1, 1, 1, 1, 1, 1, 1, 1, 1, 1, 1, 1, 1, 1, 1, 1, 1, 1, 1, 1, 1, 1, 1, 1, 1, 1, 1, 1, 1, 1, 1, 1, 1, 1, 1, 1, 1, 1, 1, 1, 1, 1, 1, 1, 1, 1, 1, 1, 1, 1, 1, 1, 1, 1, 1, 1, 1, 1, 1, 1, 1, 1, 1, 1, 1, 1, 1, 1, 1, 1, 1, 1, 1, 1, 1, 1, 1, 1, 1, 1, 1, 1, 1, 1, 1, 1, 1, 1, 1, 1, 1, 1, 1, 1, 1, 1, 1, 1, 1, 1, 1, 1, 1, 1, 1, 1, 1, 1, 1, 1, 1, 1, 1, 1, 1, 1, 1, 1, 1, 1, 1, 1, 1, 1, 1, 1, 1, 1, 1, 1, 1, 1, 1, 1, 1, 1, 1, 1, 1, 1, 1, 1, 1, 1, 1, 1, 1, 1, 1, 1, 1, 1, 1, 1, 1, 1, 1, 1, 1, 1, 1, 1, 1, 1, 1, 1, 1, 1, 1, 1, 1, 1, 1, 1, 1, 1, 1, 1, 1, 1, 1, 1, 1, 1, 1, 1, 1, 1, 1, 1, 1, 1, 1, 1, 1, 1, 1, 1, 1, 1, 1, 1, 1, 1, 1, 1, 1, 1, 1, 1, 1, 1, 1, 1, 1, 1, 1, 1, 1, 1, 1, 1, 1, 1, 1, 1, 1, 1, 1, 1, 1, 1, 1, 1, 1, 1, 1, 1, 1, 1, 1, 1, 1, 1, 1, 1, 1, 1, 1, 1, 1, 1, 1, 1, 1, 1, 1, 1, 1, 1, 1, 1, 1, 1, 1, 1, 1, 1, 1, 1, 1, 1, 1, 1, 1, 1, 1, 1, 1, 1, 1, 1, 1, 1, 1, 1, 1, 1, 1, 1, 1, 1, 1, 1, 1, 1, 1, 1, 1, 1, 1, 1, 1, 1, 1, 1, 1, 1, 1, 1, 1, 1, 1, 1, 1, 1, 1, 1, 1, 1, 1, 1, 1, 1, 1, 1, 1, 1, 1, 1, 1, 1, 1, 1, 1, 1, 1, 1, 1, 1, 1, 1, 1, 1, 1, 1, 1, 1, 1, 1, 1, 1, 1, 1, 1, 1, 1, 1, 1, 1, 1, 1, 1, 1, 1, 1, 1, 1, 1, 1, 1, 1, 1, 1, 1, 1, 1, 1, 1, 1, 1, 1, 1, 1, 1, 1, 1, 1, 1, 1, 1, 1, 1, 1, 1, 1, 1, 1, 1, 1, 1, 1, 1, 1, 1, 1, 1]