0 7 
1 7 22 75 
2 
3 
4 17 
5 83 
6 
7 
8 12 
9 
10 
11 
12 14 
13 
14 
15 
16 
17 
18 
19 40 
20 30 36 
21 
22 29 34 78 
23 
24 26 83 
25 
26 
27 
28 38 
29 
30 37 
31 
32 51 
33 
34 
35 
36 
37 
38 
39 
40 
41 44 46 48 80 
42 53 
43 
44 
45 
46 55 
47 
48 
49 
50 
51 79 
52 
53 
54 
55 
56 
57 
58 
59 
60 81 
61 
62 79 
63 73 
64 69 
65 69 
66 76 
67 
68 
69 
70 
71 
72 
73 
74 
75 
76 
77 
78 
79 
80 86 
81 
82 
83 85 
84 95 
85 
86 
87 
88 97 
89 
90 
91 
92 95 
93 
94 
95 
96 
97 
98 
99 
[0, 0, 0, 0, 0, 0, 0, 0, 0, 0, 0, 0, 0, 0, 0, 0, 0, 0, 0, 0, 1, 1, 1, 1, 1, 1, 1, 1, 1, 1, 1, 1, 1, 1, 1, 1, 1, 1, 1, 1, 2, 2, 2, 2, 2, 2, 2, 2, 2, 2, 2, 2, 2, 2, 2, 2, 2, 2, 2, 2, 3, 3, 3, 3, 3, 3, 3, 3, 3, 3, 3, 3, 3, 3, 3, 3, 3, 3, 3, 3, 4, 4, 4, 4, 4, 4, 4, 4, 4, 4, 4, 4, 4, 4, 4, 4, 4, 4, 4, 4]