0 
1 22 
2 71 
3 47 
4 7 
5 90 
6 
7 
8 32 42 59 
9 32 38 
10 
11 
12 
13 
14 
15 28 
16 
17 38 
18 
19 
20 
21 28 
22 
23 34 35 
24 
25 48 
26 34 
27 30 
28 
29 
30 
31 
32 
33 
34 40 
35 
36 
37 
38 
39 
40 78 
41 
42 
43 
44 
45 
46 
47 
48 
49 
50 56 61 
51 58 65 
52 70 
53 
54 
55 77 
56 
57 
58 
59 
60 
61 
62 
63 
64 90 
65 87 
66 
67 99 
68 
69 
70 
71 93 
72 
73 
74 98 
75 
76 87 
77 
78 
79 
80 
81 99 
82 
83 
84 
85 92 
86 
87 
88 
89 
90 
91 
92 
93 
94 
95 
96 
97 
98 
99 
[0, 0, 0, 0, 0, 0, 0, 0, 0, 0, 0, 0, 0, 0, 0, 0, 0, 0, 0, 0, 0, 0, 0, 0, 0, 0, 0, 0, 0, 0, 0, 0, 0, 0, 0, 0, 0, 0, 0, 0, 0, 0, 0, 0, 0, 0, 0, 0, 0, 0, 1, 1, 1, 1, 1, 1, 1, 1, 1, 1, 1, 1, 1, 1, 1, 1, 1, 1, 1, 1, 1, 1, 1, 1, 1, 1, 1, 1, 1, 1, 1, 1, 1, 1, 1, 1, 1, 1, 1, 1, 1, 1, 1, 1, 1, 1, 1, 1, 1, 1]