0 8 91 95 184 251 264 270 330 693 
1 37 120 329 370 
2 143 151 194 323 
3 13 235 402 
4 274 393 
5 55 367 379 427 454 
6 82 129 193 211 254 277 438 455 
7 63 114 123 147 509 
8 32 88 130 133 180 227 394 
9 31 40 55 187 303 335 372 
10 34 318 373 386 
11 19 39 156 277 289 291 384 396 467 877 
12 127 171 203 209 242 257 
13 36 75 427 479 497 901 
14 25 225 234 298 351 
15 109 156 158 323 491 620 
16 68 79 167 189 276 394 479 480 
17 29 148 233 396 
18 80 177 219 241 
19 458 498 
20 61 270 350 451 
21 85 303 409 455 499 
22 29 389 507 
23 156 191 199 384 423 
24 169 183 729 
25 101 138 157 294 631 
26 207 257 302 333 480 
27 74 205 223 317 337 348 369 373 380 474 
28 105 106 114 
29 72 96 209 213 
30 161 180 251 292 338 479 
31 132 335 357 743 
32 46 185 226 380 490 842 
33 64 363 
34 160 310 
35 65 87 333 402 448 485 515 
36 83 533 589 
37 123 133 205 422 474 714 
38 239 265 357 390 436 
39 191 409 
40 43 81 191 293 336 448 481 553 
41 49 52 139 192 397 430 431 438 486 496 497 
42 374 
43 71 110 135 141 368 376 414 826 
44 195 214 263 278 301 401 439 
45 188 
46 211 381 478 
47 218 
48 82 173 177 237 400 432 455 604 
49 112 174 204 263 375 411 483 
50 225 348 353 376 
51 192 199 200 343 426 441 813 
52 195 221 258 354 480 769 
53 70 102 172 339 464 697 
54 115 143 201 221 244 494 755 
55 143 180 208 213 278 286 345 446 460 469 
56 310 315 344 465 487 
57 102 107 116 272 324 
58 385 
59 215 340 353 358 381 480 
60 87 216 239 315 
61 169 237 257 392 468 
62 133 335 409 
63 321 406 483 
64 117 207 290 
65 151 276 355 400 
66 128 224 608 
67 241 291 328 367 413 445 496 839 
68 110 137 172 420 592 973 
69 78 125 398 495 499 
70 196 254 325 473 475 837 
71 297 386 684 
72 193 306 447 486 
73 308 
74 375 405 
75 131 376 
76 185 224 316 404 416 624 
77 149 242 
78 159 160 220 309 342 486 
79 209 334 342 364 374 402 459 
80 110 159 181 264 330 372 494 
81 155 179 180 191 199 206 275 321 404 426 905 
82 86 126 191 228 240 523 
83 169 422 
84 185 283 425 
85 233 296 450 
86 164 312 
87 206 219 320 364 380 
88 305 432 496 876 
89 113 183 292 389 
90 286 921 
91 141 175 179 299 473 533 964 
92 
93 179 948 
94 104 219 249 428 
95 199 293 381 461 
96 339 344 402 490 669 
97 109 249 411 423 573 815 
98 142 157 184 329 431 464 
99 341 380 391 410 
100 143 265 337 338 439 460 
101 130 355 
102 291 409 450 
103 157 161 238 280 288 354 382 870 
104 111 856 
105 148 326 352 353 454 494 521 840 901 
106 262 
107 247 269 274 327 418 447 449 498 789 
108 255 320 374 375 382 
109 280 363 377 417 
110 111 227 284 302 360 488 621 
111 145 252 438 528 
112 814 
113 210 312 330 440 
114 141 451 
115 202 399 416 478 710 
116 879 
117 329 
118 139 253 338 
119 339 342 413 
120 151 249 304 329 345 389 
121 134 168 236 276 
122 468 885 
123 170 192 226 424 472 623 713 797 
124 
125 338 351 
126 319 337 384 
127 300 462 470 475 496 
128 187 195 383 418 
129 295 769 791 
130 201 496 
131 200 348 
132 161 325 399 400 439 475 
133 202 224 335 459 462 
134 196 330 358 388 419 433 488 
135 400 459 
136 384 620 
137 922 
138 158 295 450 
139 364 416 422 435 
140 148 260 396 431 457 459 
141 178 309 422 456 935 
142 153 276 346 413 
143 224 248 324 330 967 
144 309 360 384 986 
145 255 260 443 499 
146 298 313 359 455 628 
147 
148 214 262 356 465 471 749 910 
149 161 171 317 
150 323 336 493 628 748 793 
151 176 280 867 
152 212 227 332 344 413 463 497 722 974 
153 163 357 
154 268 330 581 689 
155 159 311 347 351 420 423 823 
156 170 172 346 459 460 547 769 
157 
158 294 390 404 453 482 483 681 
159 345 455 
160 196 266 315 
161 401 456 467 
162 193 253 297 366 639 
163 191 282 
164 178 397 
165 408 476 
166 192 241 491 
167 211 
168 218 238 359 375 403 
169 326 337 
170 194 312 446 491 
171 205 352 
172 234 
173 244 289 391 495 983 
174 215 286 295 313 322 435 457 829 
175 434 436 449 608 
176 328 340 375 382 396 529 567 
177 295 312 424 
178 179 252 337 382 388 495 772 
179 401 645 
180 224 256 275 420 769 
181 184 465 
182 389 
183 232 325 332 388 438 
184 205 294 334 398 422 445 
185 385 446 
186 244 479 495 
187 281 325 698 
188 220 481 488 493 561 
189 391 489 739 
190 199 230 306 344 415 438 640 
191 251 359 396 411 728 
192 392 404 456 482 812 
193 210 341 386 
194 196 269 293 430 463 915 
195 224 236 285 318 340 428 586 
196 501 
197 203 256 484 
198 217 220 430 621 
199 222 353 357 414 448 465 487 857 
200 228 264 958 
201 229 267 280 285 437 860 
202 236 384 385 436 459 466 
203 227 363 820 
204 229 263 361 389 697 
205 314 316 354 381 425 991 
206 244 356 446 484 527 993 
207 252 278 279 468 
208 242 277 885 
209 215 233 243 262 272 314 355 
210 334 352 
211 239 277 360 378 410 
212 351 360 379 392 492 
213 397 410 427 523 
214 264 316 367 404 485 
215 220 221 374 505 
216 307 358 396 450 685 848 
217 429 456 487 
218 278 351 499 827 
219 316 358 477 820 
220 247 295 474 
221 357 560 
222 361 363 411 484 
223 376 826 934 
224 325 379 947 
225 446 
226 238 320 397 
227 
228 314 384 
229 312 315 409 456 
230 253 350 
231 362 
232 248 
233 406 740 
234 239 343 414 
235 263 289 
236 
237 370 407 429 478 
238 281 389 391 392 954 
239 275 429 453 757 
240 272 392 
241 259 430 942 
242 350 478 
243 353 
244 382 391 
245 251 384 412 429 
246 322 438 
247 301 312 361 
248 307 438 486 490 846 
249 416 662 
250 254 293 657 828 941 
251 362 369 475 
252 362 379 
253 292 372 373 441 459 532 
254 383 447 553 
255 256 367 380 493 912 
256 864 
257 369 986 
258 327 495 
259 
260 263 278 314 371 446 486 
261 273 295 314 475 
262 286 381 678 
263 401 432 
264 283 385 538 539 
265 391 396 985 
266 279 303 333 410 452 981 
267 443 458 967 
268 351 499 
269 299 357 364 
270 602 779 996 
271 
272 325 341 372 375 703 
273 409 425 426 438 472 525 819 
274 795 
275 289 363 390 494 647 726 
276 339 386 422 462 490 499 821 977 
277 385 
278 310 
279 335 385 474 489 
280 369 
281 308 319 452 689 
282 289 294 431 494 
283 306 439 562 939 
284 395 423 
285 347 
286 373 408 494 652 
287 289 
288 292 369 441 444 452 
289 391 
290 377 845 
291 352 501 531 673 
292 351 480 
293 307 465 694 
294 295 363 483 498 
295 628 790 
296 363 980 
297 
298 
299 385 434 467 
300 302 404 497 
301 324 
302 310 314 316 377 887 
303 335 457 
304 359 496 
305 370 483 
306 424 
307 324 
308 420 910 
309 310 399 912 
310 459 
311 396 421 
312 340 378 499 
313 486 
314 402 448 
315 329 347 384 422 467 532 
316 338 459 
317 339 418 482 
318 
319 
320 352 450 942 
321 
322 477 
323 385 437 683 751 
324 355 
325 397 
326 403 
327 
328 433 
329 419 457 496 548 
330 360 416 417 917 
331 392 440 
332 408 460 
333 409 414 
334 456 464 
335 446 
336 376 446 645 921 
337 468 
338 387 404 447 835 
339 381 459 
340 344 356 
341 378 398 400 469 488 
342 494 731 
343 353 
344 348 438 481 494 
345 377 446 667 
346 425 494 
347 397 409 428 749 
348 388 399 465 748 
349 458 
350 493 
351 
352 
353 392 490 785 
354 603 
355 381 387 464 499 
356 492 
357 
358 399 
359 730 
360 
361 459 
362 391 511 
363 418 573 
364 815 
365 694 
366 401 498 
367 400 
368 
369 993 
370 493 
371 443 
372 374 945 
373 394 
374 580 693 
375 383 403 423 456 929 
376 425 712 
377 447 454 553 
378 497 726 
379 388 
380 437 
381 
382 399 406 474 834 
383 
384 
385 
386 450 485 780 
387 416 468 608 
388 430 475 528 
389 482 491 509 
390 420 445 741 
391 451 
392 439 917 
393 475 674 
394 
395 408 
396 431 443 474 732 
397 
398 957 
399 447 498 
400 412 554 
401 416 
402 
403 442 492 
404 432 447 466 486 
405 463 
406 451 
407 
408 481 665 
409 
410 488 565 
411 444 469 
412 481 545 
413 
414 552 668 
415 
416 491 786 
417 514 615 
418 499 
419 461 495 952 
420 437 
421 
422 667 
423 507 
424 468 558 616 831 
425 749 
426 755 
427 507 970 
428 705 806 
429 483 
430 
431 
432 
433 476 
434 
435 
436 497 895 994 
437 
438 636 718 
439 
440 
441 
442 481 998 
443 
444 
445 881 
446 489 
447 453 470 989 
448 584 
449 770 
450 
451 945 
452 559 561 
453 
454 457 477 494 
455 
456 
457 
458 
459 
460 
461 863 
462 
463 734 
464 472 633 756 
465 628 
466 507 806 
467 
468 
469 713 
470 
471 
472 
473 491 995 
474 
475 
476 
477 487 
478 940 
479 944 
480 
481 
482 
483 499 
484 886 891 
485 562 
486 
487 
488 
489 568 
490 965 
491 
492 973 
493 
494 
495 
496 
497 526 628 640 
498 
499 
500 518 577 594 648 658 906 973 
501 556 655 692 696 718 800 820 862 901 967 
502 576 643 659 833 
503 512 514 740 782 
504 522 529 781 798 801 947 978 
505 609 727 742 911 
506 512 783 829 892 
507 559 648 672 717 749 771 812 841 974 
508 510 655 852 890 928 
509 678 794 804 855 858 888 
510 548 772 852 869 876 897 956 
511 575 638 657 931 
512 544 757 823 864 
513 637 768 864 950 
514 541 545 871 961 
515 760 840 891 935 
516 623 624 671 677 838 860 867 883 945 962 991 
517 529 534 736 834 921 
518 530 588 606 780 781 782 864 903 910 913 984 
519 581 706 861 
520 678 852 862 899 
521 527 660 845 
522 554 591 616 722 867 
523 539 608 
524 673 717 758 801 870 893 929 
525 654 678 694 696 772 793 862 956 
526 578 727 731 779 879 964 
527 670 820 911 
528 602 628 647 715 819 841 904 960 
529 568 659 936 
530 663 721 748 770 812 848 860 874 894 996 
531 591 624 724 900 937 
532 717 899 962 
533 880 
534 632 
535 861 862 921 947 
536 766 832 
537 624 793 803 961 
538 617 632 635 702 715 738 810 908 
539 
540 881 981 
541 573 674 778 892 
542 571 674 732 850 852 
543 764 809 839 968 
544 655 760 829 
545 586 671 854 995 
546 567 578 641 
547 680 738 748 807 915 
548 738 988 
549 763 837 907 936 
550 727 763 976 991 
551 676 718 757 779 878 924 
552 574 644 810 908 912 916 
553 667 724 730 797 821 
554 588 669 715 735 739 981 
555 586 645 778 833 
556 666 713 742 846 929 931 
557 618 725 746 895 
558 658 756 780 869 874 974 
559 693 702 721 735 756 907 911 
560 810 841 957 
561 648 691 708 818 846 934 978 
562 597 762 857 901 925 
563 572 597 631 662 689 707 788 830 847 871 
564 734 
565 685 742 
566 656 662 688 763 870 876 
567 750 840 963 
568 633 675 855 925 995 
569 576 650 668 697 707 719 888 954 982 
570 649 838 839 861 
571 637 791 800 863 907 954 
572 930 
573 612 702 954 963 
574 663 712 729 874 
575 641 658 718 735 887 905 912 
576 724 844 967 
577 612 626 696 739 859 954 959 992 
578 671 692 713 766 825 838 
579 835 943 
580 703 927 
581 611 633 670 688 689 754 780 
582 
583 656 674 778 896 918 
584 630 777 845 
585 622 741 865 897 977 989 
586 615 981 
587 630 844 912 913 959 981 
588 783 898 912 
589 594 596 631 678 721 791 822 
590 709 915 955 
591 629 850 897 946 
592 683 732 912 929 
593 613 620 803 816 835 938 
594 724 986 999 
595 686 697 721 766 854 903 933 949 952 
596 683 859 926 973 991 
597 837 872 
598 764 
599 652 702 773 778 922 944 
600 638 695 887 961 
601 653 661 701 713 756 
602 848 964 999 
603 868 904 
604 641 763 792 
605 671 784 879 959 
606 667 697 765 821 894 900 903 905 925 933 
607 805 893 
608 664 707 825 828 998 
609 934 
610 662 697 799 991 
611 622 687 733 
612 616 940 
613 692 727 982 
614 646 701 860 905 972 
615 816 
616 701 834 996 
617 654 737 891 990 995 
618 900 
619 627 981 986 
620 753 851 902 937 958 
621 640 674 755 895 
622 876 916 959 977 
623 685 701 870 987 
624 731 735 753 790 914 
625 640 667 732 757 979 
626 906 
627 723 760 
628 639 723 831 847 974 976 
629 684 776 935 965 
630 770 
631 843 894 938 
632 642 775 
633 796 814 887 921 
634 915 962 
635 654 724 
636 704 745 983 
637 670 849 862 879 
638 723 843 893 
639 734 742 760 781 807 811 870 969 974 
640 649 747 900 934 
641 787 903 920 970 
642 684 713 753 758 948 
643 689 702 818 
644 
645 703 722 843 882 948 
646 815 955 973 
647 740 834 905 991 
648 710 725 917 
649 787 851 871 929 964 
650 739 
651 658 849 
652 877 940 
653 790 822 
654 770 771 789 821 858 891 
655 748 765 999 
656 662 677 776 796 
657 737 780 956 
658 700 869 
659 724 729 737 898 953 
660 775 882 982 
661 844 869 916 999 
662 824 986 
663 694 708 831 921 
664 693 755 784 809 
665 703 962 
666 809 988 997 
667 726 798 885 
668 751 791 919 
669 843 
670 740 877 957 
671 675 738 840 884 951 
672 795 876 
673 795 826 
674 710 712 922 962 992 
675 
676 716 873 
677 723 782 
678 858 
679 768 783 816 898 930 949 985 
680 739 893 
681 753 860 979 
682 751 
683 833 885 986 
684 927 
685 816 980 
686 796 842 874 929 976 
687 698 816 844 881 
688 705 711 770 
689 802 817 823 
690 847 894 964 
691 745 864 884 895 965 
692 767 
693 702 870 875 
694 803 810 899 939 
695 710 778 833 935 
696 
697 842 911 933 967 979 
698 882 891 961 
699 772 987 
700 747 872 881 903 906 
701 749 
702 703 841 
703 773 795 843 879 888 984 
704 735 842 857 993 
705 743 
706 948 
707 720 940 995 
708 847 848 849 861 940 
709 825 906 925 
710 764 845 859 893 945 
711 719 770 930 950 
712 
713 788 827 864 
714 758 838 857 866 874 
715 826 828 991 
716 795 935 
717 744 811 849 
718 869 
719 781 
720 725 
721 850 860 
722 896 
723 796 
724 752 914 
725 728 738 743 767 934 
726 805 885 
727 989 
728 730 731 844 846 889 973 
729 826 
730 776 827 996 
731 743 795 
732 910 954 
733 840 948 963 
734 785 825 894 900 
735 762 808 831 869 910 968 
736 752 766 774 779 781 819 837 920 923 
737 907 975 983 
738 772 777 890 
739 755 944 
740 768 788 837 
741 856 865 938 
742 830 
743 822 980 
744 
745 786 
746 843 881 992 
747 923 936 
748 789 989 
749 802 866 912 
750 918 975 
751 
752 840 869 
753 773 810 818 861 980 
754 781 920 
755 756 
756 781 898 955 957 980 
757 771 
758 762 843 928 951 
759 797 929 939 969 
760 940 
761 
762 841 
763 837 
764 798 855 857 
765 828 974 
766 811 933 951 
767 771 818 827 939 
768 944 966 
769 782 832 840 
770 876 
771 788 798 892 894 906 966 
772 795 
773 833 840 
774 795 860 
775 944 
776 778 848 887 
777 841 845 
778 812 831 860 
779 784 791 986 995 
780 801 857 906 
781 920 
782 925 993 
783 950 
784 907 
785 826 892 984 997 
786 
787 797 969 999 
788 892 
789 947 953 
790 816 
791 854 895 932 
792 
793 945 951 
794 905 
795 799 975 999 
796 914 
797 837 870 878 904 956 
798 841 881 
799 845 974 
800 869 
801 805 895 
802 838 851 860 882 
803 818 872 
804 
805 
806 859 
807 851 871 881 893 958 973 
808 996 
809 830 927 943 975 
810 852 
811 943 
812 976 989 
813 866 
814 880 952 
815 840 964 966 983 986 
816 884 
817 930 
818 826 994 
819 837 879 
820 907 916 980 
821 930 964 986 
822 911 
823 929 997 
824 918 925 938 
825 889 912 
826 842 
827 898 985 
828 837 977 
829 954 
830 866 
831 888 
832 970 987 
833 
834 870 966 
835 841 909 
836 860 873 
837 880 
838 937 952 
839 848 937 
840 884 961 973 995 
841 849 868 896 938 
842 943 966 
843 
844 875 
845 946 
846 853 854 
847 857 
848 868 892 934 
849 978 
850 957 
851 899 
852 874 942 960 993 
853 884 
854 965 
855 947 
856 
857 895 901 921 
858 969 
859 888 934 995 
860 
861 888 927 956 
862 999 
863 
864 951 
865 996 
866 875 964 
867 926 
868 881 
869 902 939 976 
870 
871 
872 922 
873 
874 916 927 
875 
876 885 
877 931 932 
878 893 973 
879 
880 923 
881 915 
882 
883 997 
884 885 976 
885 905 
886 
887 963 
888 913 987 
889 
890 910 964 
891 
892 
893 956 969 
894 
895 973 
896 
897 
898 900 
899 
900 960 
901 950 
902 
903 
904 930 
905 933 
906 
907 913 956 
908 932 987 
909 
910 946 976 
911 949 961 
912 
913 919 
914 
915 940 
916 984 
917 940 985 
918 
919 
920 922 924 997 
921 933 974 
922 
923 977 
924 
925 937 977 
926 
927 
928 931 
929 
930 993 
931 
932 
933 
934 949 
935 950 977 
936 967 979 
937 968 978 
938 981 
939 956 
940 
941 
942 993 
943 
944 992 
945 
946 
947 969 983 
948 
949 970 
950 
951 
952 991 
953 974 995 
954 971 
955 
956 
957 
958 
959 986 
960 
961 982 
962 
963 978 
964 
965 
966 969 983 
967 998 
968 988 
969 974 
970 980 988 
971 
972 985 
973 
974 
975 992 
976 982 993 
977 
978 
979 
980 
981 983 998 
982 
983 
984 
985 
986 
987 
988 
989 
990 
991 
992 
993 
994 
995 
996 
997 
998 
999 
[0, 0, 0, 0, 0, 0, 0, 0, 0, 0, 0, 0, 0, 0, 0, 0, 0, 0, 0, 0, 0, 0, 0, 0, 0, 0, 0, 0, 0, 0, 0, 0, 0, 0, 0, 0, 0, 0, 0, 0, 0, 0, 0, 0, 0, 0, 0, 0, 0, 0, 0, 0, 0, 0, 0, 0, 0, 0, 0, 0, 0, 0, 0, 0, 0, 0, 0, 0, 0, 0, 0, 0, 0, 0, 0, 0, 0, 0, 0, 0, 0, 0, 0, 0, 0, 0, 0, 0, 0, 0, 0, 0, 0, 0, 0, 0, 0, 0, 0, 0, 0, 0, 0, 0, 0, 0, 0, 0, 0, 0, 0, 0, 0, 0, 0, 0, 0, 0, 0, 0, 0, 0, 0, 0, 0, 0, 0, 0, 0, 0, 0, 0, 0, 0, 0, 0, 0, 0, 0, 0, 0, 0, 0, 0, 0, 0, 0, 0, 0, 0, 0, 0, 0, 0, 0, 0, 0, 0, 0, 0, 0, 0, 0, 0, 0, 0, 0, 0, 0, 0, 0, 0, 0, 0, 0, 0, 0, 0, 0, 0, 0, 0, 0, 0, 0, 0, 0, 0, 0, 0, 0, 0, 0, 0, 0, 0, 0, 0, 0, 0, 0, 0, 0, 0, 0, 0, 0, 0, 0, 0, 0, 0, 0, 0, 0, 0, 0, 0, 0, 0, 0, 0, 0, 0, 0, 0, 0, 0, 0, 0, 0, 0, 0, 0, 0, 0, 0, 0, 0, 0, 0, 0, 0, 0, 0, 0, 0, 0, 0, 0, 0, 0, 0, 0, 0, 0, 0, 0, 0, 0, 0, 0, 0, 0, 0, 0, 0, 0, 0, 0, 0, 0, 0, 0, 0, 0, 0, 0, 0, 0, 0, 0, 0, 0, 0, 0, 0, 0, 0, 0, 0, 0, 0, 0, 0, 0, 0, 0, 0, 0, 0, 0, 0, 0, 0, 0, 0, 0, 0, 0, 0, 0, 0, 0, 0, 0, 0, 0, 0, 0, 0, 0, 0, 0, 0, 0, 0, 0, 0, 0, 0, 0, 0, 0, 0, 0, 0, 0, 0, 0, 0, 0, 0, 0, 0, 0, 0, 0, 0, 0, 0, 0, 0, 0, 0, 0, 0, 0, 0, 0, 0, 0, 0, 0, 0, 0, 0, 0, 0, 0, 0, 0, 0, 0, 0, 0, 0, 0, 0, 0, 0, 0, 0, 0, 0, 0, 0, 0, 0, 0, 0, 0, 0, 0, 0, 0, 0, 0, 0, 0, 0, 0, 0, 0, 0, 0, 0, 0, 0, 0, 0, 0, 0, 0, 0, 0, 0, 0, 0, 0, 0, 0, 0, 0, 0, 0, 0, 0, 0, 0, 0, 0, 0, 0, 0, 0, 0, 0, 0, 0, 0, 0, 0, 0, 0, 0, 0, 0, 0, 0, 0, 0, 0, 0, 0, 0, 0, 0, 0, 0, 0, 0, 0, 0, 0, 0, 0, 0, 0, 0, 0, 0, 0, 0, 0, 0, 0, 0, 0, 0, 0, 0, 0, 0, 0, 0, 0, 0, 0, 0, 0, 0, 0, 0, 0, 0, 0, 0, 0, 0, 1, 1, 1, 1, 1, 1, 1, 1, 1, 1, 1, 1, 1, 1, 1, 1, 1, 1, 1, 1, 1, 1, 1, 1, 1, 1, 1, 1, 1, 1, 1, 1, 1, 1, 1, 1, 1, 1, 1, 1, 1, 1, 1, 1, 1, 1, 1, 1, 1, 1, 1, 1, 1, 1, 1, 1, 1, 1, 1, 1, 1, 1, 1, 1, 1, 1, 1, 1, 1, 1, 1, 1, 1, 1, 1, 1, 1, 1, 1, 1, 1, 1, 1, 1, 1, 1, 1, 1, 1, 1, 1, 1, 1, 1, 1, 1, 1, 1, 1, 1, 1, 1, 1, 1, 1, 1, 1, 1, 1, 1, 1, 1, 1, 1, 1, 1, 1, 1, 1, 1, 1, 1, 1, 1, 1, 1, 1, 1, 1, 1, 1, 1, 1, 1, 1, 1, 1, 1, 1, 1, 1, 1, 1, 1, 1, 1, 1, 1, 1, 1, 1, 1, 1, 1, 1, 1, 1, 1, 1, 1, 1, 1, 1, 1, 1, 1, 1, 1, 1, 1, 1, 1, 1, 1, 1, 1, 1, 1, 1, 1, 1, 1, 1, 1, 1, 1, 1, 1, 1, 1, 1, 1, 1, 1, 1, 1, 1, 1, 1, 1, 1, 1, 1, 1, 1, 1, 1, 1, 1, 1, 1, 1, 1, 1, 1, 1, 1, 1, 1, 1, 1, 1, 1, 1, 1, 1, 1, 1, 1, 1, 1, 1, 1, 1, 1, 1, 1, 1, 1, 1, 1, 1, 1, 1, 1, 1, 1, 1, 1, 1, 1, 1, 1, 1, 1, 1, 1, 1, 1, 1, 1, 1, 1, 1, 1, 1, 1, 1, 1, 1, 1, 1, 1, 1, 1, 1, 1, 1, 1, 1, 1, 1, 1, 1, 1, 1, 1, 1, 1, 1, 1, 1, 1, 1, 1, 1, 1, 1, 1, 1, 1, 1, 1, 1, 1, 1, 1, 1, 1, 1, 1, 1, 1, 1, 1, 1, 1, 1, 1, 1, 1, 1, 1, 1, 1, 1, 1, 1, 1, 1, 1, 1, 1, 1, 1, 1, 1, 1, 1, 1, 1, 1, 1, 1, 1, 1, 1, 1, 1, 1, 1, 1, 1, 1, 1, 1, 1, 1, 1, 1, 1, 1, 1, 1, 1, 1, 1, 1, 1, 1, 1, 1, 1, 1, 1, 1, 1, 1, 1, 1, 1, 1, 1, 1, 1, 1, 1, 1, 1, 1, 1, 1, 1, 1, 1, 1, 1, 1, 1, 1, 1, 1, 1, 1, 1, 1, 1, 1, 1, 1, 1, 1, 1, 1, 1, 1, 1, 1, 1, 1, 1, 1, 1, 1, 1, 1, 1, 1, 1, 1, 1, 1, 1, 1, 1, 1, 1, 1, 1, 1, 1, 1, 1, 1, 1, 1, 1, 1, 1, 1, 1, 1, 1, 1, 1, 1, 1, 1, 1, 1, 1, 1, 1, 1, 1, 1, 1, 1, 1, 1, 1, 1, 1, 1, 1, 1, 1, 1, 1, 1, 1, 1, 1, 1, 1, 1, 1, 1, 1, 1, 1, 1, 1, 1, 1, 1, 1, 1, 1, 1]