0 5 8 17 23 34 43 47 63 
1 2 8 10 26 34 36 37 44 47 49 79 
2 6 17 28 33 49 
3 8 16 17 33 34 48 82 
4 10 11 17 33 39 49 
5 8 12 24 25 31 46 48 
6 18 19 23 43 46 86 
7 19 23 34 43 49 
8 9 12 13 27 41 43 44 45 47 50 73 
9 11 14 22 27 30 39 53 69 
10 19 28 49 74 
11 27 35 
12 17 26 30 35 40 83 
13 30 46 48 
14 15 22 33 35 64 76 
15 19 22 39 40 41 46 48 49 63 69 
16 22 28 30 31 32 
17 19 45 46 47 
18 20 31 34 41 49 80 97 
19 33 44 
20 39 43 46 79 
21 24 32 34 36 37 47 48 49 57 
22 24 38 47 91 
23 26 29 32 34 38 45 92 
24 25 29 32 38 43 54 
25 29 31 45 
26 41 
27 32 33 36 49 58 
28 29 40 44 48 
29 40 45 49 
30 46 49 
31 35 42 48 49 65 
32 33 35 41 42 47 53 
33 34 37 43 46 58 
34 46 
35 37 45 47 86 
36 
37 41 42 43 47 72 90 98 
38 43 
39 42 
40 47 48 76 94 
41 49 77 
42 43 89 
43 62 68 89 99 
44 48 
45 
46 
47 93 
48 
49 
50 57 63 77 79 80 81 88 92 
51 58 67 72 83 84 87 
52 75 76 81 90 
53 58 68 76 79 90 97 
54 56 59 60 61 76 77 88 91 
55 68 70 76 84 85 88 89 
56 67 68 69 77 82 90 93 
57 62 74 75 80 84 88 92 96 
58 71 72 78 80 83 94 96 
59 67 78 88 96 99 
60 87 94 
61 68 69 80 91 95 99 
62 64 70 89 
63 67 81 95 99 
64 69 78 84 87 
65 73 75 79 82 84 86 87 91 97 99 
66 68 70 84 91 92 96 
67 71 73 75 78 85 86 
68 
69 73 78 82 84 92 97 99 
70 74 78 83 99 
71 78 86 
72 85 90 96 99 
73 78 90 93 95 
74 88 
75 85 90 96 97 
76 77 82 92 94 95 97 99 
77 79 89 96 
78 99 
79 85 91 95 98 
80 86 92 
81 93 99 
82 
83 87 96 97 
84 85 86 90 92 95 
85 
86 96 
87 95 
88 96 99 
89 90 
90 
91 
92 
93 94 
94 95 99 
95 
96 
97 98 
98 
99 
[0, 0, 0, 0, 0, 0, 0, 0, 0, 0, 0, 0, 0, 0, 0, 0, 0, 0, 0, 0, 0, 0, 0, 0, 0, 0, 0, 0, 0, 0, 0, 0, 0, 0, 0, 0, 0, 0, 0, 0, 0, 0, 0, 0, 0, 0, 0, 0, 0, 0, 1, 1, 1, 1, 1, 1, 1, 1, 1, 1, 1, 1, 1, 1, 1, 1, 1, 1, 1, 1, 1, 1, 1, 1, 1, 1, 1, 1, 1, 1, 1, 1, 1, 1, 1, 1, 1, 1, 1, 1, 1, 1, 1, 1, 1, 1, 1, 1, 1, 1]