0 40 
1 438 548 650 1643 
2 327 337 577 1026 
3 260 
4 129 180 294 
5 56 139 261 381 392 1396 
6 347 409 449 531 
7 50 112 371 423 
8 131 186 472 532 577 
9 107 
10 124 254 284 387 874 
11 230 235 286 575 598 605 1111 1122 1733 
12 86 117 173 379 
13 70 405 524 923 1296 
14 33 34 134 1578 
15 167 315 515 
16 
17 29 108 187 422 437 
18 136 382 
19 163 226 538 541 1627 
20 26 90 104 154 470 661 
21 327 
22 263 491 636 642 856 
23 42 425 
24 174 399 
25 220 393 465 1603 
26 160 177 342 437 492 534 
27 397 514 
28 75 85 235 407 496 1196 1296 
29 
30 508 756 
31 607 1132 1635 
32 231 449 713 805 1333 
33 1262 
34 285 368 678 
35 
36 373 
37 69 79 354 
38 108 144 212 341 356 461 555 
39 1313 1364 1942 
40 648 
41 445 
42 389 422 451 513 1775 
43 53 64 201 542 
44 272 611 1826 
45 137 265 295 391 
46 214 505 
47 932 1105 1647 
48 355 1091 
49 197 426 482 659 
50 854 
51 317 661 
52 465 635 
53 68 361 553 1412 1556 
54 
55 218 625 723 1694 
56 133 332 
57 92 190 504 600 
58 227 846 1524 
59 648 1180 
60 319 581 1976 
61 384 475 560 724 
62 67 385 528 1764 
63 217 643 1386 1650 
64 249 622 1470 
65 71 231 384 655 
66 297 542 603 
67 544 606 1918 
68 89 292 529 578 
69 230 260 307 
70 176 305 
71 111 203 247 
72 175 237 515 516 
73 464 656 800 1262 
74 542 773 
75 620 
76 
77 238 511 1227 
78 609 
79 
80 472 
81 183 235 456 536 
82 329 371 
83 204 239 
84 257 430 618 658 1923 
85 236 247 258 589 1027 
86 388 1206 1522 
87 251 278 307 348 635 664 
88 222 373 384 447 456 505 559 
89 311 379 394 1581 
90 392 
91 132 516 822 983 
92 1763 
93 308 1420 
94 244 540 
95 120 243 410 
96 117 213 309 373 615 616 620 716 
97 381 417 
98 446 491 1225 
99 158 232 420 536 1232 
100 655 
101 240 338 616 
102 112 115 184 203 475 
103 916 
104 276 
105 
106 383 502 1947 
107 372 571 
108 169 284 454 
109 1849 
110 143 565 
111 257 
112 253 
113 388 488 
114 
115 131 429 1857 
116 240 543 
117 144 399 872 
118 373 
119 1901 
120 476 
121 458 
122 187 399 532 
123 308 552 648 1531 
124 385 
125 169 199 391 
126 134 363 442 663 828 1313 
127 542 953 
128 581 
129 198 
130 220 390 455 
131 
132 213 1100 
133 168 337 362 501 550 571 
134 264 573 
135 287 
136 452 491 543 546 620 
137 300 547 580 
138 
139 182 234 321 939 
140 161 372 
141 285 296 315 457 
142 513 597 642 
143 1293 
144 176 369 425 
145 1395 
146 284 351 698 1257 1523 
147 211 519 
148 1471 
149 606 653 
150 225 615 663 
151 204 
152 523 628 
153 206 505 554 1003 1312 
154 371 382 
155 265 995 1599 
156 216 345 480 1834 
157 204 561 
158 215 301 537 
159 232 237 356 397 425 578 
160 206 260 
161 202 339 348 
162 278 296 347 643 1312 
163 209 290 301 596 
164 433 599 
165 488 561 1972 
166 1666 
167 205 291 
168 181 214 417 
169 384 444 484 488 
170 410 
171 303 532 
172 527 
173 253 533 659 
174 325 414 1420 
175 179 295 644 1180 
176 493 1095 1219 1355 1786 
177 201 247 427 
178 238 301 303 426 465 598 
179 765 
180 292 
181 287 525 565 613 636 1382 
182 
183 507 
184 362 411 435 479 
185 376 1792 
186 1734 
187 252 443 530 534 592 
188 204 378 531 603 
189 244 880 1993 
190 345 1357 1453 
191 1605 
192 1717 
193 646 1294 
194 837 
195 216 360 402 623 
196 278 
197 219 
198 326 507 1495 
199 393 563 1368 
200 604 708 1395 
201 229 241 379 385 455 898 
202 203 248 275 336 370 
203 679 
204 213 294 320 535 
205 254 382 494 
206 578 649 
207 629 
208 333 843 
209 383 566 606 
210 282 423 1902 
211 439 1156 
212 342 444 514 
213 494 
214 427 566 1735 
215 292 
216 337 378 497 524 592 615 644 
217 333 1351 
218 311 445 
219 258 314 330 831 
220 255 372 476 500 
221 271 413 
222 275 467 
223 
224 1086 
225 579 616 622 
226 234 
227 275 353 557 726 1615 
228 571 
229 586 1079 1841 
230 273 
231 361 465 1173 1599 
232 303 
233 504 1080 
234 286 598 
235 273 427 
236 245 519 1523 
237 258 533 597 
238 546 659 
239 572 
240 601 626 
241 928 1108 
242 487 
243 267 644 647 1676 
244 614 
245 
246 426 485 
247 
248 419 1783 
249 
250 368 1496 
251 371 514 735 1547 
252 461 632 655 1443 1558 1931 
253 330 422 446 659 
254 271 370 
255 413 567 1085 
256 410 
257 421 623 
258 445 535 642 
259 475 557 581 
260 401 500 
261 309 
262 387 417 531 597 1251 
263 
264 1342 1624 
265 350 354 489 637 
266 
267 313 
268 
269 559 1847 
270 1595 
271 321 1479 
272 
273 297 351 650 
274 302 393 1974 
275 298 320 468 1795 
276 500 546 
277 318 333 397 439 457 618 
278 346 426 468 586 1308 
279 364 408 
280 540 1115 
281 398 558 598 664 1351 
282 723 1161 
283 289 417 1430 
284 
285 289 523 1494 1560 
286 460 624 648 
287 416 1698 
288 520 565 1220 
289 
290 655 875 
291 623 1455 
292 1870 
293 365 428 
294 372 
295 
296 335 576 742 
297 312 389 
298 370 408 409 446 541 631 
299 
300 1735 
301 455 503 583 
302 342 390 432 
303 1082 
304 307 308 698 1240 1520 
305 374 594 
306 
307 540 
308 546 1263 
309 552 
310 383 410 505 1655 
311 410 507 
312 536 622 1035 
313 
314 388 411 458 611 1809 
315 660 1219 
316 586 620 1173 
317 339 421 1794 
318 368 
319 385 461 489 
320 348 369 454 540 1129 1422 
321 624 
322 330 623 992 
323 600 
324 577 629 
325 482 750 1446 1910 
326 467 917 
327 441 
328 414 608 
329 483 532 814 
330 1724 
331 362 608 1236 
332 412 479 590 1421 
333 
334 881 
335 523 573 1262 1421 
336 345 609 
337 610 661 
338 854 
339 507 894 1378 1615 
340 559 643 1396 
341 364 658 
342 384 396 653 824 996 
343 412 507 
344 663 
345 550 
346 1904 
347 
348 455 
349 690 
350 
351 527 591 1382 1911 
352 708 721 1103 
353 467 
354 495 627 1161 
355 1260 
356 636 
357 656 1513 
358 
359 523 
360 527 630 
361 563 
362 1048 
363 587 
364 370 520 549 572 
365 371 423 
366 373 530 578 615 
367 
368 442 454 1414 
369 395 557 638 
370 597 
371 860 1388 
372 457 580 599 636 1014 
373 418 470 616 1560 
374 408 650 
375 
376 471 
377 
378 469 484 551 1083 
379 922 1033 1977 
380 
381 429 531 1946 
382 616 663 
383 408 587 592 
384 420 463 525 
385 476 1937 
386 524 587 
387 603 
388 530 644 
389 1440 
390 399 416 601 
391 1495 
392 
393 648 1606 
394 404 474 532 554 588 
395 467 588 
396 587 606 
397 428 453 
398 452 1025 
399 
400 583 
401 403 553 844 1414 
402 1112 1673 
403 460 610 1778 
404 453 455 555 1217 1678 1833 
405 427 
406 
407 532 
408 
409 433 439 472 
410 
411 488 602 1078 
412 446 1455 
413 632 651 984 
414 427 1017 
415 451 659 
416 521 1431 1651 
417 983 1110 1915 
418 
419 1027 
420 432 560 1018 
421 422 511 587 
422 449 496 1202 
423 442 552 646 
424 484 648 
425 
426 
427 
428 1385 
429 446 
430 577 
431 600 1727 
432 520 1516 
433 525 527 574 875 
434 610 
435 742 1142 
436 
437 596 
438 928 1777 
439 616 1675 
440 654 
441 
442 626 629 637 
443 608 
444 
445 
446 662 1016 
447 982 1968 
448 
449 587 612 
450 
451 583 
452 
453 464 495 
454 
455 1277 
456 
457 635 893 
458 490 603 625 
459 1236 1824 
460 553 646 
461 511 581 952 1561 1712 
462 
463 476 
464 585 594 
465 646 
466 830 
467 
468 497 584 608 662 
469 1068 
470 
471 
472 
473 519 600 1255 
474 1064 1175 1498 1831 
475 
476 600 
477 1886 
478 533 549 1424 
479 1894 
480 517 607 
481 528 858 
482 1723 
483 628 
484 
485 595 
486 525 
487 650 
488 633 
489 591 
490 
491 
492 698 
493 
494 714 1359 
495 
496 616 1653 
497 
498 626 
499 580 
500 660 665 1579 1875 
501 1001 1452 
502 758 
503 581 
504 1027 
505 573 575 625 
506 603 660 1299 
507 572 612 1917 
508 
509 
510 512 
511 621 1823 
512 665 
513 
514 527 
515 552 1790 
516 1133 
517 1241 
518 605 
519 
520 566 
521 704 
522 
523 598 645 
524 1001 
525 613 641 669 
526 
527 548 
528 616 
529 
530 897 1448 
531 1982 
532 
533 
534 1187 
535 
536 1714 
537 
538 729 
539 1727 
540 591 1105 
541 660 1865 
542 
543 614 722 
544 1421 
545 604 656 1235 1437 1876 
546 1456 
547 
548 1855 
549 657 1045 1908 
550 
551 
552 597 664 
553 1259 
554 
555 569 
556 1826 
557 641 
558 
559 626 
560 659 
561 
562 612 618 686 
563 1222 
564 
565 631 
566 571 
567 
568 1484 
569 608 
570 
571 
572 
573 
574 1317 
575 1708 1973 
576 
577 805 
578 580 927 
579 862 
580 
581 
582 680 953 
583 
584 601 1246 1691 
585 612 
586 
587 1103 
588 808 
589 629 
590 
591 
592 
593 
594 1693 
595 
596 
597 660 
598 1903 
599 
600 
601 1336 1812 
602 627 
603 1950 
604 1503 
605 
606 1183 
607 663 1237 
608 
609 1246 1677 1687 
610 
611 763 1415 
612 
613 
614 
615 
616 
617 
618 
619 
620 656 1288 
621 
622 
623 885 
624 
625 877 
626 914 
627 661 
628 
629 
630 1967 
631 
632 633 
633 
634 
635 
636 
637 
638 1491 
639 
640 
641 
642 1833 
643 
644 
645 
646 
647 
648 
649 1586 
650 
651 1712 
652 
653 
654 
655 
656 1620 
657 
658 
659 1855 
660 864 1588 
661 
662 
663 
664 1877 
665 1488 1663 
666 1268 1700 
667 729 871 1033 1162 
668 925 1238 1701 1760 
669 677 
670 846 
671 955 1317 
672 833 1351 
673 1206 
674 677 862 921 1039 1222 1250 
675 832 1010 1278 
676 1318 
677 700 898 975 1103 1194 
678 727 
679 692 894 898 941 1578 
680 895 906 
681 751 911 965 1323 
682 1150 
683 710 780 972 1141 1150 
684 1017 1581 
685 761 956 1594 
686 903 1564 
687 813 1267 
688 1067 1275 1283 
689 805 1014 
690 947 999 1009 1418 1625 
691 970 1277 
692 770 846 894 898 1309 
693 
694 810 1002 1030 1067 
695 853 896 
696 730 827 1031 1042 
697 848 1077 
698 699 950 1069 
699 725 865 897 1044 1053 1282 
700 783 1010 1054 
701 1119 1147 
702 1161 1231 
703 1085 
704 795 809 941 1224 1498 1571 
705 723 849 1484 
706 761 766 806 898 1088 1610 
707 1253 
708 830 956 966 969 1063 1244 
709 802 1254 
710 
711 733 
712 1079 1242 
713 720 1181 1275 
714 764 1067 1640 
715 799 929 1030 1290 
716 752 812 1007 1037 1055 1134 1970 
717 928 969 1036 1174 1223 
718 722 881 898 1324 
719 1248 1261 1286 1291 
720 815 934 1169 
721 847 1124 
722 969 1080 
723 753 815 853 882 
724 
725 1118 
726 732 768 1155 1176 1314 
727 833 1028 1137 
728 754 874 1149 1151 
729 939 1157 
730 
731 974 1181 
732 1024 1032 
733 1169 1240 1725 
734 1044 
735 768 1009 1032 
736 1020 1068 1123 1604 
737 840 
738 885 899 935 1050 1542 
739 1122 
740 807 1144 
741 
742 953 1079 
743 922 1054 1517 
744 978 990 1149 1210 
745 1112 1290 1299 1749 
746 906 
747 1111 
748 997 1082 1309 
749 929 1118 1248 
750 
751 769 882 931 1022 
752 890 1204 1298 
753 1028 
754 1258 
755 1042 1088 1202 1257 
756 961 988 
757 803 1009 1239 1312 1320 1322 
758 1039 
759 783 853 1327 1904 
760 785 1028 1894 
761 853 993 1331 
762 925 931 1232 
763 819 
764 1061 1071 
765 1070 1190 
766 808 889 1058 
767 874 900 1009 1041 1688 
768 770 956 1012 1208 
769 833 979 1275 1711 
770 1193 1297 
771 1103 1261 
772 954 1230 1297 
773 957 1284 
774 777 876 891 1951 
775 1009 1239 1271 
776 834 1077 1164 1176 1263 
777 919 
778 1061 1182 
779 997 1235 1267 1721 
780 1041 
781 866 1298 
782 881 927 1156 
783 1020 
784 
785 888 931 1026 1223 
786 810 974 1057 1176 1587 
787 1089 
788 1050 1124 1192 
789 1122 
790 1083 1517 
791 816 
792 1147 1149 1268 
793 963 1077 1169 1197 
794 1249 
795 952 1280 
796 1160 1866 
797 1021 1988 
798 866 1198 1802 
799 990 1045 1078 1125 1281 1312 
800 986 1035 1088 
801 1049 
802 1082 
803 907 980 1297 1313 
804 893 1002 1264 1300 
805 879 1654 
806 
807 1904 
808 858 990 1225 
809 1312 
810 945 1200 
811 953 1161 1231 1396 1516 1581 
812 848 884 1073 
813 832 911 
814 926 1126 1142 1209 1240 
815 881 896 
816 1109 1479 
817 
818 
819 1272 1321 
820 860 1014 1331 
821 
822 1007 1351 1739 
823 1049 1318 
824 1686 1992 
825 
826 973 980 1098 1268 1278 
827 1321 
828 831 841 1165 1309 
829 
830 
831 855 
832 
833 1201 1801 
834 994 
835 901 1023 1277 
836 
837 933 1289 
838 1233 
839 917 1012 1086 1166 1315 1326 
840 1101 1255 1308 
841 1050 
842 915 1456 1601 
843 870 938 1097 1164 1196 
844 1039 1136 1571 1805 
845 952 
846 1030 1220 1290 
847 1090 
848 1055 1088 
849 1399 
850 1321 1957 
851 890 1013 1215 1503 
852 876 981 1033 1065 1146 1196 1902 
853 901 957 961 1259 
854 966 1027 
855 885 
856 1227 1376 1985 
857 
858 1269 1276 
859 1153 1283 
860 889 
861 981 1055 1118 1333 
862 913 973 1180 1215 1978 
863 
864 971 1142 
865 1005 1238 1341 
866 989 
867 1098 1317 
868 1038 1046 1265 
869 876 889 1282 1305 1906 
870 1018 1046 1181 1204 1269 
871 1050 1161 1270 
872 1192 1492 
873 884 1199 
874 
875 964 1044 1096 1606 
876 1233 
877 975 1510 
878 1172 
879 1047 1050 1294 
880 920 932 1320 
881 1251 
882 887 1006 1191 1210 
883 891 1157 
884 933 949 1083 
885 898 945 1063 
886 900 1170 
887 1073 1117 1919 
888 1180 1216 1544 
889 1074 
890 
891 1758 
892 929 
893 958 1071 1090 1918 
894 992 997 1072 1098 
895 1103 1164 1318 
896 1273 1728 
897 1091 1244 1875 
898 1206 1303 
899 
900 1174 1233 1314 
901 
902 1291 1420 
903 987 1026 1088 1279 
904 
905 967 979 1103 
906 1127 1261 
907 1023 1154 
908 952 1060 
909 1170 
910 
911 951 1643 
912 1069 
913 1070 1181 1304 
914 991 
915 1030 1302 1558 
916 1747 
917 
918 980 985 1560 
919 
920 1069 
921 974 1070 
922 1066 
923 1206 
924 1156 
925 1021 
926 970 1137 
927 1737 
928 1179 1182 1248 1276 
929 1234 1291 1521 1837 
930 1267 1810 
931 1160 1324 
932 959 1144 1284 1312 1976 
933 1258 
934 971 1405 
935 1881 
936 1163 
937 1063 1260 
938 948 1030 1162 1181 
939 1263 
940 1109 1159 
941 1018 1243 
942 
943 1093 1212 1325 
944 955 967 1301 1828 
945 1019 
946 1033 1064 
947 994 1068 1095 1287 1311 1562 
948 994 1326 
949 1217 1264 1407 
950 1108 1163 1173 
951 1184 
952 990 1164 1282 
953 1933 
954 
955 1081 1167 
956 1150 1210 
957 
958 970 1074 
959 
960 1241 
961 1180 1265 1974 
962 1148 1208 1963 
963 
964 1148 1184 
965 992 
966 1306 
967 1124 
968 1062 1214 
969 
970 1387 1930 
971 
972 1011 1254 1489 
973 1012 1110 
974 1608 1686 
975 
976 
977 1303 
978 1087 1102 
979 1069 
980 1073 1166 
981 1126 1399 1730 1892 
982 1147 1270 
983 1134 
984 1095 1158 1185 
985 1255 
986 1182 1265 1278 1649 1972 
987 1784 1977 
988 1011 1272 
989 1206 
990 
991 1260 1778 
992 1081 
993 1065 1073 1691 
994 1146 
995 1162 
996 
997 1325 
998 
999 1111 1124 
1000 1299 1327 1843 
1001 1030 1096 1165 1173 
1002 
1003 
1004 
1005 1134 1190 
1006 1416 
1007 
1008 
1009 1271 
1010 
1011 1299 
1012 1097 1182 1194 1751 
1013 1237 
1014 1064 
1015 1101 1322 
1016 1212 
1017 
1018 1153 
1019 1068 1215 
1020 1554 
1021 1223 1329 
1022 1243 1307 
1023 1165 
1024 1175 1201 
1025 1229 1235 
1026 
1027 
1028 1031 1175 1313 
1029 1149 1424 
1030 1304 
1031 1254 1275 1283 1646 
1032 
1033 1539 
1034 1042 1252 
1035 
1036 1059 1127 
1037 1134 1273 
1038 1172 
1039 1199 1318 
1040 1317 
1041 
1042 1070 
1043 1046 
1044 1057 1253 
1045 1219 1253 1322 
1046 
1047 1310 1528 
1048 
1049 1228 1271 1313 
1050 1178 1888 
1051 1090 1205 
1052 
1053 1626 
1054 1284 1300 1375 
1055 
1056 
1057 1124 1658 1973 
1058 1100 
1059 1150 1194 
1060 
1061 
1062 1195 1468 
1063 1253 
1064 1788 
1065 
1066 
1067 1130 1206 1225 
1068 1187 
1069 1135 1808 
1070 1091 
1071 1325 1339 
1072 1291 
1073 1870 
1074 1130 
1075 
1076 
1077 1093 
1078 1502 
1079 1088 
1080 1181 1193 1260 1296 
1081 1185 1732 
1082 1148 
1083 1242 1296 1347 
1084 
1085 1947 
1086 
1087 1216 
1088 1255 
1089 1134 1289 1835 1875 
1090 1096 
1091 1114 
1092 1214 1245 
1093 
1094 1158 
1095 1216 1221 1813 
1096 
1097 1197 
1098 1304 1946 
1099 1176 1242 
1100 
1101 
1102 
1103 
1104 
1105 1308 
1106 1140 
1107 
1108 1305 
1109 1157 1808 
1110 1169 1235 
1111 1304 
1112 1170 
1113 1313 1388 1534 1622 
1114 1147 1260 1317 
1115 
1116 
1117 1132 
1118 1171 
1119 1559 1625 
1120 1211 
1121 1304 
1122 1136 
1123 1144 1204 1327 
1124 1155 1201 
1125 1296 1324 1873 
1126 
1127 
1128 1138 1322 
1129 1222 1277 1312 
1130 
1131 1314 
1132 1170 1285 
1133 1702 
1134 
1135 1242 
1136 1264 
1137 
1138 1202 1310 
1139 
1140 
1141 1231 1417 1873 
1142 1303 1320 1328 
1143 
1144 
1145 1266 1305 1671 
1146 1190 1786 1844 
1147 1323 
1148 1313 
1149 1168 
1150 1193 1214 
1151 1211 
1152 
1153 
1154 
1155 1300 
1156 1210 1261 
1157 1232 
1158 
1159 1398 
1160 1252 
1161 1220 
1162 1225 1259 1306 
1163 
1164 
1165 
1166 1575 
1167 
1168 1755 
1169 1759 
1170 
1171 
1172 
1173 
1174 
1175 1212 
1176 1189 1294 
1177 
1178 1288 
1179 
1180 1291 
1181 
1182 1241 
1183 
1184 1296 
1185 1773 
1186 
1187 1300 
1188 1310 
1189 1891 
1190 1292 
1191 1230 
1192 1229 
1193 1210 1238 
1194 1493 
1195 
1196 1281 1615 
1197 
1198 
1199 
1200 1636 
1201 1208 
1202 
1203 
1204 
1205 1235 
1206 1250 1949 
1207 1249 
1208 
1209 
1210 
1211 
1212 1238 1284 
1213 
1214 
1215 1250 
1216 
1217 
1218 1932 
1219 
1220 1522 
1221 
1222 1237 1245 1542 
1223 1312 
1224 
1225 
1226 
1227 
1228 
1229 1313 
1230 1307 
1231 1252 1258 1394 
1232 1273 
1233 
1234 
1235 1250 
1236 1283 
1237 
1238 
1239 1520 
1240 1980 
1241 
1242 
1243 
1244 1316 
1245 
1246 
1247 
1248 
1249 1526 1752 
1250 1961 
1251 
1252 
1253 1258 1463 
1254 
1255 
1256 1913 
1257 
1258 
1259 1305 1355 
1260 
1261 
1262 1333 
1263 
1264 1299 
1265 1637 
1266 1689 
1267 1976 
1268 
1269 
1270 
1271 1879 
1272 
1273 
1274 
1275 1285 1315 1338 
1276 1909 
1277 1280 
1278 1309 
1279 
1280 1284 1306 
1281 
1282 
1283 1319 1471 
1284 
1285 
1286 
1287 1331 
1288 
1289 1987 
1290 1324 
1291 
1292 
1293 
1294 1551 
1295 
1296 1891 
1297 
1298 
1299 1409 
1300 1321 
1301 
1302 1835 
1303 
1304 
1305 1469 
1306 1323 
1307 
1308 
1309 1324 
1310 
1311 
1312 1329 
1313 
1314 
1315 
1316 
1317 1982 
1318 1690 
1319 
1320 1396 
1321 
1322 
1323 
1324 1801 
1325 
1326 
1327 
1328 
1329 
1330 
1331 
1332 1371 1445 1873 1925 1953 
1333 1394 1569 1626 1848 
1334 1476 1598 1652 1800 
1335 1434 1583 1672 1790 1872 
1336 
1337 1389 1399 1427 1530 1871 
1338 1449 1663 
1339 1833 1885 
1340 1523 1559 1710 
1341 1696 
1342 1467 1691 
1343 1608 
1344 1799 
1345 
1346 1626 1838 1915 1974 
1347 1837 
1348 1473 1623 1624 
1349 1410 1683 1827 
1350 1445 1496 1613 
1351 1368 1513 1914 
1352 1484 1742 1747 1820 
1353 1433 1719 
1354 1359 1672 
1355 1369 1513 1739 1861 
1356 1392 1988 
1357 1652 1655 
1358 1363 1394 1661 1722 
1359 1454 1520 1566 1763 
1360 1478 1528 1994 
1361 1560 
1362 1915 
1363 1522 1974 
1364 1416 1643 1895 1982 
1365 1680 1799 
1366 1406 
1367 1984 
1368 1384 1402 1739 
1369 1533 
1370 1729 1993 
1371 1384 1496 1738 1834 
1372 1534 
1373 1374 1393 1619 1706 1792 1896 
1374 1443 1652 1858 1921 
1375 1519 1736 1832 
1376 1645 
1377 1445 1510 1953 
1378 1445 1643 
1379 1653 1706 1801 1997 
1380 1664 1680 1882 
1381 1605 1904 
1382 1574 
1383 1396 1441 1708 
1384 1519 1598 1769 
1385 1792 
1386 1404 1534 1821 
1387 1507 1575 1630 1676 1685 1740 1953 
1388 1589 1987 
1389 1461 1739 1827 
1390 1410 1605 1614 1767 1832 
1391 1628 1865 1877 1960 
1392 1936 
1393 1848 
1394 1414 1469 1875 
1395 1620 1728 1843 1979 
1396 1556 1570 1615 
1397 1448 1576 1665 1974 
1398 1437 1937 
1399 1625 1825 
1400 1429 1698 
1401 1560 1607 1860 1964 
1402 1404 1722 1969 
1403 1835 1882 1897 
1404 1621 1921 1969 
1405 1665 1851 
1406 1715 
1407 1533 1665 1829 1878 
1408 1427 1623 1807 1892 
1409 
1410 1474 
1411 1715 1832 1851 
1412 1473 1944 
1413 1947 
1414 1481 1684 1888 
1415 1614 
1416 1933 
1417 1553 1567 
1418 1775 
1419 1742 1772 1812 
1420 1684 1726 1803 
1421 1554 1760 
1422 
1423 1845 1913 
1424 1910 1980 1996 
1425 1431 1658 1765 1790 1802 1932 
1426 1512 1541 1645 1889 1924 
1427 1838 
1428 1451 1522 1643 1691 1789 1808 1918 1986 
1429 1546 1563 
1430 1440 1940 
1431 1563 1965 
1432 1504 1967 
1433 1665 1865 
1434 1964 
1435 1458 1556 1708 1903 
1436 1624 1725 1747 
1437 1774 
1438 1527 1609 1723 
1439 
1440 
1441 1539 
1442 1628 1737 1773 1774 1795 
1443 
1444 1876 
1445 1474 1663 1963 
1446 1839 1974 
1447 1603 1622 1844 
1448 
1449 1593 
1450 1705 1982 
1451 1836 
1452 1455 1691 
1453 1596 1735 1768 1825 1847 1874 
1454 1558 1746 1870 
1455 
1456 1642 1830 1962 1997 
1457 1628 1690 1784 1985 
1458 1966 
1459 1538 
1460 1541 1747 1937 1979 
1461 1530 1580 1684 1724 1974 
1462 1536 
1463 1598 1969 
1464 1723 
1465 1472 1615 
1466 1768 1804 1809 
1467 1549 1579 1949 
1468 1770 1945 
1469 1702 1769 
1470 1471 1717 1898 1903 
1471 1708 1744 1770 1808 
1472 1511 1562 1777 1874 1912 1972 
1473 1682 1693 1993 
1474 1607 
1475 
1476 
1477 1551 1669 
1478 
1479 1537 1773 1878 
1480 1783 1785 
1481 1861 1995 
1482 1524 1565 1766 1803 
1483 1491 1569 1815 
1484 1762 1983 
1485 1642 
1486 1501 1590 
1487 1582 1751 1927 1994 
1488 1834 
1489 1513 1743 
1490 1573 1661 1961 
1491 1696 
1492 1521 1667 1745 1769 
1493 1636 1764 1854 1855 1864 1933 1973 
1494 1505 1680 1723 1753 
1495 1674 
1496 
1497 1520 1715 
1498 1572 1800 
1499 
1500 1545 1756 
1501 
1502 
1503 1514 
1504 1634 1644 1769 1909 1981 
1505 1789 
1506 1576 1600 1612 1802 1933 
1507 1673 1853 
1508 1597 1774 
1509 
1510 1705 1839 
1511 1613 1756 
1512 
1513 1572 1589 1695 1804 1847 
1514 1777 1971 
1515 1682 1810 
1516 1700 
1517 1581 1596 1912 
1518 1905 
1519 1909 
1520 
1521 1555 
1522 1594 1619 1669 1910 
1523 1593 1680 1855 
1524 1659 1981 
1525 1724 
1526 
1527 1612 1615 
1528 1550 1936 1938 
1529 1986 
1530 1556 1622 
1531 1622 1825 1904 1912 
1532 1993 
1533 
1534 1694 1782 1893 1916 
1535 1555 
1536 1695 1713 1862 
1537 1793 
1538 1901 
1539 1905 1960 
1540 1691 
1541 1719 1952 
1542 
1543 
1544 1856 1879 1931 
1545 1799 1858 
1546 1554 1717 
1547 
1548 1667 1775 1930 
1549 1706 1896 
1550 1604 1607 1662 1711 1716 1719 1771 
1551 1947 
1552 1698 1714 1800 1817 1906 
1553 1598 1744 
1554 1706 1713 1996 
1555 1613 1618 
1556 1890 
1557 1625 
1558 
1559 
1560 1627 1811 
1561 1675 1712 
1562 1776 1947 
1563 1612 1703 
1564 1797 
1565 1620 
1566 1576 1661 1686 
1567 1573 1883 
1568 1576 1613 1632 1658 1739 1976 
1569 1726 1981 
1570 1876 1902 
1571 1726 1865 1957 
1572 
1573 1697 1733 1945 
1574 1744 1826 
1575 1790 1964 
1576 
1577 1850 1905 
1578 1746 1995 
1579 
1580 1791 1966 
1581 1888 
1582 1673 
1583 
1584 1618 1964 
1585 1702 1706 
1586 1635 1690 1701 1790 1806 
1587 1737 1833 1843 1882 
1588 1903 1933 1935 
1589 1886 1904 1933 
1590 
1591 1594 
1592 1682 
1593 1608 1823 
1594 1709 1725 1801 1873 
1595 1601 1761 
1596 
1597 1912 
1598 1739 1776 
1599 1696 
1600 1651 
1601 
1602 1754 1806 1850 1884 1948 
1603 1739 1849 
1604 1844 
1605 1779 1902 
1606 
1607 
1608 1724 
1609 1737 1757 1877 
1610 
1611 
1612 1665 1687 1824 
1613 1967 1995 
1614 
1615 1752 
1616 
1617 1679 
1618 1775 
1619 1716 1854 
1620 1741 1744 
1621 1648 1671 1692 
1622 1932 1992 
1623 1740 1832 1921 1922 1994 
1624 1719 1800 1854 1940 1987 
1625 1666 1986 
1626 1991 
1627 1843 
1628 1724 
1629 1697 1785 1875 1909 1954 
1630 1642 1879 
1631 1903 
1632 
1633 1747 1906 
1634 1636 1837 
1635 1924 1964 1984 
1636 1751 
1637 
1638 1865 
1639 1889 
1640 1738 
1641 1710 1745 1825 
1642 1928 
1643 1645 1899 1907 1994 
1644 1663 1899 
1645 1736 
1646 1790 1819 
1647 
1648 1659 
1649 1688 1888 1912 
1650 1687 1992 
1651 1735 1920 1959 1989 
1652 1755 1780 1880 
1653 1992 
1654 1681 1683 
1655 1728 1896 1938 
1656 1707 1737 
1657 
1658 1672 1760 1877 1926 1946 
1659 1736 1901 
1660 1995 
1661 
1662 1896 
1663 
1664 1708 1771 
1665 1790 1824 1846 1973 
1666 1766 
1667 
1668 1738 1907 
1669 
1670 
1671 1946 
1672 1765 1815 
1673 
1674 1834 1843 
1675 1759 1850 
1676 1765 1870 1983 
1677 1786 
1678 1877 
1679 1784 
1680 1983 
1681 
1682 1877 1883 
1683 
1684 
1685 1818 
1686 1737 1857 1890 
1687 1777 1831 1939 
1688 1908 1984 
1689 1797 
1690 1873 1967 1973 
1691 
1692 1800 
1693 1900 
1694 1933 
1695 1776 
1696 1962 
1697 1823 1831 
1698 1828 
1699 1836 1983 
1700 1951 
1701 1912 1972 
1702 
1703 1720 
1704 
1705 
1706 
1707 1868 
1708 
1709 1879 1917 
1710 1717 1801 1864 1903 1955 1988 
1711 
1712 1778 1881 
1713 
1714 1803 
1715 1937 
1716 1773 
1717 
1718 1905 
1719 1896 
1720 1814 1883 1971 
1721 1769 1804 1868 
1722 1845 1983 
1723 
1724 
1725 1902 
1726 
1727 1831 1848 
1728 1860 
1729 1944 
1730 
1731 1975 
1732 1946 
1733 
1734 
1735 1905 
1736 
1737 
1738 
1739 
1740 
1741 1977 
1742 
1743 1805 
1744 
1745 1976 
1746 1774 1820 
1747 1889 1914 
1748 
1749 1760 1770 1965 1996 
1750 1921 
1751 1953 1967 
1752 1801 
1753 1818 
1754 1990 
1755 
1756 
1757 1871 
1758 1901 
1759 1841 
1760 1847 1938 
1761 1803 1972 
1762 1771 1797 
1763 
1764 1915 
1765 1771 1903 
1766 
1767 
1768 1969 
1769 1794 1906 1990 
1770 
1771 1924 
1772 1887 1966 
1773 1990 
1774 1960 
1775 
1776 1802 1971 
1777 
1778 
1779 1831 1868 
1780 1870 1880 
1781 1837 1922 
1782 1901 
1783 
1784 
1785 
1786 
1787 1984 
1788 1828 1899 
1789 1997 
1790 1910 1911 
1791 1814 1898 
1792 
1793 1980 
1794 1926 1977 
1795 
1796 
1797 1859 
1798 
1799 
1800 1818 
1801 1926 1993 
1802 
1803 
1804 1931 1980 
1805 1959 
1806 
1807 
1808 1892 
1809 1897 
1810 1970 
1811 1873 1928 
1812 1833 
1813 1941 
1814 
1815 
1816 
1817 
1818 1969 
1819 
1820 
1821 1901 1929 
1822 1846 
1823 
1824 
1825 1853 
1826 1913 
1827 
1828 
1829 1932 1950 
1830 1905 1923 1934 
1831 1970 
1832 1992 
1833 1876 1991 
1834 
1835 
1836 
1837 1923 
1838 1987 
1839 
1840 
1841 1994 
1842 
1843 
1844 1886 
1845 
1846 1895 1978 1983 
1847 
1848 1873 
1849 
1850 1876 
1851 1915 1989 
1852 1933 
1853 
1854 1978 
1855 
1856 1866 1878 
1857 1891 
1858 1916 
1859 
1860 1886 
1861 1887 1982 
1862 
1863 
1864 1876 
1865 
1866 
1867 
1868 1936 
1869 1958 
1870 
1871 
1872 
1873 
1874 
1875 
1876 1901 1928 1932 1986 
1877 
1878 
1879 1960 
1880 1885 1958 
1881 1939 
1882 
1883 
1884 1950 
1885 
1886 
1887 
1888 
1889 
1890 1945 
1891 
1892 1964 
1893 
1894 
1895 1985 
1896 
1897 
1898 
1899 
1900 1986 
1901 
1902 
1903 1941 
1904 
1905 1908 
1906 
1907 
1908 1909 
1909 1963 
1910 
1911 1953 1973 
1912 1969 
1913 
1914 
1915 
1916 
1917 1973 
1918 
1919 
1920 
1921 1930 1983 
1922 
1923 1940 
1924 
1925 
1926 
1927 1986 
1928 
1929 1970 
1930 
1931 
1932 
1933 
1934 
1935 
1936 1976 
1937 1946 
1938 
1939 
1940 
1941 1950 
1942 
1943 
1944 
1945 
1946 1981 
1947 
1948 1968 
1949 
1950 
1951 
1952 
1953 
1954 
1955 
1956 
1957 
1958 
1959 
1960 
1961 1992 
1962 
1963 
1964 
1965 
1966 
1967 
1968 
1969 
1970 
1971 
1972 
1973 
1974 
1975 1982 
1976 
1977 
1978 
1979 
1980 
1981 
1982 
1983 
1984 
1985 1989 
1986 
1987 
1988 
1989 
1990 
1991 
1992 
1993 
1994 
1995 
1996 
1997 
1998 
1999 
[0, 0, 0, 0, 0, 0, 0, 0, 0, 0, 0, 0, 0, 0, 0, 0, 0, 0, 0, 0, 0, 0, 0, 0, 0, 0, 0, 0, 0, 0, 0, 0, 0, 0, 0, 0, 0, 0, 0, 0, 0, 0, 0, 0, 0, 0, 0, 0, 0, 0, 0, 0, 0, 0, 0, 0, 0, 0, 0, 0, 0, 0, 0, 0, 0, 0, 0, 0, 0, 0, 0, 0, 0, 0, 0, 0, 0, 0, 0, 0, 0, 0, 0, 0, 0, 0, 0, 0, 0, 0, 0, 0, 0, 0, 0, 0, 0, 0, 0, 0, 0, 0, 0, 0, 0, 0, 0, 0, 0, 0, 0, 0, 0, 0, 0, 0, 0, 0, 0, 0, 0, 0, 0, 0, 0, 0, 0, 0, 0, 0, 0, 0, 0, 0, 0, 0, 0, 0, 0, 0, 0, 0, 0, 0, 0, 0, 0, 0, 0, 0, 0, 0, 0, 0, 0, 0, 0, 0, 0, 0, 0, 0, 0, 0, 0, 0, 0, 0, 0, 0, 0, 0, 0, 0, 0, 0, 0, 0, 0, 0, 0, 0, 0, 0, 0, 0, 0, 0, 0, 0, 0, 0, 0, 0, 0, 0, 0, 0, 0, 0, 0, 0, 0, 0, 0, 0, 0, 0, 0, 0, 0, 0, 0, 0, 0, 0, 0, 0, 0, 0, 0, 0, 0, 0, 0, 0, 0, 0, 0, 0, 0, 0, 0, 0, 0, 0, 0, 0, 0, 0, 0, 0, 0, 0, 0, 0, 0, 0, 0, 0, 0, 0, 0, 0, 0, 0, 0, 0, 0, 0, 0, 0, 0, 0, 0, 0, 0, 0, 0, 0, 0, 0, 0, 0, 0, 0, 0, 0, 0, 0, 0, 0, 0, 0, 0, 0, 0, 0, 0, 0, 0, 0, 0, 0, 0, 0, 0, 0, 0, 0, 0, 0, 0, 0, 0, 0, 0, 0, 0, 0, 0, 0, 0, 0, 0, 0, 0, 0, 0, 0, 0, 0, 0, 0, 0, 0, 0, 0, 0, 0, 0, 0, 0, 0, 0, 0, 0, 0, 0, 0, 0, 0, 0, 0, 0, 0, 0, 0, 0, 0, 0, 0, 0, 0, 0, 0, 0, 0, 0, 0, 0, 0, 0, 0, 0, 0, 0, 0, 0, 0, 0, 0, 0, 0, 0, 0, 0, 0, 0, 0, 0, 0, 0, 0, 0, 0, 0, 0, 0, 0, 0, 0, 0, 0, 0, 0, 0, 0, 0, 0, 0, 0, 0, 0, 0, 0, 0, 0, 0, 0, 0, 0, 0, 0, 0, 0, 0, 0, 0, 0, 0, 0, 0, 0, 0, 0, 0, 0, 0, 0, 0, 0, 0, 0, 0, 0, 0, 0, 0, 0, 0, 0, 0, 0, 0, 0, 0, 0, 0, 0, 0, 0, 0, 0, 0, 0, 0, 0, 0, 0, 0, 0, 0, 0, 0, 0, 0, 0, 0, 0, 0, 0, 0, 0, 0, 0, 0, 0, 0, 0, 0, 0, 0, 0, 0, 0, 0, 0, 0, 0, 0, 0, 0, 0, 0, 0, 0, 0, 0, 0, 0, 0, 0, 0, 0, 0, 0, 0, 0, 0, 0, 0, 0, 0, 0, 0, 0, 0, 0, 0, 0, 0, 0, 0, 0, 0, 0, 0, 0, 0, 0, 0, 0, 0, 0, 0, 0, 0, 0, 0, 0, 0, 0, 0, 0, 0, 0, 0, 0, 0, 0, 0, 0, 0, 0, 0, 0, 0, 0, 0, 0, 0, 0, 0, 0, 0, 0, 0, 0, 0, 0, 0, 0, 0, 0, 0, 0, 0, 0, 0, 0, 0, 0, 0, 0, 0, 0, 0, 0, 0, 0, 0, 0, 0, 0, 0, 0, 0, 0, 0, 0, 0, 0, 0, 0, 0, 0, 0, 0, 0, 0, 0, 0, 0, 0, 0, 0, 0, 0, 0, 0, 0, 0, 0, 0, 0, 0, 0, 0, 0, 0, 0, 0, 0, 0, 0, 0, 0, 0, 0, 0, 0, 0, 0, 0, 0, 0, 0, 0, 0, 0, 0, 0, 0, 0, 0, 0, 0, 0, 0, 0, 0, 0, 0, 0, 0, 1, 1, 1, 1, 1, 1, 1, 1, 1, 1, 1, 1, 1, 1, 1, 1, 1, 1, 1, 1, 1, 1, 1, 1, 1, 1, 1, 1, 1, 1, 1, 1, 1, 1, 1, 1, 1, 1, 1, 1, 1, 1, 1, 1, 1, 1, 1, 1, 1, 1, 1, 1, 1, 1, 1, 1, 1, 1, 1, 1, 1, 1, 1, 1, 1, 1, 1, 1, 1, 1, 1, 1, 1, 1, 1, 1, 1, 1, 1, 1, 1, 1, 1, 1, 1, 1, 1, 1, 1, 1, 1, 1, 1, 1, 1, 1, 1, 1, 1, 1, 1, 1, 1, 1, 1, 1, 1, 1, 1, 1, 1, 1, 1, 1, 1, 1, 1, 1, 1, 1, 1, 1, 1, 1, 1, 1, 1, 1, 1, 1, 1, 1, 1, 1, 1, 1, 1, 1, 1, 1, 1, 1, 1, 1, 1, 1, 1, 1, 1, 1, 1, 1, 1, 1, 1, 1, 1, 1, 1, 1, 1, 1, 1, 1, 1, 1, 1, 1, 1, 1, 1, 1, 1, 1, 1, 1, 1, 1, 1, 1, 1, 1, 1, 1, 1, 1, 1, 1, 1, 1, 1, 1, 1, 1, 1, 1, 1, 1, 1, 1, 1, 1, 1, 1, 1, 1, 1, 1, 1, 1, 1, 1, 1, 1, 1, 1, 1, 1, 1, 1, 1, 1, 1, 1, 1, 1, 1, 1, 1, 1, 1, 1, 1, 1, 1, 1, 1, 1, 1, 1, 1, 1, 1, 1, 1, 1, 1, 1, 1, 1, 1, 1, 1, 1, 1, 1, 1, 1, 1, 1, 1, 1, 1, 1, 1, 1, 1, 1, 1, 1, 1, 1, 1, 1, 1, 1, 1, 1, 1, 1, 1, 1, 1, 1, 1, 1, 1, 1, 1, 1, 1, 1, 1, 1, 1, 1, 1, 1, 1, 1, 1, 1, 1, 1, 1, 1, 1, 1, 1, 1, 1, 1, 1, 1, 1, 1, 1, 1, 1, 1, 1, 1, 1, 1, 1, 1, 1, 1, 1, 1, 1, 1, 1, 1, 1, 1, 1, 1, 1, 1, 1, 1, 1, 1, 1, 1, 1, 1, 1, 1, 1, 1, 1, 1, 1, 1, 1, 1, 1, 1, 1, 1, 1, 1, 1, 1, 1, 1, 1, 1, 1, 1, 1, 1, 1, 1, 1, 1, 1, 1, 1, 1, 1, 1, 1, 1, 1, 1, 1, 1, 1, 1, 1, 1, 1, 1, 1, 1, 1, 1, 1, 1, 1, 1, 1, 1, 1, 1, 1, 1, 1, 1, 1, 1, 1, 1, 1, 1, 1, 1, 1, 1, 1, 1, 1, 1, 1, 1, 1, 1, 1, 1, 1, 1, 1, 1, 1, 1, 1, 1, 1, 1, 1, 1, 1, 1, 1, 1, 1, 1, 1, 1, 1, 1, 1, 1, 1, 1, 1, 1, 1, 1, 1, 1, 1, 1, 1, 1, 1, 1, 1, 1, 1, 1, 1, 1, 1, 1, 1, 1, 1, 1, 1, 1, 1, 1, 1, 1, 1, 1, 1, 1, 1, 1, 1, 1, 1, 1, 1, 1, 1, 1, 1, 1, 1, 1, 1, 1, 1, 1, 1, 1, 1, 1, 1, 1, 1, 1, 1, 1, 1, 1, 1, 1, 1, 1, 1, 1, 1, 1, 1, 1, 1, 1, 1, 1, 1, 1, 1, 1, 1, 1, 1, 1, 1, 1, 1, 1, 1, 1, 1, 1, 1, 1, 1, 1, 1, 1, 1, 1, 1, 1, 1, 1, 1, 1, 1, 1, 1, 1, 1, 1, 1, 1, 1, 1, 1, 1, 1, 1, 1, 1, 1, 1, 1, 1, 1, 1, 1, 1, 1, 1, 1, 1, 1, 1, 1, 1, 1, 1, 1, 1, 1, 1, 1, 1, 1, 1, 1, 1, 1, 1, 1, 1, 1, 1, 1, 1, 1, 1, 1, 1, 1, 1, 1, 1, 1, 1, 1, 1, 1, 1, 1, 1, 1, 1, 1, 1, 1, 1, 1, 1, 1, 1, 1, 1, 1, 1, 1, 1, 1, 1, 1, 1, 1, 1, 1, 1, 1, 1, 1, 1, 1, 1, 1, 1, 2, 2, 2, 2, 2, 2, 2, 2, 2, 2, 2, 2, 2, 2, 2, 2, 2, 2, 2, 2, 2, 2, 2, 2, 2, 2, 2, 2, 2, 2, 2, 2, 2, 2, 2, 2, 2, 2, 2, 2, 2, 2, 2, 2, 2, 2, 2, 2, 2, 2, 2, 2, 2, 2, 2, 2, 2, 2, 2, 2, 2, 2, 2, 2, 2, 2, 2, 2, 2, 2, 2, 2, 2, 2, 2, 2, 2, 2, 2, 2, 2, 2, 2, 2, 2, 2, 2, 2, 2, 2, 2, 2, 2, 2, 2, 2, 2, 2, 2, 2, 2, 2, 2, 2, 2, 2, 2, 2, 2, 2, 2, 2, 2, 2, 2, 2, 2, 2, 2, 2, 2, 2, 2, 2, 2, 2, 2, 2, 2, 2, 2, 2, 2, 2, 2, 2, 2, 2, 2, 2, 2, 2, 2, 2, 2, 2, 2, 2, 2, 2, 2, 2, 2, 2, 2, 2, 2, 2, 2, 2, 2, 2, 2, 2, 2, 2, 2, 2, 2, 2, 2, 2, 2, 2, 2, 2, 2, 2, 2, 2, 2, 2, 2, 2, 2, 2, 2, 2, 2, 2, 2, 2, 2, 2, 2, 2, 2, 2, 2, 2, 2, 2, 2, 2, 2, 2, 2, 2, 2, 2, 2, 2, 2, 2, 2, 2, 2, 2, 2, 2, 2, 2, 2, 2, 2, 2, 2, 2, 2, 2, 2, 2, 2, 2, 2, 2, 2, 2, 2, 2, 2, 2, 2, 2, 2, 2, 2, 2, 2, 2, 2, 2, 2, 2, 2, 2, 2, 2, 2, 2, 2, 2, 2, 2, 2, 2, 2, 2, 2, 2, 2, 2, 2, 2, 2, 2, 2, 2, 2, 2, 2, 2, 2, 2, 2, 2, 2, 2, 2, 2, 2, 2, 2, 2, 2, 2, 2, 2, 2, 2, 2, 2, 2, 2, 2, 2, 2, 2, 2, 2, 2, 2, 2, 2, 2, 2, 2, 2, 2, 2, 2, 2, 2, 2, 2, 2, 2, 2, 2, 2, 2, 2, 2, 2, 2, 2, 2, 2, 2, 2, 2, 2, 2, 2, 2, 2, 2, 2, 2, 2, 2, 2, 2, 2, 2, 2, 2, 2, 2, 2, 2, 2, 2, 2, 2, 2, 2, 2, 2, 2, 2, 2, 2, 2, 2, 2, 2, 2, 2, 2, 2, 2, 2, 2, 2, 2, 2, 2, 2, 2, 2, 2, 2, 2, 2, 2, 2, 2, 2, 2, 2, 2, 2, 2, 2, 2, 2, 2, 2, 2, 2, 2, 2, 2, 2, 2, 2, 2, 2, 2, 2, 2, 2, 2, 2, 2, 2, 2, 2, 2, 2, 2, 2, 2, 2, 2, 2, 2, 2, 2, 2, 2, 2, 2, 2, 2, 2, 2, 2, 2, 2, 2, 2, 2, 2, 2, 2, 2, 2, 2, 2, 2, 2, 2, 2, 2, 2, 2, 2, 2, 2, 2, 2, 2, 2, 2, 2, 2, 2, 2, 2, 2, 2, 2, 2, 2, 2, 2, 2, 2, 2, 2, 2, 2, 2, 2, 2, 2, 2, 2, 2, 2, 2, 2, 2, 2, 2, 2, 2, 2, 2, 2, 2, 2, 2, 2, 2, 2, 2, 2, 2, 2, 2, 2, 2, 2, 2, 2, 2, 2, 2, 2, 2, 2, 2, 2, 2, 2, 2, 2, 2, 2, 2, 2, 2, 2, 2, 2, 2, 2, 2, 2, 2, 2, 2, 2, 2, 2, 2, 2, 2, 2, 2, 2, 2, 2, 2, 2, 2, 2, 2, 2, 2, 2, 2, 2, 2, 2, 2, 2, 2, 2, 2, 2, 2, 2, 2, 2, 2, 2, 2, 2, 2, 2, 2, 2, 2, 2, 2, 2, 2, 2, 2, 2, 2, 2, 2, 2, 2, 2, 2, 2, 2, 2, 2, 2, 2, 2, 2, 2, 2, 2, 2, 2, 2, 2, 2, 2, 2, 2, 2, 2, 2, 2, 2, 2, 2, 2, 2, 2, 2, 2, 2, 2, 2, 2, 2, 2, 2, 2, 2, 2, 2, 2, 2, 2, 2, 2, 2, 2, 2, 2, 2, 2, 2, 2, 0, 0]