0 727 1301 
1 679 
2 556 
3 
4 
5 
6 
7 
8 925 
9 
10 
11 402 
12 42 
13 852 
14 
15 759 
16 790 
17 
18 
19 
20 
21 435 604 
22 
23 
24 699 710 
25 665 
26 
27 
28 
29 
30 380 
31 440 
32 
33 
34 
35 434 762 
36 
37 888 
38 
39 327 699 
40 
41 132 611 
42 106 
43 137 
44 
45 
46 
47 255 828 
48 902 
49 
50 104 
51 
52 
53 
54 292 
55 
56 
57 
58 
59 
60 
61 
62 
63 
64 866 
65 
66 
67 260 295 
68 
69 1257 
70 
71 
72 613 701 
73 
74 156 1010 
75 
76 188 
77 
78 
79 
80 
81 687 
82 
83 
84 675 
85 
86 529 836 
87 
88 529 
89 
90 1309 
91 
92 597 
93 
94 115 
95 
96 150 621 
97 
98 165 
99 
100 209 538 
101 414 752 
102 877 
103 
104 
105 
106 
107 
108 
109 
110 931 
111 792 
112 
113 999 
114 
115 
116 1449 
117 
118 
119 
120 829 
121 757 
122 
123 236 1681 
124 
125 
126 
127 
128 129 
129 560 
130 
131 
132 
133 273 
134 799 
135 
136 143 
137 
138 
139 663 
140 
141 142 
142 
143 
144 
145 240 881 
146 
147 
148 
149 
150 
151 
152 
153 
154 
155 
156 
157 
158 990 
159 
160 
161 
162 301 
163 218 384 
164 
165 
166 641 
167 
168 
169 726 
170 796 
171 
172 816 
173 671 
174 
175 422 
176 
177 466 
178 412 
179 
180 786 
181 
182 
183 207 
184 
185 
186 915 
187 
188 
189 
190 596 
191 
192 
193 
194 
195 
196 738 
197 264 
198 477 
199 
200 
201 1126 
202 
203 
204 
205 
206 
207 1654 
208 676 
209 
210 
211 
212 
213 343 
214 
215 
216 
217 
218 353 
219 
220 816 
221 
222 
223 1654 
224 634 
225 
226 
227 
228 
229 
230 
231 
232 932 
233 
234 
235 
236 
237 560 
238 
239 
240 
241 694 
242 
243 293 731 
244 
245 
246 
247 303 396 630 
248 
249 
250 
251 
252 462 
253 
254 545 
255 
256 
257 
258 338 
259 316 
260 
261 1660 
262 
263 
264 934 
265 
266 
267 611 
268 704 
269 808 
270 576 626 732 
271 
272 
273 
274 
275 816 
276 854 1734 
277 722 
278 
279 
280 
281 
282 
283 
284 
285 
286 321 
287 
288 
289 861 
290 
291 809 
292 532 
293 468 
294 
295 
296 
297 
298 
299 
300 
301 
302 
303 
304 1087 
305 
306 687 735 
307 566 
308 788 915 
309 323 
310 
311 
312 1014 
313 
314 754 811 
315 
316 
317 343 
318 
319 
320 
321 
322 
323 
324 633 
325 
326 
327 
328 
329 
330 
331 
332 
333 639 
334 
335 
336 1530 
337 
338 996 
339 
340 
341 939 1897 
342 
343 
344 980 
345 449 559 
346 
347 659 
348 
349 
350 
351 
352 
353 1321 
354 
355 
356 
357 
358 
359 625 
360 
361 
362 544 
363 
364 532 
365 
366 
367 
368 
369 
370 
371 
372 
373 
374 
375 
376 
377 
378 649 785 
379 
380 
381 
382 
383 
384 
385 
386 488 
387 
388 
389 734 1425 
390 621 
391 
392 
393 876 
394 
395 503 
396 
397 
398 
399 
400 945 974 
401 457 
402 612 
403 
404 
405 
406 
407 
408 814 920 
409 
410 
411 
412 
413 920 
414 
415 609 
416 1534 
417 
418 
419 
420 747 
421 422 629 988 
422 
423 
424 672 
425 
426 884 
427 
428 
429 
430 1669 
431 
432 
433 
434 
435 
436 
437 
438 955 
439 475 
440 
441 
442 
443 
444 
445 
446 
447 
448 643 
449 793 
450 1606 
451 
452 
453 
454 
455 
456 1890 
457 
458 637 
459 
460 
461 
462 675 
463 503 665 
464 
465 
466 625 
467 
468 
469 594 
470 
471 
472 
473 
474 
475 685 
476 
477 
478 
479 
480 888 968 
481 
482 
483 
484 
485 
486 681 
487 
488 
489 653 
490 757 
491 
492 
493 
494 537 773 
495 
496 555 
497 
498 
499 558 
500 554 
501 
502 
503 
504 
505 1082 
506 
507 
508 
509 
510 561 1475 
511 
512 
513 
514 
515 
516 
517 
518 
519 647 
520 
521 
522 
523 
524 
525 
526 
527 
528 
529 
530 698 827 
531 
532 
533 
534 
535 670 
536 
537 958 
538 
539 
540 
541 963 
542 
543 
544 
545 
546 
547 
548 
549 
550 
551 
552 
553 748 
554 
555 677 
556 858 
557 
558 806 
559 654 
560 
561 683 
562 820 850 
563 
564 964 
565 
566 
567 
568 
569 
570 
571 
572 
573 
574 
575 
576 
577 
578 771 
579 
580 
581 
582 
583 
584 
585 
586 
587 752 1859 
588 1177 
589 
590 
591 
592 
593 
594 
595 
596 
597 
598 
599 
600 
601 1314 
602 
603 
604 
605 
606 
607 
608 
609 
610 
611 
612 
613 
614 
615 657 
616 663 787 
617 
618 
619 
620 729 
621 
622 
623 
624 
625 
626 
627 
628 
629 
630 
631 
632 
633 1674 
634 
635 
636 
637 
638 653 
639 
640 846 
641 985 
642 
643 
644 
645 
646 
647 
648 
649 
650 925 
651 967 988 
652 
653 
654 
655 995 
656 
657 
658 
659 
660 
661 
662 993 
663 
664 
665 
666 
667 
668 
669 
670 
671 1695 
672 795 
673 
674 682 
675 1089 
676 
677 1747 
678 
679 849 
680 1040 
681 
682 
683 955 
684 
685 945 
686 
687 
688 1115 
689 
690 
691 
692 876 
693 796 
694 728 
695 1201 
696 
697 
698 
699 
700 
701 
702 
703 
704 
705 
706 851 
707 
708 
709 979 
710 
711 
712 
713 
714 
715 843 
716 756 
717 
718 
719 
720 
721 
722 1334 
723 
724 
725 
726 
727 
728 
729 
730 
731 
732 
733 
734 
735 
736 
737 1218 
738 
739 
740 
741 953 
742 1444 1720 
743 975 
744 
745 
746 
747 
748 
749 
750 
751 915 
752 
753 
754 
755 
756 
757 
758 
759 
760 
761 
762 
763 
764 
765 
766 
767 
768 
769 
770 
771 
772 
773 
774 917 
775 
776 
777 
778 
779 868 
780 1125 
781 
782 
783 
784 
785 
786 
787 
788 
789 981 
790 
791 1447 
792 
793 990 
794 
795 
796 
797 
798 1194 
799 
800 925 
801 
802 
803 
804 
805 
806 
807 
808 
809 
810 
811 
812 
813 
814 
815 
816 
817 
818 
819 953 
820 
821 1754 
822 
823 828 
824 
825 
826 
827 
828 
829 
830 
831 
832 
833 
834 
835 
836 
837 865 
838 
839 981 
840 
841 
842 
843 
844 
845 
846 
847 
848 
849 
850 1176 
851 904 
852 
853 1463 
854 872 
855 
856 
857 
858 
859 
860 
861 
862 
863 
864 
865 
866 
867 
868 
869 
870 
871 
872 
873 
874 
875 
876 
877 
878 
879 925 
880 
881 
882 
883 
884 
885 
886 
887 
888 
889 
890 
891 
892 
893 
894 
895 
896 
897 
898 
899 
900 1981 
901 
902 
903 1348 
904 
905 
906 976 
907 
908 
909 
910 
911 
912 
913 
914 
915 
916 
917 1718 
918 
919 
920 
921 
922 
923 
924 
925 
926 
927 
928 
929 
930 1735 
931 
932 
933 
934 
935 
936 
937 
938 
939 
940 
941 
942 
943 
944 
945 1149 
946 
947 
948 
949 
950 
951 
952 
953 
954 
955 1433 
956 
957 
958 
959 
960 
961 
962 
963 970 
964 
965 
966 
967 
968 
969 
970 
971 
972 
973 
974 
975 
976 1074 
977 
978 
979 
980 
981 
982 
983 
984 
985 
986 
987 
988 
989 
990 
991 
992 
993 
994 
995 
996 
997 
998 
999 
1000 1642 1776 
1001 
1002 1125 1582 
1003 
1004 1267 1279 
1005 
1006 
1007 1382 
1008 
1009 
1010 
1011 1115 1835 
1012 
1013 
1014 
1015 
1016 1814 
1017 1410 
1018 1587 
1019 1275 
1020 
1021 
1022 1785 1811 
1023 1409 
1024 
1025 
1026 1075 
1027 
1028 1366 1953 
1029 
1030 1111 
1031 
1032 
1033 
1034 
1035 1238 
1036 
1037 
1038 1996 
1039 1559 
1040 
1041 1633 
1042 1166 
1043 1405 
1044 
1045 
1046 1745 
1047 
1048 
1049 
1050 
1051 
1052 1187 1569 
1053 
1054 
1055 
1056 
1057 
1058 
1059 
1060 1422 
1061 
1062 
1063 
1064 
1065 1583 
1066 
1067 1572 
1068 
1069 1204 
1070 1601 
1071 
1072 
1073 
1074 
1075 
1076 1333 
1077 
1078 1395 
1079 
1080 
1081 1827 
1082 1118 
1083 
1084 1962 
1085 
1086 
1087 
1088 
1089 
1090 
1091 1546 
1092 
1093 1486 
1094 
1095 
1096 
1097 
1098 1353 
1099 
1100 1685 
1101 
1102 
1103 
1104 
1105 
1106 1294 
1107 
1108 
1109 1231 1266 1373 
1110 
1111 
1112 1931 
1113 
1114 
1115 
1116 1124 1407 1867 
1117 
1118 
1119 1877 
1120 1601 
1121 
1122 
1123 
1124 
1125 1941 
1126 1349 
1127 
1128 
1129 
1130 
1131 
1132 1535 
1133 1163 
1134 1206 1559 
1135 1215 1295 
1136 
1137 
1138 
1139 
1140 1414 
1141 
1142 1488 
1143 1775 
1144 
1145 
1146 
1147 
1148 
1149 
1150 
1151 1428 
1152 1322 1578 
1153 
1154 1350 
1155 
1156 
1157 1159 1194 1644 1839 
1158 1843 
1159 
1160 1252 
1161 1900 
1162 
1163 1921 1977 
1164 
1165 
1166 
1167 
1168 1575 
1169 1670 
1170 
1171 
1172 1874 
1173 1516 1779 
1174 
1175 
1176 
1177 
1178 1947 
1179 
1180 
1181 
1182 1554 
1183 
1184 
1185 1665 
1186 1430 
1187 
1188 
1189 
1190 
1191 
1192 
1193 
1194 
1195 
1196 1839 
1197 
1198 
1199 
1200 1463 1963 
1201 1957 
1202 
1203 1428 
1204 1404 1834 
1205 
1206 
1207 1712 
1208 
1209 1750 
1210 
1211 
1212 
1213 1730 1990 
1214 
1215 
1216 
1217 
1218 
1219 1418 
1220 1853 
1221 
1222 
1223 
1224 
1225 
1226 
1227 
1228 
1229 
1230 1763 1987 
1231 
1232 
1233 
1234 1817 
1235 
1236 
1237 
1238 1536 
1239 
1240 
1241 1247 
1242 
1243 1949 
1244 1618 
1245 
1246 1871 
1247 1554 1776 1949 
1248 
1249 
1250 
1251 
1252 
1253 1523 
1254 1524 
1255 
1256 1844 
1257 
1258 
1259 1634 
1260 
1261 
1262 
1263 
1264 
1265 
1266 1843 1876 
1267 1605 
1268 
1269 
1270 
1271 
1272 
1273 
1274 
1275 
1276 
1277 
1278 1758 
1279 1523 
1280 
1281 1878 
1282 
1283 
1284 
1285 
1286 1390 1399 1607 
1287 
1288 
1289 
1290 1378 
1291 1982 
1292 1417 
1293 1710 
1294 
1295 1933 
1296 
1297 1832 
1298 1487 
1299 
1300 
1301 
1302 
1303 
1304 
1305 
1306 
1307 1805 
1308 
1309 
1310 
1311 
1312 
1313 1589 
1314 1705 
1315 
1316 
1317 
1318 
1319 
1320 
1321 1655 
1322 
1323 1829 1854 
1324 
1325 
1326 1375 
1327 1527 
1328 
1329 1883 
1330 1638 
1331 
1332 
1333 1647 
1334 
1335 
1336 
1337 
1338 
1339 
1340 
1341 
1342 
1343 
1344 1640 
1345 
1346 1631 1707 
1347 1787 
1348 
1349 1764 
1350 
1351 1792 1905 
1352 
1353 
1354 
1355 
1356 
1357 
1358 
1359 
1360 1876 
1361 
1362 
1363 
1364 1723 
1365 
1366 
1367 
1368 1956 
1369 
1370 1495 
1371 1758 
1372 
1373 
1374 1435 
1375 
1376 1863 
1377 
1378 
1379 1562 1603 
1380 
1381 1739 
1382 
1383 1796 
1384 
1385 
1386 
1387 
1388 
1389 1473 1875 
1390 
1391 1684 
1392 
1393 
1394 1446 
1395 
1396 
1397 
1398 
1399 1418 1836 
1400 
1401 
1402 
1403 
1404 
1405 
1406 
1407 
1408 
1409 1574 1819 
1410 
1411 
1412 
1413 
1414 
1415 1639 
1416 
1417 
1418 
1419 
1420 1673 
1421 
1422 
1423 
1424 
1425 
1426 
1427 
1428 1774 
1429 
1430 
1431 1763 1908 
1432 
1433 1832 
1434 
1435 
1436 1986 
1437 
1438 1789 
1439 1557 
1440 
1441 
1442 
1443 1639 
1444 
1445 
1446 
1447 
1448 
1449 1609 
1450 
1451 
1452 
1453 
1454 
1455 
1456 1459 
1457 
1458 
1459 
1460 1573 
1461 
1462 1532 
1463 
1464 
1465 
1466 
1467 
1468 
1469 
1470 
1471 1679 
1472 1724 
1473 
1474 
1475 
1476 
1477 
1478 
1479 
1480 
1481 
1482 
1483 1947 
1484 1632 
1485 
1486 
1487 
1488 
1489 
1490 
1491 
1492 
1493 
1494 
1495 
1496 
1497 
1498 
1499 1858 
1500 1964 
1501 1510 
1502 
1503 1585 1854 
1504 
1505 
1506 1563 
1507 1758 
1508 
1509 
1510 1991 
1511 
1512 1831 
1513 
1514 
1515 
1516 
1517 1971 
1518 
1519 1667 
1520 
1521 
1522 
1523 1616 
1524 
1525 
1526 
1527 
1528 
1529 
1530 
1531 1759 
1532 
1533 
1534 
1535 
1536 1795 
1537 
1538 1837 
1539 
1540 
1541 
1542 
1543 1681 
1544 
1545 
1546 1641 
1547 
1548 
1549 1672 
1550 
1551 
1552 
1553 
1554 
1555 
1556 1744 1938 
1557 
1558 
1559 
1560 
1561 
1562 1866 
1563 
1564 
1565 
1566 1908 
1567 1790 1964 
1568 
1569 
1570 
1571 
1572 
1573 
1574 
1575 1755 
1576 
1577 
1578 
1579 1884 
1580 
1581 
1582 1919 
1583 
1584 
1585 
1586 
1587 
1588 
1589 1799 
1590 1634 
1591 1880 
1592 
1593 
1594 1925 
1595 
1596 
1597 
1598 
1599 
1600 1634 
1601 
1602 
1603 
1604 1977 
1605 
1606 
1607 
1608 
1609 
1610 
1611 
1612 
1613 
1614 
1615 
1616 
1617 
1618 
1619 
1620 
1621 
1622 
1623 
1624 
1625 
1626 
1627 
1628 
1629 
1630 
1631 
1632 
1633 
1634 
1635 
1636 1973 
1637 1992 
1638 
1639 
1640 
1641 
1642 1979 
1643 1964 
1644 1707 
1645 
1646 
1647 
1648 
1649 
1650 
1651 
1652 1661 
1653 
1654 
1655 
1656 
1657 
1658 1718 
1659 
1660 
1661 
1662 
1663 
1664 
1665 
1666 
1667 1765 
1668 
1669 
1670 
1671 
1672 
1673 1986 
1674 
1675 
1676 
1677 
1678 
1679 
1680 
1681 
1682 
1683 
1684 
1685 1900 
1686 
1687 
1688 
1689 
1690 
1691 
1692 1723 
1693 
1694 
1695 
1696 
1697 
1698 
1699 1948 
1700 
1701 
1702 1987 
1703 1783 
1704 
1705 1846 
1706 
1707 1910 
1708 1826 
1709 
1710 
1711 
1712 
1713 
1714 
1715 
1716 
1717 
1718 
1719 
1720 
1721 
1722 
1723 
1724 1740 
1725 
1726 
1727 
1728 
1729 
1730 
1731 1811 
1732 
1733 
1734 1841 
1735 
1736 
1737 
1738 
1739 
1740 
1741 
1742 
1743 
1744 
1745 
1746 
1747 
1748 
1749 
1750 
1751 
1752 
1753 
1754 
1755 
1756 
1757 
1758 
1759 
1760 1947 
1761 
1762 
1763 
1764 
1765 1796 
1766 
1767 1925 
1768 
1769 
1770 
1771 
1772 
1773 
1774 
1775 
1776 
1777 
1778 
1779 
1780 
1781 
1782 
1783 
1784 
1785 
1786 
1787 
1788 
1789 
1790 
1791 
1792 
1793 
1794 
1795 
1796 
1797 
1798 
1799 1974 
1800 
1801 
1802 
1803 1964 
1804 
1805 
1806 1860 
1807 
1808 
1809 
1810 
1811 
1812 
1813 
1814 
1815 
1816 1843 
1817 
1818 
1819 
1820 
1821 
1822 
1823 
1824 
1825 
1826 1953 
1827 1838 
1828 
1829 
1830 
1831 
1832 
1833 
1834 
1835 
1836 
1837 
1838 
1839 
1840 
1841 
1842 
1843 
1844 
1845 
1846 
1847 
1848 
1849 
1850 
1851 
1852 
1853 1879 
1854 
1855 1884 
1856 
1857 
1858 
1859 1869 
1860 
1861 
1862 
1863 1866 
1864 
1865 
1866 
1867 
1868 
1869 
1870 
1871 
1872 
1873 
1874 
1875 
1876 
1877 
1878 
1879 
1880 
1881 
1882 
1883 
1884 
1885 
1886 
1887 
1888 
1889 
1890 
1891 
1892 
1893 
1894 
1895 
1896 
1897 
1898 
1899 
1900 
1901 
1902 
1903 
1904 
1905 
1906 
1907 
1908 
1909 
1910 
1911 
1912 1970 
1913 
1914 
1915 
1916 
1917 
1918 
1919 
1920 
1921 
1922 
1923 
1924 
1925 
1926 
1927 
1928 
1929 
1930 
1931 
1932 
1933 
1934 
1935 
1936 
1937 
1938 
1939 
1940 
1941 
1942 
1943 
1944 
1945 
1946 
1947 
1948 
1949 
1950 
1951 
1952 
1953 
1954 
1955 
1956 
1957 
1958 
1959 
1960 
1961 
1962 
1963 
1964 
1965 
1966 
1967 
1968 
1969 
1970 
1971 
1972 
1973 
1974 
1975 
1976 
1977 
1978 
1979 
1980 
1981 
1982 
1983 
1984 
1985 
1986 
1987 
1988 
1989 
1990 
1991 
1992 
1993 
1994 
1995 
1996 
1997 1998 
1998 
1999 
[0, 0, 0, 0, 0, 0, 0, 0, 0, 0, 0, 0, 0, 0, 0, 0, 0, 0, 0, 0, 0, 0, 0, 0, 0, 0, 0, 0, 0, 0, 0, 0, 0, 0, 0, 0, 0, 0, 0, 0, 0, 0, 0, 0, 0, 0, 0, 0, 0, 0, 0, 0, 0, 0, 0, 0, 0, 0, 0, 0, 0, 0, 0, 0, 0, 0, 0, 0, 0, 0, 0, 0, 0, 0, 0, 0, 0, 0, 0, 0, 0, 0, 0, 0, 0, 0, 0, 0, 0, 0, 0, 0, 0, 0, 0, 0, 0, 0, 0, 0, 0, 0, 0, 0, 0, 0, 0, 0, 0, 0, 0, 0, 0, 0, 0, 0, 0, 0, 0, 0, 0, 0, 0, 0, 0, 0, 0, 0, 0, 0, 0, 0, 0, 0, 0, 0, 0, 0, 0, 0, 0, 0, 0, 0, 0, 0, 0, 0, 0, 0, 0, 0, 0, 0, 0, 0, 0, 0, 0, 0, 0, 0, 0, 0, 0, 0, 0, 0, 0, 0, 0, 0, 0, 0, 0, 0, 0, 0, 0, 0, 0, 0, 0, 0, 0, 0, 0, 0, 0, 0, 0, 0, 0, 0, 0, 0, 0, 0, 0, 0, 0, 0, 0, 0, 0, 0, 0, 0, 0, 0, 0, 0, 0, 0, 0, 0, 0, 0, 0, 0, 0, 0, 0, 0, 0, 0, 0, 0, 0, 0, 0, 0, 0, 0, 0, 0, 0, 0, 0, 0, 0, 0, 0, 0, 0, 0, 0, 0, 0, 0, 0, 0, 0, 0, 0, 0, 0, 0, 0, 0, 0, 0, 0, 0, 0, 0, 0, 0, 0, 0, 0, 0, 0, 0, 0, 0, 0, 0, 0, 0, 0, 0, 0, 0, 0, 0, 0, 0, 0, 0, 0, 0, 0, 0, 0, 0, 0, 0, 0, 0, 0, 0, 0, 0, 0, 0, 0, 0, 0, 0, 0, 0, 0, 0, 0, 0, 0, 0, 0, 0, 0, 0, 0, 0, 0, 0, 0, 0, 0, 0, 0, 0, 0, 0, 0, 0, 0, 0, 0, 0, 0, 0, 0, 0, 0, 0, 0, 0, 0, 0, 0, 0, 0, 0, 0, 0, 0, 0, 0, 0, 0, 0, 0, 0, 0, 0, 0, 0, 0, 0, 0, 0, 0, 0, 0, 0, 0, 0, 0, 0, 0, 0, 0, 0, 0, 0, 0, 0, 0, 0, 0, 0, 0, 0, 0, 0, 0, 0, 0, 0, 0, 0, 0, 0, 0, 0, 0, 0, 0, 0, 0, 0, 0, 0, 0, 0, 0, 0, 0, 0, 0, 0, 0, 0, 0, 0, 0, 0, 0, 0, 0, 0, 0, 0, 0, 0, 0, 0, 0, 0, 0, 0, 0, 0, 0, 0, 0, 0, 0, 0, 0, 0, 0, 0, 0, 0, 0, 0, 0, 0, 0, 0, 0, 0, 0, 0, 0, 0, 0, 0, 0, 0, 0, 0, 0, 0, 0, 0, 0, 0, 0, 0, 0, 0, 0, 0, 0, 0, 0, 0, 0, 0, 0, 0, 0, 0, 0, 0, 0, 0, 0, 0, 0, 0, 0, 0, 0, 0, 0, 0, 0, 0, 0, 0, 0, 0, 0, 0, 0, 0, 0, 0, 0, 0, 0, 0, 0, 0, 0, 0, 0, 0, 0, 0, 0, 0, 0, 0, 0, 0, 0, 0, 0, 0, 0, 0, 0, 0, 0, 0, 0, 0, 0, 0, 0, 0, 0, 0, 0, 0, 0, 0, 0, 0, 0, 0, 0, 0, 0, 0, 0, 0, 0, 0, 0, 0, 0, 0, 0, 0, 0, 0, 0, 0, 0, 0, 0, 0, 0, 0, 0, 0, 0, 0, 0, 0, 0, 0, 0, 0, 0, 0, 0, 0, 0, 0, 0, 0, 0, 0, 0, 0, 0, 0, 0, 0, 0, 0, 0, 0, 0, 0, 0, 0, 0, 0, 0, 0, 0, 0, 0, 0, 0, 0, 0, 0, 0, 0, 0, 0, 0, 0, 0, 0, 0, 0, 0, 0, 0, 0, 0, 0, 0, 0, 0, 0, 0, 0, 0, 0, 0, 0, 0, 0, 0, 0, 0, 0, 0, 0, 0, 0, 0, 0, 0, 0, 0, 0, 0, 0, 0, 0, 0, 0, 0, 0, 0, 0, 0, 0, 0, 0, 0, 0, 0, 0, 0, 0, 0, 0, 0, 0, 0, 0, 0, 0, 0, 0, 0, 0, 0, 0, 0, 0, 0, 0, 0, 0, 0, 0, 0, 0, 0, 0, 0, 0, 0, 0, 0, 0, 0, 0, 0, 0, 0, 0, 0, 0, 0, 0, 0, 0, 0, 0, 0, 0, 0, 0, 0, 0, 0, 0, 0, 0, 0, 0, 0, 0, 0, 0, 0, 0, 0, 0, 0, 0, 0, 0, 0, 0, 0, 0, 0, 0, 0, 0, 0, 0, 0, 0, 0, 0, 0, 0, 0, 0, 0, 0, 0, 0, 0, 0, 0, 0, 0, 0, 0, 0, 0, 0, 0, 0, 0, 0, 0, 0, 0, 0, 0, 0, 0, 0, 0, 0, 0, 0, 0, 0, 0, 0, 0, 0, 0, 0, 0, 0, 0, 0, 0, 0, 0, 0, 0, 0, 0, 0, 0, 0, 0, 0, 0, 0, 0, 0, 0, 0, 0, 0, 0, 0, 0, 0, 0, 0, 0, 0, 0, 0, 0, 0, 0, 0, 0, 0, 0, 0, 0, 0, 0, 0, 0, 0, 0, 0, 0, 0, 0, 0, 0, 0, 0, 0, 0, 0, 0, 0, 0, 0, 0, 0, 0, 0, 0, 0, 0, 0, 0, 0, 0, 0, 0, 0, 0, 0, 0, 0, 0, 0, 0, 0, 0, 0, 0, 0, 0, 0, 0, 0, 0, 0, 0, 0, 0, 0, 0, 0, 0, 0, 0, 0, 0, 0, 0, 0, 0, 0, 0, 0, 0, 0, 0, 0, 0, 0, 0, 0, 0, 0, 0, 0, 0, 0, 0, 0, 0, 0, 0, 0, 0, 0, 0, 0, 0, 0, 0, 0, 0, 0, 0, 0, 0, 0, 0, 0, 0, 0, 0, 0, 0, 0, 0, 0, 0, 0, 0, 0, 0, 0, 0, 0, 0, 0, 0, 0, 0, 0, 0, 0, 0, 0, 1, 1, 1, 1, 1, 1, 1, 1, 1, 1, 1, 1, 1, 1, 1, 1, 1, 1, 1, 1, 1, 1, 1, 1, 1, 1, 1, 1, 1, 1, 1, 1, 1, 1, 1, 1, 1, 1, 1, 1, 1, 1, 1, 1, 1, 1, 1, 1, 1, 1, 1, 1, 1, 1, 1, 1, 1, 1, 1, 1, 1, 1, 1, 1, 1, 1, 1, 1, 1, 1, 1, 1, 1, 1, 1, 1, 1, 1, 1, 1, 1, 1, 1, 1, 1, 1, 1, 1, 1, 1, 1, 1, 1, 1, 1, 1, 1, 1, 1, 1, 1, 1, 1, 1, 1, 1, 1, 1, 1, 1, 1, 1, 1, 1, 1, 1, 1, 1, 1, 1, 1, 1, 1, 1, 1, 1, 1, 1, 1, 1, 1, 1, 1, 1, 1, 1, 1, 1, 1, 1, 1, 1, 1, 1, 1, 1, 1, 1, 1, 1, 1, 1, 1, 1, 1, 1, 1, 1, 1, 1, 1, 1, 1, 1, 1, 1, 1, 1, 1, 1, 1, 1, 1, 1, 1, 1, 1, 1, 1, 1, 1, 1, 1, 1, 1, 1, 1, 1, 1, 1, 1, 1, 1, 1, 1, 1, 1, 1, 1, 1, 1, 1, 1, 1, 1, 1, 1, 1, 1, 1, 1, 1, 1, 1, 1, 1, 1, 1, 1, 1, 1, 1, 1, 1, 1, 1, 1, 1, 1, 1, 1, 1, 1, 1, 1, 1, 1, 1, 1, 1, 1, 1, 1, 1, 1, 1, 1, 1, 1, 1, 1, 1, 1, 1, 1, 1, 1, 1, 1, 1, 1, 1, 1, 1, 1, 1, 1, 1, 1, 1, 1, 1, 1, 1, 1, 1, 1, 1, 1, 1, 1, 1, 1, 1, 1, 1, 1, 1, 1, 1, 1, 1, 1, 1, 1, 1, 1, 1, 1, 1, 1, 1, 1, 1, 1, 1, 1, 1, 1, 1, 1, 1, 1, 1, 1, 1, 1, 1, 1, 1, 1, 1, 1, 1, 1, 1, 1, 1, 1, 1, 1, 1, 1, 1, 1, 1, 1, 1, 1, 1, 1, 1, 1, 1, 1, 1, 1, 1, 1, 1, 1, 1, 1, 1, 1, 1, 1, 1, 1, 1, 1, 1, 1, 1, 1, 1, 1, 1, 1, 1, 1, 1, 1, 1, 1, 1, 1, 1, 1, 1, 1, 1, 1, 1, 1, 1, 1, 1, 1, 1, 1, 1, 1, 1, 1, 1, 1, 1, 1, 1, 1, 1, 1, 1, 1, 1, 1, 1, 1, 1, 1, 1, 1, 1, 1, 1, 1, 1, 1, 1, 1, 1, 1, 1, 1, 1, 1, 1, 1, 1, 1, 1, 1, 1, 1, 1, 1, 1, 1, 1, 1, 1, 1, 1, 1, 1, 1, 1, 1, 1, 1, 1, 1, 1, 1, 1, 1, 1, 1, 1, 1, 1, 1, 1, 1, 1, 1, 1, 1, 1, 1, 1, 1, 1, 1, 1, 1, 1, 1, 1, 1, 1, 1, 1, 1, 1, 1, 1, 1, 1, 1, 1, 1, 1, 1, 1, 1, 1, 1, 1, 1, 1, 1, 1, 1, 1, 1, 1, 1, 1, 1, 1, 1, 1, 1, 1, 1, 1, 1, 1, 1, 1, 1, 1, 1, 1, 1, 1, 1, 1, 1, 1, 1, 1, 1, 1, 1, 1, 1, 1, 1, 1, 1, 1, 1, 1, 1, 1, 1, 1, 1, 1, 1, 1, 1, 1, 1, 1, 1, 1, 1, 1, 1, 1, 1, 1, 1, 1, 1, 1, 1, 1, 1, 1, 1, 1, 1, 1, 1, 1, 1, 1, 1, 1, 1, 1, 1, 1, 1, 1, 1, 1, 1, 1, 1, 1, 1, 1, 1, 1, 1, 1, 1, 1, 1, 1, 1, 1, 1, 1, 1, 1, 1, 1, 1, 1, 1, 1, 1, 1, 1, 1, 1, 1, 1, 1, 1, 1, 1, 1, 1, 1, 1, 1, 1, 1, 1, 1, 1, 1, 1, 1, 1, 1, 1, 1, 1, 1, 1, 1, 1, 1, 1, 1, 1, 1, 1, 1, 1, 1, 1, 1, 1, 1, 1, 1, 1, 1, 1, 1, 1, 1, 1, 1, 1, 1, 1, 1, 1, 1, 1, 1, 1, 1, 1, 1, 1, 1, 1, 1, 1, 1, 1, 1, 1, 1, 1, 1, 1, 1, 1, 1, 1, 1, 1, 1, 1, 1, 1, 1, 1, 1, 1, 1, 1, 1, 1, 1, 1, 1, 1, 1, 1, 1, 1, 1, 1, 1, 1, 1, 1, 1, 1, 1, 1, 1, 1, 1, 1, 1, 1, 1, 1, 1, 1, 1, 1, 1, 1, 1, 1, 1, 1, 1, 1, 1, 1, 1, 1, 1, 1, 1, 1, 1, 1, 1, 1, 1, 1, 1, 1, 1, 1, 1, 1, 1, 1, 1, 1, 1, 1, 1, 1, 1, 1, 1, 1, 1, 1, 1, 1, 1, 1, 1, 1, 1, 1, 1, 1, 1, 1, 1, 1, 1, 1, 1, 1, 1, 1, 1, 1, 1, 1, 1, 1, 1, 1, 1, 1, 1, 1, 1, 1, 1, 1, 1, 1, 1, 1, 1, 1, 1, 1, 1, 1, 1, 1, 1, 1, 1, 1, 1, 1, 1, 1, 1, 1, 1, 1, 1, 1, 1, 1, 1, 1, 1, 1, 1, 1, 1, 1, 1, 1, 1, 1, 1, 1, 1, 1, 1, 1, 1, 1, 1, 1, 1, 1, 1, 1, 1, 1, 1, 1, 1, 1, 1, 1, 1, 1, 1, 1, 1, 1, 1, 1, 1, 1, 1, 1, 1, 1, 1, 1, 1, 1, 1, 1, 1, 1, 1, 1, 1, 1, 1, 1, 1, 1, 1, 1, 1, 1, 1, 1, 1, 1, 1, 1, 1, 1, 1, 1, 1, 1, 1, 1, 1, 1, 1, 1, 1, 1, 1, 1, 1, 1, 1, 1, 1, 1, 1, 1, 1, 1, 1, 1, 1, 1, 1, 1, 1, 1, 1, 1, 1, 1, 1, 1, 1, 1, 1, 1, 1, 1, 1, 1, 1, 1, 1, 1, 1, 1, 1, 1, 1, 1, 1, 1, 1, 1, 1, 1, 1, 1, 1, 1, 1, 1, 1, 1, 1]