0 5 17 35 
1 3 9 28 33 99 
2 116 
3 
4 8 39 
5 11 36 39 
6 25 
7 11 20 32 
8 19 36 
9 22 37 97 
10 35 
11 13 15 26 36 50 118 148 164 
12 91 146 
13 38 
14 26 68 
15 16 36 45 
16 23 26 47 73 140 172 190 
17 24 
18 79 
19 152 
20 33 37 89 117 184 
21 22 25 38 122 
22 120 127 164 
23 
24 
25 28 102 106 
26 35 76 
27 
28 34 38 
29 31 63 
30 133 
31 
32 120 
33 65 
34 168 
35 51 85 186 
36 37 140 176 185 
37 
38 
39 185 
40 60 119 173 
41 59 65 
42 48 63 69 122 
43 75 
44 55 71 
45 72 
46 47 49 53 55 150 
47 67 73 
48 51 115 183 
49 
50 53 67 78 
51 56 65 68 75 119 
52 57 59 62 116 
53 70 173 180 
54 
55 67 78 148 
56 133 146 
57 60 78 185 
58 70 
59 65 148 
60 141 
61 64 76 
62 72 
63 157 174 176 
64 79 178 
65 75 
66 68 
67 68 74 
68 73 190 
69 76 78 
70 
71 73 
72 77 114 149 
73 
74 86 
75 
76 101 195 
77 91 98 
78 118 146 
79 
80 107 108 
81 93 105 113 119 
82 83 93 101 117 
83 
84 87 106 128 
85 88 119 165 
86 97 
87 88 107 116 
88 101 
89 91 107 
90 108 112 195 
91 114 
92 100 118 186 
93 95 
94 
95 111 
96 99 
97 101 145 195 
98 102 161 
99 112 
100 165 
101 154 192 
102 103 106 109 117 119 155 
103 160 
104 108 110 
105 151 
106 
107 109 116 142 178 
108 109 110 116 154 
109 132 
110 
111 112 
112 123 
113 190 
114 
115 
116 
117 142 
118 119 
119 
120 125 137 149 
121 126 146 
122 156 
123 145 
124 155 
125 132 148 156 185 
126 129 134 140 146 150 154 
127 154 
128 131 139 155 182 
129 141 146 157 
130 134 144 150 
131 136 
132 139 154 198 
133 
134 138 145 146 152 153 171 
135 147 178 
136 
137 141 142 150 153 
138 154 157 189 
139 
140 
141 147 
142 152 159 
143 
144 
145 147 148 149 152 
146 175 
147 
148 152 156 
149 180 
150 151 159 
151 152 
152 153 
153 168 186 
154 
155 
156 159 
157 
158 
159 
160 198 
161 166 178 185 193 195 
162 166 180 196 
163 187 
164 178 180 
165 176 199 
166 187 
167 191 
168 180 189 195 
169 184 
170 
171 177 187 
172 198 
173 174 182 186 192 194 
174 189 
175 
176 187 195 198 
177 196 
178 183 
179 191 
180 
181 
182 192 
183 187 191 
184 186 188 
185 
186 
187 
188 195 
189 192 
190 194 
191 
192 
193 
194 198 
195 
196 
197 
198 
199 
[0, 0, 0, 0, 0, 0, 0, 0, 0, 0, 0, 0, 0, 0, 0, 0, 0, 0, 0, 0, 0, 0, 0, 0, 0, 0, 0, 0, 0, 0, 0, 0, 0, 0, 0, 0, 0, 0, 0, 0, 1, 1, 1, 1, 1, 1, 1, 1, 1, 1, 1, 1, 1, 1, 1, 1, 1, 1, 1, 1, 1, 1, 1, 1, 1, 1, 1, 1, 1, 1, 1, 1, 1, 1, 1, 1, 1, 1, 1, 1, 2, 2, 2, 2, 2, 2, 2, 2, 2, 2, 2, 2, 2, 2, 2, 2, 2, 2, 2, 2, 2, 2, 2, 2, 2, 2, 2, 2, 2, 2, 2, 2, 2, 2, 2, 2, 2, 2, 2, 2, 3, 3, 3, 3, 3, 3, 3, 3, 3, 3, 3, 3, 3, 3, 3, 3, 3, 3, 3, 3, 3, 3, 3, 3, 3, 3, 3, 3, 3, 3, 3, 3, 3, 3, 3, 3, 3, 3, 3, 3, 4, 4, 4, 4, 4, 4, 4, 4, 4, 4, 4, 4, 4, 4, 4, 4, 4, 4, 4, 4, 4, 4, 4, 4, 4, 4, 4, 4, 4, 4, 4, 4, 4, 4, 4, 4, 4, 4, 4, 4]