0 87 188 214 470 500 627 663 
1 37 176 190 319 321 331 438 
2 146 188 501 543 
3 77 129 144 251 345 596 789 1329 
4 292 419 485 562 1670 
5 20 349 575 743 
6 220 252 294 364 439 446 579 
7 35 359 1743 
8 272 494 974 
9 234 298 397 408 443 537 606 1713 
10 208 500 591 592 1621 
11 65 263 364 1060 
12 82 377 461 
13 601 1176 1880 
14 52 209 305 
15 78 
16 37 89 95 511 549 599 
17 19 573 589 598 
18 533 
19 59 131 176 209 245 275 480 
20 80 398 578 
21 105 194 508 1132 
22 91 536 591 1908 
23 122 158 839 887 
24 124 
25 41 457 618 
26 49 166 312 344 349 481 966 
27 99 579 
28 127 426 430 
29 431 1040 
30 128 307 330 340 558 
31 1102 
32 106 310 387 575 621 
33 40 70 533 571 631 648 
34 190 304 622 753 1588 
35 197 220 312 405 522 539 
36 132 139 272 439 441 458 580 597 656 1006 
37 143 239 302 512 537 1138 
38 504 604 1788 
39 98 170 588 
40 127 179 304 360 429 
41 203 337 428 639 873 950 1500 
42 45 331 464 490 572 
43 62 127 
44 116 120 273 537 1417 
45 90 416 554 1201 1496 
46 117 147 190 309 365 371 564 600 
47 322 350 537 585 
48 200 256 288 316 644 1964 
49 340 574 
50 461 463 576 665 1789 
51 177 185 209 309 320 344 605 1859 
52 98 187 297 368 568 
53 151 200 327 426 429 613 1210 1833 
54 197 250 266 412 920 1484 
55 165 218 375 722 1349 1761 
56 73 298 316 497 836 1561 1955 
57 89 187 347 488 1245 1579 
58 142 172 575 
59 138 792 
60 146 222 335 602 
61 396 607 683 1471 
62 460 562 972 1275 
63 74 230 253 348 903 1164 
64 256 533 656 679 
65 281 362 495 537 1120 
66 91 178 461 637 1705 
67 103 230 301 507 
68 185 225 471 546 
69 156 204 705 1612 
70 153 403 436 565 866 
71 151 163 203 271 300 361 489 1703 
72 97 278 386 
73 514 558 656 749 768 
74 173 212 433 479 614 645 
75 249 326 585 
76 534 1076 
77 88 108 114 183 223 256 612 
78 235 299 538 1613 
79 275 315 436 
80 348 399 412 674 
81 146 439 586 660 840 
82 99 238 275 573 591 1810 
83 93 315 448 476 507 581 607 
84 
85 448 613 1868 
86 101 1208 1551 
87 153 360 484 567 574 636 1498 1574 1723 
88 196 206 438 492 1019 
89 106 336 338 516 563 644 1790 
90 167 263 606 
91 253 953 1640 
92 174 584 741 
93 119 325 475 
94 168 178 252 
95 316 412 441 623 1640 
96 108 320 338 375 1218 1803 
97 183 662 
98 643 1695 
99 530 1226 
100 148 279 343 369 378 
101 586 645 1130 
102 385 488 1382 
103 331 384 894 1659 
104 283 333 
105 155 986 1846 
106 165 211 570 
107 171 257 389 523 563 1000 
108 316 453 834 
109 261 371 
110 411 464 1657 
111 239 
112 266 268 483 
113 154 185 202 256 
114 622 1835 
115 211 223 647 1241 1892 
116 1752 
117 191 426 595 616 1015 
118 371 
119 652 1784 
120 425 501 930 1054 
121 162 456 556 1212 
122 215 278 316 382 585 609 623 692 1965 
123 269 301 458 493 
124 392 400 452 460 587 1095 
125 530 662 1127 1900 
126 211 446 606 
127 149 286 410 597 1420 
128 150 166 184 238 259 283 418 637 825 956 
129 209 433 531 587 640 
130 369 434 965 
131 318 611 
132 234 724 1229 
133 397 442 664 1504 
134 402 514 648 1110 
135 654 1198 
136 298 437 523 566 
137 302 455 503 643 656 
138 192 
139 185 455 480 485 622 641 
140 235 299 582 
141 266 1950 
142 168 477 609 
143 146 432 587 
144 310 463 560 1250 1853 
145 177 314 566 653 
146 150 191 369 460 470 647 1675 
147 219 442 514 
148 272 544 547 
149 329 410 471 1884 
150 230 250 266 429 584 954 1381 
151 231 350 860 1412 
152 189 273 325 497 498 
153 292 415 1150 
154 405 408 654 
155 238 830 948 1041 1170 1421 
156 157 205 219 262 389 435 474 
157 194 200 420 1348 
158 217 316 420 491 508 
159 218 386 407 542 615 
160 567 1479 
161 443 490 637 
162 309 461 1702 1845 1846 
163 310 405 411 654 1821 1836 
164 217 374 395 436 1672 
165 316 411 422 535 
166 189 318 324 429 467 
167 558 1339 
168 302 481 576 
169 300 339 358 360 362 517 627 663 961 
170 189 1494 
171 222 398 534 1881 1899 
172 234 254 295 551 1109 1367 
173 270 614 1738 
174 240 263 267 1621 
175 273 311 485 
176 413 1187 1579 
177 294 384 617 720 
178 180 349 358 575 
179 260 316 
180 498 591 643 
181 397 414 1409 
182 534 634 
183 473 958 1848 
184 186 522 
185 487 
186 1016 
187 402 508 592 1262 1856 
188 393 450 452 524 615 631 1428 1657 
189 278 288 325 440 460 561 
190 222 353 591 602 
191 230 437 503 
192 366 562 652 
193 252 419 
194 358 361 398 499 551 678 738 1172 
195 242 328 456 474 528 533 1152 
196 205 258 1722 
197 342 428 
198 251 339 410 1460 1601 
199 221 282 614 
200 433 482 559 561 
201 469 521 522 
202 321 341 454 459 573 659 807 1085 1969 
203 403 434 617 985 
204 621 
205 657 976 
206 352 
207 353 370 421 505 736 
208 216 1855 
209 621 752 
210 244 1359 1659 
211 235 277 348 392 401 525 636 1339 
212 438 661 
213 271 446 679 1549 
214 217 259 518 584 1474 
215 309 
216 229 414 
217 385 574 612 
218 340 345 424 956 
219 306 408 1956 
220 246 423 497 611 620 1019 1231 
221 244 513 947 1695 
222 267 344 504 546 
223 629 655 1340 1582 
224 244 302 426 449 1111 
225 419 635 
226 523 529 1692 
227 630 1175 1463 
228 563 597 1782 
229 275 471 503 556 
230 644 
231 323 484 1476 1539 
232 265 526 558 
233 279 581 
234 
235 456 536 
236 369 454 505 1144 1647 1846 
237 480 1201 
238 424 456 1695 1885 
239 655 
240 304 371 465 473 
241 277 480 580 
242 354 558 650 
243 493 1729 
244 424 519 572 
245 296 
246 436 450 541 
247 426 1522 1946 
248 261 303 320 448 550 1065 
249 321 366 961 1137 
250 
251 276 481 507 514 863 
252 262 425 447 480 515 714 1723 
253 406 421 553 1555 
254 376 1292 
255 357 388 621 
256 288 416 549 1578 
257 268 289 314 432 486 573 580 
258 273 588 
259 288 337 610 
260 306 352 384 391 448 
261 533 585 
262 280 
263 497 592 
264 442 453 505 580 
265 444 511 
266 274 430 627 
267 347 638 643 1321 1640 1752 
268 269 1681 
269 312 475 544 612 
270 591 1777 
271 575 1270 1936 
272 357 387 501 1897 
273 484 616 
274 553 870 1440 
275 359 371 507 529 603 644 
276 363 418 588 599 1153 1988 
277 440 549 570 1252 1455 1800 
278 362 428 530 553 624 642 
279 456 
280 426 1219 
281 425 579 
282 329 468 599 
283 304 
284 366 372 571 640 
285 427 615 656 844 1376 1516 
286 291 
287 624 637 
288 341 660 1368 
289 293 496 572 630 662 1730 
290 415 542 864 
291 304 627 992 
292 336 385 489 
293 300 
294 
295 420 433 654 
296 388 426 622 
297 371 512 543 565 933 
298 411 1641 
299 332 547 
300 391 474 790 995 
301 432 
302 442 1001 1700 
303 562 590 
304 338 451 484 495 554 1345 
305 
306 378 398 457 479 575 579 
307 532 
308 567 
309 411 421 594 637 
310 1517 1576 
311 1668 
312 
313 631 1822 
314 517 949 
315 346 379 
316 473 
317 487 524 529 552 
318 806 
319 1881 
320 471 637 779 1729 
321 484 
322 535 565 
323 368 371 443 500 512 612 1066 1317 
324 436 
325 499 508 522 649 1354 
326 431 486 572 616 1391 
327 338 432 534 1375 
328 495 501 604 1147 
329 452 638 686 1505 
330 336 392 411 472 509 1515 
331 522 560 660 
332 1653 1743 
333 514 1522 
334 1346 
335 438 
336 564 653 
337 
338 385 647 
339 462 555 
340 362 385 518 532 917 1403 
341 374 461 506 
342 571 927 
343 
344 346 524 1936 
345 968 
346 623 
347 362 366 527 865 
348 
349 428 537 616 
350 402 554 
351 388 423 444 537 607 673 
352 393 398 468 560 632 1176 
353 1366 1733 
354 651 657 
355 365 404 582 1669 
356 466 1155 
357 
358 388 404 1889 
359 465 1007 1253 
360 413 549 593 
361 439 655 
362 1667 
363 372 418 493 1963 
364 655 1281 1645 
365 407 505 1363 
366 414 603 
367 425 
368 446 633 650 996 
369 606 608 612 664 776 913 
370 558 560 563 
371 573 627 645 742 1228 
372 405 785 959 
373 608 641 1861 
374 522 
375 461 555 
376 1946 
377 550 581 1534 
378 543 595 654 
379 588 
380 
381 
382 656 1198 
383 411 
384 1966 
385 450 524 538 
386 420 640 1021 
387 475 562 
388 427 475 586 
389 417 454 
390 520 534 
391 483 
392 512 518 635 1160 
393 1086 
394 548 1869 
395 1192 
396 
397 450 512 589 895 
398 414 1068 
399 409 489 592 1716 
400 410 587 594 
401 467 588 
402 502 516 804 827 961 
403 406 486 919 
404 529 546 862 1773 1981 
405 428 624 1506 
406 598 1035 
407 1208 
408 1434 1496 
409 1938 
410 953 
411 586 
412 518 588 
413 636 
414 449 591 1324 
415 600 1316 
416 
417 630 656 
418 455 580 583 
419 531 1194 
420 608 1666 1936 
421 624 634 1133 
422 473 657 1316 1538 
423 480 1945 
424 
425 462 1356 
426 
427 488 1122 
428 
429 
430 513 527 548 
431 458 481 600 621 1064 1962 
432 437 663 
433 474 582 623 653 
434 909 979 1793 
435 443 525 582 590 
436 496 563 
437 1676 
438 453 488 591 608 624 644 
439 452 506 572 574 1619 
440 515 532 611 989 1793 
441 
442 482 617 
443 563 1170 
444 469 528 569 650 1165 
445 471 830 1126 1245 
446 577 583 615 1157 
447 491 544 663 849 1808 
448 
449 504 1064 
450 567 569 1475 
451 529 648 654 
452 534 1471 1861 
453 
454 
455 616 
456 458 1212 
457 
458 1808 
459 557 
460 550 654 1139 
461 489 
462 469 480 632 
463 1830 
464 509 
465 780 1414 
466 570 1146 
467 522 581 
468 507 
469 585 1709 
470 540 972 1151 
471 1492 
472 518 614 1821 
473 648 
474 673 1739 
475 587 596 601 1214 1568 
476 602 608 
477 648 
478 490 528 608 
479 486 1553 1591 
480 1162 1626 
481 622 1530 
482 499 525 688 
483 976 1468 1874 
484 500 576 623 951 
485 844 
486 553 921 1942 
487 1441 
488 642 1947 
489 600 607 1157 
490 
491 622 893 
492 1521 
493 506 
494 644 1179 
495 541 561 588 1002 1131 
496 538 548 853 1084 
497 606 925 1227 1888 
498 561 
499 
500 512 1070 
501 1326 1416 
502 538 
503 640 1736 
504 663 699 842 
505 557 708 
506 804 1282 1430 
507 
508 640 1689 
509 964 1187 1893 
510 579 613 619 932 
511 
512 513 1789 1979 
513 562 1624 
514 521 613 1324 
515 622 648 1037 
516 607 611 618 1037 1271 1367 
517 563 623 
518 539 670 
519 527 629 1428 
520 1327 
521 567 1363 1587 
522 611 617 
523 
524 1675 
525 586 645 1939 
526 561 644 919 
527 789 
528 
529 
530 658 774 
531 979 1465 
532 557 
533 655 
534 
535 553 1742 
536 1848 
537 
538 
539 665 1615 
540 621 651 
541 585 1911 
542 1162 1401 
543 1902 
544 1598 
545 
546 
547 618 659 1182 
548 584 
549 
550 578 
551 660 1385 1821 1833 
552 638 
553 593 657 662 1464 
554 637 1148 
555 
556 604 656 658 
557 1418 
558 656 
559 
560 562 1198 1562 
561 639 
562 1418 1752 
563 
564 655 
565 594 
566 1263 1749 
567 
568 1546 
569 
570 574 
571 921 
572 584 1091 1862 
573 659 1367 1499 
574 
575 659 1687 
576 1072 1756 
577 1170 
578 
579 
580 600 1783 
581 
582 982 
583 1508 
584 647 673 1749 
585 607 1641 1740 
586 
587 924 1145 
588 1721 
589 599 979 
590 782 962 
591 
592 872 
593 
594 763 901 
595 
596 646 
597 
598 611 988 1732 1840 1847 
599 800 
600 627 1840 
601 807 1250 
602 1447 1465 
603 634 1367 
604 1356 
605 1753 
606 835 937 986 
607 1282 
608 
609 645 1772 
610 652 1988 
611 1206 
612 648 
613 
614 633 874 
615 639 833 
616 
617 662 
618 
619 1714 
620 
621 
622 977 
623 626 1418 
624 1217 
625 646 649 
626 646 
627 
628 864 952 
629 
630 746 876 
631 635 936 
632 665 
633 
634 1617 
635 832 1777 1966 
636 960 966 1903 
637 1659 
638 889 1731 
639 
640 1754 
641 
642 
643 668 
644 1768 
645 1968 
646 
647 
648 
649 1002 1287 1985 
650 1160 
651 1299 1423 1693 
652 784 
653 
654 
655 
656 734 
657 1593 1903 
658 
659 1043 
660 1353 1484 
661 
662 
663 
664 
665 1629 
666 795 851 862 879 1081 1144 1157 1307 
667 770 792 907 1058 1078 1331 
668 1024 1061 
669 747 772 1049 1291 1296 
670 803 958 988 994 1159 1274 
671 958 
672 770 1052 1156 
673 810 1011 1371 
674 791 839 914 920 1012 1242 1279 
675 941 1023 1302 
676 709 760 838 920 1053 1137 1328 
677 885 1137 1197 1272 1297 
678 733 769 965 
679 1229 
680 825 1164 1195 1328 
681 714 854 949 1174 1247 1618 
682 707 851 853 1200 1337 1749 
683 999 1248 1276 
684 771 907 1078 1107 1176 1189 1733 
685 712 849 
686 938 1144 1191 1198 
687 694 916 1028 1168 1185 1212 1271 1338 
688 1125 1162 
689 776 832 
690 810 900 1212 1292 1938 
691 857 982 1303 
692 727 962 1280 
693 1040 1079 1084 1795 
694 714 765 818 859 1086 
695 706 884 885 1068 1191 1215 1220 1224 1337 
696 1160 1298 1300 
697 728 805 847 1018 1056 1085 
698 713 930 1062 1122 1130 1264 1769 
699 864 927 1049 
700 739 871 966 1169 
701 815 1051 1115 1186 1910 
702 883 1031 1237 1308 
703 877 889 902 919 920 1090 1198 1230 
704 877 962 1004 1062 1104 1176 
705 1535 1662 1701 
706 823 858 1072 1221 1314 
707 1087 1089 1250 1964 
708 875 
709 846 1187 1236 1744 
710 1083 1160 1216 
711 745 757 877 911 969 1070 1148 1980 
712 772 1006 1296 
713 1140 1143 1157 1323 
714 762 850 1001 1011 1140 1291 
715 720 794 1019 1034 1116 1198 
716 732 1022 1036 
717 880 961 1115 1243 1753 
718 1205 1220 1264 1384 
719 862 1181 1317 
720 928 1026 1098 
721 1011 1094 
722 794 
723 786 1133 
724 752 886 1814 
725 967 1155 1252 1289 
726 902 
727 763 
728 766 811 880 973 1028 1299 
729 817 919 1089 1163 1199 
730 736 769 812 1020 1068 1126 1196 
731 852 1195 1251 
732 822 934 1323 1776 
733 804 905 986 1052 1199 1593 
734 775 907 959 961 1196 
735 1072 1323 1905 
736 1113 
737 780 800 824 904 905 1098 
738 745 908 931 
739 788 868 894 1222 1306 1490 
740 904 945 1602 
741 926 1617 
742 920 992 1229 
743 800 917 924 950 1096 
744 864 1331 
745 818 918 946 
746 906 920 926 1385 
747 1024 1026 1197 1205 1287 1347 
748 885 1123 
749 836 880 1004 1316 1327 
750 772 1028 1979 
751 887 1064 1258 1263 1315 
752 848 931 
753 794 862 1068 1516 
754 845 1203 1226 1229 1467 
755 960 1131 
756 986 1166 1329 
757 763 831 1109 1191 
758 973 1019 1154 1461 
759 843 1004 1214 1242 1523 
760 985 1001 1102 1216 1242 1260 
761 1007 1141 1329 1626 
762 1043 1070 1239 1353 
763 837 1063 1097 1183 1188 
764 777 1031 1109 
765 1064 
766 1120 1292 1293 
767 895 934 1087 
768 954 1087 1197 
769 801 818 885 1121 1300 
770 935 1101 1218 
771 801 825 868 1098 
772 916 1036 1119 1263 
773 881 1009 1030 1087 1129 1155 1230 1469 
774 783 899 937 1168 1231 1236 1357 
775 834 1130 
776 878 981 1140 1256 
777 836 938 969 990 1002 1128 1254 1808 
778 894 943 1132 
779 925 1127 1294 
780 911 1071 1174 1199 
781 902 1089 1211 1254 1616 
782 790 1053 1103 
783 856 964 1011 1836 
784 837 911 924 1262 
785 830 842 1108 1725 
786 992 1027 1059 1134 
787 811 897 1000 
788 844 901 1019 1048 1283 
789 1231 1296 
790 849 857 1143 
791 872 957 1105 1265 
792 1012 1054 1174 1287 
793 1065 1199 1233 
794 912 1053 1280 1283 1331 
795 895 1052 1268 
796 988 1015 1323 
797 860 925 1109 
798 807 869 957 1131 1170 1529 
799 821 1280 1314 
800 847 974 1114 
801 816 1954 
802 1080 1111 1115 1413 
803 978 1198 1253 1383 
804 1292 1314 
805 954 1157 1168 1188 
806 878 897 1074 1227 1387 1477 1892 
807 1105 
808 958 975 981 1123 
809 888 961 1246 1284 1317 
810 1147 
811 894 905 
812 835 1063 1330 
813 955 
814 880 1112 1116 1148 1192 1754 
815 959 1038 1178 1465 1978 
816 929 1020 1126 1176 1197 1285 1298 
817 912 979 1158 
818 854 1077 1202 
819 876 987 1040 1174 1183 1306 
820 887 911 916 1195 1231 
821 885 1016 1057 1125 1127 1399 
822 875 996 1118 1257 1306 
823 946 992 994 
824 1012 1025 1293 
825 927 1106 1244 1457 
826 866 1271 1277 
827 1058 1247 
828 923 1081 
829 962 1013 1071 1145 1259 
830 1049 1084 1163 1990 
831 998 1022 1148 1178 1237 
832 
833 1023 1101 1147 
834 1261 
835 884 1241 1278 
836 1172 1404 
837 
838 967 
839 853 909 1258 
840 848 1038 
841 891 938 1150 1193 1946 
842 963 1029 1219 1902 
843 1150 
844 868 1228 1295 
845 871 893 1002 1094 1262 1874 
846 922 983 1200 1217 1221 1278 
847 1241 
848 1176 
849 1010 1208 1216 
850 874 956 1009 1016 1251 1284 
851 950 1006 
852 994 1047 1157 1252 1965 
853 1056 1220 1518 1904 1933 
854 873 1098 1277 
855 999 1128 1159 1324 
856 1027 
857 880 958 1000 1042 1158 1291 
858 1329 
859 867 922 1810 
860 1310 1410 1803 
861 1049 1870 
862 955 1120 
863 1320 1964 
864 1169 1174 
865 935 978 1204 1254 
866 918 1088 
867 992 1053 1071 1223 
868 975 994 1096 1181 
869 1264 
870 875 953 1221 1853 
871 925 1103 1275 1280 
872 1096 1184 1250 1268 
873 876 988 998 1017 1198 1313 
874 1035 1200 1271 1327 1947 
875 967 1120 1214 1448 
876 1121 1672 
877 1058 1136 1191 1887 
878 919 1037 1053 1072 1213 1993 
879 909 1024 1113 1241 1986 
880 945 994 1168 1212 1231 1331 
881 1123 
882 890 1440 
883 1563 
884 1279 1323 
885 988 1277 
886 1280 
887 921 
888 933 1014 1016 1087 1126 1404 
889 932 1247 
890 1008 1101 
891 962 1007 1224 1241 1280 
892 
893 907 1040 1066 
894 940 973 1236 
895 925 
896 935 1171 
897 1089 1122 1234 1303 1905 
898 1012 1149 1175 
899 918 940 1038 1193 1200 1211 1324 
900 1330 1847 
901 952 1329 
902 1690 
903 1027 
904 919 1158 1205 1729 
905 926 1012 1517 
906 914 985 1287 
907 1091 1151 1221 1252 
908 1117 1137 1310 
909 1077 1233 1326 1381 1615 
910 913 1099 1136 1212 1276 1683 
911 964 1154 1214 1253 1400 1818 
912 1047 1178 1551 
913 1321 
914 
915 1283 1511 
916 1025 1053 1092 1226 1247 1328 
917 1981 
918 950 1079 1220 
919 994 1138 1232 1310 
920 1022 
921 1158 1198 1204 1719 
922 992 1097 1289 
923 931 1035 
924 1176 1208 
925 1042 1323 1651 
926 973 999 1629 
927 1093 1143 1278 1956 
928 1146 1321 
929 962 1170 
930 1459 
931 1137 
932 968 
933 1004 1012 1031 1071 1116 1210 1226 1243 1248 1285 1336 1469 
934 1149 
935 1355 1369 1616 
936 1010 1400 1418 
937 1006 1068 
938 1052 1068 1303 
939 1024 1248 
940 1056 1063 1193 1201 1214 1275 1997 
941 951 1033 
942 965 1187 
943 1196 1748 
944 950 1076 1150 1260 1329 
945 1149 1280 
946 1172 1303 
947 985 1025 1090 
948 1211 1276 1413 1630 
949 994 1304 1853 
950 960 1021 1131 
951 1319 1572 1722 
952 1016 1181 1324 
953 979 
954 1088 1278 
955 
956 1114 1207 1299 
957 1190 
958 1127 1316 1344 
959 1021 1326 
960 1139 1533 
961 1060 1243 1875 
962 996 1053 1059 
963 1024 1027 1123 1284 1327 
964 1225 
965 1011 1175 1311 1321 1574 1971 
966 1012 1054 1057 1176 1235 
967 1435 
968 1297 
969 1299 1605 
970 1036 1055 1081 1246 
971 1069 1289 
972 990 1244 1754 
973 991 1010 1146 1291 
974 1086 1320 
975 
976 1110 1172 
977 996 1211 1219 
978 1266 1269 1444 1912 
979 1195 1205 1747 
980 991 1537 
981 1111 1166 1310 
982 1216 
983 
984 1103 1136 1242 1542 
985 1240 1659 1699 
986 1196 1283 
987 1283 
988 1027 1377 1479 
989 1891 
990 1049 1051 1101 1438 
991 1181 1222 
992 1116 1598 
993 1251 1659 
994 1164 1256 
995 1223 1232 
996 1102 1159 1196 
997 1058 1106 
998 1026 1091 1258 
999 1012 1167 1311 
1000 1231 1240 1263 1295 1325 
1001 1108 1723 
1002 1190 1845 1855 
1003 1039 1068 1084 1122 1129 1220 
1004 1267 
1005 1044 1267 1314 
1006 1027 1180 1227 1469 
1007 1061 1177 
1008 
1009 1073 1217 1300 
1010 1219 
1011 1126 1169 1937 
1012 1151 1766 1897 
1013 1311 1314 1320 
1014 1089 1251 
1015 1069 1182 1511 
1016 
1017 1047 1103 1196 1707 
1018 1071 
1019 1145 
1020 1104 1215 
1021 
1022 1263 1299 
1023 1045 1096 1222 1262 1293 1511 1521 
1024 
1025 1118 
1026 1256 
1027 1032 1070 1213 1236 
1028 1233 
1029 1317 
1030 
1031 
1032 1220 1280 1489 
1033 1165 1836 
1034 1058 1081 
1035 1528 1852 
1036 1083 1276 
1037 1151 1790 
1038 1135 1166 1206 1258 
1039 1074 1161 1172 1249 1250 
1040 1067 1116 
1041 1150 1303 1308 
1042 1191 1475 
1043 1137 1183 1241 1289 1454 
1044 1213 
1045 1048 
1046 1054 1144 
1047 1119 
1048 
1049 1149 1223 
1050 1080 
1051 1056 1687 
1052 
1053 1127 1241 1261 1336 1792 
1054 
1055 1317 
1056 1105 1168 
1057 1467 1715 
1058 1275 
1059 1296 1313 
1060 1148 1256 1592 
1061 1674 
1062 
1063 1116 1319 
1064 1102 1151 1429 
1065 1120 
1066 1129 1241 1286 
1067 1241 1269 1553 
1068 1142 
1069 1619 
1070 1136 1138 1158 1300 
1071 1246 1284 1514 
1072 1111 1282 1294 
1073 1245 
1074 1131 1281 1305 1328 
1075 1206 1900 
1076 
1077 
1078 1179 1207 
1079 1147 
1080 1293 
1081 1206 1243 
1082 1175 1300 1798 
1083 1187 1448 
1084 1122 1149 1156 1242 1880 1952 
1085 1100 1257 
1086 1291 
1087 1175 1450 
1088 1199 
1089 1263 1279 1944 
1090 1109 1203 1232 1983 
1091 1201 1318 1328 
1092 
1093 
1094 1124 1235 1238 
1095 1136 1164 1274 
1096 1411 
1097 1253 1571 
1098 1239 1722 
1099 1170 
1100 1325 1845 
1101 1328 1508 
1102 1193 
1103 1141 1210 
1104 
1105 1854 
1106 1315 
1107 1210 
1108 1364 1366 
1109 1443 
1110 1237 
1111 1175 1329 1824 
1112 1235 1311 
1113 
1114 1272 1756 1920 
1115 1261 
1116 1277 1637 
1117 
1118 1232 1726 1823 1982 
1119 1187 1261 
1120 1777 1976 
1121 1262 
1122 1209 1913 
1123 1159 
1124 
1125 1161 1516 
1126 1215 
1127 1182 1214 1215 1261 1325 1331 
1128 1163 
1129 
1130 1226 1294 1373 1546 1568 1611 
1131 1178 1215 
1132 1200 1714 1819 
1133 1791 
1134 1212 
1135 1158 1292 1313 1322 
1136 1939 
1137 
1138 
1139 1383 
1140 1147 1246 
1141 1666 
1142 1320 
1143 
1144 1303 1339 1975 
1145 1214 1232 1526 1730 1789 
1146 1382 
1147 1158 
1148 1262 1278 1313 
1149 1174 1227 1433 
1150 
1151 
1152 1210 
1153 1901 
1154 1214 
1155 1234 1261 1370 
1156 
1157 1215 1518 
1158 1236 1619 
1159 1320 1879 
1160 1312 1316 1921 
1161 1311 1327 
1162 1300 
1163 1920 
1164 1317 
1165 1695 
1166 
1167 1321 
1168 1189 1236 1311 
1169 1221 1308 
1170 
1171 1185 1279 
1172 1323 1407 1752 
1173 1185 
1174 1191 1314 1516 
1175 1269 
1176 1282 
1177 
1178 1256 1298 
1179 1434 1984 
1180 1212 1784 
1181 1261 1262 1311 
1182 1213 1264 1726 
1183 1215 
1184 1206 1910 
1185 
1186 1984 
1187 1376 1618 
1188 1223 1297 1308 
1189 1282 1308 
1190 1327 
1191 1293 
1192 1267 
1193 
1194 1230 1285 
1195 1925 
1196 
1197 
1198 1363 1581 1779 
1199 1313 
1200 1251 
1201 
1202 1266 
1203 1295 
1204 1248 
1205 1991 
1206 
1207 
1208 1667 
1209 
1210 1280 
1211 1244 1248 
1212 1360 
1213 1459 
1214 1308 
1215 
1216 1243 1318 1870 
1217 1256 1270 
1218 1764 
1219 1331 1363 
1220 1325 
1221 1241 
1222 1503 
1223 1638 
1224 
1225 1718 
1226 1263 1482 
1227 
1228 1293 
1229 1305 
1230 1263 1289 
1231 1834 
1232 1275 1634 
1233 1471 
1234 
1235 1313 
1236 
1237 1893 
1238 
1239 1270 
1240 1312 1869 1990 
1241 1307 
1242 1512 1762 
1243 1278 
1244 1262 
1245 
1246 1826 
1247 1814 
1248 1320 1587 
1249 
1250 1865 
1251 
1252 
1253 
1254 
1255 
1256 1340 1605 
1257 
1258 1282 
1259 1266 
1260 
1261 1305 
1262 
1263 
1264 
1265 
1266 
1267 
1268 1791 
1269 
1270 1279 
1271 1311 
1272 
1273 
1274 1301 
1275 
1276 
1277 1921 
1278 
1279 1848 
1280 
1281 1318 1622 
1282 
1283 
1284 
1285 
1286 
1287 
1288 
1289 
1290 
1291 
1292 
1293 1310 1512 
1294 
1295 
1296 
1297 1302 1331 
1298 
1299 
1300 
1301 
1302 
1303 1314 
1304 1414 
1305 
1306 
1307 
1308 
1309 1920 
1310 
1311 
1312 1834 
1313 1323 
1314 1318 1474 
1315 1488 
1316 
1317 
1318 
1319 
1320 1978 
1321 
1322 
1323 
1324 1596 1936 
1325 
1326 
1327 
1328 
1329 
1330 1616 
1331 
1332 1774 1923 1989 
1333 1377 1494 1618 1996 
1334 1343 1650 
1335 1372 1452 1558 1567 1611 1646 1727 1859 
1336 1343 1432 1547 1722 1863 1878 1956 
1337 1598 1693 1902 
1338 1424 1442 1977 1987 
1339 1426 1443 1520 
1340 1369 1441 1486 1547 
1341 
1342 1393 1625 1851 1866 
1343 1391 1684 1835 1859 
1344 1383 1498 1666 1785 1832 1846 1994 
1345 1455 1538 1570 1574 1933 
1346 1412 1859 1919 
1347 1506 1596 1647 1668 1818 
1348 1658 1991 
1349 1373 1401 1689 1920 1991 
1350 1392 1456 1802 1886 
1351 1365 
1352 1408 1509 1633 1697 1807 
1353 1841 1932 1992 
1354 1918 
1355 1380 1419 1518 1744 1906 
1356 1738 1757 
1357 1368 1738 
1358 1507 1797 1870 
1359 1532 1831 1875 
1360 1532 1737 
1361 1635 1682 1746 1836 1942 
1362 1387 1515 1578 1721 1930 
1363 1486 1493 1844 
1364 1501 1526 1603 1612 1658 1771 1914 1968 
1365 1418 1591 1666 1678 1703 1770 1872 1914 1932 
1366 1542 1622 1635 1768 
1367 1404 1522 1584 1843 1902 
1368 1527 1810 
1369 1386 1482 1875 
1370 1488 1631 1707 1819 
1371 1428 1594 1787 1862 1932 1944 
1372 1476 1593 1669 1839 1908 1912 
1373 1514 1616 1699 1988 
1374 1448 1463 1670 
1375 1444 1579 1768 1843 
1376 1473 1604 1641 1949 1985 
1377 1435 1485 
1378 1798 1910 
1379 1455 
1380 1406 1486 1568 1642 1764 1894 
1381 1406 1633 1684 1755 1842 1855 1926 
1382 1543 1709 1939 1971 1979 
1383 1431 1507 1837 
1384 1738 1936 1939 
1385 1522 1527 1682 1865 1915 1985 
1386 1637 1722 
1387 1512 1925 1938 
1388 1469 1522 
1389 1402 1646 1724 1769 1836 1857 
1390 1394 1506 1529 1592 1890 1961 1977 1988 
1391 1448 1550 
1392 1612 1684 1783 1934 
1393 1403 1442 1638 1648 1793 
1394 1406 1437 1719 
1395 1470 1982 1985 
1396 1667 1707 1866 
1397 1492 1583 1905 
1398 1418 1468 1594 1619 1784 1812 
1399 1463 1713 1878 
1400 1485 1515 1938 
1401 1928 
1402 1417 1463 1514 1641 1650 1918 1985 
1403 1439 1549 1578 1579 1872 
1404 1507 1702 1778 1839 1896 
1405 1541 1771 1816 1825 1887 
1406 1417 1468 1540 1602 1671 1709 1823 
1407 1576 1589 1968 
1408 1409 1483 1487 1849 
1409 1447 1467 1609 1690 
1410 1636 1913 
1411 1623 1740 1794 
1412 1732 1881 1961 
1413 1449 1552 1666 1814 
1414 1609 1900 
1415 1488 1535 1536 1726 
1416 1513 1611 1641 1658 1724 1737 1842 1850 1966 1981 
1417 1719 1730 
1418 1438 1478 1652 1705 
1419 1651 1667 
1420 1508 1578 1585 1941 
1421 1896 
1422 1539 1650 1716 1798 
1423 1552 1692 1705 1966 
1424 1537 1670 1776 
1425 1865 1866 1895 1964 
1426 1537 1917 1973 
1427 1461 1644 
1428 1488 1738 1768 1837 1885 1937 1996 
1429 1727 1823 1837 1855 1980 
1430 1511 
1431 1792 1886 1921 1942 
1432 1642 
1433 1506 1676 1688 
1434 1551 1567 1695 
1435 1453 1524 1962 
1436 1497 1521 1742 
1437 1831 1907 1920 
1438 1991 
1439 1553 1679 1729 1917 1944 
1440 1704 1725 1733 1766 1934 1954 
1441 1556 1667 1973 
1442 1647 1757 1795 1826 
1443 1692 
1444 1966 
1445 1509 1658 1935 1938 
1446 1898 
1447 1717 1950 1972 
1448 1514 1533 1589 1625 1687 1693 1788 1918 
1449 1667 1699 1975 
1450 1556 1596 1666 1949 
1451 1537 1741 
1452 
1453 1476 1562 1664 1791 
1454 1557 1568 
1455 1486 1577 1952 
1456 1468 1476 1572 1660 1944 
1457 1740 1770 1802 1970 
1458 1497 1664 1765 1778 1827 
1459 1522 1705 1856 
1460 1659 1678 
1461 1558 1668 1721 1934 
1462 
1463 1519 1566 1627 1853 1881 1957 
1464 1738 1928 
1465 1536 1600 1605 1665 
1466 1647 1814 
1467 1725 1803 
1468 1572 1823 1938 1967 
1469 1509 1570 1685 1832 
1470 1501 1615 1680 1793 
1471 1575 1630 1741 1956 1972 
1472 1561 1584 1996 
1473 1489 
1474 1579 1614 1670 1957 1970 
1475 1495 1593 1765 1934 1986 
1476 1584 1810 
1477 1509 1865 
1478 1578 1733 1908 
1479 1551 1714 1804 
1480 1535 1827 1922 
1481 1519 1923 
1482 1599 1784 1922 
1483 1570 1940 1957 1991 
1484 1547 
1485 1650 1864 
1486 1692 1883 1892 
1487 1595 1818 1932 1937 1951 
1488 1526 1792 1882 1971 
1489 1522 1730 1859 1956 1978 
1490 1509 1771 1955 
1491 1548 1619 1890 1986 
1492 1558 1559 1745 1853 1996 
1493 1546 1593 1927 
1494 1531 1611 
1495 1569 
1496 1816 1963 1973 
1497 1660 1866 
1498 1585 1600 
1499 1585 1603 1788 1811 1894 1941 
1500 1521 1605 1865 1915 1942 
1501 1924 
1502 1624 1662 1731 
1503 1562 1754 1801 1915 1953 1995 
1504 1704 
1505 1729 1770 1927 
1506 1544 1974 1976 
1507 1569 1577 1637 1721 
1508 1522 
1509 1863 1877 1920 
1510 1722 1760 1912 1976 
1511 1604 1895 1914 1950 1990 
1512 1709 1836 1861 
1513 1653 1905 1951 
1514 1717 1751 1793 
1515 1687 1721 1927 1938 
1516 1709 1804 1867 
1517 1658 1728 1798 1880 
1518 1525 1619 1651 1726 1962 
1519 1564 1633 1650 1930 
1520 1925 1989 
1521 1538 1670 1782 1831 1869 1931 
1522 1620 1863 
1523 1776 
1524 1640 1670 1907 1955 1969 
1525 1576 1902 
1526 
1527 1785 1792 1926 
1528 1578 1956 
1529 1809 1851 
1530 1727 1740 1770 1940 
1531 1731 1818 
1532 1602 1775 1912 1959 
1533 1570 1649 1815 1837 1967 
1534 1779 1883 1997 
1535 1980 
1536 1601 1699 1860 
1537 1661 1772 1887 
1538 
1539 1545 1870 
1540 1966 
1541 1602 1613 1696 1738 1890 1996 
1542 1633 
1543 1812 1914 1968 
1544 1701 1780 1817 1895 1898 1935 
1545 1583 1616 1640 1756 1857 
1546 1587 1831 
1547 
1548 1667 1759 1769 1774 1865 
1549 1570 1645 1649 1659 1673 1842 
1550 1650 1938 
1551 1806 
1552 1795 1841 1880 
1553 1734 1898 1983 
1554 1665 1863 
1555 1683 
1556 1644 1660 
1557 1651 1739 1803 
1558 1798 1854 1912 
1559 1770 1950 1955 
1560 1621 1665 1689 1726 1788 1830 
1561 1751 1781 1840 1935 1938 
1562 1977 
1563 1714 
1564 1761 
1565 1884 
1566 1625 1822 
1567 1624 1789 1885 1979 
1568 1621 1728 
1569 1656 1968 
1570 1740 1920 
1571 1589 
1572 
1573 1638 1935 
1574 1848 
1575 1696 1860 1940 1953 1963 
1576 1663 1716 1991 
1577 1594 1728 
1578 1591 1684 1907 
1579 1659 1804 1849 
1580 1788 1843 
1581 1751 1814 
1582 1598 1763 
1583 1967 
1584 1588 1642 1683 1872 1896 1900 
1585 1770 
1586 1633 1645 1695 1760 1859 1873 1982 
1587 1850 1918 
1588 1605 1687 1770 1956 
1589 1673 1749 1832 1920 
1590 1751 
1591 1685 1736 1910 
1592 1844 1909 1974 
1593 1711 1712 1837 1850 
1594 1776 1875 
1595 1737 1776 1800 
1596 1683 
1597 1615 1676 1820 
1598 1653 
1599 1696 
1600 1699 1777 1957 1978 
1601 1750 1803 1834 
1602 1740 1996 
1603 1657 1663 1673 1689 1889 
1604 1652 1969 
1605 1625 1661 1819 1967 
1606 1650 1725 1966 
1607 
1608 1680 
1609 
1610 1677 1690 1748 1936 
1611 1697 1741 1973 
1612 1718 1791 
1613 1740 1816 1890 1957 
1614 1666 
1615 1825 1830 
1616 1659 1674 1911 1965 
1617 1885 1901 
1618 1835 
1619 1991 
1620 1731 
1621 1902 
1622 1754 1893 1925 
1623 1662 1675 1689 1792 1801 
1624 1810 
1625 1713 1809 1818 
1626 1654 1712 
1627 1879 1994 
1628 1830 
1629 1664 1916 1992 
1630 1771 
1631 1741 1785 
1632 1674 1895 
1633 
1634 1940 1984 
1635 1659 1714 1734 1789 
1636 1695 1994 
1637 1658 
1638 
1639 
1640 
1641 1902 1929 1969 
1642 1700 1749 
1643 1690 1889 1944 
1644 1652 1740 1994 
1645 1758 
1646 1678 1766 1835 1965 
1647 1658 1924 
1648 1855 1968 
1649 1860 
1650 1830 1854 1865 1866 
1651 1679 1914 
1652 1865 1897 
1653 1719 1773 1847 
1654 1689 1857 1881 1900 1992 
1655 1670 1709 
1656 
1657 
1658 1674 1862 
1659 1668 1693 1752 1802 1948 
1660 1791 1888 
1661 1864 
1662 1702 1706 1805 1838 
1663 1742 1881 1883 
1664 1934 1942 
1665 1671 
1666 1728 1979 
1667 1854 1875 
1668 1697 1797 
1669 1738 1795 
1670 1730 1759 1870 1874 
1671 1674 1706 1973 
1672 
1673 1694 1920 1981 
1674 
1675 1976 
1676 1969 
1677 1680 1904 
1678 1815 
1679 1821 1854 1941 
1680 1734 1789 1854 1901 
1681 1961 
1682 1807 1883 
1683 1811 
1684 
1685 1837 1943 
1686 1696 1812 1926 
1687 1717 1770 1823 1845 1889 
1688 1756 1800 1930 
1689 1693 1727 
1690 1824 1992 
1691 
1692 
1693 1950 
1694 1775 1866 1960 
1695 1887 1960 
1696 1717 
1697 1769 
1698 1773 
1699 1954 
1700 1769 1908 
1701 1870 
1702 1796 1841 1843 1929 
1703 1814 
1704 1711 1868 
1705 
1706 1756 
1707 1758 
1708 1972 
1709 
1710 1722 1891 1993 
1711 1881 
1712 1831 
1713 1742 1861 
1714 1862 1944 1966 
1715 
1716 
1717 1752 1869 1874 
1718 1831 1907 
1719 1791 1871 
1720 1863 
1721 
1722 1859 
1723 
1724 1775 
1725 
1726 1879 1910 1922 
1727 1785 1809 
1728 1743 1824 
1729 
1730 
1731 1841 
1732 1768 1908 1961 
1733 1866 1874 1969 1970 
1734 
1735 1840 1936 
1736 1750 1963 
1737 1935 
1738 1822 1982 
1739 1806 1926 
1740 1821 1893 
1741 1757 1775 1829 1833 1896 
1742 
1743 1791 1949 
1744 1968 
1745 1910 
1746 
1747 1890 
1748 1929 
1749 1785 1837 
1750 1859 1891 
1751 
1752 1801 1816 
1753 
1754 1964 
1755 1891 1921 1939 
1756 1891 1929 
1757 1922 
1758 1886 1928 
1759 
1760 1839 
1761 1807 
1762 
1763 1851 
1764 1794 1933 
1765 1827 1837 
1766 1838 1871 1988 
1767 
1768 1809 1828 
1769 1896 
1770 1946 
1771 
1772 1858 
1773 
1774 1784 1857 
1775 
1776 
1777 
1778 1833 
1779 
1780 1903 1959 
1781 1840 
1782 1798 1883 
1783 1796 1923 
1784 
1785 1846 1928 
1786 1851 
1787 
1788 
1789 1989 
1790 
1791 
1792 1899 1994 
1793 
1794 1857 
1795 
1796 1945 
1797 1857 1980 
1798 1870 
1799 1809 1902 1918 
1800 1824 1956 
1801 1820 1882 1908 
1802 1885 
1803 1863 1904 1940 
1804 1845 1922 1971 
1805 1867 1900 
1806 1906 1922 
1807 1873 
1808 1897 1902 
1809 1893 1970 
1810 1975 
1811 
1812 
1813 
1814 1995 
1815 1823 
1816 1840 1860 1864 1960 
1817 
1818 1886 
1819 1930 
1820 
1821 
1822 1862 
1823 
1824 1886 
1825 1846 1945 
1826 1965 
1827 
1828 1876 
1829 1868 
1830 1851 1896 
1831 1847 
1832 1880 1931 
1833 
1834 1935 1949 
1835 1947 1956 
1836 
1837 
1838 
1839 
1840 1885 1887 
1841 1968 
1842 1879 
1843 1950 1957 1975 
1844 1882 1902 
1845 1902 1990 
1846 1912 
1847 
1848 
1849 1925 
1850 
1851 
1852 1905 1914 
1853 1865 
1854 1865 
1855 1904 1913 
1856 1898 
1857 1875 1974 
1858 1924 
1859 1900 
1860 1954 
1861 1941 
1862 1943 
1863 
1864 
1865 
1866 1913 
1867 
1868 
1869 
1870 1917 
1871 1960 1964 
1872 
1873 
1874 
1875 
1876 1907 
1877 1886 
1878 1986 
1879 
1880 
1881 1941 
1882 
1883 1890 1919 1962 1989 
1884 
1885 
1886 
1887 
1888 1892 
1889 
1890 
1891 
1892 1933 
1893 1970 
1894 
1895 
1896 1961 
1897 1968 
1898 1972 
1899 
1900 1983 
1901 1951 
1902 1934 1955 1977 
1903 
1904 
1905 1973 
1906 
1907 
1908 1967 1975 
1909 
1910 1925 1947 
1911 
1912 
1913 1950 
1914 
1915 
1916 1967 
1917 1929 
1918 
1919 
1920 
1921 
1922 
1923 
1924 
1925 
1926 1978 
1927 1941 
1928 
1929 
1930 1984 
1931 
1932 
1933 1967 
1934 
1935 
1936 
1937 
1938 
1939 
1940 
1941 
1942 
1943 
1944 1970 
1945 
1946 
1947 
1948 
1949 
1950 1951 1985 
1951 
1952 1984 1994 
1953 
1954 
1955 1973 1984 
1956 
1957 
1958 1985 1996 
1959 
1960 
1961 
1962 1990 
1963 
1964 
1965 1988 1995 
1966 
1967 
1968 
1969 
1970 
1971 
1972 
1973 
1974 
1975 1996 
1976 
1977 
1978 1979 
1979 
1980 
1981 
1982 
1983 
1984 1990 
1985 
1986 
1987 
1988 
1989 
1990 
1991 
1992 
1993 
1994 
1995 
1996 
1997 
1998 
1999 
[0, 0, 0, 0, 0, 0, 0, 0, 0, 0, 0, 0, 0, 0, 0, 0, 0, 0, 0, 0, 0, 0, 0, 0, 0, 0, 0, 0, 0, 0, 0, 0, 0, 0, 0, 0, 0, 0, 0, 0, 0, 0, 0, 0, 0, 0, 0, 0, 0, 0, 0, 0, 0, 0, 0, 0, 0, 0, 0, 0, 0, 0, 0, 0, 0, 0, 0, 0, 0, 0, 0, 0, 0, 0, 0, 0, 0, 0, 0, 0, 0, 0, 0, 0, 0, 0, 0, 0, 0, 0, 0, 0, 0, 0, 0, 0, 0, 0, 0, 0, 0, 0, 0, 0, 0, 0, 0, 0, 0, 0, 0, 0, 0, 0, 0, 0, 0, 0, 0, 0, 0, 0, 0, 0, 0, 0, 0, 0, 0, 0, 0, 0, 0, 0, 0, 0, 0, 0, 0, 0, 0, 0, 0, 0, 0, 0, 0, 0, 0, 0, 0, 0, 0, 0, 0, 0, 0, 0, 0, 0, 0, 0, 0, 0, 0, 0, 0, 0, 0, 0, 0, 0, 0, 0, 0, 0, 0, 0, 0, 0, 0, 0, 0, 0, 0, 0, 0, 0, 0, 0, 0, 0, 0, 0, 0, 0, 0, 0, 0, 0, 0, 0, 0, 0, 0, 0, 0, 0, 0, 0, 0, 0, 0, 0, 0, 0, 0, 0, 0, 0, 0, 0, 0, 0, 0, 0, 0, 0, 0, 0, 0, 0, 0, 0, 0, 0, 0, 0, 0, 0, 0, 0, 0, 0, 0, 0, 0, 0, 0, 0, 0, 0, 0, 0, 0, 0, 0, 0, 0, 0, 0, 0, 0, 0, 0, 0, 0, 0, 0, 0, 0, 0, 0, 0, 0, 0, 0, 0, 0, 0, 0, 0, 0, 0, 0, 0, 0, 0, 0, 0, 0, 0, 0, 0, 0, 0, 0, 0, 0, 0, 0, 0, 0, 0, 0, 0, 0, 0, 0, 0, 0, 0, 0, 0, 0, 0, 0, 0, 0, 0, 0, 0, 0, 0, 0, 0, 0, 0, 0, 0, 0, 0, 0, 0, 0, 0, 0, 0, 0, 0, 0, 0, 0, 0, 0, 0, 0, 0, 0, 0, 0, 0, 0, 0, 0, 0, 0, 0, 0, 0, 0, 0, 0, 0, 0, 0, 0, 0, 0, 0, 0, 0, 0, 0, 0, 0, 0, 0, 0, 0, 0, 0, 0, 0, 0, 0, 0, 0, 0, 0, 0, 0, 0, 0, 0, 0, 0, 0, 0, 0, 0, 0, 0, 0, 0, 0, 0, 0, 0, 0, 0, 0, 0, 0, 0, 0, 0, 0, 0, 0, 0, 0, 0, 0, 0, 0, 0, 0, 0, 0, 0, 0, 0, 0, 0, 0, 0, 0, 0, 0, 0, 0, 0, 0, 0, 0, 0, 0, 0, 0, 0, 0, 0, 0, 0, 0, 0, 0, 0, 0, 0, 0, 0, 0, 0, 0, 0, 0, 0, 0, 0, 0, 0, 0, 0, 0, 0, 0, 0, 0, 0, 0, 0, 0, 0, 0, 0, 0, 0, 0, 0, 0, 0, 0, 0, 0, 0, 0, 0, 0, 0, 0, 0, 0, 0, 0, 0, 0, 0, 0, 0, 0, 0, 0, 0, 0, 0, 0, 0, 0, 0, 0, 0, 0, 0, 0, 0, 0, 0, 0, 0, 0, 0, 0, 0, 0, 0, 0, 0, 0, 0, 0, 0, 0, 0, 0, 0, 0, 0, 0, 0, 0, 0, 0, 0, 0, 0, 0, 0, 0, 0, 0, 0, 0, 0, 0, 0, 0, 0, 0, 0, 0, 0, 0, 0, 0, 0, 0, 0, 0, 0, 0, 0, 0, 0, 0, 0, 0, 0, 0, 0, 0, 0, 0, 0, 0, 0, 0, 0, 0, 0, 0, 0, 0, 0, 0, 0, 0, 0, 0, 0, 0, 0, 0, 0, 0, 0, 0, 0, 0, 0, 0, 0, 0, 0, 0, 0, 0, 0, 0, 0, 0, 0, 0, 0, 0, 0, 0, 0, 0, 0, 0, 0, 0, 0, 0, 0, 0, 0, 0, 0, 0, 0, 0, 0, 0, 0, 0, 0, 0, 0, 0, 0, 0, 0, 0, 1, 1, 1, 1, 1, 1, 1, 1, 1, 1, 1, 1, 1, 1, 1, 1, 1, 1, 1, 1, 1, 1, 1, 1, 1, 1, 1, 1, 1, 1, 1, 1, 1, 1, 1, 1, 1, 1, 1, 1, 1, 1, 1, 1, 1, 1, 1, 1, 1, 1, 1, 1, 1, 1, 1, 1, 1, 1, 1, 1, 1, 1, 1, 1, 1, 1, 1, 1, 1, 1, 1, 1, 1, 1, 1, 1, 1, 1, 1, 1, 1, 1, 1, 1, 1, 1, 1, 1, 1, 1, 1, 1, 1, 1, 1, 1, 1, 1, 1, 1, 1, 1, 1, 1, 1, 1, 1, 1, 1, 1, 1, 1, 1, 1, 1, 1, 1, 1, 1, 1, 1, 1, 1, 1, 1, 1, 1, 1, 1, 1, 1, 1, 1, 1, 1, 1, 1, 1, 1, 1, 1, 1, 1, 1, 1, 1, 1, 1, 1, 1, 1, 1, 1, 1, 1, 1, 1, 1, 1, 1, 1, 1, 1, 1, 1, 1, 1, 1, 1, 1, 1, 1, 1, 1, 1, 1, 1, 1, 1, 1, 1, 1, 1, 1, 1, 1, 1, 1, 1, 1, 1, 1, 1, 1, 1, 1, 1, 1, 1, 1, 1, 1, 1, 1, 1, 1, 1, 1, 1, 1, 1, 1, 1, 1, 1, 1, 1, 1, 1, 1, 1, 1, 1, 1, 1, 1, 1, 1, 1, 1, 1, 1, 1, 1, 1, 1, 1, 1, 1, 1, 1, 1, 1, 1, 1, 1, 1, 1, 1, 1, 1, 1, 1, 1, 1, 1, 1, 1, 1, 1, 1, 1, 1, 1, 1, 1, 1, 1, 1, 1, 1, 1, 1, 1, 1, 1, 1, 1, 1, 1, 1, 1, 1, 1, 1, 1, 1, 1, 1, 1, 1, 1, 1, 1, 1, 1, 1, 1, 1, 1, 1, 1, 1, 1, 1, 1, 1, 1, 1, 1, 1, 1, 1, 1, 1, 1, 1, 1, 1, 1, 1, 1, 1, 1, 1, 1, 1, 1, 1, 1, 1, 1, 1, 1, 1, 1, 1, 1, 1, 1, 1, 1, 1, 1, 1, 1, 1, 1, 1, 1, 1, 1, 1, 1, 1, 1, 1, 1, 1, 1, 1, 1, 1, 1, 1, 1, 1, 1, 1, 1, 1, 1, 1, 1, 1, 1, 1, 1, 1, 1, 1, 1, 1, 1, 1, 1, 1, 1, 1, 1, 1, 1, 1, 1, 1, 1, 1, 1, 1, 1, 1, 1, 1, 1, 1, 1, 1, 1, 1, 1, 1, 1, 1, 1, 1, 1, 1, 1, 1, 1, 1, 1, 1, 1, 1, 1, 1, 1, 1, 1, 1, 1, 1, 1, 1, 1, 1, 1, 1, 1, 1, 1, 1, 1, 1, 1, 1, 1, 1, 1, 1, 1, 1, 1, 1, 1, 1, 1, 1, 1, 1, 1, 1, 1, 1, 1, 1, 1, 1, 1, 1, 1, 1, 1, 1, 1, 1, 1, 1, 1, 1, 1, 1, 1, 1, 1, 1, 1, 1, 1, 1, 1, 1, 1, 1, 1, 1, 1, 1, 1, 1, 1, 1, 1, 1, 1, 1, 1, 1, 1, 1, 1, 1, 1, 1, 1, 1, 1, 1, 1, 1, 1, 1, 1, 1, 1, 1, 1, 1, 1, 1, 1, 1, 1, 1, 1, 1, 1, 1, 1, 1, 1, 1, 1, 1, 1, 1, 1, 1, 1, 1, 1, 1, 1, 1, 1, 1, 1, 1, 1, 1, 1, 1, 1, 1, 1, 1, 1, 1, 1, 1, 1, 1, 1, 1, 1, 1, 1, 1, 1, 1, 1, 1, 1, 1, 1, 1, 1, 1, 1, 1, 1, 1, 1, 1, 1, 1, 1, 1, 1, 1, 1, 1, 1, 1, 1, 1, 1, 1, 1, 1, 1, 1, 1, 1, 1, 1, 1, 1, 1, 1, 1, 1, 1, 1, 1, 1, 1, 1, 1, 1, 1, 1, 1, 1, 1, 1, 1, 1, 1, 1, 1, 1, 1, 1, 1, 1, 1, 1, 1, 1, 1, 1, 1, 1, 1, 1, 1, 1, 1, 1, 1, 1, 1, 1, 1, 2, 2, 2, 2, 2, 2, 2, 2, 2, 2, 2, 2, 2, 2, 2, 2, 2, 2, 2, 2, 2, 2, 2, 2, 2, 2, 2, 2, 2, 2, 2, 2, 2, 2, 2, 2, 2, 2, 2, 2, 2, 2, 2, 2, 2, 2, 2, 2, 2, 2, 2, 2, 2, 2, 2, 2, 2, 2, 2, 2, 2, 2, 2, 2, 2, 2, 2, 2, 2, 2, 2, 2, 2, 2, 2, 2, 2, 2, 2, 2, 2, 2, 2, 2, 2, 2, 2, 2, 2, 2, 2, 2, 2, 2, 2, 2, 2, 2, 2, 2, 2, 2, 2, 2, 2, 2, 2, 2, 2, 2, 2, 2, 2, 2, 2, 2, 2, 2, 2, 2, 2, 2, 2, 2, 2, 2, 2, 2, 2, 2, 2, 2, 2, 2, 2, 2, 2, 2, 2, 2, 2, 2, 2, 2, 2, 2, 2, 2, 2, 2, 2, 2, 2, 2, 2, 2, 2, 2, 2, 2, 2, 2, 2, 2, 2, 2, 2, 2, 2, 2, 2, 2, 2, 2, 2, 2, 2, 2, 2, 2, 2, 2, 2, 2, 2, 2, 2, 2, 2, 2, 2, 2, 2, 2, 2, 2, 2, 2, 2, 2, 2, 2, 2, 2, 2, 2, 2, 2, 2, 2, 2, 2, 2, 2, 2, 2, 2, 2, 2, 2, 2, 2, 2, 2, 2, 2, 2, 2, 2, 2, 2, 2, 2, 2, 2, 2, 2, 2, 2, 2, 2, 2, 2, 2, 2, 2, 2, 2, 2, 2, 2, 2, 2, 2, 2, 2, 2, 2, 2, 2, 2, 2, 2, 2, 2, 2, 2, 2, 2, 2, 2, 2, 2, 2, 2, 2, 2, 2, 2, 2, 2, 2, 2, 2, 2, 2, 2, 2, 2, 2, 2, 2, 2, 2, 2, 2, 2, 2, 2, 2, 2, 2, 2, 2, 2, 2, 2, 2, 2, 2, 2, 2, 2, 2, 2, 2, 2, 2, 2, 2, 2, 2, 2, 2, 2, 2, 2, 2, 2, 2, 2, 2, 2, 2, 2, 2, 2, 2, 2, 2, 2, 2, 2, 2, 2, 2, 2, 2, 2, 2, 2, 2, 2, 2, 2, 2, 2, 2, 2, 2, 2, 2, 2, 2, 2, 2, 2, 2, 2, 2, 2, 2, 2, 2, 2, 2, 2, 2, 2, 2, 2, 2, 2, 2, 2, 2, 2, 2, 2, 2, 2, 2, 2, 2, 2, 2, 2, 2, 2, 2, 2, 2, 2, 2, 2, 2, 2, 2, 2, 2, 2, 2, 2, 2, 2, 2, 2, 2, 2, 2, 2, 2, 2, 2, 2, 2, 2, 2, 2, 2, 2, 2, 2, 2, 2, 2, 2, 2, 2, 2, 2, 2, 2, 2, 2, 2, 2, 2, 2, 2, 2, 2, 2, 2, 2, 2, 2, 2, 2, 2, 2, 2, 2, 2, 2, 2, 2, 2, 2, 2, 2, 2, 2, 2, 2, 2, 2, 2, 2, 2, 2, 2, 2, 2, 2, 2, 2, 2, 2, 2, 2, 2, 2, 2, 2, 2, 2, 2, 2, 2, 2, 2, 2, 2, 2, 2, 2, 2, 2, 2, 2, 2, 2, 2, 2, 2, 2, 2, 2, 2, 2, 2, 2, 2, 2, 2, 2, 2, 2, 2, 2, 2, 2, 2, 2, 2, 2, 2, 2, 2, 2, 2, 2, 2, 2, 2, 2, 2, 2, 2, 2, 2, 2, 2, 2, 2, 2, 2, 2, 2, 2, 2, 2, 2, 2, 2, 2, 2, 2, 2, 2, 2, 2, 2, 2, 2, 2, 2, 2, 2, 2, 2, 2, 2, 2, 2, 2, 2, 2, 2, 2, 2, 2, 2, 2, 2, 2, 2, 2, 2, 2, 2, 2, 2, 2, 2, 2, 2, 2, 2, 2, 2, 2, 2, 2, 2, 2, 2, 2, 2, 2, 2, 2, 2, 2, 2, 2, 2, 2, 2, 2, 2, 2, 2, 2, 2, 2, 2, 2, 2, 2, 2, 2, 2, 2, 2, 2, 2, 2, 2, 2, 2, 2, 2, 2, 2, 2, 2, 2, 2, 2, 2, 2, 2, 2, 2, 0, 0]