0 239 784 
1 63 
2 127 385 461 
3 670 
4 
5 
6 885 
7 
8 
9 699 932 
10 298 
11 985 
12 645 710 
13 
14 16 211 
15 823 
16 194 550 
17 459 830 
18 
19 119 1680 
20 314 
21 113 829 908 
22 673 
23 903 
24 
25 664 1360 
26 680 889 
27 
28 
29 381 765 1563 
30 632 
31 839 
32 
33 116 
34 
35 
36 
37 779 
38 
39 534 616 807 
40 661 
41 127 668 
42 935 1878 
43 845 
44 
45 
46 365 
47 172 
48 
49 854 
50 815 
51 350 
52 
53 
54 711 
55 281 557 796 
56 459 587 749 1332 
57 130 888 1731 
58 
59 454 
60 327 329 
61 123 1035 
62 816 908 
63 126 476 529 
64 
65 1833 
66 
67 
68 487 507 661 
69 
70 
71 257 478 638 
72 786 
73 
74 374 441 
75 
76 754 
77 
78 701 
79 234 879 
80 
81 1371 
82 245 297 
83 684 700 1168 
84 419 
85 523 621 
86 765 
87 
88 578 
89 
90 350 
91 
92 869 
93 286 
94 
95 
96 718 
97 758 
98 169 1813 
99 859 
100 221 240 
101 1340 
102 1041 
103 408 
104 
105 1400 
106 875 1576 
107 422 1440 
108 537 821 
109 
110 
111 977 
112 
113 486 502 723 
114 145 280 639 
115 598 661 
116 924 
117 
118 
119 347 848 
120 225 
121 
122 1757 
123 
124 556 
125 
126 
127 204 643 
128 502 
129 935 971 1156 
130 970 
131 296 
132 597 964 
133 
134 498 
135 
136 662 757 
137 
138 
139 
140 843 861 
141 978 
142 
143 324 632 
144 262 831 
145 
146 567 
147 779 
148 928 1479 
149 281 
150 978 
151 
152 
153 
154 368 387 887 
155 466 
156 964 
157 232 
158 187 
159 696 
160 
161 741 
162 
163 282 376 669 
164 247 
165 
166 1532 
167 384 479 
168 
169 969 
170 881 
171 
172 
173 
174 456 
175 248 
176 716 801 923 
177 277 327 524 824 888 
178 
179 
180 
181 
182 794 
183 537 1268 
184 706 
185 204 
186 725 
187 670 700 967 
188 
189 854 
190 445 636 
191 640 
192 527 852 
193 519 804 
194 754 
195 752 
196 
197 
198 
199 200 
200 499 
201 297 369 983 
202 957 
203 672 
204 278 
205 490 
206 
207 436 
208 387 930 
209 
210 
211 
212 638 
213 841 
214 997 
215 894 
216 755 815 969 
217 532 
218 
219 341 410 
220 
221 
222 452 
223 
224 
225 920 989 
226 716 727 
227 685 1938 
228 879 
229 
230 531 847 1116 
231 1269 
232 
233 446 599 1919 
234 492 870 
235 717 
236 
237 545 654 970 
238 
239 
240 725 
241 484 
242 830 
243 763 
244 
245 249 1445 
246 424 
247 830 846 
248 1467 
249 
250 519 
251 420 674 898 
252 723 990 
253 280 846 1533 
254 874 
255 1601 
256 997 
257 
258 
259 509 657 925 
260 942 
261 
262 352 567 
263 
264 401 979 
265 
266 
267 532 966 1378 
268 315 738 
269 872 
270 
271 610 
272 
273 698 1343 
274 967 
275 1083 
276 841 
277 
278 657 
279 459 
280 695 873 
281 330 357 559 801 
282 
283 696 
284 
285 914 
286 611 
287 
288 902 
289 
290 1094 
291 308 474 529 803 
292 
293 839 
294 535 1842 
295 812 
296 
297 
298 
299 629 
300 
301 
302 781 
303 505 
304 
305 411 831 
306 
307 496 
308 
309 
310 540 1562 
311 759 
312 
313 
314 
315 
316 
317 
318 643 701 
319 
320 
321 
322 695 
323 489 717 946 
324 1812 
325 770 
326 
327 
328 544 
329 382 
330 
331 
332 
333 
334 
335 
336 
337 
338 
339 
340 397 687 
341 975 
342 
343 
344 935 1801 
345 
346 
347 769 
348 
349 
350 449 
351 844 
352 594 
353 393 
354 
355 819 919 
356 
357 
358 467 475 890 
359 
360 
361 840 
362 498 
363 
364 
365 404 
366 451 1082 
367 
368 
369 
370 
371 
372 695 702 998 
373 862 
374 630 
375 856 
376 
377 
378 654 
379 978 1657 1823 
380 565 
381 
382 1138 
383 
384 
385 990 
386 829 
387 991 
388 
389 
390 
391 
392 
393 
394 
395 
396 
397 416 663 
398 
399 496 
400 
401 
402 781 
403 
404 
405 683 799 
406 
407 694 
408 
409 422 804 
410 504 
411 639 878 
412 
413 425 
414 
415 577 
416 804 
417 
418 
419 
420 769 1203 
421 540 
422 908 
423 
424 
425 
426 569 1057 
427 
428 
429 621 655 
430 
431 787 
432 561 
433 
434 
435 870 1955 
436 632 888 1984 
437 470 1148 
438 479 
439 569 
440 
441 
442 543 782 
443 868 
444 
445 
446 
447 
448 692 
449 
450 
451 
452 
453 
454 
455 
456 777 
457 
458 474 591 
459 
460 
461 
462 568 
463 
464 
465 810 
466 934 
467 654 1984 
468 
469 
470 827 908 
471 482 
472 
473 
474 632 834 
475 
476 693 
477 871 
478 747 
479 
480 
481 601 
482 908 
483 484 
484 510 
485 
486 
487 950 
488 694 
489 661 695 850 
490 702 
491 
492 897 941 
493 
494 1513 
495 
496 808 
497 
498 
499 946 
500 
501 
502 582 
503 
504 795 
505 
506 
507 
508 
509 928 
510 
511 
512 779 
513 758 952 
514 713 942 
515 
516 
517 
518 567 1714 
519 685 
520 868 
521 
522 534 
523 
524 
525 595 
526 
527 685 
528 627 677 744 753 952 981 
529 
530 
531 637 1130 
532 
533 875 991 
534 
535 
536 
537 580 
538 1615 
539 629 659 
540 
541 
542 
543 1487 
544 898 
545 881 
546 
547 
548 1622 
549 593 
550 658 
551 
552 
553 966 1685 
554 802 
555 
556 
557 
558 777 
559 
560 
561 
562 
563 1291 
564 
565 822 1001 
566 
567 
568 873 
569 889 999 
570 869 
571 
572 880 
573 829 
574 1100 
575 854 
576 606 954 961 
577 
578 
579 594 875 
580 
581 
582 
583 943 
584 
585 
586 1583 
587 737 
588 643 
589 678 683 
590 
591 995 
592 1270 
593 
594 709 768 
595 839 
596 
597 
598 758 
599 976 
600 
601 
602 988 
603 
604 
605 1263 
606 
607 
608 
609 
610 
611 
612 
613 846 936 
614 1065 
615 
616 
617 937 965 
618 670 
619 
620 
621 
622 788 
623 
624 
625 655 
626 648 1092 
627 1726 
628 
629 
630 
631 926 
632 970 
633 
634 
635 896 
636 999 
637 767 
638 909 
639 1627 
640 837 851 
641 
642 
643 
644 1777 
645 
646 
647 783 937 
648 1824 
649 
650 
651 
652 
653 
654 
655 766 
656 
657 782 
658 1356 
659 
660 
661 801 
662 
663 
664 
665 
666 
667 1405 
668 756 
669 716 
670 
671 895 
672 950 
673 
674 
675 782 
676 719 
677 
678 
679 
680 
681 1218 1399 
682 
683 
684 
685 1013 1559 
686 
687 
688 903 
689 
690 
691 1562 1979 
692 
693 699 
694 778 
695 847 
696 
697 
698 
699 
700 976 
701 
702 
703 
704 
705 
706 
707 
708 
709 
710 
711 
712 
713 1599 
714 
715 
716 1167 1891 
717 
718 
719 
720 825 
721 
722 
723 
724 
725 
726 902 
727 
728 
729 
730 916 
731 
732 
733 
734 
735 1103 
736 
737 1267 
738 
739 
740 
741 763 
742 1277 
743 
744 
745 
746 
747 
748 827 846 1563 
749 
750 
751 
752 
753 
754 978 
755 790 
756 1089 
757 962 
758 
759 
760 
761 922 
762 
763 
764 
765 
766 
767 
768 
769 
770 
771 
772 
773 797 
774 882 
775 
776 797 869 
777 
778 
779 
780 
781 934 
782 
783 
784 
785 
786 
787 826 
788 
789 
790 945 
791 
792 
793 971 
794 807 
795 
796 1612 
797 
798 
799 979 
800 1407 
801 
802 
803 
804 
805 
806 
807 
808 907 
809 
810 
811 
812 
813 
814 1009 
815 
816 915 
817 
818 
819 
820 
821 
822 
823 
824 
825 995 
826 837 
827 835 
828 
829 
830 
831 
832 1526 
833 
834 
835 
836 
837 
838 1227 
839 
840 
841 
842 1207 
843 
844 
845 
846 
847 
848 918 
849 
850 
851 
852 996 
853 
854 
855 
856 
857 
858 
859 
860 957 
861 960 
862 
863 
864 
865 
866 868 
867 
868 
869 
870 
871 1442 
872 
873 
874 1340 
875 1279 
876 
877 
878 
879 
880 
881 
882 
883 
884 
885 
886 
887 
888 
889 
890 
891 
892 
893 
894 898 
895 
896 
897 
898 
899 1927 
900 
901 
902 
903 
904 
905 
906 
907 
908 1654 
909 
910 981 
911 
912 
913 
914 
915 935 
916 
917 
918 1749 
919 
920 1235 
921 
922 
923 
924 
925 
926 
927 
928 
929 
930 
931 1946 
932 
933 
934 
935 
936 1696 
937 
938 
939 
940 
941 
942 
943 
944 
945 
946 
947 
948 
949 
950 
951 
952 
953 
954 
955 
956 
957 
958 
959 
960 1649 
961 
962 
963 
964 
965 
966 
967 
968 
969 
970 
971 1397 
972 
973 
974 
975 
976 
977 
978 
979 
980 
981 
982 1969 
983 
984 
985 
986 
987 
988 
989 
990 
991 
992 
993 
994 
995 
996 
997 
998 
999 
1000 
1001 1436 1668 1670 
1002 1065 1339 1640 
1003 
1004 
1005 1063 
1006 
1007 1127 
1008 1050 1670 1678 
1009 
1010 1507 
1011 1437 
1012 
1013 1232 1384 
1014 
1015 1772 
1016 1693 
1017 
1018 
1019 1329 1715 
1020 1064 
1021 1105 
1022 1307 1398 
1023 1623 
1024 1901 
1025 
1026 1225 1509 
1027 
1028 1933 
1029 1384 
1030 1845 
1031 
1032 1237 
1033 
1034 1219 1225 1339 1600 1758 
1035 1241 1500 
1036 1214 1494 
1037 
1038 1238 1440 1594 1625 
1039 
1040 1223 
1041 1378 1596 
1042 
1043 
1044 1655 1938 
1045 
1046 
1047 
1048 1423 
1049 
1050 
1051 1631 
1052 1209 
1053 1398 1927 
1054 1190 1512 
1055 
1056 1744 
1057 1598 1756 
1058 1529 
1059 1848 
1060 
1061 1560 1717 
1062 
1063 1839 
1064 1223 
1065 1299 1982 
1066 
1067 
1068 1458 1936 
1069 
1070 1079 1634 
1071 1920 
1072 
1073 1828 
1074 
1075 1090 1914 
1076 
1077 
1078 1129 
1079 1539 
1080 1172 
1081 
1082 
1083 
1084 1344 
1085 1088 1809 
1086 1835 1978 1984 
1087 
1088 
1089 1476 1700 
1090 1618 1906 
1091 1255 1914 
1092 1861 
1093 1167 
1094 1586 
1095 
1096 1675 
1097 
1098 1544 
1099 1784 
1100 
1101 
1102 
1103 1168 
1104 1347 
1105 
1106 
1107 
1108 1324 
1109 1709 
1110 
1111 1357 1577 
1112 
1113 
1114 
1115 
1116 1881 1975 
1117 1282 
1118 
1119 
1120 1364 
1121 1366 
1122 1589 1907 1970 
1123 
1124 
1125 1203 1456 1812 1947 
1126 1955 
1127 1319 1524 1753 
1128 
1129 
1130 1800 
1131 
1132 
1133 
1134 
1135 1884 
1136 1702 
1137 
1138 1468 1675 1809 
1139 
1140 1149 
1141 1459 
1142 1787 
1143 1851 
1144 
1145 1212 1636 1898 
1146 
1147 
1148 
1149 1182 
1150 1836 
1151 
1152 
1153 1838 
1154 1773 
1155 1750 
1156 1785 
1157 
1158 1609 
1159 
1160 
1161 1229 1239 1312 1333 1889 
1162 1916 
1163 1281 
1164 
1165 
1166 
1167 
1168 1216 
1169 
1170 1262 1415 
1171 1553 
1172 
1173 
1174 1382 
1175 1634 
1176 1595 
1177 
1178 
1179 
1180 1408 1706 
1181 1904 
1182 1843 1859 
1183 
1184 1448 1955 
1185 1720 
1186 
1187 
1188 
1189 1853 
1190 1270 1606 
1191 
1192 
1193 1426 1559 
1194 
1195 1432 
1196 
1197 1661 
1198 1825 
1199 1342 1377 
1200 1472 1787 
1201 1440 1593 
1202 
1203 1782 
1204 
1205 
1206 
1207 
1208 
1209 
1210 1402 
1211 1380 1547 1937 
1212 1858 
1213 1400 1771 1836 
1214 1269 
1215 1431 
1216 1920 
1217 1809 
1218 
1219 
1220 
1221 
1222 
1223 1670 
1224 
1225 
1226 
1227 1272 1365 
1228 
1229 
1230 
1231 
1232 1282 
1233 1267 
1234 
1235 1313 
1236 1458 
1237 1567 
1238 
1239 1917 
1240 1337 
1241 
1242 
1243 
1244 1535 
1245 
1246 1505 
1247 1353 
1248 
1249 
1250 1360 
1251 1470 1575 
1252 
1253 
1254 1546 1632 
1255 
1256 1418 1901 
1257 1660 
1258 
1259 1724 
1260 
1261 
1262 
1263 1355 
1264 
1265 
1266 1397 
1267 1679 
1268 
1269 
1270 1729 
1271 
1272 1365 1525 
1273 1410 1567 1632 1976 
1274 
1275 1448 
1276 
1277 1536 
1278 1777 1820 1941 
1279 1851 
1280 1873 
1281 1317 
1282 1351 1412 1905 
1283 1600 1881 
1284 1821 
1285 
1286 1382 
1287 
1288 
1289 
1290 
1291 
1292 1596 
1293 
1294 1325 1496 
1295 
1296 
1297 
1298 1346 
1299 1589 
1300 
1301 1450 1721 
1302 
1303 
1304 1780 
1305 1690 
1306 1505 
1307 1380 1817 
1308 
1309 
1310 
1311 1696 1905 
1312 
1313 
1314 1969 
1315 
1316 
1317 1672 
1318 
1319 1589 
1320 
1321 1391 1706 
1322 
1323 
1324 1625 
1325 1752 
1326 
1327 1337 1492 
1328 1515 1741 
1329 1806 
1330 
1331 1571 1771 1830 
1332 
1333 1776 
1334 1541 1710 
1335 
1336 1943 
1337 1478 1771 
1338 
1339 1436 1770 1815 
1340 1423 1443 1515 
1341 1695 1739 
1342 1479 
1343 1607 
1344 1733 
1345 1917 
1346 
1347 1369 
1348 1526 1775 
1349 1577 1954 
1350 
1351 
1352 1786 
1353 1782 
1354 
1355 
1356 
1357 
1358 1751 
1359 
1360 
1361 1639 
1362 
1363 1971 
1364 1613 
1365 
1366 1558 1825 
1367 1500 
1368 
1369 
1370 1584 1955 
1371 
1372 1598 1909 
1373 1527 1947 
1374 1702 1814 
1375 1789 
1376 
1377 1547 1746 
1378 
1379 1426 
1380 1982 
1381 
1382 1442 1863 
1383 1663 1727 
1384 1424 
1385 1910 
1386 1827 
1387 1632 
1388 
1389 1808 
1390 
1391 1512 
1392 
1393 1394 1645 1837 
1394 1698 1812 
1395 
1396 1725 1780 
1397 1747 1812 
1398 
1399 1513 1716 1778 1983 
1400 
1401 
1402 
1403 
1404 
1405 
1406 
1407 
1408 1519 
1409 1727 
1410 
1411 
1412 
1413 1566 1995 
1414 1737 
1415 1919 1964 
1416 
1417 
1418 1827 
1419 1480 
1420 1856 1997 
1421 1587 1979 
1422 1728 1870 
1423 
1424 1915 
1425 
1426 1464 1680 1859 
1427 
1428 
1429 
1430 1554 
1431 1466 1880 
1432 
1433 1893 
1434 
1435 1698 
1436 1544 
1437 1511 
1438 
1439 1749 1808 
1440 
1441 
1442 1921 
1443 
1444 
1445 
1446 
1447 1471 
1448 1481 1646 
1449 
1450 
1451 1769 
1452 
1453 1782 
1454 1730 
1455 1787 
1456 1561 
1457 
1458 
1459 1780 
1460 
1461 1576 1937 
1462 
1463 
1464 
1465 
1466 1627 
1467 1947 
1468 
1469 
1470 1571 1878 
1471 1595 
1472 1634 
1473 
1474 
1475 
1476 1603 
1477 
1478 
1479 
1480 1582 
1481 
1482 1923 
1483 
1484 
1485 
1486 
1487 1814 
1488 1762 
1489 1766 
1490 
1491 
1492 
1493 
1494 1889 1968 
1495 
1496 1548 
1497 1872 
1498 
1499 
1500 
1501 1658 
1502 
1503 1566 
1504 
1505 
1506 
1507 
1508 
1509 
1510 1781 
1511 1637 1801 
1512 
1513 
1514 
1515 
1516 1878 
1517 
1518 
1519 
1520 
1521 
1522 
1523 
1524 
1525 1819 
1526 
1527 1843 1899 
1528 
1529 
1530 
1531 1925 
1532 
1533 1808 
1534 
1535 
1536 1657 
1537 
1538 
1539 1706 1845 1978 
1540 
1541 
1542 
1543 
1544 
1545 
1546 1558 
1547 
1548 1961 
1549 1984 
1550 1715 
1551 1879 
1552 1943 
1553 
1554 
1555 
1556 1561 
1557 1847 
1558 
1559 
1560 
1561 1610 
1562 1637 
1563 
1564 
1565 
1566 
1567 
1568 
1569 1838 1887 
1570 1898 
1571 
1572 
1573 
1574 1745 1851 
1575 
1576 1996 
1577 
1578 
1579 
1580 
1581 1852 
1582 
1583 1938 
1584 1616 
1585 1619 
1586 
1587 
1588 
1589 1914 
1590 
1591 1916 
1592 
1593 1862 1947 
1594 1964 
1595 
1596 
1597 
1598 
1599 
1600 
1601 1930 
1602 
1603 
1604 1816 
1605 
1606 1758 
1607 1709 1916 
1608 1963 
1609 1749 
1610 
1611 
1612 
1613 
1614 
1615 
1616 
1617 1958 
1618 
1619 
1620 
1621 1628 
1622 1780 
1623 
1624 
1625 
1626 
1627 
1628 1977 
1629 
1630 
1631 
1632 
1633 
1634 1976 
1635 
1636 
1637 
1638 
1639 
1640 
1641 
1642 
1643 
1644 
1645 
1646 
1647 1769 
1648 
1649 1939 
1650 
1651 1982 
1652 1684 1815 1828 1851 
1653 
1654 
1655 1990 
1656 
1657 
1658 
1659 
1660 
1661 
1662 1793 
1663 
1664 1815 
1665 
1666 
1667 
1668 
1669 
1670 1808 1826 
1671 
1672 
1673 
1674 1979 
1675 
1676 
1677 1929 
1678 
1679 
1680 
1681 
1682 1714 
1683 
1684 1713 
1685 
1686 1972 
1687 
1688 
1689 
1690 
1691 
1692 
1693 
1694 
1695 
1696 
1697 1823 
1698 
1699 
1700 1708 1743 
1701 1848 
1702 1945 
1703 
1704 
1705 
1706 
1707 
1708 
1709 
1710 
1711 
1712 1893 
1713 1729 
1714 1986 
1715 1764 
1716 
1717 
1718 1744 1799 
1719 
1720 1966 
1721 
1722 1829 
1723 
1724 
1725 
1726 
1727 
1728 1729 
1729 
1730 
1731 
1732 
1733 
1734 
1735 
1736 1749 1822 
1737 
1738 
1739 1882 
1740 
1741 
1742 
1743 
1744 
1745 1901 
1746 
1747 
1748 
1749 
1750 
1751 
1752 1852 
1753 
1754 
1755 
1756 
1757 1834 
1758 1782 
1759 
1760 
1761 
1762 
1763 
1764 
1765 1838 1910 
1766 
1767 1784 
1768 
1769 
1770 
1771 
1772 
1773 1934 
1774 
1775 
1776 
1777 
1778 
1779 
1780 
1781 
1782 
1783 
1784 
1785 
1786 
1787 
1788 
1789 
1790 
1791 
1792 
1793 
1794 
1795 
1796 
1797 
1798 
1799 
1800 
1801 1918 
1802 1892 
1803 
1804 
1805 
1806 
1807 
1808 
1809 
1810 
1811 
1812 
1813 
1814 
1815 
1816 
1817 
1818 
1819 
1820 
1821 
1822 
1823 
1824 1939 1976 
1825 
1826 
1827 
1828 
1829 1830 
1830 
1831 
1832 
1833 
1834 
1835 
1836 
1837 
1838 
1839 
1840 
1841 
1842 
1843 1853 
1844 
1845 
1846 
1847 
1848 
1849 
1850 1950 
1851 
1852 
1853 
1854 
1855 
1856 
1857 
1858 
1859 
1860 
1861 
1862 
1863 
1864 
1865 
1866 
1867 
1868 
1869 
1870 
1871 
1872 
1873 
1874 
1875 
1876 
1877 1926 1965 
1878 
1879 
1880 
1881 
1882 
1883 
1884 
1885 
1886 
1887 
1888 
1889 
1890 
1891 
1892 
1893 1938 1962 
1894 
1895 
1896 
1897 
1898 
1899 
1900 
1901 
1902 
1903 
1904 
1905 
1906 
1907 
1908 
1909 
1910 1934 
1911 
1912 
1913 
1914 
1915 
1916 
1917 
1918 
1919 
1920 
1921 
1922 
1923 
1924 
1925 
1926 
1927 
1928 
1929 
1930 
1931 
1932 1978 
1933 
1934 
1935 
1936 
1937 
1938 
1939 
1940 
1941 
1942 
1943 
1944 
1945 
1946 1961 
1947 
1948 
1949 
1950 
1951 
1952 
1953 
1954 
1955 
1956 
1957 
1958 
1959 
1960 
1961 
1962 
1963 
1964 
1965 
1966 1977 
1967 
1968 
1969 
1970 
1971 
1972 
1973 
1974 
1975 
1976 
1977 
1978 
1979 
1980 
1981 
1982 
1983 
1984 
1985 
1986 
1987 
1988 
1989 
1990 
1991 
1992 
1993 
1994 
1995 
1996 
1997 
1998 
1999 
[0, 0, 0, 0, 0, 0, 0, 0, 0, 0, 0, 0, 0, 0, 0, 0, 0, 0, 0, 0, 0, 0, 0, 0, 0, 0, 0, 0, 0, 0, 0, 0, 0, 0, 0, 0, 0, 0, 0, 0, 0, 0, 0, 0, 0, 0, 0, 0, 0, 0, 0, 0, 0, 0, 0, 0, 0, 0, 0, 0, 0, 0, 0, 0, 0, 0, 0, 0, 0, 0, 0, 0, 0, 0, 0, 0, 0, 0, 0, 0, 0, 0, 0, 0, 0, 0, 0, 0, 0, 0, 0, 0, 0, 0, 0, 0, 0, 0, 0, 0, 0, 0, 0, 0, 0, 0, 0, 0, 0, 0, 0, 0, 0, 0, 0, 0, 0, 0, 0, 0, 0, 0, 0, 0, 0, 0, 0, 0, 0, 0, 0, 0, 0, 0, 0, 0, 0, 0, 0, 0, 0, 0, 0, 0, 0, 0, 0, 0, 0, 0, 0, 0, 0, 0, 0, 0, 0, 0, 0, 0, 0, 0, 0, 0, 0, 0, 0, 0, 0, 0, 0, 0, 0, 0, 0, 0, 0, 0, 0, 0, 0, 0, 0, 0, 0, 0, 0, 0, 0, 0, 0, 0, 0, 0, 0, 0, 0, 0, 0, 0, 0, 0, 0, 0, 0, 0, 0, 0, 0, 0, 0, 0, 0, 0, 0, 0, 0, 0, 0, 0, 0, 0, 0, 0, 0, 0, 0, 0, 0, 0, 0, 0, 0, 0, 0, 0, 0, 0, 0, 0, 0, 0, 0, 0, 0, 0, 0, 0, 0, 0, 0, 0, 0, 0, 0, 0, 0, 0, 0, 0, 0, 0, 0, 0, 0, 0, 0, 0, 0, 0, 0, 0, 0, 0, 0, 0, 0, 0, 0, 0, 0, 0, 0, 0, 0, 0, 0, 0, 0, 0, 0, 0, 0, 0, 0, 0, 0, 0, 0, 0, 0, 0, 0, 0, 0, 0, 0, 0, 0, 0, 0, 0, 0, 0, 0, 0, 0, 0, 0, 0, 0, 0, 0, 0, 0, 0, 0, 0, 0, 0, 0, 0, 0, 0, 0, 0, 0, 0, 0, 0, 0, 0, 0, 0, 0, 0, 0, 0, 0, 0, 0, 0, 0, 0, 0, 0, 0, 0, 0, 0, 0, 0, 0, 0, 0, 0, 0, 0, 0, 0, 0, 0, 0, 0, 0, 0, 0, 0, 0, 0, 0, 0, 0, 0, 0, 0, 0, 0, 0, 0, 0, 0, 0, 0, 0, 0, 0, 0, 0, 0, 0, 0, 0, 0, 0, 0, 0, 0, 0, 0, 0, 0, 0, 0, 0, 0, 0, 0, 0, 0, 0, 0, 0, 0, 0, 0, 0, 0, 0, 0, 0, 0, 0, 0, 0, 0, 0, 0, 0, 0, 0, 0, 0, 0, 0, 0, 0, 0, 0, 0, 0, 0, 0, 0, 0, 0, 0, 0, 0, 0, 0, 0, 0, 0, 0, 0, 0, 0, 0, 0, 0, 0, 0, 0, 0, 0, 0, 0, 0, 0, 0, 0, 0, 0, 0, 0, 0, 0, 0, 0, 0, 0, 0, 0, 0, 0, 0, 0, 0, 0, 0, 0, 0, 0, 0, 0, 0, 0, 0, 0, 0, 0, 0, 0, 0, 0, 0, 0, 0, 0, 0, 0, 0, 0, 0, 0, 0, 0, 0, 0, 0, 0, 0, 0, 0, 0, 0, 0, 0, 0, 0, 0, 0, 0, 0, 0, 0, 0, 0, 0, 0, 0, 0, 0, 0, 0, 0, 0, 0, 0, 0, 0, 0, 0, 0, 0, 0, 0, 0, 0, 0, 0, 0, 0, 0, 0, 0, 0, 0, 0, 0, 0, 0, 0, 0, 0, 0, 0, 0, 0, 0, 0, 0, 0, 0, 0, 0, 0, 0, 0, 0, 0, 0, 0, 0, 0, 0, 0, 0, 0, 0, 0, 0, 0, 0, 0, 0, 0, 0, 0, 0, 0, 0, 0, 0, 0, 0, 0, 0, 0, 0, 0, 0, 0, 0, 0, 0, 0, 0, 0, 0, 0, 0, 0, 0, 0, 0, 0, 0, 0, 0, 0, 0, 0, 0, 0, 0, 0, 0, 0, 0, 0, 0, 0, 0, 0, 0, 0, 0, 0, 0, 0, 0, 0, 0, 0, 0, 0, 0, 0, 0, 0, 0, 0, 0, 0, 0, 0, 0, 0, 0, 0, 0, 0, 0, 0, 0, 0, 0, 0, 0, 0, 0, 0, 0, 0, 0, 0, 0, 0, 0, 0, 0, 0, 0, 0, 0, 0, 0, 0, 0, 0, 0, 0, 0, 0, 0, 0, 0, 0, 0, 0, 0, 0, 0, 0, 0, 0, 0, 0, 0, 0, 0, 0, 0, 0, 0, 0, 0, 0, 0, 0, 0, 0, 0, 0, 0, 0, 0, 0, 0, 0, 0, 0, 0, 0, 0, 0, 0, 0, 0, 0, 0, 0, 0, 0, 0, 0, 0, 0, 0, 0, 0, 0, 0, 0, 0, 0, 0, 0, 0, 0, 0, 0, 0, 0, 0, 0, 0, 0, 0, 0, 0, 0, 0, 0, 0, 0, 0, 0, 0, 0, 0, 0, 0, 0, 0, 0, 0, 0, 0, 0, 0, 0, 0, 0, 0, 0, 0, 0, 0, 0, 0, 0, 0, 0, 0, 0, 0, 0, 0, 0, 0, 0, 0, 0, 0, 0, 0, 0, 0, 0, 0, 0, 0, 0, 0, 0, 0, 0, 0, 0, 0, 0, 0, 0, 0, 0, 0, 0, 0, 0, 0, 0, 0, 0, 0, 0, 0, 0, 0, 0, 0, 0, 0, 0, 0, 0, 0, 0, 0, 0, 0, 0, 0, 0, 0, 0, 0, 0, 0, 0, 0, 0, 0, 0, 0, 0, 0, 0, 0, 0, 0, 0, 0, 0, 0, 0, 0, 0, 0, 0, 0, 0, 0, 0, 0, 0, 0, 0, 0, 0, 0, 0, 0, 0, 0, 0, 0, 0, 0, 0, 0, 0, 0, 0, 0, 0, 0, 0, 0, 0, 0, 0, 0, 0, 0, 0, 0, 0, 0, 0, 0, 0, 0, 0, 0, 0, 0, 0, 0, 0, 0, 0, 0, 0, 0, 0, 0, 0, 0, 0, 0, 0, 0, 0, 0, 0, 0, 0, 0, 0, 0, 0, 0, 0, 0, 0, 0, 0, 1, 1, 1, 1, 1, 1, 1, 1, 1, 1, 1, 1, 1, 1, 1, 1, 1, 1, 1, 1, 1, 1, 1, 1, 1, 1, 1, 1, 1, 1, 1, 1, 1, 1, 1, 1, 1, 1, 1, 1, 1, 1, 1, 1, 1, 1, 1, 1, 1, 1, 1, 1, 1, 1, 1, 1, 1, 1, 1, 1, 1, 1, 1, 1, 1, 1, 1, 1, 1, 1, 1, 1, 1, 1, 1, 1, 1, 1, 1, 1, 1, 1, 1, 1, 1, 1, 1, 1, 1, 1, 1, 1, 1, 1, 1, 1, 1, 1, 1, 1, 1, 1, 1, 1, 1, 1, 1, 1, 1, 1, 1, 1, 1, 1, 1, 1, 1, 1, 1, 1, 1, 1, 1, 1, 1, 1, 1, 1, 1, 1, 1, 1, 1, 1, 1, 1, 1, 1, 1, 1, 1, 1, 1, 1, 1, 1, 1, 1, 1, 1, 1, 1, 1, 1, 1, 1, 1, 1, 1, 1, 1, 1, 1, 1, 1, 1, 1, 1, 1, 1, 1, 1, 1, 1, 1, 1, 1, 1, 1, 1, 1, 1, 1, 1, 1, 1, 1, 1, 1, 1, 1, 1, 1, 1, 1, 1, 1, 1, 1, 1, 1, 1, 1, 1, 1, 1, 1, 1, 1, 1, 1, 1, 1, 1, 1, 1, 1, 1, 1, 1, 1, 1, 1, 1, 1, 1, 1, 1, 1, 1, 1, 1, 1, 1, 1, 1, 1, 1, 1, 1, 1, 1, 1, 1, 1, 1, 1, 1, 1, 1, 1, 1, 1, 1, 1, 1, 1, 1, 1, 1, 1, 1, 1, 1, 1, 1, 1, 1, 1, 1, 1, 1, 1, 1, 1, 1, 1, 1, 1, 1, 1, 1, 1, 1, 1, 1, 1, 1, 1, 1, 1, 1, 1, 1, 1, 1, 1, 1, 1, 1, 1, 1, 1, 1, 1, 1, 1, 1, 1, 1, 1, 1, 1, 1, 1, 1, 1, 1, 1, 1, 1, 1, 1, 1, 1, 1, 1, 1, 1, 1, 1, 1, 1, 1, 1, 1, 1, 1, 1, 1, 1, 1, 1, 1, 1, 1, 1, 1, 1, 1, 1, 1, 1, 1, 1, 1, 1, 1, 1, 1, 1, 1, 1, 1, 1, 1, 1, 1, 1, 1, 1, 1, 1, 1, 1, 1, 1, 1, 1, 1, 1, 1, 1, 1, 1, 1, 1, 1, 1, 1, 1, 1, 1, 1, 1, 1, 1, 1, 1, 1, 1, 1, 1, 1, 1, 1, 1, 1, 1, 1, 1, 1, 1, 1, 1, 1, 1, 1, 1, 1, 1, 1, 1, 1, 1, 1, 1, 1, 1, 1, 1, 1, 1, 1, 1, 1, 1, 1, 1, 1, 1, 1, 1, 1, 1, 1, 1, 1, 1, 1, 1, 1, 1, 1, 1, 1, 1, 1, 1, 1, 1, 1, 1, 1, 1, 1, 1, 1, 1, 1, 1, 1, 1, 1, 1, 1, 1, 1, 1, 1, 1, 1, 1, 1, 1, 1, 1, 1, 1, 1, 1, 1, 1, 1, 1, 1, 1, 1, 1, 1, 1, 1, 1, 1, 1, 1, 1, 1, 1, 1, 1, 1, 1, 1, 1, 1, 1, 1, 1, 1, 1, 1, 1, 1, 1, 1, 1, 1, 1, 1, 1, 1, 1, 1, 1, 1, 1, 1, 1, 1, 1, 1, 1, 1, 1, 1, 1, 1, 1, 1, 1, 1, 1, 1, 1, 1, 1, 1, 1, 1, 1, 1, 1, 1, 1, 1, 1, 1, 1, 1, 1, 1, 1, 1, 1, 1, 1, 1, 1, 1, 1, 1, 1, 1, 1, 1, 1, 1, 1, 1, 1, 1, 1, 1, 1, 1, 1, 1, 1, 1, 1, 1, 1, 1, 1, 1, 1, 1, 1, 1, 1, 1, 1, 1, 1, 1, 1, 1, 1, 1, 1, 1, 1, 1, 1, 1, 1, 1, 1, 1, 1, 1, 1, 1, 1, 1, 1, 1, 1, 1, 1, 1, 1, 1, 1, 1, 1, 1, 1, 1, 1, 1, 1, 1, 1, 1, 1, 1, 1, 1, 1, 1, 1, 1, 1, 1, 1, 1, 1, 1, 1, 1, 1, 1, 1, 1, 1, 1, 1, 1, 1, 1, 1, 1, 1, 1, 1, 1, 1, 1, 1, 1, 1, 1, 1, 1, 1, 1, 1, 1, 1, 1, 1, 1, 1, 1, 1, 1, 1, 1, 1, 1, 1, 1, 1, 1, 1, 1, 1, 1, 1, 1, 1, 1, 1, 1, 1, 1, 1, 1, 1, 1, 1, 1, 1, 1, 1, 1, 1, 1, 1, 1, 1, 1, 1, 1, 1, 1, 1, 1, 1, 1, 1, 1, 1, 1, 1, 1, 1, 1, 1, 1, 1, 1, 1, 1, 1, 1, 1, 1, 1, 1, 1, 1, 1, 1, 1, 1, 1, 1, 1, 1, 1, 1, 1, 1, 1, 1, 1, 1, 1, 1, 1, 1, 1, 1, 1, 1, 1, 1, 1, 1, 1, 1, 1, 1, 1, 1, 1, 1, 1, 1, 1, 1, 1, 1, 1, 1, 1, 1, 1, 1, 1, 1, 1, 1, 1, 1, 1, 1, 1, 1, 1, 1, 1, 1, 1, 1, 1, 1, 1, 1, 1, 1, 1, 1, 1, 1, 1, 1, 1, 1, 1, 1, 1, 1, 1, 1, 1, 1, 1, 1, 1, 1, 1, 1, 1, 1, 1, 1, 1, 1, 1, 1, 1, 1, 1, 1, 1, 1, 1, 1, 1, 1, 1, 1, 1, 1, 1, 1, 1, 1, 1, 1, 1, 1, 1, 1, 1, 1, 1, 1, 1, 1, 1, 1, 1, 1, 1, 1, 1, 1, 1, 1, 1, 1, 1, 1, 1, 1, 1, 1, 1, 1, 1, 1, 1, 1, 1, 1, 1, 1, 1, 1, 1, 1, 1, 1, 1, 1, 1, 1, 1, 1, 1, 1, 1, 1, 1, 1, 1, 1, 1, 1, 1, 1, 1, 1, 1, 1, 1, 1, 1, 1, 1, 1, 1, 1, 1, 1, 1, 1, 1, 1, 1, 1, 1, 1, 1, 1, 1, 1, 1, 1, 1, 1, 1, 1, 1, 1, 1, 1, 1, 1, 1, 1, 1, 1, 1, 1]