0 597 643 
1 379 504 986 
2 
3 
4 395 
5 127 207 
6 213 589 
7 112 226 408 1180 
8 236 562 
9 274 1085 1408 
10 348 
11 230 371 
12 157 209 487 
13 256 
14 
15 195 381 1675 
16 294 1070 
17 
18 308 651 
19 1189 1256 
20 118 
21 
22 190 334 531 582 651 
23 183 235 327 463 480 665 1065 
24 1874 
25 153 175 331 469 622 657 
26 552 
27 
28 131 211 475 
29 150 315 1141 
30 239 597 
31 124 293 346 
32 818 
33 210 502 546 1073 
34 499 835 1101 
35 64 534 1668 
36 
37 509 
38 164 325 822 
39 429 657 
40 353 
41 102 
42 315 1589 1906 
43 108 
44 220 456 
45 224 
46 145 633 
47 63 445 753 1384 
48 351 1708 
49 127 1264 
50 111 390 432 511 
51 343 
52 239 1010 
53 169 229 324 342 1151 
54 165 
55 256 625 
56 
57 61 585 614 901 
58 476 487 
59 345 
60 101 329 561 606 1783 
61 81 118 174 273 275 1741 
62 616 
63 566 585 588 613 
64 214 
65 541 569 
66 
67 236 284 610 617 
68 657 843 
69 608 
70 119 120 163 377 435 
71 306 
72 236 657 
73 485 
74 495 1293 
75 187 359 
76 
77 554 560 603 638 1369 1508 
78 277 298 422 577 1402 
79 250 548 833 
80 
81 452 641 1067 1112 1520 
82 98 281 362 
83 249 
84 508 
85 166 
86 207 1178 
87 122 170 237 426 
88 288 
89 129 248 536 
90 417 619 
91 277 1599 
92 201 328 
93 373 
94 220 404 
95 174 
96 137 163 276 468 520 593 626 
97 
98 351 645 
99 111 334 430 516 
100 329 576 624 1218 1564 
101 191 377 
102 594 634 
103 141 562 965 1800 
104 138 139 410 572 
105 147 625 
106 121 126 614 1045 
107 561 1881 
108 132 318 319 
109 316 872 1191 
110 537 555 588 
111 453 
112 499 581 1326 
113 417 450 
114 140 142 448 559 611 
115 225 461 
116 182 
117 
118 1863 
119 216 438 554 918 1327 
120 
121 370 401 
122 291 511 1175 
123 334 
124 331 1950 
125 278 492 
126 139 298 306 567 
127 336 545 
128 272 
129 487 528 
130 
131 
132 434 467 654 1601 
133 365 
134 215 654 1861 
135 430 571 628 1198 
136 268 1433 
137 1712 
138 274 480 
139 598 656 
140 235 354 
141 
142 474 
143 430 505 615 
144 266 271 290 531 1664 
145 251 
146 208 366 
147 382 554 
148 337 
149 
150 194 478 
151 590 744 1692 
152 302 437 
153 615 1906 
154 318 
155 664 
156 
157 181 413 504 505 520 531 1027 
158 221 259 287 1670 
159 1794 
160 353 433 
161 542 1478 
162 231 237 388 600 
163 1087 1401 
164 506 656 
165 527 661 
166 185 520 539 
167 
168 228 451 
169 
170 491 
171 362 364 
172 537 658 
173 200 911 
174 
175 273 419 
176 447 495 801 1785 
177 264 309 320 390 401 599 
178 496 1376 
179 332 
180 204 576 
181 183 355 599 
182 
183 406 
184 254 409 
185 333 
186 429 1046 1471 
187 
188 260 1375 
189 201 
190 382 443 452 1398 
191 1719 
192 515 
193 263 
194 507 651 1861 
195 
196 496 
197 1308 
198 
199 392 644 649 1166 
200 
201 
202 353 
203 285 724 
204 483 588 
205 520 628 659 
206 
207 
208 
209 525 
210 246 
211 300 312 660 1661 
212 290 356 590 648 
213 575 
214 
215 1919 
216 750 
217 316 337 
218 327 401 
219 266 
220 251 280 366 578 1808 
221 422 
222 276 
223 629 
224 448 494 1045 
225 415 863 
226 
227 275 
228 
229 
230 394 587 1053 
231 361 587 734 
232 519 
233 644 1518 
234 333 577 
235 570 1190 1626 1712 
236 393 
237 380 
238 283 403 
239 252 348 907 
240 613 
241 
242 
243 
244 1763 
245 
246 580 1151 
247 418 589 
248 283 428 620 
249 369 391 
250 262 
251 377 580 662 1074 
252 321 581 
253 310 405 
254 
255 534 
256 958 
257 501 543 
258 1216 1338 
259 290 
260 
261 381 1645 
262 438 
263 503 583 1197 
264 265 328 610 653 994 1120 1392 1554 
265 388 
266 392 1782 
267 634 
268 
269 
270 310 347 589 1744 
271 569 
272 299 318 
273 411 430 
274 379 1095 
275 
276 
277 516 
278 1613 
279 567 1949 
280 407 546 
281 362 372 604 1428 
282 511 
283 494 
284 535 1134 
285 362 1186 
286 515 
287 
288 398 1994 
289 
290 390 
291 353 393 632 1012 1541 
292 310 356 409 
293 431 598 812 
294 359 836 
295 
296 341 
297 312 537 
298 316 394 453 1854 
299 428 
300 
301 1375 
302 638 
303 1033 
304 600 
305 
306 370 404 495 1120 
307 333 494 586 838 
308 
309 483 639 
310 363 441 539 
311 493 983 
312 365 516 536 
313 356 400 403 456 
314 933 1026 
315 560 856 883 1126 
316 
317 344 598 
318 570 
319 
320 1896 
321 603 734 
322 376 393 1976 
323 401 652 1053 
324 515 1409 
325 583 1838 
326 384 561 618 1325 
327 404 
328 597 1881 
329 343 388 572 
330 378 1103 
331 420 642 661 
332 632 
333 
334 
335 491 498 
336 476 1586 
337 579 1829 
338 583 
339 565 769 
340 367 659 
341 407 
342 991 
343 
344 510 
345 1551 
346 417 663 
347 659 
348 520 582 615 
349 1479 
350 501 
351 417 573 
352 443 
353 
354 
355 
356 614 648 
357 1420 
358 486 1049 1468 1484 
359 
360 
361 367 1014 
362 480 
363 636 
364 468 1343 
365 411 1037 
366 
367 378 
368 609 
369 
370 
371 502 
372 436 1527 
373 
374 425 595 1414 
375 
376 596 1295 
377 457 473 
378 515 
379 508 1618 
380 506 1517 
381 1819 
382 386 628 1134 
383 
384 393 
385 
386 404 
387 607 663 
388 398 1824 
389 440 
390 399 455 1290 
391 
392 970 
393 
394 
395 1184 
396 647 
397 
398 
399 639 1711 
400 636 
401 642 
402 431 1693 
403 457 
404 1739 
405 
406 484 
407 
408 
409 537 
410 
411 445 
412 
413 
414 
415 
416 1375 
417 533 
418 515 1253 
419 627 
420 520 626 
421 
422 
423 515 570 
424 
425 
426 1300 
427 
428 532 543 868 
429 626 
430 
431 
432 
433 627 1821 
434 
435 
436 
437 603 629 
438 
439 
440 
441 482 1787 
442 508 
443 497 
444 555 831 
445 
446 496 993 
447 525 
448 461 
449 
450 1030 
451 885 1505 
452 487 635 1657 
453 
454 960 
455 1618 1706 
456 
457 534 545 979 
458 461 
459 470 626 1282 
460 
461 735 
462 657 938 961 1851 
463 797 1506 
464 1639 
465 
466 501 532 1746 
467 
468 
469 623 
470 580 1476 
471 635 1918 
472 
473 1095 1860 
474 512 
475 486 1519 1527 
476 
477 
478 568 640 
479 567 1342 
480 
481 629 1864 
482 1324 
483 547 1618 1845 
484 622 652 
485 
486 642 
487 
488 1224 
489 1055 
490 604 
491 1643 
492 514 
493 541 1502 
494 556 664 
495 
496 
497 
498 
499 639 658 868 
500 808 
501 
502 
503 591 
504 1451 
505 746 
506 586 593 1244 
507 610 641 
508 1827 1881 
509 
510 1473 
511 603 
512 566 
513 544 592 
514 1754 
515 518 
516 554 1042 
517 
518 1765 
519 
520 583 1483 
521 
522 535 
523 542 616 
524 1628 
525 
526 
527 633 
528 647 
529 651 1254 
530 
531 
532 
533 
534 831 1371 
535 1408 
536 617 
537 615 
538 
539 
540 1111 
541 
542 
543 1516 1797 
544 811 975 
545 
546 1062 
547 1061 1071 
548 
549 1917 1937 
550 625 
551 
552 
553 
554 
555 1667 
556 1935 
557 1688 
558 
559 561 620 
560 
561 
562 598 
563 584 
564 
565 
566 
567 
568 
569 601 
570 832 
571 
572 
573 
574 1566 
575 637 
576 913 1053 
577 
578 1029 1354 
579 
580 610 
581 636 1803 
582 611 
583 
584 
585 
586 
587 
588 1101 
589 
590 599 1340 
591 
592 
593 648 
594 
595 629 1040 
596 
597 
598 
599 
600 609 1356 
601 
602 
603 664 
604 
605 
606 
607 842 
608 
609 
610 
611 
612 
613 1741 
614 
615 
616 
617 
618 
619 1658 1845 
620 663 
621 
622 
623 662 
624 
625 651 
626 
627 
628 1752 
629 
630 900 
631 
632 
633 1114 
634 
635 849 
636 1840 
637 
638 643 
639 1070 1485 
640 
641 
642 
643 
644 1276 
645 
646 
647 
648 
649 1496 1768 
650 1070 
651 
652 
653 
654 850 1198 
655 
656 
657 
658 
659 
660 
661 
662 1844 
663 
664 840 
665 
666 1283 
667 985 1136 1241 1244 1919 
668 1061 1186 1248 1538 
669 
670 959 
671 
672 834 1187 
673 
674 
675 680 907 
676 
677 961 1026 1385 
678 945 
679 926 1037 
680 825 1245 1503 
681 715 914 1073 1119 1275 
682 824 1276 
683 864 1182 
684 734 1109 1933 
685 979 1305 
686 1306 
687 1300 
688 1108 1148 
689 792 1157 1177 
690 737 1309 1331 
691 847 896 1075 1119 1133 
692 1181 
693 741 800 
694 1131 
695 1042 
696 710 1116 
697 
698 1191 
699 751 1110 
700 864 
701 1086 
702 948 1150 1154 1251 
703 736 1158 1265 
704 1068 1856 
705 1182 1298 
706 836 949 960 1202 
707 780 1212 
708 907 1047 1109 1143 1173 1178 
709 1191 
710 1005 1329 1564 
711 744 762 1451 
712 773 928 940 
713 1156 
714 746 963 1045 1146 1154 1199 
715 826 948 
716 1120 1487 
717 776 
718 824 936 1009 1032 1229 1397 
719 757 1156 
720 1227 1236 
721 1227 1320 
722 803 834 985 1119 1219 1467 
723 1110 1258 
724 776 866 1082 
725 1194 1315 
726 962 1289 
727 1209 1286 1313 
728 1054 1799 
729 1038 1172 
730 834 1140 
731 832 1030 
732 
733 1053 1158 
734 
735 771 815 831 
736 837 850 1286 
737 935 1209 
738 747 826 839 937 992 
739 
740 935 
741 966 972 
742 
743 1321 
744 1000 1053 1062 1236 
745 825 
746 1015 1191 
747 1044 1174 
748 1059 1224 
749 1085 
750 770 1324 
751 1120 
752 805 1169 1208 
753 
754 848 
755 891 1110 1288 
756 1115 
757 1229 
758 1129 1282 1828 
759 1075 
760 771 850 1303 
761 1012 1285 
762 1030 1323 
763 1031 1146 
764 949 1121 
765 972 1823 
766 1102 
767 1013 1069 1157 
768 
769 
770 801 1006 1325 
771 1219 1243 1286 
772 955 1294 
773 1253 
774 875 1114 1196 
775 1083 
776 
777 802 1115 
778 836 
779 1698 
780 890 894 
781 1120 
782 1191 1207 
783 1153 
784 878 935 1239 
785 907 955 1096 
786 856 1058 1163 
787 921 926 978 
788 861 
789 847 1268 
790 
791 1100 
792 1791 
793 1036 1090 1129 1244 1634 
794 906 
795 797 850 877 1242 1299 
796 809 968 
797 822 1095 1252 
798 1044 1307 1318 1599 
799 
800 1974 
801 856 
802 899 
803 981 
804 1138 1202 
805 1065 
806 1392 
807 
808 900 1059 1085 1303 
809 937 1018 1143 1145 1228 1261 1265 1580 
810 1053 
811 1193 1294 
812 897 904 910 
813 1032 
814 
815 1116 
816 1071 1202 
817 
818 871 1180 1227 1620 
819 854 
820 1163 1202 
821 1066 1212 
822 856 
823 985 1100 
824 854 1880 
825 1217 
826 906 1094 1097 1221 
827 1054 
828 1278 
829 1065 
830 998 1122 
831 1028 1036 1092 1286 
832 1216 
833 895 1505 
834 1299 1321 
835 934 951 999 1316 1859 
836 906 
837 936 1218 
838 
839 921 925 1057 
840 1029 1742 
841 1307 
842 
843 1120 1570 1880 1964 
844 909 1176 1182 
845 
846 
847 
848 1279 
849 
850 876 929 1023 1110 1144 1242 
851 916 1122 1176 
852 875 963 992 
853 922 
854 
855 1143 1394 
856 968 1053 1254 
857 877 885 907 1257 1307 
858 864 1096 
859 1113 1217 
860 896 
861 888 
862 
863 1083 
864 1086 1130 1421 
865 978 
866 971 1244 1464 1812 
867 895 
868 
869 928 
870 1032 1207 1226 1311 
871 
872 943 1140 1191 
873 1406 
874 1033 1219 
875 1055 1144 1277 
876 979 1251 1954 
877 1221 1830 
878 
879 1076 1313 
880 
881 
882 918 1061 1241 
883 932 
884 992 1036 1277 
885 1069 1113 
886 
887 1069 1178 
888 1114 1399 
889 982 1836 
890 910 972 1132 
891 957 1369 
892 1262 1276 
893 942 
894 
895 1279 
896 1150 
897 961 
898 935 
899 1052 1101 1171 1239 
900 1367 1943 
901 1296 
902 1452 
903 1441 
904 1104 1181 1472 
905 1063 1314 
906 1005 1095 
907 
908 1069 
909 
910 992 1061 
911 988 1931 
912 1250 
913 967 985 
914 
915 1096 1258 
916 1204 
917 
918 
919 
920 997 
921 1034 1171 1713 
922 996 1083 1289 
923 
924 
925 1042 
926 964 1050 
927 1092 
928 
929 1266 1823 
930 
931 939 1138 
932 
933 937 
934 1001 1121 1194 1275 
935 1237 
936 
937 1132 1192 1218 1278 1306 
938 
939 994 
940 1164 
941 
942 
943 969 
944 
945 1652 
946 1146 
947 
948 
949 1304 
950 1626 
951 1101 1203 1245 
952 1075 
953 1154 
954 1226 
955 1005 
956 968 1071 1138 1620 
957 
958 1144 
959 1002 1757 
960 1129 
961 
962 1217 1266 1272 
963 1595 
964 1011 
965 975 1265 
966 1175 
967 1199 
968 1064 1307 
969 
970 1169 1213 
971 1110 1645 
972 1289 1317 
973 1079 
974 1056 1172 
975 
976 1017 
977 1015 1092 1268 1694 
978 
979 1023 1302 
980 
981 1010 1651 
982 1075 1181 1197 1300 
983 
984 
985 1031 
986 1004 1128 
987 1063 1647 
988 
989 1743 
990 
991 1066 1247 1793 
992 1003 
993 1086 1233 
994 1748 1931 
995 1169 
996 1209 1294 1946 
997 
998 1020 1325 
999 
1000 
1001 1084 1129 1223 
1002 
1003 1046 
1004 
1005 1237 
1006 1220 
1007 1039 1297 1319 1773 
1008 1509 
1009 
1010 1171 1255 1909 
1011 1068 1179 
1012 1161 1310 1532 
1013 1128 1184 1394 
1014 
1015 1059 1619 
1016 1059 
1017 
1018 
1019 1137 
1020 1089 
1021 
1022 
1023 
1024 
1025 
1026 1100 1873 
1027 1556 
1028 
1029 
1030 1131 
1031 
1032 
1033 1061 1913 
1034 1270 1288 
1035 
1036 
1037 
1038 1086 1316 1653 
1039 
1040 
1041 1227 
1042 
1043 1086 1279 
1044 
1045 1297 
1046 
1047 
1048 1090 1134 1148 1194 
1049 
1050 1330 
1051 1167 
1052 1074 
1053 
1054 
1055 
1056 
1057 
1058 
1059 1305 
1060 1554 
1061 
1062 1066 
1063 1197 1804 1850 
1064 1251 
1065 1134 1256 1952 
1066 1106 
1067 1147 1287 
1068 
1069 1709 
1070 1270 
1071 
1072 
1073 1159 1858 
1074 1593 1838 
1075 1134 
1076 
1077 
1078 1104 
1079 1248 
1080 
1081 
1082 1205 1240 
1083 1099 
1084 1090 1325 
1085 1092 1810 
1086 1109 
1087 
1088 1239 
1089 
1090 
1091 1158 1327 1914 
1092 1218 
1093 1102 1292 
1094 
1095 1293 1597 
1096 1278 1327 
1097 
1098 1163 1230 
1099 
1100 1309 1323 
1101 1308 1855 
1102 
1103 
1104 
1105 
1106 1728 
1107 
1108 
1109 1320 
1110 1116 1225 
1111 1125 
1112 
1113 1203 
1114 1216 
1115 1314 1405 
1116 1310 
1117 1195 
1118 1165 
1119 
1120 1268 
1121 1235 
1122 1213 1542 
1123 
1124 
1125 1130 1228 
1126 1509 
1127 
1128 
1129 1535 
1130 1308 
1131 1185 1623 
1132 1762 
1133 
1134 1138 1207 
1135 
1136 1215 1261 
1137 1335 
1138 
1139 1166 1223 
1140 
1141 
1142 
1143 
1144 1300 
1145 
1146 
1147 
1148 
1149 
1150 
1151 
1152 1177 
1153 
1154 
1155 
1156 
1157 1268 
1158 1259 
1159 
1160 
1161 
1162 
1163 
1164 
1165 1861 
1166 
1167 1199 
1168 1997 
1169 
1170 
1171 
1172 1308 
1173 
1174 
1175 1273 
1176 1228 1306 1408 
1177 
1178 
1179 1211 
1180 1219 
1181 
1182 
1183 1236 1278 
1184 1327 1971 
1185 
1186 1192 1432 1974 
1187 1565 
1188 
1189 1309 1380 
1190 1329 
1191 
1192 
1193 1725 
1194 
1195 1653 
1196 1292 1305 
1197 
1198 1733 
1199 1215 1294 
1200 
1201 
1202 
1203 
1204 1326 
1205 
1206 1843 
1207 1228 
1208 1239 
1209 
1210 
1211 1314 
1212 1637 
1213 
1214 1886 
1215 1239 
1216 1307 
1217 
1218 
1219 
1220 1246 
1221 1258 
1222 
1223 1823 
1224 
1225 1782 
1226 1248 
1227 1248 1327 1368 1844 
1228 
1229 1294 1303 1748 
1230 
1231 
1232 
1233 1296 1315 
1234 
1235 1277 1764 
1236 1322 
1237 
1238 1885 1930 
1239 
1240 
1241 
1242 1414 
1243 1244 1297 
1244 1417 1636 
1245 1274 
1246 
1247 1402 
1248 
1249 
1250 
1251 
1252 1693 
1253 1704 
1254 
1255 1312 1316 
1256 
1257 1285 
1258 
1259 1729 
1260 1442 
1261 
1262 1328 
1263 
1264 1674 
1265 
1266 
1267 
1268 
1269 
1270 1311 
1271 
1272 1279 
1273 
1274 
1275 1541 
1276 
1277 
1278 1281 
1279 1486 
1280 
1281 1327 
1282 1289 
1283 1579 
1284 1295 
1285 
1286 1304 
1287 
1288 
1289 
1290 
1291 
1292 
1293 
1294 
1295 
1296 
1297 
1298 
1299 
1300 
1301 
1302 1537 
1303 1535 
1304 
1305 1487 
1306 
1307 
1308 
1309 1719 
1310 1839 
1311 
1312 
1313 1516 
1314 
1315 
1316 
1317 
1318 
1319 
1320 
1321 
1322 
1323 1730 
1324 
1325 
1326 
1327 1495 
1328 
1329 
1330 
1331 
1332 
1333 1396 1479 1573 1731 1784 1942 1959 
1334 1992 
1335 1705 1717 1818 1850 1991 
1336 1627 1707 1829 
1337 1411 1457 
1338 1734 1776 1870 
1339 1453 1900 
1340 1498 
1341 1512 1656 
1342 1631 1994 
1343 
1344 1684 1892 
1345 
1346 1456 1816 1819 1913 
1347 1917 1973 
1348 1513 1532 1821 
1349 1537 1551 1673 1799 1971 1978 
1350 1732 1815 
1351 
1352 1767 
1353 1402 1445 1975 
1354 1705 1876 1881 
1355 1532 1863 
1356 1418 
1357 1978 
1358 1819 
1359 1383 1633 
1360 1866 
1361 1515 
1362 1442 1460 1552 
1363 1433 
1364 1660 1787 
1365 1925 
1366 1446 
1367 1429 1497 1731 
1368 1785 1849 
1369 1708 1771 1890 
1370 1545 
1371 1554 1918 1972 
1372 
1373 1826 
1374 1670 1882 
1375 1454 1566 1764 
1376 1617 
1377 1448 1554 1645 1745 
1378 
1379 1540 1690 1749 1788 
1380 1381 1582 1978 
1381 1706 
1382 1504 1567 
1383 
1384 1634 
1385 1875 1951 
1386 1387 1805 1853 1876 1935 1952 
1387 1561 
1388 1713 
1389 1551 
1390 1627 1796 
1391 1816 
1392 1403 1851 1879 1995 
1393 
1394 1426 
1395 1505 1686 1935 
1396 
1397 1471 
1398 1864 
1399 
1400 
1401 
1402 1516 1883 
1403 1874 
1404 1768 1801 1846 
1405 
1406 1435 1445 1535 1971 
1407 1891 
1408 1722 1770 
1409 1633 1643 1814 1821 
1410 
1411 1673 1805 
1412 1443 
1413 1422 1838 1910 
1414 
1415 1511 
1416 
1417 1577 
1418 1533 1556 1744 
1419 1554 1863 
1420 1715 1748 
1421 1425 
1422 
1423 1576 
1424 1601 1833 
1425 1439 1505 1835 
1426 1782 1857 
1427 1849 1951 
1428 1448 
1429 1568 
1430 
1431 1612 1910 
1432 1890 1940 
1433 1661 1836 1846 
1434 1668 
1435 1674 
1436 
1437 1966 
1438 1593 1614 1702 1713 1844 
1439 1533 1652 1704 1856 
1440 1490 1821 1912 1920 
1441 1495 1790 
1442 1632 1845 
1443 
1444 1468 
1445 1701 1726 
1446 
1447 1516 
1448 1519 
1449 1506 1553 1809 
1450 1630 1759 
1451 1452 1585 1692 1812 1939 
1452 1484 1873 
1453 1991 
1454 1456 1830 
1455 1662 1924 
1456 1662 1875 1963 
1457 1698 
1458 1622 1909 1995 
1459 1486 1686 1925 
1460 1512 1530 1953 1990 
1461 1785 
1462 1480 
1463 1756 
1464 1621 1699 
1465 1913 
1466 
1467 1625 1800 1948 
1468 1549 1920 
1469 1617 
1470 1730 1779 1797 
1471 1592 1761 
1472 
1473 1735 
1474 
1475 1554 1925 
1476 1876 
1477 1809 1909 
1478 1706 1834 1866 
1479 1497 1957 
1480 1560 1729 1944 1972 
1481 1780 1968 
1482 1950 
1483 
1484 1843 1980 
1485 
1486 1749 1751 
1487 1574 1710 
1488 1499 1535 1652 1885 1929 
1489 
1490 
1491 1611 1716 1853 
1492 1689 1779 1986 
1493 1543 1607 1922 
1494 1663 
1495 
1496 1528 1869 
1497 1558 
1498 1538 1630 
1499 
1500 1621 
1501 1571 1582 1755 
1502 1587 1762 
1503 1552 
1504 1852 
1505 
1506 
1507 1578 
1508 1692 1743 
1509 
1510 1860 1898 1904 
1511 1860 
1512 
1513 1538 1602 
1514 1820 1955 
1515 
1516 
1517 1637 1997 
1518 1611 
1519 
1520 1763 1994 
1521 1655 
1522 1974 
1523 
1524 
1525 
1526 1563 1566 1835 
1527 1640 1651 1714 
1528 1794 
1529 1716 1846 1972 
1530 
1531 1670 1813 1898 
1532 
1533 1730 
1534 1560 1581 1851 
1535 1765 1848 1974 
1536 
1537 1689 
1538 1988 
1539 1620 
1540 1774 
1541 1788 1808 
1542 1791 
1543 1700 1743 
1544 
1545 1570 
1546 1785 1836 1955 1992 
1547 
1548 
1549 1759 
1550 1670 1796 1801 
1551 1559 1688 1855 
1552 1902 1950 
1553 1812 
1554 
1555 
1556 1711 
1557 1869 
1558 
1559 1800 1816 
1560 1821 1982 
1561 1563 1709 1814 
1562 
1563 
1564 1845 1867 
1565 
1566 
1567 1795 
1568 
1569 
1570 1652 1667 1714 
1571 1781 1945 
1572 
1573 1574 1655 1978 
1574 1730 1982 
1575 1829 1975 
1576 1644 
1577 1713 
1578 1738 1995 
1579 
1580 1762 
1581 1707 1898 1927 
1582 
1583 1884 1893 1920 
1584 
1585 1683 
1586 
1587 
1588 1685 1772 1787 1790 
1589 1706 
1590 1705 
1591 1867 
1592 
1593 
1594 1654 
1595 
1596 1749 1957 
1597 1937 
1598 1629 
1599 1682 1944 
1600 1695 1860 
1601 1634 1882 1948 
1602 1620 1738 1906 
1603 1969 
1604 1874 
1605 1771 1877 
1606 1900 1952 
1607 1732 
1608 
1609 
1610 
1611 1816 1820 
1612 1906 
1613 1705 1832 
1614 1814 1958 
1615 
1616 1856 
1617 
1618 1665 1796 1966 
1619 1861 
1620 
1621 
1622 
1623 
1624 1782 
1625 
1626 1642 1770 1790 
1627 
1628 1733 
1629 1818 
1630 1872 
1631 
1632 1738 
1633 
1634 1792 
1635 
1636 1825 
1637 
1638 1686 1789 
1639 1646 
1640 
1641 1741 1880 1977 
1642 
1643 
1644 1664 1972 
1645 
1646 
1647 1685 1971 
1648 1778 
1649 
1650 1939 1988 
1651 1747 1923 
1652 
1653 1996 
1654 1659 1860 
1655 1769 1919 1922 1941 
1656 
1657 1952 
1658 1770 
1659 1759 1874 1937 
1660 
1661 1831 1843 
1662 1736 
1663 
1664 1679 
1665 1825 
1666 1686 1919 
1667 1702 1938 
1668 
1669 1947 1969 
1670 
1671 1811 
1672 1888 
1673 1835 
1674 
1675 1779 
1676 1784 
1677 1988 
1678 1781 
1679 
1680 1786 1795 1820 
1681 
1682 1898 
1683 1871 
1684 1772 1954 
1685 
1686 1865 
1687 1709 
1688 1829 
1689 1809 
1690 1930 
1691 
1692 
1693 1969 
1694 1752 
1695 1797 
1696 
1697 
1698 1931 
1699 
1700 
1701 1845 1846 1894 1995 
1702 1726 
1703 
1704 1841 
1705 1871 
1706 1971 
1707 1715 1790 
1708 1759 1763 
1709 
1710 
1711 1874 1914 1933 
1712 
1713 
1714 
1715 1787 
1716 1837 1963 
1717 1867 1896 
1718 1989 
1719 1850 1869 
1720 1782 1874 
1721 1731 1943 
1722 1920 
1723 1825 
1724 1813 
1725 
1726 1837 
1727 
1728 
1729 
1730 1952 
1731 1757 1772 1965 
1732 1760 
1733 1869 
1734 
1735 
1736 
1737 
1738 
1739 
1740 
1741 
1742 
1743 
1744 1753 
1745 1809 
1746 
1747 
1748 1818 
1749 
1750 1942 
1751 
1752 1890 1928 
1753 1790 1854 1937 
1754 1939 
1755 1927 
1756 
1757 
1758 
1759 1991 
1760 1807 1866 
1761 1934 1939 1968 
1762 
1763 1890 
1764 1994 
1765 1933 
1766 
1767 
1768 
1769 
1770 
1771 1924 
1772 1865 
1773 1856 
1774 
1775 1856 
1776 1922 
1777 
1778 1888 
1779 
1780 1814 
1781 
1782 1959 
1783 
1784 1838 1908 
1785 1847 
1786 1794 
1787 
1788 1843 
1789 
1790 
1791 
1792 
1793 1892 
1794 1984 
1795 1978 
1796 
1797 
1798 
1799 
1800 1900 
1801 
1802 1844 1870 1923 
1803 
1804 
1805 
1806 1957 1986 
1807 
1808 
1809 
1810 1950 
1811 
1812 
1813 
1814 
1815 
1816 
1817 
1818 
1819 1865 
1820 1968 
1821 1903 
1822 1889 
1823 
1824 1936 1941 
1825 1970 
1826 1963 
1827 1898 1922 
1828 1978 
1829 
1830 1832 1994 
1831 
1832 
1833 
1834 1890 
1835 
1836 1923 
1837 
1838 
1839 1979 
1840 
1841 
1842 1875 
1843 1981 
1844 1854 1920 1979 
1845 
1846 
1847 
1848 1893 1957 
1849 1899 
1850 
1851 1982 
1852 
1853 
1854 1860 
1855 
1856 
1857 
1858 
1859 
1860 
1861 
1862 
1863 
1864 
1865 1936 
1866 1938 
1867 
1868 
1869 
1870 1911 
1871 
1872 1907 1925 
1873 
1874 
1875 1940 
1876 
1877 
1878 
1879 
1880 
1881 1938 1962 
1882 
1883 
1884 1921 1975 
1885 
1886 1941 
1887 
1888 1948 
1889 1966 
1890 1987 
1891 1923 
1892 1984 
1893 
1894 
1895 
1896 
1897 
1898 1956 
1899 
1900 
1901 
1902 1938 
1903 
1904 
1905 
1906 
1907 
1908 
1909 1992 
1910 
1911 
1912 
1913 
1914 
1915 
1916 1984 
1917 
1918 1937 
1919 
1920 
1921 
1922 1960 
1923 1995 
1924 
1925 
1926 
1927 1933 
1928 
1929 
1930 
1931 1937 
1932 
1933 
1934 
1935 
1936 1976 
1937 
1938 
1939 1940 
1940 
1941 
1942 
1943 
1944 
1945 
1946 
1947 
1948 
1949 
1950 
1951 
1952 
1953 
1954 
1955 
1956 
1957 
1958 
1959 
1960 1993 
1961 
1962 
1963 
1964 
1965 
1966 
1967 
1968 
1969 
1970 
1971 
1972 
1973 
1974 
1975 
1976 
1977 
1978 
1979 
1980 
1981 
1982 1995 
1983 
1984 
1985 
1986 
1987 
1988 
1989 
1990 
1991 
1992 
1993 
1994 
1995 
1996 
1997 
1998 
1999 
[0, 0, 0, 0, 0, 0, 0, 0, 0, 0, 0, 0, 0, 0, 0, 0, 0, 0, 0, 0, 0, 0, 0, 0, 0, 0, 0, 0, 0, 0, 0, 0, 0, 0, 0, 0, 0, 0, 0, 0, 0, 0, 0, 0, 0, 0, 0, 0, 0, 0, 0, 0, 0, 0, 0, 0, 0, 0, 0, 0, 0, 0, 0, 0, 0, 0, 0, 0, 0, 0, 0, 0, 0, 0, 0, 0, 0, 0, 0, 0, 0, 0, 0, 0, 0, 0, 0, 0, 0, 0, 0, 0, 0, 0, 0, 0, 0, 0, 0, 0, 0, 0, 0, 0, 0, 0, 0, 0, 0, 0, 0, 0, 0, 0, 0, 0, 0, 0, 0, 0, 0, 0, 0, 0, 0, 0, 0, 0, 0, 0, 0, 0, 0, 0, 0, 0, 0, 0, 0, 0, 0, 0, 0, 0, 0, 0, 0, 0, 0, 0, 0, 0, 0, 0, 0, 0, 0, 0, 0, 0, 0, 0, 0, 0, 0, 0, 0, 0, 0, 0, 0, 0, 0, 0, 0, 0, 0, 0, 0, 0, 0, 0, 0, 0, 0, 0, 0, 0, 0, 0, 0, 0, 0, 0, 0, 0, 0, 0, 0, 0, 0, 0, 0, 0, 0, 0, 0, 0, 0, 0, 0, 0, 0, 0, 0, 0, 0, 0, 0, 0, 0, 0, 0, 0, 0, 0, 0, 0, 0, 0, 0, 0, 0, 0, 0, 0, 0, 0, 0, 0, 0, 0, 0, 0, 0, 0, 0, 0, 0, 0, 0, 0, 0, 0, 0, 0, 0, 0, 0, 0, 0, 0, 0, 0, 0, 0, 0, 0, 0, 0, 0, 0, 0, 0, 0, 0, 0, 0, 0, 0, 0, 0, 0, 0, 0, 0, 0, 0, 0, 0, 0, 0, 0, 0, 0, 0, 0, 0, 0, 0, 0, 0, 0, 0, 0, 0, 0, 0, 0, 0, 0, 0, 0, 0, 0, 0, 0, 0, 0, 0, 0, 0, 0, 0, 0, 0, 0, 0, 0, 0, 0, 0, 0, 0, 0, 0, 0, 0, 0, 0, 0, 0, 0, 0, 0, 0, 0, 0, 0, 0, 0, 0, 0, 0, 0, 0, 0, 0, 0, 0, 0, 0, 0, 0, 0, 0, 0, 0, 0, 0, 0, 0, 0, 0, 0, 0, 0, 0, 0, 0, 0, 0, 0, 0, 0, 0, 0, 0, 0, 0, 0, 0, 0, 0, 0, 0, 0, 0, 0, 0, 0, 0, 0, 0, 0, 0, 0, 0, 0, 0, 0, 0, 0, 0, 0, 0, 0, 0, 0, 0, 0, 0, 0, 0, 0, 0, 0, 0, 0, 0, 0, 0, 0, 0, 0, 0, 0, 0, 0, 0, 0, 0, 0, 0, 0, 0, 0, 0, 0, 0, 0, 0, 0, 0, 0, 0, 0, 0, 0, 0, 0, 0, 0, 0, 0, 0, 0, 0, 0, 0, 0, 0, 0, 0, 0, 0, 0, 0, 0, 0, 0, 0, 0, 0, 0, 0, 0, 0, 0, 0, 0, 0, 0, 0, 0, 0, 0, 0, 0, 0, 0, 0, 0, 0, 0, 0, 0, 0, 0, 0, 0, 0, 0, 0, 0, 0, 0, 0, 0, 0, 0, 0, 0, 0, 0, 0, 0, 0, 0, 0, 0, 0, 0, 0, 0, 0, 0, 0, 0, 0, 0, 0, 0, 0, 0, 0, 0, 0, 0, 0, 0, 0, 0, 0, 0, 0, 0, 0, 0, 0, 0, 0, 0, 0, 0, 0, 0, 0, 0, 0, 0, 0, 0, 0, 0, 0, 0, 0, 0, 0, 0, 0, 0, 0, 0, 0, 0, 0, 0, 0, 0, 0, 0, 0, 0, 0, 0, 0, 0, 0, 0, 0, 0, 0, 0, 0, 0, 0, 0, 0, 0, 0, 0, 0, 0, 0, 0, 0, 0, 0, 0, 0, 0, 0, 0, 0, 0, 0, 0, 0, 0, 0, 0, 0, 0, 0, 0, 0, 0, 0, 0, 0, 0, 0, 0, 0, 0, 0, 0, 0, 0, 0, 0, 0, 0, 0, 0, 0, 0, 0, 0, 0, 0, 0, 0, 0, 1, 1, 1, 1, 1, 1, 1, 1, 1, 1, 1, 1, 1, 1, 1, 1, 1, 1, 1, 1, 1, 1, 1, 1, 1, 1, 1, 1, 1, 1, 1, 1, 1, 1, 1, 1, 1, 1, 1, 1, 1, 1, 1, 1, 1, 1, 1, 1, 1, 1, 1, 1, 1, 1, 1, 1, 1, 1, 1, 1, 1, 1, 1, 1, 1, 1, 1, 1, 1, 1, 1, 1, 1, 1, 1, 1, 1, 1, 1, 1, 1, 1, 1, 1, 1, 1, 1, 1, 1, 1, 1, 1, 1, 1, 1, 1, 1, 1, 1, 1, 1, 1, 1, 1, 1, 1, 1, 1, 1, 1, 1, 1, 1, 1, 1, 1, 1, 1, 1, 1, 1, 1, 1, 1, 1, 1, 1, 1, 1, 1, 1, 1, 1, 1, 1, 1, 1, 1, 1, 1, 1, 1, 1, 1, 1, 1, 1, 1, 1, 1, 1, 1, 1, 1, 1, 1, 1, 1, 1, 1, 1, 1, 1, 1, 1, 1, 1, 1, 1, 1, 1, 1, 1, 1, 1, 1, 1, 1, 1, 1, 1, 1, 1, 1, 1, 1, 1, 1, 1, 1, 1, 1, 1, 1, 1, 1, 1, 1, 1, 1, 1, 1, 1, 1, 1, 1, 1, 1, 1, 1, 1, 1, 1, 1, 1, 1, 1, 1, 1, 1, 1, 1, 1, 1, 1, 1, 1, 1, 1, 1, 1, 1, 1, 1, 1, 1, 1, 1, 1, 1, 1, 1, 1, 1, 1, 1, 1, 1, 1, 1, 1, 1, 1, 1, 1, 1, 1, 1, 1, 1, 1, 1, 1, 1, 1, 1, 1, 1, 1, 1, 1, 1, 1, 1, 1, 1, 1, 1, 1, 1, 1, 1, 1, 1, 1, 1, 1, 1, 1, 1, 1, 1, 1, 1, 1, 1, 1, 1, 1, 1, 1, 1, 1, 1, 1, 1, 1, 1, 1, 1, 1, 1, 1, 1, 1, 1, 1, 1, 1, 1, 1, 1, 1, 1, 1, 1, 1, 1, 1, 1, 1, 1, 1, 1, 1, 1, 1, 1, 1, 1, 1, 1, 1, 1, 1, 1, 1, 1, 1, 1, 1, 1, 1, 1, 1, 1, 1, 1, 1, 1, 1, 1, 1, 1, 1, 1, 1, 1, 1, 1, 1, 1, 1, 1, 1, 1, 1, 1, 1, 1, 1, 1, 1, 1, 1, 1, 1, 1, 1, 1, 1, 1, 1, 1, 1, 1, 1, 1, 1, 1, 1, 1, 1, 1, 1, 1, 1, 1, 1, 1, 1, 1, 1, 1, 1, 1, 1, 1, 1, 1, 1, 1, 1, 1, 1, 1, 1, 1, 1, 1, 1, 1, 1, 1, 1, 1, 1, 1, 1, 1, 1, 1, 1, 1, 1, 1, 1, 1, 1, 1, 1, 1, 1, 1, 1, 1, 1, 1, 1, 1, 1, 1, 1, 1, 1, 1, 1, 1, 1, 1, 1, 1, 1, 1, 1, 1, 1, 1, 1, 1, 1, 1, 1, 1, 1, 1, 1, 1, 1, 1, 1, 1, 1, 1, 1, 1, 1, 1, 1, 1, 1, 1, 1, 1, 1, 1, 1, 1, 1, 1, 1, 1, 1, 1, 1, 1, 1, 1, 1, 1, 1, 1, 1, 1, 1, 1, 1, 1, 1, 1, 1, 1, 1, 1, 1, 1, 1, 1, 1, 1, 1, 1, 1, 1, 1, 1, 1, 1, 1, 1, 1, 1, 1, 1, 1, 1, 1, 1, 1, 1, 1, 1, 1, 1, 1, 1, 1, 1, 1, 1, 1, 1, 1, 1, 1, 1, 1, 1, 1, 1, 1, 1, 1, 1, 1, 1, 1, 1, 1, 1, 1, 1, 1, 1, 1, 1, 1, 1, 1, 1, 1, 1, 1, 1, 1, 1, 1, 1, 1, 1, 1, 1, 1, 1, 1, 1, 1, 1, 1, 1, 1, 1, 1, 1, 1, 1, 1, 1, 1, 1, 1, 1, 1, 1, 1, 1, 1, 1, 1, 1, 1, 1, 1, 1, 1, 1, 1, 1, 1, 1, 1, 1, 1, 1, 1, 1, 1, 1, 1, 1, 1, 1, 1, 1, 1, 1, 2, 2, 2, 2, 2, 2, 2, 2, 2, 2, 2, 2, 2, 2, 2, 2, 2, 2, 2, 2, 2, 2, 2, 2, 2, 2, 2, 2, 2, 2, 2, 2, 2, 2, 2, 2, 2, 2, 2, 2, 2, 2, 2, 2, 2, 2, 2, 2, 2, 2, 2, 2, 2, 2, 2, 2, 2, 2, 2, 2, 2, 2, 2, 2, 2, 2, 2, 2, 2, 2, 2, 2, 2, 2, 2, 2, 2, 2, 2, 2, 2, 2, 2, 2, 2, 2, 2, 2, 2, 2, 2, 2, 2, 2, 2, 2, 2, 2, 2, 2, 2, 2, 2, 2, 2, 2, 2, 2, 2, 2, 2, 2, 2, 2, 2, 2, 2, 2, 2, 2, 2, 2, 2, 2, 2, 2, 2, 2, 2, 2, 2, 2, 2, 2, 2, 2, 2, 2, 2, 2, 2, 2, 2, 2, 2, 2, 2, 2, 2, 2, 2, 2, 2, 2, 2, 2, 2, 2, 2, 2, 2, 2, 2, 2, 2, 2, 2, 2, 2, 2, 2, 2, 2, 2, 2, 2, 2, 2, 2, 2, 2, 2, 2, 2, 2, 2, 2, 2, 2, 2, 2, 2, 2, 2, 2, 2, 2, 2, 2, 2, 2, 2, 2, 2, 2, 2, 2, 2, 2, 2, 2, 2, 2, 2, 2, 2, 2, 2, 2, 2, 2, 2, 2, 2, 2, 2, 2, 2, 2, 2, 2, 2, 2, 2, 2, 2, 2, 2, 2, 2, 2, 2, 2, 2, 2, 2, 2, 2, 2, 2, 2, 2, 2, 2, 2, 2, 2, 2, 2, 2, 2, 2, 2, 2, 2, 2, 2, 2, 2, 2, 2, 2, 2, 2, 2, 2, 2, 2, 2, 2, 2, 2, 2, 2, 2, 2, 2, 2, 2, 2, 2, 2, 2, 2, 2, 2, 2, 2, 2, 2, 2, 2, 2, 2, 2, 2, 2, 2, 2, 2, 2, 2, 2, 2, 2, 2, 2, 2, 2, 2, 2, 2, 2, 2, 2, 2, 2, 2, 2, 2, 2, 2, 2, 2, 2, 2, 2, 2, 2, 2, 2, 2, 2, 2, 2, 2, 2, 2, 2, 2, 2, 2, 2, 2, 2, 2, 2, 2, 2, 2, 2, 2, 2, 2, 2, 2, 2, 2, 2, 2, 2, 2, 2, 2, 2, 2, 2, 2, 2, 2, 2, 2, 2, 2, 2, 2, 2, 2, 2, 2, 2, 2, 2, 2, 2, 2, 2, 2, 2, 2, 2, 2, 2, 2, 2, 2, 2, 2, 2, 2, 2, 2, 2, 2, 2, 2, 2, 2, 2, 2, 2, 2, 2, 2, 2, 2, 2, 2, 2, 2, 2, 2, 2, 2, 2, 2, 2, 2, 2, 2, 2, 2, 2, 2, 2, 2, 2, 2, 2, 2, 2, 2, 2, 2, 2, 2, 2, 2, 2, 2, 2, 2, 2, 2, 2, 2, 2, 2, 2, 2, 2, 2, 2, 2, 2, 2, 2, 2, 2, 2, 2, 2, 2, 2, 2, 2, 2, 2, 2, 2, 2, 2, 2, 2, 2, 2, 2, 2, 2, 2, 2, 2, 2, 2, 2, 2, 2, 2, 2, 2, 2, 2, 2, 2, 2, 2, 2, 2, 2, 2, 2, 2, 2, 2, 2, 2, 2, 2, 2, 2, 2, 2, 2, 2, 2, 2, 2, 2, 2, 2, 2, 2, 2, 2, 2, 2, 2, 2, 2, 2, 2, 2, 2, 2, 2, 2, 2, 2, 2, 2, 2, 2, 2, 2, 2, 2, 2, 2, 2, 2, 2, 2, 2, 2, 2, 2, 2, 2, 2, 2, 2, 2, 2, 2, 2, 2, 2, 2, 2, 2, 2, 2, 2, 2, 2, 2, 2, 2, 2, 2, 2, 2, 2, 2, 2, 2, 2, 2, 2, 2, 2, 2, 2, 2, 2, 2, 2, 2, 2, 2, 2, 2, 2, 2, 2, 2, 2, 2, 2, 2, 2, 2, 2, 2, 2, 2, 2, 2, 2, 2, 2, 2, 2, 2, 2, 2, 2, 2, 2, 2, 2, 2, 2, 2, 2, 2, 2, 2, 2, 2, 2, 2, 2, 2, 2, 2, 0, 0]