0 835 916 
1 131 714 
2 513 539 
3 203 491 589 707 824 835 
4 19 346 1711 
5 188 616 868 
6 14 293 831 1652 1764 
7 737 956 1850 
8 140 856 
9 440 727 811 814 846 
10 733 
11 178 460 565 626 886 1732 
12 379 720 
13 60 663 1895 
14 206 496 
15 484 913 957 
16 273 598 794 863 
17 294 441 509 755 806 
18 1142 
19 235 747 
20 793 875 
21 
22 503 615 
23 141 
24 25 197 1429 
25 66 493 
26 813 927 973 
27 29 81 138 312 805 
28 140 342 
29 39 688 959 
30 51 89 148 943 
31 251 340 728 916 
32 55 89 100 1096 1877 
33 181 416 546 1983 
34 466 
35 68 274 342 658 
36 152 210 602 
37 364 843 957 1115 1458 
38 255 393 460 488 746 974 
39 
40 312 843 1193 
41 573 
42 536 773 889 993 999 1956 
43 176 186 343 892 
44 692 
45 200 649 
46 300 606 927 
47 378 410 510 
48 58 633 866 
49 459 597 656 688 
50 185 867 874 1437 
51 163 266 387 670 753 802 851 
52 604 843 956 1036 
53 552 
54 243 518 
55 103 439 540 692 
56 1401 1778 
57 246 926 
58 849 
59 483 
60 274 387 1136 
61 
62 548 609 755 891 925 1757 
63 544 683 1607 
64 231 303 1027 1696 
65 343 910 
66 306 533 613 882 922 
67 591 674 976 
68 252 373 403 524 1397 
69 101 149 351 462 484 
70 248 1979 
71 292 737 
72 325 333 
73 779 
74 212 229 294 
75 393 826 922 1958 
76 340 407 
77 732 757 777 
78 126 463 
79 356 732 826 1703 
80 727 
81 218 388 967 982 1516 
82 133 206 
83 111 224 724 772 841 884 982 
84 117 257 409 726 780 
85 304 401 1902 
86 635 963 
87 595 660 784 
88 578 762 
89 386 497 639 764 880 
90 127 356 
91 362 662 765 
92 576 959 
93 231 
94 516 961 
95 172 408 1978 
96 
97 962 
98 155 624 932 
99 341 627 912 
100 236 457 
101 129 409 473 614 731 880 
102 114 302 748 971 
103 759 992 
104 298 702 725 1570 
105 349 441 1738 
106 817 1659 
107 850 874 1877 
108 175 200 
109 273 414 972 
110 284 545 590 782 783 810 
111 375 937 
112 579 625 931 
113 170 522 600 734 774 932 
114 140 143 236 355 427 794 
115 875 970 
116 545 
117 400 443 1669 1704 
118 223 456 869 
119 386 
120 177 567 607 1207 
121 968 969 
122 262 367 405 816 944 
123 310 406 
124 
125 193 437 860 872 
126 294 330 425 999 1535 
127 327 597 845 
128 1176 
129 680 691 1321 
130 863 1979 
131 1717 
132 465 
133 
134 183 197 327 423 495 1211 1971 
135 231 321 543 610 817 
136 692 865 
137 170 750 816 
138 184 380 407 651 674 
139 271 371 
140 145 341 652 868 
141 662 708 857 983 
142 167 419 436 853 
143 144 151 303 365 551 822 
144 208 965 1345 
145 162 268 602 692 735 
146 314 964 
147 165 203 970 
148 315 1681 
149 213 268 801 
150 419 852 
151 223 701 
152 
153 197 236 574 846 
154 
155 691 943 1729 
156 
157 384 803 
158 708 
159 448 457 736 750 964 
160 236 239 252 
161 504 622 729 
162 
163 265 532 820 
164 269 383 472 680 744 989 
165 593 1985 
166 306 805 863 
167 681 1128 
168 1587 1909 
169 252 474 525 777 
170 234 
171 752 874 
172 466 480 510 835 
173 234 277 317 493 500 575 853 981 
174 346 878 914 
175 759 1234 
176 1999 
177 367 524 880 
178 387 412 463 544 1908 
179 251 651 690 738 757 
180 196 
181 261 268 466 
182 480 697 778 809 874 1843 
183 
184 285 
185 241 649 964 
186 326 668 690 
187 223 592 
188 691 
189 1015 
190 677 766 986 1342 
191 269 362 561 
192 456 
193 440 
194 
195 345 494 
196 431 770 
197 498 653 796 1926 
198 1677 
199 637 1998 
200 427 
201 730 767 1491 
202 392 764 860 
203 533 703 993 
204 266 607 963 
205 849 863 959 
206 349 577 766 876 
207 626 635 1206 
208 378 
209 701 
210 280 459 
211 429 564 751 828 
212 353 413 425 456 796 
213 431 
214 235 939 1031 1777 
215 323 485 528 794 
216 390 499 654 720 933 
217 
218 885 1584 
219 570 761 
220 509 1285 
221 273 632 
222 345 559 578 724 742 972 
223 
224 296 437 466 
225 238 252 346 373 409 629 
226 557 
227 406 616 891 
228 337 410 675 
229 807 
230 780 785 874 923 948 953 1739 
231 737 
232 415 745 768 1718 
233 342 530 562 1840 
234 333 644 738 764 967 
235 578 840 
236 523 762 969 
237 587 
238 266 516 907 1521 
239 286 614 632 966 
240 251 
241 285 403 468 513 872 877 1397 
242 798 
243 640 
244 685 899 
245 
246 351 1250 
247 
248 848 
249 292 703 1015 1502 
250 341 386 602 1575 
251 1417 
252 
253 276 310 529 553 709 945 
254 620 626 665 1994 
255 454 463 475 518 669 
256 295 306 528 707 
257 348 564 876 
258 
259 498 656 729 
260 626 701 889 978 1543 
261 504 1617 
262 649 738 815 858 
263 274 714 781 877 
264 390 573 694 721 1728 
265 969 1439 1711 
266 
267 630 859 1136 
268 491 
269 488 523 641 
270 
271 988 
272 454 
273 539 628 1976 
274 452 537 644 686 827 925 
275 435 637 887 
276 347 422 660 
277 518 828 
278 551 567 601 
279 831 885 1669 
280 
281 733 
282 301 353 
283 751 915 975 
284 454 455 631 
285 628 795 
286 346 477 658 
287 307 937 994 
288 1629 
289 954 
290 
291 328 657 922 1700 
292 
293 391 777 973 
294 
295 498 511 1343 
296 301 442 
297 401 439 951 
298 988 
299 380 797 839 
300 936 
301 551 
302 334 645 673 964 
303 376 514 862 
304 467 576 792 810 
305 694 
306 1355 
307 359 795 976 
308 441 724 975 
309 
310 824 1759 
311 415 
312 956 
313 471 511 
314 373 628 
315 419 743 1709 
316 573 1340 
317 363 474 588 688 844 
318 363 421 680 857 867 996 1945 
319 915 999 
320 471 792 
321 
322 342 421 
323 610 843 928 1350 
324 447 518 1663 
325 427 958 
326 
327 685 891 
328 570 960 
329 472 
330 647 
331 362 516 629 914 1507 
332 440 690 772 
333 
334 598 622 1024 1338 1354 
335 356 437 599 798 
336 456 470 811 
337 522 753 
338 557 575 
339 463 
340 652 
341 439 571 857 
342 391 933 956 
343 533 
344 1229 
345 415 1713 
346 552 877 936 
347 483 
348 412 516 698 1636 
349 872 928 
350 914 
351 420 966 
352 870 
353 615 646 669 780 
354 601 1818 
355 722 845 1287 
356 357 
357 985 988 
358 785 907 
359 828 1729 
360 912 917 936 
361 400 818 
362 
363 424 584 673 1328 
364 
365 412 613 657 855 995 1641 
366 
367 905 
368 462 
369 
370 446 882 
371 495 622 703 721 1947 
372 443 938 
373 509 645 
374 634 1793 
375 753 857 1962 
376 702 
377 397 824 1996 
378 
379 524 918 
380 749 
381 
382 
383 
384 681 
385 448 
386 596 623 730 894 
387 775 778 866 1114 
388 419 466 1360 
389 754 948 1071 
390 696 
391 926 1919 
392 599 899 
393 713 1553 
394 584 758 793 895 923 1335 
395 826 878 
396 433 507 
397 565 797 874 1314 1319 
398 579 585 599 873 958 
399 653 
400 494 875 1497 1948 
401 622 
402 791 807 954 1779 
403 577 
404 
405 584 852 
406 604 828 848 1487 
407 554 737 788 990 
408 564 604 707 877 942 
409 
410 718 759 808 1096 
411 775 952 
412 649 838 1020 
413 592 635 683 927 
414 810 885 938 
415 
416 542 712 
417 500 510 860 
418 
419 603 608 
420 750 1927 
421 534 997 
422 629 972 
423 480 
424 741 895 938 
425 1470 
426 640 767 1926 
427 540 597 649 712 729 939 
428 444 629 715 846 
429 894 980 1904 
430 
431 579 
432 
433 557 656 989 996 
434 776 
435 715 
436 630 703 958 
437 449 
438 886 1957 
439 531 654 
440 760 1087 
441 667 677 730 1160 1611 
442 1926 
443 702 
444 598 720 941 1202 
445 556 782 1564 1947 
446 765 
447 720 779 789 826 896 940 
448 
449 926 1704 
450 1856 
451 650 835 896 
452 1474 
453 574 631 
454 642 793 
455 991 
456 638 892 
457 
458 
459 472 511 983 
460 796 808 
461 535 765 891 
462 942 
463 530 914 1695 
464 672 822 
465 1630 
466 800 1631 1708 
467 573 764 
468 605 
469 766 937 1845 
470 
471 989 
472 525 705 708 981 1072 
473 681 1025 
474 935 957 
475 882 967 
476 648 893 
477 549 1900 
478 488 509 540 559 857 
479 642 
480 877 
481 774 
482 918 1252 
483 971 
484 603 760 862 
485 
486 
487 612 669 
488 905 906 
489 872 
490 591 925 
491 799 1412 
492 741 758 893 
493 
494 803 864 966 
495 
496 720 871 971 975 
497 815 
498 572 574 591 
499 
500 642 1182 
501 846 
502 884 1918 
503 541 605 859 
504 953 
505 626 829 
506 856 
507 612 745 
508 
509 549 574 1614 
510 581 949 
511 624 686 1783 
512 874 1660 
513 
514 
515 572 660 876 
516 592 858 
517 999 
518 600 643 755 1975 
519 738 
520 686 
521 
522 840 959 993 
523 546 631 739 
524 613 
525 728 990 
526 968 1904 
527 956 
528 860 871 
529 869 977 983 
530 
531 938 
532 860 
533 726 978 
534 
535 647 1360 
536 
537 713 1513 1982 
538 642 984 
539 812 
540 943 
541 555 
542 687 904 
543 783 
544 1802 
545 708 751 
546 770 806 
547 1559 
548 933 
549 1743 
550 1098 
551 695 823 
552 826 
553 1696 
554 564 638 646 
555 680 1740 
556 746 890 1801 
557 727 1818 
558 1935 
559 966 
560 990 
561 
562 736 820 
563 590 796 
564 895 
565 608 856 875 954 963 
566 
567 757 
568 1428 
569 
570 674 739 
571 708 
572 600 950 
573 823 
574 821 1454 1750 
575 643 767 902 927 
576 712 1941 
577 595 859 
578 592 831 
579 1235 
580 
581 1534 
582 761 
583 961 1151 
584 745 1542 
585 823 909 1178 
586 683 696 714 887 
587 734 968 1061 
588 927 
589 
590 
591 
592 716 815 826 1178 
593 
594 
595 629 
596 621 
597 841 1805 
598 969 
599 741 1029 1176 
600 743 1112 
601 843 867 903 
602 798 
603 1420 
604 877 
605 
606 840 904 941 1852 
607 781 786 850 882 
608 991 
609 815 971 
610 811 934 1318 
611 632 786 1799 
612 
613 
614 941 
615 621 667 1960 
616 1382 1630 
617 805 1649 
618 701 
619 
620 940 
621 758 
622 926 979 1689 1870 
623 924 980 
624 
625 
626 811 
627 994 
628 955 
629 644 
630 935 964 
631 755 914 952 
632 
633 1135 
634 932 
635 640 
636 
637 765 1294 
638 922 
639 775 
640 
641 833 1853 
642 
643 1079 
644 702 1924 
645 726 851 1845 
646 
647 
648 
649 768 
650 717 1728 
651 890 910 
652 660 
653 906 926 
654 799 
655 893 1587 
656 1603 
657 817 872 922 
658 
659 779 787 985 
660 
661 870 
662 1593 
663 802 
664 
665 1273 
666 875 
667 940 
668 691 
669 877 
670 916 
671 760 
672 
673 697 787 908 923 926 1881 
674 812 860 897 989 
675 959 1537 
676 824 967 
677 980 
678 
679 798 811 
680 770 886 1645 
681 858 
682 761 913 995 
683 
684 723 
685 826 837 
686 950 1608 
687 718 856 
688 739 866 
689 
690 940 1983 
691 750 880 1434 
692 858 902 
693 
694 1649 
695 821 
696 942 992 
697 928 
698 1250 
699 942 1175 1968 
700 
701 773 884 
702 877 887 
703 726 1036 
704 
705 1065 1979 
706 799 890 1423 
707 971 
708 713 763 832 962 1404 1554 
709 861 915 
710 772 1683 
711 769 874 
712 768 846 
713 
714 
715 
716 
717 910 
718 1117 
719 
720 829 
721 761 1039 
722 737 
723 
724 1051 
725 
726 
727 823 847 850 893 
728 768 
729 
730 775 
731 770 
732 785 
733 765 769 1658 
734 821 
735 803 
736 920 1448 
737 942 
738 
739 
740 
741 
742 1200 
743 
744 
745 
746 
747 
748 1570 
749 
750 813 
751 
752 
753 975 
754 
755 994 1877 
756 
757 975 
758 
759 
760 
761 
762 
763 884 939 
764 880 
765 849 
766 830 
767 
768 1123 
769 857 
770 834 
771 786 
772 
773 912 969 
774 879 
775 857 1799 
776 
777 889 977 1035 1385 1599 
778 794 927 
779 
780 799 942 
781 822 
782 
783 805 
784 1917 
785 970 
786 1880 
787 986 
788 
789 
790 806 923 
791 1293 
792 894 1334 1625 
793 994 
794 983 1202 1273 
795 933 1148 1321 
796 1285 
797 
798 876 1221 
799 847 991 1605 
800 873 
801 
802 979 
803 
804 
805 
806 1722 
807 814 949 
808 
809 909 1317 
810 
811 
812 991 
813 
814 855 890 
815 1926 
816 
817 858 
818 939 
819 934 
820 974 
821 962 1355 
822 1315 
823 943 
824 948 
825 
826 
827 910 
828 997 
829 876 
830 882 
831 941 
832 904 908 
833 869 
834 
835 
836 
837 
838 
839 958 
840 893 917 952 980 
841 
842 888 
843 
844 861 1054 
845 
846 
847 947 
848 907 1194 
849 
850 
851 887 
852 
853 
854 866 
855 1559 
856 
857 1064 
858 
859 1263 
860 1661 
861 974 988 1271 
862 
863 1103 
864 904 1776 
865 1156 
866 928 966 
867 
868 897 918 
869 1168 
870 1109 
871 
872 
873 
874 
875 898 
876 
877 
878 1338 
879 881 899 987 1287 
880 985 
881 929 1016 
882 
883 
884 
885 
886 956 982 
887 911 
888 998 
889 
890 933 935 
891 933 1890 
892 
893 
894 
895 
896 
897 914 1981 
898 
899 1467 
900 1416 
901 
902 951 1138 
903 
904 
905 981 
906 
907 
908 1250 
909 
910 
911 
912 971 
913 
914 
915 
916 1033 
917 
918 
919 
920 931 
921 1113 
922 967 
923 
924 
925 1616 
926 
927 1092 1440 
928 
929 
930 
931 
932 944 
933 951 
934 1309 
935 
936 1222 
937 980 
938 
939 
940 1437 1660 1890 
941 945 967 
942 958 
943 1863 
944 
945 1635 
946 
947 990 1115 
948 1877 
949 
950 
951 1187 
952 
953 
954 
955 
956 
957 
958 
959 
960 
961 
962 1611 
963 1180 
964 1026 1384 
965 
966 1598 
967 
968 1219 
969 
970 
971 
972 1725 
973 
974 
975 1102 
976 1746 
977 
978 983 987 
979 
980 
981 
982 1326 
983 
984 
985 1209 
986 
987 
988 
989 
990 
991 
992 
993 
994 
995 
996 
997 
998 
999 
1000 1014 1888 1896 
1001 1049 1116 1268 1828 1888 
1002 1018 1321 1690 
1003 
1004 1555 1572 1981 
1005 1506 1771 
1006 1082 1529 1756 
1007 
1008 1514 1743 
1009 1368 1562 1574 1907 
1010 1220 1697 
1011 1165 1849 
1012 1694 1869 1972 
1013 1363 1470 1732 1985 1986 
1014 1110 1284 1348 1470 1854 
1015 1631 
1016 1038 1905 1912 
1017 1655 1856 
1018 1397 1525 
1019 1035 1934 1997 
1020 1815 1976 
1021 1215 
1022 1157 1425 1488 
1023 1244 1384 1463 1504 1552 
1024 1574 1658 1768 
1025 1326 1917 1927 
1026 1085 1126 
1027 1334 1625 1746 1884 
1028 1037 1437 1842 
1029 1150 1340 1405 1564 
1030 1471 1524 1721 1793 1803 1930 
1031 1901 
1032 1048 1067 1433 1692 1866 
1033 1625 
1034 
1035 1294 1329 1386 1667 1702 1878 
1036 1199 
1037 1052 1349 1946 
1038 1190 1245 1972 
1039 1432 1475 1534 
1040 1696 1846 
1041 1449 1523 1719 
1042 1091 1347 1574 1726 
1043 1355 1465 1495 
1044 1174 1243 1733 1808 
1045 1990 
1046 1313 1639 1723 
1047 1156 1341 
1048 1345 1536 
1049 1051 1483 1883 
1050 1555 
1051 1187 1288 1301 1892 
1052 1486 1591 1842 1878 
1053 1138 1363 1410 1513 1754 
1054 1091 1172 1864 
1055 
1056 1105 1191 1440 1733 
1057 1523 1881 1885 
1058 1091 1147 1417 1781 1788 
1059 1189 1461 1748 
1060 
1061 1320 1610 1623 
1062 1083 1206 1563 1572 
1063 1987 1990 
1064 1080 1463 
1065 1373 1518 1684 1882 
1066 1482 
1067 1916 
1068 1550 
1069 1112 1113 1205 1502 1535 1959 
1070 1170 1217 1361 1541 
1071 1107 1875 
1072 1146 1402 1622 1652 
1073 1687 1977 
1074 1220 1339 1869 1900 
1075 1162 1575 1982 
1076 1103 1543 
1077 1224 1384 1469 1504 1570 1651 1787 
1078 1347 1868 1870 
1079 1273 1425 1504 1660 1700 
1080 1527 1930 
1081 1268 1564 1739 1928 
1082 1320 1531 1957 
1083 1474 1647 1966 
1084 1097 1307 1383 1760 
1085 1603 1869 
1086 1192 1339 
1087 1203 1478 1526 1871 1908 1983 
1088 1902 1916 1917 
1089 1236 1438 1625 
1090 1158 1396 1404 1483 
1091 1714 1775 
1092 1152 1586 
1093 1216 1347 1441 1497 
1094 1346 
1095 1212 1256 1764 1831 1845 
1096 1223 1932 
1097 1261 
1098 1260 1615 1809 1956 
1099 1319 1437 1565 1624 
1100 1274 1417 
1101 1571 1782 
1102 1495 1870 1944 
1103 
1104 1153 1177 1178 1618 1651 1773 
1105 1267 1664 
1106 
1107 1653 1807 
1108 1303 1333 1643 1734 1803 
1109 1253 
1110 
1111 1186 1439 1925 
1112 1732 
1113 1195 1216 1988 
1114 1852 
1115 1509 1642 1780 
1116 1329 1469 
1117 1153 1474 1479 1542 1733 
1118 1427 
1119 1359 1470 1479 
1120 1207 1655 1856 1981 1982 
1121 1943 
1122 1210 1917 
1123 
1124 1547 1676 1809 
1125 1269 1485 1585 1643 
1126 1683 
1127 1386 1810 1979 
1128 1465 
1129 1195 1362 1391 1393 1705 
1130 1663 
1131 1176 1207 1384 1522 1694 1765 
1132 1277 1374 1742 
1133 1316 1840 
1134 1347 1502 1513 
1135 1143 1174 
1136 1152 1233 1409 1741 
1137 1317 
1138 
1139 1441 
1140 1338 1610 1635 1649 
1141 1286 1683 
1142 
1143 1182 
1144 1541 
1145 1164 1981 1999 
1146 1241 1305 1350 1679 1785 
1147 1347 1513 1704 1839 1940 
1148 1493 1912 
1149 1459 1553 1642 1762 
1150 1257 1556 1988 
1151 1172 1284 1302 1385 1401 1503 
1152 1369 1427 1590 
1153 1172 1293 1791 
1154 1487 1917 
1155 1437 1587 1604 1912 
1156 1436 
1157 
1158 
1159 1205 1538 1750 
1160 1783 
1161 1679 1724 1840 
1162 1181 1403 1408 1885 1978 
1163 1215 1958 
1164 1386 1803 
1165 1215 1237 1330 1572 1615 1814 1960 
1166 1193 1667 
1167 1342 1978 
1168 1340 1623 1688 1773 1813 
1169 1294 1296 1370 1787 
1170 1315 1848 1911 1975 
1171 1523 1909 
1172 1187 1277 1470 1635 1821 1938 
1173 1827 1978 
1174 1337 1954 
1175 1242 1567 1639 1995 
1176 1375 1943 
1177 1330 1660 
1178 1257 1295 1625 
1179 1471 
1180 1186 1829 
1181 1226 1229 1478 
1182 1192 1290 1471 
1183 1962 1990 1995 
1184 1381 1439 1466 1579 1720 
1185 1459 
1186 1331 1671 1702 1768 
1187 1460 1481 1797 
1188 1458 1634 1711 1784 1796 1942 
1189 1616 1714 
1190 1365 1378 1528 1782 1814 
1191 1387 1389 1462 1703 
1192 1732 
1193 1504 
1194 1347 1416 1484 
1195 1672 
1196 
1197 1487 1970 
1198 1490 1618 
1199 1527 
1200 1201 1296 1467 1615 1679 1940 
1201 1334 1642 1828 1830 1848 1872 
1202 1827 1883 
1203 1338 1423 1455 
1204 1387 
1205 1297 
1206 1332 1396 1936 
1207 1255 1314 1341 1762 1793 
1208 1255 1694 
1209 1296 1516 1932 
1210 1253 1288 
1211 1707 
1212 
1213 1508 1656 1666 1897 1923 
1214 1286 1778 
1215 1233 
1216 1302 1658 1788 1843 
1217 1672 
1218 1541 1823 1882 1910 
1219 1229 1434 1595 1814 1817 
1220 1513 
1221 1549 1550 1588 1673 
1222 1750 1826 1868 
1223 1691 1943 
1224 1915 
1225 1394 1645 
1226 1997 
1227 1851 
1228 1904 
1229 1700 1985 
1230 1640 
1231 1307 1669 1826 
1232 1507 1928 
1233 
1234 1625 1817 
1235 1328 1782 
1236 1380 
1237 1627 
1238 1458 1516 1629 1904 1957 
1239 1379 
1240 1450 1625 1717 1727 1729 1997 
1241 1543 1833 
1242 1254 1607 1859 
1243 1388 1491 1775 1963 
1244 1426 1468 1498 1760 1865 1909 
1245 
1246 1735 
1247 1772 1965 
1248 1456 1536 1895 1941 
1249 1315 1378 1439 
1250 1371 1907 
1251 1469 1492 1553 
1252 1290 1488 1734 1900 
1253 1349 1810 
1254 1316 1565 1592 1770 
1255 1835 1886 
1256 1548 1745 1830 
1257 1798 1952 
1258 1386 
1259 1306 1540 
1260 1299 1848 
1261 1416 1809 
1262 1536 
1263 1535 1689 1920 1976 
1264 1319 1443 1480 
1265 1338 1699 
1266 1564 
1267 1313 1344 
1268 1484 1552 1930 
1269 1282 1486 1881 
1270 1669 1941 1946 
1271 1509 
1272 1499 1611 1612 1677 1704 
1273 1282 1476 
1274 1537 1847 
1275 1881 1906 
1276 1420 
1277 1702 1808 
1278 1546 1607 1620 
1279 1836 
1280 1359 1752 
1281 1734 
1282 1643 1725 1987 
1283 1692 1831 
1284 1888 1923 
1285 1636 
1286 1902 
1287 
1288 1419 1447 1493 
1289 1343 1489 1804 
1290 1506 1914 
1291 1396 
1292 1672 1825 
1293 1324 1428 
1294 1447 1988 
1295 1422 1456 1656 1770 
1296 1425 1628 1884 1915 
1297 
1298 
1299 1723 1964 
1300 1338 1427 
1301 1861 
1302 1307 1346 
1303 1636 1703 1909 
1304 1624 
1305 1320 1346 1908 
1306 1982 
1307 1396 
1308 1686 
1309 1481 
1310 1355 1500 
1311 1615 
1312 1817 
1313 1449 1639 
1314 1847 1862 1902 
1315 1400 1724 1835 1955 
1316 1670 
1317 1509 
1318 1488 
1319 
1320 1488 
1321 1829 
1322 1463 1520 
1323 1637 1775 1875 1892 1958 
1324 1567 1749 1881 
1325 
1326 1965 
1327 1506 1596 1945 
1328 1342 1914 
1329 1729 1735 
1330 
1331 1429 1454 1667 1773 
1332 1855 1875 
1333 
1334 1716 
1335 1440 
1336 1535 1619 1637 1647 
1337 1358 1505 1655 
1338 1353 1995 
1339 1572 1935 
1340 
1341 1530 1713 
1342 1370 1816 
1343 1367 1744 1748 
1344 1437 1480 1568 
1345 1469 1473 1646 1684 
1346 1732 1914 
1347 1691 1713 
1348 1380 1585 1790 1999 
1349 1375 
1350 1663 
1351 1608 1732 1805 1890 
1352 
1353 
1354 
1355 1519 1786 
1356 1771 1824 1825 1903 
1357 1480 1688 
1358 1530 1576 1631 1994 
1359 1889 
1360 1714 1879 
1361 1681 
1362 
1363 1934 
1364 1366 1443 1991 
1365 1900 
1366 1559 1966 
1367 1482 
1368 
1369 1528 1532 1659 
1370 1724 1775 1865 1876 1963 
1371 1822 
1372 1396 1462 1760 
1373 1426 
1374 1843 
1375 1689 
1376 1731 
1377 1748 
1378 1483 1911 
1379 1435 1839 
1380 1692 
1381 1563 1599 1636 1783 
1382 1925 
1383 1634 1670 
1384 
1385 1599 1741 1890 
1386 1994 
1387 1874 
1388 1571 1836 1896 
1389 
1390 1570 1686 1874 1930 
1391 1564 
1392 
1393 1417 
1394 1632 1654 1796 1802 
1395 1552 1981 
1396 
1397 1956 
1398 1631 1811 1822 1868 
1399 1932 
1400 1471 
1401 
1402 1882 
1403 1407 1458 1505 
1404 1834 
1405 1483 1659 1823 
1406 1454 1708 1963 
1407 1775 
1408 1695 
1409 1418 
1410 1568 1654 1768 
1411 1488 1675 
1412 1479 1988 
1413 1510 1763 
1414 1656 1746 1753 1808 1886 
1415 1426 1563 
1416 1460 1729 
1417 1563 1837 
1418 1430 1866 1985 
1419 
1420 1546 1640 
1421 1568 1721 
1422 1437 1462 1472 1917 
1423 1508 1598 1641 1813 
1424 1495 1971 
1425 1435 1575 1637 
1426 1473 1666 1797 
1427 1751 
1428 1607 1683 
1429 1445 1574 1800 1968 
1430 1638 1995 
1431 1651 
1432 1437 1532 1590 1680 1762 1910 
1433 1690 1899 
1434 1906 
1435 1452 1718 
1436 1984 
1437 1602 1848 
1438 1815 1887 
1439 1512 1973 
1440 1875 
1441 1782 
1442 1695 
1443 1490 1828 
1444 1752 1974 
1445 1734 1892 
1446 1687 1746 1944 
1447 1534 1607 1941 
1448 
1449 
1450 
1451 1480 
1452 1650 1657 
1453 1979 
1454 1969 
1455 1643 
1456 1706 
1457 1591 1680 
1458 1654 
1459 1523 1854 
1460 1806 1974 
1461 
1462 1465 
1463 1477 1616 1695 1940 
1464 1535 1560 
1465 1635 1712 
1466 1528 1699 
1467 
1468 1502 1889 
1469 1510 1549 1962 
1470 1753 1856 
1471 1869 1880 
1472 1731 1798 
1473 1824 
1474 1595 
1475 1655 1687 1894 1903 
1476 1479 
1477 1516 1545 1792 
1478 1792 
1479 1485 1763 
1480 1842 1887 
1481 
1482 1750 
1483 
1484 1493 1600 
1485 1583 1642 1733 
1486 1600 
1487 
1488 
1489 
1490 1496 
1491 1950 
1492 1585 1600 1631 1763 1849 
1493 1774 
1494 1923 
1495 1884 
1496 1548 1618 1688 1915 1982 
1497 1809 
1498 1505 1668 1874 1957 
1499 1699 
1500 1531 1685 1752 1767 
1501 1969 
1502 1935 
1503 1609 1906 1934 
1504 
1505 1538 1651 
1506 1544 1752 1876 
1507 1511 1537 
1508 
1509 1615 1807 
1510 1794 
1511 1674 
1512 
1513 1516 1557 
1514 
1515 1931 
1516 1549 1875 1998 
1517 
1518 
1519 1868 
1520 1686 1967 
1521 1580 1643 1775 1861 1941 
1522 1549 
1523 
1524 
1525 1528 1929 
1526 1636 1680 1713 
1527 1545 1589 1909 
1528 
1529 1666 1990 
1530 
1531 
1532 
1533 1771 
1534 1535 1982 
1535 1804 
1536 1680 
1537 1896 
1538 1885 1925 
1539 1890 
1540 1709 
1541 1622 1781 
1542 
1543 1872 1895 
1544 1556 1573 1771 
1545 1618 1704 1831 
1546 1750 1829 1852 
1547 1910 
1548 1693 
1549 1815 1921 
1550 1956 
1551 1563 1916 1977 
1552 1630 1780 1804 
1553 1968 
1554 1717 
1555 
1556 1622 1714 
1557 1785 1831 
1558 1863 1870 
1559 1669 1852 
1560 1676 1699 1711 
1561 1643 1796 1805 
1562 1586 1867 
1563 
1564 
1565 
1566 1756 
1567 
1568 
1569 
1570 1614 
1571 1692 
1572 1616 
1573 1631 1989 
1574 1774 1829 
1575 1802 
1576 1723 
1577 1754 1816 
1578 
1579 1779 
1580 1971 
1581 
1582 1609 1739 
1583 1728 1924 1942 
1584 1639 1683 
1585 1843 
1586 
1587 1906 
1588 1752 
1589 1833 
1590 1928 
1591 1880 
1592 1691 
1593 1697 1796 
1594 1618 1737 1770 1850 
1595 1801 
1596 1615 
1597 
1598 
1599 
1600 
1601 
1602 1837 
1603 
1604 1849 
1605 1732 1932 
1606 
1607 1619 
1608 1866 
1609 
1610 1654 1675 
1611 
1612 
1613 1882 1981 
1614 
1615 
1616 1728 1857 
1617 
1618 
1619 1780 
1620 1847 1964 
1621 1769 1924 
1622 1855 1940 
1623 1758 1831 
1624 
1625 1663 
1626 
1627 
1628 
1629 1952 
1630 
1631 1939 
1632 1740 1775 1807 
1633 1825 
1634 
1635 
1636 
1637 1967 
1638 1681 1741 1915 1940 
1639 1713 
1640 1728 
1641 1965 
1642 1942 
1643 
1644 1745 
1645 
1646 
1647 
1648 
1649 1880 
1650 
1651 1706 1974 
1652 1656 
1653 
1654 1693 
1655 
1656 
1657 1811 
1658 1719 1828 1986 
1659 1875 
1660 1833 1853 
1661 1689 
1662 
1663 1931 
1664 
1665 1770 
1666 1840 1875 
1667 1739 1990 
1668 
1669 1982 
1670 1823 
1671 1751 
1672 1714 1716 
1673 
1674 
1675 
1676 1884 1961 
1677 1696 
1678 1704 1899 
1679 1977 
1680 
1681 1785 1960 
1682 
1683 
1684 1714 
1685 1818 
1686 1843 1872 
1687 
1688 1941 1992 
1689 
1690 
1691 
1692 1702 
1693 
1694 1831 
1695 1702 1796 1993 
1696 1801 
1697 
1698 1805 
1699 1753 1864 
1700 1890 
1701 1911 
1702 1741 
1703 
1704 1770 1991 
1705 1818 
1706 1753 
1707 
1708 1815 1929 
1709 1765 
1710 1927 
1711 1862 
1712 
1713 
1714 1760 1764 
1715 1969 
1716 1826 
1717 1852 
1718 1754 
1719 
1720 
1721 1805 
1722 1745 
1723 1954 
1724 1792 
1725 1903 
1726 
1727 
1728 1915 
1729 1882 
1730 
1731 1865 1881 1892 
1732 
1733 
1734 1737 1950 
1735 1789 1895 
1736 1766 
1737 
1738 1744 1764 1869 
1739 1901 
1740 
1741 
1742 
1743 
1744 1833 
1745 
1746 1961 
1747 1777 
1748 
1749 1889 
1750 
1751 
1752 1771 
1753 
1754 1916 
1755 1888 
1756 1798 1858 
1757 
1758 
1759 
1760 1763 
1761 
1762 
1763 
1764 1963 
1765 
1766 1819 1911 
1767 
1768 
1769 
1770 1971 
1771 1898 1979 
1772 1830 
1773 1786 
1774 1847 
1775 
1776 1875 
1777 1817 1882 
1778 
1779 
1780 1977 
1781 
1782 1857 
1783 
1784 
1785 
1786 1818 1969 
1787 
1788 1818 
1789 
1790 1987 
1791 
1792 
1793 
1794 1799 
1795 1868 
1796 1923 1985 
1797 1865 1926 
1798 
1799 
1800 
1801 
1802 1817 1925 
1803 
1804 1841 
1805 1934 
1806 
1807 
1808 
1809 
1810 1898 
1811 
1812 1827 1964 
1813 1824 
1814 
1815 
1816 1922 
1817 
1818 1876 
1819 1938 1986 
1820 1833 
1821 1911 
1822 1920 1961 
1823 
1824 
1825 
1826 1971 
1827 
1828 1829 1979 
1829 
1830 
1831 1852 1983 
1832 1951 
1833 1899 
1834 
1835 
1836 1874 1899 
1837 
1838 
1839 
1840 1959 
1841 
1842 
1843 
1844 
1845 
1846 1942 
1847 1857 
1848 
1849 
1850 
1851 
1852 
1853 1925 1962 
1854 
1855 
1856 
1857 
1858 
1859 1943 
1860 
1861 1871 
1862 
1863 
1864 1927 
1865 
1866 
1867 
1868 
1869 
1870 1876 
1871 
1872 
1873 1879 1914 
1874 
1875 1902 
1876 1898 1973 
1877 1946 
1878 
1879 
1880 
1881 1990 
1882 
1883 1884 1903 1926 
1884 
1885 1935 
1886 
1887 1955 1992 
1888 
1889 
1890 
1891 
1892 
1893 1971 
1894 
1895 1904 
1896 1971 
1897 
1898 
1899 
1900 
1901 1909 
1902 
1903 
1904 
1905 
1906 
1907 
1908 
1909 1991 
1910 
1911 
1912 1995 
1913 
1914 
1915 1957 
1916 1964 
1917 
1918 
1919 
1920 
1921 1989 
1922 1949 
1923 
1924 
1925 
1926 
1927 1963 
1928 
1929 
1930 
1931 
1932 
1933 
1934 1970 
1935 
1936 
1937 
1938 1947 
1939 
1940 
1941 
1942 
1943 
1944 
1945 
1946 
1947 
1948 1995 
1949 
1950 
1951 1964 
1952 
1953 1990 
1954 
1955 
1956 1967 
1957 1986 
1958 
1959 
1960 
1961 
1962 
1963 
1964 
1965 
1966 
1967 
1968 
1969 
1970 
1971 
1972 
1973 
1974 
1975 
1976 1996 
1977 
1978 
1979 
1980 
1981 
1982 
1983 
1984 
1985 
1986 
1987 
1988 
1989 
1990 
1991 
1992 
1993 
1994 
1995 
1996 
1997 
1998 
1999 
[0, 0, 0, 0, 0, 0, 0, 0, 0, 0, 0, 0, 0, 0, 0, 0, 0, 0, 0, 0, 0, 0, 0, 0, 0, 0, 0, 0, 0, 0, 0, 0, 0, 0, 0, 0, 0, 0, 0, 0, 0, 0, 0, 0, 0, 0, 0, 0, 0, 0, 0, 0, 0, 0, 0, 0, 0, 0, 0, 0, 0, 0, 0, 0, 0, 0, 0, 0, 0, 0, 0, 0, 0, 0, 0, 0, 0, 0, 0, 0, 0, 0, 0, 0, 0, 0, 0, 0, 0, 0, 0, 0, 0, 0, 0, 0, 0, 0, 0, 0, 0, 0, 0, 0, 0, 0, 0, 0, 0, 0, 0, 0, 0, 0, 0, 0, 0, 0, 0, 0, 0, 0, 0, 0, 0, 0, 0, 0, 0, 0, 0, 0, 0, 0, 0, 0, 0, 0, 0, 0, 0, 0, 0, 0, 0, 0, 0, 0, 0, 0, 0, 0, 0, 0, 0, 0, 0, 0, 0, 0, 0, 0, 0, 0, 0, 0, 0, 0, 0, 0, 0, 0, 0, 0, 0, 0, 0, 0, 0, 0, 0, 0, 0, 0, 0, 0, 0, 0, 0, 0, 0, 0, 0, 0, 0, 0, 0, 0, 0, 0, 0, 0, 0, 0, 0, 0, 0, 0, 0, 0, 0, 0, 0, 0, 0, 0, 0, 0, 0, 0, 0, 0, 0, 0, 0, 0, 0, 0, 0, 0, 0, 0, 0, 0, 0, 0, 0, 0, 0, 0, 0, 0, 0, 0, 0, 0, 0, 0, 0, 0, 0, 0, 0, 0, 0, 0, 0, 0, 0, 0, 0, 0, 0, 0, 0, 0, 0, 0, 0, 0, 0, 0, 0, 0, 0, 0, 0, 0, 0, 0, 0, 0, 0, 0, 0, 0, 0, 0, 0, 0, 0, 0, 0, 0, 0, 0, 0, 0, 0, 0, 0, 0, 0, 0, 0, 0, 0, 0, 0, 0, 0, 0, 0, 0, 0, 0, 0, 0, 0, 0, 0, 0, 0, 0, 0, 0, 0, 0, 0, 0, 0, 0, 0, 0, 0, 0, 0, 0, 0, 0, 0, 0, 0, 0, 0, 0, 0, 0, 0, 0, 0, 0, 0, 0, 0, 0, 0, 0, 0, 0, 0, 0, 0, 0, 0, 0, 0, 0, 0, 0, 0, 0, 0, 0, 0, 0, 0, 0, 0, 0, 0, 0, 0, 0, 0, 0, 0, 0, 0, 0, 0, 0, 0, 0, 0, 0, 0, 0, 0, 0, 0, 0, 0, 0, 0, 0, 0, 0, 0, 0, 0, 0, 0, 0, 0, 0, 0, 0, 0, 0, 0, 0, 0, 0, 0, 0, 0, 0, 0, 0, 0, 0, 0, 0, 0, 0, 0, 0, 0, 0, 0, 0, 0, 0, 0, 0, 0, 0, 0, 0, 0, 0, 0, 0, 0, 0, 0, 0, 0, 0, 0, 0, 0, 0, 0, 0, 0, 0, 0, 0, 0, 0, 0, 0, 0, 0, 0, 0, 0, 0, 0, 0, 0, 0, 0, 0, 0, 0, 0, 0, 0, 0, 0, 0, 0, 0, 0, 0, 0, 0, 0, 0, 0, 0, 0, 0, 0, 0, 0, 0, 0, 0, 0, 0, 0, 0, 0, 0, 0, 0, 0, 0, 0, 0, 0, 0, 0, 0, 0, 0, 0, 0, 0, 0, 0, 0, 0, 0, 0, 0, 0, 0, 0, 0, 0, 0, 0, 0, 0, 0, 0, 0, 0, 0, 0, 0, 0, 0, 0, 0, 0, 0, 0, 0, 0, 0, 0, 0, 0, 0, 0, 0, 0, 0, 0, 0, 0, 0, 0, 0, 0, 0, 0, 0, 0, 0, 0, 0, 0, 0, 0, 0, 0, 0, 0, 0, 0, 0, 0, 0, 0, 0, 0, 0, 0, 0, 0, 0, 0, 0, 0, 0, 0, 0, 0, 0, 0, 0, 0, 0, 0, 0, 0, 0, 0, 0, 0, 0, 0, 0, 0, 0, 0, 0, 0, 0, 0, 0, 0, 0, 0, 0, 0, 0, 0, 0, 0, 0, 0, 0, 0, 0, 0, 0, 0, 0, 0, 0, 0, 0, 0, 0, 0, 0, 0, 0, 0, 0, 0, 0, 0, 0, 0, 0, 0, 0, 0, 0, 0, 0, 0, 0, 0, 0, 0, 0, 0, 0, 0, 0, 0, 0, 0, 0, 0, 0, 0, 0, 0, 0, 0, 0, 0, 0, 0, 0, 0, 0, 0, 0, 0, 0, 0, 0, 0, 0, 0, 0, 0, 0, 0, 0, 0, 0, 0, 0, 0, 0, 0, 0, 0, 0, 0, 0, 0, 0, 0, 0, 0, 0, 0, 0, 0, 0, 0, 0, 0, 0, 0, 0, 0, 0, 0, 0, 0, 0, 0, 0, 0, 0, 0, 0, 0, 0, 0, 0, 0, 0, 0, 0, 0, 0, 0, 0, 0, 0, 0, 0, 0, 0, 0, 0, 0, 0, 0, 0, 0, 0, 0, 0, 0, 0, 0, 0, 0, 0, 0, 0, 0, 0, 0, 0, 0, 0, 0, 0, 0, 0, 0, 0, 0, 0, 0, 0, 0, 0, 0, 0, 0, 0, 0, 0, 0, 0, 0, 0, 0, 0, 0, 0, 0, 0, 0, 0, 0, 0, 0, 0, 0, 0, 0, 0, 0, 0, 0, 0, 0, 0, 0, 0, 0, 0, 0, 0, 0, 0, 0, 0, 0, 0, 0, 0, 0, 0, 0, 0, 0, 0, 0, 0, 0, 0, 0, 0, 0, 0, 0, 0, 0, 0, 0, 0, 0, 0, 0, 0, 0, 0, 0, 0, 0, 0, 0, 0, 0, 0, 0, 0, 0, 0, 0, 0, 0, 0, 0, 0, 0, 0, 0, 0, 0, 0, 0, 0, 0, 0, 0, 0, 0, 0, 0, 0, 0, 0, 0, 0, 0, 0, 0, 0, 0, 0, 0, 0, 0, 0, 0, 0, 0, 0, 0, 0, 0, 0, 0, 0, 0, 0, 0, 0, 0, 0, 0, 0, 0, 0, 0, 0, 0, 0, 0, 0, 0, 0, 0, 0, 0, 0, 0, 0, 0, 0, 0, 0, 0, 0, 0, 0, 0, 0, 0, 0, 0, 0, 0, 0, 0, 0, 0, 0, 0, 0, 0, 0, 0, 0, 0, 0, 0, 0, 1, 1, 1, 1, 1, 1, 1, 1, 1, 1, 1, 1, 1, 1, 1, 1, 1, 1, 1, 1, 1, 1, 1, 1, 1, 1, 1, 1, 1, 1, 1, 1, 1, 1, 1, 1, 1, 1, 1, 1, 1, 1, 1, 1, 1, 1, 1, 1, 1, 1, 1, 1, 1, 1, 1, 1, 1, 1, 1, 1, 1, 1, 1, 1, 1, 1, 1, 1, 1, 1, 1, 1, 1, 1, 1, 1, 1, 1, 1, 1, 1, 1, 1, 1, 1, 1, 1, 1, 1, 1, 1, 1, 1, 1, 1, 1, 1, 1, 1, 1, 1, 1, 1, 1, 1, 1, 1, 1, 1, 1, 1, 1, 1, 1, 1, 1, 1, 1, 1, 1, 1, 1, 1, 1, 1, 1, 1, 1, 1, 1, 1, 1, 1, 1, 1, 1, 1, 1, 1, 1, 1, 1, 1, 1, 1, 1, 1, 1, 1, 1, 1, 1, 1, 1, 1, 1, 1, 1, 1, 1, 1, 1, 1, 1, 1, 1, 1, 1, 1, 1, 1, 1, 1, 1, 1, 1, 1, 1, 1, 1, 1, 1, 1, 1, 1, 1, 1, 1, 1, 1, 1, 1, 1, 1, 1, 1, 1, 1, 1, 1, 1, 1, 1, 1, 1, 1, 1, 1, 1, 1, 1, 1, 1, 1, 1, 1, 1, 1, 1, 1, 1, 1, 1, 1, 1, 1, 1, 1, 1, 1, 1, 1, 1, 1, 1, 1, 1, 1, 1, 1, 1, 1, 1, 1, 1, 1, 1, 1, 1, 1, 1, 1, 1, 1, 1, 1, 1, 1, 1, 1, 1, 1, 1, 1, 1, 1, 1, 1, 1, 1, 1, 1, 1, 1, 1, 1, 1, 1, 1, 1, 1, 1, 1, 1, 1, 1, 1, 1, 1, 1, 1, 1, 1, 1, 1, 1, 1, 1, 1, 1, 1, 1, 1, 1, 1, 1, 1, 1, 1, 1, 1, 1, 1, 1, 1, 1, 1, 1, 1, 1, 1, 1, 1, 1, 1, 1, 1, 1, 1, 1, 1, 1, 1, 1, 1, 1, 1, 1, 1, 1, 1, 1, 1, 1, 1, 1, 1, 1, 1, 1, 1, 1, 1, 1, 1, 1, 1, 1, 1, 1, 1, 1, 1, 1, 1, 1, 1, 1, 1, 1, 1, 1, 1, 1, 1, 1, 1, 1, 1, 1, 1, 1, 1, 1, 1, 1, 1, 1, 1, 1, 1, 1, 1, 1, 1, 1, 1, 1, 1, 1, 1, 1, 1, 1, 1, 1, 1, 1, 1, 1, 1, 1, 1, 1, 1, 1, 1, 1, 1, 1, 1, 1, 1, 1, 1, 1, 1, 1, 1, 1, 1, 1, 1, 1, 1, 1, 1, 1, 1, 1, 1, 1, 1, 1, 1, 1, 1, 1, 1, 1, 1, 1, 1, 1, 1, 1, 1, 1, 1, 1, 1, 1, 1, 1, 1, 1, 1, 1, 1, 1, 1, 1, 1, 1, 1, 1, 1, 1, 1, 1, 1, 1, 1, 1, 1, 1, 1, 1, 1, 1, 1, 1, 1, 1, 1, 1, 1, 1, 1, 1, 1, 1, 1, 1, 1, 1, 1, 1, 1, 1, 1, 1, 1, 1, 1, 1, 1, 1, 1, 1, 1, 1, 1, 1, 1, 1, 1, 1, 1, 1, 1, 1, 1, 1, 1, 1, 1, 1, 1, 1, 1, 1, 1, 1, 1, 1, 1, 1, 1, 1, 1, 1, 1, 1, 1, 1, 1, 1, 1, 1, 1, 1, 1, 1, 1, 1, 1, 1, 1, 1, 1, 1, 1, 1, 1, 1, 1, 1, 1, 1, 1, 1, 1, 1, 1, 1, 1, 1, 1, 1, 1, 1, 1, 1, 1, 1, 1, 1, 1, 1, 1, 1, 1, 1, 1, 1, 1, 1, 1, 1, 1, 1, 1, 1, 1, 1, 1, 1, 1, 1, 1, 1, 1, 1, 1, 1, 1, 1, 1, 1, 1, 1, 1, 1, 1, 1, 1, 1, 1, 1, 1, 1, 1, 1, 1, 1, 1, 1, 1, 1, 1, 1, 1, 1, 1, 1, 1, 1, 1, 1, 1, 1, 1, 1, 1, 1, 1, 1, 1, 1, 1, 1, 1, 1, 1, 1, 1, 1, 1, 1, 1, 1, 1, 1, 1, 1, 1, 1, 1, 1, 1, 1, 1, 1, 1, 1, 1, 1, 1, 1, 1, 1, 1, 1, 1, 1, 1, 1, 1, 1, 1, 1, 1, 1, 1, 1, 1, 1, 1, 1, 1, 1, 1, 1, 1, 1, 1, 1, 1, 1, 1, 1, 1, 1, 1, 1, 1, 1, 1, 1, 1, 1, 1, 1, 1, 1, 1, 1, 1, 1, 1, 1, 1, 1, 1, 1, 1, 1, 1, 1, 1, 1, 1, 1, 1, 1, 1, 1, 1, 1, 1, 1, 1, 1, 1, 1, 1, 1, 1, 1, 1, 1, 1, 1, 1, 1, 1, 1, 1, 1, 1, 1, 1, 1, 1, 1, 1, 1, 1, 1, 1, 1, 1, 1, 1, 1, 1, 1, 1, 1, 1, 1, 1, 1, 1, 1, 1, 1, 1, 1, 1, 1, 1, 1, 1, 1, 1, 1, 1, 1, 1, 1, 1, 1, 1, 1, 1, 1, 1, 1, 1, 1, 1, 1, 1, 1, 1, 1, 1, 1, 1, 1, 1, 1, 1, 1, 1, 1, 1, 1, 1, 1, 1, 1, 1, 1, 1, 1, 1, 1, 1, 1, 1, 1, 1, 1, 1, 1, 1, 1, 1, 1, 1, 1, 1, 1, 1, 1, 1, 1, 1, 1, 1, 1, 1, 1, 1, 1, 1, 1, 1, 1, 1, 1, 1, 1, 1, 1, 1, 1, 1, 1, 1, 1, 1, 1, 1, 1, 1, 1, 1, 1, 1, 1, 1, 1, 1, 1, 1, 1, 1, 1, 1, 1, 1, 1, 1, 1, 1, 1, 1, 1, 1, 1, 1, 1, 1, 1, 1, 1, 1, 1, 1, 1, 1, 1, 1, 1, 1, 1, 1, 1, 1, 1, 1, 1, 1, 1, 1, 1, 1, 1, 1, 1, 1, 1, 1, 1, 1, 1, 1, 1, 1, 1, 1, 1, 1, 1, 1, 1, 1, 1, 1, 1, 1, 1, 1, 1, 1, 1]