0 16 
1 
2 65 91 
3 122 
4 
5 
6 21 
7 19 80 
8 198 
9 43 49 
10 83 
11 
12 89 
13 36 
14 71 
15 97 
16 88 93 
17 19 53 147 
18 
19 
20 
21 
22 
23 
24 37 
25 
26 63 
27 34 
28 48 
29 
30 
31 70 94 
32 78 
33 47 
34 81 
35 
36 
37 62 75 
38 
39 
40 
41 
42 
43 69 
44 
45 80 
46 75 
47 
48 
49 
50 
51 
52 
53 97 
54 
55 
56 
57 
58 100 
59 170 
60 78 
61 
62 97 
63 
64 
65 
66 
67 
68 92 
69 
70 168 
71 
72 
73 
74 
75 
76 
77 88 89 
78 
79 
80 
81 
82 
83 
84 
85 
86 
87 
88 
89 
90 
91 
92 142 
93 
94 
95 181 
96 
97 
98 
99 
100 
101 160 
102 154 
103 
104 
105 
106 151 169 
107 189 
108 177 197 
109 133 
110 
111 
112 128 
113 129 
114 125 161 
115 
116 122 
117 182 186 
118 
119 
120 
121 
122 
123 174 
124 
125 164 
126 190 
127 
128 
129 
130 175 
131 185 198 
132 
133 166 
134 
135 
136 137 
137 176 
138 
139 195 
140 
141 
142 
143 189 
144 145 
145 
146 
147 
148 149 
149 160 
150 
151 190 
152 
153 
154 
155 171 194 
156 187 
157 
158 
159 181 
160 
161 186 192 
162 
163 
164 
165 177 192 
166 
167 
168 175 
169 
170 198 
171 
172 
173 
174 
175 190 
176 
177 190 
178 
179 185 
180 
181 
182 
183 
184 
185 
186 
187 189 
188 
189 
190 
191 
192 
193 
194 
195 
196 
197 
198 
199 
[0, 0, 0, 0, 0, 0, 0, 0, 0, 0, 0, 0, 0, 0, 0, 0, 0, 0, 0, 0, 0, 0, 0, 0, 0, 0, 0, 0, 0, 0, 0, 0, 0, 0, 0, 0, 0, 0, 0, 0, 0, 0, 0, 0, 0, 0, 0, 0, 0, 0, 0, 0, 0, 0, 0, 0, 0, 0, 0, 0, 0, 0, 0, 0, 0, 0, 0, 0, 0, 0, 0, 0, 0, 0, 0, 0, 0, 0, 0, 0, 0, 0, 0, 0, 0, 0, 0, 0, 0, 0, 0, 0, 0, 0, 0, 0, 0, 0, 0, 0, 1, 1, 1, 1, 1, 1, 1, 1, 1, 1, 1, 1, 1, 1, 1, 1, 1, 1, 1, 1, 1, 1, 1, 1, 1, 1, 1, 1, 1, 1, 1, 1, 1, 1, 1, 1, 1, 1, 1, 1, 1, 1, 1, 1, 1, 1, 1, 1, 1, 1, 1, 1, 1, 1, 1, 1, 1, 1, 1, 1, 1, 1, 1, 1, 1, 1, 1, 1, 1, 1, 1, 1, 1, 1, 1, 1, 1, 1, 1, 1, 1, 1, 1, 1, 1, 1, 1, 1, 1, 1, 1, 1, 1, 1, 1, 1, 1, 1, 1, 1]