0 1 49 63 65 93 
1 14 36 46 51 
2 20 27 33 57 132 
3 4 39 60 
4 17 30 
5 36 65 
6 13 20 28 43 
7 
8 30 
9 30 60 64 75 140 
10 38 54 65 
11 31 44 
12 33 57 
13 76 192 
14 45 52 86 
15 
16 38 44 63 
17 
18 61 64 
19 28 65 
20 45 78 
21 25 34 
22 24 25 72 
23 59 123 
24 37 52 
25 
26 30 35 53 113 
27 30 43 44 62 141 
28 57 
29 56 
30 42 43 45 62 89 168 
31 58 
32 45 141 
33 188 
34 
35 178 
36 37 61 
37 53 154 
38 42 43 
39 64 
40 46 74 
41 115 
42 46 56 58 148 
43 72 197 
44 131 
45 46 60 152 192 
46 
47 
48 
49 57 62 167 
50 
51 63 
52 63 
53 62 64 
54 59 65 
55 63 
56 149 167 
57 123 
58 
59 
60 128 
61 91 169 
62 126 155 
63 
64 
65 109 
66 76 118 122 
67 91 151 
68 86 127 
69 92 
70 80 88 93 101 107 129 149 
71 157 
72 82 88 
73 86 108 114 120 
74 103 106 
75 87 94 95 101 110 118 149 
76 92 109 117 121 124 127 
77 102 119 
78 
79 117 123 
80 89 101 107 119 
81 87 88 
82 
83 85 108 129 
84 107 112 
85 100 129 
86 
87 111 
88 
89 
90 110 144 
91 102 110 
92 111 114 150 
93 107 127 
94 102 107 
95 115 139 
96 
97 110 180 
98 119 
99 130 
100 103 111 
101 119 168 
102 134 
103 119 
104 
105 117 131 
106 107 114 118 119 175 
107 109 
108 109 111 135 
109 177 
110 111 
111 123 
112 
113 172 
114 122 190 
115 121 
116 
117 189 
118 
119 
120 
121 
122 
123 
124 151 
125 127 
126 130 
127 
128 184 
129 
130 
131 
132 177 
133 157 159 162 167 184 
134 137 
135 149 150 
136 
137 141 157 
138 160 194 
139 158 187 191 
140 155 162 170 186 
141 154 160 161 165 
142 176 178 180 
143 150 189 
144 167 172 196 
145 180 
146 
147 150 191 
148 159 
149 
150 152 159 
151 167 171 
152 171 193 
153 
154 182 191 
155 162 167 188 
156 
157 161 180 195 
158 170 176 
159 
160 162 
161 168 
162 
163 166 185 
164 
165 175 197 
166 179 188 
167 179 183 
168 170 172 
169 
170 171 188 192 
171 191 192 
172 181 
173 194 
174 
175 178 187 191 
176 178 
177 193 194 
178 
179 190 
180 
181 182 
182 
183 
184 
185 
186 196 197 
187 
188 
189 193 
190 196 
191 
192 196 
193 
194 
195 
196 
197 
[0, 0, 0, 0, 0, 0, 0, 0, 0, 0, 0, 0, 0, 0, 0, 0, 0, 0, 0, 0, 0, 0, 0, 0, 0, 0, 0, 0, 0, 0, 0, 0, 0, 0, 0, 0, 0, 0, 0, 0, 0, 0, 0, 0, 0, 0, 0, 0, 0, 0, 0, 0, 0, 0, 0, 0, 0, 0, 0, 0, 0, 0, 0, 0, 0, 0, 1, 1, 1, 1, 1, 1, 1, 1, 1, 1, 1, 1, 1, 1, 1, 1, 1, 1, 1, 1, 1, 1, 1, 1, 1, 1, 1, 1, 1, 1, 1, 1, 1, 1, 1, 1, 1, 1, 1, 1, 1, 1, 1, 1, 1, 1, 1, 1, 1, 1, 1, 1, 1, 1, 1, 1, 1, 1, 1, 1, 1, 1, 1, 1, 1, 1, 2, 2, 2, 2, 2, 2, 2, 2, 2, 2, 2, 2, 2, 2, 2, 2, 2, 2, 2, 2, 2, 2, 2, 2, 2, 2, 2, 2, 2, 2, 2, 2, 2, 2, 2, 2, 2, 2, 2, 2, 2, 2, 2, 2, 2, 2, 2, 2, 2, 2, 2, 2, 2, 2, 2, 2, 2, 2, 2, 2, 2, 2, 2, 2, 2, 2]