0 162 
1 65 
2 37 
3 6 16 192 
4 14 58 
5 40 54 59 
6 14 149 178 
7 60 
8 13 28 62 
9 58 
10 32 114 
11 56 61 62 63 
12 166 
13 28 47 
14 47 
15 56 59 
16 63 
17 19 41 
18 27 63 
19 45 
20 
21 46 65 
22 157 
23 29 46 
24 26 27 48 
25 
26 61 
27 139 
28 38 90 
29 37 104 
30 102 183 
31 44 50 74 
32 47 90 115 118 
33 
34 
35 43 173 
36 48 
37 44 64 
38 107 
39 
40 54 61 
41 47 
42 55 
43 
44 
45 65 
46 52 150 
47 
48 49 98 
49 60 62 
50 57 90 
51 
52 
53 
54 58 
55 
56 
57 
58 63 
59 
60 
61 
62 
63 
64 168 
65 
66 102 125 
67 
68 113 177 
69 81 119 
70 158 
71 
72 87 
73 80 86 100 125 131 
74 93 99 126 
75 100 101 
76 102 
77 90 165 
78 97 107 124 141 
79 90 
80 87 88 97 125 
81 96 112 155 
82 105 110 115 117 121 
83 96 99 
84 
85 127 
86 97 116 123 
87 103 105 128 
88 
89 95 125 
90 94 
91 
92 109 195 
93 96 113 123 
94 152 
95 98 116 125 
96 
97 122 
98 
99 105 
100 113 
101 129 
102 114 120 131 
103 
104 109 
105 109 
106 129 
107 
108 114 
109 
110 
111 
112 147 
113 
114 
115 192 
116 119 
117 
118 125 138 
119 121 187 
120 131 
121 
122 
123 
124 
125 
126 
127 
128 
129 
130 
131 
132 157 170 
133 135 140 155 194 
134 140 178 
135 177 
136 
137 166 167 
138 167 
139 160 
140 178 183 
141 176 
142 155 160 173 
143 180 193 
144 161 
145 
146 150 
147 151 161 169 189 
148 182 
149 
150 183 
151 155 170 187 197 
152 174 197 
153 
154 166 171 188 
155 167 195 
156 172 
157 
158 182 197 
159 
160 162 190 
161 163 
162 
163 192 
164 
165 183 
166 179 190 
167 
168 
169 
170 
171 
172 
173 194 
174 196 
175 
176 192 
177 185 191 
178 
179 
180 
181 
182 189 
183 197 
184 
185 
186 
187 
188 
189 197 
190 
191 
192 
193 
194 
195 
196 
197 
198 
199 
[0, 0, 0, 0, 0, 0, 0, 0, 0, 0, 0, 0, 0, 0, 0, 0, 0, 0, 0, 0, 0, 0, 0, 0, 0, 0, 0, 0, 0, 0, 0, 0, 0, 0, 0, 0, 0, 0, 0, 0, 0, 0, 0, 0, 0, 0, 0, 0, 0, 0, 0, 0, 0, 0, 0, 0, 0, 0, 0, 0, 0, 0, 0, 0, 0, 0, 1, 1, 1, 1, 1, 1, 1, 1, 1, 1, 1, 1, 1, 1, 1, 1, 1, 1, 1, 1, 1, 1, 1, 1, 1, 1, 1, 1, 1, 1, 1, 1, 1, 1, 1, 1, 1, 1, 1, 1, 1, 1, 1, 1, 1, 1, 1, 1, 1, 1, 1, 1, 1, 1, 1, 1, 1, 1, 1, 1, 1, 1, 1, 1, 1, 1, 2, 2, 2, 2, 2, 2, 2, 2, 2, 2, 2, 2, 2, 2, 2, 2, 2, 2, 2, 2, 2, 2, 2, 2, 2, 2, 2, 2, 2, 2, 2, 2, 2, 2, 2, 2, 2, 2, 2, 2, 2, 2, 2, 2, 2, 2, 2, 2, 2, 2, 2, 2, 2, 2, 2, 2, 2, 2, 2, 2, 2, 2, 2, 2, 2, 2, 0, 0]