0 496 
1 5 670 
2 125 
3 293 
4 994 1775 
5 350 
6 1312 
7 663 
8 775 850 
9 376 
10 863 
11 
12 
13 
14 647 
15 53 85 
16 120 608 1189 
17 658 
18 296 885 1425 
19 464 542 797 
20 247 615 
21 679 1840 
22 79 967 
23 653 
24 50 
25 72 
26 
27 
28 173 252 852 
29 234 
30 752 760 807 
31 165 964 
32 742 
33 520 589 
34 44 285 593 821 
35 571 725 
36 199 
37 
38 583 941 1685 
39 310 
40 510 529 870 970 
41 
42 628 984 
43 367 374 761 
44 849 
45 
46 121 291 658 792 
47 275 
48 743 
49 
50 104 
51 1036 
52 
53 
54 65 949 
55 428 691 711 
56 543 
57 62 866 
58 234 316 729 
59 1772 
60 226 275 597 1938 
61 587 709 948 
62 
63 979 
64 1321 
65 172 652 831 906 
66 224 753 
67 999 
68 985 
69 497 
70 456 
71 951 959 
72 723 827 
73 444 471 
74 
75 201 960 
76 902 
77 
78 699 875 
79 187 434 733 1288 
80 509 710 
81 785 
82 266 615 966 
83 869 921 935 
84 324 
85 
86 389 
87 174 352 718 
88 
89 
90 306 
91 143 485 730 
92 712 
93 430 987 
94 
95 
96 129 341 429 507 525 575 
97 229 342 
98 756 
99 498 
100 1456 
101 282 405 1197 
102 146 271 
103 322 
104 
105 921 
106 387 
107 
108 215 
109 455 838 
110 392 396 
111 497 722 
112 296 370 463 
113 
114 161 
115 
116 197 522 
117 1560 
118 
119 
120 603 
121 720 746 
122 323 
123 
124 282 1750 
125 
126 
127 1490 1627 
128 169 852 1769 
129 523 
130 687 735 1613 
131 177 433 480 722 
132 655 886 
133 155 944 
134 
135 708 1410 1880 
136 
137 270 374 763 
138 
139 399 781 
140 
141 387 572 1134 
142 169 
143 244 659 
144 
145 
146 364 671 
147 
148 703 
149 785 859 
150 223 512 
151 822 
152 280 
153 530 984 
154 360 
155 682 829 922 
156 719 797 
157 
158 
159 730 770 914 1541 
160 499 894 
161 785 855 
162 
163 1475 
164 352 
165 336 396 633 731 1476 
166 882 1033 
167 546 829 938 
168 949 
169 1049 
170 328 485 
171 
172 932 
173 
174 572 
175 283 480 906 
176 262 
177 
178 266 
179 410 725 
180 363 450 798 
181 324 549 905 
182 263 853 897 
183 473 734 
184 
185 
186 284 871 
187 344 890 1848 
188 282 324 400 656 
189 355 930 939 972 
190 
191 834 1280 
192 639 
193 479 568 1031 
194 355 
195 692 
196 295 948 
197 280 
198 534 861 
199 
200 233 
201 587 954 
202 432 437 922 
203 790 
204 616 748 
205 1381 
206 924 
207 539 
208 277 
209 
210 969 
211 
212 214 
213 
214 
215 912 
216 528 905 
217 629 879 
218 923 
219 980 
220 530 808 
221 
222 670 
223 230 734 804 
224 429 1064 
225 686 
226 411 524 
227 309 642 804 890 
228 266 737 967 
229 
230 
231 957 
232 240 375 917 944 
233 1481 
234 798 906 
235 672 
236 332 518 
237 549 
238 374 392 836 
239 416 502 
240 287 465 
241 
242 762 
243 
244 
245 
246 927 994 
247 972 1961 
248 450 635 709 
249 649 
250 
251 523 
252 
253 749 
254 380 
255 316 
256 933 
257 592 
258 748 
259 829 
260 
261 618 
262 957 
263 
264 502 
265 983 
266 
267 382 634 681 
268 903 
269 288 324 1409 
270 777 
271 
272 294 600 
273 351 
274 1415 
275 993 
276 667 793 
277 704 
278 335 828 
279 514 966 
280 788 1283 
281 
282 315 510 706 
283 370 
284 285 687 829 881 
285 462 467 
286 
287 
288 383 
289 334 796 
290 955 
291 
292 
293 362 366 
294 677 
295 
296 
297 546 917 
298 382 
299 
300 
301 1009 
302 892 
303 654 
304 414 
305 401 
306 575 630 
307 355 652 691 
308 
309 597 
310 676 
311 
312 926 
313 652 
314 1370 
315 
316 1309 
317 
318 
319 1949 
320 742 
321 497 906 
322 638 783 
323 
324 901 
325 
326 335 518 
327 616 768 
328 798 
329 
330 
331 355 
332 472 
333 689 
334 
335 631 957 
336 441 933 
337 
338 
339 957 
340 447 
341 556 670 881 903 
342 662 
343 913 
344 961 
345 829 
346 
347 678 
348 
349 497 
350 
351 689 
352 856 1341 
353 570 669 
354 449 615 628 751 
355 
356 615 971 
357 609 1372 
358 
359 405 904 
360 
361 535 582 1307 
362 413 920 
363 715 
364 923 1926 
365 801 
366 801 
367 1135 
368 458 559 819 914 
369 469 
370 561 867 
371 
372 806 913 
373 728 
374 693 906 
375 980 
376 893 
377 
378 659 
379 547 951 
380 937 966 
381 
382 805 1927 
383 1906 
384 
385 
386 918 
387 969 
388 692 975 
389 591 857 
390 528 
391 446 491 558 657 903 
392 
393 
394 799 
395 796 
396 1654 
397 858 982 
398 560 938 
399 783 
400 
401 845 858 
402 1945 
403 452 485 
404 
405 1535 
406 
407 
408 
409 622 899 
410 525 
411 541 
412 640 
413 655 
414 818 
415 607 
416 
417 563 
418 
419 593 1396 
420 814 
421 953 
422 1033 1129 
423 
424 899 1562 1827 
425 875 
426 594 
427 
428 947 
429 847 
430 825 
431 
432 
433 840 
434 587 1347 
435 
436 
437 953 
438 
439 816 
440 442 
441 759 
442 460 609 
443 
444 
445 
446 
447 
448 
449 
450 
451 1802 
452 
453 
454 492 678 957 
455 623 
456 
457 643 701 
458 586 
459 
460 614 
461 
462 1119 
463 513 1029 
464 562 
465 999 
466 614 
467 542 724 
468 
469 
470 644 
471 
472 511 
473 901 
474 625 1382 
475 838 
476 
477 
478 978 1028 
479 
480 
481 
482 716 780 887 
483 546 
484 528 797 850 
485 815 
486 
487 491 543 594 598 814 1948 
488 
489 788 
490 808 
491 623 
492 
493 991 
494 
495 901 957 
496 1010 
497 867 
498 
499 507 
500 869 978 
501 
502 556 705 
503 
504 
505 
506 1699 
507 1025 
508 562 1610 
509 544 717 966 
510 
511 
512 
513 1075 
514 706 
515 633 
516 
517 
518 847 
519 1477 
520 1746 1934 
521 732 
522 656 863 
523 
524 1739 
525 
526 1461 
527 561 
528 
529 693 
530 549 604 
531 
532 608 
533 565 620 
534 
535 592 902 
536 
537 836 
538 704 994 
539 
540 557 712 
541 
542 595 
543 
544 
545 949 
546 919 1074 
547 
548 783 
549 656 779 
550 556 761 
551 
552 821 
553 671 
554 646 
555 659 
556 1039 
557 700 
558 984 1336 
559 564 1154 
560 1317 
561 1959 
562 
563 673 
564 926 934 
565 783 
566 
567 1974 
568 1122 
569 
570 601 626 
571 990 
572 908 1338 
573 
574 635 691 733 
575 
576 614 746 1792 
577 
578 
579 817 
580 783 944 981 
581 
582 670 
583 646 833 1704 
584 848 
585 
586 980 
587 777 
588 
589 
590 1973 
591 
592 898 927 1407 
593 734 
594 
595 
596 925 
597 955 
598 
599 1893 
600 990 
601 700 
602 
603 
604 754 
605 
606 806 1915 
607 922 985 
608 
609 743 
610 704 
611 
612 
613 
614 1136 
615 
616 643 911 
617 
618 868 
619 681 1644 
620 
621 
622 
623 
624 881 
625 660 
626 
627 978 
628 
629 
630 
631 
632 
633 677 903 
634 
635 
636 911 
637 
638 
639 
640 
641 666 
642 712 
643 843 
644 1205 
645 
646 
647 733 976 
648 
649 1075 
650 981 
651 
652 757 807 
653 
654 
655 
656 694 973 
657 
658 669 
659 720 1313 1986 
660 930 
661 994 
662 822 843 
663 863 1134 
664 692 
665 
666 913 931 
667 
668 1560 
669 685 769 
670 
671 
672 
673 1819 
674 800 
675 933 
676 1361 
677 
678 766 966 1789 
679 881 
680 823 
681 752 
682 984 
683 893 1863 
684 1748 
685 873 
686 884 
687 
688 
689 
690 819 
691 
692 
693 1273 
694 916 
695 983 
696 899 907 936 
697 
698 1146 
699 
700 
701 1212 
702 
703 727 767 977 
704 
705 752 
706 1536 
707 1740 
708 747 
709 831 
710 
711 
712 768 
713 
714 858 
715 814 
716 947 
717 890 947 
718 
719 
720 
721 
722 
723 
724 1417 
725 934 
726 
727 
728 
729 
730 
731 
732 869 
733 
734 
735 846 889 
736 
737 951 
738 840 1965 
739 
740 
741 
742 1835 
743 
744 856 896 
745 757 
746 
747 
748 
749 855 1889 
750 1708 
751 
752 
753 
754 1756 
755 
756 
757 
758 870 990 
759 
760 
761 994 
762 
763 
764 
765 891 
766 
767 
768 
769 1640 
770 
771 
772 
773 1314 
774 1470 
775 
776 
777 
778 937 
779 
780 
781 894 
782 
783 
784 905 
785 
786 804 1948 
787 
788 937 
789 
790 
791 
792 
793 
794 807 
795 
796 925 1751 
797 
798 
799 812 1783 
800 1726 
801 830 
802 
803 
804 1285 
805 
806 
807 
808 
809 
810 973 
811 886 
812 
813 945 
814 
815 1025 
816 
817 
818 
819 1951 
820 
821 
822 946 
823 
824 
825 1313 
826 
827 
828 
829 
830 
831 
832 1515 
833 895 
834 936 999 1340 
835 
836 
837 
838 
839 933 
840 
841 
842 931 
843 
844 
845 
846 965 
847 
848 
849 
850 
851 1449 
852 939 
853 
854 
855 
856 
857 
858 930 
859 
860 
861 1147 
862 903 952 
863 
864 
865 
866 
867 
868 
869 
870 1828 
871 994 1139 
872 981 
873 899 
874 
875 
876 
877 992 
878 
879 
880 1013 
881 892 
882 
883 
884 
885 
886 
887 994 1182 
888 
889 
890 
891 
892 
893 
894 977 1937 
895 
896 
897 1157 
898 
899 960 974 
900 
901 
902 
903 1628 
904 
905 
906 1138 
907 
908 
909 
910 
911 
912 
913 
914 970 
915 
916 
917 1694 
918 
919 
920 
921 
922 1832 
923 
924 
925 
926 
927 945 1929 
928 
929 
930 
931 969 
932 
933 
934 
935 
936 
937 
938 
939 
940 
941 1257 
942 
943 963 
944 1220 
945 
946 
947 
948 
949 
950 1946 
951 
952 
953 
954 
955 
956 
957 
958 
959 
960 
961 1698 
962 
963 
964 
965 1537 
966 
967 1300 
968 
969 1200 
970 
971 
972 
973 
974 
975 
976 
977 
978 
979 
980 
981 
982 1320 
983 
984 
985 
986 
987 994 1346 
988 
989 
990 
991 1138 
992 
993 
994 
995 1529 
996 
997 1432 
998 
999 
1000 
1001 1016 
1002 1112 1212 
1003 1711 
1004 1025 1363 
1005 1232 1802 
1006 1367 1847 
1007 
1008 1025 1937 
1009 1224 
1010 
1011 1173 1232 1564 1571 
1012 1020 1137 1707 1843 
1013 
1014 1029 1258 
1015 1673 
1016 1162 1572 
1017 
1018 1725 
1019 1423 1829 
1020 1963 
1021 
1022 1779 
1023 1041 1688 
1024 1460 
1025 1506 
1026 1490 1638 1643 
1027 1329 1701 1820 
1028 1607 
1029 1101 
1030 1859 1975 
1031 1231 1263 1838 
1032 1244 1862 
1033 
1034 1327 1654 1656 1748 
1035 
1036 1447 
1037 
1038 1521 1709 
1039 1691 
1040 1088 
1041 1211 
1042 1604 
1043 1148 1936 
1044 
1045 1572 1877 
1046 
1047 1584 
1048 
1049 1054 1418 
1050 1706 
1051 1125 1685 
1052 1091 1456 1592 1894 
1053 1209 1222 1410 1860 
1054 1854 
1055 1147 1210 1226 1539 1695 
1056 1087 
1057 1144 1367 1412 1668 
1058 1946 
1059 1089 1110 1214 1786 
1060 
1061 1856 
1062 1553 1704 1991 
1063 
1064 
1065 1138 
1066 1181 1575 1993 
1067 1240 1325 
1068 
1069 1677 
1070 1785 
1071 1878 
1072 1613 1770 
1073 1625 1716 
1074 1176 
1075 1194 1741 
1076 1115 
1077 1560 
1078 1546 
1079 1361 1471 1507 1792 
1080 1584 1739 
1081 
1082 1141 1341 
1083 
1084 1298 
1085 1589 
1086 
1087 1750 1968 
1088 1343 1424 1844 
1089 1904 
1090 1736 
1091 1356 
1092 1427 1591 1864 
1093 
1094 1363 1667 
1095 
1096 
1097 1123 1210 1574 
1098 1385 1782 1806 1901 
1099 1591 1630 
1100 
1101 
1102 1312 
1103 1133 1638 
1104 1522 
1105 
1106 1576 
1107 
1108 1552 1663 
1109 1454 1625 
1110 1737 
1111 
1112 1150 1670 1754 
1113 1624 1978 
1114 1403 1535 1901 
1115 1176 1596 1765 1852 
1116 1250 1587 1881 
1117 1898 
1118 1397 
1119 1522 
1120 1190 1397 1714 
1121 1506 1936 
1122 
1123 1257 1414 1750 1789 
1124 1392 1803 
1125 1425 1446 
1126 1335 
1127 1658 
1128 
1129 1923 
1130 1552 
1131 
1132 1813 
1133 1776 
1134 1647 
1135 
1136 
1137 1156 
1138 
1139 
1140 1198 
1141 1207 1463 1771 
1142 
1143 1543 
1144 1539 
1145 1233 1831 
1146 1173 1229 1475 
1147 1528 
1148 1198 1318 
1149 1245 
1150 1602 1902 
1151 
1152 1214 
1153 1518 1809 
1154 
1155 1750 1804 
1156 1206 1253 
1157 1759 
1158 
1159 1635 
1160 1448 1490 1729 
1161 1563 1657 
1162 1748 1955 
1163 1358 
1164 1910 1916 
1165 1582 1906 
1166 
1167 1736 1884 
1168 1590 1659 
1169 
1170 1753 1914 
1171 1304 1874 
1172 1947 
1173 1178 
1174 
1175 1957 
1176 
1177 1268 1505 1895 
1178 
1179 1430 1865 
1180 
1181 1190 1686 
1182 1190 
1183 1432 1434 
1184 1291 1427 
1185 1465 1497 
1186 1504 
1187 1620 1795 
1188 1336 1424 1595 1776 
1189 
1190 1282 
1191 
1192 
1193 1949 
1194 1658 
1195 1458 1617 
1196 1379 
1197 1245 1818 
1198 1520 
1199 
1200 
1201 1677 1908 
1202 
1203 
1204 1274 
1205 1544 1780 
1206 1419 
1207 1485 1665 
1208 1342 
1209 1666 
1210 1693 1763 1910 
1211 1622 1855 
1212 
1213 1333 1687 
1214 1242 
1215 
1216 1433 1505 
1217 1482 1615 
1218 
1219 1443 
1220 
1221 1231 1486 
1222 1946 
1223 
1224 1465 1568 
1225 1811 
1226 
1227 
1228 1683 
1229 1264 1718 
1230 
1231 
1232 
1233 
1234 1500 1620 
1235 1480 
1236 1315 
1237 1254 
1238 1775 
1239 1500 1692 
1240 1477 1796 
1241 
1242 
1243 
1244 1613 1824 1913 
1245 1792 1823 
1246 1627 1998 
1247 1276 1802 
1248 
1249 
1250 1362 1461 1804 
1251 1696 1942 
1252 1456 
1253 1651 
1254 1726 
1255 1555 1578 
1256 1279 1905 
1257 
1258 
1259 1448 
1260 1991 
1261 
1262 1374 1430 
1263 
1264 1265 1971 
1265 1790 
1266 
1267 1322 1369 1452 1513 
1268 1333 
1269 
1270 1527 
1271 
1272 1938 
1273 
1274 
1275 
1276 1277 1549 
1277 1534 1937 1968 
1278 1456 1772 
1279 1361 1363 1381 1420 
1280 
1281 
1282 1359 
1283 
1284 1841 
1285 
1286 1578 
1287 
1288 1387 1978 
1289 
1290 
1291 1413 1416 
1292 1382 
1293 1733 1880 1912 
1294 1550 
1295 1451 
1296 1307 1396 1666 
1297 1893 
1298 
1299 1533 1553 
1300 
1301 
1302 
1303 1413 
1304 1665 1699 1948 
1305 1948 
1306 1376 1851 
1307 1353 
1308 1511 
1309 
1310 
1311 1318 1455 1534 
1312 1456 1613 
1313 1660 
1314 1454 1698 
1315 1362 
1316 1516 1876 
1317 1520 1967 
1318 1859 1891 
1319 1602 1925 1988 
1320 1362 1707 
1321 1335 1360 
1322 1348 1642 
1323 1575 1968 
1324 
1325 1419 
1326 1851 
1327 
1328 1544 
1329 1361 1793 
1330 1668 
1331 1589 1954 1972 
1332 1670 
1333 1855 
1334 1803 1898 1908 
1335 1906 
1336 1992 
1337 1486 1629 1787 1933 
1338 
1339 
1340 1424 1900 
1341 1914 
1342 1443 
1343 1557 
1344 1425 1772 
1345 1828 
1346 1882 1946 
1347 
1348 1527 
1349 1820 
1350 1418 1996 
1351 
1352 1414 
1353 1587 
1354 1451 
1355 1805 
1356 
1357 1576 
1358 1586 
1359 
1360 1651 1706 
1361 
1362 1644 1682 1687 
1363 
1364 
1365 1762 
1366 
1367 1591 
1368 
1369 
1370 
1371 1438 
1372 1510 
1373 1866 
1374 
1375 1379 1848 
1376 1671 1693 1730 
1377 
1378 
1379 1783 
1380 1666 
1381 1448 1779 
1382 1481 
1383 1784 
1384 
1385 1527 
1386 1668 1784 
1387 1595 
1388 
1389 1759 
1390 1425 1688 1995 
1391 1831 1892 
1392 1821 
1393 1661 1805 
1394 1729 
1395 
1396 1920 
1397 1434 1511 1691 
1398 1873 
1399 1473 1688 
1400 1655 
1401 1705 1857 1860 1953 
1402 1666 
1403 
1404 
1405 1771 1964 
1406 1497 1698 
1407 1559 
1408 
1409 1469 
1410 1742 
1411 1496 
1412 1697 
1413 1671 
1414 1978 
1415 
1416 1588 1811 1879 
1417 
1418 1423 1589 
1419 
1420 1783 
1421 
1422 1931 
1423 
1424 1500 1720 
1425 1497 1781 
1426 1637 1793 
1427 
1428 
1429 
1430 1574 1594 
1431 1809 1896 
1432 1456 1564 1678 
1433 
1434 1454 1732 
1435 1703 
1436 
1437 1847 
1438 
1439 1455 1901 
1440 
1441 1517 
1442 
1443 1605 1881 1946 
1444 1914 
1445 
1446 1756 
1447 1501 1754 
1448 1907 
1449 1547 1914 
1450 1794 1922 
1451 1572 
1452 1682 
1453 1480 
1454 1859 
1455 1654 1945 
1456 
1457 
1458 1579 
1459 1832 1861 1936 
1460 1464 
1461 1554 1899 
1462 1880 1986 
1463 
1464 1996 
1465 
1466 1651 1722 1724 1778 
1467 
1468 1630 
1469 1484 1545 1595 
1470 
1471 1526 
1472 
1473 
1474 1593 
1475 1491 
1476 
1477 1664 
1478 
1479 
1480 1918 
1481 1867 
1482 1624 
1483 1727 1783 
1484 1646 
1485 1708 1785 
1486 1519 1707 
1487 
1488 1523 1998 
1489 1725 
1490 
1491 1567 
1492 
1493 
1494 1520 
1495 
1496 1976 
1497 
1498 
1499 
1500 
1501 
1502 1918 1986 
1503 1515 
1504 1526 1563 
1505 1520 1659 
1506 
1507 1764 
1508 
1509 
1510 1678 
1511 
1512 1527 
1513 
1514 1910 
1515 1675 1804 
1516 1685 
1517 1832 
1518 
1519 
1520 
1521 
1522 
1523 1640 1993 
1524 1643 
1525 
1526 
1527 1701 1750 
1528 
1529 1728 
1530 
1531 1794 1933 
1532 
1533 
1534 1568 
1535 1820 
1536 1588 
1537 
1538 
1539 
1540 1894 1906 
1541 
1542 
1543 
1544 1705 
1545 
1546 1586 1825 
1547 
1548 1821 
1549 1776 
1550 
1551 1876 1932 
1552 
1553 
1554 
1555 1635 
1556 1963 1975 1986 
1557 
1558 1606 1717 
1559 1636 
1560 1806 
1561 1786 
1562 1662 1942 1945 
1563 1662 
1564 1602 
1565 1999 
1566 
1567 1781 
1568 1932 
1569 
1570 
1571 1582 1615 
1572 1897 
1573 
1574 1592 
1575 
1576 1791 1827 
1577 
1578 1828 
1579 
1580 1621 
1581 1881 
1582 1807 1838 
1583 1603 
1584 1802 
1585 1804 
1586 
1587 1850 
1588 1866 
1589 
1590 
1591 
1592 1967 
1593 1918 
1594 1650 1651 1931 
1595 
1596 
1597 
1598 
1599 
1600 1720 
1601 1743 
1602 
1603 
1604 
1605 1662 1711 
1606 
1607 
1608 1991 
1609 
1610 1871 
1611 
1612 
1613 
1614 1662 
1615 1673 1751 
1616 
1617 
1618 
1619 
1620 1775 
1621 
1622 
1623 1875 
1624 1681 1705 1869 
1625 
1626 
1627 1940 
1628 1962 
1629 1883 1921 
1630 
1631 
1632 
1633 
1634 1968 
1635 
1636 
1637 1915 
1638 
1639 
1640 1762 
1641 
1642 1716 1852 
1643 1723 
1644 
1645 
1646 1664 
1647 
1648 
1649 
1650 
1651 
1652 1718 
1653 1896 
1654 1790 
1655 1914 
1656 
1657 1989 
1658 
1659 
1660 
1661 1750 
1662 
1663 
1664 
1665 1827 1885 
1666 
1667 1979 
1668 
1669 1944 
1670 
1671 1753 
1672 
1673 
1674 
1675 1795 
1676 
1677 
1678 
1679 1949 
1680 1762 
1681 
1682 1812 
1683 
1684 
1685 1725 
1686 
1687 
1688 
1689 
1690 
1691 
1692 1812 
1693 
1694 
1695 
1696 
1697 
1698 
1699 
1700 
1701 1844 1922 
1702 
1703 
1704 
1705 
1706 
1707 
1708 
1709 1744 1756 1840 
1710 
1711 1838 
1712 
1713 1939 
1714 
1715 
1716 
1717 
1718 
1719 1905 1914 
1720 
1721 
1722 
1723 
1724 1845 1904 
1725 
1726 
1727 
1728 1742 
1729 
1730 1977 
1731 
1732 
1733 
1734 
1735 
1736 
1737 
1738 
1739 
1740 
1741 
1742 
1743 
1744 
1745 
1746 
1747 1986 
1748 1827 
1749 
1750 
1751 
1752 
1753 
1754 
1755 
1756 
1757 1790 
1758 
1759 
1760 1802 
1761 
1762 
1763 
1764 
1765 
1766 
1767 
1768 1984 
1769 1815 1879 
1770 
1771 1941 
1772 
1773 
1774 
1775 
1776 1967 
1777 
1778 
1779 
1780 
1781 
1782 
1783 
1784 1917 
1785 
1786 
1787 1854 
1788 
1789 
1790 1953 
1791 1832 
1792 1984 
1793 
1794 1845 
1795 
1796 
1797 
1798 
1799 
1800 
1801 
1802 1856 
1803 
1804 
1805 1893 
1806 
1807 
1808 
1809 1917 
1810 
1811 1828 
1812 
1813 
1814 
1815 
1816 1953 
1817 
1818 1920 
1819 
1820 
1821 
1822 
1823 
1824 
1825 
1826 
1827 
1828 
1829 1871 
1830 
1831 1908 
1832 
1833 
1834 1882 
1835 
1836 
1837 
1838 1956 
1839 1886 
1840 
1841 
1842 
1843 
1844 
1845 1849 
1846 
1847 
1848 
1849 
1850 
1851 
1852 
1853 
1854 
1855 
1856 
1857 
1858 
1859 
1860 
1861 
1862 
1863 
1864 
1865 
1866 1932 
1867 
1868 1943 
1869 
1870 
1871 
1872 1910 
1873 
1874 
1875 
1876 
1877 
1878 
1879 
1880 
1881 
1882 
1883 
1884 
1885 
1886 
1887 
1888 
1889 
1890 1962 
1891 1999 
1892 
1893 
1894 
1895 1916 
1896 
1897 
1898 1920 
1899 
1900 
1901 
1902 
1903 
1904 1934 
1905 
1906 1945 
1907 
1908 
1909 
1910 
1911 
1912 
1913 
1914 
1915 
1916 
1917 
1918 
1919 
1920 
1921 
1922 
1923 
1924 
1925 
1926 1968 
1927 
1928 
1929 
1930 
1931 
1932 
1933 
1934 
1935 
1936 
1937 
1938 
1939 
1940 
1941 
1942 
1943 
1944 
1945 
1946 
1947 1967 
1948 
1949 
1950 
1951 
1952 
1953 
1954 
1955 
1956 
1957 
1958 
1959 
1960 
1961 
1962 
1963 
1964 
1965 
1966 
1967 
1968 1987 
1969 
1970 
1971 
1972 
1973 
1974 
1975 
1976 
1977 
1978 
1979 
1980 
1981 
1982 
1983 
1984 
1985 
1986 
1987 
1988 
1989 
1990 
1991 
1992 
1993 
1994 
1995 
1996 
1997 
1998 
1999 
[0, 0, 0, 0, 0, 0, 0, 0, 0, 0, 0, 0, 0, 0, 0, 0, 0, 0, 0, 0, 0, 0, 0, 0, 0, 0, 0, 0, 0, 0, 0, 0, 0, 0, 0, 0, 0, 0, 0, 0, 0, 0, 0, 0, 0, 0, 0, 0, 0, 0, 0, 0, 0, 0, 0, 0, 0, 0, 0, 0, 0, 0, 0, 0, 0, 0, 0, 0, 0, 0, 0, 0, 0, 0, 0, 0, 0, 0, 0, 0, 0, 0, 0, 0, 0, 0, 0, 0, 0, 0, 0, 0, 0, 0, 0, 0, 0, 0, 0, 0, 0, 0, 0, 0, 0, 0, 0, 0, 0, 0, 0, 0, 0, 0, 0, 0, 0, 0, 0, 0, 0, 0, 0, 0, 0, 0, 0, 0, 0, 0, 0, 0, 0, 0, 0, 0, 0, 0, 0, 0, 0, 0, 0, 0, 0, 0, 0, 0, 0, 0, 0, 0, 0, 0, 0, 0, 0, 0, 0, 0, 0, 0, 0, 0, 0, 0, 0, 0, 0, 0, 0, 0, 0, 0, 0, 0, 0, 0, 0, 0, 0, 0, 0, 0, 0, 0, 0, 0, 0, 0, 0, 0, 0, 0, 0, 0, 0, 0, 0, 0, 0, 0, 0, 0, 0, 0, 0, 0, 0, 0, 0, 0, 0, 0, 0, 0, 0, 0, 0, 0, 0, 0, 0, 0, 0, 0, 0, 0, 0, 0, 0, 0, 0, 0, 0, 0, 0, 0, 0, 0, 0, 0, 0, 0, 0, 0, 0, 0, 0, 0, 0, 0, 0, 0, 0, 0, 0, 0, 0, 0, 0, 0, 0, 0, 0, 0, 0, 0, 0, 0, 0, 0, 0, 0, 0, 0, 0, 0, 0, 0, 0, 0, 0, 0, 0, 0, 0, 0, 0, 0, 0, 0, 0, 0, 0, 0, 0, 0, 0, 0, 0, 0, 0, 0, 0, 0, 0, 0, 0, 0, 0, 0, 0, 0, 0, 0, 0, 0, 0, 0, 0, 0, 0, 0, 0, 0, 0, 0, 0, 0, 0, 0, 0, 0, 0, 0, 0, 0, 0, 0, 0, 0, 0, 0, 0, 0, 0, 0, 0, 0, 0, 0, 0, 0, 0, 0, 0, 0, 0, 0, 0, 0, 0, 0, 0, 0, 0, 0, 0, 0, 0, 0, 0, 0, 0, 0, 0, 0, 0, 0, 0, 0, 0, 0, 0, 0, 0, 0, 0, 0, 0, 0, 0, 0, 0, 0, 0, 0, 0, 0, 0, 0, 0, 0, 0, 0, 0, 0, 0, 0, 0, 0, 0, 0, 0, 0, 0, 0, 0, 0, 0, 0, 0, 0, 0, 0, 0, 0, 0, 0, 0, 0, 0, 0, 0, 0, 0, 0, 0, 0, 0, 0, 0, 0, 0, 0, 0, 0, 0, 0, 0, 0, 0, 0, 0, 0, 0, 0, 0, 0, 0, 0, 0, 0, 0, 0, 0, 0, 0, 0, 0, 0, 0, 0, 0, 0, 0, 0, 0, 0, 0, 0, 0, 0, 0, 0, 0, 0, 0, 0, 0, 0, 0, 0, 0, 0, 0, 0, 0, 0, 0, 0, 0, 0, 0, 0, 0, 0, 0, 0, 0, 0, 0, 0, 0, 0, 0, 0, 0, 0, 0, 0, 0, 0, 0, 0, 0, 0, 0, 0, 0, 0, 0, 0, 0, 0, 0, 0, 0, 0, 0, 0, 0, 0, 0, 0, 0, 0, 0, 0, 0, 0, 0, 0, 0, 0, 0, 0, 0, 0, 0, 0, 0, 0, 0, 0, 0, 0, 0, 0, 0, 0, 0, 0, 0, 0, 0, 0, 0, 0, 0, 0, 0, 0, 0, 0, 0, 0, 0, 0, 0, 0, 0, 0, 0, 0, 0, 0, 0, 0, 0, 0, 0, 0, 0, 0, 0, 0, 0, 0, 0, 0, 0, 0, 0, 0, 0, 0, 0, 0, 0, 0, 0, 0, 0, 0, 0, 0, 0, 0, 0, 0, 0, 0, 0, 0, 0, 0, 0, 0, 0, 0, 0, 0, 0, 0, 0, 0, 0, 0, 0, 0, 0, 0, 0, 0, 0, 0, 0, 0, 0, 0, 0, 0, 0, 0, 0, 0, 0, 0, 0, 0, 0, 0, 0, 0, 0, 0, 0, 0, 0, 0, 0, 0, 0, 0, 0, 0, 0, 0, 0, 0, 0, 0, 0, 0, 0, 0, 0, 0, 0, 0, 0, 0, 0, 0, 0, 0, 0, 0, 0, 0, 0, 0, 0, 0, 0, 0, 0, 0, 0, 0, 0, 0, 0, 0, 0, 0, 0, 0, 0, 0, 0, 0, 0, 0, 0, 0, 0, 0, 0, 0, 0, 0, 0, 0, 0, 0, 0, 0, 0, 0, 0, 0, 0, 0, 0, 0, 0, 0, 0, 0, 0, 0, 0, 0, 0, 0, 0, 0, 0, 0, 0, 0, 0, 0, 0, 0, 0, 0, 0, 0, 0, 0, 0, 0, 0, 0, 0, 0, 0, 0, 0, 0, 0, 0, 0, 0, 0, 0, 0, 0, 0, 0, 0, 0, 0, 0, 0, 0, 0, 0, 0, 0, 0, 0, 0, 0, 0, 0, 0, 0, 0, 0, 0, 0, 0, 0, 0, 0, 0, 0, 0, 0, 0, 0, 0, 0, 0, 0, 0, 0, 0, 0, 0, 0, 0, 0, 0, 0, 0, 0, 0, 0, 0, 0, 0, 0, 0, 0, 0, 0, 0, 0, 0, 0, 0, 0, 0, 0, 0, 0, 0, 0, 0, 0, 0, 0, 0, 0, 0, 0, 0, 0, 0, 0, 0, 0, 0, 0, 0, 0, 0, 0, 0, 0, 0, 0, 0, 0, 0, 0, 0, 0, 0, 0, 0, 0, 0, 0, 0, 0, 0, 0, 0, 0, 0, 0, 0, 0, 0, 0, 0, 0, 0, 0, 0, 0, 0, 0, 0, 0, 0, 0, 0, 0, 0, 0, 0, 0, 0, 0, 0, 0, 0, 0, 0, 0, 0, 0, 0, 0, 0, 0, 0, 0, 0, 0, 0, 0, 0, 0, 0, 0, 0, 0, 0, 0, 0, 0, 0, 0, 0, 0, 0, 0, 0, 0, 0, 0, 0, 0, 0, 0, 0, 0, 0, 0, 0, 0, 0, 0, 0, 0, 0, 0, 0, 0, 0, 0, 1, 1, 1, 1, 1, 1, 1, 1, 1, 1, 1, 1, 1, 1, 1, 1, 1, 1, 1, 1, 1, 1, 1, 1, 1, 1, 1, 1, 1, 1, 1, 1, 1, 1, 1, 1, 1, 1, 1, 1, 1, 1, 1, 1, 1, 1, 1, 1, 1, 1, 1, 1, 1, 1, 1, 1, 1, 1, 1, 1, 1, 1, 1, 1, 1, 1, 1, 1, 1, 1, 1, 1, 1, 1, 1, 1, 1, 1, 1, 1, 1, 1, 1, 1, 1, 1, 1, 1, 1, 1, 1, 1, 1, 1, 1, 1, 1, 1, 1, 1, 1, 1, 1, 1, 1, 1, 1, 1, 1, 1, 1, 1, 1, 1, 1, 1, 1, 1, 1, 1, 1, 1, 1, 1, 1, 1, 1, 1, 1, 1, 1, 1, 1, 1, 1, 1, 1, 1, 1, 1, 1, 1, 1, 1, 1, 1, 1, 1, 1, 1, 1, 1, 1, 1, 1, 1, 1, 1, 1, 1, 1, 1, 1, 1, 1, 1, 1, 1, 1, 1, 1, 1, 1, 1, 1, 1, 1, 1, 1, 1, 1, 1, 1, 1, 1, 1, 1, 1, 1, 1, 1, 1, 1, 1, 1, 1, 1, 1, 1, 1, 1, 1, 1, 1, 1, 1, 1, 1, 1, 1, 1, 1, 1, 1, 1, 1, 1, 1, 1, 1, 1, 1, 1, 1, 1, 1, 1, 1, 1, 1, 1, 1, 1, 1, 1, 1, 1, 1, 1, 1, 1, 1, 1, 1, 1, 1, 1, 1, 1, 1, 1, 1, 1, 1, 1, 1, 1, 1, 1, 1, 1, 1, 1, 1, 1, 1, 1, 1, 1, 1, 1, 1, 1, 1, 1, 1, 1, 1, 1, 1, 1, 1, 1, 1, 1, 1, 1, 1, 1, 1, 1, 1, 1, 1, 1, 1, 1, 1, 1, 1, 1, 1, 1, 1, 1, 1, 1, 1, 1, 1, 1, 1, 1, 1, 1, 1, 1, 1, 1, 1, 1, 1, 1, 1, 1, 1, 1, 1, 1, 1, 1, 1, 1, 1, 1, 1, 1, 1, 1, 1, 1, 1, 1, 1, 1, 1, 1, 1, 1, 1, 1, 1, 1, 1, 1, 1, 1, 1, 1, 1, 1, 1, 1, 1, 1, 1, 1, 1, 1, 1, 1, 1, 1, 1, 1, 1, 1, 1, 1, 1, 1, 1, 1, 1, 1, 1, 1, 1, 1, 1, 1, 1, 1, 1, 1, 1, 1, 1, 1, 1, 1, 1, 1, 1, 1, 1, 1, 1, 1, 1, 1, 1, 1, 1, 1, 1, 1, 1, 1, 1, 1, 1, 1, 1, 1, 1, 1, 1, 1, 1, 1, 1, 1, 1, 1, 1, 1, 1, 1, 1, 1, 1, 1, 1, 1, 1, 1, 1, 1, 1, 1, 1, 1, 1, 1, 1, 1, 1, 1, 1, 1, 1, 1, 1, 1, 1, 1, 1, 1, 1, 1, 1, 1, 1, 1, 1, 1, 1, 1, 1, 1, 1, 1, 1, 1, 1, 1, 1, 1, 1, 1, 1, 1, 1, 1, 1, 1, 1, 1, 1, 1, 1, 1, 1, 1, 1, 1, 1, 1, 1, 1, 1, 1, 1, 1, 1, 1, 1, 1, 1, 1, 1, 1, 1, 1, 1, 1, 1, 1, 1, 1, 1, 1, 1, 1, 1, 1, 1, 1, 1, 1, 1, 1, 1, 1, 1, 1, 1, 1, 1, 1, 1, 1, 1, 1, 1, 1, 1, 1, 1, 1, 1, 1, 1, 1, 1, 1, 1, 1, 1, 1, 1, 1, 1, 1, 1, 1, 1, 1, 1, 1, 1, 1, 1, 1, 1, 1, 1, 1, 1, 1, 1, 1, 1, 1, 1, 1, 1, 1, 1, 1, 1, 1, 1, 1, 1, 1, 1, 1, 1, 1, 1, 1, 1, 1, 1, 1, 1, 1, 1, 1, 1, 1, 1, 1, 1, 1, 1, 1, 1, 1, 1, 1, 1, 1, 1, 1, 1, 1, 1, 1, 1, 1, 1, 1, 1, 1, 1, 1, 1, 1, 1, 1, 1, 1, 1, 1, 1, 1, 1, 1, 1, 1, 1, 1, 1, 1, 1, 1, 1, 1, 1, 1, 1, 1, 1, 1, 1, 1, 1, 1, 1, 1, 1, 1, 1, 1, 1, 1, 1, 1, 1, 1, 1, 1, 1, 1, 1, 1, 1, 1, 1, 1, 1, 1, 1, 1, 1, 1, 1, 1, 1, 1, 1, 1, 1, 1, 1, 1, 1, 1, 1, 1, 1, 1, 1, 1, 1, 1, 1, 1, 1, 1, 1, 1, 1, 1, 1, 1, 1, 1, 1, 1, 1, 1, 1, 1, 1, 1, 1, 1, 1, 1, 1, 1, 1, 1, 1, 1, 1, 1, 1, 1, 1, 1, 1, 1, 1, 1, 1, 1, 1, 1, 1, 1, 1, 1, 1, 1, 1, 1, 1, 1, 1, 1, 1, 1, 1, 1, 1, 1, 1, 1, 1, 1, 1, 1, 1, 1, 1, 1, 1, 1, 1, 1, 1, 1, 1, 1, 1, 1, 1, 1, 1, 1, 1, 1, 1, 1, 1, 1, 1, 1, 1, 1, 1, 1, 1, 1, 1, 1, 1, 1, 1, 1, 1, 1, 1, 1, 1, 1, 1, 1, 1, 1, 1, 1, 1, 1, 1, 1, 1, 1, 1, 1, 1, 1, 1, 1, 1, 1, 1, 1, 1, 1, 1, 1, 1, 1, 1, 1, 1, 1, 1, 1, 1, 1, 1, 1, 1, 1, 1, 1, 1, 1, 1, 1, 1, 1, 1, 1, 1, 1, 1, 1, 1, 1, 1, 1, 1, 1, 1, 1, 1, 1, 1, 1, 1, 1, 1, 1, 1, 1, 1, 1, 1, 1, 1, 1, 1, 1, 1, 1, 1, 1, 1, 1, 1, 1, 1, 1, 1, 1, 1, 1, 1, 1, 1, 1, 1, 1, 1, 1, 1, 1, 1, 1, 1, 1, 1, 1, 1, 1, 1, 1, 1, 1, 1, 1, 1, 1, 1, 1, 1, 1, 1, 1, 1, 1, 1, 1, 1, 1, 1, 1, 1, 1, 1, 1, 1, 1, 1, 1, 1, 1, 1, 1, 1, 1, 1, 1, 1, 1, 1, 1, 1, 1, 1, 1, 1]