0 379 545 
1 565 830 
2 
3 
4 942 
5 11 223 
6 
7 14 420 
8 581 
9 571 
10 172 
11 133 749 
12 
13 
14 353 556 
15 284 
16 61 502 524 
17 85 
18 294 1692 
19 554 
20 159 
21 138 
22 528 
23 319 524 743 
24 234 446 
25 
26 618 661 
27 556 607 
28 117 774 
29 408 
30 
31 208 358 1565 
32 487 
33 316 
34 
35 
36 327 1602 
37 
38 
39 262 
40 
41 
42 72 
43 
44 89 216 
45 
46 
47 
48 97 
49 507 
50 260 351 1759 
51 
52 
53 
54 414 804 
55 
56 296 
57 235 587 
58 306 494 
59 548 
60 
61 251 1675 
62 421 772 
63 
64 92 199 
65 358 
66 108 
67 76 98 177 373 1937 
68 407 
69 495 
70 
71 
72 
73 293 1217 
74 193 
75 146 
76 
77 761 851 1582 
78 
79 
80 356 532 852 
81 550 
82 153 
83 
84 
85 383 
86 207 324 601 
87 
88 375 1275 
89 397 479 759 
90 883 
91 416 420 
92 485 808 1464 
93 
94 439 490 
95 
96 243 312 659 
97 535 543 
98 104 631 837 
99 1459 
100 200 1855 
101 578 
102 505 
103 
104 144 390 733 
105 427 
106 
107 658 1369 
108 225 444 447 600 641 
109 
110 585 
111 
112 968 
113 124 310 1577 
114 203 
115 537 1273 1528 
116 417 
117 123 
118 424 456 
119 
120 577 
121 256 
122 140 
123 1696 
124 621 
125 143 
126 1714 1916 
127 
128 
129 
130 
131 209 
132 195 
133 827 
134 443 
135 
136 
137 
138 199 433 
139 430 
140 1148 
141 151 
142 173 175 
143 
144 
145 659 
146 750 
147 569 
148 537 590 
149 
150 1539 
151 1777 
152 
153 
154 
155 
156 
157 
158 369 
159 1428 
160 
161 453 504 
162 
163 
164 171 465 618 1068 
165 
166 
167 
168 186 469 
169 546 620 
170 
171 428 1518 
172 485 
173 
174 620 
175 356 625 
176 421 
177 
178 201 251 602 634 1041 
179 331 604 
180 487 
181 
182 
183 280 395 
184 291 
185 
186 
187 1293 
188 
189 
190 
191 634 
192 491 1996 
193 259 
194 429 572 
195 
196 
197 
198 
199 
200 512 572 
201 
202 
203 
204 218 
205 240 356 
206 213 1674 
207 655 
208 
209 521 538 1165 
210 
211 526 
212 247 
213 318 
214 1778 
215 233 395 964 
216 
217 
218 
219 852 
220 
221 642 
222 
223 
224 
225 
226 512 
227 354 649 
228 235 370 
229 308 514 1301 
230 621 
231 301 
232 
233 
234 1027 
235 
236 308 390 539 
237 519 
238 
239 422 534 
240 
241 591 
242 
243 
244 
245 
246 
247 
248 
249 
250 320 
251 652 
252 620 
253 389 
254 1345 
255 264 
256 491 
257 
258 
259 
260 583 1680 
261 
262 446 918 
263 367 1500 
264 
265 
266 
267 281 
268 292 
269 1542 
270 896 
271 501 
272 304 
273 
274 
275 402 
276 538 1893 
277 
278 1974 
279 812 1207 
280 431 489 
281 486 
282 
283 494 543 
284 
285 
286 1222 
287 
288 720 
289 
290 1580 
291 588 
292 352 449 
293 
294 
295 
296 583 
297 436 
298 627 
299 484 
300 
301 
302 
303 
304 594 1059 
305 356 425 563 
306 
307 397 
308 489 552 
309 616 
310 328 
311 
312 657 
313 
314 435 
315 
316 325 435 
317 627 1646 
318 
319 448 
320 
321 
322 
323 326 382 
324 
325 
326 454 490 
327 
328 
329 500 
330 486 
331 1732 
332 664 
333 446 
334 454 
335 
336 
337 
338 
339 461 1277 
340 
341 
342 447 553 
343 553 
344 
345 
346 
347 
348 
349 
350 
351 
352 
353 380 
354 443 537 
355 
356 
357 
358 
359 
360 640 
361 
362 
363 546 1918 
364 366 1547 
365 
366 
367 
368 
369 435 497 
370 854 
371 
372 592 1349 
373 
374 1720 
375 
376 436 
377 
378 
379 436 
380 
381 579 
382 
383 
384 
385 
386 
387 1989 
388 716 
389 553 
390 
391 566 1982 
392 
393 462 839 
394 766 
395 
396 
397 
398 511 1069 
399 
400 
401 
402 416 
403 
404 
405 458 
406 
407 
408 
409 581 
410 511 1089 1872 
411 1104 
412 435 731 
413 
414 
415 
416 
417 665 
418 
419 433 
420 
421 1365 
422 
423 
424 
425 649 1343 
426 431 528 599 
427 527 
428 
429 571 
430 
431 
432 609 
433 507 
434 452 
435 
436 461 529 1763 
437 897 
438 
439 
440 
441 599 
442 451 
443 638 645 
444 
445 738 
446 
447 567 1837 
448 1528 
449 
450 530 
451 
452 481 
453 
454 
455 
456 1840 
457 
458 640 
459 
460 499 
461 466 474 609 
462 
463 
464 
465 548 640 
466 
467 
468 
469 
470 523 660 
471 
472 
473 520 1864 
474 
475 522 
476 567 655 
477 1837 
478 860 
479 
480 
481 
482 1773 
483 
484 
485 520 
486 503 
487 
488 
489 1023 
490 
491 
492 575 
493 
494 
495 
496 
497 
498 
499 
500 
501 631 
502 575 
503 
504 573 
505 
506 
507 
508 1578 
509 
510 801 
511 
512 
513 
514 
515 995 
516 
517 
518 
519 637 
520 
521 
522 
523 
524 
525 1229 
526 
527 
528 819 
529 
530 1900 
531 
532 
533 
534 
535 
536 1935 
537 
538 663 
539 
540 1490 
541 
542 
543 562 598 1320 
544 
545 1328 
546 609 873 
547 
548 
549 
550 
551 
552 899 1086 
553 1876 
554 
555 
556 
557 
558 
559 1845 
560 
561 
562 
563 
564 
565 907 
566 
567 
568 620 
569 1034 
570 
571 
572 595 
573 599 
574 
575 1445 
576 591 
577 
578 
579 
580 
581 
582 
583 
584 638 
585 
586 
587 
588 
589 
590 
591 
592 
593 
594 
595 
596 
597 
598 
599 1246 1394 
600 
601 
602 624 1200 
603 
604 
605 673 
606 
607 1394 
608 
609 942 
610 
611 
612 
613 
614 
615 
616 622 
617 
618 619 
619 
620 
621 1583 
622 
623 
624 
625 
626 830 
627 
628 
629 
630 1653 
631 1469 
632 
633 
634 
635 656 
636 
637 1576 1892 
638 
639 
640 
641 1836 
642 
643 
644 
645 
646 
647 
648 
649 1921 
650 
651 
652 
653 
654 
655 1011 
656 
657 1582 1613 
658 
659 
660 
661 1701 
662 
663 
664 
665 
666 874 1232 1565 
667 
668 
669 
670 829 834 1928 1995 
671 
672 992 1178 1526 
673 
674 1083 
675 
676 1024 1308 
677 
678 1104 1257 
679 
680 1387 
681 788 793 948 1310 
682 
683 
684 701 1040 
685 
686 1095 
687 1088 
688 1507 
689 
690 
691 1006 1230 
692 777 1807 
693 
694 1305 1337 
695 810 1153 
696 722 1178 
697 
698 956 
699 790 1009 
700 1673 
701 803 827 1126 1268 1776 
702 938 1019 1115 1556 
703 1304 
704 
705 
706 874 
707 749 979 1161 1326 
708 1062 
709 1156 
710 1058 
711 
712 764 
713 
714 715 
715 
716 1218 
717 
718 
719 
720 1599 
721 
722 
723 
724 
725 884 1148 1527 
726 
727 818 
728 782 
729 1104 1992 
730 983 
731 
732 903 
733 1119 
734 
735 820 930 1128 
736 1188 1230 1252 1313 1461 
737 830 1158 
738 1100 1273 
739 
740 968 1167 
741 770 1150 1267 
742 962 
743 1201 1997 
744 1035 1206 1251 
745 829 
746 
747 
748 
749 999 1181 1299 
750 935 941 
751 770 1121 1137 
752 1146 
753 
754 
755 
756 
757 
758 
759 888 912 1059 
760 
761 1195 
762 
763 
764 1193 
765 
766 772 
767 
768 938 973 1170 
769 
770 1298 
771 1240 
772 
773 917 
774 1108 
775 
776 1279 
777 1002 1139 
778 863 1320 1326 
779 
780 
781 
782 1056 1254 
783 1099 
784 
785 1181 
786 
787 
788 1275 1292 
789 
790 1295 
791 1147 
792 1151 
793 
794 946 1327 
795 1307 
796 1221 
797 
798 965 
799 
800 1329 
801 1310 
802 831 
803 
804 
805 1660 
806 
807 1092 
808 1063 
809 828 
810 962 
811 
812 
813 
814 1983 
815 
816 861 
817 
818 
819 
820 1102 1224 
821 1093 1277 
822 1308 
823 892 
824 1023 1127 1221 
825 985 
826 
827 
828 
829 984 1200 1263 
830 
831 991 999 1008 
832 896 1091 
833 1190 
834 1134 
835 994 1163 
836 1297 
837 
838 1273 
839 1015 
840 
841 1157 
842 
843 1205 
844 1129 
845 970 1196 
846 1085 
847 
848 1076 
849 
850 1027 1211 
851 
852 1151 1290 
853 964 975 
854 
855 940 1053 
856 1070 1099 
857 
858 902 
859 
860 
861 
862 1154 1236 
863 
864 914 
865 
866 
867 1179 
868 
869 
870 
871 
872 1316 
873 1035 
874 955 996 
875 
876 
877 1108 1361 
878 1014 1106 1136 
879 
880 1253 
881 
882 
883 966 
884 906 
885 985 1040 
886 
887 1081 1130 
888 
889 
890 
891 
892 
893 1255 
894 
895 1220 
896 
897 
898 1004 1066 
899 
900 
901 1315 
902 1312 
903 
904 
905 
906 1116 
907 1193 1458 
908 
909 1211 1244 
910 957 
911 
912 1248 
913 
914 1191 
915 
916 
917 
918 1102 
919 1130 
920 1020 
921 
922 1082 1275 
923 
924 
925 
926 1151 
927 960 
928 
929 
930 1190 
931 1047 
932 1200 1227 
933 1936 
934 
935 942 
936 941 1026 
937 1264 
938 1076 
939 963 
940 1758 
941 
942 1014 1197 
943 
944 983 
945 
946 
947 1275 1684 
948 
949 
950 
951 
952 
953 1067 
954 
955 
956 
957 1715 
958 1458 
959 
960 
961 
962 
963 1241 1948 
964 967 1261 
965 1069 
966 
967 
968 
969 
970 
971 
972 1003 
973 1063 
974 
975 1084 
976 
977 
978 
979 
980 1082 
981 1074 
982 1127 1324 
983 
984 
985 
986 
987 
988 
989 1016 1234 
990 1080 1325 
991 1164 1186 
992 
993 1011 1172 1461 
994 
995 
996 
997 
998 1260 
999 
1000 
1001 1240 
1002 1659 
1003 
1004 
1005 
1006 1103 
1007 
1008 
1009 
1010 
1011 
1012 1091 1662 
1013 
1014 1118 1162 
1015 
1016 
1017 1221 
1018 1814 
1019 1196 
1020 
1021 
1022 1321 
1023 
1024 1067 1085 
1025 
1026 1092 1561 
1027 1030 
1028 
1029 
1030 
1031 1236 
1032 
1033 
1034 1273 
1035 1096 1156 
1036 
1037 1295 
1038 
1039 
1040 1095 
1041 1113 1812 
1042 
1043 
1044 
1045 1170 
1046 
1047 
1048 
1049 
1050 
1051 1184 
1052 
1053 1221 
1054 
1055 
1056 1234 
1057 
1058 
1059 
1060 
1061 1321 
1062 
1063 
1064 1111 
1065 
1066 
1067 1150 
1068 
1069 
1070 1217 
1071 1353 
1072 1143 
1073 1113 
1074 
1075 
1076 1222 
1077 
1078 1321 
1079 1257 
1080 
1081 
1082 
1083 
1084 
1085 
1086 1537 
1087 
1088 1159 
1089 
1090 
1091 
1092 1127 
1093 
1094 1411 
1095 
1096 1146 
1097 
1098 1169 1421 
1099 1326 
1100 
1101 
1102 1495 
1103 
1104 
1105 1782 
1106 
1107 1893 
1108 
1109 
1110 1331 
1111 
1112 
1113 1157 1173 
1114 
1115 
1116 
1117 
1118 1144 
1119 1197 
1120 
1121 1841 
1122 
1123 
1124 1272 
1125 1223 
1126 1315 
1127 
1128 1331 
1129 
1130 
1131 
1132 
1133 
1134 
1135 
1136 
1137 1291 
1138 
1139 
1140 
1141 
1142 
1143 1310 
1144 1255 
1145 1281 
1146 
1147 
1148 
1149 
1150 1204 1224 
1151 
1152 
1153 
1154 
1155 
1156 
1157 
1158 
1159 
1160 
1161 1806 
1162 1178 
1163 
1164 
1165 1166 1203 
1166 1510 
1167 
1168 1186 
1169 
1170 1323 
1171 
1172 1292 
1173 1204 
1174 
1175 1205 1264 
1176 
1177 1271 
1178 
1179 
1180 1194 
1181 
1182 
1183 1492 1946 
1184 
1185 
1186 
1187 1203 
1188 
1189 
1190 1256 
1191 1578 
1192 1219 
1193 1237 
1194 1583 
1195 1589 
1196 
1197 
1198 1943 
1199 
1200 
1201 
1202 1583 
1203 
1204 
1205 
1206 
1207 
1208 
1209 
1210 
1211 
1212 
1213 1401 
1214 
1215 
1216 
1217 
1218 
1219 1435 
1220 
1221 
1222 
1223 
1224 
1225 
1226 1932 
1227 1257 
1228 
1229 
1230 
1231 
1232 1929 
1233 
1234 
1235 
1236 
1237 
1238 
1239 
1240 
1241 
1242 
1243 1263 
1244 
1245 1786 
1246 
1247 
1248 
1249 
1250 
1251 1937 
1252 
1253 
1254 
1255 
1256 
1257 
1258 
1259 
1260 
1261 
1262 
1263 
1264 
1265 
1266 
1267 
1268 1515 
1269 1308 
1270 1828 1832 
1271 
1272 
1273 
1274 
1275 
1276 
1277 1681 
1278 
1279 
1280 
1281 
1282 
1283 
1284 
1285 
1286 
1287 1795 
1288 
1289 
1290 
1291 
1292 1639 
1293 
1294 
1295 
1296 
1297 1315 
1298 
1299 1976 
1300 
1301 
1302 
1303 1324 
1304 
1305 1329 
1306 
1307 
1308 1453 
1309 
1310 1848 
1311 1443 
1312 
1313 
1314 
1315 
1316 
1317 
1318 
1319 
1320 1693 
1321 
1322 
1323 
1324 
1325 
1326 
1327 
1328 
1329 
1330 
1331 1722 
1332 
1333 
1334 1611 1747 1877 
1335 1522 
1336 1386 1773 
1337 1979 
1338 
1339 
1340 1900 1948 
1341 1728 
1342 1648 1673 
1343 1862 
1344 1642 1770 
1345 1983 
1346 1529 1910 
1347 1438 
1348 1358 
1349 
1350 
1351 1412 
1352 1418 
1353 1605 
1354 
1355 
1356 1792 
1357 1892 
1358 1582 
1359 1366 1931 
1360 
1361 1713 
1362 1703 1929 
1363 1511 1659 
1364 1886 
1365 1444 1528 1601 
1366 
1367 1619 1698 
1368 1384 
1369 1443 1991 
1370 1377 
1371 1929 
1372 1981 
1373 
1374 
1375 
1376 
1377 1837 
1378 
1379 1572 1803 1934 
1380 
1381 1602 
1382 
1383 
1384 1795 
1385 
1386 
1387 1848 
1388 
1389 
1390 1520 
1391 1721 
1392 
1393 
1394 
1395 1571 
1396 
1397 1675 
1398 
1399 
1400 1621 1887 
1401 1991 
1402 1674 
1403 1527 1603 
1404 1766 
1405 1481 1730 
1406 1446 1890 
1407 1503 1866 
1408 1542 1649 1659 1759 
1409 1640 
1410 1568 1744 
1411 1478 1587 1861 
1412 
1413 1886 
1414 1541 1560 
1415 
1416 
1417 1520 
1418 1539 
1419 1474 1766 
1420 1484 1494 1993 
1421 1773 
1422 1543 1853 
1423 
1424 1882 
1425 1539 
1426 
1427 
1428 
1429 
1430 1476 1687 
1431 1445 1524 
1432 
1433 
1434 1691 
1435 
1436 
1437 
1438 1582 1882 
1439 1824 
1440 1902 
1441 1745 
1442 
1443 
1444 
1445 1979 
1446 
1447 1450 1500 1647 
1448 
1449 1624 
1450 
1451 1633 
1452 
1453 1700 
1454 1901 
1455 
1456 
1457 1581 
1458 1551 1697 1758 
1459 1890 
1460 
1461 1949 
1462 
1463 1486 1574 1821 
1464 1860 1983 
1465 
1466 1623 1695 
1467 1607 
1468 1662 
1469 
1470 
1471 
1472 1669 1954 1966 
1473 
1474 
1475 1742 
1476 
1477 1509 1541 1663 
1478 
1479 
1480 
1481 
1482 
1483 1494 
1484 1534 
1485 1545 
1486 
1487 
1488 1514 
1489 1894 
1490 1798 
1491 1510 1555 1621 1987 
1492 1677 
1493 
1494 
1495 
1496 
1497 
1498 1963 
1499 
1500 
1501 1651 
1502 1785 
1503 
1504 1809 1872 
1505 
1506 1710 
1507 
1508 
1509 
1510 1559 1876 1945 
1511 1680 
1512 1579 1580 1785 
1513 1762 1829 1968 
1514 
1515 1946 
1516 1858 
1517 
1518 
1519 
1520 
1521 1789 
1522 1861 1975 
1523 
1524 1530 
1525 1757 
1526 
1527 
1528 
1529 1776 1816 1883 
1530 
1531 
1532 1765 
1533 
1534 1697 1920 
1535 1925 
1536 
1537 
1538 1609 
1539 
1540 1985 
1541 1927 
1542 1833 
1543 1752 
1544 
1545 1609 1967 
1546 
1547 1582 
1548 
1549 1644 
1550 1616 
1551 
1552 1919 
1553 
1554 1923 
1555 1566 1727 
1556 1740 
1557 
1558 1871 
1559 1971 
1560 1659 1950 
1561 
1562 
1563 
1564 
1565 
1566 1571 
1567 
1568 
1569 
1570 
1571 1616 
1572 
1573 1743 1746 
1574 
1575 1952 
1576 
1577 
1578 1824 
1579 1814 
1580 
1581 1902 
1582 
1583 
1584 1706 1753 
1585 1967 
1586 1593 
1587 
1588 
1589 1646 1917 
1590 
1591 1721 
1592 1770 
1593 
1594 
1595 1806 1902 
1596 
1597 
1598 1704 
1599 
1600 1862 
1601 1630 1731 
1602 
1603 
1604 1920 
1605 
1606 1809 1843 
1607 1748 1923 
1608 1960 
1609 1882 
1610 
1611 1719 1888 
1612 
1613 
1614 1876 
1615 1705 
1616 
1617 1678 
1618 
1619 1917 
1620 
1621 
1622 1738 
1623 1947 
1624 
1625 
1626 
1627 
1628 1820 
1629 
1630 1948 
1631 
1632 
1633 
1634 
1635 1676 
1636 1936 
1637 
1638 
1639 1709 
1640 
1641 
1642 1756 
1643 
1644 
1645 1734 
1646 
1647 
1648 1863 
1649 
1650 1682 1744 1837 
1651 1833 
1652 
1653 
1654 
1655 
1656 
1657 1742 
1658 1914 1973 
1659 
1660 
1661 
1662 1935 
1663 
1664 
1665 
1666 1695 1858 
1667 
1668 
1669 
1670 
1671 
1672 1934 
1673 
1674 1735 1767 1816 
1675 1899 
1676 
1677 
1678 
1679 
1680 1884 
1681 1838 
1682 
1683 
1684 
1685 
1686 
1687 1694 
1688 
1689 
1690 
1691 
1692 
1693 
1694 
1695 
1696 
1697 
1698 
1699 
1700 1788 1862 
1701 
1702 
1703 1909 
1704 1985 
1705 
1706 1816 1918 
1707 1779 
1708 1816 
1709 
1710 
1711 
1712 
1713 
1714 1988 
1715 
1716 
1717 1832 
1718 
1719 
1720 
1721 
1722 
1723 
1724 1979 
1725 
1726 
1727 1773 
1728 1787 
1729 
1730 
1731 
1732 
1733 
1734 1980 
1735 
1736 
1737 
1738 
1739 
1740 1933 
1741 
1742 
1743 1873 
1744 
1745 
1746 
1747 1797 
1748 
1749 
1750 
1751 1979 
1752 
1753 1993 
1754 
1755 
1756 1823 
1757 
1758 1793 
1759 
1760 1797 
1761 
1762 1982 
1763 
1764 
1765 
1766 1864 1910 
1767 
1768 1811 
1769 
1770 
1771 
1772 
1773 
1774 1899 
1775 
1776 
1777 
1778 
1779 
1780 1895 
1781 
1782 
1783 1957 
1784 
1785 
1786 1859 
1787 
1788 
1789 
1790 1855 1957 
1791 1794 
1792 
1793 
1794 
1795 
1796 
1797 
1798 
1799 
1800 
1801 
1802 1918 
1803 
1804 1969 
1805 1850 
1806 
1807 
1808 
1809 
1810 1811 
1811 1875 
1812 
1813 
1814 
1815 
1816 
1817 1937 
1818 1823 
1819 
1820 1863 1874 
1821 
1822 
1823 
1824 
1825 
1826 
1827 
1828 
1829 1903 
1830 1877 
1831 
1832 
1833 
1834 
1835 
1836 
1837 
1838 1969 
1839 
1840 
1841 
1842 
1843 
1844 
1845 
1846 
1847 
1848 
1849 1911 
1850 
1851 
1852 
1853 
1854 1894 1968 
1855 
1856 
1857 
1858 
1859 1973 
1860 1871 
1861 
1862 1922 
1863 
1864 
1865 
1866 
1867 
1868 1937 
1869 
1870 
1871 
1872 
1873 
1874 
1875 
1876 
1877 
1878 
1879 
1880 1956 
1881 
1882 
1883 1966 
1884 
1885 
1886 
1887 
1888 
1889 
1890 
1891 
1892 
1893 1966 
1894 
1895 
1896 1943 
1897 
1898 
1899 
1900 
1901 
1902 
1903 1972 
1904 
1905 
1906 
1907 
1908 
1909 1957 
1910 
1911 
1912 
1913 1941 
1914 
1915 1952 
1916 
1917 
1918 
1919 
1920 1989 
1921 
1922 
1923 
1924 
1925 1937 
1926 
1927 
1928 
1929 1969 
1930 
1931 
1932 
1933 
1934 
1935 
1936 
1937 
1938 
1939 
1940 
1941 
1942 
1943 
1944 
1945 1951 
1946 
1947 
1948 
1949 1990 
1950 
1951 
1952 
1953 
1954 
1955 
1956 
1957 
1958 
1959 
1960 
1961 
1962 
1963 1964 
1964 
1965 
1966 
1967 
1968 
1969 
1970 
1971 
1972 
1973 
1974 
1975 
1976 
1977 
1978 
1979 
1980 
1981 
1982 
1983 
1984 
1985 
1986 
1987 
1988 
1989 
1990 
1991 
1992 
1993 
1994 
1995 
1996 
1997 
[0, 0, 0, 0, 0, 0, 0, 0, 0, 0, 0, 0, 0, 0, 0, 0, 0, 0, 0, 0, 0, 0, 0, 0, 0, 0, 0, 0, 0, 0, 0, 0, 0, 0, 0, 0, 0, 0, 0, 0, 0, 0, 0, 0, 0, 0, 0, 0, 0, 0, 0, 0, 0, 0, 0, 0, 0, 0, 0, 0, 0, 0, 0, 0, 0, 0, 0, 0, 0, 0, 0, 0, 0, 0, 0, 0, 0, 0, 0, 0, 0, 0, 0, 0, 0, 0, 0, 0, 0, 0, 0, 0, 0, 0, 0, 0, 0, 0, 0, 0, 0, 0, 0, 0, 0, 0, 0, 0, 0, 0, 0, 0, 0, 0, 0, 0, 0, 0, 0, 0, 0, 0, 0, 0, 0, 0, 0, 0, 0, 0, 0, 0, 0, 0, 0, 0, 0, 0, 0, 0, 0, 0, 0, 0, 0, 0, 0, 0, 0, 0, 0, 0, 0, 0, 0, 0, 0, 0, 0, 0, 0, 0, 0, 0, 0, 0, 0, 0, 0, 0, 0, 0, 0, 0, 0, 0, 0, 0, 0, 0, 0, 0, 0, 0, 0, 0, 0, 0, 0, 0, 0, 0, 0, 0, 0, 0, 0, 0, 0, 0, 0, 0, 0, 0, 0, 0, 0, 0, 0, 0, 0, 0, 0, 0, 0, 0, 0, 0, 0, 0, 0, 0, 0, 0, 0, 0, 0, 0, 0, 0, 0, 0, 0, 0, 0, 0, 0, 0, 0, 0, 0, 0, 0, 0, 0, 0, 0, 0, 0, 0, 0, 0, 0, 0, 0, 0, 0, 0, 0, 0, 0, 0, 0, 0, 0, 0, 0, 0, 0, 0, 0, 0, 0, 0, 0, 0, 0, 0, 0, 0, 0, 0, 0, 0, 0, 0, 0, 0, 0, 0, 0, 0, 0, 0, 0, 0, 0, 0, 0, 0, 0, 0, 0, 0, 0, 0, 0, 0, 0, 0, 0, 0, 0, 0, 0, 0, 0, 0, 0, 0, 0, 0, 0, 0, 0, 0, 0, 0, 0, 0, 0, 0, 0, 0, 0, 0, 0, 0, 0, 0, 0, 0, 0, 0, 0, 0, 0, 0, 0, 0, 0, 0, 0, 0, 0, 0, 0, 0, 0, 0, 0, 0, 0, 0, 0, 0, 0, 0, 0, 0, 0, 0, 0, 0, 0, 0, 0, 0, 0, 0, 0, 0, 0, 0, 0, 0, 0, 0, 0, 0, 0, 0, 0, 0, 0, 0, 0, 0, 0, 0, 0, 0, 0, 0, 0, 0, 0, 0, 0, 0, 0, 0, 0, 0, 0, 0, 0, 0, 0, 0, 0, 0, 0, 0, 0, 0, 0, 0, 0, 0, 0, 0, 0, 0, 0, 0, 0, 0, 0, 0, 0, 0, 0, 0, 0, 0, 0, 0, 0, 0, 0, 0, 0, 0, 0, 0, 0, 0, 0, 0, 0, 0, 0, 0, 0, 0, 0, 0, 0, 0, 0, 0, 0, 0, 0, 0, 0, 0, 0, 0, 0, 0, 0, 0, 0, 0, 0, 0, 0, 0, 0, 0, 0, 0, 0, 0, 0, 0, 0, 0, 0, 0, 0, 0, 0, 0, 0, 0, 0, 0, 0, 0, 0, 0, 0, 0, 0, 0, 0, 0, 0, 0, 0, 0, 0, 0, 0, 0, 0, 0, 0, 0, 0, 0, 0, 0, 0, 0, 0, 0, 0, 0, 0, 0, 0, 0, 0, 0, 0, 0, 0, 0, 0, 0, 0, 0, 0, 0, 0, 0, 0, 0, 0, 0, 0, 0, 0, 0, 0, 0, 0, 0, 0, 0, 0, 0, 0, 0, 0, 0, 0, 0, 0, 0, 0, 0, 0, 0, 0, 0, 0, 0, 0, 0, 0, 0, 0, 0, 0, 0, 0, 0, 0, 0, 0, 0, 0, 0, 0, 0, 0, 0, 0, 0, 0, 0, 0, 0, 0, 0, 0, 0, 0, 0, 0, 0, 0, 0, 0, 0, 0, 0, 0, 0, 0, 0, 0, 0, 0, 0, 0, 0, 0, 0, 0, 0, 0, 0, 0, 0, 0, 0, 0, 0, 0, 0, 0, 0, 0, 0, 0, 0, 0, 0, 0, 0, 1, 1, 1, 1, 1, 1, 1, 1, 1, 1, 1, 1, 1, 1, 1, 1, 1, 1, 1, 1, 1, 1, 1, 1, 1, 1, 1, 1, 1, 1, 1, 1, 1, 1, 1, 1, 1, 1, 1, 1, 1, 1, 1, 1, 1, 1, 1, 1, 1, 1, 1, 1, 1, 1, 1, 1, 1, 1, 1, 1, 1, 1, 1, 1, 1, 1, 1, 1, 1, 1, 1, 1, 1, 1, 1, 1, 1, 1, 1, 1, 1, 1, 1, 1, 1, 1, 1, 1, 1, 1, 1, 1, 1, 1, 1, 1, 1, 1, 1, 1, 1, 1, 1, 1, 1, 1, 1, 1, 1, 1, 1, 1, 1, 1, 1, 1, 1, 1, 1, 1, 1, 1, 1, 1, 1, 1, 1, 1, 1, 1, 1, 1, 1, 1, 1, 1, 1, 1, 1, 1, 1, 1, 1, 1, 1, 1, 1, 1, 1, 1, 1, 1, 1, 1, 1, 1, 1, 1, 1, 1, 1, 1, 1, 1, 1, 1, 1, 1, 1, 1, 1, 1, 1, 1, 1, 1, 1, 1, 1, 1, 1, 1, 1, 1, 1, 1, 1, 1, 1, 1, 1, 1, 1, 1, 1, 1, 1, 1, 1, 1, 1, 1, 1, 1, 1, 1, 1, 1, 1, 1, 1, 1, 1, 1, 1, 1, 1, 1, 1, 1, 1, 1, 1, 1, 1, 1, 1, 1, 1, 1, 1, 1, 1, 1, 1, 1, 1, 1, 1, 1, 1, 1, 1, 1, 1, 1, 1, 1, 1, 1, 1, 1, 1, 1, 1, 1, 1, 1, 1, 1, 1, 1, 1, 1, 1, 1, 1, 1, 1, 1, 1, 1, 1, 1, 1, 1, 1, 1, 1, 1, 1, 1, 1, 1, 1, 1, 1, 1, 1, 1, 1, 1, 1, 1, 1, 1, 1, 1, 1, 1, 1, 1, 1, 1, 1, 1, 1, 1, 1, 1, 1, 1, 1, 1, 1, 1, 1, 1, 1, 1, 1, 1, 1, 1, 1, 1, 1, 1, 1, 1, 1, 1, 1, 1, 1, 1, 1, 1, 1, 1, 1, 1, 1, 1, 1, 1, 1, 1, 1, 1, 1, 1, 1, 1, 1, 1, 1, 1, 1, 1, 1, 1, 1, 1, 1, 1, 1, 1, 1, 1, 1, 1, 1, 1, 1, 1, 1, 1, 1, 1, 1, 1, 1, 1, 1, 1, 1, 1, 1, 1, 1, 1, 1, 1, 1, 1, 1, 1, 1, 1, 1, 1, 1, 1, 1, 1, 1, 1, 1, 1, 1, 1, 1, 1, 1, 1, 1, 1, 1, 1, 1, 1, 1, 1, 1, 1, 1, 1, 1, 1, 1, 1, 1, 1, 1, 1, 1, 1, 1, 1, 1, 1, 1, 1, 1, 1, 1, 1, 1, 1, 1, 1, 1, 1, 1, 1, 1, 1, 1, 1, 1, 1, 1, 1, 1, 1, 1, 1, 1, 1, 1, 1, 1, 1, 1, 1, 1, 1, 1, 1, 1, 1, 1, 1, 1, 1, 1, 1, 1, 1, 1, 1, 1, 1, 1, 1, 1, 1, 1, 1, 1, 1, 1, 1, 1, 1, 1, 1, 1, 1, 1, 1, 1, 1, 1, 1, 1, 1, 1, 1, 1, 1, 1, 1, 1, 1, 1, 1, 1, 1, 1, 1, 1, 1, 1, 1, 1, 1, 1, 1, 1, 1, 1, 1, 1, 1, 1, 1, 1, 1, 1, 1, 1, 1, 1, 1, 1, 1, 1, 1, 1, 1, 1, 1, 1, 1, 1, 1, 1, 1, 1, 1, 1, 1, 1, 1, 1, 1, 1, 1, 1, 1, 1, 1, 1, 1, 1, 1, 1, 1, 1, 1, 1, 1, 1, 1, 1, 1, 1, 1, 1, 1, 1, 1, 1, 1, 1, 1, 1, 1, 1, 1, 1, 1, 1, 1, 1, 1, 1, 1, 1, 1, 1, 1, 1, 1, 1, 1, 1, 1, 1, 1, 1, 1, 1, 1, 1, 1, 1, 1, 1, 1, 1, 1, 1, 1, 1, 1, 1, 1, 1, 1, 1, 1, 1, 1, 1, 1, 1, 1, 1, 1, 1, 1, 1, 1, 2, 2, 2, 2, 2, 2, 2, 2, 2, 2, 2, 2, 2, 2, 2, 2, 2, 2, 2, 2, 2, 2, 2, 2, 2, 2, 2, 2, 2, 2, 2, 2, 2, 2, 2, 2, 2, 2, 2, 2, 2, 2, 2, 2, 2, 2, 2, 2, 2, 2, 2, 2, 2, 2, 2, 2, 2, 2, 2, 2, 2, 2, 2, 2, 2, 2, 2, 2, 2, 2, 2, 2, 2, 2, 2, 2, 2, 2, 2, 2, 2, 2, 2, 2, 2, 2, 2, 2, 2, 2, 2, 2, 2, 2, 2, 2, 2, 2, 2, 2, 2, 2, 2, 2, 2, 2, 2, 2, 2, 2, 2, 2, 2, 2, 2, 2, 2, 2, 2, 2, 2, 2, 2, 2, 2, 2, 2, 2, 2, 2, 2, 2, 2, 2, 2, 2, 2, 2, 2, 2, 2, 2, 2, 2, 2, 2, 2, 2, 2, 2, 2, 2, 2, 2, 2, 2, 2, 2, 2, 2, 2, 2, 2, 2, 2, 2, 2, 2, 2, 2, 2, 2, 2, 2, 2, 2, 2, 2, 2, 2, 2, 2, 2, 2, 2, 2, 2, 2, 2, 2, 2, 2, 2, 2, 2, 2, 2, 2, 2, 2, 2, 2, 2, 2, 2, 2, 2, 2, 2, 2, 2, 2, 2, 2, 2, 2, 2, 2, 2, 2, 2, 2, 2, 2, 2, 2, 2, 2, 2, 2, 2, 2, 2, 2, 2, 2, 2, 2, 2, 2, 2, 2, 2, 2, 2, 2, 2, 2, 2, 2, 2, 2, 2, 2, 2, 2, 2, 2, 2, 2, 2, 2, 2, 2, 2, 2, 2, 2, 2, 2, 2, 2, 2, 2, 2, 2, 2, 2, 2, 2, 2, 2, 2, 2, 2, 2, 2, 2, 2, 2, 2, 2, 2, 2, 2, 2, 2, 2, 2, 2, 2, 2, 2, 2, 2, 2, 2, 2, 2, 2, 2, 2, 2, 2, 2, 2, 2, 2, 2, 2, 2, 2, 2, 2, 2, 2, 2, 2, 2, 2, 2, 2, 2, 2, 2, 2, 2, 2, 2, 2, 2, 2, 2, 2, 2, 2, 2, 2, 2, 2, 2, 2, 2, 2, 2, 2, 2, 2, 2, 2, 2, 2, 2, 2, 2, 2, 2, 2, 2, 2, 2, 2, 2, 2, 2, 2, 2, 2, 2, 2, 2, 2, 2, 2, 2, 2, 2, 2, 2, 2, 2, 2, 2, 2, 2, 2, 2, 2, 2, 2, 2, 2, 2, 2, 2, 2, 2, 2, 2, 2, 2, 2, 2, 2, 2, 2, 2, 2, 2, 2, 2, 2, 2, 2, 2, 2, 2, 2, 2, 2, 2, 2, 2, 2, 2, 2, 2, 2, 2, 2, 2, 2, 2, 2, 2, 2, 2, 2, 2, 2, 2, 2, 2, 2, 2, 2, 2, 2, 2, 2, 2, 2, 2, 2, 2, 2, 2, 2, 2, 2, 2, 2, 2, 2, 2, 2, 2, 2, 2, 2, 2, 2, 2, 2, 2, 2, 2, 2, 2, 2, 2, 2, 2, 2, 2, 2, 2, 2, 2, 2, 2, 2, 2, 2, 2, 2, 2, 2, 2, 2, 2, 2, 2, 2, 2, 2, 2, 2, 2, 2, 2, 2, 2, 2, 2, 2, 2, 2, 2, 2, 2, 2, 2, 2, 2, 2, 2, 2, 2, 2, 2, 2, 2, 2, 2, 2, 2, 2, 2, 2, 2, 2, 2, 2, 2, 2, 2, 2, 2, 2, 2, 2, 2, 2, 2, 2, 2, 2, 2, 2, 2, 2, 2, 2, 2, 2, 2, 2, 2, 2, 2, 2, 2, 2, 2, 2, 2, 2, 2, 2, 2, 2, 2, 2, 2, 2, 2, 2, 2, 2, 2, 2, 2, 2, 2, 2, 2, 2, 2, 2, 2, 2, 2, 2, 2, 2, 2, 2, 2, 2, 2, 2, 2, 2, 2, 2, 2, 2, 2, 2, 2, 2, 2, 2, 2, 2, 2, 2, 2, 2, 2, 2, 2, 2, 2, 2, 2, 2, 2, 2, 2, 2, 2, 2, 2, 2, 2, 2, 2, 2, 2, 2, 2, 2, 2, 2]