0 8 9 21 34 40 45 
1 28 35 175 
2 9 33 55 165 
3 24 26 43 60 163 
4 10 20 22 32 49 53 55 
5 21 34 40 41 51 55 62 113 
6 12 31 42 48 50 110 115 
7 20 23 28 39 147 
8 18 44 45 
9 19 26 37 169 
10 23 25 26 27 42 48 188 
11 25 33 42 
12 23 24 40 41 68 
13 37 41 
14 19 30 51 152 
15 20 34 35 37 47 56 81 84 
16 26 41 68 77 107 138 
17 47 58 171 
18 25 28 38 46 53 57 127 162 
19 32 37 45 48 57 
20 25 34 41 52 
21 23 25 26 32 44 101 131 
22 23 27 28 32 36 45 64 
23 24 31 45 186 
24 33 41 65 167 
25 27 48 57 
26 39 47 139 172 188 
27 33 43 
28 32 118 186 
29 41 55 61 
30 52 64 
31 48 61 
32 43 47 
33 62 114 
34 36 112 180 
35 36 50 53 56 196 
36 68 
37 
38 53 64 
39 82 85 107 
40 47 64 154 
41 55 60 
42 43 44 65 147 
43 130 154 
44 46 
45 60 62 
46 96 
47 61 
48 73 125 
49 134 
50 
51 63 
52 
53 64 107 133 183 194 
54 197 
55 61 173 180 
56 
57 64 
58 
59 79 90 179 
60 
61 64 65 134 194 
62 87 
63 
64 96 114 121 130 163 166 
65 86 116 
66 103 
67 80 81 83 104 111 
68 70 82 128 161 
69 73 77 82 100 104 128 
70 78 81 99 106 108 112 145 
71 77 91 105 
72 81 94 115 
73 84 89 92 112 137 
74 90 
75 84 97 111 128 
76 81 101 104 152 
77 107 169 
78 80 154 
79 83 98 109 116 
80 81 85 93 95 100 109 113 120 127 128 131 
81 89 99 107 113 117 120 
82 91 100 
83 84 86 94 120 
84 90 108 131 
85 92 124 128 158 168 
86 96 
87 96 131 162 
88 130 166 167 
89 100 183 188 
90 107 115 124 130 154 179 
91 106 107 110 112 117 129 147 
92 108 130 
93 127 192 
94 97 121 
95 109 126 
96 113 121 
97 112 123 142 143 144 
98 102 109 
99 101 109 123 127 
100 122 
101 103 118 
102 109 
103 119 120 123 
104 134 150 
105 154 
106 107 121 126 
107 108 
108 124 
109 112 120 130 
110 144 
111 115 
112 121 131 
113 117 118 124 169 170 
114 118 128 
115 119 122 197 
116 129 192 
117 
118 121 129 
119 125 129 
120 124 130 137 
121 
122 184 
123 
124 155 
125 
126 
127 131 157 
128 
129 192 
130 
131 
132 138 142 179 184 185 193 
133 157 159 197 
134 153 172 196 
135 137 161 166 175 191 197 
136 150 162 177 186 
137 158 160 180 
138 153 167 168 189 
139 140 150 168 171 178 187 193 
140 148 154 187 
141 177 188 189 191 
142 152 171 190 
143 153 162 166 180 
144 161 169 175 184 
145 164 185 
146 153 157 159 162 163 177 
147 156 166 180 195 
148 179 183 197 
149 154 
150 161 165 172 181 190 197 
151 178 183 196 
152 182 187 190 192 
153 178 193 194 
154 160 162 173 175 
155 
156 158 166 170 173 176 185 186 
157 159 187 193 194 
158 168 175 183 189 
159 165 166 192 
160 161 163 169 179 183 185 189 
161 179 192 
162 175 182 184 
163 166 168 176 185 
164 170 190 
165 168 178 
166 182 
167 177 179 
168 173 
169 190 191 192 
170 177 182 
171 179 181 189 190 
172 
173 180 187 191 
174 184 185 192 193 
175 190 
176 185 
177 195 
178 193 
179 189 193 
180 
181 
182 193 197 
183 185 197 
184 
185 
186 192 
187 
188 
189 191 
190 
191 
192 
193 
194 196 
195 
196 
197 
198 
199 
[0, 0, 0, 0, 0, 0, 0, 0, 0, 0, 0, 0, 0, 0, 0, 0, 0, 0, 0, 0, 0, 0, 0, 0, 0, 0, 0, 0, 0, 0, 0, 0, 0, 0, 0, 0, 0, 0, 0, 0, 0, 0, 0, 0, 0, 0, 0, 0, 0, 0, 0, 0, 0, 0, 0, 0, 0, 0, 0, 0, 0, 0, 0, 0, 0, 0, 1, 1, 1, 1, 1, 1, 1, 1, 1, 1, 1, 1, 1, 1, 1, 1, 1, 1, 1, 1, 1, 1, 1, 1, 1, 1, 1, 1, 1, 1, 1, 1, 1, 1, 1, 1, 1, 1, 1, 1, 1, 1, 1, 1, 1, 1, 1, 1, 1, 1, 1, 1, 1, 1, 1, 1, 1, 1, 1, 1, 1, 1, 1, 1, 1, 1, 2, 2, 2, 2, 2, 2, 2, 2, 2, 2, 2, 2, 2, 2, 2, 2, 2, 2, 2, 2, 2, 2, 2, 2, 2, 2, 2, 2, 2, 2, 2, 2, 2, 2, 2, 2, 2, 2, 2, 2, 2, 2, 2, 2, 2, 2, 2, 2, 2, 2, 2, 2, 2, 2, 2, 2, 2, 2, 2, 2, 2, 2, 2, 2, 2, 2, 0, 0]