0 22 41 61 67 98 
1 50 61 68 
2 9 11 37 87 
3 14 25 33 64 
4 14 42 87 
5 28 61 66 
6 16 65 74 77 88 
7 10 34 42 94 150 
8 33 70 
9 10 50 54 87 
10 41 53 
11 34 45 59 71 98 
12 70 85 87 95 
13 52 60 
14 22 26 36 
15 42 65 80 96 
16 28 35 82 
17 34 48 84 196 
18 31 
19 28 85 96 
20 62 
21 28 29 
22 27 99 
23 37 42 
24 54 64 87 
25 33 47 58 68 95 163 
26 32 61 69 108 
27 58 94 
28 
29 
30 131 153 
31 41 86 94 
32 
33 44 94 
34 40 63 
35 57 67 
36 93 
37 39 
38 85 
39 51 54 55 68 72 
40 58 64 79 86 91 
41 74 
42 49 58 97 117 
43 
44 52 94 
45 92 
46 48 59 73 
47 51 86 90 
48 
49 89 92 154 
50 56 65 110 
51 
52 96 
53 74 81 
54 197 
55 76 
56 
57 64 68 77 82 
58 73 80 91 120 
59 
60 142 
61 
62 67 
63 89 140 164 
64 95 115 145 153 
65 89 
66 67 99 
67 177 
68 127 
69 
70 
71 
72 95 122 169 
73 
74 
75 
76 80 175 
77 184 
78 94 95 
79 
80 141 
81 
82 90 
83 99 
84 
85 
86 112 157 
87 
88 90 98 
89 
90 
91 
92 99 
93 
94 96 127 
95 
96 143 
97 133 
98 119 
99 
100 104 108 126 174 
101 147 159 165 
102 142 184 
103 108 154 163 184 
104 113 117 170 
105 121 131 142 149 170 
106 116 142 156 188 
107 114 141 173 
108 127 145 165 
109 141 
110 137 155 170 
111 152 169 173 
112 196 
113 132 158 
114 116 117 138 141 167 176 
115 
116 131 143 169 
117 177 199 
118 123 192 
119 126 
120 173 
121 148 163 
122 143 183 
123 126 140 162 
124 135 167 
125 130 136 
126 188 198 
127 135 186 
128 159 165 180 
129 151 154 
130 155 169 
131 173 
132 134 168 195 
133 142 154 194 
134 138 154 166 
135 141 
136 141 162 167 
137 138 
138 182 
139 
140 149 176 
141 157 194 
142 166 170 
143 167 176 
144 165 168 170 199 
145 190 
146 154 
147 166 173 186 188 
148 169 191 
149 153 
150 160 161 
151 
152 
153 167 
154 173 175 
155 184 192 
156 191 193 
157 194 
158 160 
159 180 194 
160 171 180 197 
161 163 
162 
163 168 
164 
165 178 185 195 
166 174 191 
167 186 189 
168 174 192 
169 
170 
171 
172 
173 
174 176 
175 
176 
177 179 
178 189 
179 
180 190 197 
181 
182 183 
183 186 
184 188 
185 190 
186 
187 
188 
189 
190 
191 
192 
193 
194 
195 
196 
197 
198 
199 
[0, 0, 0, 0, 0, 0, 0, 0, 0, 0, 0, 0, 0, 0, 0, 0, 0, 0, 0, 0, 0, 0, 0, 0, 0, 0, 0, 0, 0, 0, 0, 0, 0, 0, 0, 0, 0, 0, 0, 0, 0, 0, 0, 0, 0, 0, 0, 0, 0, 0, 0, 0, 0, 0, 0, 0, 0, 0, 0, 0, 0, 0, 0, 0, 0, 0, 0, 0, 0, 0, 0, 0, 0, 0, 0, 0, 0, 0, 0, 0, 0, 0, 0, 0, 0, 0, 0, 0, 0, 0, 0, 0, 0, 0, 0, 0, 0, 0, 0, 0, 1, 1, 1, 1, 1, 1, 1, 1, 1, 1, 1, 1, 1, 1, 1, 1, 1, 1, 1, 1, 1, 1, 1, 1, 1, 1, 1, 1, 1, 1, 1, 1, 1, 1, 1, 1, 1, 1, 1, 1, 1, 1, 1, 1, 1, 1, 1, 1, 1, 1, 1, 1, 1, 1, 1, 1, 1, 1, 1, 1, 1, 1, 1, 1, 1, 1, 1, 1, 1, 1, 1, 1, 1, 1, 1, 1, 1, 1, 1, 1, 1, 1, 1, 1, 1, 1, 1, 1, 1, 1, 1, 1, 1, 1, 1, 1, 1, 1, 1, 1]