0 26 143 
1 5 8 20 34 
2 
3 21 22 182 
4 21 23 
5 10 13 14 18 35 116 
6 17 93 
7 8 27 38 48 198 
8 130 
9 
10 15 33 47 101 
11 27 
12 32 121 
13 14 28 32 
14 39 
15 
16 
17 31 130 
18 21 24 34 36 39 141 
19 27 34 36 44 
20 117 
21 79 172 178 
22 61 91 120 166 
23 
24 50 
25 108 
26 30 35 36 
27 
28 36 
29 
30 38 150 
31 
32 198 
33 39 105 115 
34 179 
35 54 157 
36 
37 50 
38 175 
39 
40 96 137 
41 74 91 133 
42 49 59 
43 55 69 113 195 
44 49 
45 50 64 
46 64 123 190 
47 64 
48 49 54 64 76 111 
49 51 69 
50 52 
51 
52 54 68 81 167 
53 55 
54 64 77 
55 68 74 120 
56 63 95 
57 65 70 
58 68 76 79 
59 157 
60 162 
61 168 
62 
63 
64 186 
65 
66 150 196 
67 140 
68 
69 72 
70 
71 
72 
73 178 
74 95 
75 
76 120 
77 
78 
79 88 
80 96 116 128 
81 82 106 
82 94 98 
83 171 
84 110 117 198 
85 87 147 
86 106 
87 118 
88 102 114 
89 111 117 
90 
91 
92 96 141 
93 125 139 
94 155 
95 103 178 
96 100 112 115 
97 111 184 
98 
99 100 
100 
101 108 
102 111 
103 
104 
105 
106 
107 119 191 
108 
109 114 194 
110 
111 116 
112 116 131 
113 118 
114 
115 187 195 
116 
117 152 
118 
119 
120 121 123 144 148 
121 
122 130 
123 138 143 154 
124 
125 158 
126 138 157 
127 139 151 153 
128 130 131 139 
129 130 
130 139 142 151 152 158 194 
131 149 159 
132 134 
133 134 146 
134 141 167 
135 
136 150 
137 140 147 
138 140 152 197 
139 
140 144 153 197 
141 147 
142 149 155 
143 193 
144 
145 
146 154 
147 149 155 186 
148 
149 159 
150 
151 
152 
153 
154 156 
155 181 
156 
157 193 
158 
159 
160 173 181 192 
161 184 
162 189 191 
163 164 169 182 
164 180 
165 184 
166 167 
167 178 
168 181 184 
169 172 186 
170 172 173 179 182 192 
171 176 179 197 
172 188 
173 187 196 
174 195 
175 181 194 
176 
177 187 
178 182 185 187 
179 185 
180 195 
181 
182 191 
183 
184 190 
185 
186 
187 
188 
189 
190 
191 
192 197 
193 
194 
195 
196 
197 
198 
199 
[0, 0, 0, 0, 0, 0, 0, 0, 0, 0, 0, 0, 0, 0, 0, 0, 0, 0, 0, 0, 0, 0, 0, 0, 0, 0, 0, 0, 0, 0, 0, 0, 0, 0, 0, 0, 0, 0, 0, 0, 1, 1, 1, 1, 1, 1, 1, 1, 1, 1, 1, 1, 1, 1, 1, 1, 1, 1, 1, 1, 1, 1, 1, 1, 1, 1, 1, 1, 1, 1, 1, 1, 1, 1, 1, 1, 1, 1, 1, 1, 2, 2, 2, 2, 2, 2, 2, 2, 2, 2, 2, 2, 2, 2, 2, 2, 2, 2, 2, 2, 2, 2, 2, 2, 2, 2, 2, 2, 2, 2, 2, 2, 2, 2, 2, 2, 2, 2, 2, 2, 3, 3, 3, 3, 3, 3, 3, 3, 3, 3, 3, 3, 3, 3, 3, 3, 3, 3, 3, 3, 3, 3, 3, 3, 3, 3, 3, 3, 3, 3, 3, 3, 3, 3, 3, 3, 3, 3, 3, 3, 4, 4, 4, 4, 4, 4, 4, 4, 4, 4, 4, 4, 4, 4, 4, 4, 4, 4, 4, 4, 4, 4, 4, 4, 4, 4, 4, 4, 4, 4, 4, 4, 4, 4, 4, 4, 4, 4, 4, 4]