0 1 18 50 
1 12 53 55 
2 10 42 45 
3 14 54 104 
4 38 43 
5 8 11 
6 61 152 
7 26 64 74 133 
8 10 60 65 92 
9 25 36 
10 19 38 
11 131 
12 
13 41 60 169 
14 55 
15 46 65 102 
16 37 86 
17 40 
18 39 61 169 
19 42 
20 116 
21 65 
22 42 
23 29 48 
24 45 
25 48 
26 43 
27 54 
28 103 
29 59 64 
30 
31 37 
32 38 54 
33 
34 46 55 
35 59 
36 
37 103 138 
38 55 57 129 156 
39 44 
40 
41 
42 53 
43 48 169 
44 
45 54 
46 57 
47 
48 
49 175 
50 134 
51 57 60 95 
52 122 182 
53 54 
54 
55 
56 57 174 
57 65 
58 196 
59 99 
60 
61 162 
62 
63 
64 
65 
66 76 86 
67 
68 81 89 
69 96 111 125 
70 73 118 
71 77 79 124 
72 77 
73 95 115 
74 119 130 
75 78 114 
76 79 118 
77 90 
78 108 109 
79 114 123 148 
80 94 113 
81 
82 
83 
84 89 95 105 126 
85 114 118 
86 92 111 117 131 
87 112 
88 
89 123 159 
90 
91 101 133 
92 113 127 
93 114 163 
94 118 132 
95 129 
96 
97 117 
98 99 111 129 
99 118 
100 122 166 
101 
102 122 
103 106 116 
104 116 
105 171 
106 113 149 
107 
108 123 
109 118 
110 
111 124 176 
112 116 126 129 
113 124 179 
114 
115 131 
116 164 
117 124 126 
118 131 
119 
120 121 
121 
122 
123 
124 
125 
126 
127 
128 129 146 
129 142 
130 
131 
132 135 147 191 
133 176 
134 153 185 
135 150 169 
136 167 173 179 
137 142 
138 155 192 
139 151 
140 143 167 187 
141 155 193 
142 184 190 193 
143 160 180 
144 153 160 
145 182 
146 184 193 
147 153 
148 176 
149 165 192 
150 153 173 
151 157 160 
152 
153 177 
154 187 
155 186 187 
156 163 180 189 
157 159 
158 
159 182 
160 162 163 182 190 
161 174 178 186 
162 164 169 173 177 
163 166 193 
164 177 
165 
166 
167 188 
168 182 192 
169 
170 176 
171 
172 
173 
174 
175 
176 
177 186 
178 
179 
180 
181 
182 
183 186 197 
184 
185 
186 188 
187 
188 189 
189 
190 
191 
192 
193 
194 197 
195 
196 
197 
198 
199 
[0, 0, 0, 0, 0, 0, 0, 0, 0, 0, 0, 0, 0, 0, 0, 0, 0, 0, 0, 0, 0, 0, 0, 0, 0, 0, 0, 0, 0, 0, 0, 0, 0, 0, 0, 0, 0, 0, 0, 0, 0, 0, 0, 0, 0, 0, 0, 0, 0, 0, 0, 0, 0, 0, 0, 0, 0, 0, 0, 0, 0, 0, 0, 0, 0, 0, 1, 1, 1, 1, 1, 1, 1, 1, 1, 1, 1, 1, 1, 1, 1, 1, 1, 1, 1, 1, 1, 1, 1, 1, 1, 1, 1, 1, 1, 1, 1, 1, 1, 1, 1, 1, 1, 1, 1, 1, 1, 1, 1, 1, 1, 1, 1, 1, 1, 1, 1, 1, 1, 1, 1, 1, 1, 1, 1, 1, 1, 1, 1, 1, 1, 1, 2, 2, 2, 2, 2, 2, 2, 2, 2, 2, 2, 2, 2, 2, 2, 2, 2, 2, 2, 2, 2, 2, 2, 2, 2, 2, 2, 2, 2, 2, 2, 2, 2, 2, 2, 2, 2, 2, 2, 2, 2, 2, 2, 2, 2, 2, 2, 2, 2, 2, 2, 2, 2, 2, 2, 2, 2, 2, 2, 2, 2, 2, 2, 2, 2, 2, 0, 0]