0 36 
1 32 
2 31 196 
3 39 
4 17 
5 
6 
7 184 
8 106 
9 34 
10 113 
11 25 
12 
13 
14 
15 
16 
17 
18 
19 
20 
21 128 
22 
23 
24 25 65 
25 
26 
27 
28 
29 
30 
31 
32 50 
33 134 
34 
35 
36 
37 
38 
39 
40 
41 65 95 
42 47 
43 122 
44 
45 
46 51 
47 
48 199 
49 59 
50 
51 58 
52 
53 
54 191 
55 63 
56 
57 
58 
59 76 
60 100 
61 
62 
63 74 
64 
65 
66 
67 
68 70 79 
69 70 
70 
71 
72 
73 
74 146 
75 
76 
77 
78 
79 
80 83 
81 100 
82 83 93 
83 
84 
85 
86 
87 113 184 
88 98 124 143 
89 103 
90 
91 
92 
93 
94 
95 
96 
97 
98 
99 
100 
101 
102 107 
103 
104 
105 
106 
107 198 
108 
109 
110 
111 
112 
113 
114 
115 
116 
117 
118 
119 
120 
121 
122 
123 
124 
125 130 138 
126 139 
127 
128 
129 
130 134 
131 
132 
133 
134 
135 
136 
137 
138 
139 
140 
141 145 
142 
143 
144 
145 
146 185 
147 156 
148 
149 
150 
151 
152 
153 
154 
155 
156 173 
157 
158 
159 
160 
161 
162 194 
163 
164 
165 
166 180 
167 
168 
169 
170 
171 
172 
173 
174 
175 
176 
177 
178 
179 
180 196 
181 
182 
183 
184 
185 
186 
187 
188 
189 
190 
191 
192 
193 
194 
195 
196 
197 
198 
199 
[0, 0, 0, 0, 0, 0, 0, 0, 0, 0, 0, 0, 0, 0, 0, 0, 0, 0, 0, 0, 0, 0, 0, 0, 0, 0, 0, 0, 0, 0, 0, 0, 0, 0, 0, 0, 0, 0, 0, 0, 1, 1, 1, 1, 1, 1, 1, 1, 1, 1, 1, 1, 1, 1, 1, 1, 1, 1, 1, 1, 1, 1, 1, 1, 1, 1, 1, 1, 1, 1, 1, 1, 1, 1, 1, 1, 1, 1, 1, 1, 2, 2, 2, 2, 2, 2, 2, 2, 2, 2, 2, 2, 2, 2, 2, 2, 2, 2, 2, 2, 2, 2, 2, 2, 2, 2, 2, 2, 2, 2, 2, 2, 2, 2, 2, 2, 2, 2, 2, 2, 3, 3, 3, 3, 3, 3, 3, 3, 3, 3, 3, 3, 3, 3, 3, 3, 3, 3, 3, 3, 3, 3, 3, 3, 3, 3, 3, 3, 3, 3, 3, 3, 3, 3, 3, 3, 3, 3, 3, 3, 4, 4, 4, 4, 4, 4, 4, 4, 4, 4, 4, 4, 4, 4, 4, 4, 4, 4, 4, 4, 4, 4, 4, 4, 4, 4, 4, 4, 4, 4, 4, 4, 4, 4, 4, 4, 4, 4, 4, 4]