0 144 
1 93 103 
2 
3 
4 
5 
6 270 541 
7 
8 1593 
9 
10 
11 428 
12 370 
13 15 252 
14 178 253 
15 26 
16 
17 124 
18 
19 353 
20 35 
21 789 1691 
22 
23 
24 580 
25 
26 476 608 1408 
27 87 396 
28 
29 
30 
31 629 
32 
33 351 
34 399 
35 
36 
37 88 137 187 
38 189 
39 247 
40 450 534 
41 
42 392 587 
43 
44 
45 299 460 
46 662 
47 201 551 643 
48 385 
49 
50 158 
51 
52 352 392 
53 
54 1357 
55 309 462 1373 
56 
57 343 
58 
59 593 
60 
61 
62 305 
63 
64 113 
65 494 
66 530 
67 
68 568 
69 407 
70 
71 
72 80 
73 
74 
75 292 392 
76 
77 
78 
79 347 
80 497 
81 
82 1731 
83 
84 702 850 
85 
86 
87 569 
88 
89 
90 1415 
91 
92 
93 461 1185 
94 
95 1517 
96 
97 
98 385 
99 
100 
101 
102 290 642 
103 
104 576 
105 1322 
106 
107 
108 
109 236 
110 
111 523 
112 1079 
113 
114 
115 
116 853 
117 249 279 342 424 526 
118 559 
119 
120 
121 600 
122 
123 
124 325 
125 410 1038 
126 
127 352 515 
128 305 
129 341 398 1397 
130 
131 
132 
133 411 
134 181 
135 600 
136 422 
137 
138 210 597 
139 
140 
141 
142 1930 
143 
144 
145 
146 
147 
148 279 
149 
150 219 
151 
152 
153 339 523 
154 
155 528 656 1983 
156 
157 633 
158 
159 1845 
160 299 565 
161 215 
162 645 
163 
164 396 
165 923 1708 
166 226 
167 168 248 599 
168 
169 507 
170 
171 288 440 
172 476 
173 245 461 1852 
174 
175 1377 
176 290 
177 317 
178 565 
179 227 
180 
181 
182 1753 
183 
184 1169 
185 216 
186 216 274 1227 1987 
187 510 
188 
189 270 
190 508 
191 511 
192 
193 254 
194 271 
195 512 
196 
197 
198 
199 1731 
200 1223 
201 
202 
203 
204 
205 
206 
207 
208 
209 
210 
211 
212 543 660 
213 422 
214 366 
215 1459 
216 410 550 
217 342 
218 271 825 
219 
220 
221 444 
222 407 
223 573 
224 
225 
226 
227 
228 324 
229 369 
230 
231 656 
232 
233 
234 
235 273 447 
236 
237 
238 638 
239 
240 
241 
242 
243 427 
244 
245 
246 
247 
248 
249 535 
250 604 
251 351 
252 
253 
254 
255 
256 383 
257 693 
258 
259 1477 
260 1128 1901 
261 
262 
263 
264 554 
265 291 
266 
267 
268 486 
269 
270 325 
271 
272 326 
273 
274 
275 
276 
277 346 520 
278 
279 1147 
280 
281 1149 
282 
283 1627 
284 
285 309 
286 335 569 
287 497 
288 
289 
290 
291 373 1270 
292 622 1190 
293 1455 
294 
295 511 
296 
297 
298 
299 
300 
301 
302 
303 
304 
305 
306 
307 
308 792 
309 551 643 
310 
311 
312 
313 
314 
315 
316 579 
317 
318 
319 1628 
320 566 
321 611 
322 452 
323 
324 
325 
326 567 1541 1851 
327 392 625 645 
328 1205 
329 
330 
331 
332 598 
333 473 638 
334 590 
335 449 
336 493 
337 
338 
339 1581 
340 
341 
342 358 
343 
344 
345 528 
346 595 
347 
348 802 
349 
350 
351 
352 
353 
354 
355 483 
356 885 
357 
358 
359 654 
360 399 
361 
362 
363 
364 
365 492 
366 
367 
368 
369 
370 
371 642 
372 
373 
374 
375 
376 
377 
378 
379 425 634 
380 
381 562 
382 
383 606 
384 938 
385 475 
386 1695 
387 1169 1537 
388 1303 
389 
390 
391 
392 
393 
394 
395 1368 
396 549 936 
397 627 
398 
399 
400 
401 
402 
403 
404 
405 
406 526 
407 
408 
409 
410 
411 626 660 
412 905 
413 
414 494 
415 
416 
417 
418 
419 
420 
421 1045 
422 686 
423 445 485 
424 
425 
426 488 
427 
428 
429 
430 
431 
432 
433 
434 
435 
436 
437 
438 516 705 
439 
440 
441 
442 
443 
444 
445 
446 
447 
448 1361 
449 457 477 613 
450 526 
451 
452 
453 
454 
455 
456 1849 
457 
458 593 
459 
460 636 
461 
462 
463 479 
464 
465 
466 939 
467 
468 
469 
470 
471 537 
472 600 
473 
474 
475 
476 
477 525 1787 
478 
479 
480 
481 
482 
483 
484 
485 
486 
487 
488 
489 
490 
491 
492 
493 
494 
495 
496 
497 
498 
499 
500 
501 
502 
503 1488 
504 
505 
506 
507 
508 
509 
510 
511 629 
512 1251 
513 
514 
515 637 
516 552 
517 653 903 
518 
519 
520 
521 795 
522 
523 
524 1244 
525 587 
526 
527 
528 
529 
530 
531 
532 
533 
534 1693 
535 
536 
537 
538 
539 
540 
541 
542 
543 
544 
545 
546 1244 
547 
548 
549 
550 652 
551 
552 
553 
554 
555 
556 
557 
558 
559 
560 
561 
562 1224 
563 1351 
564 
565 
566 
567 
568 1965 
569 1107 
570 
571 
572 
573 
574 
575 
576 
577 
578 
579 
580 
581 
582 1248 
583 
584 
585 1991 
586 
587 
588 
589 
590 
591 
592 
593 
594 
595 
596 
597 
598 
599 
600 
601 1911 
602 
603 
604 
605 695 
606 
607 
608 
609 
610 1955 
611 1709 
612 
613 
614 1223 
615 619 
616 
617 
618 
619 
620 
621 
622 
623 
624 
625 
626 
627 
628 
629 
630 
631 
632 
633 
634 
635 
636 
637 
638 
639 
640 
641 
642 1382 
643 1664 
644 
645 
646 
647 665 
648 
649 
650 
651 1516 
652 1230 
653 
654 
655 
656 
657 
658 
659 
660 
661 
662 
663 
664 
665 
666 
667 
668 
669 706 800 
670 1301 
671 
672 
673 929 
674 683 1315 
675 1019 1306 
676 905 1064 1358 1515 
677 
678 
679 866 1000 
680 
681 944 
682 1297 1442 
683 
684 
685 
686 
687 
688 755 
689 
690 760 985 
691 
692 
693 798 
694 
695 
696 
697 
698 
699 
700 
701 1268 
702 938 
703 1174 
704 
705 1166 
706 1030 
707 
708 1074 
709 
710 
711 1081 1190 
712 1503 
713 
714 
715 744 1285 
716 1038 
717 
718 
719 850 
720 
721 
722 1155 1753 
723 
724 735 
725 1719 
726 
727 
728 1044 
729 
730 
731 
732 1277 
733 
734 1937 
735 
736 
737 
738 1027 
739 
740 1128 1788 
741 1070 1076 
742 
743 1121 
744 898 1025 
745 1231 
746 
747 847 
748 
749 
750 1246 1678 
751 
752 
753 1081 1251 
754 
755 
756 863 
757 
758 
759 
760 
761 
762 952 
763 
764 862 
765 
766 1081 
767 1155 
768 
769 1204 
770 
771 1128 
772 
773 
774 870 
775 
776 777 1165 
777 
778 
779 925 
780 
781 1149 
782 
783 
784 
785 
786 1070 
787 1473 
788 799 
789 
790 1239 
791 
792 
793 
794 
795 1006 
796 1007 
797 
798 
799 1018 1072 
800 
801 1140 1375 
802 1316 
803 
804 923 
805 884 1122 1225 
806 841 1198 
807 
808 
809 
810 
811 1727 
812 
813 936 1182 
814 1195 
815 870 
816 1972 
817 895 1205 
818 
819 
820 1234 1238 
821 1109 
822 
823 
824 
825 1083 
826 
827 
828 
829 842 
830 
831 
832 
833 
834 
835 
836 
837 
838 1016 1485 
839 
840 
841 1005 
842 961 962 
843 1308 
844 984 
845 1238 
846 1986 
847 
848 
849 1256 
850 1011 
851 
852 966 
853 
854 1094 
855 
856 927 
857 
858 
859 1190 
860 
861 
862 
863 
864 
865 
866 
867 1387 
868 
869 
870 
871 
872 
873 
874 
875 
876 
877 
878 
879 1109 
880 
881 
882 1287 
883 1218 1714 
884 
885 
886 
887 1145 
888 1095 1263 
889 
890 1299 
891 
892 1096 1115 1184 
893 990 
894 
895 
896 
897 
898 
899 953 1050 
900 968 1268 
901 
902 949 
903 1386 
904 
905 1841 
906 1697 
907 
908 
909 991 1161 
910 
911 956 1087 
912 
913 
914 
915 
916 982 
917 
918 
919 
920 
921 1144 1781 
922 
923 
924 1266 
925 
926 
927 
928 
929 1329 
930 1037 
931 
932 
933 
934 
935 
936 1041 
937 
938 1068 
939 
940 
941 973 
942 
943 
944 
945 1153 1175 
946 
947 1196 
948 
949 
950 
951 
952 
953 1085 
954 
955 
956 1316 
957 1000 
958 
959 
960 1298 
961 
962 
963 1035 
964 
965 1307 1319 
966 1085 1158 1281 
967 1090 
968 
969 
970 
971 1101 
972 
973 1064 1308 
974 
975 
976 1040 
977 1093 1613 
978 
979 
980 
981 
982 1327 
983 1288 
984 1264 
985 
986 
987 
988 
989 
990 1025 
991 1061 
992 1172 1178 
993 
994 
995 
996 
997 1096 
998 1137 
999 
1000 
1001 1138 
1002 1181 
1003 1042 
1004 1084 
1005 1198 
1006 
1007 1030 
1008 1118 
1009 
1010 
1011 
1012 
1013 
1014 
1015 
1016 
1017 
1018 1043 
1019 
1020 
1021 
1022 1162 
1023 
1024 
1025 
1026 
1027 
1028 
1029 1302 
1030 
1031 
1032 1210 
1033 
1034 1115 
1035 
1036 1185 1262 
1037 1561 
1038 1147 
1039 
1040 
1041 
1042 
1043 1238 
1044 1160 
1045 
1046 
1047 
1048 1188 
1049 
1050 
1051 
1052 1144 
1053 
1054 
1055 
1056 
1057 
1058 
1059 
1060 
1061 
1062 
1063 
1064 1241 
1065 
1066 1152 
1067 
1068 1327 
1069 1176 
1070 
1071 
1072 1136 
1073 
1074 
1075 
1076 
1077 
1078 
1079 
1080 
1081 
1082 
1083 1098 
1084 
1085 
1086 
1087 1742 
1088 
1089 1725 
1090 
1091 
1092 1100 
1093 
1094 1152 1615 
1095 
1096 
1097 
1098 
1099 
1100 
1101 
1102 
1103 1243 
1104 
1105 1383 
1106 1242 
1107 1116 1250 1268 
1108 
1109 
1110 
1111 
1112 
1113 
1114 
1115 
1116 
1117 
1118 1214 
1119 
1120 
1121 
1122 
1123 
1124 
1125 
1126 
1127 
1128 1233 
1129 
1130 1418 
1131 
1132 1206 1929 
1133 
1134 
1135 
1136 1601 
1137 
1138 
1139 1249 
1140 
1141 
1142 
1143 
1144 
1145 
1146 
1147 
1148 
1149 1225 
1150 1870 
1151 
1152 
1153 
1154 
1155 
1156 1241 1828 
1157 
1158 
1159 
1160 1603 
1161 
1162 
1163 
1164 
1165 
1166 1178 
1167 
1168 1323 
1169 
1170 1273 
1171 
1172 
1173 
1174 1266 
1175 
1176 1208 1255 
1177 1253 
1178 1212 
1179 
1180 
1181 
1182 
1183 
1184 
1185 
1186 
1187 
1188 
1189 
1190 
1191 
1192 1323 
1193 
1194 
1195 
1196 1228 1676 
1197 
1198 
1199 1213 1369 
1200 
1201 
1202 1289 
1203 
1204 
1205 
1206 
1207 1337 
1208 
1209 
1210 
1211 
1212 
1213 
1214 
1215 1234 
1216 1315 
1217 
1218 
1219 1262 
1220 
1221 
1222 
1223 
1224 
1225 
1226 
1227 
1228 
1229 1259 
1230 
1231 
1232 
1233 1307 
1234 
1235 
1236 1287 
1237 
1238 
1239 
1240 
1241 
1242 
1243 
1244 
1245 
1246 
1247 
1248 
1249 
1250 
1251 
1252 
1253 
1254 
1255 1314 
1256 1770 
1257 
1258 
1259 
1260 
1261 1397 
1262 
1263 
1264 
1265 
1266 
1267 
1268 
1269 
1270 
1271 
1272 
1273 
1274 
1275 
1276 
1277 
1278 
1279 
1280 1314 
1281 
1282 
1283 1756 1992 
1284 
1285 
1286 
1287 
1288 
1289 
1290 
1291 
1292 
1293 
1294 
1295 
1296 
1297 1370 
1298 
1299 
1300 
1301 
1302 1528 
1303 
1304 
1305 
1306 
1307 
1308 1984 
1309 
1310 
1311 
1312 
1313 
1314 
1315 
1316 
1317 
1318 
1319 
1320 
1321 
1322 
1323 
1324 1841 
1325 
1326 
1327 
1328 
1329 
1330 
1331 
1332 1535 
1333 1789 1821 1932 
1334 
1335 1586 
1336 
1337 1415 
1338 
1339 
1340 
1341 1514 1874 1921 
1342 
1343 
1344 
1345 
1346 
1347 
1348 
1349 1513 
1350 
1351 1753 
1352 
1353 
1354 
1355 1545 1677 
1356 1357 
1357 1973 
1358 
1359 1933 
1360 1886 
1361 1544 1774 
1362 
1363 
1364 
1365 
1366 
1367 1923 
1368 1626 
1369 
1370 1748 
1371 1628 
1372 
1373 1406 1870 
1374 
1375 1841 
1376 
1377 1589 
1378 
1379 
1380 
1381 
1382 1570 
1383 
1384 1552 1558 
1385 1801 1961 
1386 1942 
1387 1973 
1388 1680 1745 
1389 
1390 
1391 1427 1756 
1392 1818 
1393 1968 
1394 
1395 
1396 1605 
1397 
1398 
1399 
1400 1836 
1401 1990 
1402 1729 
1403 1872 
1404 
1405 
1406 1890 
1407 
1408 
1409 1466 
1410 
1411 1476 
1412 1496 
1413 
1414 
1415 1866 
1416 1721 
1417 
1418 1435 
1419 
1420 
1421 
1422 
1423 1608 
1424 
1425 1933 
1426 1695 
1427 
1428 
1429 
1430 
1431 1920 1930 
1432 
1433 
1434 
1435 1676 
1436 1872 
1437 
1438 
1439 
1440 
1441 
1442 
1443 1551 
1444 1786 
1445 
1446 
1447 
1448 1789 
1449 
1450 
1451 
1452 1824 
1453 
1454 
1455 1665 
1456 1690 
1457 
1458 
1459 
1460 
1461 1767 
1462 
1463 
1464 
1465 1551 1808 
1466 1486 1612 
1467 
1468 
1469 
1470 1667 
1471 1514 
1472 
1473 1773 
1474 1587 
1475 1611 
1476 1741 
1477 1653 
1478 
1479 1517 
1480 
1481 1721 
1482 
1483 1822 
1484 
1485 1881 
1486 1990 
1487 
1488 1901 
1489 
1490 1548 
1491 1637 
1492 
1493 
1494 
1495 1620 
1496 
1497 1574 
1498 
1499 1528 
1500 1558 
1501 
1502 1632 1954 
1503 1809 
1504 1700 
1505 
1506 
1507 1981 
1508 1723 
1509 
1510 1586 1742 
1511 1620 1833 
1512 1534 1802 
1513 
1514 
1515 
1516 1598 
1517 
1518 1856 
1519 1778 
1520 1521 1820 
1521 
1522 
1523 
1524 
1525 
1526 1866 
1527 
1528 1587 
1529 
1530 
1531 
1532 1844 
1533 
1534 
1535 
1536 
1537 
1538 
1539 
1540 
1541 
1542 
1543 
1544 
1545 
1546 
1547 
1548 
1549 
1550 
1551 1801 
1552 
1553 
1554 
1555 
1556 
1557 
1558 1579 1831 1891 
1559 
1560 
1561 
1562 
1563 
1564 
1565 
1566 
1567 
1568 
1569 1696 1737 
1570 1791 
1571 1779 
1572 
1573 
1574 
1575 
1576 1661 
1577 
1578 
1579 1606 
1580 1766 
1581 1677 
1582 
1583 
1584 1798 
1585 
1586 
1587 1882 
1588 
1589 
1590 
1591 1766 
1592 
1593 
1594 1968 
1595 
1596 1616 
1597 
1598 1715 
1599 1613 
1600 
1601 1741 
1602 
1603 1631 
1604 1843 
1605 
1606 
1607 
1608 
1609 
1610 
1611 
1612 1685 1787 
1613 1861 
1614 
1615 
1616 
1617 
1618 
1619 
1620 
1621 
1622 
1623 1679 1916 1984 
1624 1636 
1625 1901 
1626 
1627 
1628 
1629 1934 
1630 
1631 1836 
1632 
1633 
1634 
1635 
1636 
1637 1971 
1638 
1639 1670 
1640 
1641 
1642 
1643 
1644 
1645 
1646 1736 
1647 
1648 
1649 
1650 
1651 1725 1978 
1652 1957 
1653 1891 
1654 
1655 
1656 
1657 
1658 
1659 1689 1928 
1660 1983 
1661 1806 
1662 
1663 
1664 
1665 
1666 
1667 
1668 
1669 
1670 
1671 
1672 1954 
1673 
1674 1796 
1675 
1676 
1677 
1678 
1679 
1680 
1681 
1682 1921 
1683 
1684 
1685 1873 
1686 1807 1887 
1687 
1688 
1689 
1690 1786 
1691 1957 
1692 
1693 
1694 
1695 
1696 
1697 1737 
1698 
1699 1878 
1700 1954 
1701 
1702 
1703 
1704 1917 
1705 
1706 
1707 1934 
1708 1868 
1709 
1710 
1711 
1712 
1713 
1714 
1715 
1716 
1717 
1718 
1719 
1720 1758 
1721 
1722 
1723 
1724 
1725 
1726 1922 
1727 1975 
1728 
1729 
1730 1732 
1731 
1732 1966 
1733 
1734 
1735 
1736 1779 
1737 
1738 
1739 
1740 
1741 
1742 
1743 
1744 
1745 
1746 
1747 
1748 
1749 1902 
1750 
1751 
1752 
1753 
1754 
1755 
1756 
1757 
1758 
1759 
1760 
1761 
1762 
1763 
1764 1882 
1765 1798 
1766 
1767 1773 
1768 
1769 
1770 1994 
1771 
1772 1885 
1773 
1774 
1775 
1776 
1777 
1778 
1779 
1780 
1781 1852 
1782 
1783 
1784 1884 
1785 1793 
1786 1985 
1787 
1788 
1789 
1790 
1791 
1792 
1793 
1794 
1795 
1796 
1797 
1798 
1799 
1800 
1801 
1802 
1803 
1804 
1805 
1806 
1807 1891 
1808 
1809 1874 
1810 1950 
1811 
1812 
1813 
1814 
1815 1934 
1816 1947 
1817 
1818 
1819 
1820 
1821 
1822 
1823 
1824 
1825 
1826 
1827 1945 
1828 
1829 1893 
1830 
1831 
1832 
1833 1897 
1834 
1835 
1836 
1837 
1838 
1839 
1840 
1841 
1842 
1843 1933 
1844 1925 
1845 
1846 
1847 
1848 
1849 
1850 
1851 
1852 
1853 
1854 
1855 
1856 
1857 
1858 
1859 
1860 
1861 
1862 
1863 
1864 
1865 
1866 1877 
1867 
1868 
1869 
1870 
1871 
1872 
1873 
1874 
1875 
1876 
1877 
1878 
1879 
1880 
1881 
1882 
1883 1898 
1884 
1885 
1886 
1887 
1888 
1889 
1890 
1891 
1892 
1893 
1894 
1895 
1896 
1897 
1898 
1899 1923 
1900 
1901 
1902 
1903 
1904 
1905 
1906 
1907 
1908 
1909 
1910 
1911 1946 
1912 
1913 
1914 1933 
1915 
1916 
1917 
1918 
1919 
1920 
1921 
1922 
1923 
1924 
1925 
1926 
1927 1944 
1928 
1929 
1930 
1931 
1932 
1933 
1934 
1935 
1936 
1937 
1938 
1939 
1940 
1941 
1942 1961 
1943 
1944 1964 
1945 
1946 
1947 
1948 
1949 
1950 
1951 
1952 1979 
1953 
1954 
1955 
1956 
1957 
1958 
1959 
1960 
1961 
1962 
1963 
1964 
1965 
1966 
1967 
1968 
1969 
1970 
1971 
1972 
1973 
1974 
1975 
1976 
1977 
1978 
1979 
1980 
1981 
1982 
1983 
1984 
1985 
1986 
1987 
1988 
1989 
1990 
1991 
1992 
1993 
1994 
1995 
1996 
1997 
1998 
1999 
[0, 0, 0, 0, 0, 0, 0, 0, 0, 0, 0, 0, 0, 0, 0, 0, 0, 0, 0, 0, 0, 0, 0, 0, 0, 0, 0, 0, 0, 0, 0, 0, 0, 0, 0, 0, 0, 0, 0, 0, 0, 0, 0, 0, 0, 0, 0, 0, 0, 0, 0, 0, 0, 0, 0, 0, 0, 0, 0, 0, 0, 0, 0, 0, 0, 0, 0, 0, 0, 0, 0, 0, 0, 0, 0, 0, 0, 0, 0, 0, 0, 0, 0, 0, 0, 0, 0, 0, 0, 0, 0, 0, 0, 0, 0, 0, 0, 0, 0, 0, 0, 0, 0, 0, 0, 0, 0, 0, 0, 0, 0, 0, 0, 0, 0, 0, 0, 0, 0, 0, 0, 0, 0, 0, 0, 0, 0, 0, 0, 0, 0, 0, 0, 0, 0, 0, 0, 0, 0, 0, 0, 0, 0, 0, 0, 0, 0, 0, 0, 0, 0, 0, 0, 0, 0, 0, 0, 0, 0, 0, 0, 0, 0, 0, 0, 0, 0, 0, 0, 0, 0, 0, 0, 0, 0, 0, 0, 0, 0, 0, 0, 0, 0, 0, 0, 0, 0, 0, 0, 0, 0, 0, 0, 0, 0, 0, 0, 0, 0, 0, 0, 0, 0, 0, 0, 0, 0, 0, 0, 0, 0, 0, 0, 0, 0, 0, 0, 0, 0, 0, 0, 0, 0, 0, 0, 0, 0, 0, 0, 0, 0, 0, 0, 0, 0, 0, 0, 0, 0, 0, 0, 0, 0, 0, 0, 0, 0, 0, 0, 0, 0, 0, 0, 0, 0, 0, 0, 0, 0, 0, 0, 0, 0, 0, 0, 0, 0, 0, 0, 0, 0, 0, 0, 0, 0, 0, 0, 0, 0, 0, 0, 0, 0, 0, 0, 0, 0, 0, 0, 0, 0, 0, 0, 0, 0, 0, 0, 0, 0, 0, 0, 0, 0, 0, 0, 0, 0, 0, 0, 0, 0, 0, 0, 0, 0, 0, 0, 0, 0, 0, 0, 0, 0, 0, 0, 0, 0, 0, 0, 0, 0, 0, 0, 0, 0, 0, 0, 0, 0, 0, 0, 0, 0, 0, 0, 0, 0, 0, 0, 0, 0, 0, 0, 0, 0, 0, 0, 0, 0, 0, 0, 0, 0, 0, 0, 0, 0, 0, 0, 0, 0, 0, 0, 0, 0, 0, 0, 0, 0, 0, 0, 0, 0, 0, 0, 0, 0, 0, 0, 0, 0, 0, 0, 0, 0, 0, 0, 0, 0, 0, 0, 0, 0, 0, 0, 0, 0, 0, 0, 0, 0, 0, 0, 0, 0, 0, 0, 0, 0, 0, 0, 0, 0, 0, 0, 0, 0, 0, 0, 0, 0, 0, 0, 0, 0, 0, 0, 0, 0, 0, 0, 0, 0, 0, 0, 0, 0, 0, 0, 0, 0, 0, 0, 0, 0, 0, 0, 0, 0, 0, 0, 0, 0, 0, 0, 0, 0, 0, 0, 0, 0, 0, 0, 0, 0, 0, 0, 0, 0, 0, 0, 0, 0, 0, 0, 0, 0, 0, 0, 0, 0, 0, 0, 0, 0, 0, 0, 0, 0, 0, 0, 0, 0, 0, 0, 0, 0, 0, 0, 0, 0, 0, 0, 0, 0, 0, 0, 0, 0, 0, 0, 0, 0, 0, 0, 0, 0, 0, 0, 0, 0, 0, 0, 0, 0, 0, 0, 0, 0, 0, 0, 0, 0, 0, 0, 0, 0, 0, 0, 0, 0, 0, 0, 0, 0, 0, 0, 0, 0, 0, 0, 0, 0, 0, 0, 0, 0, 0, 0, 0, 0, 0, 0, 0, 0, 0, 0, 0, 0, 0, 0, 0, 0, 0, 0, 0, 0, 0, 0, 0, 0, 0, 0, 0, 0, 0, 0, 0, 0, 0, 0, 0, 0, 0, 0, 0, 0, 0, 0, 0, 0, 0, 0, 0, 0, 0, 0, 0, 0, 0, 0, 0, 0, 0, 0, 0, 0, 0, 0, 0, 0, 0, 0, 0, 0, 0, 0, 0, 0, 0, 0, 0, 0, 0, 0, 0, 0, 0, 0, 0, 0, 0, 0, 0, 0, 0, 0, 0, 0, 0, 0, 0, 0, 0, 0, 0, 1, 1, 1, 1, 1, 1, 1, 1, 1, 1, 1, 1, 1, 1, 1, 1, 1, 1, 1, 1, 1, 1, 1, 1, 1, 1, 1, 1, 1, 1, 1, 1, 1, 1, 1, 1, 1, 1, 1, 1, 1, 1, 1, 1, 1, 1, 1, 1, 1, 1, 1, 1, 1, 1, 1, 1, 1, 1, 1, 1, 1, 1, 1, 1, 1, 1, 1, 1, 1, 1, 1, 1, 1, 1, 1, 1, 1, 1, 1, 1, 1, 1, 1, 1, 1, 1, 1, 1, 1, 1, 1, 1, 1, 1, 1, 1, 1, 1, 1, 1, 1, 1, 1, 1, 1, 1, 1, 1, 1, 1, 1, 1, 1, 1, 1, 1, 1, 1, 1, 1, 1, 1, 1, 1, 1, 1, 1, 1, 1, 1, 1, 1, 1, 1, 1, 1, 1, 1, 1, 1, 1, 1, 1, 1, 1, 1, 1, 1, 1, 1, 1, 1, 1, 1, 1, 1, 1, 1, 1, 1, 1, 1, 1, 1, 1, 1, 1, 1, 1, 1, 1, 1, 1, 1, 1, 1, 1, 1, 1, 1, 1, 1, 1, 1, 1, 1, 1, 1, 1, 1, 1, 1, 1, 1, 1, 1, 1, 1, 1, 1, 1, 1, 1, 1, 1, 1, 1, 1, 1, 1, 1, 1, 1, 1, 1, 1, 1, 1, 1, 1, 1, 1, 1, 1, 1, 1, 1, 1, 1, 1, 1, 1, 1, 1, 1, 1, 1, 1, 1, 1, 1, 1, 1, 1, 1, 1, 1, 1, 1, 1, 1, 1, 1, 1, 1, 1, 1, 1, 1, 1, 1, 1, 1, 1, 1, 1, 1, 1, 1, 1, 1, 1, 1, 1, 1, 1, 1, 1, 1, 1, 1, 1, 1, 1, 1, 1, 1, 1, 1, 1, 1, 1, 1, 1, 1, 1, 1, 1, 1, 1, 1, 1, 1, 1, 1, 1, 1, 1, 1, 1, 1, 1, 1, 1, 1, 1, 1, 1, 1, 1, 1, 1, 1, 1, 1, 1, 1, 1, 1, 1, 1, 1, 1, 1, 1, 1, 1, 1, 1, 1, 1, 1, 1, 1, 1, 1, 1, 1, 1, 1, 1, 1, 1, 1, 1, 1, 1, 1, 1, 1, 1, 1, 1, 1, 1, 1, 1, 1, 1, 1, 1, 1, 1, 1, 1, 1, 1, 1, 1, 1, 1, 1, 1, 1, 1, 1, 1, 1, 1, 1, 1, 1, 1, 1, 1, 1, 1, 1, 1, 1, 1, 1, 1, 1, 1, 1, 1, 1, 1, 1, 1, 1, 1, 1, 1, 1, 1, 1, 1, 1, 1, 1, 1, 1, 1, 1, 1, 1, 1, 1, 1, 1, 1, 1, 1, 1, 1, 1, 1, 1, 1, 1, 1, 1, 1, 1, 1, 1, 1, 1, 1, 1, 1, 1, 1, 1, 1, 1, 1, 1, 1, 1, 1, 1, 1, 1, 1, 1, 1, 1, 1, 1, 1, 1, 1, 1, 1, 1, 1, 1, 1, 1, 1, 1, 1, 1, 1, 1, 1, 1, 1, 1, 1, 1, 1, 1, 1, 1, 1, 1, 1, 1, 1, 1, 1, 1, 1, 1, 1, 1, 1, 1, 1, 1, 1, 1, 1, 1, 1, 1, 1, 1, 1, 1, 1, 1, 1, 1, 1, 1, 1, 1, 1, 1, 1, 1, 1, 1, 1, 1, 1, 1, 1, 1, 1, 1, 1, 1, 1, 1, 1, 1, 1, 1, 1, 1, 1, 1, 1, 1, 1, 1, 1, 1, 1, 1, 1, 1, 1, 1, 1, 1, 1, 1, 1, 1, 1, 1, 1, 1, 1, 1, 1, 1, 1, 1, 1, 1, 1, 1, 1, 1, 1, 1, 1, 1, 1, 1, 1, 1, 1, 1, 1, 1, 1, 1, 1, 1, 1, 1, 1, 1, 1, 1, 1, 1, 1, 1, 1, 1, 1, 1, 1, 1, 1, 1, 1, 1, 1, 1, 1, 1, 1, 1, 1, 1, 1, 1, 1, 1, 1, 1, 1, 1, 1, 1, 1, 1, 1, 1, 1, 1, 1, 1, 1, 1, 1, 1, 1, 1, 1, 1, 1, 1, 1, 1, 2, 2, 2, 2, 2, 2, 2, 2, 2, 2, 2, 2, 2, 2, 2, 2, 2, 2, 2, 2, 2, 2, 2, 2, 2, 2, 2, 2, 2, 2, 2, 2, 2, 2, 2, 2, 2, 2, 2, 2, 2, 2, 2, 2, 2, 2, 2, 2, 2, 2, 2, 2, 2, 2, 2, 2, 2, 2, 2, 2, 2, 2, 2, 2, 2, 2, 2, 2, 2, 2, 2, 2, 2, 2, 2, 2, 2, 2, 2, 2, 2, 2, 2, 2, 2, 2, 2, 2, 2, 2, 2, 2, 2, 2, 2, 2, 2, 2, 2, 2, 2, 2, 2, 2, 2, 2, 2, 2, 2, 2, 2, 2, 2, 2, 2, 2, 2, 2, 2, 2, 2, 2, 2, 2, 2, 2, 2, 2, 2, 2, 2, 2, 2, 2, 2, 2, 2, 2, 2, 2, 2, 2, 2, 2, 2, 2, 2, 2, 2, 2, 2, 2, 2, 2, 2, 2, 2, 2, 2, 2, 2, 2, 2, 2, 2, 2, 2, 2, 2, 2, 2, 2, 2, 2, 2, 2, 2, 2, 2, 2, 2, 2, 2, 2, 2, 2, 2, 2, 2, 2, 2, 2, 2, 2, 2, 2, 2, 2, 2, 2, 2, 2, 2, 2, 2, 2, 2, 2, 2, 2, 2, 2, 2, 2, 2, 2, 2, 2, 2, 2, 2, 2, 2, 2, 2, 2, 2, 2, 2, 2, 2, 2, 2, 2, 2, 2, 2, 2, 2, 2, 2, 2, 2, 2, 2, 2, 2, 2, 2, 2, 2, 2, 2, 2, 2, 2, 2, 2, 2, 2, 2, 2, 2, 2, 2, 2, 2, 2, 2, 2, 2, 2, 2, 2, 2, 2, 2, 2, 2, 2, 2, 2, 2, 2, 2, 2, 2, 2, 2, 2, 2, 2, 2, 2, 2, 2, 2, 2, 2, 2, 2, 2, 2, 2, 2, 2, 2, 2, 2, 2, 2, 2, 2, 2, 2, 2, 2, 2, 2, 2, 2, 2, 2, 2, 2, 2, 2, 2, 2, 2, 2, 2, 2, 2, 2, 2, 2, 2, 2, 2, 2, 2, 2, 2, 2, 2, 2, 2, 2, 2, 2, 2, 2, 2, 2, 2, 2, 2, 2, 2, 2, 2, 2, 2, 2, 2, 2, 2, 2, 2, 2, 2, 2, 2, 2, 2, 2, 2, 2, 2, 2, 2, 2, 2, 2, 2, 2, 2, 2, 2, 2, 2, 2, 2, 2, 2, 2, 2, 2, 2, 2, 2, 2, 2, 2, 2, 2, 2, 2, 2, 2, 2, 2, 2, 2, 2, 2, 2, 2, 2, 2, 2, 2, 2, 2, 2, 2, 2, 2, 2, 2, 2, 2, 2, 2, 2, 2, 2, 2, 2, 2, 2, 2, 2, 2, 2, 2, 2, 2, 2, 2, 2, 2, 2, 2, 2, 2, 2, 2, 2, 2, 2, 2, 2, 2, 2, 2, 2, 2, 2, 2, 2, 2, 2, 2, 2, 2, 2, 2, 2, 2, 2, 2, 2, 2, 2, 2, 2, 2, 2, 2, 2, 2, 2, 2, 2, 2, 2, 2, 2, 2, 2, 2, 2, 2, 2, 2, 2, 2, 2, 2, 2, 2, 2, 2, 2, 2, 2, 2, 2, 2, 2, 2, 2, 2, 2, 2, 2, 2, 2, 2, 2, 2, 2, 2, 2, 2, 2, 2, 2, 2, 2, 2, 2, 2, 2, 2, 2, 2, 2, 2, 2, 2, 2, 2, 2, 2, 2, 2, 2, 2, 2, 2, 2, 2, 2, 2, 2, 2, 2, 2, 2, 2, 2, 2, 2, 2, 2, 2, 2, 2, 2, 2, 2, 2, 2, 2, 2, 2, 2, 2, 2, 2, 2, 2, 2, 2, 2, 2, 2, 2, 2, 2, 2, 2, 2, 2, 2, 2, 2, 2, 2, 2, 2, 2, 2, 2, 2, 2, 2, 2, 2, 2, 2, 2, 2, 2, 2, 2, 2, 2, 2, 2, 2, 2, 2, 2, 2, 2, 2, 2, 2, 2, 2, 2, 2, 2, 2, 2, 2, 2, 2, 2, 2, 2, 2, 2, 2, 2, 2, 2, 2, 2, 2, 2, 2, 0, 0]