0 16 68 
1 
2 
3 8 36 116 
4 23 
5 53 
6 23 39 
7 
8 91 
9 11 
10 
11 15 31 35 
12 27 94 
13 156 186 
14 20 27 34 36 
15 23 
16 
17 
18 143 
19 26 
20 
21 36 
22 23 32 72 
23 26 
24 
25 
26 29 
27 181 
28 
29 31 119 130 
30 180 
31 38 75 
32 
33 195 
34 
35 
36 150 
37 
38 
39 
40 75 84 175 
41 43 55 
42 60 
43 65 73 77 
44 50 52 76 
45 
46 156 171 
47 75 
48 59 67 
49 
50 
51 71 
52 61 74 
53 
54 
55 63 
56 
57 69 
58 
59 
60 162 
61 80 150 
62 
63 104 
64 75 
65 73 75 
66 121 
67 
68 
69 
70 
71 
72 114 182 
73 
74 
75 
76 128 
77 
78 
79 
80 110 
81 
82 102 
83 
84 118 158 
85 108 
86 111 
87 171 
88 
89 94 119 
90 116 
91 106 
92 102 116 
93 96 
94 
95 
96 118 
97 
98 101 105 
99 
100 
101 107 166 
102 112 
103 
104 
105 
106 112 153 
107 
108 122 
109 
110 
111 
112 
113 
114 190 197 
115 
116 
117 
118 125 
119 
120 141 
121 
122 150 187 
123 
124 148 
125 143 
126 144 
127 134 
128 159 
129 
130 136 
131 156 165 
132 142 
133 
134 
135 
136 149 
137 143 
138 140 
139 146 
140 
141 147 
142 153 
143 
144 159 
145 188 
146 
147 153 
148 157 
149 
150 
151 
152 
153 169 
154 
155 
156 
157 
158 
159 
160 196 
161 163 170 177 
162 
163 165 172 
164 
165 
166 168 181 
167 198 
168 
169 183 
170 187 
171 198 
172 
173 177 
174 
175 177 
176 191 197 
177 183 195 
178 
179 
180 181 184 192 
181 
182 
183 192 
184 
185 
186 193 
187 
188 
189 196 
190 199 
191 
192 
193 
194 
195 
196 
197 
198 
199 
[0, 0, 0, 0, 0, 0, 0, 0, 0, 0, 0, 0, 0, 0, 0, 0, 0, 0, 0, 0, 0, 0, 0, 0, 0, 0, 0, 0, 0, 0, 0, 0, 0, 0, 0, 0, 0, 0, 0, 0, 1, 1, 1, 1, 1, 1, 1, 1, 1, 1, 1, 1, 1, 1, 1, 1, 1, 1, 1, 1, 1, 1, 1, 1, 1, 1, 1, 1, 1, 1, 1, 1, 1, 1, 1, 1, 1, 1, 1, 1, 2, 2, 2, 2, 2, 2, 2, 2, 2, 2, 2, 2, 2, 2, 2, 2, 2, 2, 2, 2, 2, 2, 2, 2, 2, 2, 2, 2, 2, 2, 2, 2, 2, 2, 2, 2, 2, 2, 2, 2, 3, 3, 3, 3, 3, 3, 3, 3, 3, 3, 3, 3, 3, 3, 3, 3, 3, 3, 3, 3, 3, 3, 3, 3, 3, 3, 3, 3, 3, 3, 3, 3, 3, 3, 3, 3, 3, 3, 3, 3, 4, 4, 4, 4, 4, 4, 4, 4, 4, 4, 4, 4, 4, 4, 4, 4, 4, 4, 4, 4, 4, 4, 4, 4, 4, 4, 4, 4, 4, 4, 4, 4, 4, 4, 4, 4, 4, 4, 4, 4]