0 46 78 84 169 
1 27 51 65 69 113 
2 26 51 79 107 116 162 185 187 
3 5 22 24 34 193 
4 38 99 
5 42 55 82 
6 13 16 41 62 77 
7 15 33 57 90 179 186 
8 15 43 55 58 71 77 82 
9 14 15 88 
10 58 74 76 168 
11 43 46 51 59 63 
12 30 41 52 70 79 
13 62 85 
14 26 44 76 87 101 
15 24 49 69 78 92 
16 74 97 
17 34 58 91 94 135 
18 25 74 136 
19 24 52 55 59 69 96 
20 24 28 62 68 
21 28 54 69 78 90 94 
22 35 51 
23 79 85 
24 32 33 
25 29 62 69 
26 77 87 
27 28 39 50 56 75 86 
28 45 50 
29 60 
30 84 125 
31 53 79 80 87 
32 96 
33 77 
34 56 
35 86 
36 
37 54 56 81 
38 
39 69 161 
40 91 
41 64 65 72 78 88 98 
42 51 53 83 88 
43 50 87 92 
44 
45 65 71 
46 54 112 
47 58 60 79 80 
48 54 59 74 
49 72 75 98 
50 75 79 94 
51 
52 
53 87 92 
54 
55 57 
56 60 99 163 175 
57 
58 81 
59 70 92 94 
60 61 67 81 83 
61 91 
62 
63 86 98 
64 71 82 97 
65 76 83 99 
66 67 69 73 
67 80 83 
68 
69 96 102 
70 75 
71 167 
72 173 
73 
74 87 
75 109 153 183 
76 79 94 184 
77 81 
78 80 
79 
80 96 97 
81 139 
82 130 
83 114 
84 136 
85 
86 100 
87 98 
88 110 119 
89 92 158 
90 98 
91 175 
92 
93 
94 196 
95 186 
96 118 
97 145 
98 
99 102 
100 110 119 158 182 183 184 
101 131 161 162 
102 165 189 
103 115 118 132 151 156 160 176 197 
104 111 119 138 
105 109 154 184 
106 109 125 142 189 197 
107 125 158 194 196 
108 109 110 
109 114 115 116 196 
110 116 122 130 190 
111 132 189 
112 127 131 196 
113 123 145 164 174 
114 129 192 199 
115 121 146 149 153 
116 131 185 
117 121 143 190 192 
118 123 124 128 165 171 173 196 
119 152 169 180 
120 143 162 179 
121 140 147 150 158 
122 142 159 
123 139 154 162 177 180 
124 186 
125 163 181 
126 184 
127 139 163 173 185 
128 129 139 156 169 187 193 
129 
130 185 193 
131 135 140 155 180 
132 135 169 188 
133 186 193 
134 136 140 
135 171 174 
136 
137 152 161 175 177 
138 
139 156 185 
140 
141 160 
142 151 181 
143 165 174 178 184 
144 171 181 
145 
146 187 198 
147 161 169 190 
148 162 
149 182 199 
150 180 182 194 
151 195 
152 
153 180 
154 179 191 
155 182 
156 196 
157 174 
158 165 167 173 175 
159 160 174 185 
160 184 
161 163 
162 170 195 198 
163 
164 170 
165 181 184 
166 178 198 
167 
168 182 
169 181 
170 176 190 
171 
172 185 190 191 
173 177 184 188 
174 192 
175 183 
176 188 
177 
178 
179 197 
180 
181 197 
182 185 194 
183 196 
184 
185 
186 
187 
188 195 
189 
190 
191 
192 
193 
194 
195 
196 
197 
198 
199 
[0, 0, 0, 0, 0, 0, 0, 0, 0, 0, 0, 0, 0, 0, 0, 0, 0, 0, 0, 0, 0, 0, 0, 0, 0, 0, 0, 0, 0, 0, 0, 0, 0, 0, 0, 0, 0, 0, 0, 0, 0, 0, 0, 0, 0, 0, 0, 0, 0, 0, 0, 0, 0, 0, 0, 0, 0, 0, 0, 0, 0, 0, 0, 0, 0, 0, 0, 0, 0, 0, 0, 0, 0, 0, 0, 0, 0, 0, 0, 0, 0, 0, 0, 0, 0, 0, 0, 0, 0, 0, 0, 0, 0, 0, 0, 0, 0, 0, 0, 0, 1, 1, 1, 1, 1, 1, 1, 1, 1, 1, 1, 1, 1, 1, 1, 1, 1, 1, 1, 1, 1, 1, 1, 1, 1, 1, 1, 1, 1, 1, 1, 1, 1, 1, 1, 1, 1, 1, 1, 1, 1, 1, 1, 1, 1, 1, 1, 1, 1, 1, 1, 1, 1, 1, 1, 1, 1, 1, 1, 1, 1, 1, 1, 1, 1, 1, 1, 1, 1, 1, 1, 1, 1, 1, 1, 1, 1, 1, 1, 1, 1, 1, 1, 1, 1, 1, 1, 1, 1, 1, 1, 1, 1, 1, 1, 1, 1, 1, 1, 1]