0 169 
1 
2 
3 6 8 
4 36 37 
5 17 25 103 
6 12 
7 128 
8 28 36 
9 11 76 
10 36 
11 15 27 154 
12 35 
13 29 65 113 
14 
15 26 162 
16 29 
17 27 30 36 
18 21 32 108 115 
19 
20 49 151 
21 196 
22 30 170 
23 67 
24 
25 28 38 
26 
27 
28 
29 62 149 
30 32 167 
31 
32 
33 
34 
35 90 
36 
37 39 125 
38 
39 
40 
41 124 
42 49 54 65 
43 48 
44 152 
45 78 
46 47 76 
47 151 
48 62 
49 62 
50 186 
51 52 
52 
53 60 78 
54 65 77 
55 78 
56 
57 61 71 
58 70 96 
59 
60 
61 
62 78 
63 75 111 
64 76 
65 195 
66 76 182 
67 107 
68 73 95 118 
69 74 
70 78 153 
71 
72 120 
73 197 
74 
75 
76 
77 
78 193 
79 
80 81 94 100 108 
81 94 130 
82 
83 94 
84 95 
85 86 113 
86 87 
87 
88 100 128 
89 103 
90 104 109 
91 97 100 
92 96 101 189 
93 108 111 
94 
95 115 116 119 162 
96 
97 
98 
99 
100 114 117 
101 
102 
103 108 
104 
105 
106 107 151 
107 
108 127 
109 181 
110 
111 
112 147 
113 170 
114 
115 180 
116 
117 
118 
119 
120 
121 124 145 147 156 
122 133 
123 131 
124 
125 
126 
127 144 148 
128 131 192 
129 133 149 
130 141 197 
131 133 
132 147 149 153 
133 135 
134 
135 
136 161 
137 
138 149 
139 
140 146 169 199 
141 
142 143 
143 
144 
145 156 159 
146 153 158 
147 
148 
149 
150 
151 
152 
153 159 
154 
155 
156 
157 
158 
159 
160 179 
161 184 
162 
163 
164 
165 169 188 
166 
167 193 
168 171 
169 
170 
171 187 
172 
173 
174 
175 187 188 
176 
177 184 
178 
179 
180 
181 
182 188 192 
183 
184 
185 
186 
187 
188 
189 197 
190 193 
191 
192 
193 
194 
195 
196 
197 
198 
199 
[0, 0, 0, 0, 0, 0, 0, 0, 0, 0, 0, 0, 0, 0, 0, 0, 0, 0, 0, 0, 0, 0, 0, 0, 0, 0, 0, 0, 0, 0, 0, 0, 0, 0, 0, 0, 0, 0, 0, 0, 1, 1, 1, 1, 1, 1, 1, 1, 1, 1, 1, 1, 1, 1, 1, 1, 1, 1, 1, 1, 1, 1, 1, 1, 1, 1, 1, 1, 1, 1, 1, 1, 1, 1, 1, 1, 1, 1, 1, 1, 2, 2, 2, 2, 2, 2, 2, 2, 2, 2, 2, 2, 2, 2, 2, 2, 2, 2, 2, 2, 2, 2, 2, 2, 2, 2, 2, 2, 2, 2, 2, 2, 2, 2, 2, 2, 2, 2, 2, 2, 3, 3, 3, 3, 3, 3, 3, 3, 3, 3, 3, 3, 3, 3, 3, 3, 3, 3, 3, 3, 3, 3, 3, 3, 3, 3, 3, 3, 3, 3, 3, 3, 3, 3, 3, 3, 3, 3, 3, 3, 4, 4, 4, 4, 4, 4, 4, 4, 4, 4, 4, 4, 4, 4, 4, 4, 4, 4, 4, 4, 4, 4, 4, 4, 4, 4, 4, 4, 4, 4, 4, 4, 4, 4, 4, 4, 4, 4, 4, 4]