0 
1 36 
2 
3 
4 
5 
6 51 
7 
8 
9 
10 42 
11 
12 37 133 
13 27 
14 
15 
16 55 
17 
18 
19 155 
20 
21 42 
22 37 45 
23 
24 
25 
26 
27 80 146 
28 
29 69 
30 62 
31 42 
32 
33 
34 53 
35 
36 
37 
38 
39 
40 
41 47 
42 
43 
44 
45 
46 
47 
48 
49 
50 
51 115 
52 
53 
54 
55 
56 
57 
58 
59 
60 
61 
62 
63 64 
64 
65 
66 117 
67 
68 114 
69 
70 
71 
72 89 
73 195 
74 
75 
76 115 
77 
78 118 
79 
80 
81 
82 
83 
84 
85 110 
86 115 
87 
88 
89 
90 
91 
92 
93 122 
94 128 
95 
96 
97 
98 131 
99 
100 
101 118 
102 
103 
104 
105 
106 
107 
108 
109 185 
110 
111 
112 
113 
114 
115 
116 
117 
118 
119 
120 
121 
122 
123 
124 
125 
126 
127 
128 
129 168 
130 
131 
132 167 
133 
134 
135 
136 
137 167 
138 
139 
140 
141 
142 
143 197 
144 
145 175 
146 175 
147 
148 
149 
150 
151 
152 
153 
154 
155 
156 
157 
158 
159 
160 194 
161 
162 
163 
164 
165 
166 
167 
168 177 
169 
170 184 
171 197 
172 183 
173 
174 
175 
176 
177 
178 
179 
180 
181 
182 
183 
184 
185 
186 
187 
188 
189 
190 
191 
192 
193 
194 
195 
196 
197 
[0, 0, 0, 0, 0, 0, 0, 0, 0, 0, 0, 0, 0, 0, 0, 0, 0, 0, 0, 0, 0, 0, 0, 0, 0, 0, 0, 0, 0, 0, 0, 0, 0, 0, 0, 0, 0, 0, 0, 0, 0, 0, 0, 0, 0, 0, 0, 0, 0, 0, 0, 0, 0, 0, 0, 0, 0, 0, 0, 0, 0, 0, 0, 0, 0, 0, 1, 1, 1, 1, 1, 1, 1, 1, 1, 1, 1, 1, 1, 1, 1, 1, 1, 1, 1, 1, 1, 1, 1, 1, 1, 1, 1, 1, 1, 1, 1, 1, 1, 1, 1, 1, 1, 1, 1, 1, 1, 1, 1, 1, 1, 1, 1, 1, 1, 1, 1, 1, 1, 1, 1, 1, 1, 1, 1, 1, 1, 1, 1, 1, 1, 1, 2, 2, 2, 2, 2, 2, 2, 2, 2, 2, 2, 2, 2, 2, 2, 2, 2, 2, 2, 2, 2, 2, 2, 2, 2, 2, 2, 2, 2, 2, 2, 2, 2, 2, 2, 2, 2, 2, 2, 2, 2, 2, 2, 2, 2, 2, 2, 2, 2, 2, 2, 2, 2, 2, 2, 2, 2, 2, 2, 2, 2, 2, 2, 2, 2, 2]