0 2 3 12 48 52 143 160 
1 5 16 53 118 
2 29 30 
3 20 40 51 62 89 130 
4 13 27 34 61 191 
5 13 28 39 46 159 
6 16 
7 9 44 
8 22 38 49 173 175 
9 
10 14 
11 56 71 
12 53 79 
13 14 31 36 43 
14 45 52 55 
15 
16 43 49 61 143 
17 27 37 
18 20 60 96 138 142 156 
19 23 25 33 50 56 58 80 184 
20 
21 28 37 38 45 47 55 61 80 92 
22 30 34 48 63 
23 45 46 163 
24 41 53 65 
25 37 45 87 
26 37 176 
27 36 49 62 
28 46 103 134 
29 38 52 68 155 175 
30 
31 38 41 49 51 56 59 153 
32 
33 
34 53 143 
35 37 48 
36 55 77 184 
37 81 
38 60 
39 52 82 
40 50 58 
41 
42 49 59 62 65 
43 58 63 102 
44 96 
45 56 78 87 
46 58 
47 56 
48 54 
49 
50 53 153 
51 
52 57 113 
53 
54 64 
55 
56 161 
57 197 
58 126 
59 64 
60 
61 64 
62 
63 
64 
65 131 
66 69 89 102 108 
67 78 87 117 183 
68 74 
69 75 82 98 110 166 
70 77 91 97 105 
71 86 131 
72 75 81 95 100 102 103 175 
73 77 106 128 
74 
75 98 111 116 
76 86 89 123 130 131 
77 93 105 112 124 178 
78 
79 113 150 
80 90 92 103 
81 107 127 
82 97 100 123 146 
83 89 98 131 
84 124 
85 99 111 
86 94 95 184 
87 
88 
89 112 114 130 
90 120 122 127 
91 180 
92 123 
93 
94 130 131 
95 139 
96 99 
97 106 129 
98 
99 116 
100 114 135 
101 106 108 116 163 
102 127 192 195 
103 125 
104 112 128 
105 
106 112 123 
107 121 
108 128 
109 115 188 
110 121 122 125 162 
111 147 
112 
113 
114 123 139 
115 
116 129 
117 
118 
119 
120 
121 160 
122 127 129 
123 124 130 
124 129 
125 
126 129 131 175 
127 188 
128 
129 
130 131 186 
131 152 
132 167 190 
133 166 191 
134 188 194 
135 139 140 171 182 
136 139 147 155 174 192 
137 140 182 
138 150 181 191 
139 174 187 
140 176 180 182 185 
141 149 151 
142 143 167 176 
143 147 152 153 171 174 181 
144 154 162 167 172 176 177 197 
145 146 151 155 182 
146 165 168 171 180 191 194 
147 181 187 
148 193 197 
149 170 
150 152 175 191 
151 153 179 
152 157 
153 154 175 189 
154 
155 179 186 197 
156 197 
157 166 
158 163 168 
159 187 
160 163 
161 
162 
163 167 176 185 
164 181 182 
165 166 189 193 196 197 
166 182 184 186 187 
167 173 194 
168 195 
169 194 
170 190 193 
171 179 
172 183 190 195 
173 
174 
175 178 193 
176 178 
177 
178 196 
179 183 
180 
181 183 
182 
183 196 
184 
185 
186 
187 
188 
189 
190 
191 197 
192 
193 
194 197 
195 
196 
197 
198 
199 
[0, 0, 0, 0, 0, 0, 0, 0, 0, 0, 0, 0, 0, 0, 0, 0, 0, 0, 0, 0, 0, 0, 0, 0, 0, 0, 0, 0, 0, 0, 0, 0, 0, 0, 0, 0, 0, 0, 0, 0, 0, 0, 0, 0, 0, 0, 0, 0, 0, 0, 0, 0, 0, 0, 0, 0, 0, 0, 0, 0, 0, 0, 0, 0, 0, 0, 1, 1, 1, 1, 1, 1, 1, 1, 1, 1, 1, 1, 1, 1, 1, 1, 1, 1, 1, 1, 1, 1, 1, 1, 1, 1, 1, 1, 1, 1, 1, 1, 1, 1, 1, 1, 1, 1, 1, 1, 1, 1, 1, 1, 1, 1, 1, 1, 1, 1, 1, 1, 1, 1, 1, 1, 1, 1, 1, 1, 1, 1, 1, 1, 1, 1, 2, 2, 2, 2, 2, 2, 2, 2, 2, 2, 2, 2, 2, 2, 2, 2, 2, 2, 2, 2, 2, 2, 2, 2, 2, 2, 2, 2, 2, 2, 2, 2, 2, 2, 2, 2, 2, 2, 2, 2, 2, 2, 2, 2, 2, 2, 2, 2, 2, 2, 2, 2, 2, 2, 2, 2, 2, 2, 2, 2, 2, 2, 2, 2, 2, 2, 0, 0]