0 40 49 133 
1 7 12 44 93 
2 17 27 32 60 63 84 139 
3 21 75 138 
4 16 38 42 
5 25 55 59 62 
6 51 56 
7 11 12 23 40 43 54 61 76 
8 38 57 61 196 
9 38 138 
10 40 41 44 59 
11 43 
12 25 63 
13 34 134 
14 123 
15 60 
16 48 
17 36 
18 33 38 51 56 57 169 181 
19 47 62 63 104 
20 57 71 164 
21 29 94 
22 33 56 
23 29 72 
24 34 56 
25 45 
26 46 197 
27 50 141 
28 
29 55 179 
30 56 
31 62 157 
32 34 40 
33 38 45 
34 51 57 
35 55 
36 41 73 86 117 
37 
38 100 152 
39 
40 43 
41 
42 43 54 
43 50 
44 
45 49 124 
46 61 
47 60 
48 51 174 
49 
50 53 61 
51 72 105 
52 191 
53 55 
54 
55 58 
56 
57 
58 60 
59 63 
60 62 
61 175 
62 
63 
64 76 
65 
66 69 109 117 127 
67 107 128 131 
68 93 94 105 
69 70 91 117 175 182 
70 103 108 
71 85 
72 83 98 112 114 163 
73 78 95 
74 94 
75 95 99 120 126 
76 77 94 110 112 123 171 
77 94 
78 93 105 
79 87 104 
80 108 
81 120 
82 101 125 
83 89 98 113 135 
84 95 
85 92 105 106 112 114 126 130 
86 96 
87 94 118 121 125 
88 111 127 
89 111 121 129 
90 120 177 
91 101 111 116 139 147 
92 108 123 
93 152 
94 97 109 120 129 143 
95 
96 
97 
98 116 121 
99 121 124 125 192 
100 114 118 
101 108 182 
102 105 
103 104 
104 116 
105 117 124 
106 187 
107 112 124 
108 
109 113 118 
110 123 140 170 
111 112 
112 
113 127 
114 
115 
116 
117 142 
118 127 
119 
120 
121 
122 126 
123 
124 131 
125 
126 
127 
128 
129 
130 
131 171 
132 171 
133 167 173 
134 138 162 163 180 
135 174 178 
136 149 154 193 
137 139 143 147 158 
138 148 172 177 178 195 
139 144 147 178 
140 145 175 183 185 189 193 
141 153 158 166 185 
142 156 181 
143 170 
144 182 
145 171 
146 149 
147 
148 172 
149 155 162 177 188 
150 153 156 182 189 192 
151 167 174 
152 
153 163 
154 160 
155 165 174 192 
156 160 167 170 197 
157 
158 
159 162 169 195 
160 166 178 185 187 
161 189 
162 171 172 196 
163 164 185 191 
164 
165 181 
166 191 
167 181 
168 191 
169 
170 
171 177 
172 176 
173 176 182 
174 184 
175 
176 
177 
178 
179 196 
180 
181 
182 
183 185 
184 
185 
186 
187 
188 194 
189 
190 
191 
192 
193 
194 
195 
196 
197 
198 
199 
[0, 0, 0, 0, 0, 0, 0, 0, 0, 0, 0, 0, 0, 0, 0, 0, 0, 0, 0, 0, 0, 0, 0, 0, 0, 0, 0, 0, 0, 0, 0, 0, 0, 0, 0, 0, 0, 0, 0, 0, 0, 0, 0, 0, 0, 0, 0, 0, 0, 0, 0, 0, 0, 0, 0, 0, 0, 0, 0, 0, 0, 0, 0, 0, 0, 0, 1, 1, 1, 1, 1, 1, 1, 1, 1, 1, 1, 1, 1, 1, 1, 1, 1, 1, 1, 1, 1, 1, 1, 1, 1, 1, 1, 1, 1, 1, 1, 1, 1, 1, 1, 1, 1, 1, 1, 1, 1, 1, 1, 1, 1, 1, 1, 1, 1, 1, 1, 1, 1, 1, 1, 1, 1, 1, 1, 1, 1, 1, 1, 1, 1, 1, 2, 2, 2, 2, 2, 2, 2, 2, 2, 2, 2, 2, 2, 2, 2, 2, 2, 2, 2, 2, 2, 2, 2, 2, 2, 2, 2, 2, 2, 2, 2, 2, 2, 2, 2, 2, 2, 2, 2, 2, 2, 2, 2, 2, 2, 2, 2, 2, 2, 2, 2, 2, 2, 2, 2, 2, 2, 2, 2, 2, 2, 2, 2, 2, 2, 2, 0, 0]