0 49 66 96 137 175 240 261 273 310 331 334 390 473 537 560 
1 27 35 138 302 359 490 505 520 1609 
2 42 210 219 410 565 983 
3 211 575 579 1432 1702 
4 176 193 242 298 299 321 336 415 457 520 1015 
5 172 180 217 243 281 352 1270 1593 1752 
6 13 54 70 108 121 274 275 318 897 1462 
7 106 144 198 246 249 309 331 383 483 491 633 658 1036 
8 140 162 269 308 348 376 392 604 653 794 1061 1795 
9 59 69 168 192 343 479 496 1633 
10 26 204 338 486 1259 1306 1530 
11 53 142 195 200 258 275 290 416 537 625 1066 1294 1640 
12 29 46 80 352 795 1836 
13 120 136 295 354 388 565 754 1497 
14 96 184 284 310 457 570 598 628 1016 
15 51 53 139 145 152 177 237 304 415 553 593 887 
16 24 214 546 560 847 
17 24 48 411 420 444 1100 
18 25 60 69 181 259 413 438 
19 147 484 643 647 
20 116 127 192 236 286 364 492 609 657 1596 
21 24 71 171 373 545 568 636 1294 1904 
22 61 132 332 525 603 1417 1519 1616 
23 67 269 459 620 639 1729 
24 30 226 408 479 539 545 641 1230 
25 93 107 447 486 828 1046 
26 47 124 169 218 434 482 511 570 713 1402 1822 
27 76 321 368 649 
28 50 111 184 483 555 
29 140 204 216 612 654 896 
30 271 302 305 362 365 510 
31 92 216 224 590 602 702 1564 
32 129 165 167 222 445 1199 1848 
33 41 90 278 465 646 
34 202 404 452 594 1120 
35 97 343 345 355 455 531 832 
36 130 401 426 561 605 1439 1778 
37 142 442 443 558 900 974 1057 
38 120 545 1778 
39 223 315 423 
40 82 170 345 428 563 770 873 1425 1500 
41 51 94 141 176 434 619 625 1658 
42 163 395 412 515 573 
43 57 86 105 175 282 360 650 1268 1983 
44 102 106 164 543 586 661 1115 1843 
45 84 230 269 339 351 448 539 633 1571 
46 159 176 271 310 322 352 509 520 633 1796 
47 348 448 586 1521 1721 
48 71 111 448 572 1613 
49 57 97 233 260 386 605 1800 
50 102 142 164 346 498 597 605 819 885 940 1005 1156 
51 414 895 
52 80 162 357 465 1836 
53 158 179 291 358 471 494 1875 
54 118 150 202 349 381 390 417 438 557 774 1206 
55 364 407 582 593 
56 279 309 387 444 586 923 1473 1540 
57 141 190 300 313 373 1709 
58 125 187 333 523 1538 
59 114 115 361 588 636 926 1497 1818 
60 271 287 288 392 585 
61 184 214 350 358 509 579 610 622 1825 
62 88 111 129 132 333 574 
63 64 246 330 627 867 1807 
64 167 334 495 508 552 592 626 697 1038 
65 279 330 362 401 481 556 623 1460 1464 
66 140 150 158 441 452 551 580 
67 147 224 228 353 403 411 428 436 485 517 640 656 1752 
68 129 131 151 156 392 445 462 553 604 639 1309 1469 1721 
69 146 361 428 453 576 582 1088 
70 90 149 187 266 291 348 364 389 482 502 577 
71 149 266 287 454 500 546 581 604 639 656 1273 1587 
72 88 243 307 385 404 484 486 554 629 1024 1123 
73 79 171 363 399 596 651 1001 
74 104 108 261 485 491 630 
75 137 145 159 282 284 442 451 500 593 
76 156 165 193 225 291 391 455 1215 
77 202 298 372 400 455 472 485 501 615 707 
78 163 299 315 392 485 559 600 653 
79 294 358 547 578 890 
80 115 160 221 302 315 453 1835 1924 1986 
81 167 233 309 388 528 543 679 
82 228 559 592 615 1333 1894 
83 108 318 322 370 406 490 550 627 902 1741 1742 
84 469 544 579 601 636 847 1653 
85 103 134 168 182 200 247 410 463 476 604 1158 
86 106 201 277 295 453 466 518 1594 1631 1806 1913 
87 275 277 484 593 1516 
88 91 148 172 353 357 1972 
89 133 134 251 263 291 330 359 567 1577 
90 161 340 407 547 589 
91 137 250 480 497 518 990 
92 226 414 478 495 542 561 587 638 900 
93 124 263 392 473 502 569 639 
94 137 157 267 283 310 376 602 
95 109 183 215 245 247 608 1110 
96 106 159 265 282 395 511 561 619 
97 239 342 394 579 634 637 933 1033 
98 204 222 237 260 267 331 334 387 416 641 1256 1973 
99 119 149 501 1701 
100 164 173 263 413 1022 
101 115 122 284 386 1641 
102 105 232 253 269 365 410 448 
103 426 556 1067 1636 
104 131 202 333 446 448 453 575 640 1065 1347 
105 303 500 516 1356 1561 
106 143 152 165 223 359 507 619 681 1029 
107 438 571 626 629 643 648 1500 
108 202 233 330 331 441 458 545 547 585 622 801 1052 
109 336 434 438 523 698 724 1199 
110 213 270 441 492 516 1228 
111 182 299 328 441 518 597 789 1370 
112 142 229 266 279 297 390 498 604 1499 
113 231 339 390 395 482 513 607 691 1299 
114 190 292 875 1009 1990 
115 209 234 393 449 472 485 508 510 578 642 1597 
116 168 336 626 648 695 
117 178 197 310 327 453 769 1191 1438 
118 141 209 238 307 357 436 617 828 
119 197 277 280 382 1629 
120 371 538 1184 1433 
121 345 355 453 503 1231 
122 341 658 950 1341 1544 
123 137 139 225 284 354 371 586 1579 
124 316 425 463 501 591 617 658 663 664 1277 
125 157 211 423 506 632 1685 
126 171 435 596 728 1468 
127 249 430 532 612 1588 
128 228 331 336 441 447 448 614 817 1022 
129 192 195 240 341 482 485 487 537 633 1507 
130 206 297 530 1278 
131 140 301 503 1640 1760 
132 230 266 320 381 414 534 618 691 783 1151 1460 
133 433 610 659 
134 238 257 295 348 404 516 
135 338 489 572 1024 
136 179 237 297 335 343 467 641 1146 1386 
137 199 435 543 595 641 1309 1680 1789 
138 248 266 272 305 319 551 571 1059 
139 192 340 632 653 1646 
140 250 301 318 324 910 
141 193 470 534 
142 359 362 407 464 487 643 648 
143 179 247 287 355 
144 299 645 648 
145 226 246 260 433 524 530 545 662 
146 228 352 399 512 530 655 660 1639 
147 261 295 384 
148 257 448 529 909 1782 
149 230 511 630 634 664 1647 
150 319 609 619 1268 1684 1762 
151 442 570 586 636 
152 227 465 539 
153 309 365 461 544 618 636 1894 
154 164 170 421 450 453 479 519 605 659 1334 1714 1927 
155 253 381 462 605 859 1418 
156 274 483 661 719 722 835 994 
157 253 358 659 1623 
158 187 192 210 303 317 328 332 461 524 554 591 632 646 
159 377 571 629 
160 413 471 529 722 1604 
161 355 372 427 572 595 643 662 822 
162 341 443 510 571 592 627 1017 1866 
163 308 371 430 445 453 516 550 645 1114 
164 207 259 430 459 488 568 596 801 1386 1642 1992 
165 171 429 441 450 921 1381 
166 174 201 276 357 640 652 662 700 1879 
167 430 653 
168 211 257 337 581 1746 
169 191 236 323 402 415 1084 
170 258 289 470 541 661 1657 
171 181 382 416 428 448 449 513 619 639 800 1961 
172 252 488 536 550 638 1149 1798 1965 
173 180 196 237 362 570 589 660 849 1207 1827 1847 
174 185 280 330 370 400 419 1016 1125 
175 178 179 366 647 
176 248 265 329 410 545 563 742 
177 302 497 640 
178 354 364 375 404 433 470 575 585 593 
179 233 283 296 441 1005 
180 298 397 472 506 561 1233 1318 
181 938 1212 1970 
182 247 288 385 389 484 523 565 1925 1927 
183 199 280 364 458 462 486 514 561 
184 237 298 600 
185 367 399 408 555 634 1276 1566 1612 
186 365 440 522 542 552 556 
187 268 327 493 1931 
188 197 528 1095 1262 
189 264 311 564 606 616 1009 
190 221 385 451 510 597 681 782 
191 224 259 304 356 363 867 1868 1934 
192 371 433 553 752 1007 
193 508 570 1413 1870 
194 300 342 393 540 588 653 916 1114 
195 372 410 470 474 523 946 1149 1996 
196 256 319 338 418 483 495 522 531 619 977 1976 
197 211 340 368 464 622 848 
198 261 326 365 535 568 1619 
199 294 428 445 555 
200 286 368 371 417 465 474 651 1020 
201 240 441 523 662 726 1809 
202 211 360 546 1087 1459 1801 
203 228 643 1220 
204 232 283 346 519 562 647 658 846 1230 
205 231 374 384 410 526 587 594 597 622 660 689 1838 1979 
206 225 375 455 663 1011 1354 1385 1751 
207 411 617 
208 250 314 386 397 408 413 483 534 1859 
209 395 490 578 634 748 
210 350 359 454 658 1032 
211 450 490 545 550 561 700 1120 
212 299 327 349 366 542 687 
213 227 388 444 475 506 1535 1710 
214 225 246 264 654 1498 
215 217 239 318 475 481 1645 1887 
216 544 553 1014 
217 400 431 640 646 648 
218 278 381 390 593 1712 
219 231 309 330 523 587 1658 
220 426 516 627 1260 1460 1810 1917 
221 228 293 656 1343 
222 242 251 265 289 597 1065 1761 
223 350 1467 1640 
224 294 348 452 1199 1862 
225 252 377 1018 
226 372 1333 1652 
227 350 445 527 542 836 1262 
228 421 521 
229 373 629 649 734 1100 
230 255 323 561 1205 1629 1880 
231 280 352 375 475 508 725 
232 233 264 349 358 405 506 658 1207 
233 418 439 441 442 528 544 556 595 1121 1318 
234 349 412 481 542 601 612 635 
235 254 262 372 402 405 463 490 942 999 
236 278 495 526 659 
237 416 
238 
239 248 286 300 580 599 
240 286 491 517 632 1110 1420 
241 255 319 446 477 538 
242 561 815 
243 312 316 422 460 480 607 614 1645 1785 1838 
244 517 634 1677 
245 477 504 516 1653 
246 250 272 394 429 502 640 1777 1972 
247 411 643 683 1260 
248 472 489 532 818 1126 1293 1469 1932 
249 530 622 
250 352 481 485 542 653 
251 275 441 458 477 630 1058 
252 414 428 587 644 657 1340 1942 
253 437 522 555 1917 
254 455 461 599 
255 596 1057 1708 1904 
256 332 373 524 558 
257 524 550 
258 293 412 492 594 1528 1592 
259 426 491 540 550 610 
260 455 506 620 1528 
261 270 323 579 647 1812 
262 312 320 376 395 1964 
263 477 536 680 792 
264 647 920 1817 
265 377 412 539 546 1483 1495 
266 278 285 398 403 465 515 545 609 1562 1759 
267 296 310 311 478 514 519 597 697 
268 272 1261 
269 362 416 422 629 1012 
270 312 325 542 604 653 
271 304 378 456 621 826 
272 337 389 434 450 501 528 611 614 
273 290 316 327 427 521 619 645 
274 479 591 
275 276 300 364 406 1677 
276 324 343 457 476 636 
277 324 359 1217 1221 1927 
278 383 480 911 1207 1602 
279 341 459 500 649 1241 
280 327 506 540 548 579 626 945 973 1860 
281 365 470 541 637 941 1828 
282 615 652 1471 1556 
283 348 441 616 1452 
284 335 342 571 598 1974 
285 542 579 611 1342 
286 392 463 487 584 
287 345 348 402 530 552 622 739 1875 
288 339 
289 331 346 359 517 547 624 625 
290 318 416 550 600 734 1532 1798 
291 453 551 
292 342 346 347 412 596 604 1090 1847 
293 435 
294 377 389 406 1101 
295 1450 
296 400 511 574 598 610 619 652 869 1642 
297 1232 1501 
298 338 358 413 452 611 720 1157 
299 334 482 494 537 539 588 1752 
300 419 540 588 610 1289 1587 1806 
301 341 413 575 1656 
302 498 536 1926 
303 450 812 1602 
304 613 1852 
305 477 535 596 651 1111 
306 426 860 968 
307 318 367 396 469 526 567 647 1421 1952 
308 373 441 450 461 472 530 1431 
309 536 627 790 1021 1297 
310 344 363 441 636 1791 
311 338 342 346 352 480 642 838 950 
312 510 532 583 616 1050 1070 
313 420 
314 362 427 452 493 513 780 1204 1875 1896 
315 427 533 546 780 911 1391 
316 352 487 530 615 634 
317 379 517 616 637 1299 1941 
318 427 496 509 1848 
319 373 519 522 574 585 597 714 
320 394 519 1009 1776 1800 1858 
321 440 450 1912 1928 
322 536 1634 
323 1786 
324 421 467 554 562 723 1336 
325 330 535 569 599 1107 
326 377 522 549 1598 
327 419 582 631 743 
328 425 478 498 547 698 1755 
329 608 612 631 638 1591 
330 514 596 600 982 1308 
331 488 536 748 1903 
332 495 598 1957 
333 422 473 505 561 1152 1689 
334 401 565 1191 
335 393 478 497 512 1011 
336 455 1002 
337 491 547 574 592 636 781 1067 1910 
338 389 547 
339 399 551 588 923 1048 1319 1608 1625 
340 431 450 465 585 644 790 
341 444 454 
342 343 365 489 495 1179 1605 
343 511 558 950 
344 592 657 1319 
345 425 434 436 445 650 
346 494 575 581 1414 
347 373 387 496 641 
348 545 660 1244 1924 
349 366 568 1128 1786 1987 
350 388 435 
351 474 577 908 1894 
352 388 599 
353 360 388 430 442 444 819 
354 364 398 536 566 593 641 1835 
355 481 569 1037 
356 358 426 474 661 1584 
357 497 549 
358 379 405 456 624 901 1387 1729 
359 501 1354 
360 404 405 620 1672 
361 605 614 644 749 1552 1926 
362 463 529 992 1817 
363 379 391 552 1913 
364 415 483 517 1073 1522 
365 539 554 781 1258 
366 388 554 639 661 797 1388 1977 
367 1222 1581 1867 
368 442 443 586 624 1005 1786 1857 
369 385 494 579 602 624 1153 
370 413 489 491 504 1689 
371 374 424 448 451 631 712 1338 
372 471 521 524 532 604 629 
373 374 808 969 1028 1361 
374 415 445 612 
375 468 569 952 
376 554 
377 501 661 843 1184 1956 
378 522 1529 
379 438 649 664 
380 675 1015 
381 427 521 613 
382 401 422 726 
383 508 642 665 
384 
385 422 529 
386 427 468 569 1091 1759 
387 393 397 643 662 1443 1569 1878 
388 661 1427 1711 
389 468 562 
390 457 474 626 645 1728 
391 437 464 514 602 840 1571 1916 
392 426 447 482 1090 1787 
393 455 510 603 1086 1457 
394 552 591 645 1112 1716 
395 634 805 910 
396 647 1431 
397 410 412 422 443 476 604 801 
398 443 449 501 658 662 1483 
399 419 599 1492 
400 411 421 573 594 642 690 
401 546 623 634 1592 1989 
402 488 622 657 804 854 866 
403 405 449 509 642 983 
404 477 526 529 599 1337 1346 
405 553 
406 585 
407 560 565 570 1604 1623 
408 499 608 919 1441 1776 
409 981 1077 
410 419 529 563 601 1797 
411 471 494 531 634 1092 1924 
412 414 584 673 1635 
413 479 
414 963 1357 
415 432 444 633 849 
416 452 507 1056 
417 631 922 
418 497 516 1803 
419 460 647 1625 1802 
420 541 571 630 1824 
421 651 661 
422 513 588 623 646 1337 
423 628 1414 
424 665 1492 
425 463 519 564 585 594 595 643 
426 544 550 566 570 575 628 647 663 1199 1380 1902 
427 454 519 537 552 633 962 1025 
428 489 565 582 808 
429 450 482 497 654 657 1518 
430 549 1736 
431 1941 
432 454 499 504 636 669 1311 1409 1519 
433 471 658 659 792 846 
434 444 450 482 882 1959 
435 454 467 500 
436 501 545 631 
437 447 484 492 
438 483 588 808 
439 530 1134 
440 609 621 976 1122 1263 
441 537 655 1570 
442 459 460 561 586 1068 1700 
443 488 568 1062 
444 645 1288 
445 468 535 1403 1843 
446 514 594 
447 454 459 519 523 555 644 1459 
448 480 533 618 645 
449 531 546 1302 1489 1835 
450 1446 
451 452 462 900 1949 
452 
453 504 535 552 617 888 1246 
454 614 653 1095 1895 
455 592 623 1504 
456 479 571 1556 1611 1926 
457 487 526 975 1174 
458 590 648 1052 1909 
459 582 930 
460 474 484 509 595 
461 554 1191 1390 
462 555 650 690 
463 552 823 1074 
464 593 
465 528 640 1493 
466 589 1382 1847 
467 
468 557 660 1638 1725 
469 471 544 661 993 
470 553 620 1303 1544 1924 
471 565 632 
472 577 663 1786 
473 499 601 661 1958 
474 611 691 715 1689 1877 
475 1909 
476 567 628 1462 
477 630 793 877 
478 1074 1499 
479 615 1822 
480 512 
481 483 491 699 
482 554 1482 
483 640 
484 615 
485 527 836 1167 1866 
486 590 
487 
488 517 
489 526 590 599 608 934 1188 
490 655 
491 613 1246 1593 
492 571 1325 1358 
493 510 
494 502 559 1140 1624 1933 
495 694 1064 1331 1519 1857 
496 580 
497 565 632 
498 553 586 1318 
499 517 639 816 1093 1764 1980 
500 521 572 
501 510 564 594 625 630 
502 618 620 1341 1633 
503 588 1046 
504 589 648 661 907 1737 1901 
505 563 630 795 1217 1395 1936 
506 566 1745 
507 550 558 605 635 662 1691 
508 588 1450 1591 1727 
509 558 564 590 
510 559 1800 
511 
512 562 577 651 665 
513 916 1097 1400 
514 536 1135 1246 1952 
515 
516 686 1009 1095 
517 552 626 
518 932 1768 
519 560 
520 614 663 800 
521 1011 
522 602 1467 1995 
523 644 723 1228 
524 598 600 647 658 1974 1991 
525 579 1403 
526 654 657 1160 1326 
527 595 984 1591 1748 
528 560 1621 
529 
530 614 1809 
531 645 1215 
532 601 625 914 
533 1248 1288 1468 1618 1771 
534 593 643 927 1214 1253 
535 562 563 616 1346 1974 
536 1213 1426 
537 1465 
538 605 655 
539 664 1371 
540 545 546 583 845 1813 
541 565 805 1783 
542 1612 
543 581 589 652 1528 
544 599 715 1197 1858 
545 589 1499 
546 
547 577 579 
548 560 1120 
549 567 647 940 1431 
550 569 1320 1486 
551 565 631 1343 
552 608 860 987 992 1393 1513 
553 591 1466 1483 
554 653 1269 
555 594 608 
556 598 629 1424 1612 
557 578 
558 600 836 1764 1852 1972 
559 1105 
560 
561 
562 601 1427 
563 576 
564 1879 
565 928 
566 587 1118 
567 630 
568 581 630 643 647 
569 577 643 970 
570 626 938 
571 610 1067 1214 1392 1438 
572 642 
573 1082 
574 
575 1956 
576 
577 
578 647 843 1752 1957 
579 651 
580 
581 844 1037 1140 1275 1413 
582 863 
583 637 651 652 
584 613 1472 1633 
585 587 634 1330 1781 
586 608 
587 611 
588 634 1040 1357 
589 
590 621 636 
591 595 645 
592 596 629 645 
593 1213 
594 
595 629 650 652 876 1132 
596 
597 1499 1567 
598 1355 
599 641 
600 1103 1424 
601 999 
602 605 619 740 1589 
603 1121 1363 1802 
604 711 
605 625 
606 653 825 
607 615 1783 
608 628 971 1257 
609 974 1242 
610 904 1231 1302 1985 
611 638 1013 1189 
612 1302 1444 
613 1049 
614 1293 
615 620 675 
616 
617 1526 
618 1129 1643 1669 
619 628 1325 
620 663 1233 1261 
621 645 651 954 1829 
622 
623 825 1589 
624 
625 661 
626 888 
627 1646 1708 
628 1971 
629 
630 1106 
631 898 
632 739 
633 1808 
634 800 
635 640 
636 
637 641 653 663 1244 1341 
638 1214 1516 
639 
640 1684 
641 
642 653 
643 
644 1345 
645 1385 1830 
646 1567 
647 
648 1716 
649 755 863 
650 1176 1783 
651 665 1065 1384 
652 
653 1221 1530 
654 
655 664 776 1017 1186 
656 1906 1975 
657 1499 
658 
659 1078 
660 1087 1700 
661 1232 
662 1014 
663 
664 665 
665 
666 712 1038 1073 1175 1203 1255 1330 1611 
667 673 723 800 826 988 1013 1120 1149 1154 1209 1281 1282 1287 1858 
668 758 907 966 1185 1215 
669 985 1058 1138 1286 
670 686 753 846 855 863 865 941 957 1069 1113 1193 1227 1255 1263 1300 1310 
671 721 730 757 890 913 954 964 983 1206 1289 1314 1732 
672 864 867 934 1075 1095 1152 1278 1447 
673 698 1037 1058 1173 1182 1941 
674 732 763 959 1110 1186 1244 
675 737 834 850 915 980 1702 
676 702 990 1121 1180 1186 1290 1440 1943 
677 726 918 986 1225 1247 1268 1303 1713 
678 913 1009 1051 1132 1306 
679 813 1003 1020 1066 1090 1233 1244 1923 
680 863 968 1134 1161 1192 1205 1283 1745 
681 691 910 992 994 1074 1104 1114 1124 1241 1881 
682 924 979 996 1196 1236 1251 1453 
683 723 742 747 853 881 1256 
684 706 710 820 901 968 1095 1155 1198 
685 707 758 901 942 1101 1154 1289 
686 727 729 761 796 855 871 893 1100 1176 1303 
687 723 754 842 940 1226 1277 
688 699 1286 
689 755 772 996 1248 
690 729 763 764 867 1061 1258 1300 1453 
691 883 986 1105 1327 1579 
692 804 980 1019 1086 1192 1226 1274 1279 1288 1311 
693 780 801 870 997 1044 1274 1379 1415 1881 
694 912 935 969 1050 1144 
695 795 796 912 936 941 1054 1125 1129 1132 1217 1634 
696 801 817 865 875 1088 1114 1291 1690 
697 777 855 922 1078 1109 1124 1188 1278 1502 1768 1786 
698 739 971 1045 1128 1541 
699 706 763 888 914 1128 1176 1182 1272 
700 772 817 969 1029 1224 1238 1610 1844 
701 769 891 1020 1218 
702 746 763 904 1032 1222 1288 
703 734 763 990 1117 1241 
704 823 966 1057 1210 1764 
705 781 1018 1062 1207 
706 774 851 994 1092 1246 1308 1316 1382 1509 
707 711 721 880 953 1050 1135 1147 
708 785 906 1138 1212 1317 1328 
709 752 765 840 985 1005 1029 1192 1574 
710 769 797 844 957 1107 1115 1303 
711 1099 1289 1557 
712 861 904 949 1218 1256 
713 742 955 1199 
714 821 831 901 1008 1183 1286 1311 1416 1637 1822 
715 727 869 880 1037 1044 1064 1289 
716 819 1049 1123 1125 1184 
717 722 991 1123 1866 
718 743 918 948 979 1003 1032 1087 1130 1329 1625 
719 1090 1126 1136 1167 1624 
720 759 762 1092 1196 1248 
721 786 791 836 952 1097 1112 1501 
722 760 792 1245 1329 1695 1862 
723 934 1022 1102 
724 796 827 848 860 1947 
725 741 777 820 1147 1148 1224 1250 1253 1288 1316 
726 754 830 855 1055 1077 1151 1264 
727 811 841 886 933 1043 1084 1286 
728 768 787 891 919 993 1117 1125 1134 1154 1253 1904 
729 794 847 869 915 944 1249 
730 788 860 876 1113 1185 1622 1762 
731 775 834 869 1057 1061 1157 1302 1964 
732 861 953 973 1074 1116 1156 1208 1259 
733 751 825 1011 1212 1317 
734 738 744 1030 1061 
735 801 1041 1045 1078 1240 1261 1412 
736 952 983 1024 1284 1314 1315 
737 787 1082 1115 1279 1292 
738 804 967 1216 
739 1001 1034 1179 
740 858 908 1000 1006 1174 1295 1316 
741 802 931 1002 1036 1041 1042 1180 1230 
742 841 843 1210 
743 940 997 999 1251 1330 
744 854 1065 1068 1173 1326 1784 1914 
745 887 1006 1027 1681 
746 777 882 976 1045 1195 1196 1229 1272 1287 1326 1347 
747 962 1144 1145 1196 1231 1296 1545 
748 807 829 952 1039 1080 1081 1143 1151 1310 1314 1844 
749 799 859 864 945 981 1313 
750 964 1052 1129 1290 1306 
751 757 921 922 1008 1112 1215 1240 
752 996 1003 1200 1206 1308 1994 
753 835 981 1075 1098 1269 1965 
754 919 1035 1209 1240 
755 791 855 891 978 985 997 1075 1181 1226 1299 
756 766 792 857 908 981 988 1026 1269 1480 1481 
757 963 966 1203 1217 1308 1314 
758 1116 1303 1602 
759 812 1047 1132 1175 1233 1279 
760 787 870 1145 1205 1328 1700 
761 936 959 988 1134 1186 1267 1516 
762 1075 1321 1656 
763 999 1068 1130 1267 1320 
764 766 1141 1145 1152 1213 
765 901 911 960 1061 1197 
766 965 975 1093 1237 1271 
767 801 844 1216 1286 1287 1290 
768 794 960 1021 1237 1323 1613 1777 1857 
769 779 780 1179 1200 1258 
770 895 937 1114 1778 
771 830 1188 
772 808 813 826 856 857 1001 1059 1152 1178 1273 1816 
773 839 850 888 947 1095 1429 
774 823 832 924 935 1970 
775 991 1084 
776 780 781 789 861 862 879 993 1283 1816 
777 787 863 1092 1151 1393 
778 854 888 1020 1119 1156 1303 
779 785 865 908 949 1117 1856 
780 846 934 951 1581 1756 
781 799 897 911 963 993 1014 1026 1041 1094 1121 1174 1207 1312 
782 1069 1203 1205 1506 1743 1759 
783 1242 1319 1905 
784 912 1041 1083 1125 1148 1163 
785 797 958 1056 1260 1300 1507 
786 860 903 1085 1187 1741 
787 851 887 907 918 964 967 1187 
788 848 865 952 1031 1119 1163 1174 1222 1270 1285 1624 1847 
789 884 909 1115 
790 960 1243 1276 
791 1075 1163 1195 1202 1224 1225 
792 880 906 908 966 1012 1037 1208 1235 1311 
793 819 943 1024 
794 1001 1038 1045 1124 1190 
795 1126 1144 1487 
796 875 925 1131 1182 1226 1299 
797 841 1157 1166 1216 1240 
798 839 842 856 1069 1106 1110 1207 1260 
799 856 965 978 1239 1281 1318 
800 820 840 979 1021 1102 1129 1175 1178 1202 
801 852 1053 1163 1175 1271 1304 1425 1750 1763 
802 823 1029 1145 1405 
803 916 970 1112 
804 907 1000 1117 1167 1246 1289 1290 
805 825 956 964 1000 1089 1099 1124 1174 1200 1495 
806 828 845 895 996 1136 1197 1218 1229 1856 
807 953 1211 
808 1036 1094 1108 1229 1892 
809 815 1043 1072 1167 
810 848 1065 1163 1320 1702 
811 882 938 1021 1123 1173 1187 1208 1515 1652 
812 1007 1022 1159 1164 1260 1315 
813 849 856 863 1013 1019 1154 1196 1559 1803 1992 
814 915 958 970 1160 1242 
815 943 1068 1185 1239 1290 1291 1308 
816 918 969 1320 
817 
818 908 966 985 993 1043 1121 1171 1655 1669 
819 946 1053 1173 1217 1261 1308 1457 1581 
820 830 833 944 1063 1115 1257 1273 1293 1632 
821 863 1082 1204 1218 1306 
822 847 928 952 1176 1195 1201 1218 1229 1242 1461 1803 
823 1124 1283 1326 1702 
824 1096 1769 
825 885 954 992 1021 1056 1081 1568 
826 994 1068 1347 1591 
827 901 1057 1061 1126 1246 1267 1273 
828 835 959 1030 1050 1210 1225 
829 843 922 1212 1348 
830 923 1055 
831 887 912 965 1045 1139 1169 1240 
832 842 855 873 985 1147 1198 1248 1259 1314 
833 943 964 1106 1263 1327 1788 
834 1162 1247 1256 1262 1518 
835 984 1093 1124 1297 1459 1504 
836 902 925 973 1016 1057 1251 1275 
837 859 869 922 979 980 989 1072 1078 1113 1214 1294 1326 
838 1107 1143 1164 1307 1312 1471 
839 903 937 1119 1544 
840 869 913 1121 1142 1145 1242 1273 
841 869 885 984 1033 1075 1100 1115 
842 847 885 997 1245 1250 1283 1322 
843 921 1025 1203 1482 
844 854 996 1223 1274 1412 
845 866 907 1013 1063 1305 
846 981 1131 1150 1159 1170 1803 
847 930 942 955 974 1016 1124 1269 1329 
848 1123 1194 1196 1431 
849 1205 
850 972 1104 1163 1270 1280 
851 984 1013 1091 1102 1197 1199 1267 
852 1020 1066 1072 1213 1244 1263 1686 
853 882 975 1032 1091 1128 1132 1149 1155 1168 1189 1265 1607 
854 888 907 1287 
855 883 957 1118 1433 
856 898 937 1082 1100 1103 1119 1751 1839 
857 920 924 939 1071 1085 1115 1167 1323 1534 
858 872 889 1025 1126 1146 1147 1152 
859 959 1077 1092 1201 1257 
860 986 
861 921 1193 1329 1672 
862 883 889 974 1036 1073 1104 
863 895 974 1171 1195 1230 1691 
864 878 1000 1014 1177 1270 1289 
865 875 1154 
866 868 1256 
867 957 966 971 1102 1122 
868 900 945 974 1015 1210 1223 1242 1987 
869 931 1237 1286 
870 1017 1205 1211 1219 1256 1315 1396 1744 
871 885 900 1035 1251 1264 1322 1773 
872 974 1016 1058 1062 1177 1266 1299 
873 902 903 980 1078 1083 
874 952 967 1010 1949 
875 956 1031 1062 1066 1137 1165 1211 1261 1283 1774 
876 1000 1018 1088 1204 1306 1990 
877 967 1000 1074 1091 
878 928 1009 1043 1051 
879 960 1004 1044 1114 1192 
880 1143 
881 895 899 930 1262 
882 1053 1138 1296 
883 1005 1017 1049 1220 1262 1311 1324 1440 
884 1327 1468 
885 886 922 1058 1166 1194 1278 1327 
886 1163 1246 1300 1326 1681 
887 1082 1242 
888 999 1012 1066 1179 1423 1759 
889 1010 1041 1055 1202 1216 1295 1306 1467 
890 1182 1252 1393 1572 
891 920 1252 1321 1326 1682 
892 1045 1050 1137 1286 1639 
893 965 1048 1056 1106 1458 
894 916 957 1079 1296 1498 
895 986 1026 1128 1256 1304 
896 1181 1221 1763 
897 1097 
898 1003 1030 1040 1140 1147 1834 
899 909 998 1046 1198 1268 
900 995 1034 1068 1086 1227 1236 1567 
901 1104 1123 1145 1155 1317 1801 1916 
902 1090 1129 
903 949 975 1107 1270 1968 
904 1039 1138 1587 1893 
905 1011 1064 1225 
906 925 1004 1052 1181 1205 
907 931 957 958 1011 1071 1166 1318 1324 1385 
908 910 912 1014 1032 1051 1102 1237 1478 
909 993 1065 1162 
910 1061 1099 1132 1160 1256 1286 1312 
911 1006 1222 
912 942 1166 1273 1413 
913 938 949 1264 1273 1295 
914 918 975 1082 1290 1458 
915 1076 1655 
916 1058 1153 1246 
917 1065 1134 1136 1168 1194 1201 1214 1237 1288 1296 1638 
918 1008 1089 1122 1163 1283 1302 1314 1640 1678 
919 1074 1185 1245 1895 
920 1323 1529 
921 1060 1196 1270 1277 1668 
922 1154 1198 1211 1216 1253 1937 
923 1094 1128 1198 1233 1298 1378 
924 931 980 1107 1110 1210 1714 
925 1035 1041 1100 1322 
926 1162 1170 1224 1232 
927 931 948 1127 1129 1197 1284 
928 1043 1088 1312 
929 1091 1219 1250 1290 1312 
930 974 1072 1295 1304 1340 1579 
931 1030 1049 1121 1681 
932 1318 1328 1386 1956 
933 1091 1134 1149 1251 1961 
934 1121 1649 
935 1014 
936 1077 1139 
937 948 1052 1067 1180 
938 1019 1035 1058 1129 1608 
939 1274 
940 971 1020 1056 1129 1202 1306 
941 1013 1104 1209 1226 1283 1736 1912 
942 952 1113 
943 955 961 1022 1093 1790 1927 
944 
945 1032 1043 1061 1183 
946 1106 1812 1819 
947 967 1021 1067 1077 1322 1765 
948 970 972 1244 1688 
949 1065 1075 1084 1109 1142 1150 1224 
950 1085 1154 1281 1293 1326 1525 
951 1018 1091 1160 1215 1246 1329 1472 1636 
952 1043 1059 1071 1157 1180 1201 1848 
953 988 1003 1042 1095 1204 1286 
954 1026 1081 1112 1263 1324 
955 1122 1258 1298 
956 1076 1128 1181 1184 1208 
957 984 1112 1204 
958 1073 1111 1131 1311 
959 960 983 985 1040 1077 1187 1209 1211 
960 1003 1590 
961 992 1034 1247 1249 1294 1971 
962 968 988 1032 1140 1225 
963 1117 1178 1448 1714 
964 976 990 1045 1173 1184 1239 1252 1904 
965 973 1017 1030 1050 1101 1105 1179 1775 
966 1036 1065 1156 1228 
967 1012 1086 1101 1458 1485 1972 
968 1060 1088 1301 1303 
969 1058 1072 1119 1163 1212 1223 1308 1424 
970 1135 1155 1220 1235 1292 
971 1063 1071 1322 
972 982 1011 1024 1867 
973 1013 1090 1140 1175 1220 1252 1299 
974 1018 1234 
975 1152 1875 
976 1096 1215 1295 
977 1135 1200 1235 
978 1068 1116 1148 1204 1240 1244 
979 1102 1201 1230 1236 1253 
980 1009 1037 1043 1160 1199 1217 
981 987 1044 1224 1298 
982 1040 1129 1220 1274 1323 
983 991 1013 1142 
984 1107 1230 1308 
985 1015 1187 1318 1830 1930 
986 1050 1124 1657 
987 1287 
988 1052 1105 1120 1291 1313 1364 
989 1010 1036 1245 1523 
990 1004 1031 1109 1195 1230 1243 1780 
991 994 1040 1067 1112 1147 1293 1534 1936 
992 1000 1120 1158 1159 1174 
993 994 997 1185 1196 1210 1274 1286 1963 
994 1100 1158 1244 1972 
995 1090 1218 
996 1043 1132 1193 1236 1301 1314 1530 
997 1040 1041 1225 1597 
998 1099 1285 1319 
999 1002 1124 1536 
1000 1143 1219 1321 
1001 1043 
1002 1005 1150 1194 1277 1326 
1003 1271 1306 1687 
1004 1049 1163 1244 1628 
1005 1132 1180 1455 
1006 1154 1279 1292 
1007 1096 1191 1239 1259 1276 1323 1523 
1008 1011 1061 1259 1305 1699 1850 
1009 1147 1754 
1010 1135 1296 
1011 1090 1093 1493 
1012 1225 1237 1253 
1013 1131 1231 
1014 1239 1266 1465 1964 
1015 1019 1105 1271 1302 1311 
1016 1199 1236 1286 
1017 1111 1133 1197 
1018 1147 1192 1222 1228 1325 1329 1330 1948 
1019 1244 1279 1389 
1020 1104 1284 1581 
1021 1297 1601 1703 
1022 1257 1259 1272 1286 1295 
1023 1132 1337 
1024 1079 1263 
1025 1243 1245 1379 1641 1645 
1026 1190 1212 1258 1266 1307 1313 
1027 1072 1281 1412 
1028 1214 
1029 1076 1240 1270 
1030 1103 1115 1124 
1031 1060 1244 1301 1324 1909 
1032 1132 1213 1887 1897 
1033 1046 1194 1253 1831 
1034 1166 
1035 1143 1169 1192 1209 
1036 1129 1190 1272 1848 
1037 1046 1087 1289 1296 
1038 1079 1226 1228 1252 1263 1266 
1039 1102 1152 1226 
1040 1199 1258 1262 1270 1302 1308 
1041 1184 1871 
1042 1349 1458 1791 
1043 1107 1125 1243 1633 
1044 1080 1114 
1045 1071 1136 1143 1167 1245 1274 1528 
1046 1139 1145 1563 
1047 1121 1323 1586 1917 
1048 1055 1251 
1049 1165 1191 1324 1328 
1050 1251 1258 1760 1987 
1051 1073 1270 
1052 1082 1130 1889 
1053 1072 
1054 1146 1264 1321 1495 
1055 1133 1201 1222 
1056 1080 1186 1320 
1057 1092 1192 1202 1298 
1058 1178 1240 1279 1322 1889 
1059 1176 1184 1193 1269 1303 
1060 1125 1174 1740 
1061 1102 1106 1199 1306 1320 1846 
1062 1155 1213 1234 1240 1257 1539 1757 1995 
1063 1064 1092 1126 1154 1544 1742 1832 
1064 1067 1198 1249 1963 
1065 1070 1161 1271 1904 1927 
1066 1216 1308 1457 1532 
1067 1099 1271 1292 1653 1701 1814 
1068 1105 
1069 1846 1859 
1070 
1071 1273 
1072 1210 1270 
1073 1174 1194 1813 
1074 1094 
1075 1130 1194 1278 1313 1525 1726 
1076 1363 
1077 1141 1278 1330 
1078 
1079 1105 1163 1180 1223 1613 
1080 1088 1168 1212 1291 1630 
1081 1142 
1082 1195 1322 1512 1549 
1083 
1084 1111 1253 1270 
1085 1125 1143 1291 1326 1476 1751 
1086 1184 1188 
1087 1183 1228 1307 1316 
1088 1108 1283 
1089 1138 1258 1303 1320 1929 
1090 1263 1810 1878 
1091 1162 1963 
1092 1291 1816 
1093 1199 
1094 1255 1261 1628 
1095 1110 1146 1153 1300 1303 
1096 1105 1129 1245 1253 1424 
1097 1100 
1098 1102 1311 
1099 1106 1152 1293 1663 1989 
1100 1161 1232 1292 1295 
1101 1130 1162 1190 
1102 1168 1287 
1103 1129 1170 1174 1179 1899 
1104 1120 1147 1172 1228 1309 
1105 1193 1302 1323 
1106 1442 
1107 1164 1200 1236 1253 1303 1330 1558 
1108 1318 
1109 1751 
1110 1280 
1111 1177 1273 
1112 1121 1241 
1113 1185 
1114 1202 1225 
1115 1302 1837 
1116 1207 1236 1251 
1117 1139 1782 
1118 1164 1191 1206 1261 1302 1394 
1119 1194 1294 1449 
1120 1138 1276 
1121 1207 1616 
1122 1420 
1123 1241 1325 1936 
1124 1254 1314 1459 
1125 1141 1410 1740 
1126 1296 1654 
1127 1187 1223 1286 1318 1773 
1128 1186 1298 1445 
1129 1312 1840 
1130 1160 1255 1265 
1131 1187 1287 1353 
1132 1567 1627 
1133 1285 1320 1573 
1134 1157 1549 
1135 1288 
1136 1277 1415 
1137 1185 
1138 1198 1291 1695 1724 
1139 
1140 1831 
1141 1160 1183 1190 
1142 1264 1510 
1143 1164 1300 
1144 1223 1370 1421 1607 
1145 1441 
1146 1158 1259 
1147 1309 
1148 1299 
1149 1203 1313 1586 
1150 1268 
1151 1157 1277 1315 1927 1990 
1152 1282 
1153 1183 1247 
1154 1280 
1155 1227 1240 1304 1329 1349 1624 
1156 1162 1187 1269 1302 1932 
1157 1167 1208 
1158 1268 1311 
1159 1299 1587 
1160 1161 1252 1322 
1161 1174 1299 1668 
1162 1236 1317 1977 
1163 1376 1943 
1164 1227 
1165 1565 1812 
1166 1172 1192 1198 1625 
1167 
1168 1250 1467 1707 
1169 
1170 1888 
1171 1226 1265 
1172 
1173 1285 1877 
1174 1206 1296 1326 1453 
1175 1888 
1176 1303 1318 1496 1684 
1177 1300 
1178 1214 1226 1267 
1179 1227 1228 
1180 
1181 1245 
1182 1229 1239 1635 
1183 
1184 1248 1327 
1185 1232 
1186 1242 
1187 1192 1203 1247 1331 1539 
1188 1688 
1189 1212 1860 
1190 1694 
1191 
1192 1285 1287 1288 1311 
1193 1312 1997 
1194 1231 1325 
1195 1779 1832 1854 
1196 1285 
1197 1223 1305 
1198 1253 1290 1302 
1199 1242 1325 1452 
1200 1226 1310 1700 
1201 1282 
1202 1285 1296 
1203 1576 
1204 1231 1237 1286 
1205 1221 1299 
1206 1215 1222 1301 1354 
1207 
1208 1246 1253 1311 
1209 1228 1661 
1210 1475 1659 
1211 1279 1331 1799 
1212 1400 1645 1766 1972 
1213 1241 1712 
1214 
1215 
1216 1270 1907 
1217 1255 1377 
1218 1318 
1219 1681 
1220 1378 1940 
1221 1293 1731 1864 
1222 
1223 
1224 1274 1976 
1225 1397 
1226 
1227 1249 1509 
1228 1233 1251 1331 1592 
1229 1308 
1230 
1231 1586 
1232 
1233 1318 
1234 
1235 
1236 
1237 
1238 
1239 1325 1397 1570 1771 
1240 1280 1637 
1241 1252 1551 1989 
1242 1581 
1243 1289 1317 1439 
1244 
1245 1314 
1246 1615 
1247 
1248 1978 
1249 1362 1625 1637 
1250 1324 
1251 1284 
1252 1266 1862 
1253 1328 1342 
1254 1459 
1255 1758 1762 
1256 1280 1305 
1257 
1258 
1259 1272 1969 
1260 1263 1422 
1261 1383 
1262 1445 
1263 
1264 1751 
1265 
1266 
1267 1334 
1268 
1269 
1270 1277 
1271 1275 1459 1919 
1272 
1273 1320 1330 
1274 
1275 
1276 
1277 1294 1313 1517 
1278 1307 
1279 1711 
1280 1313 1451 
1281 1314 1730 
1282 1319 1553 
1283 1311 1924 
1284 
1285 1324 1403 
1286 1304 
1287 1953 
1288 1525 
1289 1298 1319 1357 
1290 1553 
1291 1303 1884 
1292 1761 
1293 1295 1322 1509 
1294 1754 
1295 1328 1877 
1296 
1297 1775 
1298 1897 1930 
1299 1511 
1300 
1301 
1302 1977 
1303 1966 
1304 1312 1347 
1305 1718 
1306 
1307 1875 
1308 
1309 1347 
1310 1373 1839 
1311 1869 
1312 
1313 
1314 1326 
1315 
1316 1579 
1317 1525 
1318 
1319 
1320 1891 
1321 
1322 1326 
1323 
1324 1676 
1325 1997 
1326 
1327 1819 1936 
1328 1522 
1329 1596 
1330 1610 1642 
1331 1671 1864 1921 
1332 1362 1424 1426 1446 1808 1892 1901 1964 
1333 1340 1619 1668 1681 1754 1818 1903 
1334 1427 1498 1547 1573 1702 1729 1852 1863 1982 1990 
1335 1414 1498 1578 1582 1649 1676 1695 1765 1929 1941 
1336 1374 1414 1521 1535 1606 1633 1763 1861 1920 1991 
1337 1385 1387 1463 1664 1835 1858 1918 1984 1985 
1338 1392 1533 1676 1681 1696 1711 1727 1739 1832 1851 1929 1986 
1339 1552 1598 1799 
1340 1367 1387 1493 1500 1591 1636 1653 1755 1938 1940 
1341 1402 1489 1683 1696 1947 1955 
1342 1391 1406 1434 1445 1512 1618 1674 1698 1728 1773 1922 1995 
1343 1402 1418 1522 1619 1696 1829 1875 
1344 1943 1949 1952 
1345 1420 1533 1561 1642 1667 1719 
1346 1407 1518 1612 1614 1707 1746 
1347 1358 1371 1521 1543 1544 1665 1679 1685 1741 1866 
1348 1632 1717 1967 
1349 1367 1543 1661 1708 1753 1974 
1350 1396 1414 1502 1516 1517 1525 1557 1612 1708 1764 1792 1932 1975 
1351 1367 1628 1699 1805 1910 
1352 1383 1461 1627 1631 1723 1760 1902 1906 
1353 1443 1546 1584 1855 1869 
1354 1407 1502 1650 1714 1725 1831 1887 1894 
1355 1447 1450 1499 1665 1708 1719 1858 1906 1907 
1356 1403 1440 1542 1712 1723 1770 1812 1898 
1357 1825 1830 1872 
1358 1450 1585 1623 1830 1863 
1359 1457 1622 1628 1692 1756 
1360 1407 1571 1717 1739 1744 1873 1941 1952 1989 
1361 1436 1469 1564 1872 1922 1934 
1362 1424 1524 1643 1712 1750 1908 
1363 1493 1510 1574 1611 1635 1816 1975 
1364 1367 1530 1598 1890 
1365 1515 1593 1861 
1366 1385 1421 1503 1676 1816 1957 1997 
1367 1403 1434 1635 1740 
1368 1447 1536 1628 1838 1982 
1369 1415 1464 1524 1597 1671 1746 1749 1802 1905 
1370 1399 1401 1668 1744 1779 1946 1963 
1371 1523 1545 1624 1701 1890 
1372 1434 1478 1899 1947 
1373 1439 1713 1981 
1374 1593 1857 1885 
1375 1395 1436 1474 1531 1685 1739 1771 1784 1938 1979 
1376 1477 1497 1520 1679 
1377 1409 1576 
1378 1455 1482 1689 1896 1918 
1379 1407 1427 1707 1892 1974 1979 
1380 1424 1537 1616 1719 1828 1876 
1381 1445 1608 1694 1742 1976 
1382 1525 1979 
1383 1415 1556 1599 1681 1694 1736 1800 
1384 1400 
1385 1396 1509 1567 1753 1779 1860 1902 
1386 1525 1672 1913 1924 1954 1960 
1387 1496 1606 1886 1898 
1388 1495 1526 1549 1694 1715 1726 1750 1922 
1389 1524 1539 1640 1661 1686 1794 1833 
1390 1411 1734 1790 1814 1851 
1391 1554 1758 1903 
1392 1404 1448 1463 1493 1658 1736 1751 
1393 1602 1654 1746 1823 
1394 1405 1596 1645 1907 
1395 1404 1408 1453 1701 1709 1743 1751 1767 1832 1855 1891 1996 
1396 1471 1493 1560 1708 1725 1732 1871 1951 1996 
1397 1490 1505 1572 1669 1774 1821 1837 1912 1960 
1398 1712 1740 
1399 1491 1515 1614 1708 1751 
1400 1430 1493 1551 1615 1788 
1401 1569 1615 1877 
1402 1461 1473 1602 1617 1650 1770 1795 1798 1802 1803 1832 1865 1929 
1403 1457 1482 1577 1666 1761 1940 1956 
1404 1460 1634 1859 1969 1977 
1405 1420 1600 1604 1656 1671 1719 1973 1987 
1406 1706 1743 
1407 1576 1617 1749 
1408 1497 1538 1542 1602 1925 
1409 1428 1502 
1410 1455 1481 1555 1583 1596 1670 1703 
1411 1455 1473 1542 1571 1887 
1412 1413 1645 1685 1813 1873 1898 1925 1956 1973 
1413 1687 1836 1839 
1414 1420 1539 
1415 1511 1530 1587 1713 
1416 1418 1524 1832 
1417 1447 1494 1625 1709 1827 1921 1927 1989 
1418 1491 1497 1658 1678 1704 1823 1914 
1419 1475 1677 1717 1920 
1420 1738 1856 1885 
1421 1462 1510 1539 1593 1596 1632 1801 1824 1886 1945 
1422 1435 1619 1643 1681 1847 1937 1943 
1423 1462 1478 1490 1591 1787 1790 1890 1950 1958 
1424 1482 1670 1684 1734 1771 1824 
1425 1452 1465 1610 1700 1781 1855 1918 
1426 1431 1619 1674 1764 1837 
1427 1451 1484 1492 1530 1548 1563 1571 1586 1598 1617 1660 1864 1948 1967 
1428 1463 1466 1774 1793 1856 1927 
1429 1444 1461 1733 1850 1919 1954 
1430 1650 1706 1766 1777 1793 
1431 1889 1900 
1432 1644 1876 1905 1912 
1433 1473 1662 1686 1702 1774 1888 1962 
1434 1463 1501 1512 1553 1807 1808 1903 
1435 1450 1481 1580 
1436 1597 1602 1659 1671 1674 1683 1828 1893 1982 
1437 1486 1664 1928 1965 
1438 1444 1499 1525 1550 1593 1660 1944 1977 
1439 1444 1446 1454 1561 1684 1809 1969 
1440 1633 1817 1832 1840 
1441 1549 1612 1706 1936 1969 1987 1990 
1442 1606 1609 1639 1688 1884 1897 
1443 1477 1539 1665 1788 1860 
1444 1512 1763 1860 
1445 1485 1568 1586 1726 1905 
1446 1648 1726 1883 1994 
1447 1458 1483 1505 1556 1601 1628 1629 1697 1744 1790 
1448 1471 1517 1557 1639 1704 1799 1941 1944 1967 
1449 1517 1620 1755 
1450 1497 1507 1562 1618 1624 1642 1722 1759 1812 1854 1878 
1451 1628 1744 1942 1953 
1452 1470 1506 1568 1579 
1453 1826 
1454 1527 1560 1940 1959 
1455 1468 1533 1646 1690 1739 1748 1875 1990 
1456 1488 1510 1669 1821 1940 1945 
1457 1473 1531 1621 1678 1736 1763 1832 1835 1871 1944 1952 1962 1982 
1458 1560 1663 
1459 1469 1544 1697 1748 1796 1832 1939 
1460 1521 1593 1634 1830 1893 
1461 1490 1587 1911 
1462 1504 1535 1558 1589 
1463 1550 1740 1829 1858 1954 1984 
1464 1760 1782 1791 1830 1849 1894 1919 
1465 1477 1507 1520 1992 
1466 1501 1502 1505 1566 1706 1727 1882 1888 1889 1961 1980 
1467 1557 1570 1795 
1468 1485 1498 1531 1546 1604 1616 1714 1752 1822 1959 
1469 1497 1536 1559 1703 1878 1903 1916 1937 
1470 1492 1548 1611 1685 1891 1967 
1471 1570 1781 1855 1896 1969 
1472 1530 1594 1654 1669 1681 1707 1857 1890 
1473 1567 1614 1894 1963 
1474 1499 1552 1877 1931 
1475 1516 1523 1555 1558 1656 1984 
1476 1493 1608 
1477 1516 1539 1784 1911 
1478 1584 1701 1795 1875 1934 1938 
1479 1711 1985 
1480 1512 1590 1604 1676 1689 1775 1835 1880 1882 1987 
1481 1515 1520 1521 1524 1530 1607 1644 1675 1694 1742 1752 1932 1941 
1482 1495 1743 1993 1997 
1483 1504 1516 1801 1975 
1484 1507 1593 1595 1596 1604 1654 1675 1678 1847 1851 1919 
1485 1533 1604 1609 1832 1978 
1486 1494 1706 1734 1897 1905 1965 1977 1983 
1487 1530 1596 1688 1737 1815 
1488 1582 1615 1845 1970 
1489 1562 1628 1880 1884 1900 
1490 1687 1892 
1491 1507 1582 1595 1611 1628 1661 1750 1974 
1492 1549 1590 1591 1697 1717 1796 1844 1851 1977 
1493 1513 1619 
1494 1498 1507 1510 1519 1664 
1495 1661 1681 1703 1716 1762 1893 
1496 1700 1762 
1497 1622 1631 1677 1722 1725 1751 1788 1808 1887 1910 1937 
1498 1574 1597 1806 1960 1961 
1499 1524 1711 1801 1847 1872 
1500 1533 1678 1720 1790 1914 1917 
1501 1709 1743 1769 1835 1925 1949 
1502 1504 1524 1553 1590 1651 1704 1707 1753 1781 1795 1854 1866 
1503 1630 1678 1825 1931 
1504 1562 1647 1668 1746 1777 1919 1922 1940 1943 
1505 1530 1551 1776 1932 1936 1997 
1506 1596 1942 1982 
1507 1545 1893 1974 1977 
1508 1531 1629 1755 1803 1846 1908 
1509 1625 1648 1807 
1510 1917 1991 
1511 1565 1566 1638 1668 1733 1804 
1512 1595 1759 1886 1921 1928 
1513 1524 1554 1640 1672 1798 1857 1949 
1514 1515 1592 1646 1651 1662 1689 1794 
1515 1704 1822 1848 
1516 1547 1576 1592 1931 1991 
1517 1635 1727 1819 1829 1909 
1518 1598 1695 1806 1863 1866 1929 1959 
1519 1663 1689 1696 1701 1704 1789 1875 1982 
1520 1591 1624 
1521 1536 1687 1770 
1522 1748 1777 1801 
1523 1577 1586 1659 1703 1889 1892 1939 1995 
1524 1715 1742 1759 1806 1961 
1525 1699 1826 1847 
1526 1533 1803 1829 1866 1891 1896 1921 
1527 1535 1843 1951 
1528 1650 1676 1816 1961 
1529 1677 1828 1831 1862 1905 
1530 1566 1602 1659 
1531 1610 1678 1989 
1532 1552 1557 1564 1742 1888 1897 1924 1973 
1533 1740 1765 1798 1885 
1534 1685 
1535 1538 1640 1827 1872 1875 1995 
1536 1627 1775 1815 
1537 1549 1593 1620 1740 1847 
1538 1541 1558 1567 1578 1633 1748 1763 1865 1901 
1539 1543 1572 1657 1869 1908 
1540 1627 1833 1864 1886 1916 1975 
1541 1582 1670 
1542 1615 1628 1716 
1543 1592 1615 
1544 1560 1646 1807 1813 1990 
1545 1546 1584 1588 1608 1611 1704 1724 1788 1812 1964 
1546 1726 1731 1759 
1547 1600 1636 1821 1864 
1548 1583 1754 
1549 1552 1575 1615 1712 1762 1870 1897 1919 
1550 1921 1976 
1551 1557 1645 1840 1961 
1552 1800 1926 
1553 1732 1946 1972 
1554 1670 1687 1696 1802 1812 1923 
1555 1778 1865 
1556 1595 1713 1741 1760 1862 1897 1992 
1557 1650 1664 1669 1670 1907 
1558 1597 1696 1832 1893 1898 
1559 1658 1692 1715 1759 
1560 1668 1826 1893 1906 
1561 1664 1701 
1562 1661 1939 
1563 1738 1907 1918 
1564 1700 1815 
1565 1901 1920 1959 
1566 1660 1670 1705 1747 1778 1979 
1567 1761 1883 1988 
1568 1652 1724 1819 1873 1963 1966 1993 
1569 1617 1957 
1570 1648 1795 1812 1877 1878 1963 
1571 1635 1710 1911 
1572 1628 1743 1795 1863 
1573 1764 1826 1985 
1574 1928 
1575 1610 1669 1706 1727 1826 1939 1947 
1576 1668 1676 1885 1920 1947 
1577 1692 1830 1847 1969 
1578 1760 1796 1909 1948 
1579 1667 1790 1792 1807 1869 1981 
1580 1601 1785 1826 1869 1878 
1581 1682 1705 
1582 1677 
1583 1610 1619 1654 1694 
1584 1590 1611 1638 1737 
1585 1803 1951 
1586 1715 1724 1766 
1587 1639 1693 1845 1883 1985 
1588 1602 1735 1770 1843 1844 1912 
1589 1668 
1590 1615 1682 1855 1865 
1591 1980 
1592 1677 1888 
1593 1894 1987 
1594 1629 1993 
1595 1757 1777 1821 
1596 1603 1615 1735 1763 
1597 1648 1993 
1598 1602 1641 1789 1879 
1599 1652 
1600 1761 1818 1917 1956 
1601 1634 1823 1906 1948 
1602 1738 1749 1762 1787 1872 1960 
1603 1628 1653 1786 1942 1986 
1604 1679 1784 1828 
1605 1701 1729 1870 
1606 1658 1871 1939 1955 
1607 1947 1950 
1608 1744 1954 1986 
1609 1658 1830 1949 
1610 1635 1797 
1611 1695 1743 
1612 1621 1658 1695 1796 1833 1917 1924 1926 
1613 1648 1682 1715 1721 1980 
1614 1907 1986 
1615 1621 1669 1709 1713 1835 1841 
1616 1620 1657 1680 1723 1863 
1617 1696 1865 1901 1907 
1618 1742 1831 1839 
1619 1634 1887 
1620 1655 1789 1814 1868 1978 
1621 1729 1922 1934 
1622 1742 
1623 1726 1762 1954 
1624 1751 
1625 1645 1732 
1626 1780 1827 1858 1905 1940 
1627 1676 1924 
1628 1773 1903 
1629 1631 1712 1781 1842 
1630 1717 1915 1965 1978 
1631 1677 1855 1925 
1632 
1633 1641 1728 1751 1757 1758 1908 1938 
1634 1736 1826 
1635 1703 1744 1799 1899 
1636 1694 1703 1742 1750 1785 1943 
1637 1662 1711 1744 1850 
1638 1679 1694 
1639 1684 1748 
1640 1897 
1641 
1642 1673 1682 1976 
1643 1732 1823 1900 1901 1945 1979 
1644 1702 1733 1980 
1645 1704 1833 1969 
1646 1717 
1647 1709 1715 1737 1749 1910 1914 1939 
1648 1651 
1649 1900 
1650 1760 1769 1776 1796 1818 1884 1917 1982 
1651 1670 1751 1923 
1652 1668 1746 1819 1972 
1653 1728 1895 
1654 1771 1815 1963 
1655 1715 
1656 1679 1791 1938 
1657 1668 1696 1916 
1658 1722 1896 1987 
1659 1873 1910 1918 1960 1961 
1660 1961 
1661 1695 1709 1726 1912 
1662 1750 1969 
1663 1791 1907 1951 
1664 1667 1749 1751 1767 1817 
1665 1719 1794 1824 1861 1920 
1666 1719 1958 1976 1977 
1667 1764 
1668 1693 1802 1825 1927 
1669 1719 1736 1806 1946 
1670 1688 1719 1824 1929 1930 1988 
1671 1779 1902 1908 1940 1985 
1672 1730 
1673 1710 
1674 1694 1696 1739 1840 1995 
1675 1845 1940 1947 
1676 1830 1869 
1677 1792 
1678 
1679 1687 1691 
1680 1700 1736 1871 1984 
1681 1682 1768 1787 1897 
1682 1820 1834 
1683 1724 1804 
1684 1763 1777 1783 1855 1980 
1685 1698 1719 1744 1758 1879 
1686 1720 1782 1801 1937 1946 
1687 1908 1980 
1688 1711 1777 1791 1883 
1689 1767 
1690 1751 1939 
1691 1727 1841 
1692 1828 1833 
1693 1726 1798 1899 
1694 1700 1740 1873 1929 1975 
1695 1717 1780 1883 1926 1931 1936 
1696 1721 1736 1891 1916 
1697 1878 
1698 
1699 1833 1888 
1700 1973 
1701 1908 1913 
1702 1752 1950 
1703 1711 1712 1818 1822 1899 
1704 1779 1909 
1705 1730 1796 1816 1859 
1706 1737 1897 1927 
1707 1733 1786 1916 
1708 1784 1952 1955 
1709 1925 
1710 1942 
1711 1855 1895 1944 
1712 1718 1745 1814 1822 1989 
1713 1735 
1714 1902 1984 
1715 1811 1826 1862 1960 1963 
1716 1807 
1717 1720 1864 1886 1890 
1718 1762 1765 1771 1861 
1719 1797 
1720 1764 1795 1815 1816 1923 1979 
1721 1760 
1722 1787 1878 
1723 1729 1739 1921 
1724 1875 
1725 1805 1927 1930 1951 
1726 1776 1830 1841 
1727 1757 1793 1815 1828 
1728 1845 1952 
1729 1871 1888 1895 
1730 1789 1842 1978 
1731 1748 1957 1971 
1732 1843 1874 1897 1987 
1733 1769 1827 1920 1981 
1734 1744 1771 1824 1948 
1735 1740 1871 1873 
1736 1739 1839 1886 1891 1919 1923 
1737 1755 1892 1895 1917 1938 1969 
1738 1795 1880 1893 
1739 1828 
1740 1766 1821 1861 1891 1978 
1741 1764 1791 1828 
1742 1770 1782 
1743 
1744 
1745 1783 1798 1876 1980 
1746 1835 1976 
1747 1842 
1748 1836 1896 1936 
1749 1774 1836 1992 
1750 1905 1919 
1751 1761 1893 
1752 1842 1936 
1753 1754 1888 1925 1930 1988 1994 
1754 1776 1778 
1755 1866 1892 1907 
1756 1933 
1757 1758 1786 1796 1997 
1758 1763 1767 1778 1807 1821 1978 
1759 1813 1881 1946 1955 1968 
1760 1951 
1761 1775 1846 1906 1935 
1762 1870 
1763 1899 1902 
1764 1806 1859 1879 1936 1994 
1765 1781 1823 
1766 1883 1977 
1767 1773 1798 1933 
1768 1877 
1769 1787 1830 1923 1960 
1770 1808 1994 
1771 1982 
1772 1844 1848 1950 1976 1996 
1773 1801 1902 
1774 1812 
1775 1950 
1776 1816 1987 
1777 1896 1984 
1778 1909 1969 1989 
1779 1785 
1780 1927 1995 
1781 1788 1862 1912 
1782 1819 1988 
1783 1785 1906 
1784 1900 1927 1940 1971 
1785 1860 1908 1978 
1786 1861 1871 
1787 1841 1971 
1788 1955 1959 1986 
1789 1809 1901 
1790 1940 
1791 1923 1945 1951 
1792 1969 
1793 1884 1932 
1794 1894 1910 
1795 1800 1894 1898 
1796 1821 1886 1929 1972 
1797 1918 1989 
1798 1874 1892 1952 
1799 
1800 
1801 1973 1985 
1802 1933 1958 
1803 1809 1837 1885 1993 
1804 
1805 
1806 
1807 1867 1933 
1808 1833 1869 
1809 1815 1822 
1810 1825 1829 1855 
1811 1889 
1812 1876 1909 
1813 1846 1903 
1814 1976 
1815 1847 1898 1950 1960 
1816 1910 
1817 1819 1858 
1818 
1819 
1820 1911 
1821 1843 1867 1881 
1822 1934 
1823 1832 1933 1958 
1824 
1825 1859 1903 1909 1932 1937 
1826 1829 1937 1948 
1827 1982 
1828 1960 
1829 1843 1960 
1830 1850 1862 1868 1873 
1831 
1832 1925 1959 
1833 1845 1964 1971 1976 
1834 1839 1842 1872 
1835 1840 1883 1929 1957 1968 
1836 1882 
1837 1873 
1838 1847 1875 1883 
1839 1842 1889 1956 
1840 
1841 1994 
1842 1984 
1843 1963 
1844 1919 1948 
1845 1852 
1846 1902 
1847 1894 1906 1966 
1848 
1849 1852 1947 
1850 1905 
1851 
1852 
1853 1910 1937 1945 1989 
1854 
1855 
1856 1920 1978 
1857 1932 1995 
1858 1884 1963 
1859 1900 
1860 1895 1972 
1861 1926 1987 
1862 1869 1899 1918 
1863 
1864 1869 1965 1989 
1865 1947 
1866 1950 1963 1971 1993 
1867 1915 1919 
1868 
1869 
1870 1915 1944 
1871 1962 1988 
1872 1885 1898 
1873 1900 1954 1976 
1874 
1875 1989 
1876 1911 
1877 1982 
1878 
1879 1981 
1880 1942 
1881 
1882 
1883 1892 1948 
1884 1892 1913 
1885 1950 
1886 
1887 1907 
1888 1895 1919 1935 1959 1989 
1889 1905 
1890 1909 
1891 1985 
1892 
1893 
1894 
1895 1907 
1896 1977 
1897 
1898 1959 1962 1994 
1899 1975 
1900 1946 
1901 1905 1991 
1902 1977 1992 
1903 1962 1968 
1904 
1905 
1906 1977 
1907 1980 1997 
1908 1994 
1909 1958 
1910 1914 1936 1940 1951 
1911 
1912 
1913 
1914 1981 1984 
1915 
1916 
1917 1927 1933 
1918 
1919 
1920 
1921 1952 1960 1975 
1922 
1923 1945 
1924 
1925 1931 1943 
1926 
1927 
1928 
1929 
1930 1984 1989 
1931 
1932 
1933 
1934 1973 1987 
1935 
1936 
1937 1993 
1938 
1939 1985 
1940 
1941 
1942 
1943 1970 
1944 1958 
1945 1986 
1946 
1947 
1948 
1949 
1950 
1951 
1952 1954 
1953 
1954 
1955 
1956 
1957 
1958 
1959 
1960 
1961 
1962 1978 
1963 1967 
1964 
1965 
1966 1969 
1967 
1968 
1969 
1970 
1971 
1972 
1973 
1974 1992 
1975 1989 
1976 
1977 1981 
1978 
1979 
1980 
1981 
1982 
1983 
1984 
1985 
1986 
1987 
1988 
1989 
1990 
1991 
1992 
1993 
1994 
1995 
1996 
1997 
[0, 0, 0, 0, 0, 0, 0, 0, 0, 0, 0, 0, 0, 0, 0, 0, 0, 0, 0, 0, 0, 0, 0, 0, 0, 0, 0, 0, 0, 0, 0, 0, 0, 0, 0, 0, 0, 0, 0, 0, 0, 0, 0, 0, 0, 0, 0, 0, 0, 0, 0, 0, 0, 0, 0, 0, 0, 0, 0, 0, 0, 0, 0, 0, 0, 0, 0, 0, 0, 0, 0, 0, 0, 0, 0, 0, 0, 0, 0, 0, 0, 0, 0, 0, 0, 0, 0, 0, 0, 0, 0, 0, 0, 0, 0, 0, 0, 0, 0, 0, 0, 0, 0, 0, 0, 0, 0, 0, 0, 0, 0, 0, 0, 0, 0, 0, 0, 0, 0, 0, 0, 0, 0, 0, 0, 0, 0, 0, 0, 0, 0, 0, 0, 0, 0, 0, 0, 0, 0, 0, 0, 0, 0, 0, 0, 0, 0, 0, 0, 0, 0, 0, 0, 0, 0, 0, 0, 0, 0, 0, 0, 0, 0, 0, 0, 0, 0, 0, 0, 0, 0, 0, 0, 0, 0, 0, 0, 0, 0, 0, 0, 0, 0, 0, 0, 0, 0, 0, 0, 0, 0, 0, 0, 0, 0, 0, 0, 0, 0, 0, 0, 0, 0, 0, 0, 0, 0, 0, 0, 0, 0, 0, 0, 0, 0, 0, 0, 0, 0, 0, 0, 0, 0, 0, 0, 0, 0, 0, 0, 0, 0, 0, 0, 0, 0, 0, 0, 0, 0, 0, 0, 0, 0, 0, 0, 0, 0, 0, 0, 0, 0, 0, 0, 0, 0, 0, 0, 0, 0, 0, 0, 0, 0, 0, 0, 0, 0, 0, 0, 0, 0, 0, 0, 0, 0, 0, 0, 0, 0, 0, 0, 0, 0, 0, 0, 0, 0, 0, 0, 0, 0, 0, 0, 0, 0, 0, 0, 0, 0, 0, 0, 0, 0, 0, 0, 0, 0, 0, 0, 0, 0, 0, 0, 0, 0, 0, 0, 0, 0, 0, 0, 0, 0, 0, 0, 0, 0, 0, 0, 0, 0, 0, 0, 0, 0, 0, 0, 0, 0, 0, 0, 0, 0, 0, 0, 0, 0, 0, 0, 0, 0, 0, 0, 0, 0, 0, 0, 0, 0, 0, 0, 0, 0, 0, 0, 0, 0, 0, 0, 0, 0, 0, 0, 0, 0, 0, 0, 0, 0, 0, 0, 0, 0, 0, 0, 0, 0, 0, 0, 0, 0, 0, 0, 0, 0, 0, 0, 0, 0, 0, 0, 0, 0, 0, 0, 0, 0, 0, 0, 0, 0, 0, 0, 0, 0, 0, 0, 0, 0, 0, 0, 0, 0, 0, 0, 0, 0, 0, 0, 0, 0, 0, 0, 0, 0, 0, 0, 0, 0, 0, 0, 0, 0, 0, 0, 0, 0, 0, 0, 0, 0, 0, 0, 0, 0, 0, 0, 0, 0, 0, 0, 0, 0, 0, 0, 0, 0, 0, 0, 0, 0, 0, 0, 0, 0, 0, 0, 0, 0, 0, 0, 0, 0, 0, 0, 0, 0, 0, 0, 0, 0, 0, 0, 0, 0, 0, 0, 0, 0, 0, 0, 0, 0, 0, 0, 0, 0, 0, 0, 0, 0, 0, 0, 0, 0, 0, 0, 0, 0, 0, 0, 0, 0, 0, 0, 0, 0, 0, 0, 0, 0, 0, 0, 0, 0, 0, 0, 0, 0, 0, 0, 0, 0, 0, 0, 0, 0, 0, 0, 0, 0, 0, 0, 0, 0, 0, 0, 0, 0, 0, 0, 0, 0, 0, 0, 0, 0, 0, 0, 0, 0, 0, 0, 0, 0, 0, 0, 0, 0, 0, 0, 0, 0, 0, 0, 0, 0, 0, 0, 0, 0, 0, 0, 0, 0, 0, 0, 0, 0, 0, 0, 0, 0, 0, 0, 0, 0, 0, 0, 0, 0, 0, 0, 0, 0, 0, 0, 0, 0, 0, 0, 0, 0, 0, 0, 0, 0, 0, 0, 0, 0, 0, 0, 0, 0, 0, 0, 0, 0, 0, 0, 0, 0, 0, 0, 0, 0, 0, 0, 0, 0, 0, 0, 0, 0, 0, 0, 0, 0, 0, 0, 0, 0, 0, 0, 0, 1, 1, 1, 1, 1, 1, 1, 1, 1, 1, 1, 1, 1, 1, 1, 1, 1, 1, 1, 1, 1, 1, 1, 1, 1, 1, 1, 1, 1, 1, 1, 1, 1, 1, 1, 1, 1, 1, 1, 1, 1, 1, 1, 1, 1, 1, 1, 1, 1, 1, 1, 1, 1, 1, 1, 1, 1, 1, 1, 1, 1, 1, 1, 1, 1, 1, 1, 1, 1, 1, 1, 1, 1, 1, 1, 1, 1, 1, 1, 1, 1, 1, 1, 1, 1, 1, 1, 1, 1, 1, 1, 1, 1, 1, 1, 1, 1, 1, 1, 1, 1, 1, 1, 1, 1, 1, 1, 1, 1, 1, 1, 1, 1, 1, 1, 1, 1, 1, 1, 1, 1, 1, 1, 1, 1, 1, 1, 1, 1, 1, 1, 1, 1, 1, 1, 1, 1, 1, 1, 1, 1, 1, 1, 1, 1, 1, 1, 1, 1, 1, 1, 1, 1, 1, 1, 1, 1, 1, 1, 1, 1, 1, 1, 1, 1, 1, 1, 1, 1, 1, 1, 1, 1, 1, 1, 1, 1, 1, 1, 1, 1, 1, 1, 1, 1, 1, 1, 1, 1, 1, 1, 1, 1, 1, 1, 1, 1, 1, 1, 1, 1, 1, 1, 1, 1, 1, 1, 1, 1, 1, 1, 1, 1, 1, 1, 1, 1, 1, 1, 1, 1, 1, 1, 1, 1, 1, 1, 1, 1, 1, 1, 1, 1, 1, 1, 1, 1, 1, 1, 1, 1, 1, 1, 1, 1, 1, 1, 1, 1, 1, 1, 1, 1, 1, 1, 1, 1, 1, 1, 1, 1, 1, 1, 1, 1, 1, 1, 1, 1, 1, 1, 1, 1, 1, 1, 1, 1, 1, 1, 1, 1, 1, 1, 1, 1, 1, 1, 1, 1, 1, 1, 1, 1, 1, 1, 1, 1, 1, 1, 1, 1, 1, 1, 1, 1, 1, 1, 1, 1, 1, 1, 1, 1, 1, 1, 1, 1, 1, 1, 1, 1, 1, 1, 1, 1, 1, 1, 1, 1, 1, 1, 1, 1, 1, 1, 1, 1, 1, 1, 1, 1, 1, 1, 1, 1, 1, 1, 1, 1, 1, 1, 1, 1, 1, 1, 1, 1, 1, 1, 1, 1, 1, 1, 1, 1, 1, 1, 1, 1, 1, 1, 1, 1, 1, 1, 1, 1, 1, 1, 1, 1, 1, 1, 1, 1, 1, 1, 1, 1, 1, 1, 1, 1, 1, 1, 1, 1, 1, 1, 1, 1, 1, 1, 1, 1, 1, 1, 1, 1, 1, 1, 1, 1, 1, 1, 1, 1, 1, 1, 1, 1, 1, 1, 1, 1, 1, 1, 1, 1, 1, 1, 1, 1, 1, 1, 1, 1, 1, 1, 1, 1, 1, 1, 1, 1, 1, 1, 1, 1, 1, 1, 1, 1, 1, 1, 1, 1, 1, 1, 1, 1, 1, 1, 1, 1, 1, 1, 1, 1, 1, 1, 1, 1, 1, 1, 1, 1, 1, 1, 1, 1, 1, 1, 1, 1, 1, 1, 1, 1, 1, 1, 1, 1, 1, 1, 1, 1, 1, 1, 1, 1, 1, 1, 1, 1, 1, 1, 1, 1, 1, 1, 1, 1, 1, 1, 1, 1, 1, 1, 1, 1, 1, 1, 1, 1, 1, 1, 1, 1, 1, 1, 1, 1, 1, 1, 1, 1, 1, 1, 1, 1, 1, 1, 1, 1, 1, 1, 1, 1, 1, 1, 1, 1, 1, 1, 1, 1, 1, 1, 1, 1, 1, 1, 1, 1, 1, 1, 1, 1, 1, 1, 1, 1, 1, 1, 1, 1, 1, 1, 1, 1, 1, 1, 1, 1, 1, 1, 1, 1, 1, 1, 1, 1, 1, 1, 1, 1, 1, 1, 1, 1, 1, 1, 1, 1, 1, 1, 1, 1, 1, 1, 1, 1, 1, 1, 1, 1, 1, 1, 1, 1, 1, 1, 1, 1, 1, 1, 1, 1, 1, 1, 1, 1, 1, 1, 1, 1, 1, 1, 1, 1, 1, 1, 1, 1, 1, 1, 1, 1, 1, 1, 1, 1, 1, 1, 1, 1, 1, 1, 1, 1, 1, 1, 1, 1, 1, 2, 2, 2, 2, 2, 2, 2, 2, 2, 2, 2, 2, 2, 2, 2, 2, 2, 2, 2, 2, 2, 2, 2, 2, 2, 2, 2, 2, 2, 2, 2, 2, 2, 2, 2, 2, 2, 2, 2, 2, 2, 2, 2, 2, 2, 2, 2, 2, 2, 2, 2, 2, 2, 2, 2, 2, 2, 2, 2, 2, 2, 2, 2, 2, 2, 2, 2, 2, 2, 2, 2, 2, 2, 2, 2, 2, 2, 2, 2, 2, 2, 2, 2, 2, 2, 2, 2, 2, 2, 2, 2, 2, 2, 2, 2, 2, 2, 2, 2, 2, 2, 2, 2, 2, 2, 2, 2, 2, 2, 2, 2, 2, 2, 2, 2, 2, 2, 2, 2, 2, 2, 2, 2, 2, 2, 2, 2, 2, 2, 2, 2, 2, 2, 2, 2, 2, 2, 2, 2, 2, 2, 2, 2, 2, 2, 2, 2, 2, 2, 2, 2, 2, 2, 2, 2, 2, 2, 2, 2, 2, 2, 2, 2, 2, 2, 2, 2, 2, 2, 2, 2, 2, 2, 2, 2, 2, 2, 2, 2, 2, 2, 2, 2, 2, 2, 2, 2, 2, 2, 2, 2, 2, 2, 2, 2, 2, 2, 2, 2, 2, 2, 2, 2, 2, 2, 2, 2, 2, 2, 2, 2, 2, 2, 2, 2, 2, 2, 2, 2, 2, 2, 2, 2, 2, 2, 2, 2, 2, 2, 2, 2, 2, 2, 2, 2, 2, 2, 2, 2, 2, 2, 2, 2, 2, 2, 2, 2, 2, 2, 2, 2, 2, 2, 2, 2, 2, 2, 2, 2, 2, 2, 2, 2, 2, 2, 2, 2, 2, 2, 2, 2, 2, 2, 2, 2, 2, 2, 2, 2, 2, 2, 2, 2, 2, 2, 2, 2, 2, 2, 2, 2, 2, 2, 2, 2, 2, 2, 2, 2, 2, 2, 2, 2, 2, 2, 2, 2, 2, 2, 2, 2, 2, 2, 2, 2, 2, 2, 2, 2, 2, 2, 2, 2, 2, 2, 2, 2, 2, 2, 2, 2, 2, 2, 2, 2, 2, 2, 2, 2, 2, 2, 2, 2, 2, 2, 2, 2, 2, 2, 2, 2, 2, 2, 2, 2, 2, 2, 2, 2, 2, 2, 2, 2, 2, 2, 2, 2, 2, 2, 2, 2, 2, 2, 2, 2, 2, 2, 2, 2, 2, 2, 2, 2, 2, 2, 2, 2, 2, 2, 2, 2, 2, 2, 2, 2, 2, 2, 2, 2, 2, 2, 2, 2, 2, 2, 2, 2, 2, 2, 2, 2, 2, 2, 2, 2, 2, 2, 2, 2, 2, 2, 2, 2, 2, 2, 2, 2, 2, 2, 2, 2, 2, 2, 2, 2, 2, 2, 2, 2, 2, 2, 2, 2, 2, 2, 2, 2, 2, 2, 2, 2, 2, 2, 2, 2, 2, 2, 2, 2, 2, 2, 2, 2, 2, 2, 2, 2, 2, 2, 2, 2, 2, 2, 2, 2, 2, 2, 2, 2, 2, 2, 2, 2, 2, 2, 2, 2, 2, 2, 2, 2, 2, 2, 2, 2, 2, 2, 2, 2, 2, 2, 2, 2, 2, 2, 2, 2, 2, 2, 2, 2, 2, 2, 2, 2, 2, 2, 2, 2, 2, 2, 2, 2, 2, 2, 2, 2, 2, 2, 2, 2, 2, 2, 2, 2, 2, 2, 2, 2, 2, 2, 2, 2, 2, 2, 2, 2, 2, 2, 2, 2, 2, 2, 2, 2, 2, 2, 2, 2, 2, 2, 2, 2, 2, 2, 2, 2, 2, 2, 2, 2, 2, 2, 2, 2, 2, 2, 2, 2, 2, 2, 2, 2, 2, 2, 2, 2, 2, 2, 2, 2, 2, 2, 2, 2, 2, 2, 2, 2, 2, 2, 2, 2, 2, 2, 2, 2, 2, 2, 2, 2, 2, 2, 2, 2, 2, 2, 2, 2, 2, 2, 2, 2, 2, 2, 2, 2, 2, 2, 2, 2, 2, 2, 2, 2, 2, 2, 2, 2, 2, 2, 2, 2, 2, 2, 2, 2, 2, 2, 2, 2, 2, 2, 2, 2, 2, 2, 2, 2, 2, 2, 2, 2, 2, 2, 2]