0 20 24 26 176 180 195 
1 6 25 129 
2 100 
3 28 
4 33 
5 7 11 110 156 
6 26 122 
7 25 36 
8 13 33 41 48 
9 
10 74 82 
11 16 17 
12 15 20 170 
13 19 197 
14 20 
15 22 37 
16 
17 21 
18 39 99 
19 36 138 197 
20 24 29 32 
21 
22 39 44 85 
23 
24 33 
25 
26 55 
27 
28 
29 60 
30 132 
31 
32 
33 38 136 
34 
35 
36 
37 
38 88 
39 
40 66 
41 43 56 57 64 166 
42 61 
43 156 
44 50 
45 46 70 89 105 139 
46 
47 53 79 
48 52 
49 56 62 69 85 
50 57 
51 
52 64 77 105 148 
53 
54 
55 59 67 
56 
57 60 66 
58 
59 62 
60 71 154 
61 
62 
63 151 191 
64 169 
65 
66 
67 78 194 
68 73 
69 
70 
71 171 
72 
73 
74 83 
75 157 
76 
77 105 
78 79 178 
79 
80 106 
81 92 93 112 
82 107 
83 100 101 109 118 150 
84 114 
85 96 98 101 
86 109 118 
87 194 
88 146 
89 91 
90 106 115 
91 152 167 
92 96 
93 117 
94 96 100 
95 97 110 
96 100 105 185 
97 112 116 
98 108 
99 
100 111 
101 
102 114 117 
103 112 
104 139 
105 
106 170 
107 109 
108 
109 130 
110 
111 
112 165 
113 
114 
115 
116 
117 
118 143 172 
119 
120 130 146 
121 139 143 151 153 
122 125 128 139 167 
123 150 
124 147 
125 143 
126 146 
127 144 146 
128 
129 130 147 149 152 155 
130 133 149 
131 
132 138 
133 145 
134 165 
135 
136 
137 
138 
139 144 
140 150 158 
141 155 
142 149 191 
143 166 
144 
145 159 
146 147 159 186 
147 
148 
149 
150 
151 
152 
153 
154 
155 
156 170 
157 
158 
159 
160 
161 172 178 183 188 
162 
163 187 
164 165 181 187 
165 180 187 
166 
167 174 193 
168 
169 174 181 
170 195 
171 176 180 185 
172 190 192 
173 175 
174 
175 180 
176 192 
177 186 
178 
179 194 
180 
181 196 
182 184 
183 189 
184 190 
185 
186 
187 
188 
189 
190 194 
191 194 
192 
193 
194 
195 
196 
197 
198 
199 
[0, 0, 0, 0, 0, 0, 0, 0, 0, 0, 0, 0, 0, 0, 0, 0, 0, 0, 0, 0, 0, 0, 0, 0, 0, 0, 0, 0, 0, 0, 0, 0, 0, 0, 0, 0, 0, 0, 0, 0, 1, 1, 1, 1, 1, 1, 1, 1, 1, 1, 1, 1, 1, 1, 1, 1, 1, 1, 1, 1, 1, 1, 1, 1, 1, 1, 1, 1, 1, 1, 1, 1, 1, 1, 1, 1, 1, 1, 1, 1, 2, 2, 2, 2, 2, 2, 2, 2, 2, 2, 2, 2, 2, 2, 2, 2, 2, 2, 2, 2, 2, 2, 2, 2, 2, 2, 2, 2, 2, 2, 2, 2, 2, 2, 2, 2, 2, 2, 2, 2, 3, 3, 3, 3, 3, 3, 3, 3, 3, 3, 3, 3, 3, 3, 3, 3, 3, 3, 3, 3, 3, 3, 3, 3, 3, 3, 3, 3, 3, 3, 3, 3, 3, 3, 3, 3, 3, 3, 3, 3, 4, 4, 4, 4, 4, 4, 4, 4, 4, 4, 4, 4, 4, 4, 4, 4, 4, 4, 4, 4, 4, 4, 4, 4, 4, 4, 4, 4, 4, 4, 4, 4, 4, 4, 4, 4, 4, 4, 4, 4]