0 1 289 457 484 729 734 776 798 858 
1 30 292 309 365 373 448 466 561 686 999 1519 1796 
2 170 221 455 844 918 1172 
3 264 782 1217 
4 364 388 567 746 793 828 
5 
6 36 199 579 584 758 773 840 
7 91 369 411 443 515 619 727 1059 1496 
8 79 148 155 160 370 412 608 858 1676 
9 37 86 207 393 398 920 1584 
10 131 155 844 890 943 944 
11 18 274 310 541 599 737 755 
12 235 476 622 896 915 1117 
13 20 146 150 320 403 489 864 1156 
14 96 452 637 714 790 818 1261 1476 1569 1700 
15 324 573 593 780 950 
16 38 343 510 684 872 1352 
17 164 217 471 692 788 818 1326 1692 
18 239 538 
19 77 717 843 
20 376 399 622 1683 
21 36 641 658 1413 
22 80 193 500 604 605 627 628 638 662 981 1205 
23 199 357 389 638 926 1112 
24 58 478 579 617 
25 660 747 776 818 
26 249 633 946 
27 144 673 917 963 
28 64 473 942 965 
29 56 97 123 413 731 
30 63 81 110 285 549 646 890 959 
31 49 196 320 390 543 607 816 859 
32 270 1546 
33 68 300 314 571 1418 1770 
34 751 1318 
35 136 336 873 998 1177 
36 447 494 679 874 876 
37 53 447 548 578 1020 1270 
38 57 583 683 905 1338 
39 117 121 189 724 807 820 957 1493 
40 169 725 894 1795 
41 300 320 895 897 918 
42 121 310 524 881 
43 79 424 722 820 972 
44 74 172 491 808 833 
45 261 635 651 983 
46 75 362 694 706 844 
47 62 112 136 211 330 660 1156 
48 96 135 320 541 860 
49 196 
50 153 269 329 743 745 
51 749 
52 236 238 300 408 728 
53 247 558 822 903 973 
54 97 212 279 583 622 754 827 978 1044 
55 378 706 724 889 
56 122 274 633 
57 485 1499 
58 102 422 
59 71 210 426 1925 
60 171 490 
61 487 612 722 
62 162 218 255 491 649 772 897 
63 390 477 786 
64 193 220 547 602 730 
65 226 547 557 784 
66 144 206 
67 82 247 397 552 900 
68 84 397 525 627 641 953 1140 
69 287 321 743 748 797 963 
70 160 197 422 667 690 747 914 
71 496 
72 347 809 1086 1271 
73 233 451 1634 
74 114 262 290 375 860 934 1206 
75 161 314 541 618 922 
76 219 706 1870 
77 621 
78 123 332 664 1023 
79 881 886 1689 
80 227 320 411 514 591 1206 1338 
81 199 357 556 623 669 749 1557 1591 
82 108 506 517 651 824 
83 585 775 811 1087 
84 702 899 993 
85 835 989 1417 1586 
86 337 352 559 786 904 
87 135 152 890 1795 
88 145 167 389 964 1235 
89 104 194 531 561 582 969 1753 
90 955 
91 118 194 386 493 750 1261 1933 
92 224 916 940 953 981 
93 437 
94 280 551 685 898 936 1468 
95 124 333 814 
96 394 458 605 623 629 669 683 
97 592 685 
98 320 329 355 511 887 896 
99 323 345 401 408 487 499 759 
100 371 536 639 799 
101 230 458 562 591 802 990 996 
102 376 444 507 524 657 781 819 826 902 1812 
103 384 511 519 896 1924 
104 143 209 717 980 
105 314 373 402 720 729 779 
106 182 195 222 383 416 472 1169 
107 230 302 712 808 839 909 1066 1762 
108 376 593 851 927 
109 188 205 262 318 417 442 622 700 
110 516 580 582 
111 257 390 525 944 
112 200 346 565 658 695 709 
113 226 246 480 778 
114 197 277 340 351 599 744 801 856 946 
115 127 178 278 355 359 385 778 
116 159 319 498 614 767 850 1503 
117 216 437 851 911 
118 192 369 621 750 771 
119 225 339 554 664 881 
120 387 754 820 935 
121 454 488 809 
122 223 312 367 1531 
123 303 607 770 996 1539 1871 
124 445 477 717 1811 
125 235 358 568 585 644 846 
126 250 421 810 
127 735 796 818 846 959 968 
128 164 172 275 324 696 707 857 
129 205 383 506 692 787 833 920 1360 
130 402 831 1472 1515 
131 186 537 553 611 
132 584 783 883 1480 
133 159 186 292 484 572 934 
134 205 330 515 551 585 823 1735 
135 159 280 526 616 640 
136 284 546 
137 580 663 780 957 
138 152 345 394 620 775 856 969 1882 
139 304 497 785 969 1911 
140 688 771 879 923 1726 
141 387 802 1003 
142 551 658 1931 
143 173 191 386 730 883 1426 
144 334 343 831 
145 151 228 558 577 723 856 
146 443 569 618 797 
147 356 360 559 585 662 690 832 907 911 
148 812 
149 289 606 733 809 1235 1651 1982 
150 964 1290 
151 306 369 439 655 
152 195 214 359 428 560 796 1666 
153 505 758 816 913 
154 167 281 906 928 
155 299 442 
156 173 265 269 410 513 585 
157 340 576 629 
158 726 767 794 
159 168 330 421 663 798 986 
160 242 422 557 740 1081 1895 
161 235 256 509 622 868 937 1333 
162 359 385 463 650 775 914 
163 435 762 820 981 
164 509 956 1707 
165 272 290 495 515 558 713 
166 243 420 
167 476 549 668 993 1656 
168 284 349 473 617 716 805 808 920 
169 296 312 469 508 555 1621 1922 
170 512 525 722 956 973 
171 374 803 
172 570 612 688 929 1203 
173 275 336 338 500 799 
174 671 726 755 828 
175 451 725 769 775 
176 198 399 806 938 
177 370 665 804 908 1750 
178 239 549 557 954 1247 
179 378 664 964 977 
180 325 546 721 1134 
181 309 449 971 
182 641 672 923 
183 708 752 881 
184 296 663 671 737 738 925 1567 
185 353 593 609 952 
186 366 370 501 597 683 706 860 
187 224 603 805 983 1681 
188 348 536 643 704 944 
189 258 339 504 526 857 
190 339 350 1574 
191 566 699 979 1564 
192 277 297 573 864 
193 321 332 564 889 1852 1883 1903 
194 216 273 445 481 637 684 826 
195 237 698 1069 
196 344 350 431 875 884 892 
197 329 
198 728 874 921 1191 
199 270 479 503 593 866 914 
200 338 815 1660 
201 261 328 377 453 551 724 746 860 1104 
202 580 643 972 1897 
203 560 569 631 1001 
204 232 335 358 448 880 1269 
205 311 422 428 453 543 548 1359 
206 698 816 1315 1375 
207 252 392 646 693 778 1582 
208 268 317 726 900 1531 
209 465 726 931 
210 1876 
211 217 271 720 792 818 859 
212 352 543 939 1914 
213 270 314 495 501 
214 221 226 417 678 
215 734 765 981 
216 392 
217 266 983 
218 239 361 441 536 620 632 818 852 893 
219 665 753 920 
220 458 608 949 
221 309 870 
222 280 
223 487 581 603 829 893 
224 325 796 815 
225 777 848 1405 
226 238 
227 583 695 856 1011 1648 
228 236 249 1748 
229 513 708 
230 482 564 737 879 1629 
231 547 573 600 952 1209 1518 
232 309 629 693 794 814 981 1712 
233 381 711 993 
234 350 399 526 907 
235 
236 753 1318 
237 383 406 436 663 965 
238 300 314 375 477 512 596 733 806 
239 400 455 596 737 818 862 989 
240 303 743 746 903 977 1310 1369 
241 374 727 769 915 1621 
242 406 843 1905 
243 515 546 677 
244 480 504 718 725 745 801 836 
245 399 513 647 701 840 993 1058 
246 308 361 871 933 
247 333 421 519 526 584 613 623 676 779 843 853 887 1074 
248 540 1156 1399 
249 981 1287 1432 
250 323 742 756 893 1548 
251 404 1442 1461 1497 1611 
252 729 962 1092 
253 322 551 600 1924 
254 332 878 933 1171 
255 425 533 
256 364 956 
257 389 544 888 
258 363 373 509 690 913 1281 
259 406 520 625 640 655 787 900 
260 263 488 609 658 696 1894 
261 365 399 522 550 627 722 
262 448 787 824 855 876 
263 373 416 599 671 1762 
264 362 738 788 992 
265 335 854 
266 410 709 763 849 975 992 
267 276 586 603 796 
268 295 535 623 695 732 990 
269 690 843 
270 838 917 
271 306 505 584 598 
272 733 972 
273 372 626 881 1322 1351 
274 306 658 811 939 
275 440 454 561 643 
276 506 647 680 709 745 1285 1479 
277 512 
278 588 676 936 
279 710 754 878 1708 
280 446 836 1625 1982 
281 293 779 956 1692 
282 384 895 
283 456 
284 311 781 797 980 1656 
285 286 450 575 1201 
286 288 415 497 597 821 
287 387 423 
288 292 316 425 862 
289 542 
290 314 632 658 972 
291 426 515 1853 
292 490 689 751 820 
293 488 646 783 1851 
294 365 536 542 616 759 809 820 907 1034 
295 629 652 793 1230 1708 
296 522 605 672 
297 469 744 892 987 1652 1890 
298 378 414 1213 1363 
299 364 761 826 955 
300 520 610 835 890 904 961 1373 
301 473 544 972 993 
302 546 651 673 969 
303 325 
304 395 868 869 
305 417 998 
306 430 695 717 1596 
307 432 461 525 978 
308 358 401 901 953 
309 503 639 1769 
310 343 372 622 794 1046 
311 312 380 475 662 741 
312 882 
313 555 686 808 817 824 891 916 947 1656 
314 347 440 569 684 979 
315 349 560 966 
316 413 546 
317 397 478 
318 913 996 1923 
319 669 682 728 906 
320 342 829 1997 
321 571 844 885 
322 787 816 847 
323 719 996 
324 425 693 736 
325 
326 513 539 908 966 
327 485 505 595 662 
328 513 845 965 
329 396 510 610 737 
330 342 675 726 1583 
331 356 
332 717 
333 411 796 
334 437 642 738 
335 834 
336 341 509 520 602 1120 
337 463 1778 
338 965 
339 549 636 664 1305 
340 499 977 
341 647 723 
342 507 723 981 
343 398 485 557 561 738 
344 641 654 662 1003 
345 529 802 839 947 1962 
346 578 652 
347 371 
348 477 899 969 1562 
349 406 421 809 955 967 
350 368 503 804 826 869 878 882 
351 526 617 669 708 870 
352 765 869 
353 439 646 737 763 854 1478 
354 636 985 1106 
355 676 887 963 
356 902 1092 
357 482 504 
358 1580 
359 416 566 898 919 1590 
360 556 981 994 1857 
361 541 565 642 662 
362 367 386 607 809 950 955 
363 784 883 907 
364 599 879 
365 436 530 775 783 
366 394 742 1421 
367 464 590 829 
368 894 967 1076 
369 551 
370 421 538 690 875 
371 1571 
372 
373 397 623 829 867 935 
374 870 1350 
375 534 623 
376 590 
377 514 616 694 836 
378 448 591 629 655 700 728 783 992 
379 548 637 735 1016 1987 
380 523 
381 718 908 
382 653 674 702 837 
383 1093 1908 
384 412 615 674 779 1146 
385 
386 407 537 1575 1724 
387 411 803 
388 502 624 941 964 970 975 982 
389 628 711 842 928 988 1219 1473 1520 
390 443 682 695 1719 
391 413 783 920 1740 1983 
392 530 834 868 879 1715 
393 857 1203 1328 
394 444 599 730 
395 417 469 748 983 
396 630 798 803 
397 638 1015 
398 682 1100 
399 553 617 713 
400 477 768 910 1015 1736 
401 426 516 647 724 
402 651 796 861 971 
403 
404 786 
405 734 1339 
406 515 629 673 684 851 1063 
407 766 
408 435 482 640 911 1002 
409 931 961 981 1619 
410 417 542 731 1092 
411 440 518 
412 515 616 771 
413 648 855 1097 
414 733 816 849 955 
415 448 774 1731 
416 434 671 846 1221 
417 578 
418 464 529 915 
419 427 504 895 901 
420 457 766 769 843 1902 
421 436 1102 1999 
422 461 538 667 736 873 909 910 1573 
423 489 633 639 819 1896 
424 972 
425 
426 
427 532 571 792 807 1375 
428 443 522 679 704 
429 1975 
430 530 558 762 793 918 
431 680 706 872 938 1113 
432 
433 579 
434 724 1595 
435 468 523 537 539 726 819 873 
436 521 661 715 786 
437 441 883 958 
438 567 608 878 1014 1847 
439 466 478 627 696 930 1103 
440 852 1487 1602 
441 
442 496 524 700 813 
443 915 975 
444 533 582 756 814 972 
445 674 766 848 
446 762 1139 1246 
447 620 808 
448 690 757 766 
449 498 540 643 742 870 963 1065 
450 655 821 1791 
451 474 682 994 
452 931 1784 1826 
453 499 855 
454 497 781 850 1538 
455 495 1936 
456 650 744 881 
457 708 1322 
458 567 777 
459 723 1771 
460 604 
461 748 880 1659 
462 511 814 886 899 960 993 
463 481 550 752 930 1029 1565 1641 
464 513 
465 486 567 1531 1682 
466 528 580 655 1458 
467 749 1592 
468 504 519 583 811 
469 510 653 
470 712 922 1980 
471 538 541 818 971 987 1178 1849 
472 500 548 707 927 931 1066 
473 481 823 
474 544 734 1206 
475 724 845 984 
476 599 642 654 786 969 
477 763 
478 711 
479 827 966 
480 562 785 894 896 1087 1105 
481 544 558 859 
482 1079 1156 1984 
483 844 854 
484 774 
485 620 893 952 
486 578 803 
487 643 723 1106 
488 506 508 567 760 817 989 
489 1075 1212 
490 643 756 958 1050 
491 757 831 832 890 
492 668 672 826 909 
493 1283 
494 670 
495 651 689 760 
496 610 689 743 851 920 
497 646 989 
498 650 743 941 
499 
500 582 588 831 955 
501 659 
502 587 
503 596 831 893 964 
504 598 
505 718 
506 790 1535 
507 578 898 
508 990 
509 677 
510 673 710 780 856 1643 
511 594 
512 993 
513 881 892 908 
514 699 825 
515 697 753 953 
516 658 
517 642 
518 598 849 
519 582 1478 
520 656 689 
521 864 908 928 
522 667 818 1845 
523 571 629 894 
524 678 961 998 
525 653 688 
526 903 
527 529 575 956 
528 
529 532 593 608 619 755 879 1249 
530 583 710 1540 1893 
531 588 633 717 923 
532 537 566 739 852 
533 597 730 987 
534 584 
535 634 747 903 921 951 
536 705 739 903 1409 1815 1988 
537 589 845 953 954 
538 578 615 762 774 806 838 849 882 
539 1228 
540 641 678 797 968 
541 715 735 996 
542 622 739 
543 602 796 
544 
545 907 970 
546 618 748 
547 680 704 718 
548 592 747 959 
549 635 
550 946 952 
551 893 
552 640 935 1088 
553 1214 1356 
554 630 862 1437 
555 733 777 880 922 
556 602 607 677 710 711 794 
557 930 1931 
558 559 612 633 669 898 
559 583 628 683 694 787 
560 667 735 1785 
561 753 812 
562 613 619 
563 720 889 974 
564 893 1119 
565 650 1905 
566 780 1868 
567 922 1426 1801 
568 608 
569 731 757 
570 1193 
571 925 1764 
572 875 930 973 
573 643 836 842 
574 748 1416 
575 596 885 
576 621 
577 1129 1257 
578 737 977 
579 814 
580 639 890 
581 948 
582 726 839 1351 
583 994 
584 965 1500 
585 840 
586 647 776 847 
587 629 966 
588 708 792 938 961 
589 751 804 810 863 
590 594 663 
591 664 681 788 951 1326 
592 687 844 
593 779 816 858 
594 659 869 1056 
595 787 914 1523 
596 787 790 880 1400 1759 
597 639 770 773 847 946 994 
598 732 785 786 
599 
600 764 854 
601 663 728 919 
602 659 676 1315 
603 636 658 691 722 
604 985 
605 865 
606 
607 691 826 871 1394 1894 
608 1612 
609 754 943 
610 
611 868 931 972 
612 
613 
614 1007 
615 1158 
616 663 727 814 901 970 
617 677 685 697 
618 666 789 995 1430 
619 926 
620 911 914 
621 1749 1853 
622 788 
623 658 702 
624 
625 796 1750 
626 938 955 
627 
628 769 
629 913 914 1584 
630 1111 
631 702 725 924 1197 1406 1917 
632 719 777 908 973 
633 658 725 
634 637 936 1317 
635 
636 1889 
637 789 866 
638 700 766 775 801 
639 645 812 870 939 945 
640 743 760 842 867 918 
641 1050 
642 648 654 655 674 932 957 1209 1498 
643 660 675 821 914 945 
644 1797 
645 795 
646 915 917 963 1024 
647 
648 722 1844 
649 1119 1405 
650 
651 915 950 
652 891 
653 847 988 
654 864 920 944 1846 
655 737 759 766 874 884 
656 712 854 
657 684 
658 
659 828 1646 
660 959 
661 
662 
663 665 698 817 853 
664 872 898 
665 831 857 980 
666 938 976 
667 679 856 1166 1348 
668 788 1620 1932 
669 681 698 753 993 1000 
670 962 1092 1574 
671 692 773 
672 739 884 925 
673 761 821 
674 914 1551 1835 
675 739 827 830 832 953 989 995 
676 875 1580 
677 770 858 1847 
678 1807 1929 
679 730 867 956 
680 754 755 801 924 1445 
681 826 1582 
682 1595 
683 688 698 1850 1928 
684 701 886 1493 1871 
685 718 766 997 1196 1773 
686 750 934 1805 
687 863 913 
688 
689 693 870 1810 
690 946 
691 729 886 
692 746 853 
693 839 891 
694 
695 
696 962 1483 1913 
697 703 
698 1920 
699 703 813 822 
700 876 955 1014 1306 
701 987 1251 
702 744 780 897 
703 963 1220 
704 1687 
705 896 1446 
706 775 855 1143 
707 809 906 1269 
708 1846 
709 873 
710 781 
711 855 1203 
712 815 1126 
713 720 741 807 
714 1538 
715 725 781 1051 
716 731 763 929 967 1411 1504 1748 
717 
718 874 980 1894 
719 945 
720 736 753 904 
721 818 1471 
722 
723 794 946 952 
724 
725 728 902 
726 782 939 
727 
728 930 1706 
729 955 1285 
730 782 866 927 1894 
731 846 
732 795 
733 826 
734 897 902 
735 847 991 1271 
736 908 951 
737 776 
738 800 913 
739 1475 
740 
741 761 1155 
742 1132 
743 944 1631 
744 1043 
745 814 1204 
746 833 
747 856 1187 
748 754 842 1630 
749 
750 
751 932 
752 891 
753 
754 759 1703 
755 791 825 1135 1816 
756 855 952 1602 
757 819 1209 
758 874 940 
759 904 954 1448 
760 847 947 1625 
761 822 849 948 
762 
763 780 
764 984 
765 782 
766 893 
767 811 1707 
768 777 1263 
769 860 887 
770 860 
771 891 
772 863 991 1043 
773 808 833 905 949 
774 950 972 1051 1470 1620 
775 1375 
776 950 
777 832 
778 821 902 
779 834 850 993 
780 900 1148 
781 921 1565 
782 
783 
784 916 
785 
786 915 
787 846 877 
788 859 
789 832 1620 1953 1964 
790 909 1401 
791 825 1819 
792 834 891 902 1437 
793 807 
794 887 
795 
796 799 880 961 
797 1916 
798 830 832 900 
799 993 
800 958 
801 
802 907 1117 
803 952 995 1131 
804 806 907 1559 
805 1362 
806 
807 832 967 
808 899 1985 
809 842 847 961 1281 
810 969 972 
811 
812 1684 
813 1147 
814 949 
815 966 
816 818 841 1264 1568 1868 
817 
818 899 1529 
819 930 965 970 
820 993 1422 
821 1628 
822 888 911 942 1733 
823 
824 1557 
825 896 
826 873 
827 831 852 885 
828 841 842 932 
829 904 
830 976 1154 
831 
832 945 
833 955 1516 
834 
835 896 918 978 988 
836 987 
837 
838 851 895 
839 
840 883 
841 
842 
843 
844 1308 1567 
845 923 
846 869 1083 
847 1757 
848 
849 874 986 
850 925 
851 980 
852 883 
853 
854 916 992 
855 1618 1623 
856 922 
857 
858 978 1632 
859 1458 
860 1222 
861 
862 
863 874 938 1748 
864 
865 
866 913 1172 1210 
867 1243 
868 900 1683 1804 
869 985 
870 988 
871 988 1288 
872 965 1786 
873 1013 
874 
875 
876 990 
877 901 982 1216 
878 1175 1504 
879 980 1405 
880 938 960 
881 898 
882 
883 
884 893 
885 
886 
887 
888 
889 973 1436 1855 1993 1996 
890 894 
891 1897 
892 1240 
893 1461 1506 1621 
894 
895 899 903 
896 897 948 
897 1780 
898 1695 
899 905 930 
900 979 1707 
901 928 938 1603 
902 997 
903 1996 
904 1488 
905 
906 
907 1672 
908 
909 
910 
911 972 
912 948 
913 
914 
915 923 925 1303 1370 
916 1757 
917 1662 
918 933 
919 1722 
920 996 
921 
922 973 
923 
924 
925 960 
926 1477 
927 
928 953 1453 
929 940 978 
930 1497 
931 938 972 
932 938 
933 
934 
935 980 
936 
937 975 1053 1999 
938 
939 1286 1988 
940 998 1461 
941 988 994 1734 
942 968 
943 959 
944 1806 
945 
946 
947 
948 952 
949 1570 
950 998 1784 
951 974 
952 955 
953 974 
954 
955 987 
956 
957 988 
958 1717 
959 1024 
960 
961 973 1195 1276 1772 
962 
963 1870 
964 991 1588 1868 1949 
965 
966 1638 
967 
968 977 994 1532 
969 1754 
970 
971 
972 1756 
973 
974 1778 
975 996 
976 
977 1229 
978 
979 
980 
981 1690 1933 
982 998 
983 1657 
984 991 1610 
985 1861 
986 
987 
988 
989 1040 
990 1362 
991 
992 1457 
993 
994 
995 
996 1285 
997 
998 
999 
1000 1063 1160 1528 1536 1847 1865 
1001 1088 1121 1366 
1002 1205 1222 1273 1346 1469 1548 1605 1639 1723 1775 1817 1852 1988 
1003 1174 1428 1572 1807 1880 
1004 1097 
1005 1014 1158 1924 1944 
1006 1046 1068 1070 1086 1454 1818 1858 1907 
1007 1009 1057 1304 1351 1549 1618 1708 1735 1813 1816 1908 
1008 1036 1061 1080 1116 1139 1192 1685 
1009 1016 1149 1155 1474 1514 1649 1888 
1010 1826 
1011 1031 1155 1342 1522 1566 1954 
1012 1047 1081 1590 1637 1717 1996 
1013 1310 1322 1933 
1014 1376 1402 1927 1958 
1015 1029 1045 1096 1188 1242 1342 1413 1468 
1016 1410 1652 
1017 1027 1083 1161 1175 1356 1700 1922 1955 
1018 1093 1130 
1019 1104 1144 1306 1520 1811 
1020 1343 1472 1603 
1021 1087 1265 1543 1656 1890 
1022 1473 1482 1486 1688 1718 1799 1824 1871 
1023 1137 1214 1234 1331 1572 
1024 
1025 1050 1195 1413 1474 1735 
1026 1082 1097 1273 1737 1796 1846 
1027 1076 1107 1502 1537 1559 
1028 1162 1309 1349 1500 1789 1904 
1029 1096 1476 1493 1549 1572 1615 1811 1814 
1030 1067 1181 1266 1457 1578 1631 1640 1652 1832 1838 1845 1958 
1031 1177 1350 1432 1489 1598 1763 
1032 1187 1444 1581 1585 1629 
1033 1741 1961 
1034 1609 1873 1908 
1035 1069 1660 
1036 1255 1389 1909 
1037 1101 1265 1303 1453 1688 1810 1958 
1038 1041 1441 
1039 1233 1246 1284 1423 1430 1437 1603 1663 1956 1968 
1040 1567 1866 1930 
1041 1209 1356 1510 1589 1696 1704 
1042 1313 1340 1930 
1043 1058 1183 1219 1246 1304 1428 1672 1823 1967 
1044 1351 1355 1563 1991 
1045 1178 1287 1289 1336 1433 1555 1649 
1046 1435 1452 1587 
1047 1152 1230 1322 1350 1395 1695 1892 1918 
1048 1641 1822 1931 1970 
1049 1053 1800 1911 
1050 1208 1273 1360 1383 1476 1532 1699 
1051 1167 1304 1488 1579 1735 
1052 1218 1443 1553 1962 
1053 1086 1222 1439 1597 
1054 1082 1100 1143 1210 1524 1655 
1055 1147 1572 
1056 1219 1253 1323 1457 
1057 1514 1856 1887 
1058 1123 1157 1850 
1059 1577 1858 
1060 1063 1693 1898 1973 
1061 1426 1549 1881 1906 
1062 1172 1205 1227 1334 1382 1691 
1063 1430 1674 1741 1763 
1064 1746 1839 
1065 1180 1419 1705 1747 1884 1908 
1066 1526 1644 1832 
1067 1226 1289 1327 1575 1724 1842 1988 
1068 1576 1808 
1069 1233 1419 1873 1994 
1070 1339 
1071 1175 1291 1348 1770 1793 
1072 1098 1110 1154 1200 1368 1459 1785 
1073 1090 1114 1166 1251 1453 1635 1780 
1074 1378 1472 1831 1849 
1075 1751 1767 
1076 1639 1688 
1077 1106 1131 1502 1624 
1078 1471 1486 1536 1771 1788 1884 
1079 1535 1550 
1080 1565 1570 1661 1695 
1081 1180 1570 1584 1848 
1082 1111 1206 1407 1700 
1083 1163 1453 1502 1665 1717 1846 1951 1991 
1084 1284 1517 1634 1790 
1085 1457 
1086 1409 1486 1695 1698 
1087 1213 1742 1824 1903 
1088 1280 1717 1819 
1089 1130 1337 1576 1628 1691 1749 1756 
1090 1950 
1091 1219 1280 1315 1441 1460 1491 1575 1658 1680 
1092 1136 1405 1442 1662 1817 
1093 1160 1279 1310 1459 1809 
1094 1103 1284 1392 1888 1937 
1095 1209 1374 1538 1698 1720 
1096 1362 1501 1640 1774 1986 
1097 1142 1366 1706 1823 1996 
1098 1655 1786 1820 1840 1973 
1099 1226 1320 1444 1657 
1100 1318 1399 1517 1586 1618 1647 1839 1852 1960 
1101 1567 1673 1959 
1102 1140 1164 1405 1660 1711 
1103 1417 1651 1679 1823 
1104 1349 1378 1974 
1105 1466 1512 1640 
1106 1116 1562 1695 
1107 1289 1346 1919 
1108 1180 1405 1460 1791 1913 
1109 1142 1256 1849 
1110 1558 1662 1691 
1111 1122 1393 1508 1712 1969 
1112 1158 1174 1577 1605 1662 1778 1960 
1113 1640 1696 1712 
1114 1429 1479 1547 1571 
1115 1319 1463 1540 1671 1826 
1116 1412 1564 1863 1896 
1117 1195 1521 1659 1891 
1118 1491 1961 
1119 1705 
1120 1300 1309 1331 1548 1828 
1121 1323 1507 1547 
1122 1394 1730 1762 1848 1864 
1123 1270 1352 1355 1377 1417 1489 1603 1919 
1124 1255 1345 1689 1798 1813 1851 1953 
1125 1589 1595 1732 1892 
1126 1662 1678 
1127 1372 1529 1549 1661 1803 1857 1922 
1128 1473 1569 1603 1630 1875 
1129 1193 1308 1479 1607 1869 1951 
1130 1246 1247 1252 1398 1410 1489 1921 1934 
1131 1427 1581 1875 1944 
1132 1157 1293 1305 1752 
1133 1203 1334 1714 1822 
1134 1260 1365 1567 1641 1771 1789 1820 1857 1969 1970 
1135 1298 1527 1570 1571 1637 1849 1894 1980 
1136 1202 1239 1432 1675 1692 1745 
1137 1505 1677 1749 1772 1881 
1138 1292 1432 1532 1941 
1139 1743 1839 
1140 1308 1549 1555 1735 
1141 1316 1342 1355 1372 1797 1829 1996 
1142 1607 1840 1951 
1143 1204 1223 1228 1558 1794 
1144 
1145 1372 1471 1519 1794 1878 1988 
1146 1389 1591 1979 
1147 1353 1879 1950 
1148 1195 1362 1821 
1149 1245 1516 1522 1782 
1150 1478 1539 1765 
1151 1229 1424 1489 1717 
1152 1209 1726 1763 
1153 1379 1822 
1154 1378 1542 1904 
1155 1161 1227 1325 1434 1510 1671 1676 
1156 1182 1939 
1157 1508 1841 
1158 1678 
1159 1233 1269 1514 1565 1685 1778 1834 1965 
1160 1168 1201 1907 1918 
1161 1500 1670 1932 
1162 1455 1468 
1163 1453 1497 1799 1813 1900 
1164 1411 1462 
1165 1328 1378 1872 1937 
1166 1313 1439 1585 1678 1989 
1167 1204 1423 1726 
1168 1203 1217 1286 1676 1750 
1169 1265 1545 1802 1892 1901 1909 
1170 1464 1595 1703 1747 1874 
1171 1564 1667 
1172 1395 1418 
1173 1296 1445 1521 1569 1665 1697 1763 1811 1931 1933 
1174 1460 1682 
1175 1561 1894 1948 1973 
1176 1578 1805 1838 
1177 1194 1281 1419 1566 1968 
1178 1521 1858 
1179 1269 1591 1683 1723 
1180 1364 1446 1597 1937 
1181 1377 1431 1737 1790 1962 1996 
1182 1189 1217 1347 1651 1676 1832 1841 
1183 1384 1546 1787 1877 
1184 1273 1319 1412 1415 1601 1625 1637 1652 1662 1663 1702 
1185 1258 1309 1871 1984 
1186 1408 1526 1818 
1187 1436 1602 1783 1821 1995 
1188 1308 1362 1429 1873 1886 1989 
1189 1231 1250 1381 1450 1478 1801 
1190 1284 1433 1703 1942 1996 
1191 1372 1577 
1192 1545 1651 1923 
1193 1424 1539 1541 1717 1800 
1194 1287 
1195 1575 1759 
1196 1219 1496 1668 1793 1834 
1197 1226 1437 1867 
1198 1309 1310 1640 1675 1798 1961 
1199 1280 1553 1670 1675 
1200 1305 1375 1388 1502 
1201 1477 1520 1654 1840 1957 
1202 1687 1847 1906 1941 
1203 1285 1362 1429 1503 1532 1669 1747 1804 1817 1865 
1204 1538 1951 1973 
1205 1945 
1206 1733 1742 1823 
1207 1418 1675 1922 
1208 1283 1473 1620 1675 
1209 1429 1467 1618 1799 1864 1913 
1210 1291 1381 1477 1521 1682 1968 1982 
1211 1364 1512 1741 1940 1991 
1212 1474 1718 
1213 1356 1441 1450 1727 
1214 1349 1739 1780 
1215 1250 1364 1614 
1216 
1217 1229 1269 1385 1397 1608 1939 
1218 1426 1457 1645 
1219 1296 1521 1759 1925 1964 
1220 1335 1484 1612 
1221 1283 1295 1329 1455 1696 1720 1757 
1222 1459 1630 
1223 1455 1473 1882 1952 
1224 1301 1411 1451 1692 
1225 1430 1709 1749 
1226 1568 1610 1648 1906 
1227 1695 
1228 1443 1556 1679 1864 1928 1996 
1229 1250 1269 1331 1440 1540 1870 1955 
1230 1536 1598 1760 1970 
1231 1249 1307 1450 1614 1979 
1232 1289 1378 1485 1748 
1233 1254 1510 1630 1660 1941 
1234 1293 1309 1359 1470 1706 1992 
1235 1428 1784 1969 
1236 1252 1338 1523 1767 
1237 1861 1893 1900 
1238 1507 1814 1918 
1239 1502 1521 1699 1874 1957 
1240 1354 1402 1868 1889 1894 
1241 1428 
1242 1478 1581 1845 1849 
1243 1435 1565 1800 1871 
1244 1582 1660 1932 1955 
1245 1895 
1246 1872 1932 
1247 1467 1837 
1248 1322 1565 1677 1912 1940 
1249 1355 1362 1560 1956 1995 
1250 1401 1407 1633 1643 1666 1717 1785 1813 
1251 1312 1973 
1252 1406 1454 1482 
1253 1586 1764 
1254 1476 1497 1563 1856 1952 
1255 1349 1388 1436 1506 
1256 1539 1661 1671 
1257 1437 1518 1684 1769 1994 
1258 1323 1406 1548 1650 1658 1724 1726 1727 1799 1862 
1259 
1260 1371 1610 1676 1879 1927 
1261 1262 1419 1989 
1262 1339 1440 1490 
1263 1497 1530 1651 1674 1766 1942 
1264 1332 1512 1565 1747 
1265 1351 1840 1983 
1266 1361 1600 
1267 1474 1527 1696 
1268 1691 
1269 1577 1862 
1270 1284 1389 1416 1658 1665 1747 1907 1967 
1271 1677 1728 1845 
1272 1625 1671 
1273 1284 1552 1909 1981 
1274 1797 1964 
1275 1321 1990 
1276 1357 1650 1878 
1277 1342 
1278 1542 1651 1784 1984 
1279 1455 1520 1535 1660 1688 1723 1810 1831 
1280 1453 1540 1567 1672 
1281 1330 1350 1502 1566 1774 1815 1950 1991 
1282 1518 1617 1634 1881 
1283 1361 1424 1436 1506 1904 
1284 1314 1398 1500 1618 1660 1977 
1285 1558 1616 1845 
1286 1511 
1287 1449 1518 1612 1620 1781 
1288 1290 1750 1927 1972 
1289 1357 1429 1431 1496 1511 
1290 1302 1469 1606 1697 1708 1921 
1291 1598 1843 1979 
1292 1319 1547 
1293 1349 1517 1657 1787 
1294 1360 1410 1482 1824 1976 
1295 1330 1625 1627 1839 
1296 1613 1705 1751 1800 1837 1969 1992 
1297 1509 1639 1931 
1298 1596 1647 
1299 1333 1341 1585 1724 1805 1854 1964 
1300 
1301 
1302 1475 1610 1703 1818 
1303 1328 1356 1430 1499 1569 1612 1793 1988 
1304 1481 
1305 1751 1946 
1306 1723 1766 1923 
1307 1356 
1308 1449 1653 1688 
1309 1510 1557 1605 1703 1797 1992 
1310 1648 1703 1783 
1311 1416 1651 1775 
1312 1441 1637 1710 1905 
1313 1543 1578 1683 1749 1930 1963 
1314 1506 1539 1570 1928 
1315 1411 1871 1994 
1316 1659 1661 1763 1811 1864 1972 
1317 1522 1720 
1318 1581 1774 1841 
1319 1624 1648 1688 1707 
1320 1406 1636 1767 1811 
1321 
1322 1603 1877 1967 1982 
1323 1381 
1324 1490 1711 1771 
1325 1448 1562 1578 1870 
1326 1515 1692 
1327 1743 
1328 
1329 1431 1456 1478 1572 1670 
1330 1403 1511 1897 1913 1982 
1331 1506 1609 1643 1674 1712 
1332 1819 1879 1904 
1333 1425 1496 1507 1516 
1334 1372 1545 1598 1871 
1335 1353 1643 1841 
1336 1627 1948 
1337 1451 
1338 1532 1547 1714 
1339 1362 1760 
1340 1475 1609 1796 
1341 1513 1753 
1342 1396 1433 1558 1855 1887 1992 
1343 1476 1588 1699 
1344 1363 1364 1437 1666 1976 
1345 1571 1740 1778 1927 1938 
1346 1418 
1347 1490 
1348 1373 1594 1917 
1349 1385 1463 1856 1876 1952 
1350 1662 
1351 1398 1447 1506 1596 1622 1750 1923 
1352 
1353 1424 1503 1677 
1354 1400 1496 1497 1621 1869 1905 
1355 1642 1973 
1356 1386 1447 1655 1956 
1357 
1358 
1359 1950 
1360 1609 1615 1647 1777 1810 1902 
1361 1437 1938 
1362 1496 1524 1603 1759 1828 1937 1957 
1363 1559 1587 1937 
1364 1735 1957 1980 
1365 1550 1776 1862 1995 
1366 1545 1553 1628 1655 1755 1782 
1367 1403 
1368 1432 1712 1837 1946 
1369 1429 1467 1675 1965 
1370 1487 1515 1528 1686 1837 1985 
1371 1407 1440 1634 1829 
1372 1401 
1373 1665 
1374 1544 1733 
1375 1473 1566 1864 
1376 1528 1610 
1377 1450 1481 1486 1553 1601 1635 1839 1910 1932 
1378 1446 1500 1560 1643 1652 1661 1672 1705 1736 
1379 1380 1455 1530 1569 1740 
1380 1463 1544 1953 
1381 1766 1922 
1382 1659 1661 
1383 1616 1707 1815 
1384 1511 1723 1743 
1385 1453 1559 1579 1720 1749 
1386 1400 1654 
1387 1473 1558 1636 1717 1917 1945 1963 
1388 
1389 1445 1449 1585 1604 1653 1834 1894 
1390 1422 1462 
1391 1698 1781 1954 
1392 1433 1581 1619 1716 1829 1842 1950 1998 
1393 1502 1761 
1394 1436 1450 1643 
1395 1414 1716 1993 
1396 1498 1540 1735 
1397 1652 1693 1962 
1398 1518 
1399 1587 
1400 1460 1521 1678 
1401 1471 1725 1813 1839 
1402 1580 1968 
1403 1752 
1404 1621 
1405 
1406 1825 1921 
1407 1951 
1408 1790 1793 1952 
1409 1615 
1410 1523 1591 
1411 1437 1593 
1412 1514 1554 1680 1689 1725 1772 
1413 1514 1562 1658 1736 
1414 1752 
1415 1685 1988 
1416 1677 1695 1838 1950 
1417 1524 1593 1899 
1418 1447 
1419 1824 1937 
1420 1548 1684 1797 1880 1912 
1421 1513 1556 
1422 1621 1681 1719 1731 1762 
1423 1750 1887 
1424 1566 1635 1733 1766 
1425 1545 1668 1773 
1426 1503 1660 1685 1742 1797 1806 1993 
1427 1547 1552 1563 1717 1772 1934 
1428 1509 1556 1608 1873 
1429 1441 1449 1641 1860 1941 1956 1995 
1430 1482 1696 1728 1905 1929 
1431 1527 1684 1783 1929 
1432 1479 1552 1559 1977 
1433 1445 1677 1829 1840 1843 
1434 1680 1864 1901 
1435 1474 1669 1748 1849 
1436 
1437 1483 1786 1856 1973 
1438 1840 1891 1908 
1439 1812 1941 1946 
1440 1488 1841 1964 
1441 1485 1532 1554 1566 
1442 1447 1530 1537 1575 
1443 1710 
1444 1931 
1445 1733 1863 1991 
1446 1456 1764 
1447 1681 
1448 1593 1880 1939 
1449 1710 1774 1793 1897 
1450 1513 1583 1604 1689 1773 1919 1935 
1451 1560 1751 1782 1901 
1452 
1453 1549 1740 1892 1972 
1454 1490 1830 
1455 1474 1600 1649 1848 
1456 1946 
1457 1915 
1458 1534 1550 1809 1836 1940 
1459 1737 1860 
1460 1494 1709 1797 1990 
1461 1733 1758 
1462 1483 1661 1774 
1463 1565 
1464 1618 1763 
1465 1570 
1466 1494 1762 
1467 1783 1937 
1468 1705 1889 
1469 1486 1594 
1470 1500 1745 1755 1987 
1471 1563 1728 
1472 1890 1941 
1473 1820 
1474 1633 
1475 1504 1559 1617 
1476 1549 1748 1936 
1477 
1478 1723 1814 1958 
1479 1530 1867 
1480 1683 
1481 1574 1710 
1482 1790 1949 
1483 
1484 1597 1625 1755 
1485 1700 1764 1789 1813 
1486 1636 1688 1849 1942 1975 
1487 1668 1706 
1488 1741 1913 
1489 1523 1599 1682 1722 
1490 1503 1606 
1491 
1492 1716 1843 1860 
1493 
1494 1612 1711 1821 
1495 1531 1661 
1496 1499 1715 1875 1892 1897 1899 
1497 1604 1670 1800 
1498 1596 1604 1724 1875 
1499 1535 1615 1733 1926 
1500 1591 1927 1983 
1501 1642 1784 
1502 1838 1995 
1503 1795 
1504 1766 1946 
1505 1513 1567 1607 1640 1982 1993 
1506 1550 
1507 1730 1801 1881 1916 
1508 1902 1927 
1509 1865 1877 
1510 1655 1714 
1511 1728 1933 1967 
1512 1557 1803 1986 
1513 1585 1841 
1514 1553 1647 1815 1845 1901 
1515 1526 
1516 
1517 1786 
1518 1638 1690 
1519 1654 1691 1986 1997 
1520 1999 
1521 1654 1866 
1522 1977 1982 
1523 1909 
1524 1574 1716 1771 1933 
1525 1553 1719 1861 
1526 1778 1818 1932 
1527 1717 1786 1950 
1528 1643 1764 1796 1810 
1529 1632 1780 1868 
1530 1541 1552 1658 1663 1852 
1531 1825 
1532 1599 1669 
1533 1791 1860 
1534 1581 1963 
1535 
1536 1615 1773 
1537 1701 
1538 1881 
1539 1876 1887 
1540 1593 1681 
1541 1681 1696 1782 1989 
1542 1717 
1543 1859 
1544 1652 
1545 1978 
1546 1895 1980 
1547 1843 1910 
1548 1608 1687 1787 1932 1972 
1549 1620 1788 1883 1973 
1550 1840 
1551 1690 
1552 1634 1982 
1553 1607 1657 
1554 1639 1896 
1555 
1556 1644 1765 1767 1929 
1557 1591 1822 1983 
1558 1932 
1559 1586 1643 1828 1840 
1560 1571 1850 1957 
1561 1593 
1562 1605 1839 1956 
1563 1626 
1564 
1565 
1566 1993 1997 
1567 1726 1796 1820 
1568 1654 1790 
1569 1705 1953 1954 1980 
1570 1608 1631 1751 1911 1920 1925 
1571 1611 1692 1771 1834 1908 
1572 
1573 1593 1604 
1574 1795 1869 
1575 1599 1625 1815 
1576 1579 
1577 1622 1661 1898 
1578 1878 
1579 1949 
1580 1686 
1581 1690 
1582 1588 1894 
1583 1639 
1584 1619 1939 
1585 1797 
1586 1684 1747 1817 1966 
1587 1740 1766 
1588 1670 1724 1765 1796 1818 1920 
1589 1764 1804 
1590 1749 
1591 1827 
1592 
1593 1952 
1594 1777 1798 1800 1861 
1595 
1596 1746 1752 1799 1869 1905 
1597 1598 1713 1847 1882 1938 
1598 1632 1800 1898 
1599 1636 
1600 1629 1788 1833 
1601 1778 1860 1917 1985 1993 
1602 1624 1886 
1603 
1604 1690 1957 
1605 1613 1769 1845 
1606 1939 
1607 1993 
1608 1902 1982 
1609 1860 
1610 1650 1715 1749 
1611 1621 1911 
1612 1855 
1613 1621 
1614 1837 1867 
1615 1653 
1616 
1617 1683 
1618 1632 1711 1730 1854 
1619 1696 1925 
1620 1788 
1621 1634 1669 1983 
1622 1762 1907 1983 
1623 1704 
1624 1967 
1625 1637 1749 1793 1835 1858 1909 
1626 1667 1678 1907 1909 
1627 1930 
1628 1681 1954 1974 
1629 1657 1867 
1630 1770 1807 1840 
1631 1704 1903 
1632 1675 1687 1849 
1633 1661 1981 
1634 1729 
1635 1781 1806 
1636 1640 1874 1991 
1637 
1638 1790 1916 
1639 1818 1959 
1640 
1641 
1642 1975 
1643 1978 1991 
1644 1689 1916 1933 
1645 1932 1985 
1646 1677 1815 1847 1856 
1647 1649 1664 1743 1908 
1648 
1649 1828 
1650 1722 1812 1973 
1651 1794 1909 
1652 1985 
1653 
1654 1929 
1655 1669 1715 1720 
1656 1658 
1657 1743 1794 
1658 1803 1808 1924 1962 
1659 1975 
1660 1731 1761 1812 1821 1857 
1661 1841 1925 
1662 1836 
1663 1726 1934 
1664 1700 
1665 1684 
1666 1709 1763 1837 
1667 
1668 
1669 1720 1727 1875 
1670 
1671 1827 1869 
1672 
1673 1987 
1674 1804 1952 
1675 1767 
1676 
1677 1699 
1678 
1679 1736 1747 1863 1905 
1680 1681 1735 
1681 1687 1745 1753 1845 1935 
1682 
1683 1737 1957 1964 
1684 1822 1826 
1685 
1686 1708 1805 
1687 
1688 1752 1805 1884 
1689 1822 1858 1909 1954 1958 1991 
1690 
1691 
1692 
1693 1698 1809 1860 1995 
1694 1699 1826 1945 
1695 1914 1971 
1696 
1697 1731 1778 1848 
1698 1764 
1699 
1700 1707 1816 1872 
1701 1792 
1702 
1703 
1704 1934 
1705 1801 1932 
1706 1762 
1707 1723 1854 
1708 1735 1958 
1709 
1710 1796 
1711 1749 
1712 1981 
1713 
1714 1843 1871 1919 
1715 
1716 
1717 1983 1986 
1718 1941 
1719 1936 
1720 
1721 
1722 1746 1902 
1723 1787 1945 
1724 1817 
1725 1729 1793 
1726 1779 
1727 
1728 1936 
1729 1730 1954 
1730 1754 1888 1908 1912 
1731 
1732 1782 1831 1943 
1733 1774 1788 1800 
1734 1828 1832 
1735 1879 
1736 
1737 1739 1751 1935 1960 
1738 1780 1889 1983 
1739 1920 1956 
1740 
1741 
1742 1946 
1743 1782 1941 
1744 1943 
1745 
1746 
1747 1926 1947 
1748 
1749 
1750 1787 
1751 1806 1866 1920 1925 1986 
1752 
1753 1783 1813 
1754 1822 
1755 1944 
1756 
1757 1970 
1758 
1759 
1760 1888 
1761 
1762 1897 
1763 1923 1961 
1764 1808 
1765 1867 1872 1924 
1766 1887 1999 
1767 1986 
1768 1830 
1769 1872 
1770 1875 1884 1940 
1771 1821 
1772 1775 
1773 1778 1842 1975 
1774 1922 
1775 1811 1951 1969 
1776 1932 
1777 1957 
1778 1847 
1779 1939 
1780 
1781 
1782 1790 
1783 
1784 1805 
1785 1914 
1786 1897 
1787 1998 
1788 1869 
1789 1929 
1790 
1791 1931 1942 
1792 1806 
1793 
1794 1867 1895 1920 1985 
1795 
1796 
1797 1889 
1798 
1799 1835 
1800 1803 
1801 1807 
1802 1972 
1803 1980 1982 
1804 1854 1979 
1805 
1806 
1807 1891 
1808 1865 1894 
1809 1976 
1810 1869 1914 1918 1921 
1811 1871 
1812 1946 
1813 1819 1872 1941 
1814 
1815 1862 1885 
1816 1932 1996 
1817 1819 
1818 
1819 1905 1936 
1820 1828 
1821 1827 1909 1938 1979 
1822 
1823 
1824 
1825 
1826 
1827 1848 1945 
1828 1982 
1829 
1830 
1831 
1832 
1833 1835 
1834 
1835 1857 1932 
1836 1944 
1837 1955 
1838 
1839 1994 
1840 
1841 
1842 1856 
1843 
1844 
1845 1949 1955 
1846 1882 
1847 
1848 
1849 
1850 1862 
1851 1879 1951 1956 
1852 
1853 
1854 
1855 
1856 
1857 
1858 1988 
1859 
1860 
1861 
1862 1870 1879 
1863 
1864 1926 1939 1970 
1865 
1866 1902 
1867 
1868 1983 
1869 
1870 
1871 1880 
1872 
1873 
1874 
1875 
1876 
1877 
1878 
1879 1972 
1880 
1881 1906 
1882 1911 
1883 1935 
1884 
1885 
1886 1961 
1887 1960 
1888 
1889 1968 
1890 1945 
1891 1997 
1892 
1893 
1894 1923 
1895 
1896 
1897 
1898 
1899 
1900 1908 1997 
1901 
1902 1997 
1903 
1904 
1905 
1906 
1907 
1908 
1909 
1910 
1911 1991 
1912 1914 
1913 
1914 
1915 
1916 
1917 1929 
1918 1939 
1919 
1920 1926 
1921 
1922 
1923 
1924 1935 
1925 1973 
1926 1935 
1927 
1928 
1929 1979 1990 
1930 
1931 
1932 
1933 
1934 
1935 1956 1971 
1936 1948 
1937 
1938 
1939 
1940 
1941 
1942 1983 
1943 1994 1995 
1944 
1945 
1946 
1947 
1948 
1949 
1950 
1951 
1952 
1953 
1954 
1955 
1956 1973 
1957 1962 
1958 
1959 
1960 
1961 
1962 1997 
1963 1973 
1964 
1965 
1966 
1967 
1968 1980 
1969 
1970 
1971 1983 
1972 
1973 
1974 
1975 
1976 1999 
1977 
1978 
1979 
1980 
1981 
1982 
1983 
1984 
1985 1986 
1986 
1987 
1988 
1989 
1990 
1991 
1992 
1993 
1994 
1995 
1996 
1997 
1998 
1999 
[0, 0, 0, 0, 0, 0, 0, 0, 0, 0, 0, 0, 0, 0, 0, 0, 0, 0, 0, 0, 0, 0, 0, 0, 0, 0, 0, 0, 0, 0, 0, 0, 0, 0, 0, 0, 0, 0, 0, 0, 0, 0, 0, 0, 0, 0, 0, 0, 0, 0, 0, 0, 0, 0, 0, 0, 0, 0, 0, 0, 0, 0, 0, 0, 0, 0, 0, 0, 0, 0, 0, 0, 0, 0, 0, 0, 0, 0, 0, 0, 0, 0, 0, 0, 0, 0, 0, 0, 0, 0, 0, 0, 0, 0, 0, 0, 0, 0, 0, 0, 0, 0, 0, 0, 0, 0, 0, 0, 0, 0, 0, 0, 0, 0, 0, 0, 0, 0, 0, 0, 0, 0, 0, 0, 0, 0, 0, 0, 0, 0, 0, 0, 0, 0, 0, 0, 0, 0, 0, 0, 0, 0, 0, 0, 0, 0, 0, 0, 0, 0, 0, 0, 0, 0, 0, 0, 0, 0, 0, 0, 0, 0, 0, 0, 0, 0, 0, 0, 0, 0, 0, 0, 0, 0, 0, 0, 0, 0, 0, 0, 0, 0, 0, 0, 0, 0, 0, 0, 0, 0, 0, 0, 0, 0, 0, 0, 0, 0, 0, 0, 0, 0, 0, 0, 0, 0, 0, 0, 0, 0, 0, 0, 0, 0, 0, 0, 0, 0, 0, 0, 0, 0, 0, 0, 0, 0, 0, 0, 0, 0, 0, 0, 0, 0, 0, 0, 0, 0, 0, 0, 0, 0, 0, 0, 0, 0, 0, 0, 0, 0, 0, 0, 0, 0, 0, 0, 0, 0, 0, 0, 0, 0, 0, 0, 0, 0, 0, 0, 0, 0, 0, 0, 0, 0, 0, 0, 0, 0, 0, 0, 0, 0, 0, 0, 0, 0, 0, 0, 0, 0, 0, 0, 0, 0, 0, 0, 0, 0, 0, 0, 0, 0, 0, 0, 0, 0, 0, 0, 0, 0, 0, 0, 0, 0, 0, 0, 0, 0, 0, 0, 0, 0, 0, 0, 0, 0, 0, 0, 0, 0, 0, 0, 0, 0, 0, 0, 0, 0, 0, 0, 0, 0, 0, 0, 0, 0, 0, 0, 0, 0, 0, 0, 0, 0, 0, 0, 0, 0, 0, 0, 0, 0, 0, 0, 0, 0, 0, 0, 0, 0, 0, 0, 0, 0, 0, 0, 0, 0, 0, 0, 0, 0, 0, 0, 0, 0, 0, 0, 0, 0, 0, 0, 0, 0, 0, 0, 0, 0, 0, 0, 0, 0, 0, 0, 0, 0, 0, 0, 0, 0, 0, 0, 0, 0, 0, 0, 0, 0, 0, 0, 0, 0, 0, 0, 0, 0, 0, 0, 0, 0, 0, 0, 0, 0, 0, 0, 0, 0, 0, 0, 0, 0, 0, 0, 0, 0, 0, 0, 0, 0, 0, 0, 0, 0, 0, 0, 0, 0, 0, 0, 0, 0, 0, 0, 0, 0, 0, 0, 0, 0, 0, 0, 0, 0, 0, 0, 0, 0, 0, 0, 0, 0, 0, 0, 0, 0, 0, 0, 0, 0, 0, 0, 0, 0, 0, 0, 0, 0, 0, 0, 0, 0, 0, 0, 0, 0, 0, 0, 0, 0, 0, 0, 0, 0, 0, 0, 0, 0, 0, 0, 0, 0, 0, 0, 0, 0, 0, 0, 0, 0, 0, 0, 0, 0, 0, 0, 0, 0, 0, 0, 0, 0, 0, 0, 0, 0, 0, 0, 0, 0, 0, 0, 0, 0, 0, 0, 0, 0, 0, 0, 0, 0, 0, 0, 0, 0, 0, 0, 0, 0, 0, 0, 0, 0, 0, 0, 0, 0, 0, 0, 0, 0, 0, 0, 0, 0, 0, 0, 0, 0, 0, 0, 0, 0, 0, 0, 0, 0, 0, 0, 0, 0, 0, 0, 0, 0, 0, 0, 0, 0, 0, 0, 0, 0, 0, 0, 0, 0, 0, 0, 0, 0, 0, 0, 0, 0, 0, 0, 0, 0, 0, 0, 0, 0, 0, 0, 0, 0, 0, 0, 0, 0, 0, 0, 0, 0, 0, 0, 0, 0, 0, 0, 0, 0, 0, 0, 0, 0, 0, 0, 0, 0, 0, 0, 0, 0, 0, 0, 0, 0, 0, 0, 0, 0, 0, 0, 0, 0, 0, 0, 0, 0, 0, 0, 0, 0, 0, 0, 0, 0, 0, 0, 0, 0, 0, 0, 0, 0, 0, 0, 0, 0, 0, 0, 0, 0, 0, 0, 0, 0, 0, 0, 0, 0, 0, 0, 0, 0, 0, 0, 0, 0, 0, 0, 0, 0, 0, 0, 0, 0, 0, 0, 0, 0, 0, 0, 0, 0, 0, 0, 0, 0, 0, 0, 0, 0, 0, 0, 0, 0, 0, 0, 0, 0, 0, 0, 0, 0, 0, 0, 0, 0, 0, 0, 0, 0, 0, 0, 0, 0, 0, 0, 0, 0, 0, 0, 0, 0, 0, 0, 0, 0, 0, 0, 0, 0, 0, 0, 0, 0, 0, 0, 0, 0, 0, 0, 0, 0, 0, 0, 0, 0, 0, 0, 0, 0, 0, 0, 0, 0, 0, 0, 0, 0, 0, 0, 0, 0, 0, 0, 0, 0, 0, 0, 0, 0, 0, 0, 0, 0, 0, 0, 0, 0, 0, 0, 0, 0, 0, 0, 0, 0, 0, 0, 0, 0, 0, 0, 0, 0, 0, 0, 0, 0, 0, 0, 0, 0, 0, 0, 0, 0, 0, 0, 0, 0, 0, 0, 0, 0, 0, 0, 0, 0, 0, 0, 0, 0, 0, 0, 0, 0, 0, 0, 0, 0, 0, 0, 0, 0, 0, 0, 0, 0, 0, 0, 0, 0, 0, 0, 0, 0, 0, 0, 0, 0, 0, 0, 0, 0, 0, 0, 0, 0, 0, 0, 0, 0, 0, 0, 0, 0, 0, 0, 0, 0, 0, 0, 0, 0, 0, 0, 0, 0, 0, 0, 0, 0, 0, 0, 0, 0, 0, 0, 0, 0, 0, 0, 0, 0, 0, 0, 0, 0, 0, 0, 0, 0, 0, 0, 0, 0, 0, 0, 0, 0, 0, 0, 0, 0, 0, 0, 0, 0, 0, 0, 0, 0, 0, 0, 0, 0, 0, 0, 0, 0, 0, 0, 0, 0, 0, 0, 0, 0, 0, 0, 0, 0, 0, 0, 1, 1, 1, 1, 1, 1, 1, 1, 1, 1, 1, 1, 1, 1, 1, 1, 1, 1, 1, 1, 1, 1, 1, 1, 1, 1, 1, 1, 1, 1, 1, 1, 1, 1, 1, 1, 1, 1, 1, 1, 1, 1, 1, 1, 1, 1, 1, 1, 1, 1, 1, 1, 1, 1, 1, 1, 1, 1, 1, 1, 1, 1, 1, 1, 1, 1, 1, 1, 1, 1, 1, 1, 1, 1, 1, 1, 1, 1, 1, 1, 1, 1, 1, 1, 1, 1, 1, 1, 1, 1, 1, 1, 1, 1, 1, 1, 1, 1, 1, 1, 1, 1, 1, 1, 1, 1, 1, 1, 1, 1, 1, 1, 1, 1, 1, 1, 1, 1, 1, 1, 1, 1, 1, 1, 1, 1, 1, 1, 1, 1, 1, 1, 1, 1, 1, 1, 1, 1, 1, 1, 1, 1, 1, 1, 1, 1, 1, 1, 1, 1, 1, 1, 1, 1, 1, 1, 1, 1, 1, 1, 1, 1, 1, 1, 1, 1, 1, 1, 1, 1, 1, 1, 1, 1, 1, 1, 1, 1, 1, 1, 1, 1, 1, 1, 1, 1, 1, 1, 1, 1, 1, 1, 1, 1, 1, 1, 1, 1, 1, 1, 1, 1, 1, 1, 1, 1, 1, 1, 1, 1, 1, 1, 1, 1, 1, 1, 1, 1, 1, 1, 1, 1, 1, 1, 1, 1, 1, 1, 1, 1, 1, 1, 1, 1, 1, 1, 1, 1, 1, 1, 1, 1, 1, 1, 1, 1, 1, 1, 1, 1, 1, 1, 1, 1, 1, 1, 1, 1, 1, 1, 1, 1, 1, 1, 1, 1, 1, 1, 1, 1, 1, 1, 1, 1, 1, 1, 1, 1, 1, 1, 1, 1, 1, 1, 1, 1, 1, 1, 1, 1, 1, 1, 1, 1, 1, 1, 1, 1, 1, 1, 1, 1, 1, 1, 1, 1, 1, 1, 1, 1, 1, 1, 1, 1, 1, 1, 1, 1, 1, 1, 1, 1, 1, 1, 1, 1, 1, 1, 1, 1, 1, 1, 1, 1, 1, 1, 1, 1, 1, 1, 1, 1, 1, 1, 1, 1, 1, 1, 1, 1, 1, 1, 1, 1, 1, 1, 1, 1, 1, 1, 1, 1, 1, 1, 1, 1, 1, 1, 1, 1, 1, 1, 1, 1, 1, 1, 1, 1, 1, 1, 1, 1, 1, 1, 1, 1, 1, 1, 1, 1, 1, 1, 1, 1, 1, 1, 1, 1, 1, 1, 1, 1, 1, 1, 1, 1, 1, 1, 1, 1, 1, 1, 1, 1, 1, 1, 1, 1, 1, 1, 1, 1, 1, 1, 1, 1, 1, 1, 1, 1, 1, 1, 1, 1, 1, 1, 1, 1, 1, 1, 1, 1, 1, 1, 1, 1, 1, 1, 1, 1, 1, 1, 1, 1, 1, 1, 1, 1, 1, 1, 1, 1, 1, 1, 1, 1, 1, 1, 1, 1, 1, 1, 1, 1, 1, 1, 1, 1, 1, 1, 1, 1, 1, 1, 1, 1, 1, 1, 1, 1, 1, 1, 1, 1, 1, 1, 1, 1, 1, 1, 1, 1, 1, 1, 1, 1, 1, 1, 1, 1, 1, 1, 1, 1, 1, 1, 1, 1, 1, 1, 1, 1, 1, 1, 1, 1, 1, 1, 1, 1, 1, 1, 1, 1, 1, 1, 1, 1, 1, 1, 1, 1, 1, 1, 1, 1, 1, 1, 1, 1, 1, 1, 1, 1, 1, 1, 1, 1, 1, 1, 1, 1, 1, 1, 1, 1, 1, 1, 1, 1, 1, 1, 1, 1, 1, 1, 1, 1, 1, 1, 1, 1, 1, 1, 1, 1, 1, 1, 1, 1, 1, 1, 1, 1, 1, 1, 1, 1, 1, 1, 1, 1, 1, 1, 1, 1, 1, 1, 1, 1, 1, 1, 1, 1, 1, 1, 1, 1, 1, 1, 1, 1, 1, 1, 1, 1, 1, 1, 1, 1, 1, 1, 1, 1, 1, 1, 1, 1, 1, 1, 1, 1, 1, 1, 1, 1, 1, 1, 1, 1, 1, 1, 1, 1, 1, 1, 1, 1, 1, 1, 1, 1, 1, 1, 1, 1, 1, 1, 1, 1, 1, 1, 1, 1, 1, 1, 1, 1, 1, 1, 1, 1, 1, 1, 1, 1, 1, 1, 1, 1, 1, 1, 1, 1, 1, 1, 1, 1, 1, 1, 1, 1, 1, 1, 1, 1, 1, 1, 1, 1, 1, 1, 1, 1, 1, 1, 1, 1, 1, 1, 1, 1, 1, 1, 1, 1, 1, 1, 1, 1, 1, 1, 1, 1, 1, 1, 1, 1, 1, 1, 1, 1, 1, 1, 1, 1, 1, 1, 1, 1, 1, 1, 1, 1, 1, 1, 1, 1, 1, 1, 1, 1, 1, 1, 1, 1, 1, 1, 1, 1, 1, 1, 1, 1, 1, 1, 1, 1, 1, 1, 1, 1, 1, 1, 1, 1, 1, 1, 1, 1, 1, 1, 1, 1, 1, 1, 1, 1, 1, 1, 1, 1, 1, 1, 1, 1, 1, 1, 1, 1, 1, 1, 1, 1, 1, 1, 1, 1, 1, 1, 1, 1, 1, 1, 1, 1, 1, 1, 1, 1, 1, 1, 1, 1, 1, 1, 1, 1, 1, 1, 1, 1, 1, 1, 1, 1, 1, 1, 1, 1, 1, 1, 1, 1, 1, 1, 1, 1, 1, 1, 1, 1, 1, 1, 1, 1, 1, 1, 1, 1, 1, 1, 1, 1, 1, 1, 1, 1, 1, 1, 1, 1, 1, 1, 1, 1, 1, 1, 1, 1, 1, 1, 1, 1, 1, 1, 1, 1, 1, 1, 1, 1, 1, 1, 1, 1, 1, 1, 1, 1, 1, 1, 1, 1, 1, 1, 1, 1, 1, 1, 1, 1, 1, 1, 1, 1, 1, 1, 1, 1, 1, 1, 1, 1, 1, 1, 1, 1, 1, 1, 1, 1, 1, 1, 1, 1, 1, 1, 1, 1, 1, 1, 1, 1, 1, 1, 1, 1, 1, 1, 1, 1, 1, 1, 1, 1, 1, 1, 1, 1, 1, 1, 1, 1, 1, 1, 1, 1, 1, 1, 1, 1, 1, 1, 1, 1, 1, 1, 1, 1, 1, 1, 1, 1, 1, 1, 1, 1, 1, 1]