0 5 86 90 
1 6 14 41 82 
2 6 33 49 61 82 127 222 
3 8 56 75 84 89 96 99 135 366 
4 11 25 74 75 
5 23 27 72 80 358 
6 10 76 79 84 94 99 193 213 255 
7 71 200 320 493 
8 18 24 45 59 74 120 475 
9 15 19 60 66 389 
10 36 44 79 112 433 
11 30 42 68 72 77 78 258 387 
12 57 70 83 269 336 411 
13 29 50 56 61 65 88 94 98 145 208 388 457 
14 16 19 57 58 94 96 369 
15 58 84 86 430 
16 20 25 38 65 88 104 
17 58 214 233 
18 35 48 60 279 347 
19 31 40 86 112 
20 31 48 93 98 
21 37 43 57 64 270 344 439 
22 42 45 55 
23 60 232 
24 38 51 55 75 86 273 427 
25 133 385 
26 37 
27 86 
28 66 70 
29 33 35 67 95 251 377 
30 77 80 92 196 274 465 
31 61 68 88 377 
32 57 76 79 84 147 172 441 465 
33 59 72 173 228 334 477 
34 44 82 396 
35 62 316 
36 80 88 164 306 311 383 
37 382 
38 44 57 79 
39 79 85 
40 57 124 227 495 
41 43 128 341 
42 89 479 491 
43 
44 60 76 
45 78 192 251 
46 92 138 260 
47 95 371 479 
48 93 292 
49 76 232 311 341 419 
50 68 80 96 154 381 
51 
52 56 67 
53 472 
54 84 209 331 
55 82 249 379 
56 98 294 341 
57 63 73 142 143 358 409 
58 59 65 198 452 
59 60 73 74 85 92 96 439 
60 85 
61 64 125 172 
62 236 270 388 466 
63 98 106 319 
64 86 94 339 
65 92 214 247 
66 70 73 78 83 94 243 276 
67 75 135 337 354 422 
68 94 460 
69 71 77 83 91 136 
70 72 
71 82 86 89 98 
72 98 
73 88 238 
74 245 326 
75 138 165 439 488 
76 90 91 106 395 
77 89 90 95 173 456 
78 98 220 469 
79 84 190 
80 82 92 408 
81 96 
82 87 98 99 
83 98 121 472 
84 177 466 
85 
86 309 
87 88 99 254 426 477 
88 129 
89 99 226 
90 116 415 
91 170 197 272 410 
92 278 
93 96 302 
94 96 285 422 
95 249 442 
96 343 478 492 
97 348 
98 216 427 
99 187 
100 117 164 175 179 221 307 
101 133 163 344 
102 114 128 129 154 167 318 
103 117 118 123 125 190 191 
104 113 129 182 227 
105 110 156 166 420 
106 191 263 428 
107 117 121 126 187 199 205 321 323 348 404 
108 151 197 367 
109 165 
110 139 144 148 150 188 412 
111 126 135 161 176 363 415 431 
112 169 486 
113 126 139 140 145 150 159 170 173 183 197 352 
114 131 139 196 389 419 
115 118 130 145 198 
116 137 142 178 190 424 
117 138 151 191 193 
118 140 182 185 
119 160 186 187 
120 121 192 196 385 
121 186 288 450 
122 127 145 170 186 
123 
124 143 167 189 
125 130 146 181 462 
126 132 186 197 
127 155 165 191 226 232 
128 129 149 191 
129 139 178 184 197 
130 143 160 178 189 197 
131 169 184 193 307 376 403 
132 135 148 191 224 
133 158 161 167 188 
134 148 151 158 184 185 238 
135 198 361 416 
136 282 
137 151 158 
138 176 182 325 369 
139 144 184 186 199 
140 319 341 476 
141 178 226 
142 390 393 433 
143 157 170 238 449 477 
144 184 194 198 
145 177 204 264 443 
146 151 170 173 182 265 
147 152 191 274 348 
148 152 265 
149 162 440 
150 160 163 186 465 
151 259 277 
152 166 196 366 
153 163 195 
154 172 182 
155 166 173 
156 157 176 179 196 
157 207 220 
158 176 181 188 231 266 321 349 378 467 
159 162 168 180 191 494 
160 166 193 
161 185 289 
162 198 449 475 
163 192 193 284 
164 426 
165 179 240 
166 179 
167 192 231 304 390 430 
168 194 
169 174 
170 240 351 390 
171 175 177 195 229 313 
172 192 
173 
174 190 
175 195 396 
176 198 246 
177 196 359 371 
178 191 442 
179 196 
180 192 199 
181 201 273 373 
182 185 423 
183 189 202 212 
184 252 295 
185 195 
186 247 
187 188 197 331 390 482 
188 190 195 345 
189 193 364 474 479 493 496 
190 439 
191 
192 212 423 
193 199 329 
194 
195 415 451 
196 201 442 
197 433 
198 271 372 
199 482 
200 227 234 262 276 288 
201 202 213 217 230 242 265 446 
202 226 264 
203 238 252 254 272 285 
204 265 268 275 286 289 
205 345 484 
206 257 
207 223 262 271 293 
208 237 
209 221 225 257 295 424 453 474 
210 214 252 275 282 298 498 
211 257 307 395 
212 269 275 338 
213 215 236 
214 216 259 298 
215 281 
216 228 285 290 300 372 
217 246 261 425 
218 251 274 292 393 478 
219 286 288 292 
220 279 398 
221 230 247 273 
222 295 341 
223 231 247 286 290 
224 226 282 285 313 380 
225 244 283 
226 227 230 264 
227 272 395 411 
228 261 285 421 456 466 
229 244 269 324 414 
230 242 247 283 286 
231 269 295 297 
232 273 287 292 
233 245 248 279 444 
234 239 244 263 289 299 345 
235 264 362 490 
236 246 249 283 285 291 
237 299 
238 247 254 288 422 
239 270 284 351 
240 241 265 270 273 292 413 481 
241 242 
242 255 270 382 
243 264 283 299 388 
244 
245 251 313 386 
246 248 253 282 296 297 
247 297 
248 250 282 
249 278 298 465 
250 269 279 290 428 
251 253 296 
252 254 294 372 
253 268 295 394 
254 299 
255 278 322 436 
256 
257 261 398 
258 285 
259 295 447 
260 271 296 
261 266 283 383 408 
262 351 466 483 
263 
264 375 377 
265 284 
266 273 352 
267 274 276 290 487 
268 277 281 304 
269 
270 459 485 
271 275 293 
272 284 288 
273 352 
274 278 
275 285 296 
276 282 290 341 397 
277 360 456 
278 288 291 
279 340 348 
280 
281 289 
282 
283 381 447 
284 297 299 
285 293 
286 
287 290 295 
288 
289 293 297 325 
290 
291 293 299 439 450 
292 
293 350 
294 296 488 
295 438 487 
296 297 299 
297 352 437 440 
298 
299 401 456 470 
300 304 343 359 368 376 447 
301 326 355 359 
302 313 359 373 
303 335 344 363 375 393 435 
304 325 329 
305 314 342 356 385 
306 322 478 
307 330 346 348 385 
308 313 325 344 368 377 399 
309 317 339 347 349 367 373 
310 488 
311 322 359 366 378 381 
312 331 374 407 
313 358 399 424 480 
314 340 345 347 371 388 402 
315 316 378 391 422 494 
316 366 371 380 382 
317 365 
318 322 361 366 374 
319 320 323 369 382 
320 343 382 
321 340 393 
322 333 335 345 347 375 383 395 443 
323 326 339 377 393 432 
324 329 348 387 446 
325 329 369 396 432 449 472 
326 367 
327 332 336 377 379 394 
328 344 377 415 
329 352 355 363 389 
330 370 473 
331 355 389 
332 452 
333 
334 375 
335 339 354 366 385 445 
336 377 
337 353 
338 381 
339 374 
340 348 353 354 365 373 377 378 
341 351 371 
342 344 349 353 365 370 373 374 
343 354 357 366 496 
344 348 362 387 450 
345 353 367 373 488 
346 359 362 398 
347 354 362 372 376 377 391 
348 387 
349 353 361 393 399 
350 353 373 375 
351 368 478 
352 451 469 
353 364 
354 365 378 390 391 
355 411 
356 
357 366 368 374 
358 389 397 
359 392 
360 
361 368 373 396 
362 365 367 
363 367 375 386 
364 374 377 384 
365 386 390 
366 371 377 
367 
368 370 392 
369 382 
370 395 
371 372 376 475 
372 387 398 457 
373 
374 405 
375 378 392 
376 384 
377 383 387 483 
378 394 
379 398 
380 395 
381 390 
382 422 
383 
384 397 428 
385 479 
386 387 
387 490 
388 399 
389 
390 
391 
392 
393 472 
394 
395 407 419 
396 
397 467 
398 415 
399 
400 413 416 436 469 489 492 496 
401 436 437 460 493 
402 409 410 448 470 
403 406 408 452 486 
404 434 473 494 496 498 
405 410 418 439 462 497 
406 460 489 
407 
408 414 444 471 490 
409 413 445 
410 446 471 475 
411 426 455 
412 421 444 449 452 475 
413 447 451 491 
414 421 437 487 
415 443 447 487 
416 431 454 499 
417 426 431 457 492 
418 421 439 443 474 476 484 
419 428 432 454 
420 443 487 498 
421 
422 432 437 474 489 
423 428 436 438 463 471 476 
424 458 477 493 
425 448 449 465 488 
426 452 462 488 492 
427 432 436 479 484 498 
428 429 436 452 486 
429 448 458 480 
430 458 478 
431 466 487 497 
432 497 
433 443 461 
434 458 
435 441 445 476 479 490 
436 
437 
438 475 480 481 
439 484 
440 446 453 479 
441 484 485 
442 445 456 461 485 490 
443 469 
444 456 
445 465 
446 483 
447 450 
448 452 463 466 
449 464 492 498 
450 452 473 
451 475 491 
452 460 
453 454 
454 
455 465 
456 462 
457 467 487 488 489 491 
458 482 487 496 
459 
460 471 
461 469 489 
462 468 483 
463 480 494 
464 472 
465 483 
466 481 
467 
468 469 
469 480 489 
470 
471 
472 494 
473 478 
474 486 
475 
476 499 
477 491 
478 498 
479 487 
480 
481 
482 
483 
484 
485 
486 497 
487 488 
488 
489 
490 
491 
492 493 494 
493 
494 498 
495 
496 
497 499 
498 
499 
[0, 0, 0, 0, 0, 0, 0, 0, 0, 0, 0, 0, 0, 0, 0, 0, 0, 0, 0, 0, 0, 0, 0, 0, 0, 0, 0, 0, 0, 0, 0, 0, 0, 0, 0, 0, 0, 0, 0, 0, 0, 0, 0, 0, 0, 0, 0, 0, 0, 0, 0, 0, 0, 0, 0, 0, 0, 0, 0, 0, 0, 0, 0, 0, 0, 0, 0, 0, 0, 0, 0, 0, 0, 0, 0, 0, 0, 0, 0, 0, 0, 0, 0, 0, 0, 0, 0, 0, 0, 0, 0, 0, 0, 0, 0, 0, 0, 0, 0, 0, 1, 1, 1, 1, 1, 1, 1, 1, 1, 1, 1, 1, 1, 1, 1, 1, 1, 1, 1, 1, 1, 1, 1, 1, 1, 1, 1, 1, 1, 1, 1, 1, 1, 1, 1, 1, 1, 1, 1, 1, 1, 1, 1, 1, 1, 1, 1, 1, 1, 1, 1, 1, 1, 1, 1, 1, 1, 1, 1, 1, 1, 1, 1, 1, 1, 1, 1, 1, 1, 1, 1, 1, 1, 1, 1, 1, 1, 1, 1, 1, 1, 1, 1, 1, 1, 1, 1, 1, 1, 1, 1, 1, 1, 1, 1, 1, 1, 1, 1, 1, 2, 2, 2, 2, 2, 2, 2, 2, 2, 2, 2, 2, 2, 2, 2, 2, 2, 2, 2, 2, 2, 2, 2, 2, 2, 2, 2, 2, 2, 2, 2, 2, 2, 2, 2, 2, 2, 2, 2, 2, 2, 2, 2, 2, 2, 2, 2, 2, 2, 2, 2, 2, 2, 2, 2, 2, 2, 2, 2, 2, 2, 2, 2, 2, 2, 2, 2, 2, 2, 2, 2, 2, 2, 2, 2, 2, 2, 2, 2, 2, 2, 2, 2, 2, 2, 2, 2, 2, 2, 2, 2, 2, 2, 2, 2, 2, 2, 2, 2, 2, 3, 3, 3, 3, 3, 3, 3, 3, 3, 3, 3, 3, 3, 3, 3, 3, 3, 3, 3, 3, 3, 3, 3, 3, 3, 3, 3, 3, 3, 3, 3, 3, 3, 3, 3, 3, 3, 3, 3, 3, 3, 3, 3, 3, 3, 3, 3, 3, 3, 3, 3, 3, 3, 3, 3, 3, 3, 3, 3, 3, 3, 3, 3, 3, 3, 3, 3, 3, 3, 3, 3, 3, 3, 3, 3, 3, 3, 3, 3, 3, 3, 3, 3, 3, 3, 3, 3, 3, 3, 3, 3, 3, 3, 3, 3, 3, 3, 3, 3, 3, 4, 4, 4, 4, 4, 4, 4, 4, 4, 4, 4, 4, 4, 4, 4, 4, 4, 4, 4, 4, 4, 4, 4, 4, 4, 4, 4, 4, 4, 4, 4, 4, 4, 4, 4, 4, 4, 4, 4, 4, 4, 4, 4, 4, 4, 4, 4, 4, 4, 4, 4, 4, 4, 4, 4, 4, 4, 4, 4, 4, 4, 4, 4, 4, 4, 4, 4, 4, 4, 4, 4, 4, 4, 4, 4, 4, 4, 4, 4, 4, 4, 4, 4, 4, 4, 4, 4, 4, 4, 4, 4, 4, 4, 4, 4, 4, 4, 4, 4, 4]