0 22 41 61 67 98 314 
1 50 61 68 322 
2 9 11 37 87 
3 14 25 33 64 331 
4 14 42 87 408 
5 28 61 66 434 
6 16 65 74 77 88 325 383 
7 10 34 42 94 150 
8 33 70 243 329 
9 10 50 54 87 449 
10 41 53 359 
11 34 45 59 71 98 310 452 
12 70 85 87 95 
13 52 60 346 
14 22 26 36 395 428 484 
15 42 65 80 96 
16 28 35 82 
17 34 48 84 196 
18 31 370 
19 28 85 96 266 
20 62 
21 28 29 256 301 
22 27 99 
23 37 42 487 
24 54 64 87 295 386 
25 33 47 58 68 95 163 276 
26 32 61 69 108 
27 58 94 309 
28 280 
29 
30 131 153 
31 41 86 94 
32 292 424 
33 44 94 472 
34 40 63 233 
35 57 67 313 
36 93 377 483 
37 39 359 
38 85 
39 51 54 55 68 72 
40 58 64 79 86 91 235 455 
41 74 410 423 
42 49 58 97 117 467 
43 
44 52 94 266 288 303 
45 92 436 
46 48 59 73 493 
47 51 86 90 272 280 
48 330 
49 89 92 154 
50 56 65 110 248 367 397 
51 
52 96 428 
53 74 81 
54 197 413 
55 76 
56 208 
57 64 68 77 82 256 290 
58 73 80 91 120 
59 251 288 479 
60 142 
61 
62 67 
63 89 140 164 392 
64 95 115 145 153 411 
65 89 201 
66 67 99 
67 177 225 267 333 
68 127 393 
69 
70 268 307 
71 
72 95 122 169 447 
73 
74 297 
75 
76 80 175 
77 184 386 
78 94 95 
79 203 
80 141 212 375 481 
81 498 
82 90 327 444 
83 99 202 469 
84 228 251 488 
85 347 451 
86 112 157 
87 
88 90 98 
89 
90 
91 
92 99 
93 
94 96 127 265 
95 
96 143 400 458 
97 133 484 
98 119 338 
99 
100 104 136 139 243 388 
101 122 175 449 
102 197 
103 113 136 138 143 149 181 
104 127 131 175 189 486 
105 110 121 149 168 222 397 
106 163 177 401 
107 140 173 192 
108 114 129 132 158 174 191 193 470 
109 155 285 
110 166 170 456 
111 150 161 
112 187 300 
113 122 144 145 147 173 192 230 
114 116 131 160 167 324 341 482 
115 122 145 163 
116 123 143 155 162 171 183 242 
117 138 140 142 160 165 170 177 179 
118 132 186 
119 128 147 
120 131 155 290 349 
121 143 175 
122 181 362 406 450 
123 125 140 163 425 450 
124 135 
125 127 136 463 
126 131 191 198 451 
127 192 
128 133 144 430 
129 145 170 297 445 
130 172 175 412 433 
131 146 182 196 
132 187 479 
133 157 
134 138 148 164 225 312 
135 145 
136 187 
137 157 291 370 
138 156 167 182 193 
139 209 
140 152 177 234 299 
141 158 197 198 214 240 
142 170 182 195 
143 149 185 
144 199 235 340 452 
145 159 
146 148 
147 151 166 188 
148 154 257 
149 153 446 
150 
151 185 292 
152 
153 225 226 
154 160 173 187 190 195 
155 176 199 355 
156 311 
157 182 332 
158 368 
159 162 167 184 355 
160 167 169 180 197 403 
161 189 247 
162 170 
163 187 
164 383 
165 178 
166 184 
167 189 191 
168 192 
169 176 189 198 283 494 
170 186 211 
171 410 
172 308 
173 492 
174 176 183 
175 195 
176 190 385 
177 179 219 493 
178 
179 189 290 
180 358 384 
181 308 
182 
183 194 440 
184 
185 194 242 
186 190 337 
187 304 
188 379 
189 216 
190 368 469 
191 329 
192 311 
193 195 420 
194 308 
195 345 420 
196 198 413 
197 227 238 
198 206 
199 384 495 
200 235 402 
201 255 
202 268 
203 211 224 244 261 293 300 
204 214 
205 221 270 274 282 
206 281 287 
207 218 255 260 267 283 
208 227 245 361 473 
209 248 470 
210 254 277 
211 256 268 
212 
213 272 308 
214 290 
215 259 268 
216 223 289 
217 253 256 279 
218 295 298 
219 272 
220 224 259 284 
221 269 418 
222 228 265 286 
223 232 278 288 290 426 
224 225 295 359 
225 261 270 286 287 
226 237 247 286 329 
227 450 
228 
229 280 468 
230 249 
231 240 254 268 430 493 
232 272 296 299 
233 249 254 
234 354 
235 240 261 303 395 
236 289 291 295 378 
237 262 268 271 
238 
239 272 415 
240 244 245 283 412 490 
241 253 262 274 299 
242 271 298 
243 269 293 
244 250 273 
245 
246 290 
247 250 256 488 
248 260 299 418 
249 251 264 398 
250 252 258 284 
251 297 306 494 
252 255 260 292 
253 276 349 
254 265 288 455 
255 283 
256 281 299 
257 265 278 445 
258 264 283 
259 
260 299 328 392 
261 
262 287 301 
263 357 
264 285 
265 273 431 443 
266 270 277 280 
267 284 294 
268 291 425 
269 
270 283 466 
271 
272 275 292 388 420 
273 
274 431 
275 288 298 
276 372 391 418 
277 287 290 292 379 384 
278 369 
279 294 379 
280 283 285 385 
281 286 
282 398 
283 
284 318 477 
285 
286 
287 310 
288 419 469 
289 336 
290 482 
291 
292 
293 295 
294 305 
295 
296 395 
297 489 
298 
299 420 
300 342 356 370 
301 366 380 
302 310 323 
303 381 
304 
305 318 359 360 
306 393 
307 336 356 441 
308 350 357 381 382 
309 331 361 379 
310 366 388 397 
311 319 363 476 
312 383 391 393 
313 328 347 359 
314 322 330 357 360 375 385 398 399 
315 323 357 
316 326 341 
317 327 339 360 380 
318 319 352 
319 329 342 376 
320 335 343 372 376 387 
321 383 387 468 480 
322 332 350 376 394 465 
323 329 386 
324 334 435 
325 332 428 
326 499 
327 351 382 
328 384 479 
329 331 
330 339 344 351 360 412 
331 357 397 446 
332 349 351 362 363 
333 340 
334 355 363 375 454 
335 342 360 362 
336 387 398 460 
337 345 393 
338 351 450 
339 424 
340 359 
341 352 388 
342 344 353 358 366 367 
343 361 380 
344 389 446 
345 381 
346 377 
347 397 
348 355 
349 351 355 364 376 
350 384 
351 382 
352 
353 365 456 
354 358 372 
355 388 393 
356 
357 362 378 
358 431 
359 370 
360 381 
361 363 367 
362 396 398 495 
363 
364 394 443 
365 
366 437 
367 
368 375 377 
369 370 488 
370 
371 392 
372 
373 
374 
375 
376 
377 381 383 394 
378 
379 
380 410 
381 383 394 485 
382 
383 
384 
385 428 
386 391 397 431 497 
387 398 
388 476 
389 470 
390 
391 
392 394 
393 
394 
395 
396 
397 444 
398 
399 
400 421 435 477 495 
401 438 450 452 459 462 487 
402 430 447 466 488 
403 498 
404 428 
405 451 459 464 
406 455 461 
407 435 467 486 
408 413 
409 422 444 468 484 
410 444 470 489 
411 422 473 486 498 
412 421 432 436 
413 430 443 471 473 
414 416 
415 440 491 493 
416 420 429 454 484 485 
417 
418 443 
419 434 
420 463 476 
421 430 435 471 485 
422 
423 457 468 475 
424 429 431 462 469 
425 430 432 478 498 
426 
427 
428 469 
429 446 
430 434 481 491 
431 
432 454 
433 448 457 495 
434 439 460 
435 480 489 
436 439 461 
437 442 
438 450 484 486 
439 450 
440 487 
441 467 469 494 
442 
443 
444 
445 470 482 
446 
447 460 475 478 482 
448 469 472 478 
449 460 464 465 471 
450 486 
451 
452 454 
453 493 
454 457 
455 487 
456 482 
457 
458 471 481 
459 
460 
461 467 472 
462 472 473 
463 474 489 
464 
465 486 
466 
467 472 
468 477 487 
469 470 
470 494 
471 477 
472 
473 499 
474 
475 
476 477 
477 480 
478 496 
479 495 
480 493 
481 
482 
483 492 
484 487 
485 493 494 
486 498 
487 489 491 
488 
489 497 
490 493 
491 
492 
493 
494 
495 
496 497 
497 
498 
499 
[0, 0, 0, 0, 0, 0, 0, 0, 0, 0, 0, 0, 0, 0, 0, 0, 0, 0, 0, 0, 0, 0, 0, 0, 0, 0, 0, 0, 0, 0, 0, 0, 0, 0, 0, 0, 0, 0, 0, 0, 0, 0, 0, 0, 0, 0, 0, 0, 0, 0, 0, 0, 0, 0, 0, 0, 0, 0, 0, 0, 0, 0, 0, 0, 0, 0, 0, 0, 0, 0, 0, 0, 0, 0, 0, 0, 0, 0, 0, 0, 0, 0, 0, 0, 0, 0, 0, 0, 0, 0, 0, 0, 0, 0, 0, 0, 0, 0, 0, 0, 1, 1, 1, 1, 1, 1, 1, 1, 1, 1, 1, 1, 1, 1, 1, 1, 1, 1, 1, 1, 1, 1, 1, 1, 1, 1, 1, 1, 1, 1, 1, 1, 1, 1, 1, 1, 1, 1, 1, 1, 1, 1, 1, 1, 1, 1, 1, 1, 1, 1, 1, 1, 1, 1, 1, 1, 1, 1, 1, 1, 1, 1, 1, 1, 1, 1, 1, 1, 1, 1, 1, 1, 1, 1, 1, 1, 1, 1, 1, 1, 1, 1, 1, 1, 1, 1, 1, 1, 1, 1, 1, 1, 1, 1, 1, 1, 1, 1, 1, 1, 2, 2, 2, 2, 2, 2, 2, 2, 2, 2, 2, 2, 2, 2, 2, 2, 2, 2, 2, 2, 2, 2, 2, 2, 2, 2, 2, 2, 2, 2, 2, 2, 2, 2, 2, 2, 2, 2, 2, 2, 2, 2, 2, 2, 2, 2, 2, 2, 2, 2, 2, 2, 2, 2, 2, 2, 2, 2, 2, 2, 2, 2, 2, 2, 2, 2, 2, 2, 2, 2, 2, 2, 2, 2, 2, 2, 2, 2, 2, 2, 2, 2, 2, 2, 2, 2, 2, 2, 2, 2, 2, 2, 2, 2, 2, 2, 2, 2, 2, 2, 3, 3, 3, 3, 3, 3, 3, 3, 3, 3, 3, 3, 3, 3, 3, 3, 3, 3, 3, 3, 3, 3, 3, 3, 3, 3, 3, 3, 3, 3, 3, 3, 3, 3, 3, 3, 3, 3, 3, 3, 3, 3, 3, 3, 3, 3, 3, 3, 3, 3, 3, 3, 3, 3, 3, 3, 3, 3, 3, 3, 3, 3, 3, 3, 3, 3, 3, 3, 3, 3, 3, 3, 3, 3, 3, 3, 3, 3, 3, 3, 3, 3, 3, 3, 3, 3, 3, 3, 3, 3, 3, 3, 3, 3, 3, 3, 3, 3, 3, 3, 4, 4, 4, 4, 4, 4, 4, 4, 4, 4, 4, 4, 4, 4, 4, 4, 4, 4, 4, 4, 4, 4, 4, 4, 4, 4, 4, 4, 4, 4, 4, 4, 4, 4, 4, 4, 4, 4, 4, 4, 4, 4, 4, 4, 4, 4, 4, 4, 4, 4, 4, 4, 4, 4, 4, 4, 4, 4, 4, 4, 4, 4, 4, 4, 4, 4, 4, 4, 4, 4, 4, 4, 4, 4, 4, 4, 4, 4, 4, 4, 4, 4, 4, 4, 4, 4, 4, 4, 4, 4, 4, 4, 4, 4, 4, 4, 4, 4, 4, 4]