0 186 476 523 908 2597 
1 550 2277 
2 461 598 649 1510 
3 59 222 426 539 942 
4 618 960 2852 3724 
5 61 143 322 624 
6 197 215 367 387 535 682 684 715 980 3505 
7 9 286 370 400 
8 3048 3610 
9 761 2116 2199 
10 173 
11 116 231 329 
12 299 396 789 868 3414 
13 70 219 303 725 1455 1764 
14 285 841 925 3186 
15 166 435 446 638 2467 4255 
16 332 548 
17 298 885 2442 4007 4806 
18 116 738 3831 4555 
19 229 320 440 774 813 
20 332 670 
21 58 68 216 239 968 1258 
22 617 849 1636 4266 
23 99 238 347 4888 
24 413 597 651 974 975 1803 2015 
25 257 275 421 459 2798 
26 201 478 540 630 1204 3831 
27 606 677 806 2861 3905 
28 215 496 885 4585 
29 125 559 2496 4516 
30 263 408 654 712 903 
31 83 724 996 
32 104 213 884 1604 3410 
33 62 126 460 536 
34 598 
35 320 571 
36 952 1853 2543 3946 
37 65 227 527 
38 77 122 171 703 
39 106 318 406 531 820 2945 
40 49 439 499 691 960 4255 
41 271 560 677 749 1704 
42 914 3180 
43 361 894 1241 1442 3175 
44 574 819 890 4677 
45 54 62 166 742 
46 185 451 584 1712 1713 
47 178 507 659 715 4260 
48 
49 3707 
50 568 802 1110 
51 144 566 752 941 3470 
52 646 1756 
53 80 828 3409 4856 
54 694 821 4829 
55 593 703 3975 
56 69 230 437 610 642 710 
57 345 641 846 1910 2170 
58 519 602 634 872 1767 4854 
59 70 3768 3925 
60 692 805 4464 
61 130 362 501 595 783 803 866 
62 417 952 
63 225 270 506 557 596 632 3981 
64 2711 3832 
65 69 329 541 553 623 
66 477 1340 4289 
67 96 657 
68 162 371 490 579 666 3426 
69 978 
70 307 520 737 2548 3502 3789 
71 129 260 315 322 
72 393 532 
73 132 158 1463 3457 
74 211 361 798 3444 
75 327 2590 
76 
77 625 2052 2508 3910 
78 183 385 689 766 998 3898 4186 
79 235 
80 164 245 
81 394 414 641 774 1180 4020 
82 383 587 682 735 1133 
83 361 557 789 
84 719 987 
85 4116 
86 721 3737 4805 
87 96 150 207 345 4316 
88 167 204 506 545 658 918 1334 4535 
89 160 353 444 780 938 
90 1244 1968 
91 459 647 
92 130 430 1020 
93 911 
94 718 1537 3361 
95 359 395 481 504 2061 4240 
96 195 311 356 444 459 544 990 2233 
97 341 1076 
98 300 316 320 546 552 807 3279 
99 480 961 
100 279 584 644 951 
101 341 734 863 1367 
102 245 274 395 814 1815 1903 3956 
103 
104 123 964 1716 
105 543 926 2004 2228 
106 228 270 690 1596 2976 
107 931 1107 1146 2533 
108 620 3968 
109 495 546 
110 4880 
111 222 632 897 3951 
112 1968 
113 435 463 898 1403 
114 393 754 922 
115 263 301 529 
116 807 
117 204 441 706 783 949 1457 
118 157 372 
119 279 480 500 675 1320 2000 
120 
121 550 875 
122 173 342 553 572 730 2003 4794 
123 577 4225 
124 254 372 615 
125 599 828 2461 
126 439 459 527 
127 513 1980 3016 3650 
128 234 359 1412 4252 
129 393 558 872 940 2258 
130 191 642 722 900 2165 4502 
131 137 995 
132 163 227 4494 
133 179 827 3231 
134 372 389 638 2529 
135 690 1865 2122 
136 575 950 
137 476 916 
138 505 591 780 920 2612 
139 527 
140 326 475 820 1499 2079 3455 
141 729 795 889 951 3100 
142 263 898 1254 
143 
144 475 677 
145 514 772 1154 4313 
146 647 873 3343 
147 380 721 804 2754 
148 763 860 1230 1270 
149 506 569 611 835 
150 158 273 4157 
151 226 228 357 802 902 1605 
152 410 492 738 865 3271 4194 
153 4031 4576 
154 596 
155 282 609 717 
156 640 831 1326 
157 368 437 642 752 
158 310 1956 2007 4581 
159 168 555 
160 287 888 904 979 3143 3721 
161 173 254 616 621 838 944 2796 
162 263 426 572 618 739 751 1302 3640 4672 
163 465 613 
164 193 552 613 874 1504 2631 4091 4548 
165 510 758 1339 1397 
166 236 371 386 799 994 4805 4964 
167 168 249 937 
168 530 635 
169 651 
170 586 776 936 952 1979 
171 178 331 336 621 728 1594 3248 
172 345 464 594 832 963 991 1185 4577 
173 177 594 601 2709 4591 
174 239 277 3626 
175 469 963 3992 
176 192 278 286 464 528 975 1585 
177 229 603 679 4052 
178 521 2363 
179 635 677 3112 4323 4402 
180 923 954 978 1438 4841 
181 365 414 505 1720 2308 
182 
183 428 635 927 1326 
184 602 934 4952 
185 467 590 2530 
186 449 
187 309 2427 3265 4164 
188 503 515 
189 212 231 374 698 764 858 
190 459 696 705 
191 579 
192 3326 3533 
193 310 788 871 
194 317 760 4594 
195 729 4710 
196 454 459 785 4604 
197 1066 3852 
198 562 983 2077 
199 
200 324 771 809 836 881 963 
201 213 275 490 672 
202 418 919 936 
203 667 801 944 4074 
204 2462 2664 
205 287 356 845 1378 
206 472 573 677 739 873 1908 
207 
208 984 3218 
209 586 816 939 3483 
210 399 432 447 1587 2746 4718 
211 380 749 2140 
212 690 
213 933 1332 
214 386 437 949 1711 4495 
215 355 379 672 
216 525 3271 
217 362 610 728 861 
218 419 569 1770 2915 3547 3822 
219 234 3211 4702 
220 
221 929 3411 
222 327 509 879 2517 3836 
223 371 891 960 3926 4063 4493 
224 573 804 3625 
225 3412 
226 
227 3559 
228 266 680 723 1559 2133 4219 4327 
229 683 870 979 
230 270 561 699 704 
231 744 1463 2033 
232 259 755 
233 391 433 874 4017 
234 643 696 2608 
235 
236 753 
237 816 
238 309 1795 3108 
239 938 4062 
240 461 699 850 
241 257 
242 415 667 2810 
243 715 730 922 
244 401 507 3933 
245 356 458 653 834 2191 2310 
246 324 3414 
247 282 506 1908 
248 327 467 508 521 642 818 3195 
249 281 423 521 865 
250 272 1367 3348 
251 851 1712 4920 
252 504 843 963 1429 2178 3542 3544 
253 265 275 583 642 980 1742 4820 
254 502 2432 4803 
255 488 527 743 2590 4916 
256 802 
257 597 809 1598 2588 
258 566 725 844 3932 
259 748 1516 3474 
260 462 645 
261 
262 752 758 944 2829 
263 520 
264 303 348 767 810 2165 
265 349 924 980 3849 
266 373 534 3275 
267 718 
268 428 646 869 870 901 929 957 3823 
269 523 766 863 2854 
270 690 1618 
271 388 422 566 611 844 911 915 4159 
272 
273 598 608 619 4137 
274 417 1914 
275 778 856 
276 362 1765 
277 520 
278 
279 688 1501 1659 
280 312 391 690 3403 4483 
281 561 630 843 
282 351 781 835 2922 3684 
283 387 731 777 4700 
284 371 599 986 
285 286 443 2547 2677 
286 327 529 3754 
287 485 504 790 833 4142 4889 
288 
289 3042 
290 327 373 465 486 1207 1806 2653 
291 605 767 783 966 1635 
292 366 697 
293 436 3056 
294 428 562 2932 
295 320 698 1866 2058 3284 
296 514 764 801 923 967 1007 2251 3895 
297 954 1931 2266 4303 
298 3062 
299 4559 
300 871 
301 499 4472 
302 444 572 616 641 823 995 
303 332 351 497 657 725 862 
304 527 545 701 731 831 
305 607 930 2964 4517 
306 2683 
307 957 
308 680 709 1636 
309 536 735 
310 845 3929 
311 752 811 838 859 4565 
312 334 772 785 2684 
313 618 727 1730 1829 2918 4242 
314 536 658 703 741 869 1112 1685 
315 410 3682 4494 
316 598 774 906 3628 3757 
317 726 752 
318 376 996 1344 3159 4148 
319 535 547 2151 
320 650 4861 
321 323 954 3235 
322 663 737 4506 
323 370 
324 433 480 854 1553 4581 4997 
325 443 583 632 4642 4936 
326 944 
327 405 801 866 
328 339 504 505 948 
329 
330 559 3904 4272 
331 1433 4282 
332 397 523 850 1816 3432 3635 
333 
334 356 599 705 
335 991 2469 
336 448 2104 2839 
337 1071 1622 2622 3359 3413 3723 4144 4353 4417 
338 769 844 1386 2605 
339 423 439 1704 
340 2288 
341 574 710 2798 3825 
342 498 816 923 2106 
343 417 
344 392 679 914 916 1768 3293 4671 
345 693 719 2617 4041 
346 411 546 809 3868 4475 
347 455 467 674 
348 522 537 639 
349 1925 
350 497 2382 3149 
351 736 780 
352 748 1227 
353 882 
354 366 555 802 951 4295 
355 469 561 898 905 912 
356 473 3150 3978 
357 696 787 838 
358 2738 3452 
359 614 
360 807 848 2399 2439 4646 
361 468 556 634 1304 2947 
362 792 953 2169 
363 453 770 896 900 1781 3457 3582 
364 443 778 944 1159 2568 3033 3425 
365 683 821 3580 4217 
366 3475 4686 
367 931 1827 2488 3741 
368 608 986 1322 1562 
369 658 699 3647 
370 866 4752 
371 2616 
372 406 946 
373 377 527 605 661 1456 
374 397 657 2048 2847 3113 
375 792 3134 
376 539 3495 
377 413 835 873 947 4751 
378 412 442 818 
379 653 789 
380 388 431 495 558 701 
381 456 758 789 905 2061 2276 2572 
382 505 658 3063 3788 4874 
383 738 853 4245 4642 
384 487 540 1260 
385 495 949 2599 
386 611 2752 
387 440 753 
388 653 940 2826 
389 567 594 630 991 1325 
390 904 2362 4948 
391 411 715 745 878 3212 4647 
392 453 811 
393 802 811 3127 3308 
394 485 861 981 2265 2845 4395 
395 997 3358 3452 3626 
396 504 596 697 727 2340 4929 
397 729 3955 
398 804 1892 
399 409 661 682 2292 3544 3884 
400 2670 
401 696 833 
402 845 878 893 2566 
403 
404 581 610 662 940 
405 913 1343 
406 648 
407 411 422 595 600 604 1378 
408 582 927 2782 3184 
409 660 2531 
410 483 777 3900 4919 
411 1883 3428 4012 
412 555 697 979 
413 543 607 4163 4903 
414 884 3666 
415 
416 483 497 664 773 2105 
417 715 815 2149 2878 3663 3689 3885 
418 918 4875 
419 970 
420 579 3687 
421 772 971 4438 
422 2291 
423 2093 
424 846 855 1199 
425 1299 4079 4409 4522 4566 4622 
426 655 927 
427 619 
428 519 2972 
429 485 1573 
430 521 750 802 2124 3259 
431 520 643 
432 662 673 742 957 
433 541 567 604 630 677 783 830 873 
434 
435 625 862 965 1230 1514 
436 584 970 975 1282 
437 1066 1844 
438 
439 475 2176 3876 4532 
440 703 1019 1252 
441 628 
442 835 978 
443 601 702 2254 
444 666 1789 1923 4391 
445 935 
446 482 908 
447 990 2440 
448 2064 3249 
449 958 1133 1603 3116 
450 559 813 4092 
451 493 710 3669 4139 
452 781 946 1249 4724 
453 2913 
454 489 510 742 927 3311 4559 
455 483 586 789 
456 4837 
457 830 895 2965 3018 3955 
458 788 836 983 2023 2682 2748 4049 
459 856 889 1794 2203 
460 626 945 4092 
461 601 780 
462 491 972 3505 4169 
463 1424 2626 3771 
464 942 1760 1813 2074 2704 2833 
465 523 966 
466 634 714 741 908 945 2033 2099 
467 963 
468 
469 766 
470 560 688 759 2127 3551 
471 612 
472 3036 3562 
473 750 3812 
474 897 1066 
475 752 
476 516 761 2117 
477 762 2086 4143 
478 755 838 
479 672 946 1508 2653 
480 721 787 876 881 884 3108 
481 2210 
482 653 
483 4623 
484 925 2654 
485 514 523 541 903 
486 1465 3062 
487 727 2110 
488 503 514 524 3094 
489 3279 4177 4568 
490 706 3149 3336 3396 4038 4222 4306 
491 810 2275 4484 
492 502 586 604 838 1157 3961 
493 905 906 2727 4794 
494 3891 
495 778 863 906 1582 
496 631 654 756 4531 
497 543 676 
498 720 3679 4402 
499 1611 4815 
500 506 668 725 3753 
501 3814 
502 775 
503 
504 672 4949 
505 1479 2534 4023 
506 700 959 1887 4328 
507 844 1642 
508 690 3774 
509 683 1187 2752 
510 2989 
511 2689 
512 2126 2225 3412 
513 765 1260 2504 4158 
514 2805 
515 816 845 923 1076 1914 
516 765 905 
517 4190 
518 2744 
519 4214 
520 
521 808 
522 554 769 
523 574 1826 4114 
524 736 
525 526 964 2963 3708 4104 
526 612 622 760 
527 3989 
528 911 1007 2410 
529 578 863 884 928 935 
530 970 4776 
531 795 2790 
532 535 763 776 947 
533 864 4392 
534 986 2781 3494 
535 539 770 845 4642 
536 1509 
537 713 3991 
538 
539 671 960 
540 842 3208 
541 4773 
542 679 2343 2361 2473 
543 703 1962 
544 755 906 913 3206 4590 
545 568 836 861 4211 
546 
547 2268 2639 3890 3972 
548 839 887 2702 3669 4420 
549 712 2491 
550 2460 2737 4608 
551 914 970 4412 
552 872 2546 
553 980 4785 
554 4862 
555 864 1064 3938 
556 3493 4410 
557 872 999 1439 2782 3067 
558 678 762 764 881 
559 
560 996 1195 2386 
561 764 836 1475 1533 
562 604 954 3657 
563 688 737 
564 
565 609 783 1095 1587 
566 
567 771 
568 951 984 1344 1736 
569 646 
570 1425 2156 
571 851 865 
572 1640 3745 4150 4429 
573 721 1515 
574 637 771 817 3953 
575 863 926 976 1863 
576 3375 3636 
577 682 2311 
578 882 1468 1826 2371 3728 
579 619 707 758 997 
580 809 1221 3181 
581 725 771 
582 756 
583 599 658 2639 
584 870 1848 
585 893 1177 
586 3656 
587 715 758 910 927 2198 3330 
588 3195 
589 732 4563 
590 602 815 863 950 2320 4358 
591 870 1523 2663 
592 925 1555 3087 
593 792 3354 
594 
595 607 
596 
597 633 3463 4811 
598 770 1649 1899 
599 4114 4176 
600 2992 4424 
601 887 1923 3428 
602 872 912 
603 1101 4158 
604 794 797 
605 818 3268 
606 818 
607 928 943 4013 
608 644 733 867 931 
609 822 1612 3871 
610 4242 
611 737 883 
612 731 
613 638 922 2447 
614 646 796 
615 739 
616 
617 910 
618 724 922 2885 2894 
619 2967 3413 
620 2127 2293 4419 
621 942 992 1375 4467 
622 849 963 3055 
623 
624 763 795 4210 4499 
625 1245 2084 
626 4249 
627 683 
628 832 4591 4837 
629 979 3498 3578 4536 
630 860 887 2126 4295 
631 729 1037 3018 4959 
632 994 1252 
633 2830 
634 1598 
635 1125 3196 
636 
637 638 885 886 913 
638 862 941 992 2097 
639 693 907 1851 3744 
640 747 958 2906 
641 761 4001 
642 851 888 945 4245 
643 774 848 4427 
644 661 1115 1248 2270 
645 1025 4376 
646 804 2443 
647 697 1737 
648 810 1010 1865 1941 2733 
649 733 1386 2791 3725 4473 
650 976 1967 3993 
651 4175 
652 711 3072 
653 
654 960 4458 
655 724 797 3058 4614 
656 945 1949 
657 3651 4580 
658 962 1654 1873 4152 
659 809 939 2180 
660 863 
661 893 
662 3721 
663 
664 861 
665 
666 
667 698 
668 775 1407 3433 
669 
670 692 
671 746 750 966 2405 
672 1470 4536 
673 4443 
674 708 4200 
675 952 
676 1056 1683 
677 736 929 1881 3320 
678 2507 4748 4827 
679 3269 4370 4437 
680 774 926 947 2611 4793 
681 2927 3673 
682 4842 
683 771 3909 4062 
684 890 1998 4935 
685 2110 2589 
686 806 854 3578 
687 941 3892 
688 853 2068 
689 
690 967 3151 
691 742 3244 
692 718 719 3718 
693 966 
694 855 989 2330 
695 2307 2662 3663 3923 
696 727 
697 834 
698 1021 2283 4314 4805 
699 2083 3897 4101 
700 853 860 944 2704 
701 922 937 
702 787 
703 2083 3207 
704 1861 
705 935 2367 
706 
707 2263 
708 
709 2004 
710 781 
711 2981 
712 720 1387 3661 
713 
714 815 841 847 881 4225 
715 
716 2091 
717 906 4786 
718 
719 933 1903 2136 
720 927 
721 889 1639 
722 749 
723 740 898 
724 736 746 
725 964 1532 1662 2138 4504 
726 893 949 999 
727 788 4067 
728 2637 4272 
729 1565 2088 3874 
730 
731 966 999 3371 3670 
732 805 
733 911 1745 
734 1372 4619 4728 
735 
736 878 3386 
737 847 1910 2924 
738 
739 2059 
740 941 1365 2111 4337 4911 
741 
742 
743 934 1334 3560 4173 4934 
744 2286 3541 
745 942 3631 
746 748 838 1621 
747 1459 2405 3059 
748 795 2332 
749 822 905 2163 3801 
750 1194 1563 4887 
751 793 974 
752 
753 766 808 
754 909 1782 
755 2494 4025 
756 783 2975 
757 796 848 4320 
758 
759 
760 853 
761 984 2840 2997 
762 1378 1466 1800 
763 2955 
764 
765 941 1494 2869 3362 
766 1305 2104 3102 
767 1579 1595 
768 808 1570 
769 3180 4295 
770 1155 3175 4917 
771 2773 2787 
772 976 3398 3818 
773 
774 
775 1724 2640 
776 857 2689 4026 
777 4368 
778 953 
779 894 2103 
780 830 1379 3614 
781 868 2847 
782 
783 903 2793 2889 
784 3084 
785 888 4603 
786 1839 
787 1585 3730 
788 3542 
789 
790 988 2428 4593 
791 4727 
792 964 967 
793 3717 4290 
794 
795 
796 3000 3423 
797 945 3945 
798 938 1112 1671 3067 4723 
799 
800 821 979 3909 
801 3715 
802 
803 954 
804 3484 
805 916 1026 1394 
806 4433 4539 
807 
808 926 3416 
809 
810 871 1657 2246 3496 
811 2811 
812 
813 2210 
814 937 
815 899 1080 
816 4320 
817 923 940 
818 
819 2071 4661 4976 
820 
821 1642 1857 4446 
822 991 
823 1914 
824 906 1963 4195 
825 949 998 2144 3399 
826 1646 
827 3327 
828 2130 
829 
830 
831 3016 
832 2186 2918 
833 
834 1808 
835 1726 
836 
837 905 998 1349 2418 3596 
838 858 
839 1950 2284 2897 3127 
840 2393 
841 946 
842 998 1643 
843 1589 
844 992 2806 3754 
845 4739 
846 1052 1157 1934 1949 2244 4579 
847 1282 
848 3078 4783 
849 4069 
850 1987 4065 4644 
851 4097 
852 860 
853 962 2901 4215 
854 3839 
855 1691 4750 
856 
857 
858 880 1334 3435 4098 
859 1049 3016 
860 3068 3200 4073 
861 1689 2024 4721 
862 3237 4652 
863 956 4355 4955 
864 953 972 
865 3525 3713 
866 951 
867 901 1359 2586 
868 2121 
869 3496 
870 947 2316 
871 1093 1330 3714 4349 
872 2690 
873 2626 
874 1183 3379 
875 4007 
876 
877 3637 4645 
878 4867 
879 2267 4158 
880 1907 2441 3776 4190 
881 975 3130 4136 4551 
882 3730 
883 1880 
884 3393 
885 2805 3928 
886 2330 
887 1614 3416 
888 
889 2143 
890 2745 
891 2776 3955 
892 932 2922 
893 2389 4908 
894 2313 4826 
895 1143 2949 3663 4270 
896 1217 3225 
897 4243 
898 
899 
900 971 4903 
901 1441 1961 
902 950 1901 
903 
904 1711 
905 917 
906 917 
907 947 4158 4345 
908 3169 4551 4664 
909 
910 1314 
911 940 4694 
912 
913 
914 2981 
915 988 3672 
916 927 
917 
918 1772 2409 3897 4074 
919 
920 1441 2106 
921 4285 
922 3119 3884 
923 3608 4298 
924 981 2502 2798 
925 1059 2312 
926 2667 4846 
927 967 2737 4075 
928 997 2215 3110 3778 
929 
930 
931 2338 3792 
932 
933 1796 
934 2881 
935 1783 
936 
937 
938 987 3065 
939 951 3084 4746 
940 2582 3124 4876 4935 
941 
942 
943 990 1481 
944 4765 4828 
945 2128 4286 
946 1645 
947 
948 2749 3025 3671 4811 
949 2825 4231 
950 4225 
951 975 
952 982 1322 
953 1597 
954 4743 
955 3211 
956 2627 
957 2524 
958 990 1256 
959 4588 
960 984 3044 
961 1311 
962 
963 994 2013 
964 
965 2620 3404 
966 990 1420 2376 
967 
968 
969 1007 4151 
970 1376 
971 
972 1552 1754 2158 
973 3569 3652 4544 
974 993 3249 
975 
976 1736 2118 4907 
977 4496 
978 
979 
980 
981 1145 
982 2724 4559 
983 1226 1836 
984 3709 
985 4709 
986 2249 2410 3106 4975 
987 1262 1935 3322 4955 
988 4348 
989 
990 2810 3402 4201 4911 
991 1432 3740 
992 4018 
993 1264 4425 
994 2493 
995 2359 3103 4213 
996 
997 4811 4838 
998 2717 
999 2563 4907 
1000 1760 1786 
1001 1247 1573 1678 1916 1977 
1002 1498 2777 
1003 1140 1300 1494 
1004 1066 1094 1518 1947 2353 3602 4839 
1005 1203 1238 1486 3126 4042 4117 
1006 1357 1554 4702 
1007 1180 1291 1575 1752 
1008 1010 1240 1258 1396 1622 1896 1923 2341 
1009 1059 1169 1792 2846 4632 
1010 1250 1769 1781 
1011 
1012 1115 1646 4615 
1013 1139 1159 
1014 1686 
1015 1168 1358 1408 1440 1781 1823 1963 
1016 1206 1549 1757 1868 2168 2987 4318 
1017 1171 1613 1760 3966 
1018 1157 1342 1712 2667 
1019 1948 4216 4500 
1020 1223 1419 1670 1697 4064 
1021 
1022 2011 2384 
1023 1422 1643 1870 1999 3136 
1024 1164 3797 
1025 1231 1332 1690 1723 2216 3627 
1026 1173 1919 1953 
1027 1035 1246 1469 2914 
1028 1729 1835 1863 
1029 1238 4188 
1030 1171 1183 1849 2596 
1031 1080 1176 1554 1817 
1032 1491 1665 1684 1705 1783 2532 
1033 1058 1061 1267 1301 1465 
1034 1956 
1035 1454 1818 3802 
1036 1551 1942 
1037 3710 
1038 1640 1953 
1039 1269 1758 4858 
1040 1116 1229 1609 1680 1962 
1041 1453 1730 1920 
1042 1954 
1043 1297 1548 1759 4438 
1044 1312 3421 4717 
1045 1201 1883 
1046 1054 1166 1263 1360 1394 1630 1632 1872 1993 3970 
1047 1110 1840 3937 
1048 1190 1372 1980 
1049 1275 
1050 1075 1339 1441 1446 1716 1938 1965 
1051 1099 1808 2229 2355 
1052 1144 1404 1744 1865 3942 4073 
1053 1166 1470 1552 3439 3869 
1054 3834 
1055 1623 2201 
1056 1435 1650 1758 1867 
1057 1320 1433 1586 1603 1846 4110 
1058 1192 1401 1913 
1059 1526 1632 4032 
1060 1769 3498 3643 
1061 1230 1639 1734 
1062 2150 
1063 1425 1965 3488 
1064 1150 1439 1458 1627 1852 1890 1892 1906 4154 4951 
1065 1796 1808 1946 
1066 1157 1344 1914 1917 1985 
1067 1829 
1068 1746 
1069 1785 1913 3338 4069 4205 
1070 3581 3993 
1071 1143 1448 1933 1954 2454 3563 
1072 1924 4484 
1073 1202 1206 1376 1381 1427 1524 1672 3112 3225 
1074 1403 1480 1573 1719 
1075 1481 1712 2496 4730 
1076 1586 1881 
1077 1962 
1078 1356 1627 
1079 1107 1788 4510 
1080 1081 1086 1165 1423 1749 1854 1952 1977 2018 2379 
1081 1937 2502 
1082 1190 1562 1715 1863 1902 3216 
1083 1413 1471 3605 
1084 2109 
1085 1376 3355 
1086 1512 1755 1765 1807 
1087 1168 1875 1922 1927 
1088 1210 1520 1685 1772 3180 4124 
1089 1308 1421 1805 
1090 1327 1778 1815 1986 3181 
1091 
1092 1220 1348 1361 4805 
1093 1160 1257 1411 1477 
1094 1303 1513 2795 
1095 1447 1498 1624 
1096 1284 1671 3300 
1097 1337 1619 1758 3518 3569 4268 
1098 1859 1962 
1099 1426 2323 3887 
1100 1152 1855 
1101 1316 1418 1814 2617 
1102 1209 1787 1829 2680 3089 3264 
1103 1343 1799 1866 1924 
1104 1554 1682 3131 4389 
1105 1729 1832 
1106 1394 1823 1901 
1107 1255 3534 4668 4958 
1108 1159 1431 
1109 1250 1260 1497 1524 1774 2142 
1110 1738 1862 3401 3987 
1111 1249 1271 1352 1509 1523 1734 
1112 1248 1402 1498 1511 1946 1954 2810 
1113 1268 2244 
1114 1201 2074 3928 
1115 1240 1288 1337 1440 1553 1875 3994 
1116 1248 1482 1744 2507 2594 3600 
1117 1177 1250 1416 
1118 3797 4302 
1119 1304 1719 1767 3261 3762 4628 
1120 1158 1434 1490 4224 
1121 1700 2214 
1122 1403 1834 2400 
1123 1464 
1124 1268 1769 1819 1928 
1125 1395 1407 1715 1733 1907 
1126 1506 1529 1791 
1127 
1128 1366 
1129 
1130 1480 2245 
1131 1637 1922 2625 4941 
1132 1319 1672 1766 1984 
1133 1324 
1134 1470 3562 
1135 1756 1795 2688 4530 
1136 1493 1555 
1137 1220 1982 
1138 1270 1673 2776 
1139 1327 1473 4456 
1140 1353 1460 1931 
1141 2442 
1142 1586 1750 1860 
1143 1204 1238 1856 1894 1932 
1144 1452 1820 1926 
1145 1204 1275 1470 1522 1558 1607 1846 
1146 1996 2377 
1147 1971 3811 4900 
1148 1180 1972 
1149 1655 
1150 1164 1544 2011 2577 3948 
1151 1254 1559 1584 1740 3633 
1152 
1153 1939 2231 
1154 1419 
1155 1628 3578 
1156 1376 4301 
1157 1533 1716 1857 1902 1913 
1158 1487 1488 2327 
1159 
1160 1188 1293 1592 1914 2216 4261 
1161 1294 1440 1882 1925 1973 
1162 1883 1960 2531 2830 
1163 1424 1760 1980 2755 
1164 1219 1312 1611 1654 1901 4458 
1165 1204 1251 1590 1658 3082 
1166 1636 
1167 1292 1449 1489 
1168 1309 1458 1510 3764 
1169 1205 1769 1845 1939 3326 
1170 1513 1598 1788 
1171 1349 1726 2753 
1172 1646 1727 1879 1933 
1173 1711 1753 
1174 1244 1556 4076 
1175 1619 1686 4970 
1176 1273 1605 1778 1823 1990 4623 
1177 1224 1268 1293 1374 1588 
1178 1226 1367 1592 1686 1795 2415 
1179 1246 1641 4845 
1180 1277 1823 3101 3159 4399 
1181 1301 1769 4728 
1182 
1183 1934 
1184 1748 
1185 1896 4106 
1186 3064 4534 
1187 1671 1792 1848 1857 4679 
1188 3556 4726 
1189 1331 1483 
1190 1848 1952 4452 
1191 1428 1814 3393 
1192 1309 2726 4789 
1193 1518 1623 1832 
1194 1589 2397 2611 
1195 1399 1822 1912 4662 
1196 
1197 1689 1829 4834 
1198 1676 1767 
1199 1530 2617 
1200 1422 1835 4988 
1201 1997 2269 
1202 1330 1349 1838 1954 2886 
1203 1247 1607 1815 2487 4066 4312 
1204 1335 1905 4803 
1205 1241 1370 1688 4135 
1206 1297 1597 1616 1734 2242 3090 3468 
1207 1250 1521 1765 
1208 1725 1777 2086 
1209 
1210 1269 1381 1556 1572 1729 
1211 1357 2396 
1212 1315 1547 1805 2832 3514 
1213 1651 1664 2965 
1214 1425 1449 1642 1851 1953 3199 
1215 
1216 1379 1556 1585 1886 1967 
1217 1427 1820 1909 2403 3392 4797 
1218 1411 1665 1707 1991 4572 
1219 1309 1416 1626 1960 
1220 1396 1662 
1221 1311 1746 3759 
1222 1353 1360 
1223 1410 1441 
1224 1287 1769 1953 4597 
1225 1400 1857 1989 3127 
1226 1248 2038 2898 
1227 1635 1701 2680 4428 
1228 1352 2403 2939 
1229 1459 1524 1684 1726 
1230 1236 1340 1442 1555 1569 1649 3307 
1231 1875 3472 
1232 1987 
1233 1998 
1234 1243 1484 1563 3640 4922 
1235 1312 1708 1961 
1236 1392 1701 1744 1765 3385 
1237 1376 1570 1649 1816 3615 
1238 1525 1537 
1239 1427 1653 3016 4992 
1240 1584 4017 
1241 1398 1507 2331 3332 
1242 
1243 1449 1909 1933 2525 3411 
1244 1916 
1245 1273 1614 1710 1735 1820 
1246 1348 2457 3284 
1247 1415 1634 1646 1808 1878 
1248 1336 1921 1971 2298 4765 
1249 1702 
1250 1362 3062 
1251 1608 1638 1695 1704 1785 1910 2668 
1252 1307 1971 3190 4737 
1253 1261 1579 
1254 1382 1395 1703 1904 1919 1963 2107 3396 
1255 1533 1787 1860 
1256 1354 1614 1670 1989 
1257 1333 1623 4039 
1258 1275 1648 1720 1776 2333 2883 
1259 1265 1686 1853 
1260 4161 
1261 1310 1508 3148 
1262 
1263 
1264 1435 
1265 1735 1749 1977 
1266 1557 1670 1875 1914 2470 
1267 1481 1870 3015 3992 
1268 1420 1673 
1269 3464 
1270 1310 1854 
1271 1442 1849 2801 3511 
1272 4698 
1273 1865 2116 
1274 1535 
1275 1444 1657 1950 2289 4196 
1276 1451 1792 4059 
1277 1586 
1278 1711 2532 
1279 1552 2207 4150 
1280 1312 1767 1813 2329 3441 4069 4914 
1281 1287 1394 1553 1815 1821 2962 4021 
1282 1702 1953 
1283 1512 1986 
1284 1413 
1285 1787 2911 
1286 1736 1963 
1287 1975 
1288 1330 1901 4296 
1289 1565 1612 1714 2932 4299 
1290 1294 1347 1579 1787 1793 1798 2370 
1291 1633 1999 2463 
1292 1969 
1293 1669 1732 
1294 1350 2639 3541 
1295 1324 1418 1983 
1296 1575 1605 1915 1948 
1297 1505 1724 3294 
1298 1659 1743 2506 
1299 1340 1791 3142 
1300 1413 2044 3344 4389 
1301 
1302 1942 
1303 1574 1697 
1304 1595 1728 2469 
1305 1559 
1306 1882 4004 4150 
1307 1328 1485 1946 3827 
1308 
1309 1735 
1310 1400 2928 3488 
1311 1492 1653 1819 1853 1874 3647 
1312 1463 1979 
1313 1472 1743 1800 1869 1946 
1314 
1315 1661 1662 1853 
1316 1357 1425 1690 1900 
1317 1422 1640 1724 1749 2788 2885 
1318 1356 1442 1717 4897 
1319 1399 1474 
1320 1433 1558 1753 4120 
1321 1679 4646 
1322 1335 1489 1818 1844 2545 4286 
1323 1849 1869 3232 4614 
1324 1510 1629 1795 
1325 1364 1653 3735 
1326 1416 1451 1727 1812 
1327 1797 3365 
1328 1400 1564 
1329 1420 1636 1758 
1330 1589 1867 1933 1945 3521 4468 
1331 1983 2375 
1332 1484 1607 1709 1912 1988 
1333 1472 1646 1964 
1334 3134 
1335 1410 1621 2563 
1336 1379 1383 1491 
1337 1484 1582 1815 
1338 1461 1502 1557 1749 2620 
1339 3208 4553 
1340 1885 2013 
1341 1475 1563 
1342 1355 1911 3465 
1343 1696 1873 
1344 1786 1853 1909 3675 4652 
1345 1575 1960 
1346 2244 3849 
1347 1426 
1348 1455 1609 1694 3253 4394 
1349 1555 1892 2178 3088 
1350 1510 1642 1692 1725 2238 2524 
1351 1533 4690 
1352 1930 3390 
1353 1417 1538 1661 
1354 1523 1654 
1355 1692 1761 1839 3407 
1356 1583 1722 
1357 1543 1657 3385 
1358 2359 
1359 1620 1743 1874 2709 4627 
1360 1513 1790 
1361 1521 1849 1904 1910 
1362 1770 
1363 1685 1932 3070 3447 
1364 1651 2989 
1365 1525 1827 
1366 1808 
1367 1422 3227 3605 
1368 2735 3130 3643 3900 
1369 1413 4848 
1370 1880 
1371 1779 3919 
1372 1456 3944 
1373 1655 1820 
1374 1625 
1375 1584 4936 
1376 3932 
1377 1526 1680 1907 2117 
1378 1382 1653 1784 2226 2601 
1379 1390 3740 
1380 1454 1487 1588 1702 1723 1800 4448 
1381 1617 2165 2732 
1382 1913 3865 4148 
1383 1678 1715 3107 3318 
1384 1612 1775 1917 4396 4921 
1385 2140 
1386 1646 1796 1901 2665 
1387 1587 1623 1783 3740 3770 
1388 1726 1763 4089 
1389 1415 1832 4859 
1390 1455 1718 1736 1971 
1391 1491 1786 2317 3003 4793 
1392 1722 1805 1960 
1393 1477 1836 
1394 1522 1556 1899 1957 3772 
1395 
1396 1417 1525 
1397 1573 1848 1868 1961 2770 3136 4856 4899 
1398 1512 1735 1775 4030 4142 
1399 1451 1786 3103 4690 
1400 1527 1578 1592 1616 1900 1980 3759 
1401 1413 1821 4850 
1402 1495 1651 1942 4074 4203 
1403 1941 
1404 1408 1980 2749 4175 4404 
1405 1713 1830 
1406 1631 1685 2516 
1407 1586 
1408 1413 1523 3932 
1409 1720 1742 3787 
1410 1513 1554 1629 1667 
1411 2421 
1412 1490 1996 
1413 1946 
1414 1653 1913 3056 4620 
1415 1624 1781 
1416 1544 3989 
1417 1425 2886 
1418 1752 1769 1920 2610 4943 
1419 1596 4943 
1420 1624 1995 
1421 1547 1591 1733 1957 
1422 
1423 4182 
1424 1834 
1425 1730 3965 
1426 
1427 1448 1624 1660 1916 4257 
1428 4686 
1429 1590 3793 
1430 1802 1809 2882 
1431 1468 1998 
1432 1633 4050 
1433 1787 2027 3639 
1434 1514 2884 
1435 1571 1581 
1436 1701 1706 1749 1826 2350 
1437 2592 
1438 1622 1721 3929 
1439 1506 2106 2510 
1440 1567 1780 1784 1880 1999 4265 
1441 1928 
1442 1496 3032 
1443 1684 
1444 1886 1919 1924 1961 4853 
1445 1451 2616 
1446 
1447 1492 
1448 1990 
1449 2483 3758 4389 
1450 1659 1849 
1451 1699 1848 
1452 4837 
1453 1491 1930 2344 
1454 1548 1571 1872 1901 3969 4608 
1455 2594 
1456 1556 1657 
1457 1622 1700 1856 4353 
1458 1617 1644 1679 1697 
1459 1576 1716 2277 
1460 1665 1872 4326 
1461 1465 4554 
1462 1512 1938 2750 2756 4469 
1463 1737 
1464 1580 1642 3450 
1465 
1466 1750 1818 1912 2949 
1467 1918 3334 3411 
1468 1498 1784 1805 1987 4181 4473 
1469 2905 
1470 1753 1922 3562 
1471 1790 3944 
1472 1744 1933 
1473 
1474 1623 3890 4511 4946 
1475 2579 3446 
1476 1527 
1477 1731 1740 1798 1941 
1478 1581 1649 1693 1764 1825 
1479 1759 4272 
1480 1735 1885 
1481 1692 1697 
1482 4088 
1483 1518 1565 1724 1737 1820 
1484 1818 
1485 3242 
1486 1546 1875 3353 4373 
1487 1552 1683 1770 1806 
1488 1680 1737 1914 
1489 1595 1619 1639 1788 1969 4142 
1490 
1491 1700 1836 4822 
1492 
1493 2649 3969 
1494 4444 
1495 3929 4511 
1496 1566 1882 
1497 1500 1608 3425 
1498 1683 4640 
1499 4127 
1500 1773 2882 
1501 1957 2495 4198 
1502 1638 2758 
1503 1659 4713 
1504 
1505 
1506 1568 1719 
1507 2210 2392 
1508 1768 1931 2368 
1509 2835 3176 3720 4606 
1510 1677 
1511 1652 1681 1933 
1512 1695 1963 2034 
1513 1530 1602 4275 
1514 1545 1778 1926 
1515 1546 2325 3268 3912 
1516 1517 1744 1823 1862 1905 
1517 1788 1813 3771 4635 
1518 1838 
1519 1632 1892 
1520 1805 1895 
1521 1804 3239 
1522 1583 1841 2339 
1523 2492 3283 
1524 1813 1964 1981 
1525 1776 1875 2157 3336 
1526 1614 1645 3095 
1527 1580 1736 
1528 1751 1797 
1529 1860 
1530 2114 
1531 1867 
1532 1829 
1533 1652 3536 
1534 1931 
1535 2919 
1536 1893 
1537 1793 3760 4988 
1538 1607 4744 
1539 1668 1738 
1540 
1541 
1542 1703 1912 
1543 1944 4962 
1544 1846 
1545 2286 2630 
1546 1717 1830 3696 
1547 1931 
1548 3371 3569 
1549 1675 1719 1727 1875 1968 2247 3340 
1550 1822 
1551 1755 
1552 1708 1958 4927 
1553 1809 2530 2913 
1554 1814 3316 4016 
1555 1565 1632 
1556 1926 3428 3786 
1557 1637 1778 3249 
1558 1705 4428 
1559 1901 2228 4842 4915 
1560 
1561 1589 1687 1847 1916 
1562 1740 2205 
1563 1769 1935 4390 
1564 1928 3838 4818 
1565 1578 1588 1619 1681 1846 1897 
1566 2374 
1567 1838 3602 
1568 1614 1735 3765 
1569 1572 1573 1627 1823 1856 2694 3101 
1570 1734 1841 1907 2560 
1571 1963 
1572 1866 1954 
1573 
1574 1661 1840 2112 2520 4148 4795 
1575 3359 
1576 1582 
1577 1617 1621 1657 
1578 
1579 2995 3259 
1580 
1581 1748 2367 
1582 1602 1827 1853 
1583 1650 
1584 1586 1789 4664 
1585 
1586 1614 1693 3826 
1587 1904 2084 2710 
1588 1605 1612 
1589 3893 4047 
1590 1677 
1591 3911 
1592 1683 1684 1885 3189 4018 
1593 1902 
1594 4946 
1595 3192 
1596 1608 1789 4269 4367 4693 
1597 1714 1779 1853 1891 1904 1934 
1598 1751 
1599 1653 
1600 4470 
1601 1637 1696 3386 4936 4942 
1602 1645 
1603 1611 1775 1897 
1604 1657 
1605 1609 1911 
1606 4303 
1607 2882 
1608 1689 1733 
1609 1985 
1610 1930 
1611 1636 1961 3664 3686 
1612 1664 2950 
1613 1677 
1614 1810 1912 
1615 1680 1694 4782 
1616 
1617 1694 4664 
1618 1986 4351 
1619 
1620 1656 
1621 
1622 1695 2254 4389 
1623 1683 1762 1925 
1624 1837 1971 
1625 1838 4652 4662 
1626 1735 4571 
1627 1967 4033 
1628 2397 
1629 1654 1746 2234 2419 3912 
1630 1671 
1631 1714 
1632 1704 1752 1945 
1633 1826 1930 
1634 1755 1897 4462 
1635 1831 1989 
1636 1914 1973 2450 
1637 2817 3033 
1638 
1639 1767 1819 
1640 2180 
1641 2352 
1642 1690 1702 1920 1981 
1643 2153 2809 
1644 1985 4108 
1645 1846 1905 1943 
1646 1858 1936 2766 
1647 1784 1908 
1648 
1649 
1650 1721 1960 2620 
1651 3473 4536 4640 
1652 1769 1800 1928 1940 3455 3985 
1653 1954 4465 
1654 1839 3606 4943 
1655 1752 1856 2013 
1656 1707 1718 1792 1850 1890 3343 
1657 1719 
1658 1998 
1659 1761 1890 1973 
1660 3393 
1661 1777 1923 3624 3934 
1662 1704 
1663 1934 3288 4398 
1664 
1665 
1666 1705 
1667 1855 4893 
1668 4260 4533 
1669 3757 4610 
1670 
1671 3274 
1672 1709 1734 1826 
1673 4180 
1674 1773 1796 1843 1859 3713 
1675 
1676 1873 2499 
1677 3758 4721 
1678 1820 1866 2344 3803 
1679 2220 2642 
1680 
1681 1747 
1682 3311 4034 
1683 1791 2444 
1684 3014 
1685 1800 1993 
1686 1796 3910 4501 
1687 4326 4414 4999 
1688 
1689 3185 
1690 1776 1904 2130 
1691 1856 3898 
1692 4372 
1693 1960 3698 4639 
1694 2682 
1695 3351 
1696 1905 2255 
1697 1959 3169 
1698 2642 2954 
1699 
1700 1818 2696 3173 
1701 1718 1876 1966 
1702 1921 3617 
1703 
1704 1710 4749 
1705 1939 
1706 1872 
1707 1740 1865 2675 
1708 1925 
1709 1801 1833 2108 2209 3358 
1710 
1711 
1712 1820 1825 
1713 1754 4342 4692 
1714 
1715 1736 2031 
1716 3736 3774 
1717 
1718 
1719 1779 
1720 2276 
1721 4289 
1722 1795 1869 2338 3395 
1723 1810 2180 
1724 1918 
1725 1894 
1726 
1727 
1728 1915 
1729 
1730 2187 4265 4634 
1731 1831 1892 2105 2481 
1732 1758 3356 3412 
1733 
1734 1772 2574 3729 
1735 1806 1858 
1736 1760 1841 1911 
1737 1876 2362 2812 
1738 1786 
1739 
1740 4254 
1741 1833 
1742 
1743 
1744 1830 1972 4090 
1745 1995 2509 2783 3610 3844 
1746 
1747 3314 
1748 1881 1993 4323 
1749 2067 2959 3192 4531 
1750 1908 2166 
1751 3547 
1752 1882 3361 
1753 2439 4469 
1754 1894 1958 
1755 1824 1946 
1756 1870 1962 
1757 1909 1978 
1758 1896 3703 
1759 1987 3318 
1760 1846 
1761 4531 
1762 1826 2387 
1763 3758 
1764 
1765 1848 4685 
1766 1885 4822 
1767 3833 
1768 
1769 3580 4094 
1770 
1771 2196 4360 
1772 1796 1831 
1773 1808 1875 2257 2705 
1774 1920 1944 4174 4996 
1775 1871 
1776 2156 2336 
1777 
1778 1841 1935 2569 4598 
1779 3194 
1780 2947 
1781 2300 
1782 2709 3505 
1783 1867 3519 
1784 2020 
1785 2162 2455 
1786 2215 2452 
1787 1935 
1788 
1789 1825 3741 
1790 2425 2488 3017 
1791 1896 
1792 4220 
1793 1871 1943 1999 3667 
1794 2986 
1795 1879 4934 
1796 
1797 2566 3991 
1798 1952 2090 
1799 3711 
1800 3156 
1801 4744 
1802 1859 1870 
1803 1834 1963 1982 
1804 1916 3046 4136 4226 
1805 1971 
1806 
1807 
1808 4586 4888 
1809 
1810 
1811 1857 
1812 1840 2460 
1813 2620 4718 
1814 4836 
1815 2661 
1816 3837 3839 
1817 1818 2834 4508 
1818 
1819 1881 2064 
1820 2868 3130 
1821 1949 2275 
1822 1880 
1823 1966 2307 
1824 1931 1936 3126 
1825 1962 3514 
1826 
1827 1899 2904 
1828 
1829 1876 2514 3692 
1830 1941 2528 2761 
1831 2574 
1832 2833 
1833 1940 2962 3594 
1834 3681 4073 
1835 1839 1898 
1836 2575 2707 4957 
1837 1914 1993 
1838 1855 3547 4201 
1839 2486 3694 
1840 
1841 1926 4923 
1842 
1843 1958 1979 
1844 2782 3107 
1845 4206 
1846 1879 3385 4599 
1847 2635 4183 4554 
1848 3075 4481 
1849 4364 
1850 1891 2543 4752 
1851 1964 1977 3956 4537 4934 
1852 
1853 1900 4388 
1854 4406 
1855 2512 
1856 3253 4707 
1857 1976 
1858 3216 3711 3849 4987 
1859 1944 3287 4371 
1860 1957 
1861 
1862 4704 
1863 1920 4710 4825 
1864 1956 4221 
1865 
1866 1939 
1867 
1868 3821 3905 
1869 2798 3822 4025 4226 
1870 2262 
1871 1874 1880 4821 
1872 1997 3556 
1873 3703 
1874 2698 
1875 1931 
1876 1965 3293 
1877 2880 4631 4658 
1878 4343 
1879 
1880 2014 2522 4327 
1881 1894 1923 3251 3887 4687 
1882 1923 4211 
1883 2492 3548 3736 4160 
1884 4264 
1885 4565 
1886 1913 4820 
1887 3371 4726 
1888 1897 3284 4630 
1889 4014 
1890 2609 
1891 2718 4525 
1892 
1893 4959 
1894 2193 
1895 2237 
1896 3433 
1897 
1898 2583 2893 4368 
1899 2384 
1900 2288 2958 
1901 3024 
1902 4105 
1903 
1904 3270 
1905 2933 4776 
1906 1952 
1907 4262 
1908 
1909 3786 
1910 3308 
1911 1990 
1912 
1913 3183 
1914 2483 
1915 2747 3283 
1916 3051 
1917 2539 
1918 2447 
1919 1973 2420 3774 
1920 1973 4498 
1921 2906 
1922 2816 
1923 2141 4094 
1924 4952 
1925 2931 4098 4720 
1926 4035 
1927 
1928 4002 4437 
1929 4156 
1930 1972 
1931 4142 4405 
1932 1978 4934 
1933 4515 
1934 2709 3760 
1935 2528 
1936 1985 3858 
1937 
1938 3420 
1939 3546 
1940 4304 
1941 4560 
1942 
1943 4926 
1944 
1945 3759 
1946 2509 
1947 2261 3956 4849 
1948 2000 2425 
1949 
1950 2413 3062 
1951 
1952 3456 3947 
1953 
1954 4070 
1955 
1956 1962 3717 
1957 2473 
1958 
1959 4676 
1960 1974 
1961 3094 3896 
1962 3724 
1963 4383 
1964 
1965 1967 4699 
1966 
1967 4794 
1968 
1969 
1970 
1971 2663 3220 
1972 3342 3954 
1973 
1974 4226 4643 4995 
1975 4517 
1976 
1977 
1978 
1979 3007 
1980 3820 
1981 3901 
1982 3027 3628 
1983 2141 
1984 2742 
1985 
1986 
1987 
1988 
1989 2928 3715 3980 
1990 1995 4440 
1991 
1992 
1993 3826 
1994 2318 2319 3702 
1995 
1996 2772 
1997 4814 
1998 4670 4788 
1999 2030 
2000 2438 2609 2655 2984 3506 
2001 2252 2598 
2002 2083 2151 2774 2970 
2003 2120 2165 
2004 2124 2249 2543 2567 2998 3320 4027 
2005 2028 2671 
2006 2179 2901 
2007 2267 2684 2952 3300 4833 
2008 2459 2508 2681 2768 2811 2868 
2009 2330 2711 2917 2964 3089 
2010 2186 2212 2732 3120 3662 
2011 2014 2038 2060 2236 2342 2647 2996 4349 4412 4769 
2012 2515 2640 2712 2882 
2013 2444 4754 
2014 2362 2558 2654 2895 4450 
2015 2727 2888 3150 
2016 2160 2323 2537 
2017 2045 
2018 2188 2403 3142 4002 
2019 2454 2567 2664 
2020 
2021 2297 2362 2390 2491 2682 
2022 2089 2881 2934 
2023 2109 2543 
2024 2393 2999 
2025 2305 
2026 
2027 2107 2179 2573 2803 2876 
2028 2259 2275 2306 2453 2780 2861 3848 
2029 2116 2139 2565 3974 
2030 2710 2983 4211 
2031 2051 2180 2684 2713 2911 4426 
2032 2265 2394 2997 
2033 2219 2614 
2034 2209 2406 
2035 2561 3015 
2036 2255 2359 2599 4039 4973 
2037 2110 2157 2618 2792 
2038 2081 2096 2658 2879 
2039 2103 2113 2289 2548 3840 
2040 2200 2305 2336 2824 2902 2938 4481 
2041 
2042 2181 
2043 2143 2261 2601 
2044 2056 2146 2276 2482 2664 2981 
2045 2068 2211 2290 3479 
2046 2104 2769 
2047 
2048 4089 4170 
2049 2370 
2050 2929 2989 
2051 2068 2795 2918 3728 
2052 2101 2296 2811 2907 2956 
2053 2290 
2054 2322 2326 2354 2467 2706 
2055 2761 2771 2909 
2056 
2057 2146 2774 2822 4301 
2058 2196 2357 2900 3115 
2059 2281 2854 2892 
2060 2277 2725 2894 
2061 2148 2213 2581 2749 2944 3771 
2062 2810 2900 3317 
2063 2142 2180 2440 2563 2828 2941 3731 4871 
2064 2363 2711 2832 2951 2975 4835 
2065 2361 2768 3702 
2066 2509 2744 2782 2808 2897 
2067 2714 4016 
2068 2107 2328 2496 2556 2733 2823 
2069 4413 
2070 2519 2627 2636 
2071 2341 2715 2896 2912 
2072 2248 3102 
2073 2260 2333 2903 2959 
2074 2309 
2075 2117 2265 2409 
2076 
2077 2527 2860 
2078 2255 2826 
2079 2385 2773 4650 
2080 2320 
2081 2256 2936 3428 
2082 2113 2233 2364 2512 2653 
2083 2149 2289 2399 2673 
2084 2103 2220 2581 2967 
2085 2830 
2086 2262 2744 2928 
2087 2432 2700 2738 2779 
2088 2916 3247 3255 
2089 2189 2345 2490 2495 2569 
2090 2141 2382 2964 4554 
2091 2221 2423 2466 2624 2792 2905 
2092 2260 2365 2882 3045 
2093 4493 
2094 2151 2293 2327 
2095 2440 2484 
2096 2101 2121 2288 3120 3615 
2097 2204 2538 
2098 2165 2293 4898 
2099 2213 2357 2425 2497 2891 2916 
2100 2559 2702 2906 2932 3712 4165 4547 
2101 2680 2853 4689 
2102 2307 2418 2660 2974 
2103 2247 2327 2975 3497 
2104 2140 2864 2871 
2105 2473 4944 
2106 2801 2812 
2107 2295 2350 2455 
2108 2307 3081 4562 
2109 2245 2641 2679 2994 3834 
2110 2241 2455 2588 2742 2866 2919 
2111 2481 2796 2986 
2112 2126 2726 2933 
2113 2352 3232 4135 
2114 4454 
2115 2170 2331 2451 2626 
2116 2172 2265 2585 
2117 2185 2209 
2118 2160 2244 2820 2887 
2119 
2120 2763 2996 
2121 2993 4699 
2122 2140 2502 2542 2980 3717 
2123 2186 2913 3687 
2124 2310 2321 2508 2615 2968 
2125 2607 2850 2955 
2126 2351 2378 2445 2723 2997 
2127 2426 2736 2903 
2128 2211 2444 2955 3225 
2129 
2130 2436 3501 4677 
2131 2438 2566 3274 
2132 2291 2496 2506 2787 2879 2970 
2133 2949 4181 
2134 2159 2874 3497 4596 
2135 2212 
2136 2206 2627 4994 
2137 2861 3384 3907 
2138 4418 4824 
2139 2190 2801 
2140 2174 2184 2344 2406 2926 2938 
2141 4659 
2142 2150 2234 2460 2815 2934 
2143 2448 2952 2973 3952 
2144 2555 
2145 2296 2642 2760 
2146 2450 2669 
2147 2302 2360 2651 3016 
2148 2169 3136 
2149 2597 4205 
2150 2498 2697 2817 2878 
2151 2344 2662 
2152 4104 
2153 2253 4434 
2154 2649 2988 3333 
2155 2288 2350 2468 2624 2706 2784 2804 
2156 2242 2294 2489 2723 2752 
2157 2695 2932 2971 
2158 3048 
2159 3651 
2160 2865 
2161 2171 2568 2746 2825 3283 
2162 4535 
2163 2168 2465 2522 2651 2720 
2164 2468 2618 3025 3222 
2165 2408 2711 2986 
2166 2167 2364 
2167 2467 2501 2928 
2168 2488 
2169 2407 2593 2655 
2170 2346 2756 
2171 2681 2947 3370 
2172 2338 2871 
2173 2209 2478 2725 2949 
2174 2432 2501 2597 4072 
2175 2192 2458 2688 4347 
2176 2385 2876 2924 
2177 2338 2348 2618 2829 4693 
2178 2902 
2179 2509 
2180 3214 4757 
2181 2568 3949 4989 
2182 2644 2844 2993 
2183 2962 
2184 2911 2943 3133 4489 
2185 2324 2624 2898 4403 
2186 2315 2499 2528 2648 2794 
2187 2263 2462 2727 2905 4178 
2188 2449 2785 2980 
2189 2925 
2190 2444 2676 2883 3727 4859 
2191 2354 2556 2576 3647 
2192 2298 2758 4839 4898 
2193 2268 2619 2705 2872 
2194 2442 2781 2839 
2195 
2196 2236 2250 2519 2690 
2197 2377 2438 
2198 2368 2485 2535 3630 
2199 2477 2605 2648 2883 2887 3040 
2200 2429 2464 
2201 2736 
2202 2265 2341 2385 2481 4561 
2203 2591 2927 2989 4548 
2204 2690 2979 
2205 2661 3249 3960 
2206 2207 2297 2587 2927 
2207 2479 2645 
2208 2269 
2209 2670 2773 2954 
2210 2495 2855 
2211 2653 2813 
2212 2770 
2213 2244 2526 
2214 2337 2425 2509 2514 2648 2686 2978 3703 
2215 2444 2727 
2216 2482 2710 2999 
2217 2225 
2218 2229 2984 4144 
2219 2971 
2220 2321 3525 
2221 2500 2523 2837 
2222 2286 2425 2655 2788 
2223 2607 4483 4975 
2224 2470 2742 2873 3032 
2225 2335 2722 2908 
2226 4906 
2227 2832 4171 
2228 2534 2913 2984 
2229 2458 2627 
2230 2951 
2231 2244 2251 2346 3649 3839 
2232 2317 2422 2908 
2233 4424 
2234 2481 2760 2961 4901 4917 
2235 2274 2394 2829 2990 
2236 2870 4674 
2237 2578 3069 
2238 2355 2364 2949 2979 3816 
2239 2652 2897 
2240 
2241 2423 2656 2673 2912 2935 
2242 2561 2562 2635 3432 
2243 2423 2555 
2244 3638 
2245 2405 2462 2958 
2246 2308 2668 
2247 2664 2882 4331 4473 
2248 
2249 2505 2817 2998 
2250 
2251 2658 2672 4722 
2252 
2253 2646 3318 
2254 2363 2377 2450 2512 2569 2939 
2255 2739 2784 2806 2814 
2256 2339 3638 
2257 3775 
2258 2417 2683 2999 3374 4022 
2259 2364 2432 2482 2947 
2260 2819 3290 
2261 2740 3052 3071 4247 
2262 2434 2461 2869 
2263 2477 
2264 2348 2704 
2265 2954 3023 
2266 2274 4675 
2267 2315 2549 2772 
2268 2603 2705 2711 3417 
2269 2602 2966 3758 
2270 2275 2835 2937 2986 
2271 2380 2640 2876 4448 
2272 2614 3707 
2273 2294 2962 2995 
2274 2403 2466 2709 4827 
2275 2458 2758 3509 
2276 2690 3307 
2277 3317 
2278 2924 2931 3638 4841 
2279 2593 2796 2889 
2280 2494 2678 
2281 2478 2587 2662 3212 
2282 2639 
2283 2593 2784 2808 
2284 2328 2427 2547 2722 
2285 2639 2800 4437 
2286 2299 2701 
2287 2815 4333 
2288 2314 2690 
2289 2383 2509 3558 
2290 2436 2697 3514 
2291 2454 2640 2937 2941 3753 
2292 2344 2368 2425 2656 
2293 2389 3013 3967 
2294 2896 2952 2954 3375 4133 
2295 2527 3879 
2296 2543 2572 
2297 
2298 2442 2474 2949 3137 4437 
2299 2900 
2300 2434 2781 
2301 2337 2670 
2302 2534 4590 
2303 
2304 2582 2871 4763 
2305 2440 2581 2928 2947 
2306 4780 
2307 
2308 2819 
2309 
2310 2875 4692 
2311 
2312 4692 
2313 2593 2608 2727 
2314 2496 2859 2861 
2315 2316 2366 2645 2653 2748 2837 4747 
2316 2529 2635 4667 
2317 2408 2517 2547 2602 2700 2800 3456 
2318 2365 2643 2675 2692 3437 
2319 2384 2874 2986 
2320 2453 2627 2666 
2321 2426 2972 4317 
2322 2570 
2323 2618 
2324 2355 2449 
2325 2673 3240 
2326 2382 2487 2963 2997 3592 
2327 4238 
2328 2419 2559 2953 2998 
2329 2359 3997 4664 
2330 2356 2819 2992 
2331 2841 
2332 2680 
2333 2679 
2334 2582 2899 
2335 2449 2460 2623 3277 
2336 2427 2739 4033 
2337 2448 4661 4758 
2338 2723 2999 
2339 2602 
2340 2786 
2341 3875 
2342 2674 3313 3993 
2343 2839 
2344 3298 
2345 2721 2933 3917 4465 
2346 2492 2872 
2347 2881 
2348 2705 2729 2815 
2349 2632 
2350 2548 2762 
2351 2390 2440 
2352 2844 4539 
2353 2404 2819 2919 
2354 2361 2581 2875 
2355 2633 2689 
2356 2547 3115 
2357 2415 2522 2636 4168 4234 
2358 2387 2491 2546 2778 3457 4353 
2359 2475 
2360 2361 2653 
2361 2434 
2362 2852 2967 
2363 2822 2965 
2364 2926 
2365 2653 2828 2872 2898 4671 4910 
2366 2590 4390 
2367 2375 2536 2664 
2368 2567 
2369 2536 2648 2894 
2370 2594 2641 2948 
2371 2429 2473 2690 2872 4592 
2372 2500 2840 2862 
2373 3333 
2374 3358 
2375 2668 
2376 2718 4942 
2377 2750 
2378 2425 2501 2585 2609 3067 3689 
2379 2444 2684 2973 
2380 2385 2454 2857 
2381 2725 
2382 2425 2502 2689 2736 2791 
2383 2865 
2384 2575 2888 
2385 2821 2892 
2386 2508 2803 
2387 3847 
2388 2629 2790 2896 
2389 2473 3035 
2390 2560 2623 2640 4529 4904 
2391 2424 2583 2637 3995 4217 
2392 2788 3916 
2393 2703 
2394 2517 2762 
2395 2416 2450 
2396 2454 2914 2997 4610 4962 
2397 
2398 2554 
2399 2662 
2400 2746 
2401 3610 4617 
2402 
2403 2516 4217 
2404 2605 2940 4991 
2405 2427 2567 
2406 2530 2712 3099 
2407 
2408 2754 
2409 2604 2766 2787 2872 
2410 2581 2940 
2411 2463 2818 3901 
2412 4594 
2413 2593 2916 
2414 2620 2821 3885 4849 
2415 2587 2591 2627 3677 
2416 
2417 2564 2623 2756 2816 2898 2936 2938 4068 
2418 3935 
2419 
2420 2741 2832 2867 2877 2879 
2421 
2422 2509 2821 2958 2985 
2423 2501 2566 2866 4157 
2424 2518 2862 2871 3890 
2425 2891 
2426 2564 2742 2803 2853 
2427 2435 2863 3297 3367 3932 
2428 2484 
2429 2736 2812 2868 3023 3481 
2430 
2431 3602 
2432 2587 2793 2801 3699 4433 
2433 
2434 2561 2660 
2435 
2436 
2437 2690 
2438 4890 
2439 2927 3587 4347 
2440 2519 
2441 2605 2965 4782 4980 
2442 2667 4236 
2443 2992 4779 
2444 2648 2713 4247 
2445 2582 4094 4780 
2446 2517 2685 2819 3956 
2447 2856 
2448 2457 2704 2799 
2449 4232 
2450 2651 2694 3847 4050 
2451 2799 4955 
2452 
2453 2529 2877 
2454 2683 2834 3241 
2455 2565 4425 
2456 
2457 2826 2896 4103 
2458 2612 4617 
2459 2685 2855 
2460 2739 2753 
2461 
2462 2677 2738 2770 
2463 2572 2728 4580 
2464 2670 2946 
2465 2629 2708 2754 2883 2964 
2466 2963 
2467 2589 2922 
2468 
2469 2533 2608 
2470 2619 2998 4323 
2471 2824 
2472 2909 4436 
2473 2978 3585 
2474 
2475 2602 2631 4261 4336 
2476 2504 2863 4208 
2477 2990 
2478 2709 2748 4079 4449 4975 
2479 
2480 2523 2891 
2481 2512 
2482 4238 
2483 2529 2795 
2484 2504 2562 2575 2627 
2485 4049 
2486 2888 3250 
2487 2607 2992 
2488 
2489 2565 2625 2784 4378 
2490 2719 2892 4576 
2491 2518 2700 2838 2945 
2492 2929 3530 
2493 2530 2533 2767 3573 4918 
2494 2693 
2495 2622 2834 2839 4428 
2496 
2497 2527 2716 
2498 2545 2593 4970 
2499 2508 2587 2775 
2500 2929 3787 
2501 2609 2995 3541 3757 
2502 2552 2799 2903 2923 3054 3557 4821 
2503 
2504 2564 2572 2594 2646 2709 
2505 2833 2955 
2506 2713 3216 
2507 2660 2965 3976 
2508 2599 2830 2899 2940 4628 
2509 2598 3430 4317 
2510 2538 2992 3071 4602 
2511 3379 
2512 2545 2661 2841 
2513 2823 2893 
2514 2525 2988 3624 
2515 2574 2610 2884 2915 2966 
2516 3880 
2517 2638 2648 
2518 2581 2750 4317 
2519 
2520 3145 4545 4564 
2521 
2522 
2523 2770 2772 2846 2943 2968 2988 
2524 2545 2620 2963 4982 
2525 2758 2831 
2526 2851 2944 
2527 2980 
2528 2540 2610 2777 
2529 2712 
2530 3794 3883 
2531 2825 4417 4535 
2532 2542 
2533 2654 2939 2994 2997 3176 
2534 2544 2564 2883 4792 
2535 2789 2969 4494 
2536 2690 4507 
2537 2656 2972 
2538 2934 
2539 
2540 2565 2585 2731 4460 4896 
2541 2547 2561 2909 3062 4519 
2542 2895 3280 4864 
2543 2644 2734 4197 
2544 2884 4152 
2545 2575 2654 3073 3824 
2546 2586 2667 2857 
2547 2747 
2548 2566 2916 2968 
2549 3162 
2550 2754 
2551 2594 3222 4776 
2552 2930 3583 
2553 3644 
2554 2763 4920 
2555 2650 2671 2724 2981 3899 4097 
2556 2683 2713 
2557 2578 2716 2894 
2558 3435 
2559 2594 2748 
2560 2719 
2561 3939 
2562 3478 
2563 2593 2659 2906 3474 4946 
2564 3218 4731 
2565 2566 2960 
2566 2908 3030 4724 
2567 2812 4515 
2568 
2569 2609 
2570 2732 4564 
2571 2572 3804 
2572 2575 2990 
2573 2677 2845 3562 
2574 2762 
2575 
2576 2816 2949 
2577 4450 4534 
2578 2811 2920 2965 2971 3944 4023 
2579 2885 4849 
2580 2635 
2581 
2582 2973 
2583 
2584 2642 
2585 2663 2671 2803 2832 2986 
2586 2631 3854 4576 
2587 
2588 2982 3231 
2589 4901 
2590 2981 
2591 4551 
2592 2745 2986 3100 4675 
2593 2694 2734 3157 4956 
2594 2935 3502 
2595 
2596 2895 2897 2910 3262 
2597 2974 
2598 
2599 2758 2798 3009 4199 
2600 2757 
2601 2666 2949 3349 
2602 2624 
2603 
2604 
2605 2631 2788 4333 
2606 2787 3163 4427 
2607 2851 2936 
2608 2677 
2609 2715 
2610 2700 3752 4583 
2611 2912 2955 4364 
2612 2895 
2613 2885 
2614 
2615 2620 2669 
2616 3334 
2617 2652 2951 
2618 4240 4705 
2619 2746 4101 4433 
2620 2817 4848 
2621 3940 
2622 2648 2700 2799 2823 
2623 2706 3778 4073 
2624 2709 2896 
2625 2695 4740 
2626 2724 2778 
2627 2653 2766 
2628 2857 
2629 2690 2838 2844 2854 2874 3748 
2630 2756 3752 
2631 2791 3506 
2632 2640 2642 2673 2888 2918 
2633 4551 
2634 2781 3978 
2635 2643 2822 
2636 2853 
2637 3598 
2638 3395 4777 
2639 2677 2827 4016 
2640 2967 
2641 2827 
2642 2838 2994 
2643 2917 2920 3909 
2644 2843 3302 
2645 2739 
2646 2859 2882 
2647 
2648 
2649 2982 4751 
2650 4757 
2651 2660 
2652 2885 2913 
2653 
2654 2950 
2655 2707 2981 
2656 2811 
2657 2910 4695 
2658 2909 
2659 2782 2897 2934 2957 2998 3849 
2660 2755 4710 
2661 2890 2924 
2662 
2663 2995 
2664 2853 2984 
2665 2872 3835 
2666 3127 
2667 3218 4515 
2668 2837 2913 3125 4336 4455 
2669 
2670 
2671 3469 
2672 2949 4616 
2673 2709 3955 
2674 
2675 4179 
2676 
2677 3906 
2678 3910 
2679 2906 2988 3073 
2680 2755 4632 
2681 3301 4016 
2682 
2683 2822 
2684 2837 2969 
2685 
2686 2817 2867 3766 
2687 2753 2770 2893 
2688 
2689 2829 2961 
2690 2924 2984 3524 
2691 2897 
2692 2708 3523 
2693 3771 
2694 
2695 3767 
2696 2778 2992 
2697 4281 
2698 2818 4290 
2699 
2700 
2701 2848 3118 
2702 
2703 2743 2776 3204 
2704 2836 
2705 2826 
2706 2773 4761 4801 
2707 
2708 2846 
2709 2723 2781 2957 3378 
2710 2774 
2711 4815 
2712 2716 2846 2961 
2713 2973 4974 
2714 2821 2920 2945 3312 4148 
2715 2872 3414 3987 
2716 
2717 
2718 2831 4458 
2719 2852 
2720 3812 4274 4750 
2721 2826 4254 
2722 4635 
2723 2784 
2724 2878 4474 
2725 2738 4038 
2726 2801 2870 3175 
2727 
2728 2769 2942 2962 
2729 
2730 2983 3746 
2731 
2732 2909 
2733 3680 
2734 2750 
2735 2799 
2736 2921 
2737 
2738 2806 4154 
2739 2841 2903 3813 4521 4642 
2740 4368 4906 
2741 3373 3707 
2742 
2743 
2744 
2745 2760 4997 
2746 4417 
2747 4964 
2748 4718 
2749 
2750 
2751 2828 
2752 2768 
2753 
2754 2835 3310 
2755 2878 2936 
2756 2773 2866 3493 3864 4773 
2757 2842 
2758 4346 
2759 2815 2869 4937 
2760 2991 
2761 
2762 3941 4431 
2763 
2764 2773 2853 
2765 4266 
2766 4608 
2767 3707 
2768 2867 2976 2999 4565 
2769 3807 
2770 2786 
2771 4040 
2772 
2773 2788 2828 2930 4333 4518 
2774 2977 
2775 2819 
2776 
2777 2919 3982 
2778 3331 3610 
2779 3975 
2780 2801 2804 4294 
2781 3428 4577 
2782 
2783 2997 
2784 2910 
2785 2797 3838 
2786 2973 
2787 2981 4167 4529 
2788 
2789 2907 
2790 2912 
2791 2967 3608 
2792 2941 4187 4806 
2793 2946 4657 
2794 
2795 2800 2989 
2796 3717 
2797 2992 
2798 2880 4590 
2799 4977 
2800 
2801 3596 4179 
2802 2938 3864 
2803 
2804 2826 
2805 2821 
2806 
2807 
2808 2887 2894 
2809 2898 2983 3476 
2810 
2811 2997 
2812 
2813 
2814 
2815 
2816 4305 
2817 2953 
2818 2919 2933 
2819 3155 3392 
2820 
2821 
2822 4102 4344 
2823 
2824 3095 
2825 2979 4390 4628 
2826 2857 
2827 
2828 3504 4152 
2829 2885 4121 
2830 2943 
2831 3674 
2832 2835 3852 
2833 2932 
2834 
2835 3867 
2836 3185 
2837 2999 3734 3912 
2838 2900 
2839 3407 3710 
2840 4673 
2841 3980 4498 
2842 
2843 4284 
2844 
2845 2905 
2846 2865 2982 
2847 2961 
2848 
2849 2852 3560 3668 
2850 2903 2931 
2851 
2852 
2853 3315 3322 4128 
2854 3225 4145 
2855 2916 
2856 2992 
2857 4486 
2858 4415 
2859 2896 
2860 
2861 
2862 
2863 3545 
2864 4567 
2865 3553 4401 
2866 
2867 
2868 2918 2923 
2869 3043 3153 
2870 
2871 2967 4335 
2872 
2873 
2874 2886 
2875 
2876 3503 
2877 3171 
2878 2914 4803 
2879 2883 3126 3863 
2880 
2881 2927 3519 
2882 
2883 
2884 3180 
2885 3707 3752 
2886 
2887 4384 
2888 
2889 
2890 
2891 
2892 2957 3386 4176 4829 
2893 2900 
2894 3715 
2895 2897 
2896 2917 2940 
2897 
2898 2925 2928 
2899 4499 4708 
2900 
2901 
2902 
2903 3938 4572 
2904 
2905 2957 
2906 2973 
2907 
2908 2984 3541 4926 
2909 3628 
2910 
2911 2928 4266 4333 
2912 3670 
2913 
2914 
2915 3316 4555 
2916 4283 4540 
2917 
2918 4749 
2919 
2920 
2921 2946 3352 
2922 3840 
2923 
2924 2975 
2925 
2926 
2927 
2928 4269 4914 
2929 4765 
2930 4271 
2931 
2932 
2933 
2934 
2935 
2936 
2937 
2938 4363 
2939 2967 
2940 4346 
2941 
2942 4662 
2943 
2944 3883 
2945 4444 
2946 3697 
2947 
2948 
2949 3666 
2950 
2951 2993 
2952 
2953 3528 
2954 3108 
2955 3497 
2956 4582 4656 
2957 3050 
2958 
2959 3362 4942 
2960 2981 
2961 
2962 
2963 
2964 2991 4560 
2965 
2966 3837 3874 4724 
2967 3580 
2968 
2969 
2970 
2971 4824 
2972 
2973 3501 4647 
2974 4279 
2975 
2976 3310 
2977 
2978 3308 4384 
2979 
2980 
2981 
2982 2991 
2983 
2984 2999 3257 4294 
2985 
2986 
2987 3484 
2988 3798 
2989 
2990 3311 
2991 
2992 3239 
2993 3954 
2994 3407 3547 3795 4637 
2995 
2996 3893 
2997 
2998 3057 3748 
2999 
3000 3052 3508 
3001 3880 3909 3968 3994 4799 
3002 3247 3712 3785 3808 
3003 3056 3464 3987 
3004 3043 3098 3243 3473 3851 
3005 3019 4805 
3006 3040 3099 
3007 3193 3287 3803 3877 3904 
3008 3090 3727 
3009 3098 3763 
3010 3048 3159 3335 3571 3782 3915 4874 
3011 3347 3423 3428 3982 
3012 3214 3784 
3013 3308 3898 
3014 3063 3122 3382 3830 
3015 3049 3181 3253 3412 3422 
3016 3021 3260 3375 3747 4327 
3017 3225 3701 3996 
3018 3525 3540 
3019 3080 3388 3538 3772 3944 
3020 3244 3289 3519 3679 
3021 3377 3608 3652 3873 
3022 3201 3393 3674 
3023 3398 3750 4108 4574 
3024 3609 3811 3938 
3025 
3026 3064 3341 3661 3884 
3027 3928 
3028 3506 3710 3736 3805 3839 3996 
3029 3738 
3030 3048 3103 3440 3478 3576 3677 3700 3736 3847 3867 3890 
3031 3283 3286 3818 3960 4510 4665 
3032 3481 
3033 3153 3696 
3034 3188 3397 3742 
3035 3197 3256 3337 3356 3893 3946 
3036 3232 3534 
3037 3189 3292 3681 3932 
3038 3076 3474 3667 3816 
3039 3520 3581 3969 
3040 3778 
3041 3331 3863 3939 
3042 3044 3535 
3043 
3044 3077 3597 3849 3918 
3045 
3046 3161 3165 3377 3625 3841 
3047 3293 3538 4729 
3048 
3049 3135 3501 3895 3916 
3050 3689 
3051 3594 
3052 3467 3473 3692 3752 3855 3871 
3053 3363 3444 3479 4994 
3054 3154 3434 3808 3819 3909 4661 
3055 3944 
3056 3658 
3057 3711 
3058 3255 3603 
3059 3243 3305 3603 
3060 3794 
3061 3273 4519 4629 
3062 3643 
3063 3105 3464 3613 4156 4157 
3064 3215 3262 3400 3488 3663 4538 
3065 3255 3633 
3066 3341 3447 
3067 3567 3975 
3068 3335 3426 
3069 3718 3778 
3070 3151 3317 3988 4635 
3071 3603 3630 
3072 3436 3441 4937 
3073 3429 3546 3876 4052 
3074 3527 
3075 
3076 3148 3425 3662 3874 4120 
3077 3479 3863 
3078 3354 4927 
3079 3582 3788 
3080 3842 3901 
3081 3150 3543 
3082 3144 3229 3893 4159 4462 
3083 3439 3457 3638 4524 
3084 3780 3794 
3085 3441 3737 4118 4169 
3086 3469 
3087 3597 3837 3925 
3088 3117 3924 
3089 3263 3524 3571 3714 3724 3954 
3090 3148 3318 3499 3556 3716 3815 
3091 3119 3411 
3092 3780 3851 3913 
3093 3233 3398 3473 3562 3743 3866 3904 4130 
3094 3833 
3095 3173 3231 3743 3809 3974 4928 
3096 3464 3705 
3097 3517 3699 3944 
3098 3183 3272 3769 3803 
3099 3310 3471 3664 3746 
3100 
3101 3114 3132 3231 3344 3347 4886 4953 
3102 3197 3198 3270 3604 3695 3862 3976 
3103 3104 3218 3519 3723 
3104 3814 
3105 3178 3274 3298 3802 
3106 3618 3900 
3107 3279 3366 3391 4072 
3108 
3109 
3110 3318 3435 4978 
3111 3470 3514 
3112 3380 3575 3625 3641 3672 3955 4167 
3113 3675 3688 
3114 4194 
3115 3193 3435 3465 3697 
3116 3267 4065 
3117 4479 
3118 3233 3568 3578 3970 
3119 3803 3893 
3120 3533 3627 4969 
3121 3207 3542 3936 
3122 3274 3356 3637 3734 
3123 4354 
3124 3310 3492 3643 
3125 3407 3999 
3126 3155 3909 3932 4556 
3127 3588 3980 4176 
3128 3269 3381 3612 3758 3945 4417 
3129 3557 
3130 3152 3232 3702 3945 
3131 3649 3860 
3132 
3133 3266 3703 
3134 3769 3842 3974 
3135 3504 3732 4927 
3136 
3137 3357 3713 3936 
3138 3448 3542 3610 
3139 3441 3956 
3140 3237 3563 4731 
3141 3214 3800 3967 
3142 3319 3689 3953 
3143 3157 3523 3777 3862 
3144 3573 3864 4342 
3145 3157 3206 3279 
3146 3326 3454 3799 
3147 3329 3609 3737 3758 4776 
3148 3299 
3149 3331 3483 
3150 3330 3815 
3151 3235 3316 3412 3526 3701 3784 
3152 3184 
3153 3265 
3154 3382 3510 3645 3830 3900 4397 
3155 3972 3996 4922 
3156 3447 3724 
3157 3688 3719 3983 
3158 
3159 3346 4029 4481 4980 
3160 3651 
3161 
3162 3378 3650 3659 4209 
3163 3857 
3164 3205 3424 3692 3709 3744 
3165 3880 
3166 3209 3260 
3167 3177 3398 
3168 3582 3700 3834 4162 
3169 3930 
3170 3309 3864 4722 
3171 
3172 3357 3686 3884 4213 4541 
3173 3290 3887 3986 4336 
3174 3578 4737 
3175 3823 3914 3945 
3176 3373 3444 
3177 3239 3344 4133 
3178 
3179 3241 3330 3582 3893 3941 
3180 3726 3866 4723 
3181 3374 3994 
3182 3504 3623 3826 
3183 3927 
3184 3312 3963 
3185 3276 3358 
3186 
3187 3719 3765 4607 
3188 3226 3451 
3189 3228 3325 3654 
3190 3216 3225 3871 
3191 3565 3596 3764 3950 3977 
3192 3925 3959 
3193 3613 3946 4163 
3194 3445 
3195 3569 3949 
3196 3394 3618 4343 
3197 3274 3485 3738 
3198 3848 
3199 4450 4929 
3200 
3201 3727 3881 4831 
3202 3300 
3203 3234 
3204 3343 3725 3822 4714 
3205 3457 3534 3914 3919 
3206 3653 3803 
3207 3464 3491 3574 3723 
3208 3963 3996 
3209 3426 3564 3686 
3210 3337 
3211 4539 
3212 3970 4725 
3213 3358 3880 
3214 3922 
3215 3354 3528 3918 
3216 3629 
3217 3254 3871 
3218 3563 3639 3680 3905 
3219 
3220 3570 
3221 3284 3301 3509 3722 4610 
3222 3236 3289 3454 3567 
3223 
3224 3594 
3225 
3226 3330 
3227 3403 3694 
3228 3718 3831 4427 
3229 3416 3417 3910 
3230 3476 3811 3968 
3231 3372 3498 
3232 3384 3446 3514 3977 4007 
3233 3238 
3234 3458 3638 3809 3823 4027 
3235 3688 3894 3909 
3236 3784 3976 
3237 
3238 3391 
3239 3349 3373 3728 3956 
3240 3296 3536 3872 
3241 3284 3469 3697 3794 
3242 3595 3672 4374 4619 
3243 3363 3369 3581 4514 
3244 3475 4997 
3245 4617 
3246 3374 3974 
3247 4225 4456 
3248 
3249 3497 3867 
3250 3639 3902 
3251 3502 3710 3882 
3252 3476 3539 3770 4750 
3253 3371 3774 3963 
3254 3542 3956 
3255 3388 
3256 3494 3787 3814 3976 4683 
3257 3394 3934 
3258 3525 3901 
3259 3732 
3260 3396 3487 3601 
3261 3501 4864 
3262 3743 3872 3959 
3263 3294 
3264 3441 3753 
3265 3440 3546 3906 
3266 3633 
3267 3918 
3268 3460 3546 3633 4310 
3269 
3270 3619 4206 
3271 4334 
3272 3403 3835 3863 
3273 3737 3853 
3274 3326 3643 3734 3859 
3275 3845 3913 4304 
3276 3370 3444 
3277 3925 
3278 3949 
3279 3355 3742 4285 
3280 3830 
3281 3289 3446 4000 
3282 3454 3792 3816 
3283 3716 
3284 3516 3521 3751 
3285 3645 4548 
3286 3593 3799 3878 3907 
3287 3649 3666 3843 
3288 3371 4521 
3289 3617 3659 3766 
3290 3326 3394 3547 3713 
3291 3555 3589 3940 
3292 3530 3753 4518 4528 4955 
3293 3353 3395 3794 3825 3869 3965 4504 
3294 
3295 3682 3829 3902 3992 
3296 3623 3679 3831 3832 4098 
3297 3461 3584 3700 3907 3918 4656 
3298 3421 3675 
3299 3343 3489 3985 
3300 3661 3665 3796 3841 3972 
3301 3444 3500 
3302 3343 3376 3439 3475 3563 3944 3990 
3303 3564 3978 3980 
3304 3519 3853 
3305 3481 3590 3994 
3306 3437 3493 
3307 3555 3811 
3308 3439 3475 3694 
3309 3364 
3310 3610 3737 
3311 
3312 3419 3452 3583 
3313 3440 3848 
3314 3759 
3315 3449 3522 3743 3919 3944 
3316 3361 3682 
3317 3968 
3318 3388 3724 
3319 3748 3944 
3320 
3321 3510 3531 
3322 3609 
3323 3622 
3324 3936 
3325 3730 
3326 3689 3759 3762 3894 
3327 3503 
3328 3413 3705 3750 
3329 3577 
3330 3364 
3331 3433 3515 
3332 3668 4511 
3333 3947 
3334 3755 3869 
3335 3711 3772 3844 
3336 3761 3896 
3337 3510 3533 3655 3670 4179 4348 
3338 3423 3625 
3339 3484 3724 
3340 3546 3659 
3341 
3342 
3343 3486 3726 
3344 
3345 3687 
3346 3717 
3347 3644 3684 3706 3758 3760 
3348 3415 3563 
3349 3638 3883 3913 
3350 3437 3686 3754 
3351 3446 3684 
3352 3390 3767 4727 
3353 3381 3930 
3354 
3355 3364 3383 3419 3750 
3356 3631 3884 3971 
3357 3376 3687 3829 3896 4724 
3358 
3359 3675 3860 
3360 3529 3874 
3361 3695 3903 
3362 3417 3839 3990 
3363 3802 3890 4282 
3364 
3365 3440 3490 3527 3843 4510 4898 
3366 
3367 3469 3765 3895 3976 
3368 3421 3572 
3369 3818 4938 
3370 3388 
3371 3426 3573 3749 
3372 3380 3477 
3373 3403 4160 
3374 3999 
3375 3631 3683 3923 3970 
3376 3865 3988 3989 4105 
3377 3654 
3378 3697 3778 
3379 3854 4875 
3380 3632 
3381 3502 4363 
3382 
3383 3584 3751 3772 
3384 3431 3927 
3385 3424 
3386 3404 3799 
3387 3437 
3388 3533 3841 4635 
3389 3852 3864 
3390 3849 4883 
3391 3593 
3392 3401 
3393 3756 
3394 3886 
3395 3635 3675 4375 
3396 3436 3909 
3397 3501 3585 3786 3811 
3398 3626 3689 3881 3950 
3399 3487 3918 3923 4274 
3400 3441 4005 
3401 3633 3645 
3402 3514 3784 
3403 3535 3652 3819 4743 
3404 3581 
3405 3410 3915 4406 
3406 3856 3946 
3407 3422 4787 4803 4981 
3408 3491 3699 3864 4594 
3409 3607 3714 3826 3927 
3410 
3411 3563 3731 3934 4811 
3412 3589 3968 
3413 
3414 3426 3816 
3415 3931 3934 
3416 
3417 
3418 3690 
3419 3740 
3420 3783 
3421 3489 
3422 3793 
3423 3568 
3424 3548 3980 
3425 3881 3956 4016 
3426 4452 
3427 3512 4985 
3428 3603 3779 3789 4270 
3429 3539 3698 3936 
3430 
3431 3452 3720 3753 
3432 3510 3836 3963 
3433 4247 
3434 3489 
3435 3715 
3436 
3437 
3438 3974 
3439 4315 
3440 
3441 
3442 3539 3674 3903 3961 
3443 3727 3866 3954 
3444 3613 
3445 3740 
3446 4072 
3447 3483 3912 3976 4453 
3448 3683 3908 4822 
3449 3853 3866 3909 
3450 3760 3993 
3451 3562 3777 3915 4203 
3452 
3453 3722 3903 
3454 3910 
3455 3639 3923 3969 
3456 3993 
3457 3510 3622 3886 3966 
3458 3691 3995 
3459 3647 4426 
3460 
3461 4048 
3462 3813 
3463 3939 
3464 3581 4385 
3465 3788 3933 
3466 4193 
3467 
3468 
3469 3728 3959 
3470 3855 3955 4378 
3471 3633 3833 
3472 3604 3606 3753 3770 3832 3911 3950 
3473 3678 3898 
3474 3529 3951 
3475 3955 
3476 3509 3556 
3477 3613 3671 
3478 3896 
3479 3623 
3480 3895 4232 
3481 3776 
3482 3606 3703 3853 
3483 3544 3954 
3484 3920 3972 4034 4696 
3485 3887 3980 
3486 3898 
3487 3821 
3488 3616 
3489 3580 3660 3777 4506 
3490 3882 3914 
3491 3729 3996 
3492 3861 4377 
3493 3636 3658 3807 4202 
3494 3520 3523 3899 
3495 
3496 
3497 3647 3719 3868 3972 
3498 3891 
3499 3658 
3500 
3501 3780 4193 
3502 3567 3767 3789 
3503 3581 4510 
3504 3675 
3505 3725 4149 4811 
3506 
3507 3646 3848 
3508 3577 3996 
3509 3719 
3510 3788 3791 
3511 3573 3893 4176 
3512 3595 
3513 4079 
3514 3851 
3515 
3516 3602 3813 3848 3974 4314 
3517 3616 4954 
3518 3522 3651 3856 3958 3990 
3519 3760 3814 
3520 
3521 4326 4546 
3522 4812 
3523 
3524 3533 3611 
3525 
3526 
3527 3969 
3528 3641 
3529 3610 
3530 4137 
3531 
3532 
3533 3795 3811 3958 3992 
3534 3582 4258 4471 
3535 3765 3916 
3536 3541 3952 
3537 3866 
3538 3633 3788 3843 3860 
3539 3763 
3540 3703 4759 
3541 3997 
3542 3712 
3543 3693 
3544 3584 3627 4479 
3545 4528 
3546 3553 3628 3907 
3547 3733 
3548 3874 3916 4236 
3549 3561 
3550 3635 3695 
3551 3576 3822 
3552 3683 
3553 4120 
3554 3646 3738 3952 3996 
3555 3619 3772 
3556 3827 
3557 
3558 3570 3777 
3559 
3560 
3561 3750 3756 3757 3919 
3562 3862 
3563 3773 3885 3929 3941 4649 
3564 4317 
3565 3590 3857 
3566 3614 3924 3990 
3567 4374 
3568 3630 3699 4543 
3569 
3570 4213 4487 
3571 3654 3780 3830 3867 
3572 
3573 3593 
3574 
3575 4456 
3576 3635 
3577 
3578 3673 3752 3901 
3579 4816 
3580 3776 
3581 3895 3998 
3582 
3583 4038 4182 
3584 
3585 3599 
3586 3666 
3587 3696 3753 3989 3993 
3588 3805 3821 
3589 3690 3703 3844 3985 
3590 3618 3832 3901 
3591 3672 
3592 3771 3893 4939 
3593 3657 
3594 3630 
3595 3944 
3596 3835 
3597 3794 4173 
3598 3615 3702 3839 3873 3973 
3599 3957 3970 
3600 3701 3991 4224 4686 
3601 3718 
3602 3668 
3603 3805 3974 4667 
3604 
3605 3616 3723 
3606 4074 
3607 3748 3938 3970 
3608 
3609 3874 
3610 3740 
3611 3898 
3612 3917 
3613 3731 4436 
3614 
3615 4883 
3616 3638 3864 
3617 3880 4627 
3618 3857 
3619 3690 
3620 3786 3803 
3621 4470 
3622 3862 3873 3944 3954 
3623 3804 4054 4879 
3624 3816 
3625 3716 3821 
3626 4552 
3627 3770 3984 
3628 
3629 3870 
3630 
3631 3926 
3632 3943 4764 
3633 3822 3884 
3634 3890 
3635 3641 3802 
3636 3763 
3637 3836 
3638 3973 
3639 
3640 
3641 4322 
3642 
3643 
3644 3799 3804 3829 
3645 3683 3694 
3646 3757 4954 
3647 3966 
3648 
3649 4435 
3650 3678 4001 
3651 3689 
3652 4789 
3653 3668 3924 3982 
3654 3715 
3655 3699 3947 
3656 3913 
3657 3793 3894 
3658 
3659 
3660 3737 
3661 3759 
3662 4131 
3663 
3664 
3665 3682 
3666 
3667 3737 4187 
3668 3895 
3669 3931 3979 4133 
3670 3804 4501 
3671 3981 3988 
3672 3799 
3673 
3674 3775 3850 3958 
3675 3777 3975 
3676 3749 
3677 3698 
3678 4244 4603 
3679 3968 3989 4381 
3680 
3681 3805 3922 
3682 4545 4880 
3683 3965 
3684 
3685 3849 4986 
3686 
3687 3696 3870 3938 
3688 4407 4935 
3689 3850 
3690 
3691 3957 4994 
3692 
3693 
3694 3759 3870 
3695 3942 3963 3982 4469 
3696 3790 
3697 3945 
3698 
3699 3705 
3700 3826 4935 
3701 
3702 3716 3968 4798 
3703 3826 
3704 4879 
3705 
3706 3726 3927 
3707 3717 3924 3968 3995 
3708 
3709 3793 3912 3938 
3710 
3711 
3712 
3713 4283 4867 
3714 3728 4521 
3715 3925 
3716 3949 4216 
3717 3995 
3718 
3719 
3720 
3721 3758 3801 
3722 
3723 4290 
3724 3980 
3725 
3726 
3727 4587 
3728 3748 3905 3945 
3729 3917 4763 
3730 4108 4414 
3731 
3732 3933 
3733 3878 3983 
3734 3812 3813 
3735 
3736 3863 
3737 3766 
3738 
3739 3934 4411 4542 
3740 3993 
3741 3753 
3742 4409 4904 
3743 3946 
3744 3832 4809 
3745 3778 3943 3985 
3746 3809 
3747 3856 4588 
3748 3834 3906 
3749 3764 3928 
3750 
3751 
3752 
3753 4509 
3754 3805 3971 
3755 3888 
3756 
3757 
3758 3812 3950 
3759 
3760 3812 
3761 3921 
3762 
3763 3939 
3764 3890 
3765 4952 
3766 3845 
3767 
3768 3805 3830 
3769 4813 
3770 3786 3968 
3771 
3772 3842 
3773 3946 3950 
3774 3846 
3775 3859 4091 
3776 3825 
3777 3797 4423 
3778 3950 4600 4694 
3779 3853 3903 3964 
3780 4060 
3781 3913 4872 
3782 4595 
3783 3834 
3784 4559 4942 
3785 4358 
3786 3807 3826 4119 
3787 3864 3876 3978 3992 
3788 3988 3996 
3789 
3790 
3791 3841 
3792 3896 3951 
3793 3963 
3794 
3795 3853 3907 
3796 
3797 3874 4299 
3798 3889 
3799 
3800 
3801 
3802 3977 
3803 
3804 3836 
3805 3881 3958 
3806 3864 3910 4245 
3807 3826 3961 
3808 
3809 3996 
3810 
3811 
3812 
3813 4519 
3814 3876 
3815 3997 4932 
3816 
3817 
3818 
3819 3887 
3820 4861 
3821 3881 
3822 3832 3874 
3823 3835 
3824 3827 3997 
3825 
3826 3832 
3827 3839 3865 
3828 3936 
3829 
3830 3926 4575 
3831 4731 
3832 3992 
3833 
3834 
3835 3843 4852 
3836 3987 4924 
3837 
3838 3918 
3839 4855 
3840 3876 3969 
3841 4379 
3842 3889 
3843 
3844 
3845 3862 3972 3982 
3846 
3847 
3848 4254 
3849 
3850 
3851 
3852 3983 
3853 
3854 4534 
3855 
3856 3925 4077 
3857 
3858 4311 4989 
3859 
3860 4188 
3861 3869 3975 4580 
3862 
3863 
3864 4129 4166 
3865 
3866 3908 
3867 
3868 
3869 3878 
3870 3883 3977 
3871 
3872 
3873 
3874 3986 3990 
3875 
3876 
3877 
3878 4130 
3879 
3880 
3881 
3882 
3883 
3884 
3885 4542 
3886 4085 
3887 3991 4515 4866 
3888 
3889 3920 
3890 
3891 
3892 
3893 3943 
3894 4948 
3895 4254 
3896 3943 
3897 
3898 
3899 
3900 
3901 4195 4235 
3902 
3903 4305 4834 
3904 3943 
3905 3942 3947 
3906 
3907 3953 
3908 
3909 3953 
3910 3950 
3911 3928 
3912 
3913 
3914 
3915 
3916 
3917 4484 
3918 
3919 4857 
3920 
3921 
3922 3978 
3923 4352 4536 
3924 
3925 
3926 3936 
3927 3939 
3928 4368 
3929 4037 
3930 
3931 
3932 3954 4882 
3933 3986 
3934 
3935 4577 
3936 
3937 3996 
3938 
3939 4469 
3940 4279 
3941 4834 
3942 
3943 
3944 3973 3993 
3945 4506 
3946 4564 
3947 3977 4912 
3948 
3949 
3950 4468 
3951 
3952 3961 4244 
3953 4688 
3954 
3955 
3956 4060 
3957 
3958 4076 
3959 
3960 
3961 4900 4947 
3962 3990 4797 
3963 
3964 
3965 
3966 4259 
3967 
3968 
3969 
3970 4437 
3971 
3972 4914 
3973 
3974 3981 
3975 
3976 
3977 
3978 
3979 4342 
3980 
3981 
3982 4704 
3983 4969 
3984 
3985 4851 
3986 
3987 4500 
3988 
3989 
3990 
3991 4513 
3992 
3993 
3994 
3995 
3996 
3997 
3998 
3999 4203 
4000 4390 4550 4572 4573 4677 
4001 
4002 4036 4705 
4003 4270 4387 4581 
4004 4375 4401 
4005 4203 4641 4698 4708 4844 4905 
4006 4296 
4007 4084 4136 4328 4672 4757 
4008 4234 4404 4593 4893 
4009 4162 
4010 4061 4899 
4011 4120 4371 4899 
4012 4385 4702 4936 
4013 4513 4538 4710 4784 4958 
4014 4242 4271 4530 4652 4826 4872 4990 
4015 4192 4300 4652 4863 4890 
4016 
4017 4082 4148 4198 4209 4239 4443 4626 
4018 4459 4527 4719 4900 
4019 4214 
4020 4210 4225 4479 4496 4543 4752 4998 
4021 4034 4932 
4022 4184 
4023 4252 4518 4577 
4024 4361 4626 4941 
4025 4323 4434 4556 4762 
4026 4173 4905 
4027 4172 4974 
4028 4670 
4029 4196 4216 4232 
4030 4590 4834 
4031 4409 
4032 4368 4638 4870 4926 4936 
4033 4507 4839 
4034 4504 4505 
4035 4336 4352 4451 
4036 4116 4175 4709 4841 
4037 4348 4516 4691 4851 
4038 4352 4600 4659 
4039 4595 
4040 4085 4446 4487 4578 4806 
4041 4195 4345 4825 
4042 4161 4277 4546 4684 4841 4880 4937 
4043 4633 4731 
4044 4074 4081 4453 
4045 4175 4611 
4046 4274 4835 
4047 4198 4560 4603 4740 4932 
4048 4329 4945 
4049 4562 4665 4715 4984 
4050 4436 4736 
4051 
4052 4645 4960 
4053 4335 4447 4581 4872 
4054 4175 4277 4361 4716 
4055 4561 4577 4674 
4056 4447 4526 4559 4709 
4057 4625 4631 4640 4742 4846 4878 
4058 4954 
4059 
4060 4084 4210 4319 
4061 4124 4250 4274 4393 
4062 4068 4425 4718 
4063 4091 4833 4863 
4064 4547 4795 
4065 4579 4991 
4066 4740 
4067 4484 
4068 4069 4279 4839 
4069 4160 4323 4435 4754 
4070 4093 4494 4522 4717 
4071 4157 4158 4370 4719 
4072 4201 4866 4937 
4073 4328 4806 4854 
4074 4459 
4075 4779 
4076 4246 4313 4473 4729 
4077 4163 4215 4769 4874 4993 
4078 4135 4537 
4079 4197 4361 4602 4823 4831 
4080 4115 4182 4395 4444 4919 
4081 4320 4342 4543 4858 
4082 4751 
4083 4159 
4084 4264 4375 
4085 4837 
4086 4241 4485 4490 
4087 
4088 4334 4893 4971 
4089 4593 4618 4700 4828 
4090 4276 
4091 4414 4701 4870 4940 4978 
4092 4876 
4093 4493 
4094 4248 4536 4660 
4095 4195 4715 4872 4994 
4096 4103 4105 4531 4552 4641 4694 
4097 4143 4236 4309 4745 4764 
4098 4533 4647 4725 4817 4892 
4099 
4100 4285 4834 
4101 4366 4689 4855 
4102 4441 
4103 4288 4300 4451 4713 
4104 4176 4442 4447 
4105 4239 4481 4508 4981 
4106 4460 4486 4736 
4107 4210 4264 4406 
4108 4395 
4109 4578 
4110 4351 4761 
4111 4607 4678 4926 
4112 4578 
4113 4146 4230 4521 4758 4888 4980 
4114 4939 
4115 4192 4401 
4116 4250 
4117 4351 4405 4444 4992 
4118 4324 4409 4596 4746 4974 
4119 4419 4968 
4120 4456 4682 
4121 4264 4359 4478 4590 
4122 4197 4221 4325 4448 4491 4506 4902 
4123 4349 
4124 4192 4314 4402 4636 4968 
4125 4372 
4126 4140 4217 4706 
4127 4302 4624 4744 4891 
4128 4898 
4129 4561 4887 4904 
4130 4446 4724 
4131 4144 4148 4274 4490 4607 4976 
4132 4426 4469 4661 
4133 4536 4547 4632 
4134 4334 4491 4703 
4135 4261 
4136 4368 
4137 4238 4335 4443 4523 4657 4779 
4138 4153 4364 4666 4784 4913 4935 
4139 4162 4721 4776 
4140 4328 4926 
4141 
4142 4344 4559 4811 
4143 
4144 4335 4931 
4145 4862 
4146 4204 4379 4899 4952 
4147 4435 4602 4793 
4148 4195 
4149 
4150 4427 4861 4865 
4151 
4152 4353 4400 4583 
4153 4831 4920 
4154 4197 4199 4326 4476 4710 4793 
4155 4641 4831 
4156 4172 4222 4374 4542 4565 4908 
4157 4372 4507 4510 4816 4868 
4158 4173 4335 4632 4780 
4159 4357 4375 4760 4924 
4160 4907 
4161 4418 4433 4455 4970 
4162 4405 
4163 
4164 4445 4634 
4165 4308 4698 
4166 4202 4470 
4167 4477 4817 
4168 4193 4789 
4169 
4170 4491 4838 
4171 4216 4353 4402 4434 4443 
4172 4665 4774 4801 4845 
4173 4688 
4174 4336 4576 4623 4692 4839 4872 
4175 4176 4288 
4176 4383 4405 
4177 4833 4930 4951 
4178 4420 4600 4889 
4179 4303 4470 4849 4988 
4180 4313 4335 4532 4761 4962 
4181 4256 4432 4482 4683 
4182 4688 4695 4746 4882 
4183 4466 4623 4671 
4184 4761 4893 
4185 4315 4652 
4186 4262 4706 
4187 4588 
4188 4198 4267 4570 
4189 4274 4536 4576 4795 4848 4971 
4190 4434 4465 4700 4821 4859 
4191 4323 4457 4658 
4192 4281 4305 4546 4797 4961 
4193 4696 4926 
4194 4585 4714 4772 
4195 4225 4901 
4196 4469 4601 4818 4860 
4197 4391 4409 4630 4826 
4198 4280 4332 4351 4646 
4199 4333 4810 4974 
4200 4219 4306 4450 4709 4858 4880 
4201 4462 
4202 
4203 4382 4958 
4204 
4205 4497 
4206 4222 4231 4584 4652 4659 4734 
4207 4469 
4208 4419 4637 4669 4962 
4209 4259 4664 
4210 4223 4842 4931 
4211 4220 4959 
4212 4369 4403 
4213 4330 4481 4747 4760 
4214 4359 
4215 4994 
4216 
4217 4773 
4218 4815 4825 
4219 4411 4577 4800 
4220 4416 4462 4609 4833 
4221 4340 4988 
4222 4544 4740 4838 4870 4880 
4223 4716 4717 4746 4802 
4224 4460 
4225 4257 4603 4933 
4226 4792 4891 
4227 
4228 4763 4832 4836 
4229 
4230 4300 
4231 4515 4824 
4232 
4233 4510 4877 4992 
4234 4543 4681 4840 
4235 4297 
4236 4271 
4237 4458 4729 4858 4870 
4238 4854 4902 
4239 4595 4934 
4240 
4241 
4242 4303 4525 
4243 4580 4594 4695 4705 
4244 4361 4400 4739 4783 4949 
4245 
4246 4327 
4247 4487 4508 4907 
4248 4380 4600 
4249 
4250 4262 
4251 4387 4552 4742 4874 4991 
4252 4585 4637 
4253 4416 4679 4798 
4254 4569 
4255 4392 4971 4975 4989 
4256 4315 4513 4929 
4257 4274 4531 
4258 4488 
4259 4263 4715 4725 4798 
4260 4436 4998 
4261 4721 
4262 
4263 4762 
4264 
4265 4744 4750 4977 
4266 4538 4745 
4267 4797 
4268 4555 4632 4846 4853 
4269 4888 4914 
4270 4762 4974 
4271 4327 4870 
4272 4529 4823 
4273 4409 4830 
4274 
4275 4479 4694 4727 
4276 4500 4907 
4277 4499 
4278 4701 4823 
4279 4603 
4280 4853 4940 4948 
4281 4582 4712 
4282 
4283 4334 4779 
4284 4409 4802 4939 
4285 4574 4803 4877 
4286 4722 4982 
4287 4940 
4288 4678 
4289 4291 4682 4856 
4290 4710 4890 4926 
4291 4500 4588 4672 4857 
4292 4360 4741 
4293 4550 4851 4863 
4294 4916 
4295 4406 
4296 4345 
4297 4427 4439 
4298 4374 4651 4870 4986 
4299 4732 
4300 4392 4536 4571 4828 
4301 4556 4681 4746 4753 4790 4969 
4302 4828 4979 
4303 4554 
4304 4323 4821 
4305 4336 4546 
4306 4448 4605 
4307 4576 4909 
4308 4506 4692 
4309 4675 4862 
4310 4563 4727 
4311 4589 
4312 4439 4504 4722 
4313 4973 4981 
4314 
4315 4595 
4316 4616 4684 
4317 4493 
4318 4764 4912 
4319 4732 4905 
4320 4446 4666 4708 4771 
4321 4424 
4322 4475 4536 
4323 
4324 4453 4606 4806 4895 4899 
4325 
4326 4778 
4327 
4328 4508 4536 
4329 4350 4447 4516 4971 4976 
4330 4422 4603 4681 4862 
4331 4358 4661 4908 
4332 
4333 4548 
4334 
4335 4446 4948 4982 
4336 
4337 4916 
4338 4410 4542 4646 4877 4998 
4339 4393 4642 4841 4871 4879 
4340 4364 4522 4909 
4341 
4342 4497 4578 
4343 4419 
4344 4432 4562 4904 
4345 4635 4695 4853 4935 
4346 4808 
4347 4748 
4348 4709 4935 
4349 4389 4754 4758 4807 4844 4910 4918 4990 
4350 4522 4711 
4351 
4352 4408 4539 
4353 4861 4914 
4354 4516 4674 4940 
4355 4445 4727 4863 
4356 4699 
4357 
4358 4434 4503 4918 
4359 4561 4680 4933 4984 
4360 4965 4996 
4361 4805 4830 
4362 4459 4568 
4363 4474 4724 
4364 4594 4772 4935 
4365 4406 4911 
4366 4504 4783 
4367 4567 4905 4950 
4368 4481 4815 4884 
4369 4837 4973 
4370 4398 4532 4626 
4371 4491 4646 
4372 4383 
4373 4385 4554 4590 4938 
4374 4465 4744 
4375 4708 
4376 
4377 4449 4730 
4378 4467 4719 4937 
4379 4856 
4380 4694 4846 4916 
4381 4966 
4382 4442 4459 4519 4530 4575 
4383 4572 
4384 4921 4998 
4385 4681 
4386 4828 
4387 4464 4657 4773 4905 
4388 4581 
4389 4430 4673 
4390 4558 4869 4872 
4391 4586 4699 4764 
4392 
4393 4475 4528 4529 4637 4786 
4394 
4395 4415 4819 
4396 4872 4961 
4397 4527 4688 4844 4980 
4398 4668 4750 
4399 4709 4827 
4400 4845 
4401 4549 4641 
4402 4589 4856 
4403 4582 4609 4622 4876 
4404 4849 4850 
4405 4804 
4406 4447 4749 4772 
4407 4942 
4408 4763 4789 
4409 4726 4743 
4410 4570 4691 
4411 4564 4842 
4412 4816 4834 4936 
4413 
4414 4558 4571 4599 4926 
4415 4706 
4416 4551 
4417 4423 4589 4596 4689 
4418 
4419 4527 4575 4929 
4420 4453 4464 
4421 4771 
4422 4436 4908 4997 
4423 4871 
4424 4779 4787 4826 
4425 4832 
4426 4463 4530 
4427 4666 4766 4862 
4428 4477 4515 4838 
4429 4817 4973 
4430 4490 4938 
4431 
4432 4943 
4433 4649 
4434 
4435 4620 4886 
4436 4464 
4437 4592 4624 4731 4775 4815 4934 
4438 
4439 4793 4860 4939 
4440 4808 
4441 
4442 
4443 
4444 4839 
4445 4493 4582 
4446 4731 4920 
4447 4538 4631 4745 4786 
4448 4462 4912 4927 
4449 4517 
4450 4588 
4451 4774 
4452 
4453 4927 4958 
4454 
4455 4505 
4456 4506 4675 
4457 4572 
4458 4802 4987 4988 
4459 4519 
4460 4671 4793 
4461 4468 4483 
4462 4559 
4463 4697 4905 
4464 4699 4761 
4465 4812 4905 
4466 4480 4664 4876 
4467 4567 4603 
4468 4528 4839 
4469 4816 4987 
4470 4647 
4471 4869 
4472 4926 4942 
4473 4915 
4474 4974 
4475 4595 4837 
4476 
4477 4683 4904 
4478 4636 
4479 
4480 4991 
4481 4557 4701 4946 4985 
4482 4971 
4483 4491 4770 
4484 4728 4966 
4485 4656 4765 
4486 4610 4707 4777 4973 
4487 4501 4584 4632 4641 4679 4863 
4488 4646 4872 
4489 4581 4652 
4490 4625 4791 4800 
4491 4863 
4492 4818 4830 
4493 4531 4774 
4494 4748 4873 
4495 4803 
4496 
4497 
4498 
4499 
4500 4923 
4501 4505 
4502 
4503 4888 4999 
4504 
4505 4885 
4506 4721 
4507 
4508 
4509 4741 
4510 4655 4893 
4511 
4512 4651 
4513 4874 4953 
4514 4894 4988 
4515 4860 
4516 4519 4567 4584 
4517 4841 
4518 
4519 4999 
4520 4610 
4521 4560 4902 4947 4991 
4522 4566 4823 
4523 4606 4742 4948 
4524 4591 
4525 4659 4804 
4526 4585 4760 4789 
4527 4989 
4528 4952 
4529 4685 
4530 4892 
4531 4782 
4532 4741 4806 
4533 4776 4813 4849 
4534 4943 
4535 4586 4629 4957 
4536 4706 
4537 
4538 4969 
4539 4543 4551 4955 
4540 4564 4700 4813 4855 
4541 4710 
4542 
4543 4653 
4544 4610 4757 
4545 4586 4639 4892 
4546 
4547 4769 
4548 4575 
4549 4736 
4550 4659 
4551 
4552 4999 
4553 4710 
4554 4802 4818 
4555 
4556 4613 4760 
4557 4962 
4558 4584 4704 
4559 
4560 
4561 
4562 4726 4783 
4563 4667 
4564 4994 
4565 4987 
4566 4900 
4567 4583 4603 
4568 
4569 4825 4903 
4570 
4571 4943 4993 
4572 
4573 4727 
4574 
4575 4610 4926 
4576 
4577 
4578 
4579 4726 
4580 
4581 4710 4853 
4582 4743 4852 
4583 4656 4922 4954 
4584 4792 
4585 4937 4977 
4586 4628 4709 4928 4929 4942 
4587 4720 
4588 4705 4830 
4589 4631 
4590 4951 
4591 
4592 4807 
4593 4902 
4594 4636 
4595 
4596 
4597 4651 
4598 4635 4817 4882 
4599 4717 4816 
4600 4833 4929 4990 
4601 
4602 4843 4915 
4603 4971 
4604 
4605 4895 
4606 4614 4767 
4607 4782 4840 4941 
4608 4797 
4609 4888 
4610 
4611 4737 4762 
4612 
4613 4685 
4614 
4615 4750 
4616 4871 
4617 4719 4805 
4618 4755 4780 4886 4907 
4619 4784 
4620 4809 
4621 
4622 
4623 4774 
4624 4663 
4625 
4626 
4627 4845 
4628 4940 4994 
4629 4872 4945 4953 4954 
4630 4939 
4631 4834 
4632 4746 
4633 
4634 
4635 
4636 4772 4853 4906 
4637 4735 4879 
4638 4757 4797 4856 4962 
4639 4705 4896 
4640 4692 4734 
4641 4663 4706 4942 
4642 
4643 
4644 
4645 4676 4713 
4646 
4647 
4648 4712 4739 4853 
4649 
4650 
4651 4684 4833 4914 4987 
4652 
4653 4955 4984 
4654 
4655 
4656 4667 4694 
4657 
4658 
4659 4728 4899 
4660 
4661 4951 
4662 4913 4941 
4663 4756 4819 4972 
4664 4820 
4665 4818 4997 
4666 4763 4901 
4667 
4668 
4669 4911 4989 
4670 
4671 
4672 
4673 
4674 
4675 4777 
4676 4729 
4677 4780 4786 4859 
4678 
4679 
4680 
4681 4971 
4682 
4683 4715 4842 
4684 4747 
4685 4902 
4686 4891 
4687 
4688 4756 
4689 4694 4892 4923 
4690 4861 4971 
4691 4784 
4692 4752 4839 
4693 
4694 4697 
4695 
4696 4798 4851 
4697 4855 4952 
4698 
4699 4703 4880 4892 
4700 4835 
4701 4841 4978 
4702 4914 
4703 
4704 
4705 4747 
4706 4858 
4707 
4708 
4709 4750 
4710 4991 
4711 
4712 
4713 4865 4996 
4714 4720 4787 
4715 4919 
4716 4830 4834 
4717 
4718 4765 
4719 4836 
4720 4768 
4721 
4722 4764 
4723 
4724 
4725 4745 4902 4925 
4726 
4727 
4728 
4729 
4730 4865 4932 
4731 
4732 4786 
4733 4847 4957 
4734 4760 4857 
4735 4917 4998 
4736 4934 
4737 4751 
4738 
4739 
4740 4814 4952 
4741 
4742 4794 4913 4972 
4743 
4744 4786 4922 
4745 
4746 
4747 4790 4986 
4748 
4749 
4750 4918 
4751 4924 
4752 
4753 4968 
4754 
4755 4830 
4756 
4757 
4758 4791 4924 
4759 
4760 
4761 4827 
4762 4858 4968 
4763 4945 
4764 4809 
4765 4779 
4766 
4767 4904 
4768 
4769 4875 
4770 4882 
4771 4797 
4772 4785 
4773 4945 4956 4994 
4774 4846 
4775 
4776 4823 
4777 
4778 4931 
4779 
4780 
4781 
4782 
4783 4833 
4784 4840 4946 4989 
4785 4831 4838 4857 
4786 4800 
4787 4865 
4788 
4789 
4790 
4791 4849 
4792 
4793 4870 
4794 4884 4943 
4795 4988 
4796 4942 
4797 
4798 
4799 
4800 
4801 
4802 4828 4927 
4803 
4804 4984 4987 
4805 4841 
4806 4894 
4807 
4808 4851 4937 
4809 
4810 
4811 4888 
4812 4917 4977 
4813 
4814 
4815 
4816 4894 
4817 
4818 
4819 4885 
4820 
4821 4990 
4822 
4823 
4824 4899 4960 4962 
4825 4950 
4826 
4827 4867 
4828 
4829 
4830 4984 
4831 
4832 
4833 
4834 
4835 4890 4966 
4836 4864 
4837 
4838 
4839 
4840 
4841 4888 
4842 4850 4993 
4843 
4844 
4845 
4846 
4847 
4848 
4849 
4850 4864 
4851 
4852 
4853 4993 
4854 4881 4957 
4855 
4856 
4857 
4858 
4859 4939 
4860 4939 4968 
4861 
4862 4947 
4863 
4864 
4865 
4866 
4867 
4868 
4869 4895 
4870 
4871 
4872 
4873 
4874 
4875 
4876 
4877 
4878 
4879 4881 
4880 
4881 
4882 
4883 
4884 4904 
4885 
4886 
4887 4975 
4888 
4889 4902 
4890 
4891 
4892 
4893 
4894 
4895 
4896 4941 
4897 
4898 4899 
4899 
4900 
4901 
4902 
4903 4914 
4904 
4905 
4906 
4907 
4908 4959 
4909 
4910 
4911 
4912 
4913 
4914 4930 
4915 
4916 
4917 4969 4989 
4918 
4919 
4920 
4921 
4922 
4923 
4924 4946 
4925 
4926 
4927 
4928 
4929 
4930 4980 
4931 
4932 4972 
4933 
4934 
4935 
4936 
4937 
4938 
4939 
4940 
4941 
4942 
4943 4976 
4944 4968 
4945 
4946 
4947 
4948 
4949 4988 
4950 
4951 
4952 
4953 
4954 
4955 4979 4999 
4956 
4957 
4958 
4959 
4960 
4961 
4962 4973 
4963 
4964 
4965 
4966 
4967 
4968 
4969 
4970 
4971 
4972 
4973 
4974 
4975 
4976 
4977 
4978 
4979 
4980 
4981 
4982 
4983 
4984 4986 
4985 
4986 
4987 
4988 
4989 
4990 
4991 
4992 
4993 
4994 
4995 
4996 
4997 
4998 
4999 
[0, 0, 0, 0, 0, 0, 0, 0, 0, 0, 0, 0, 0, 0, 0, 0, 0, 0, 0, 0, 0, 0, 0, 0, 0, 0, 0, 0, 0, 0, 0, 0, 0, 0, 0, 0, 0, 0, 0, 0, 0, 0, 0, 0, 0, 0, 0, 0, 0, 0, 0, 0, 0, 0, 0, 0, 0, 0, 0, 0, 0, 0, 0, 0, 0, 0, 0, 0, 0, 0, 0, 0, 0, 0, 0, 0, 0, 0, 0, 0, 0, 0, 0, 0, 0, 0, 0, 0, 0, 0, 0, 0, 0, 0, 0, 0, 0, 0, 0, 0, 0, 0, 0, 0, 0, 0, 0, 0, 0, 0, 0, 0, 0, 0, 0, 0, 0, 0, 0, 0, 0, 0, 0, 0, 0, 0, 0, 0, 0, 0, 0, 0, 0, 0, 0, 0, 0, 0, 0, 0, 0, 0, 0, 0, 0, 0, 0, 0, 0, 0, 0, 0, 0, 0, 0, 0, 0, 0, 0, 0, 0, 0, 0, 0, 0, 0, 0, 0, 0, 0, 0, 0, 0, 0, 0, 0, 0, 0, 0, 0, 0, 0, 0, 0, 0, 0, 0, 0, 0, 0, 0, 0, 0, 0, 0, 0, 0, 0, 0, 0, 0, 0, 0, 0, 0, 0, 0, 0, 0, 0, 0, 0, 0, 0, 0, 0, 0, 0, 0, 0, 0, 0, 0, 0, 0, 0, 0, 0, 0, 0, 0, 0, 0, 0, 0, 0, 0, 0, 0, 0, 0, 0, 0, 0, 0, 0, 0, 0, 0, 0, 0, 0, 0, 0, 0, 0, 0, 0, 0, 0, 0, 0, 0, 0, 0, 0, 0, 0, 0, 0, 0, 0, 0, 0, 0, 0, 0, 0, 0, 0, 0, 0, 0, 0, 0, 0, 0, 0, 0, 0, 0, 0, 0, 0, 0, 0, 0, 0, 0, 0, 0, 0, 0, 0, 0, 0, 0, 0, 0, 0, 0, 0, 0, 0, 0, 0, 0, 0, 0, 0, 0, 0, 0, 0, 0, 0, 0, 0, 0, 0, 0, 0, 0, 0, 0, 0, 0, 0, 0, 0, 0, 0, 0, 0, 0, 0, 0, 0, 0, 0, 0, 0, 0, 0, 0, 0, 0, 0, 0, 0, 0, 0, 0, 0, 0, 0, 0, 0, 0, 0, 0, 0, 0, 0, 0, 0, 0, 0, 0, 0, 0, 0, 0, 0, 0, 0, 0, 0, 0, 0, 0, 0, 0, 0, 0, 0, 0, 0, 0, 0, 0, 0, 0, 0, 0, 0, 0, 0, 0, 0, 0, 0, 0, 0, 0, 0, 0, 0, 0, 0, 0, 0, 0, 0, 0, 0, 0, 0, 0, 0, 0, 0, 0, 0, 0, 0, 0, 0, 0, 0, 0, 0, 0, 0, 0, 0, 0, 0, 0, 0, 0, 0, 0, 0, 0, 0, 0, 0, 0, 0, 0, 0, 0, 0, 0, 0, 0, 0, 0, 0, 0, 0, 0, 0, 0, 0, 0, 0, 0, 0, 0, 0, 0, 0, 0, 0, 0, 0, 0, 0, 0, 0, 0, 0, 0, 0, 0, 0, 0, 0, 0, 0, 0, 0, 0, 0, 0, 0, 0, 0, 0, 0, 0, 0, 0, 0, 0, 0, 0, 0, 0, 0, 0, 0, 0, 0, 0, 0, 0, 0, 0, 0, 0, 0, 0, 0, 0, 0, 0, 0, 0, 0, 0, 0, 0, 0, 0, 0, 0, 0, 0, 0, 0, 0, 0, 0, 0, 0, 0, 0, 0, 0, 0, 0, 0, 0, 0, 0, 0, 0, 0, 0, 0, 0, 0, 0, 0, 0, 0, 0, 0, 0, 0, 0, 0, 0, 0, 0, 0, 0, 0, 0, 0, 0, 0, 0, 0, 0, 0, 0, 0, 0, 0, 0, 0, 0, 0, 0, 0, 0, 0, 0, 0, 0, 0, 0, 0, 0, 0, 0, 0, 0, 0, 0, 0, 0, 0, 0, 0, 0, 0, 0, 0, 0, 0, 0, 0, 0, 0, 0, 0, 0, 0, 0, 0, 0, 0, 0, 0, 0, 0, 0, 0, 0, 0, 0, 0, 0, 0, 0, 0, 0, 0, 0, 0, 0, 0, 0, 0, 0, 0, 0, 0, 0, 0, 0, 0, 0, 0, 0, 0, 0, 0, 0, 0, 0, 0, 0, 0, 0, 0, 0, 0, 0, 0, 0, 0, 0, 0, 0, 0, 0, 0, 0, 0, 0, 0, 0, 0, 0, 0, 0, 0, 0, 0, 0, 0, 0, 0, 0, 0, 0, 0, 0, 0, 0, 0, 0, 0, 0, 0, 0, 0, 0, 0, 0, 0, 0, 0, 0, 0, 0, 0, 0, 0, 0, 0, 0, 0, 0, 0, 0, 0, 0, 0, 0, 0, 0, 0, 0, 0, 0, 0, 0, 0, 0, 0, 0, 0, 0, 0, 0, 0, 0, 0, 0, 0, 0, 0, 0, 0, 0, 0, 0, 0, 0, 0, 0, 0, 0, 0, 0, 0, 0, 0, 0, 0, 0, 0, 0, 0, 0, 0, 0, 0, 0, 0, 0, 0, 0, 0, 0, 0, 0, 0, 0, 0, 0, 0, 0, 0, 0, 0, 0, 0, 0, 0, 0, 0, 0, 0, 0, 0, 0, 0, 0, 0, 0, 0, 0, 0, 0, 0, 0, 0, 0, 0, 0, 0, 0, 0, 0, 0, 0, 0, 0, 0, 0, 0, 0, 0, 0, 0, 0, 0, 0, 0, 0, 0, 0, 0, 0, 0, 0, 0, 0, 0, 0, 0, 0, 0, 0, 0, 0, 0, 0, 0, 0, 0, 0, 0, 0, 0, 0, 0, 0, 0, 0, 0, 0, 0, 0, 0, 0, 0, 0, 0, 0, 0, 0, 0, 0, 0, 0, 0, 0, 0, 0, 0, 0, 0, 0, 0, 0, 0, 0, 0, 0, 0, 0, 0, 0, 0, 0, 0, 0, 0, 0, 0, 0, 0, 0, 0, 0, 0, 0, 0, 0, 0, 0, 0, 0, 0, 0, 0, 0, 0, 0, 0, 0, 0, 0, 0, 0, 0, 0, 0, 0, 0, 0, 0, 0, 0, 0, 0, 0, 0, 0, 0, 0, 0, 0, 0, 0, 0, 0, 0, 0, 0, 0, 0, 0, 0, 0, 0, 0, 0, 0, 0, 0, 1, 1, 1, 1, 1, 1, 1, 1, 1, 1, 1, 1, 1, 1, 1, 1, 1, 1, 1, 1, 1, 1, 1, 1, 1, 1, 1, 1, 1, 1, 1, 1, 1, 1, 1, 1, 1, 1, 1, 1, 1, 1, 1, 1, 1, 1, 1, 1, 1, 1, 1, 1, 1, 1, 1, 1, 1, 1, 1, 1, 1, 1, 1, 1, 1, 1, 1, 1, 1, 1, 1, 1, 1, 1, 1, 1, 1, 1, 1, 1, 1, 1, 1, 1, 1, 1, 1, 1, 1, 1, 1, 1, 1, 1, 1, 1, 1, 1, 1, 1, 1, 1, 1, 1, 1, 1, 1, 1, 1, 1, 1, 1, 1, 1, 1, 1, 1, 1, 1, 1, 1, 1, 1, 1, 1, 1, 1, 1, 1, 1, 1, 1, 1, 1, 1, 1, 1, 1, 1, 1, 1, 1, 1, 1, 1, 1, 1, 1, 1, 1, 1, 1, 1, 1, 1, 1, 1, 1, 1, 1, 1, 1, 1, 1, 1, 1, 1, 1, 1, 1, 1, 1, 1, 1, 1, 1, 1, 1, 1, 1, 1, 1, 1, 1, 1, 1, 1, 1, 1, 1, 1, 1, 1, 1, 1, 1, 1, 1, 1, 1, 1, 1, 1, 1, 1, 1, 1, 1, 1, 1, 1, 1, 1, 1, 1, 1, 1, 1, 1, 1, 1, 1, 1, 1, 1, 1, 1, 1, 1, 1, 1, 1, 1, 1, 1, 1, 1, 1, 1, 1, 1, 1, 1, 1, 1, 1, 1, 1, 1, 1, 1, 1, 1, 1, 1, 1, 1, 1, 1, 1, 1, 1, 1, 1, 1, 1, 1, 1, 1, 1, 1, 1, 1, 1, 1, 1, 1, 1, 1, 1, 1, 1, 1, 1, 1, 1, 1, 1, 1, 1, 1, 1, 1, 1, 1, 1, 1, 1, 1, 1, 1, 1, 1, 1, 1, 1, 1, 1, 1, 1, 1, 1, 1, 1, 1, 1, 1, 1, 1, 1, 1, 1, 1, 1, 1, 1, 1, 1, 1, 1, 1, 1, 1, 1, 1, 1, 1, 1, 1, 1, 1, 1, 1, 1, 1, 1, 1, 1, 1, 1, 1, 1, 1, 1, 1, 1, 1, 1, 1, 1, 1, 1, 1, 1, 1, 1, 1, 1, 1, 1, 1, 1, 1, 1, 1, 1, 1, 1, 1, 1, 1, 1, 1, 1, 1, 1, 1, 1, 1, 1, 1, 1, 1, 1, 1, 1, 1, 1, 1, 1, 1, 1, 1, 1, 1, 1, 1, 1, 1, 1, 1, 1, 1, 1, 1, 1, 1, 1, 1, 1, 1, 1, 1, 1, 1, 1, 1, 1, 1, 1, 1, 1, 1, 1, 1, 1, 1, 1, 1, 1, 1, 1, 1, 1, 1, 1, 1, 1, 1, 1, 1, 1, 1, 1, 1, 1, 1, 1, 1, 1, 1, 1, 1, 1, 1, 1, 1, 1, 1, 1, 1, 1, 1, 1, 1, 1, 1, 1, 1, 1, 1, 1, 1, 1, 1, 1, 1, 1, 1, 1, 1, 1, 1, 1, 1, 1, 1, 1, 1, 1, 1, 1, 1, 1, 1, 1, 1, 1, 1, 1, 1, 1, 1, 1, 1, 1, 1, 1, 1, 1, 1, 1, 1, 1, 1, 1, 1, 1, 1, 1, 1, 1, 1, 1, 1, 1, 1, 1, 1, 1, 1, 1, 1, 1, 1, 1, 1, 1, 1, 1, 1, 1, 1, 1, 1, 1, 1, 1, 1, 1, 1, 1, 1, 1, 1, 1, 1, 1, 1, 1, 1, 1, 1, 1, 1, 1, 1, 1, 1, 1, 1, 1, 1, 1, 1, 1, 1, 1, 1, 1, 1, 1, 1, 1, 1, 1, 1, 1, 1, 1, 1, 1, 1, 1, 1, 1, 1, 1, 1, 1, 1, 1, 1, 1, 1, 1, 1, 1, 1, 1, 1, 1, 1, 1, 1, 1, 1, 1, 1, 1, 1, 1, 1, 1, 1, 1, 1, 1, 1, 1, 1, 1, 1, 1, 1, 1, 1, 1, 1, 1, 1, 1, 1, 1, 1, 1, 1, 1, 1, 1, 1, 1, 1, 1, 1, 1, 1, 1, 1, 1, 1, 1, 1, 1, 1, 1, 1, 1, 1, 1, 1, 1, 1, 1, 1, 1, 1, 1, 1, 1, 1, 1, 1, 1, 1, 1, 1, 1, 1, 1, 1, 1, 1, 1, 1, 1, 1, 1, 1, 1, 1, 1, 1, 1, 1, 1, 1, 1, 1, 1, 1, 1, 1, 1, 1, 1, 1, 1, 1, 1, 1, 1, 1, 1, 1, 1, 1, 1, 1, 1, 1, 1, 1, 1, 1, 1, 1, 1, 1, 1, 1, 1, 1, 1, 1, 1, 1, 1, 1, 1, 1, 1, 1, 1, 1, 1, 1, 1, 1, 1, 1, 1, 1, 1, 1, 1, 1, 1, 1, 1, 1, 1, 1, 1, 1, 1, 1, 1, 1, 1, 1, 1, 1, 1, 1, 1, 1, 1, 1, 1, 1, 1, 1, 1, 1, 1, 1, 1, 1, 1, 1, 1, 1, 1, 1, 1, 1, 1, 1, 1, 1, 1, 1, 1, 1, 1, 1, 1, 1, 1, 1, 1, 1, 1, 1, 1, 1, 1, 1, 1, 1, 1, 1, 1, 1, 1, 1, 1, 1, 1, 1, 1, 1, 1, 1, 1, 1, 1, 1, 1, 1, 1, 1, 1, 1, 1, 1, 1, 1, 1, 1, 1, 1, 1, 1, 1, 1, 1, 1, 1, 1, 1, 1, 1, 1, 1, 1, 1, 1, 1, 1, 1, 1, 1, 1, 1, 1, 1, 1, 1, 1, 1, 1, 1, 1, 1, 1, 1, 1, 1, 1, 1, 1, 1, 1, 1, 1, 1, 1, 1, 1, 1, 1, 1, 1, 1, 1, 1, 1, 1, 1, 1, 1, 1, 1, 1, 1, 1, 1, 1, 1, 1, 1, 1, 1, 1, 1, 1, 1, 1, 1, 1, 1, 1, 1, 1, 1, 1, 1, 1, 1, 1, 1, 1, 1, 1, 1, 1, 1, 1, 1, 1, 1, 1, 1, 1, 1, 1, 1, 1, 1, 1, 1, 1, 1, 1, 1, 1, 1, 1, 1, 1, 1, 1, 1, 1, 1, 1, 1, 1, 2, 2, 2, 2, 2, 2, 2, 2, 2, 2, 2, 2, 2, 2, 2, 2, 2, 2, 2, 2, 2, 2, 2, 2, 2, 2, 2, 2, 2, 2, 2, 2, 2, 2, 2, 2, 2, 2, 2, 2, 2, 2, 2, 2, 2, 2, 2, 2, 2, 2, 2, 2, 2, 2, 2, 2, 2, 2, 2, 2, 2, 2, 2, 2, 2, 2, 2, 2, 2, 2, 2, 2, 2, 2, 2, 2, 2, 2, 2, 2, 2, 2, 2, 2, 2, 2, 2, 2, 2, 2, 2, 2, 2, 2, 2, 2, 2, 2, 2, 2, 2, 2, 2, 2, 2, 2, 2, 2, 2, 2, 2, 2, 2, 2, 2, 2, 2, 2, 2, 2, 2, 2, 2, 2, 2, 2, 2, 2, 2, 2, 2, 2, 2, 2, 2, 2, 2, 2, 2, 2, 2, 2, 2, 2, 2, 2, 2, 2, 2, 2, 2, 2, 2, 2, 2, 2, 2, 2, 2, 2, 2, 2, 2, 2, 2, 2, 2, 2, 2, 2, 2, 2, 2, 2, 2, 2, 2, 2, 2, 2, 2, 2, 2, 2, 2, 2, 2, 2, 2, 2, 2, 2, 2, 2, 2, 2, 2, 2, 2, 2, 2, 2, 2, 2, 2, 2, 2, 2, 2, 2, 2, 2, 2, 2, 2, 2, 2, 2, 2, 2, 2, 2, 2, 2, 2, 2, 2, 2, 2, 2, 2, 2, 2, 2, 2, 2, 2, 2, 2, 2, 2, 2, 2, 2, 2, 2, 2, 2, 2, 2, 2, 2, 2, 2, 2, 2, 2, 2, 2, 2, 2, 2, 2, 2, 2, 2, 2, 2, 2, 2, 2, 2, 2, 2, 2, 2, 2, 2, 2, 2, 2, 2, 2, 2, 2, 2, 2, 2, 2, 2, 2, 2, 2, 2, 2, 2, 2, 2, 2, 2, 2, 2, 2, 2, 2, 2, 2, 2, 2, 2, 2, 2, 2, 2, 2, 2, 2, 2, 2, 2, 2, 2, 2, 2, 2, 2, 2, 2, 2, 2, 2, 2, 2, 2, 2, 2, 2, 2, 2, 2, 2, 2, 2, 2, 2, 2, 2, 2, 2, 2, 2, 2, 2, 2, 2, 2, 2, 2, 2, 2, 2, 2, 2, 2, 2, 2, 2, 2, 2, 2, 2, 2, 2, 2, 2, 2, 2, 2, 2, 2, 2, 2, 2, 2, 2, 2, 2, 2, 2, 2, 2, 2, 2, 2, 2, 2, 2, 2, 2, 2, 2, 2, 2, 2, 2, 2, 2, 2, 2, 2, 2, 2, 2, 2, 2, 2, 2, 2, 2, 2, 2, 2, 2, 2, 2, 2, 2, 2, 2, 2, 2, 2, 2, 2, 2, 2, 2, 2, 2, 2, 2, 2, 2, 2, 2, 2, 2, 2, 2, 2, 2, 2, 2, 2, 2, 2, 2, 2, 2, 2, 2, 2, 2, 2, 2, 2, 2, 2, 2, 2, 2, 2, 2, 2, 2, 2, 2, 2, 2, 2, 2, 2, 2, 2, 2, 2, 2, 2, 2, 2, 2, 2, 2, 2, 2, 2, 2, 2, 2, 2, 2, 2, 2, 2, 2, 2, 2, 2, 2, 2, 2, 2, 2, 2, 2, 2, 2, 2, 2, 2, 2, 2, 2, 2, 2, 2, 2, 2, 2, 2, 2, 2, 2, 2, 2, 2, 2, 2, 2, 2, 2, 2, 2, 2, 2, 2, 2, 2, 2, 2, 2, 2, 2, 2, 2, 2, 2, 2, 2, 2, 2, 2, 2, 2, 2, 2, 2, 2, 2, 2, 2, 2, 2, 2, 2, 2, 2, 2, 2, 2, 2, 2, 2, 2, 2, 2, 2, 2, 2, 2, 2, 2, 2, 2, 2, 2, 2, 2, 2, 2, 2, 2, 2, 2, 2, 2, 2, 2, 2, 2, 2, 2, 2, 2, 2, 2, 2, 2, 2, 2, 2, 2, 2, 2, 2, 2, 2, 2, 2, 2, 2, 2, 2, 2, 2, 2, 2, 2, 2, 2, 2, 2, 2, 2, 2, 2, 2, 2, 2, 2, 2, 2, 2, 2, 2, 2, 2, 2, 2, 2, 2, 2, 2, 2, 2, 2, 2, 2, 2, 2, 2, 2, 2, 2, 2, 2, 2, 2, 2, 2, 2, 2, 2, 2, 2, 2, 2, 2, 2, 2, 2, 2, 2, 2, 2, 2, 2, 2, 2, 2, 2, 2, 2, 2, 2, 2, 2, 2, 2, 2, 2, 2, 2, 2, 2, 2, 2, 2, 2, 2, 2, 2, 2, 2, 2, 2, 2, 2, 2, 2, 2, 2, 2, 2, 2, 2, 2, 2, 2, 2, 2, 2, 2, 2, 2, 2, 2, 2, 2, 2, 2, 2, 2, 2, 2, 2, 2, 2, 2, 2, 2, 2, 2, 2, 2, 2, 2, 2, 2, 2, 2, 2, 2, 2, 2, 2, 2, 2, 2, 2, 2, 2, 2, 2, 2, 2, 2, 2, 2, 2, 2, 2, 2, 2, 2, 2, 2, 2, 2, 2, 2, 2, 2, 2, 2, 2, 2, 2, 2, 2, 2, 2, 2, 2, 2, 2, 2, 2, 2, 2, 2, 2, 2, 2, 2, 2, 2, 2, 2, 2, 2, 2, 2, 2, 2, 2, 2, 2, 2, 2, 2, 2, 2, 2, 2, 2, 2, 2, 2, 2, 2, 2, 2, 2, 2, 2, 2, 2, 2, 2, 2, 2, 2, 2, 2, 2, 2, 2, 2, 2, 2, 2, 2, 2, 2, 2, 2, 2, 2, 2, 2, 2, 2, 2, 2, 2, 2, 2, 2, 2, 2, 2, 2, 2, 2, 2, 2, 2, 2, 2, 2, 2, 2, 2, 2, 2, 2, 2, 2, 2, 2, 2, 2, 2, 2, 2, 2, 2, 2, 2, 2, 2, 2, 2, 2, 2, 2, 2, 2, 2, 2, 2, 2, 2, 2, 2, 2, 2, 2, 2, 2, 2, 2, 2, 2, 2, 2, 2, 2, 2, 2, 2, 2, 2, 2, 2, 2, 2, 2, 2, 2, 2, 2, 2, 2, 2, 2, 2, 2, 2, 2, 2, 2, 2, 2, 2, 2, 2, 2, 2, 2, 2, 2, 2, 2, 2, 2, 2, 2, 2, 2, 2, 2, 2, 2, 2, 2, 2, 2, 2, 3, 3, 3, 3, 3, 3, 3, 3, 3, 3, 3, 3, 3, 3, 3, 3, 3, 3, 3, 3, 3, 3, 3, 3, 3, 3, 3, 3, 3, 3, 3, 3, 3, 3, 3, 3, 3, 3, 3, 3, 3, 3, 3, 3, 3, 3, 3, 3, 3, 3, 3, 3, 3, 3, 3, 3, 3, 3, 3, 3, 3, 3, 3, 3, 3, 3, 3, 3, 3, 3, 3, 3, 3, 3, 3, 3, 3, 3, 3, 3, 3, 3, 3, 3, 3, 3, 3, 3, 3, 3, 3, 3, 3, 3, 3, 3, 3, 3, 3, 3, 3, 3, 3, 3, 3, 3, 3, 3, 3, 3, 3, 3, 3, 3, 3, 3, 3, 3, 3, 3, 3, 3, 3, 3, 3, 3, 3, 3, 3, 3, 3, 3, 3, 3, 3, 3, 3, 3, 3, 3, 3, 3, 3, 3, 3, 3, 3, 3, 3, 3, 3, 3, 3, 3, 3, 3, 3, 3, 3, 3, 3, 3, 3, 3, 3, 3, 3, 3, 3, 3, 3, 3, 3, 3, 3, 3, 3, 3, 3, 3, 3, 3, 3, 3, 3, 3, 3, 3, 3, 3, 3, 3, 3, 3, 3, 3, 3, 3, 3, 3, 3, 3, 3, 3, 3, 3, 3, 3, 3, 3, 3, 3, 3, 3, 3, 3, 3, 3, 3, 3, 3, 3, 3, 3, 3, 3, 3, 3, 3, 3, 3, 3, 3, 3, 3, 3, 3, 3, 3, 3, 3, 3, 3, 3, 3, 3, 3, 3, 3, 3, 3, 3, 3, 3, 3, 3, 3, 3, 3, 3, 3, 3, 3, 3, 3, 3, 3, 3, 3, 3, 3, 3, 3, 3, 3, 3, 3, 3, 3, 3, 3, 3, 3, 3, 3, 3, 3, 3, 3, 3, 3, 3, 3, 3, 3, 3, 3, 3, 3, 3, 3, 3, 3, 3, 3, 3, 3, 3, 3, 3, 3, 3, 3, 3, 3, 3, 3, 3, 3, 3, 3, 3, 3, 3, 3, 3, 3, 3, 3, 3, 3, 3, 3, 3, 3, 3, 3, 3, 3, 3, 3, 3, 3, 3, 3, 3, 3, 3, 3, 3, 3, 3, 3, 3, 3, 3, 3, 3, 3, 3, 3, 3, 3, 3, 3, 3, 3, 3, 3, 3, 3, 3, 3, 3, 3, 3, 3, 3, 3, 3, 3, 3, 3, 3, 3, 3, 3, 3, 3, 3, 3, 3, 3, 3, 3, 3, 3, 3, 3, 3, 3, 3, 3, 3, 3, 3, 3, 3, 3, 3, 3, 3, 3, 3, 3, 3, 3, 3, 3, 3, 3, 3, 3, 3, 3, 3, 3, 3, 3, 3, 3, 3, 3, 3, 3, 3, 3, 3, 3, 3, 3, 3, 3, 3, 3, 3, 3, 3, 3, 3, 3, 3, 3, 3, 3, 3, 3, 3, 3, 3, 3, 3, 3, 3, 3, 3, 3, 3, 3, 3, 3, 3, 3, 3, 3, 3, 3, 3, 3, 3, 3, 3, 3, 3, 3, 3, 3, 3, 3, 3, 3, 3, 3, 3, 3, 3, 3, 3, 3, 3, 3, 3, 3, 3, 3, 3, 3, 3, 3, 3, 3, 3, 3, 3, 3, 3, 3, 3, 3, 3, 3, 3, 3, 3, 3, 3, 3, 3, 3, 3, 3, 3, 3, 3, 3, 3, 3, 3, 3, 3, 3, 3, 3, 3, 3, 3, 3, 3, 3, 3, 3, 3, 3, 3, 3, 3, 3, 3, 3, 3, 3, 3, 3, 3, 3, 3, 3, 3, 3, 3, 3, 3, 3, 3, 3, 3, 3, 3, 3, 3, 3, 3, 3, 3, 3, 3, 3, 3, 3, 3, 3, 3, 3, 3, 3, 3, 3, 3, 3, 3, 3, 3, 3, 3, 3, 3, 3, 3, 3, 3, 3, 3, 3, 3, 3, 3, 3, 3, 3, 3, 3, 3, 3, 3, 3, 3, 3, 3, 3, 3, 3, 3, 3, 3, 3, 3, 3, 3, 3, 3, 3, 3, 3, 3, 3, 3, 3, 3, 3, 3, 3, 3, 3, 3, 3, 3, 3, 3, 3, 3, 3, 3, 3, 3, 3, 3, 3, 3, 3, 3, 3, 3, 3, 3, 3, 3, 3, 3, 3, 3, 3, 3, 3, 3, 3, 3, 3, 3, 3, 3, 3, 3, 3, 3, 3, 3, 3, 3, 3, 3, 3, 3, 3, 3, 3, 3, 3, 3, 3, 3, 3, 3, 3, 3, 3, 3, 3, 3, 3, 3, 3, 3, 3, 3, 3, 3, 3, 3, 3, 3, 3, 3, 3, 3, 3, 3, 3, 3, 3, 3, 3, 3, 3, 3, 3, 3, 3, 3, 3, 3, 3, 3, 3, 3, 3, 3, 3, 3, 3, 3, 3, 3, 3, 3, 3, 3, 3, 3, 3, 3, 3, 3, 3, 3, 3, 3, 3, 3, 3, 3, 3, 3, 3, 3, 3, 3, 3, 3, 3, 3, 3, 3, 3, 3, 3, 3, 3, 3, 3, 3, 3, 3, 3, 3, 3, 3, 3, 3, 3, 3, 3, 3, 3, 3, 3, 3, 3, 3, 3, 3, 3, 3, 3, 3, 3, 3, 3, 3, 3, 3, 3, 3, 3, 3, 3, 3, 3, 3, 3, 3, 3, 3, 3, 3, 3, 3, 3, 3, 3, 3, 3, 3, 3, 3, 3, 3, 3, 3, 3, 3, 3, 3, 3, 3, 3, 3, 3, 3, 3, 3, 3, 3, 3, 3, 3, 3, 3, 3, 3, 3, 3, 3, 3, 3, 3, 3, 3, 3, 3, 3, 3, 3, 3, 3, 3, 3, 3, 3, 3, 3, 3, 3, 3, 3, 3, 3, 3, 3, 3, 3, 3, 3, 3, 3, 3, 3, 3, 3, 3, 3, 3, 3, 3, 3, 3, 3, 3, 3, 3, 3, 3, 3, 3, 3, 3, 3, 3, 3, 3, 3, 3, 3, 3, 3, 3, 3, 3, 3, 3, 3, 3, 3, 3, 3, 3, 3, 3, 3, 3, 3, 3, 3, 3, 3, 3, 3, 3, 3, 3, 3, 3, 3, 3, 3, 3, 3, 3, 3, 3, 3, 3, 3, 3, 3, 3, 3, 3, 3, 3, 3, 3, 3, 3, 3, 3, 3, 3, 3, 3, 3, 4, 4, 4, 4, 4, 4, 4, 4, 4, 4, 4, 4, 4, 4, 4, 4, 4, 4, 4, 4, 4, 4, 4, 4, 4, 4, 4, 4, 4, 4, 4, 4, 4, 4, 4, 4, 4, 4, 4, 4, 4, 4, 4, 4, 4, 4, 4, 4, 4, 4, 4, 4, 4, 4, 4, 4, 4, 4, 4, 4, 4, 4, 4, 4, 4, 4, 4, 4, 4, 4, 4, 4, 4, 4, 4, 4, 4, 4, 4, 4, 4, 4, 4, 4, 4, 4, 4, 4, 4, 4, 4, 4, 4, 4, 4, 4, 4, 4, 4, 4, 4, 4, 4, 4, 4, 4, 4, 4, 4, 4, 4, 4, 4, 4, 4, 4, 4, 4, 4, 4, 4, 4, 4, 4, 4, 4, 4, 4, 4, 4, 4, 4, 4, 4, 4, 4, 4, 4, 4, 4, 4, 4, 4, 4, 4, 4, 4, 4, 4, 4, 4, 4, 4, 4, 4, 4, 4, 4, 4, 4, 4, 4, 4, 4, 4, 4, 4, 4, 4, 4, 4, 4, 4, 4, 4, 4, 4, 4, 4, 4, 4, 4, 4, 4, 4, 4, 4, 4, 4, 4, 4, 4, 4, 4, 4, 4, 4, 4, 4, 4, 4, 4, 4, 4, 4, 4, 4, 4, 4, 4, 4, 4, 4, 4, 4, 4, 4, 4, 4, 4, 4, 4, 4, 4, 4, 4, 4, 4, 4, 4, 4, 4, 4, 4, 4, 4, 4, 4, 4, 4, 4, 4, 4, 4, 4, 4, 4, 4, 4, 4, 4, 4, 4, 4, 4, 4, 4, 4, 4, 4, 4, 4, 4, 4, 4, 4, 4, 4, 4, 4, 4, 4, 4, 4, 4, 4, 4, 4, 4, 4, 4, 4, 4, 4, 4, 4, 4, 4, 4, 4, 4, 4, 4, 4, 4, 4, 4, 4, 4, 4, 4, 4, 4, 4, 4, 4, 4, 4, 4, 4, 4, 4, 4, 4, 4, 4, 4, 4, 4, 4, 4, 4, 4, 4, 4, 4, 4, 4, 4, 4, 4, 4, 4, 4, 4, 4, 4, 4, 4, 4, 4, 4, 4, 4, 4, 4, 4, 4, 4, 4, 4, 4, 4, 4, 4, 4, 4, 4, 4, 4, 4, 4, 4, 4, 4, 4, 4, 4, 4, 4, 4, 4, 4, 4, 4, 4, 4, 4, 4, 4, 4, 4, 4, 4, 4, 4, 4, 4, 4, 4, 4, 4, 4, 4, 4, 4, 4, 4, 4, 4, 4, 4, 4, 4, 4, 4, 4, 4, 4, 4, 4, 4, 4, 4, 4, 4, 4, 4, 4, 4, 4, 4, 4, 4, 4, 4, 4, 4, 4, 4, 4, 4, 4, 4, 4, 4, 4, 4, 4, 4, 4, 4, 4, 4, 4, 4, 4, 4, 4, 4, 4, 4, 4, 4, 4, 4, 4, 4, 4, 4, 4, 4, 4, 4, 4, 4, 4, 4, 4, 4, 4, 4, 4, 4, 4, 4, 4, 4, 4, 4, 4, 4, 4, 4, 4, 4, 4, 4, 4, 4, 4, 4, 4, 4, 4, 4, 4, 4, 4, 4, 4, 4, 4, 4, 4, 4, 4, 4, 4, 4, 4, 4, 4, 4, 4, 4, 4, 4, 4, 4, 4, 4, 4, 4, 4, 4, 4, 4, 4, 4, 4, 4, 4, 4, 4, 4, 4, 4, 4, 4, 4, 4, 4, 4, 4, 4, 4, 4, 4, 4, 4, 4, 4, 4, 4, 4, 4, 4, 4, 4, 4, 4, 4, 4, 4, 4, 4, 4, 4, 4, 4, 4, 4, 4, 4, 4, 4, 4, 4, 4, 4, 4, 4, 4, 4, 4, 4, 4, 4, 4, 4, 4, 4, 4, 4, 4, 4, 4, 4, 4, 4, 4, 4, 4, 4, 4, 4, 4, 4, 4, 4, 4, 4, 4, 4, 4, 4, 4, 4, 4, 4, 4, 4, 4, 4, 4, 4, 4, 4, 4, 4, 4, 4, 4, 4, 4, 4, 4, 4, 4, 4, 4, 4, 4, 4, 4, 4, 4, 4, 4, 4, 4, 4, 4, 4, 4, 4, 4, 4, 4, 4, 4, 4, 4, 4, 4, 4, 4, 4, 4, 4, 4, 4, 4, 4, 4, 4, 4, 4, 4, 4, 4, 4, 4, 4, 4, 4, 4, 4, 4, 4, 4, 4, 4, 4, 4, 4, 4, 4, 4, 4, 4, 4, 4, 4, 4, 4, 4, 4, 4, 4, 4, 4, 4, 4, 4, 4, 4, 4, 4, 4, 4, 4, 4, 4, 4, 4, 4, 4, 4, 4, 4, 4, 4, 4, 4, 4, 4, 4, 4, 4, 4, 4, 4, 4, 4, 4, 4, 4, 4, 4, 4, 4, 4, 4, 4, 4, 4, 4, 4, 4, 4, 4, 4, 4, 4, 4, 4, 4, 4, 4, 4, 4, 4, 4, 4, 4, 4, 4, 4, 4, 4, 4, 4, 4, 4, 4, 4, 4, 4, 4, 4, 4, 4, 4, 4, 4, 4, 4, 4, 4, 4, 4, 4, 4, 4, 4, 4, 4, 4, 4, 4, 4, 4, 4, 4, 4, 4, 4, 4, 4, 4, 4, 4, 4, 4, 4, 4, 4, 4, 4, 4, 4, 4, 4, 4, 4, 4, 4, 4, 4, 4, 4, 4, 4, 4, 4, 4, 4, 4, 4, 4, 4, 4, 4, 4, 4, 4, 4, 4, 4, 4, 4, 4, 4, 4, 4, 4, 4, 4, 4, 4, 4, 4, 4, 4, 4, 4, 4, 4, 4, 4, 4, 4, 4, 4, 4, 4, 4, 4, 4, 4, 4, 4, 4, 4, 4, 4, 4, 4, 4, 4, 4, 4, 4, 4, 4, 4, 4, 4, 4, 4, 4, 4, 4, 4, 4, 4, 4, 4, 4, 4, 4, 4, 4, 4, 4, 4, 4, 4, 4, 4, 4, 4, 4, 4, 4, 4, 4, 4, 4, 4, 4, 4, 4, 4, 4, 4, 4, 4, 4, 4, 4, 4, 4, 4, 4, 4, 4, 4, 4, 4, 4, 4, 4, 4, 4, 4, 4, 4, 4, 4, 4, 4, 4, 4, 4, 4, 4, 4, 4, 4, 4, 4, 4, 4, 4, 4, 4, 4, 4, 4, 4, 4, 4, 4, 4, 4, 4, 4]