0 99 
1 7 65 
2 36 98 
3 71 
4 58 66 
5 49 219 
6 15 52 
7 
8 16 400 
9 75 499 
10 19 37 99 
11 
12 81 
13 32 61 442 
14 39 60 133 
15 39 46 61 82 332 
16 331 
17 82 
18 386 
19 63 88 
20 64 
21 78 99 
22 25 69 91 168 
23 47 79 499 
24 
25 
26 97 
27 70 
28 82 95 96 445 
29 38 
30 62 69 
31 42 103 
32 77 409 
33 363 403 
34 79 178 
35 50 70 
36 60 
37 
38 58 79 
39 260 
40 46 118 
41 94 
42 242 494 
43 89 
44 72 
45 83 
46 342 
47 101 
48 208 
49 
50 99 153 
51 
52 244 
53 58 258 335 
54 180 410 
55 
56 
57 
58 91 96 
59 65 80 
60 177 
61 76 121 
62 181 247 296 
63 
64 349 
65 258 
66 397 497 
67 97 
68 308 
69 76 354 
70 206 215 
71 281 
72 
73 96 
74 83 333 478 
75 303 
76 259 
77 289 
78 302 
79 
80 
81 
82 134 442 474 
83 
84 
85 430 
86 
87 162 
88 
89 181 486 
90 
91 
92 
93 338 345 
94 292 
95 241 
96 127 167 489 
97 
98 318 
99 
100 170 184 271 
101 161 165 232 444 
102 
103 161 
104 
105 269 
106 272 354 
107 109 183 
108 148 154 
109 
110 140 
111 124 307 337 
112 142 153 462 
113 
114 144 
115 140 172 
116 139 196 328 
117 
118 427 
119 128 
120 267 
121 174 
122 
123 141 142 
124 138 175 197 276 
125 252 
126 
127 166 
128 175 179 
129 184 
130 156 189 438 
131 150 426 
132 145 
133 191 194 337 
134 177 397 
135 185 
136 151 168 196 
137 181 
138 182 194 
139 143 335 
140 147 266 
141 
142 167 
143 155 156 
144 151 189 
145 159 483 
146 462 
147 156 
148 195 
149 167 249 
150 
151 
152 228 
153 397 416 
154 
155 182 320 
156 182 
157 
158 176 464 
159 195 
160 
161 182 189 
162 243 
163 175 
164 172 
165 210 
166 
167 
168 202 
169 188 196 
170 
171 
172 173 248 
173 
174 194 277 
175 368 396 
176 179 194 364 
177 194 259 
178 191 312 
179 195 
180 401 
181 184 458 
182 322 417 
183 
184 196 
185 
186 194 
187 
188 
189 
190 
191 192 197 361 
192 
193 
194 464 
195 
196 
197 485 
198 341 451 
199 460 
200 221 243 245 
201 234 262 297 
202 248 252 
203 223 289 430 
204 244 245 263 
205 252 472 
206 241 292 
207 287 
208 
209 212 215 269 
210 247 263 
211 
212 253 
213 254 292 487 
214 248 380 
215 244 249 273 
216 361 494 
217 
218 
219 
220 252 265 272 
221 246 255 
222 254 279 
223 
224 356 
225 234 250 266 272 
226 242 248 284 
227 419 
228 305 
229 262 291 
230 241 266 
231 329 
232 269 438 
233 298 331 361 
234 
235 278 
236 
237 491 
238 290 
239 250 275 
240 256 261 405 
241 
242 290 
243 
244 340 
245 263 
246 275 
247 253 257 
248 258 
249 
250 
251 413 
252 
253 380 
254 
255 
256 
257 
258 
259 280 297 442 
260 
261 285 
262 266 408 
263 
264 
265 
266 281 
267 
268 276 284 
269 273 290 349 
270 286 451 
271 
272 
273 
274 
275 
276 
277 283 295 368 421 466 
278 287 297 
279 282 297 298 
280 296 407 
281 
282 284 295 
283 
284 
285 
286 468 
287 340 356 397 
288 
289 326 
290 
291 371 
292 
293 
294 
295 
296 
297 
298 
299 
300 
301 326 388 
302 
303 321 371 
304 383 462 
305 322 376 420 
306 
307 316 324 325 334 485 
308 390 
309 378 379 
310 382 394 
311 366 454 
312 319 372 
313 336 366 
314 
315 333 
316 335 382 
317 322 
318 345 398 
319 328 361 
320 397 
321 327 479 
322 333 
323 341 345 368 392 
324 
325 390 
326 375 387 
327 341 342 
328 384 393 
329 344 347 385 
330 342 363 389 393 
331 334 381 
332 336 365 
333 343 
334 427 
335 
336 
337 381 
338 
339 
340 
341 
342 356 364 
343 379 
344 
345 367 398 469 
346 
347 382 
348 446 
349 398 
350 351 380 381 
351 
352 396 
353 378 
354 
355 371 
356 390 
357 392 
358 
359 384 
360 
361 
362 372 392 
363 469 
364 378 
365 372 429 
366 
367 
368 393 
369 370 392 
370 372 411 
371 
372 
373 
374 
375 
376 386 498 
377 
378 
379 
380 
381 391 397 
382 
383 
384 
385 
386 
387 443 448 
388 
389 
390 
391 
392 
393 
394 
395 462 
396 418 
397 
398 
399 
400 433 471 
401 479 
402 
403 
404 492 
405 445 
406 446 476 
407 419 439 447 453 481 
408 443 
409 
410 
411 437 456 
412 426 483 
413 
414 444 
415 432 
416 462 477 
417 447 
418 429 430 435 440 
419 425 447 
420 421 477 478 
421 439 
422 439 473 
423 
424 487 
425 489 
426 439 464 486 
427 432 
428 444 
429 
430 489 
431 435 462 
432 
433 441 
434 444 451 
435 448 465 
436 467 
437 473 
438 493 
439 
440 486 
441 
442 
443 479 
444 469 
445 
446 455 468 475 
447 466 
448 460 
449 
450 
451 489 
452 469 
453 468 
454 
455 481 
456 477 495 
457 473 
458 
459 
460 
461 473 483 495 
462 479 
463 
464 
465 
466 
467 491 
468 487 
469 475 
470 472 480 
471 
472 
473 
474 
475 
476 488 
477 
478 
479 
480 497 
481 
482 
483 498 
484 
485 492 493 
486 
487 
488 
489 
490 
491 
492 
493 
494 
495 
496 
497 
498 
499 
[0, 0, 0, 0, 0, 0, 0, 0, 0, 0, 0, 0, 0, 0, 0, 0, 0, 0, 0, 0, 0, 0, 0, 0, 0, 0, 0, 0, 0, 0, 0, 0, 0, 0, 0, 0, 0, 0, 0, 0, 0, 0, 0, 0, 0, 0, 0, 0, 0, 0, 0, 0, 0, 0, 0, 0, 0, 0, 0, 0, 0, 0, 0, 0, 0, 0, 0, 0, 0, 0, 0, 0, 0, 0, 0, 0, 0, 0, 0, 0, 0, 0, 0, 0, 0, 0, 0, 0, 0, 0, 0, 0, 0, 0, 0, 0, 0, 0, 0, 0, 1, 1, 1, 1, 1, 1, 1, 1, 1, 1, 1, 1, 1, 1, 1, 1, 1, 1, 1, 1, 1, 1, 1, 1, 1, 1, 1, 1, 1, 1, 1, 1, 1, 1, 1, 1, 1, 1, 1, 1, 1, 1, 1, 1, 1, 1, 1, 1, 1, 1, 1, 1, 1, 1, 1, 1, 1, 1, 1, 1, 1, 1, 1, 1, 1, 1, 1, 1, 1, 1, 1, 1, 1, 1, 1, 1, 1, 1, 1, 1, 1, 1, 1, 1, 1, 1, 1, 1, 1, 1, 1, 1, 1, 1, 1, 1, 1, 1, 1, 1, 2, 2, 2, 2, 2, 2, 2, 2, 2, 2, 2, 2, 2, 2, 2, 2, 2, 2, 2, 2, 2, 2, 2, 2, 2, 2, 2, 2, 2, 2, 2, 2, 2, 2, 2, 2, 2, 2, 2, 2, 2, 2, 2, 2, 2, 2, 2, 2, 2, 2, 2, 2, 2, 2, 2, 2, 2, 2, 2, 2, 2, 2, 2, 2, 2, 2, 2, 2, 2, 2, 2, 2, 2, 2, 2, 2, 2, 2, 2, 2, 2, 2, 2, 2, 2, 2, 2, 2, 2, 2, 2, 2, 2, 2, 2, 2, 2, 2, 2, 2, 3, 3, 3, 3, 3, 3, 3, 3, 3, 3, 3, 3, 3, 3, 3, 3, 3, 3, 3, 3, 3, 3, 3, 3, 3, 3, 3, 3, 3, 3, 3, 3, 3, 3, 3, 3, 3, 3, 3, 3, 3, 3, 3, 3, 3, 3, 3, 3, 3, 3, 3, 3, 3, 3, 3, 3, 3, 3, 3, 3, 3, 3, 3, 3, 3, 3, 3, 3, 3, 3, 3, 3, 3, 3, 3, 3, 3, 3, 3, 3, 3, 3, 3, 3, 3, 3, 3, 3, 3, 3, 3, 3, 3, 3, 3, 3, 3, 3, 3, 3, 4, 4, 4, 4, 4, 4, 4, 4, 4, 4, 4, 4, 4, 4, 4, 4, 4, 4, 4, 4, 4, 4, 4, 4, 4, 4, 4, 4, 4, 4, 4, 4, 4, 4, 4, 4, 4, 4, 4, 4, 4, 4, 4, 4, 4, 4, 4, 4, 4, 4, 4, 4, 4, 4, 4, 4, 4, 4, 4, 4, 4, 4, 4, 4, 4, 4, 4, 4, 4, 4, 4, 4, 4, 4, 4, 4, 4, 4, 4, 4, 4, 4, 4, 4, 4, 4, 4, 4, 4, 4, 4, 4, 4, 4, 4, 4, 4, 4, 4, 4]