0 284 823 916 1472 
1 393 562 880 3715 
2 51 669 1416 
3 350 1093 1243 1245 1654 3104 
4 2122 
5 
6 507 
7 638 706 889 
8 
9 
10 244 996 1450 
11 286 688 2342 
12 1357 3480 3594 
13 
14 438 512 822 2598 
15 980 1155 2264 
16 249 1195 3726 
17 618 768 1054 1170 
18 207 632 888 898 1071 1521 
19 546 
20 
21 1639 
22 288 803 1475 
23 467 584 1240 4206 
24 353 1286 
25 
26 274 476 844 
27 469 644 982 1594 
28 4009 
29 147 431 1198 1398 1580 
30 663 1208 2634 3333 
31 503 
32 600 1387 1449 
33 857 
34 
35 433 501 
36 522 2726 
37 372 533 621 1517 2454 
38 149 292 871 1309 3914 
39 419 793 958 1245 
40 322 566 1389 
41 1092 
42 1343 1351 
43 664 3263 
44 54 3657 
45 796 1406 1794 
46 596 1664 
47 60 1112 1138 4124 
48 1492 
49 741 
50 1465 1563 
51 114 684 1586 
52 761 4018 
53 736 1282 
54 144 
55 649 1327 
56 
57 
58 1065 1279 
59 1232 1665 
60 
61 273 458 3531 4674 
62 1108 1203 
63 447 
64 846 1392 3181 4679 
65 288 456 732 1036 3446 
66 1038 1089 
67 336 
68 455 1220 1367 2931 
69 
70 283 
71 854 1426 2646 
72 746 910 1384 
73 473 
74 1478 1717 
75 987 1171 1647 
76 822 1374 
77 142 256 
78 378 
79 774 937 1068 
80 812 1343 2046 3672 
81 456 2331 
82 1432 
83 716 2023 
84 154 333 965 1446 
85 
86 1591 
87 508 1402 
88 168 1258 
89 1017 1852 4139 
90 1086 1204 1461 1584 
91 1655 2409 
92 1211 
93 
94 535 
95 816 
96 2902 
97 
98 173 1623 
99 4912 
100 
101 609 925 1225 1438 
102 177 3892 
103 160 1659 
104 1137 1449 1535 
105 573 1509 3935 
106 
107 873 2519 
108 504 621 1640 
109 1635 
110 
111 486 969 1220 
112 1309 
113 
114 181 1097 
115 183 317 516 1428 
116 665 1134 1295 
117 645 1208 1382 1620 3690 
118 
119 1480 
120 935 1168 1635 
121 
122 1479 
123 704 1134 
124 698 924 3585 
125 1585 1654 4433 
126 869 1244 
127 1628 2784 
128 
129 
130 857 
131 1409 4770 
132 
133 460 
134 354 
135 404 683 1432 
136 365 700 1097 1471 1642 
137 749 4048 
138 2432 
139 903 
140 1197 1287 1288 
141 1454 
142 1085 
143 514 977 2948 
144 1216 
145 
146 387 621 3341 
147 1153 1368 1503 3652 
148 
149 172 1014 1292 1420 
150 163 
151 357 397 
152 173 259 
153 183 241 273 816 1638 
154 380 874 897 
155 1426 
156 1056 1954 2706 
157 239 819 920 973 
158 1035 1055 4146 
159 
160 710 1276 1464 1566 
161 211 2112 
162 446 
163 1524 
164 899 
165 592 3988 4689 
166 
167 474 757 1604 1611 3297 
168 670 781 936 1214 1468 
169 1025 1209 4786 
170 275 827 1211 1486 1490 3546 
171 1089 
172 1141 1619 
173 585 1214 1396 
174 1431 
175 423 505 731 1212 1468 2119 4826 
176 1307 
177 538 1077 1402 3189 
178 315 1206 
179 712 891 
180 668 696 3937 
181 423 1259 1423 3876 
182 750 1385 1397 
183 207 1353 
184 
185 1071 2794 
186 
187 502 738 1021 
188 611 1239 1606 2178 3755 
189 1257 1363 1563 2402 
190 
191 630 801 970 
192 1082 1402 
193 487 1382 
194 296 493 858 1070 2191 
195 281 3480 
196 842 928 1423 
197 1158 4591 
198 274 1443 
199 638 3478 
200 1283 3084 
201 614 896 3907 
202 1244 
203 736 4194 
204 1417 1451 
205 1132 
206 1318 
207 472 
208 809 1602 
209 225 736 
210 1038 4751 
211 255 527 1354 
212 971 3789 
213 223 453 1181 1511 
214 1420 
215 831 1178 1282 1311 1373 1394 2906 4767 
216 
217 397 
218 1223 
219 2348 
220 274 
221 1668 1770 
222 
223 269 630 
224 1466 3889 
225 543 1025 
226 
227 1486 
228 599 633 649 
229 803 3372 
230 510 781 4919 
231 780 982 1600 
232 857 
233 288 1238 
234 781 863 1443 
235 340 378 1528 
236 954 1131 1213 
237 873 2424 
238 357 4321 
239 394 432 572 1178 
240 328 3290 
241 2194 
242 820 1367 1513 1570 1603 1619 
243 565 4020 
244 1033 
245 740 1325 
246 775 1238 1611 1615 
247 
248 688 
249 742 1421 
250 850 2211 
251 396 649 820 
252 
253 876 954 1660 
254 484 
255 
256 371 1535 1633 
257 266 1419 1630 2709 2947 3673 
258 898 
259 4540 
260 306 990 1216 
261 833 1337 
262 547 1016 1587 
263 
264 412 1436 
265 378 490 
266 956 1108 
267 1390 
268 1067 1637 2178 4976 
269 617 963 3105 
270 1163 1436 1614 
271 368 416 800 930 
272 761 1195 1291 1380 
273 531 726 2907 4396 
274 
275 340 520 622 3171 4539 
276 675 
277 1161 
278 489 872 
279 1227 1601 
280 974 1134 1430 2710 
281 323 532 
282 1031 1486 2070 
283 447 843 
284 1473 
285 3605 
286 311 
287 1026 4374 
288 468 1153 
289 369 1018 1104 2054 
290 617 1103 
291 1522 
292 511 2383 
293 513 
294 1411 1494 
295 785 
296 372 524 3224 
297 316 1344 
298 1165 1284 
299 739 
300 523 1371 2136 
301 4423 
302 690 1204 
303 1320 
304 1548 
305 1633 
306 895 4902 
307 1556 
308 1140 
309 1500 1603 
310 1276 1572 2299 
311 1786 2922 
312 340 1081 1575 4904 
313 3926 
314 867 
315 668 
316 349 1268 
317 1612 3012 
318 410 
319 1649 
320 778 1655 
321 494 689 915 1600 
322 568 905 1354 3298 
323 1105 
324 1237 1630 
325 735 1645 
326 2085 3835 
327 1028 1533 2869 4768 
328 2282 
329 1122 
330 2724 
331 828 1094 1255 1490 
332 851 942 1012 
333 424 
334 882 
335 507 535 583 1048 1204 
336 3658 
337 1088 
338 1109 
339 607 695 1053 1488 3350 
340 803 1360 
341 2349 
342 597 733 875 
343 
344 571 1313 
345 784 1346 1411 
346 1653 
347 882 1584 1988 
348 1553 2410 
349 617 
350 1369 
351 358 954 2128 
352 2516 
353 663 839 
354 1934 
355 1279 1280 1559 2136 2265 3590 
356 1030 
357 
358 1304 
359 523 4490 
360 1652 
361 1312 4674 
362 1475 1476 2925 
363 584 956 1204 1403 2850 
364 740 1342 
365 1479 4356 
366 
367 524 1051 1213 1489 
368 
369 
370 
371 917 1164 3111 
372 2143 
373 1536 
374 724 893 3325 
375 718 855 1393 
376 
377 
378 1539 
379 751 846 2909 
380 
381 1144 1389 4628 
382 
383 1414 2998 4818 
384 932 
385 717 1361 4416 
386 430 4889 
387 598 
388 570 636 787 
389 633 
390 
391 1330 3771 
392 4571 
393 3756 
394 1544 1731 
395 576 1185 
396 808 914 920 958 1058 
397 459 499 1669 
398 739 1289 
399 529 1287 2347 
400 1504 
401 
402 4138 
403 723 1148 
404 882 1328 1639 
405 911 983 1231 
406 435 1550 
407 1246 1338 
408 3080 
409 1236 1253 3934 
410 4925 
411 713 859 866 1205 1332 
412 435 601 1194 1268 1427 1504 1611 
413 1139 1565 3673 
414 2064 
415 607 
416 1299 1317 1570 2538 
417 437 1239 3422 
418 800 3556 4381 
419 
420 
421 784 
422 1537 1649 1844 
423 
424 540 790 1213 
425 968 1380 3780 
426 1558 
427 1480 
428 3252 
429 1153 1421 1852 
430 1148 
431 1305 4463 
432 1091 1363 1587 2168 4080 
433 1149 1214 2218 
434 460 855 2035 
435 1448 1514 1721 3319 
436 570 
437 1034 3159 
438 1658 
439 1502 1554 2324 2493 4347 
440 1015 1192 
441 650 
442 898 
443 541 1084 
444 1386 1457 1592 
445 670 
446 544 747 968 985 1265 
447 857 
448 
449 1148 
450 1380 1478 
451 1470 3564 
452 1317 
453 3855 
454 
455 1264 
456 602 3908 
457 646 
458 824 1068 
459 4618 
460 995 1515 1551 
461 604 1463 1556 
462 4784 
463 945 
464 1216 
465 1077 1339 1595 
466 4852 4894 4938 
467 993 3546 
468 970 1226 1640 
469 1491 
470 1276 2836 
471 
472 3236 
473 
474 959 1295 
475 1542 4739 
476 1072 1178 
477 835 976 
478 1357 1478 
479 4118 
480 1474 
481 710 
482 507 1115 2439 2928 
483 
484 736 1194 1465 
485 488 1043 
486 2349 3543 
487 938 1274 1601 
488 930 
489 698 1177 2333 
490 604 1305 1503 
491 1019 1323 1414 3447 
492 712 1602 
493 
494 
495 618 901 
496 
497 
498 1513 
499 1424 1511 
500 782 1482 3916 
501 1127 1570 4082 
502 714 4194 
503 1259 1346 
504 642 787 884 2249 
505 2033 2973 
506 1620 3786 
507 1544 1905 1935 2510 
508 702 3977 
509 
510 881 4524 
511 1498 
512 724 903 
513 1106 1207 2736 
514 956 1460 1654 
515 846 1379 1522 4779 
516 4693 
517 1310 3282 
518 
519 2569 
520 1255 1257 1492 2033 
521 789 1214 1261 
522 668 3494 
523 1330 1504 
524 1617 3354 4771 
525 863 1349 
526 974 4307 
527 
528 
529 1440 
530 
531 679 1520 
532 620 940 1188 1495 
533 
534 1450 
535 984 1331 
536 
537 936 1001 1376 
538 1108 3435 
539 1028 1328 1422 1571 4506 
540 
541 597 762 1556 
542 
543 
544 717 1255 
545 668 
546 4794 
547 841 1251 
548 
549 
550 719 827 932 1277 3099 4457 4837 
551 3381 
552 1141 
553 1107 
554 1275 
555 683 2873 
556 1031 2288 3452 
557 834 
558 
559 
560 1067 
561 674 772 882 1184 
562 
563 1347 
564 1616 
565 1473 2819 
566 2572 
567 
568 
569 918 1482 1484 1810 4044 4889 
570 626 
571 
572 1066 1300 
573 1064 
574 1080 1436 
575 1183 1190 
576 657 683 
577 945 1582 
578 624 
579 1628 3981 4415 
580 1155 
581 846 1134 1646 4269 
582 736 1333 2902 4953 
583 584 873 2878 4409 
584 1830 3088 
585 644 1444 
586 873 
587 1402 
588 835 1273 1430 2330 2546 
589 1159 1427 1593 
590 1404 
591 1281 
592 725 864 1007 
593 3816 
594 992 
595 995 1759 
596 
597 
598 1247 1413 2290 
599 4152 
600 
601 
602 1910 
603 865 4361 
604 
605 1081 1350 3231 
606 
607 1197 
608 719 2515 
609 1422 3630 
610 
611 711 2574 
612 1907 2947 
613 760 2838 
614 1040 
615 1181 
616 3567 3987 
617 644 748 813 
618 
619 668 1083 
620 1122 1366 3171 3761 
621 1113 4154 
622 1286 
623 1530 1903 
624 1421 
625 710 857 
626 638 
627 816 1694 
628 1389 3251 
629 852 1664 
630 855 896 1012 1132 
631 1245 4735 
632 2336 
633 661 2667 
634 
635 3362 4850 
636 1351 3652 3998 
637 
638 2950 3149 4004 
639 1004 1069 1577 
640 910 1558 4536 
641 4986 
642 1025 
643 1568 
644 1095 2109 
645 1274 1295 
646 1444 1589 
647 1221 1449 1515 
648 707 1087 
649 972 2094 
650 819 1065 4218 
651 1343 4182 
652 705 1105 
653 2513 
654 
655 4171 
656 940 
657 999 1111 
658 726 982 
659 922 3483 
660 1139 1390 
661 
662 757 1104 
663 1338 2071 
664 929 
665 1327 2546 
666 729 747 1234 1646 
667 3268 
668 
669 2881 
670 678 1098 1493 
671 
672 2518 
673 1069 1165 
674 
675 1155 
676 3805 
677 1500 1521 4260 
678 1357 3119 
679 
680 1625 
681 690 1159 1264 
682 3811 
683 1467 
684 4064 
685 1180 
686 1228 1229 1440 
687 
688 
689 702 1563 
690 
691 950 1427 1448 
692 1626 
693 884 2925 
694 1211 2264 
695 1966 
696 1068 1252 
697 1027 4031 
698 
699 973 3605 
700 1497 4714 
701 1214 
702 1431 4383 
703 1002 1144 3363 4065 
704 
705 
706 1346 2449 
707 1253 
708 4358 
709 1420 
710 
711 1277 1449 
712 
713 967 1300 
714 999 
715 
716 1462 
717 1430 1610 
718 1115 
719 1428 1586 4100 
720 1177 1548 4042 
721 929 
722 735 
723 1634 2762 
724 
725 895 930 1598 
726 1107 1426 1427 
727 1484 2409 3028 
728 1474 1485 
729 
730 
731 1136 1386 1947 4628 
732 1066 1480 4957 
733 1142 
734 1705 
735 
736 960 1396 1580 
737 
738 
739 
740 1576 1623 2157 4622 
741 1124 1309 1528 3943 
742 999 
743 1326 2187 4127 
744 777 
745 1375 2113 
746 
747 886 1340 
748 1250 4485 
749 1525 4800 
750 1006 1344 
751 
752 1229 3256 4725 4846 
753 1325 
754 
755 2410 3660 
756 895 1179 
757 
758 1668 3728 
759 1649 
760 3425 
761 1151 
762 834 1317 
763 
764 2952 
765 1118 1223 1309 
766 1105 1131 1148 
767 4830 
768 1147 1938 
769 4557 
770 935 1104 1307 
771 
772 876 
773 
774 1262 2089 
775 1261 
776 1210 2997 
777 2190 
778 
779 
780 833 869 1084 1139 1447 4262 
781 1172 1230 1370 
782 3170 
783 
784 2059 
785 1128 
786 1297 1515 
787 858 4197 
788 1407 
789 926 1116 
790 1104 3477 
791 1040 3781 
792 1013 
793 1082 
794 1111 1338 
795 1809 2851 
796 1076 
797 
798 1307 1377 3623 
799 1415 
800 1357 2810 
801 
802 932 
803 
804 1257 
805 1533 2620 
806 1065 1294 
807 4237 
808 
809 1851 
810 1352 3391 4491 
811 1271 3115 
812 
813 984 
814 
815 2427 3277 
816 1301 
817 1339 3539 
818 1425 1797 
819 
820 2213 
821 1456 
822 
823 1571 
824 1611 3448 
825 914 1164 
826 1119 1365 
827 902 1613 
828 1333 1591 1614 3283 
829 1256 1507 3117 
830 
831 1222 
832 2408 
833 1327 1387 
834 1011 1065 
835 982 1262 
836 
837 1651 
838 861 1194 1325 
839 1071 1199 
840 
841 
842 
843 
844 
845 1190 
846 1453 
847 
848 2139 
849 
850 897 1217 1255 3272 
851 894 987 
852 1687 
853 1326 
854 
855 
856 875 1037 
857 1027 1133 
858 1157 2679 2976 3913 
859 
860 
861 
862 
863 1629 
864 1074 
865 
866 1354 1378 
867 
868 
869 2832 4598 
870 2405 
871 1230 
872 1328 
873 1112 4268 
874 1235 
875 
876 
877 1103 1196 
878 909 2248 
879 
880 1750 2021 4248 
881 
882 1595 
883 1571 1605 
884 933 3559 
885 971 1048 
886 1327 
887 
888 1166 
889 3191 
890 1541 
891 1078 4067 
892 1106 1449 3389 
893 
894 936 1092 1601 
895 916 1528 2895 
896 1271 
897 1448 1643 3351 
898 
899 1657 2669 
900 
901 1159 3883 
902 1473 1567 
903 1108 
904 1659 2996 
905 1294 
906 
907 1987 2233 
908 1648 2921 
909 1011 
910 1539 3438 
911 1304 3389 
912 2779 4826 
913 993 1298 4419 
914 
915 
916 1564 4611 
917 
918 
919 
920 1320 
921 
922 981 2140 
923 983 1364 4333 
924 1282 
925 1090 1552 
926 1511 1545 4295 
927 1210 1588 
928 974 
929 2073 
930 972 2621 3264 3781 
931 1072 1398 1613 
932 1383 1924 
933 1102 1570 
934 3481 
935 4512 
936 1958 3969 
937 
938 955 1467 2544 
939 1052 1767 
940 1210 1480 
941 1622 3312 
942 
943 
944 
945 
946 1184 1348 2137 
947 
948 1630 3312 
949 1344 2429 
950 
951 
952 964 2652 
953 
954 
955 1425 
956 1377 1614 1634 4782 
957 4902 
958 1206 1298 1427 
959 
960 965 1609 
961 1306 
962 2283 4501 
963 
964 1447 
965 1312 4542 
966 2311 
967 1283 
968 
969 1597 1741 
970 1061 1474 1546 
971 1316 3118 
972 
973 
974 1088 
975 3501 
976 1476 1598 
977 1119 3534 
978 1207 1327 1576 1843 
979 
980 3572 
981 1341 1432 3067 
982 
983 3192 
984 1490 
985 4579 
986 2392 
987 
988 
989 1326 1536 1651 
990 1338 
991 4446 
992 1031 4909 
993 1574 2192 2424 
994 
995 1440 
996 1546 
997 1637 
998 1019 
999 
1000 
1001 1610 1657 
1002 
1003 1505 3022 
1004 
1005 1033 1236 1426 
1006 1052 
1007 1405 4717 
1008 1644 
1009 
1010 1221 
1011 1112 
1012 
1013 1184 3014 
1014 
1015 
1016 
1017 
1018 1224 
1019 1189 1354 1526 
1020 
1021 
1022 
1023 1254 
1024 
1025 1161 2812 
1026 1039 1044 
1027 1468 1472 2083 
1028 2075 2100 
1029 1121 2814 
1030 
1031 
1032 1580 4702 
1033 4220 4699 
1034 1385 
1035 
1036 1254 1342 2653 3313 
1037 
1038 2348 
1039 1255 1270 1338 
1040 
1041 1631 
1042 1352 
1043 
1044 1271 1636 2803 
1045 1446 
1046 2224 
1047 2801 
1048 1162 1176 1219 2634 
1049 
1050 
1051 1645 
1052 1115 1232 1604 
1053 1450 
1054 1262 2144 
1055 
1056 1165 4851 
1057 1485 1576 
1058 
1059 1275 
1060 4984 
1061 1385 2888 
1062 3480 
1063 1425 
1064 1316 2498 
1065 1134 1195 1506 4488 
1066 1648 2449 
1067 1134 1184 1248 1635 
1068 1303 1378 
1069 
1070 1489 
1071 1195 1270 
1072 1539 
1073 1409 
1074 
1075 
1076 
1077 2158 
1078 1199 
1079 4780 
1080 1648 4085 
1081 1087 3207 3963 
1082 
1083 1215 
1084 1201 1455 3600 
1085 1291 2239 
1086 
1087 1699 
1088 
1089 1620 
1090 
1091 
1092 
1093 1384 1631 
1094 1436 
1095 1134 4664 
1096 
1097 
1098 
1099 1255 1447 
1100 
1101 
1102 
1103 4744 
1104 
1105 
1106 1261 1541 
1107 
1108 1465 
1109 1223 1293 
1110 1646 
1111 
1112 
1113 
1114 1161 
1115 1264 
1116 1500 
1117 1197 
1118 1470 
1119 
1120 1454 1486 4875 
1121 1391 3584 
1122 1232 1502 
1123 4504 
1124 1390 
1125 1519 
1126 1373 4718 
1127 3806 
1128 1367 1532 
1129 
1130 2576 
1131 1330 1592 1607 
1132 1500 
1133 
1134 1261 1570 2327 
1135 1475 1553 4837 
1136 
1137 1327 
1138 1233 
1139 2629 
1140 4067 
1141 1205 1427 
1142 1428 3458 
1143 
1144 
1145 
1146 
1147 
1148 1342 
1149 
1150 1531 1592 
1151 1320 4636 
1152 4051 
1153 1210 
1154 
1155 1338 1392 2333 2416 4179 
1156 
1157 
1158 1550 
1159 1211 
1160 
1161 3945 
1162 1539 2270 
1163 3306 4743 
1164 
1165 4725 
1166 
1167 
1168 
1169 
1170 3497 
1171 1281 
1172 
1173 1494 4802 
1174 1324 1522 1565 
1175 2457 4782 
1176 1422 1626 4164 4493 
1177 1201 
1178 1444 
1179 3205 4904 
1180 2069 
1181 2173 4054 
1182 
1183 2925 
1184 
1185 
1186 1193 
1187 1323 1549 3735 
1188 
1189 
1190 2548 
1191 4104 
1192 
1193 1319 
1194 
1195 
1196 1775 
1197 3315 
1198 
1199 
1200 
1201 
1202 1270 4503 
1203 
1204 1234 1247 1588 
1205 1545 1610 
1206 1207 
1207 3258 
1208 
1209 1523 1631 
1210 1571 4077 
1211 3661 
1212 1512 2539 
1213 
1214 
1215 
1216 1324 
1217 1611 
1218 1451 
1219 
1220 
1221 1433 
1222 
1223 2641 
1224 1563 
1225 1552 
1226 
1227 3845 
1228 1252 
1229 3965 
1230 
1231 
1232 2602 
1233 
1234 
1235 
1236 1655 4668 
1237 1496 
1238 
1239 1323 1363 
1240 1251 
1241 1597 
1242 
1243 
1244 1452 
1245 
1246 
1247 
1248 1555 
1249 2321 
1250 1326 1406 
1251 1540 2646 4632 
1252 
1253 1399 1620 4539 
1254 1307 
1255 1413 1479 
1256 3578 
1257 
1258 1628 3041 
1259 
1260 1539 
1261 1268 1369 1445 1731 3491 4262 
1262 1620 
1263 1618 
1264 1321 1396 4818 
1265 1365 1722 
1266 1624 
1267 
1268 1394 
1269 1549 2790 
1270 1545 1644 
1271 1550 
1272 
1273 1482 2178 
1274 1346 1387 
1275 1324 
1276 
1277 1754 2284 
1278 
1279 1490 1567 
1280 
1281 4829 
1282 1417 
1283 
1284 
1285 1367 1495 
1286 
1287 
1288 
1289 
1290 1476 3019 
1291 2623 
1292 
1293 3268 
1294 1316 1624 
1295 4807 
1296 1485 
1297 1322 1587 
1298 1476 
1299 
1300 1664 
1301 
1302 
1303 2349 
1304 1590 1634 
1305 
1306 
1307 
1308 2417 4017 4491 
1309 
1310 1380 3939 
1311 1399 1405 1477 1648 
1312 1573 
1313 
1314 
1315 1403 
1316 1320 
1317 
1318 
1319 
1320 1562 
1321 2744 
1322 1348 1508 
1323 
1324 
1325 1337 
1326 
1327 1586 
1328 
1329 
1330 
1331 
1332 
1333 
1334 2430 
1335 4252 
1336 1530 3816 
1337 
1338 
1339 1448 
1340 
1341 1491 1513 
1342 1385 
1343 
1344 1484 3219 
1345 
1346 1405 4950 
1347 
1348 
1349 4142 4232 
1350 1463 1595 
1351 1563 1588 
1352 2026 
1353 4824 
1354 1621 
1355 4219 
1356 
1357 1525 
1358 1545 
1359 1538 1565 4621 
1360 
1361 
1362 1423 
1363 
1364 2560 4259 
1365 1567 3704 
1366 1551 1627 2147 
1367 1563 1650 
1368 
1369 
1370 1592 2543 
1371 3659 
1372 2231 
1373 2437 
1374 1409 1724 2054 2582 3004 4306 
1375 
1376 
1377 
1378 
1379 
1380 3408 3658 
1381 4471 
1382 
1383 
1384 
1385 3975 
1386 
1387 
1388 
1389 1420 4873 
1390 1623 2712 
1391 
1392 
1393 
1394 
1395 1888 2859 
1396 
1397 
1398 
1399 
1400 
1401 
1402 
1403 1608 3421 
1404 1508 
1405 
1406 
1407 1506 
1408 
1409 
1410 1507 
1411 
1412 
1413 
1414 
1415 1628 2448 
1416 4074 
1417 2586 3775 
1418 1438 
1419 
1420 
1421 1457 
1422 1523 
1423 1534 3309 
1424 
1425 1536 
1426 
1427 
1428 
1429 
1430 3422 
1431 
1432 
1433 4616 4777 
1434 
1435 
1436 
1437 
1438 
1439 3440 
1440 
1441 
1442 1899 
1443 1514 1653 
1444 3000 4654 
1445 1494 1567 1634 
1446 2919 4499 
1447 
1448 
1449 3865 
1450 3769 
1451 1512 2117 
1452 
1453 
1454 
1455 
1456 2102 
1457 
1458 3535 
1459 
1460 
1461 1912 
1462 
1463 4140 
1464 1599 
1465 
1466 
1467 
1468 
1469 
1470 
1471 
1472 
1473 
1474 
1475 
1476 
1477 1491 1593 
1478 
1479 4759 
1480 1553 
1481 1866 
1482 4635 
1483 
1484 
1485 
1486 
1487 1577 1607 
1488 1610 3158 
1489 
1490 
1491 
1492 
1493 
1494 
1495 
1496 
1497 3105 3637 
1498 
1499 
1500 
1501 
1502 
1503 
1504 2669 4402 
1505 4347 4844 
1506 4383 4661 
1507 
1508 
1509 
1510 
1511 
1512 
1513 1666 2376 3669 
1514 
1515 
1516 
1517 
1518 1546 3454 
1519 
1520 1587 
1521 
1522 
1523 2357 
1524 
1525 
1526 
1527 
1528 4454 
1529 3199 
1530 2924 
1531 
1532 1647 1847 
1533 
1534 1643 3095 3801 4103 
1535 
1536 
1537 1599 
1538 
1539 2287 
1540 
1541 
1542 
1543 
1544 3689 
1545 3197 
1546 1566 
1547 1588 
1548 
1549 
1550 2256 2811 
1551 3476 
1552 1609 
1553 4692 
1554 2563 
1555 1605 
1556 
1557 
1558 1892 
1559 
1560 
1561 1962 
1562 
1563 
1564 1653 4417 
1565 4225 
1566 
1567 
1568 
1569 
1570 3809 
1571 
1572 
1573 
1574 2288 
1575 3444 
1576 
1577 
1578 1619 
1579 1675 4356 
1580 3950 
1581 
1582 
1583 
1584 
1585 
1586 
1587 1625 3937 4512 
1588 
1589 4558 
1590 
1591 
1592 
1593 
1594 2906 3631 
1595 1608 
1596 
1597 
1598 
1599 
1600 3002 4943 
1601 
1602 
1603 
1604 
1605 
1606 
1607 
1608 
1609 
1610 
1611 3926 
1612 
1613 2326 
1614 2713 
1615 
1616 1617 
1617 
1618 
1619 
1620 4520 
1621 
1622 
1623 1652 
1624 
1625 
1626 
1627 4915 
1628 3673 4838 
1629 
1630 
1631 
1632 
1633 
1634 1845 
1635 3621 
1636 
1637 
1638 
1639 2570 4904 
1640 
1641 4181 
1642 
1643 
1644 
1645 
1646 
1647 
1648 1826 
1649 
1650 
1651 4067 
1652 
1653 
1654 
1655 
1656 
1657 3860 
1658 
1659 
1660 
1661 
1662 
1663 
1664 
1665 
1666 
1667 
1668 1810 1855 2003 3177 
1669 2655 3075 
1670 1837 2543 2941 4241 
1671 1907 
1672 2649 3204 
1673 3098 
1674 2770 
1675 1681 3470 
1676 2239 2240 2395 4179 4833 
1677 2097 2675 2803 
1678 2126 2396 2958 3134 3225 
1679 1894 3048 3272 
1680 1689 1823 
1681 
1682 2769 
1683 1830 2072 2492 2654 3206 
1684 2052 
1685 1994 2388 4916 
1686 
1687 1707 2140 2862 3072 
1688 2598 
1689 1945 2028 2368 2433 2757 2799 
1690 2186 2467 2883 3315 
1691 1985 1996 2067 3289 
1692 3063 
1693 
1694 2295 3000 3297 
1695 1896 1995 2594 2762 
1696 2276 
1697 3326 
1698 2544 
1699 2118 2719 
1700 3050 3202 3615 
1701 2160 2680 
1702 1923 
1703 2248 
1704 2105 
1705 1891 2085 2688 2828 2880 2985 3275 3689 
1706 2873 3739 
1707 
1708 1712 
1709 2278 
1710 2830 
1711 3140 
1712 2177 2267 
1713 2450 3319 
1714 3181 
1715 2375 3012 
1716 2517 2715 4352 
1717 2581 
1718 
1719 1773 2616 
1720 2168 2546 2579 3916 
1721 1821 2334 2434 3095 
1722 2868 3086 
1723 1923 2474 2820 2832 
1724 1881 2476 2541 
1725 2842 2950 3143 3221 4384 
1726 2014 2752 3255 3289 4166 
1727 1840 2082 2570 2639 2887 
1728 
1729 1836 2510 2547 3445 3563 
1730 1890 2267 2310 2446 2458 2802 3212 
1731 3219 3315 4470 
1732 2173 2334 2547 
1733 1946 2616 2873 3730 
1734 2298 2523 3062 
1735 2461 2726 3028 
1736 3938 
1737 2149 4231 
1738 2291 2463 3100 4628 
1739 2984 
1740 2106 
1741 
1742 3556 
1743 1930 2462 2553 
1744 2721 
1745 1788 1894 2829 2870 
1746 1841 2221 2742 3165 
1747 2699 
1748 2379 2415 3179 
1749 2602 
1750 2435 3120 
1751 1756 2094 2271 2682 
1752 1801 3194 3654 
1753 2397 2907 
1754 
1755 1773 
1756 1871 1909 2111 2384 2912 
1757 2477 2506 3170 
1758 1960 2067 2394 
1759 3011 4727 
1760 1774 2547 2698 3031 
1761 
1762 
1763 2961 4424 
1764 2699 
1765 3301 4199 
1766 2295 2766 2849 2904 3213 3492 4193 
1767 
1768 2909 
1769 2430 
1770 2103 
1771 2550 
1772 2720 2805 2844 4928 
1773 2134 
1774 2856 2989 
1775 2005 2246 
1776 1942 2191 2397 
1777 2716 
1778 3047 3269 3276 
1779 1987 2271 2882 
1780 2277 
1781 1852 1957 2735 
1782 2815 3015 
1783 2418 3248 
1784 2230 2952 3190 3243 
1785 2286 2449 2688 3248 
1786 3084 
1787 1910 2293 3024 
1788 2016 2021 
1789 2462 3126 
1790 1844 3134 
1791 2002 2431 2945 
1792 1982 2210 2324 2330 
1793 
1794 2614 
1795 2739 
1796 2629 2667 3128 3408 
1797 1852 1953 
1798 1882 
1799 1980 2453 
1800 2181 3019 3948 
1801 2448 3129 3311 
1802 3136 
1803 1843 2581 
1804 
1805 2403 
1806 
1807 2112 2670 2758 2761 3215 
1808 2592 2646 
1809 2871 
1810 2515 2708 3325 
1811 2634 2752 2911 
1812 2736 
1813 3185 
1814 2115 3028 3891 
1815 2080 2206 2412 2982 
1816 2478 2796 
1817 3990 
1818 1871 3132 3518 
1819 3233 
1820 2847 
1821 2209 3218 
1822 3325 3936 4952 
1823 2686 3022 
1824 1884 3174 
1825 
1826 1849 3194 
1827 2051 2545 
1828 
1829 1991 3035 
1830 2105 2292 3010 
1831 2149 
1832 1904 2684 3499 
1833 2028 2347 2446 
1834 
1835 2171 2568 
1836 2748 
1837 1984 2969 3014 
1838 2446 2563 2999 3245 
1839 
1840 2344 2382 3254 4168 
1841 2607 
1842 2879 3063 
1843 1844 
1844 2224 2236 3559 
1845 1943 2120 3313 
1846 
1847 2936 2953 4789 
1848 2329 3024 
1849 2083 2845 
1850 
1851 3475 
1852 2083 
1853 2491 
1854 2119 2532 
1855 
1856 2492 
1857 2194 2270 2714 
1858 1993 2115 2130 2680 2708 2721 3011 3053 
1859 3178 
1860 
1861 4842 
1862 2335 
1863 
1864 
1865 2063 
1866 3818 
1867 2272 2744 3272 4924 
1868 2501 2798 2995 3251 3860 
1869 3030 
1870 1872 2782 2920 3136 
1871 2712 2902 
1872 1982 3039 3213 3258 
1873 2436 2603 2879 3097 
1874 2092 2224 2355 
1875 2183 3186 
1876 2746 3106 
1877 2430 
1878 2700 3807 
1879 3044 
1880 2170 2215 
1881 2329 3073 3118 3152 
1882 2287 
1883 2496 2884 3572 
1884 4652 
1885 2016 2681 
1886 2002 2412 3018 4972 
1887 2707 
1888 3038 
1889 3136 4734 
1890 2522 
1891 2568 2704 3154 
1892 3191 
1893 
1894 2704 
1895 2087 
1896 2295 3441 
1897 4566 4604 
1898 2727 
1899 
1900 
1901 1978 2816 
1902 2078 
1903 
1904 3213 
1905 2026 2603 2837 
1906 2045 3086 
1907 2693 
1908 4467 
1909 2316 2352 2719 4041 
1910 2876 
1911 2157 
1912 2818 3015 
1913 1954 2557 4981 
1914 2364 2499 
1915 2021 2992 
1916 3189 
1917 2173 2321 2478 3056 
1918 3003 4325 
1919 2192 2314 2532 
1920 4017 
1921 
1922 2807 
1923 2027 2586 3054 3697 
1924 2971 4387 
1925 2029 2198 2212 2708 2992 
1926 3118 3441 
1927 2124 2701 2891 
1928 2250 2609 
1929 2752 3185 
1930 2976 
1931 2835 3172 
1932 2819 2888 
1933 2091 2119 
1934 2741 3310 
1935 2254 2390 
1936 2119 2474 2924 3087 
1937 2224 3101 
1938 2552 4609 
1939 
1940 2031 2369 3299 
1941 3265 
1942 2043 2659 4966 
1943 2437 
1944 2136 
1945 1965 3326 
1946 2643 3154 
1947 
1948 2424 3013 
1949 
1950 2144 2284 2527 2617 
1951 1970 2296 2659 2996 3282 4388 
1952 2430 
1953 4983 
1954 3184 
1955 2434 3179 3193 
1956 2117 3236 
1957 2230 3673 
1958 2393 2457 2899 3021 3159 3551 
1959 2627 2735 
1960 2479 3221 
1961 2084 2383 2636 
1962 2079 
1963 2279 3180 
1964 3088 4842 
1965 
1966 2418 2601 2669 3302 
1967 2272 
1968 2365 3123 
1969 3137 
1970 
1971 2969 4970 
1972 2401 2719 
1973 2160 2421 3006 3889 
1974 2375 2858 
1975 2752 3207 
1976 
1977 2268 2849 
1978 4079 
1979 
1980 2170 4363 
1981 2943 3110 3220 
1982 
1983 2389 2919 3204 4493 
1984 2192 2981 3206 
1985 2556 3738 
1986 2639 2963 
1987 2744 
1988 2122 2414 2419 2907 
1989 2466 2941 2975 
1990 2944 
1991 2611 2678 3280 4751 
1992 3212 
1993 2371 3675 
1994 2320 2687 
1995 
1996 2234 
1997 2939 3191 3287 
1998 2707 3259 
1999 2610 
2000 2196 
2001 2352 3083 
2002 2470 2961 3073 
2003 
2004 2386 2469 2974 
2005 3200 4390 
2006 2800 
2007 3076 
2008 2331 2820 3258 3740 
2009 2110 2132 2222 
2010 2539 3295 
2011 2135 2150 2585 
2012 2208 2517 2746 3074 
2013 2295 2967 3025 
2014 2023 3190 
2015 3160 4984 
2016 3432 
2017 2260 2518 3270 4224 
2018 
2019 3155 
2020 2831 3120 
2021 3252 
2022 2118 2426 2658 
2023 2284 2493 
2024 
2025 2404 
2026 
2027 3411 
2028 2459 2957 
2029 2672 4434 
2030 2325 3325 
2031 2056 
2032 2524 
2033 2095 2506 3003 3020 3161 
2034 2215 
2035 
2036 2133 2391 
2037 
2038 
2039 2989 3012 
2040 2588 2814 3255 4093 
2041 2494 
2042 2606 3084 4292 
2043 2088 2242 2335 2876 
2044 
2045 2047 
2046 2054 
2047 2876 
2048 2157 2957 
2049 
2050 2384 2761 
2051 2657 2889 4976 
2052 2701 2740 
2053 2792 3155 
2054 3315 
2055 2477 2686 2800 
2056 2549 2931 
2057 2867 
2058 3225 3237 
2059 2388 3886 
2060 3228 
2061 2376 
2062 
2063 2589 4277 
2064 2508 3111 
2065 2148 3305 3332 
2066 2196 2686 3487 
2067 
2068 2319 
2069 2319 
2070 2097 4499 
2071 2363 2650 
2072 3141 
2073 2481 2634 2820 2902 
2074 
2075 2630 2845 3159 
2076 3063 3074 
2077 3071 3118 3177 
2078 2664 2713 2760 3036 
2079 
2080 3312 
2081 
2082 2988 
2083 2320 
2084 2425 
2085 2190 2912 4845 
2086 2813 3113 
2087 2377 2716 
2088 2405 2617 2620 3017 3085 
2089 2504 2891 
2090 2485 2747 2754 
2091 3019 
2092 2118 2435 2917 
2093 2357 2994 3119 3696 
2094 2887 3118 3157 
2095 3300 
2096 2388 2993 
2097 2679 3208 
2098 2450 2514 3268 
2099 2690 3273 
2100 3098 3322 
2101 2251 2394 2771 
2102 3042 
2103 2792 
2104 3116 4925 4976 
2105 
2106 2152 
2107 2147 2351 3702 
2108 2270 3095 
2109 
2110 2183 2380 2408 2630 3023 3140 4632 
2111 3002 
2112 2530 
2113 2564 3039 4633 
2114 2778 
2115 
2116 2512 2760 2931 3696 
2117 2506 
2118 3299 
2119 2672 3058 
2120 2251 2631 
2121 
2122 2314 
2123 2825 2990 
2124 2279 2335 2444 3025 3039 
2125 2560 2791 
2126 2157 3313 
2127 
2128 2463 2686 2947 
2129 2540 
2130 
2131 2697 2870 2979 
2132 2176 
2133 2356 2433 2543 2571 3359 4400 
2134 
2135 2451 2967 
2136 2194 3006 
2137 2823 3237 3254 4650 
2138 3147 
2139 4069 
2140 
2141 
2142 2842 
2143 2802 
2144 3093 
2145 2334 
2146 3082 
2147 2562 3311 3340 
2148 
2149 2282 2589 
2150 2327 2583 2892 
2151 2519 2925 
2152 3284 
2153 
2154 
2155 2568 2898 3165 3185 
2156 3223 
2157 2177 2639 
2158 2527 4958 
2159 2998 3070 
2160 2468 2672 3020 3305 
2161 2786 2902 4531 
2162 2170 
2163 
2164 
2165 
2166 
2167 2269 2413 2632 2773 
2168 
2169 2313 2424 
2170 3018 3142 
2171 2295 2731 2973 3208 
2172 
2173 2592 
2174 2484 
2175 2451 3271 
2176 2181 
2177 3170 3585 
2178 
2179 2708 2917 4229 
2180 3153 
2181 2244 2307 2497 2614 
2182 3029 3175 3226 
2183 
2184 
2185 2767 3138 
2186 4416 
2187 
2188 3299 4324 
2189 2571 2990 3491 3734 
2190 2616 
2191 2888 3308 
2192 2347 2594 3495 
2193 3130 3138 
2194 
2195 2585 2611 
2196 2924 
2197 2985 
2198 
2199 2291 2463 
2200 
2201 2770 2890 3104 
2202 3133 
2203 3090 4968 
2204 
2205 2240 
2206 2408 3330 
2207 2418 
2208 
2209 2586 2786 
2210 2525 
2211 2421 2792 3155 
2212 3528 
2213 
2214 2307 2953 
2215 2503 
2216 2291 2603 2889 2931 3202 
2217 2683 
2218 2320 
2219 2579 2669 
2220 3016 
2221 4527 
2222 2417 2638 2810 2991 
2223 
2224 2783 2814 3925 
2225 2280 2960 3247 
2226 2703 4045 
2227 2457 2730 
2228 2466 2779 
2229 2651 3251 
2230 2232 4853 
2231 2579 2739 3142 
2232 
2233 
2234 4598 
2235 
2236 2292 2913 
2237 
2238 2414 
2239 3001 
2240 2370 2709 
2241 2669 2874 3273 
2242 2614 2777 
2243 2295 2878 2994 
2244 2646 
2245 2954 
2246 2349 2753 
2247 2394 2704 3072 
2248 3038 3286 
2249 
2250 
2251 3230 3282 
2252 4884 
2253 2397 2560 2686 3126 4843 
2254 
2255 2479 
2256 2894 3506 
2257 2333 
2258 
2259 3068 4168 
2260 
2261 2615 
2262 2749 
2263 2624 
2264 3210 
2265 3220 
2266 2323 2665 
2267 2317 2364 3668 
2268 
2269 
2270 3536 
2271 3155 
2272 
2273 2587 
2274 2894 3291 
2275 
2276 2277 3192 
2277 
2278 2967 
2279 2296 
2280 3802 
2281 
2282 2418 2551 
2283 2770 
2284 
2285 2565 3022 
2286 
2287 2327 2452 2703 
2288 2597 2976 
2289 2394 3502 
2290 2393 
2291 2558 2610 
2292 
2293 2421 3535 
2294 2449 2971 
2295 2758 2985 3210 3786 
2296 2755 3467 
2297 3690 
2298 2767 3135 
2299 
2300 4990 
2301 
2302 
2303 2892 
2304 2395 2537 2929 3172 
2305 3077 
2306 2684 3534 
2307 2375 3190 
2308 
2309 2677 2895 
2310 2835 
2311 
2312 2924 3278 
2313 
2314 
2315 3319 4205 
2316 2369 2672 
2317 3308 
2318 2582 
2319 2754 
2320 2507 2683 2890 
2321 2955 
2322 2513 2742 3321 
2323 2669 
2324 2633 
2325 2887 
2326 2783 3100 
2327 2595 2804 
2328 
2329 
2330 2346 2369 2547 2702 3094 
2331 
2332 2381 
2333 2353 2425 2660 2766 3220 4784 
2334 
2335 2420 2999 
2336 2955 3124 3261 
2337 2784 
2338 2851 3047 
2339 2646 4320 
2340 3319 
2341 2611 2639 2736 2928 
2342 2496 
2343 
2344 2637 4244 
2345 2658 4629 
2346 2838 
2347 2559 2739 2984 
2348 2449 
2349 2493 2735 3210 
2350 2540 2565 
2351 2419 2774 3175 3225 
2352 3218 
2353 
2354 
2355 2548 
2356 2833 
2357 3258 
2358 2624 
2359 2485 3284 
2360 
2361 2867 
2362 
2363 4358 
2364 
2365 2783 3268 
2366 2400 2757 2954 3169 
2367 2541 3018 
2368 2798 2927 3009 
2369 
2370 3056 
2371 2841 
2372 2473 2938 4927 
2373 
2374 
2375 
2376 2750 
2377 2446 3286 
2378 2480 2960 
2379 2657 4363 
2380 3865 
2381 2546 3816 
2382 2749 3291 3316 4639 
2383 2530 3211 4349 
2384 2936 3050 3285 
2385 
2386 
2387 2926 
2388 2538 2713 3202 4350 
2389 2994 
2390 
2391 
2392 2456 2933 3460 
2393 
2394 2449 
2395 3171 
2396 3226 4467 
2397 2749 
2398 2804 2891 
2399 
2400 2486 2930 3669 
2401 
2402 2708 
2403 
2404 3290 
2405 2539 
2406 
2407 4497 
2408 2851 2852 
2409 2622 3031 3170 3280 3844 
2410 2622 2998 3017 
2411 2602 
2412 3622 
2413 3307 4394 
2414 2762 
2415 3030 
2416 3117 
2417 2641 
2418 3283 3311 
2419 
2420 2935 
2421 2874 
2422 2609 
2423 3159 
2424 2544 2901 3044 
2425 
2426 3102 
2427 3273 
2428 3158 
2429 
2430 2759 
2431 
2432 
2433 3259 3599 4637 
2434 2490 2608 2990 3008 
2435 2856 2867 3136 
2436 
2437 2976 4313 
2438 2497 2843 2951 
2439 3245 
2440 2740 3720 
2441 2612 2697 3661 
2442 2452 2826 4049 
2443 2510 
2444 2625 3235 
2445 
2446 2718 3198 
2447 
2448 
2449 3161 
2450 3330 
2451 2759 
2452 2921 3044 3161 3863 
2453 2720 2844 
2454 3231 3270 4973 
2455 2483 3129 3307 
2456 
2457 2886 
2458 
2459 2989 4729 
2460 
2461 2525 
2462 
2463 2616 
2464 2978 
2465 2526 3085 
2466 2964 
2467 2593 
2468 2751 2962 
2469 
2470 2516 2782 4142 
2471 
2472 2655 
2473 4969 
2474 3755 
2475 4108 
2476 2696 
2477 
2478 
2479 2492 
2480 
2481 
2482 3066 3146 
2483 
2484 
2485 2617 
2486 2783 3209 
2487 2511 
2488 4294 
2489 
2490 2869 
2491 
2492 2832 
2493 2891 3179 
2494 2563 
2495 2757 3042 3271 3326 
2496 
2497 3200 
2498 2643 2955 
2499 2743 2862 2917 
2500 3323 
2501 
2502 3695 
2503 
2504 2810 
2505 3196 3321 
2506 2556 2734 
2507 
2508 2757 2819 
2509 2957 2993 
2510 2519 3001 3142 3312 
2511 2863 
2512 
2513 
2514 2567 2951 4195 
2515 2730 
2516 2744 2910 3842 4010 
2517 3004 4678 
2518 2819 3008 
2519 2623 4049 
2520 2622 4465 
2521 
2522 4249 4417 4788 
2523 3253 
2524 2596 2855 2891 3196 
2525 3104 
2526 
2527 3229 
2528 2918 3583 
2529 2610 2814 
2530 
2531 3117 
2532 2668 2799 
2533 2783 3151 
2534 3256 4356 
2535 3387 
2536 
2537 2849 2869 
2538 
2539 
2540 2854 4589 
2541 2810 
2542 2572 2699 3018 
2543 
2544 2679 
2545 3682 
2546 3601 
2547 3180 
2548 2739 3233 
2549 
2550 
2551 3157 
2552 3768 
2553 4728 
2554 2646 2653 3230 4234 4635 
2555 3087 
2556 4992 
2557 3270 
2558 
2559 2660 
2560 2713 
2561 2954 3362 
2562 2637 
2563 
2564 2622 3184 
2565 2871 2960 3109 
2566 2792 
2567 
2568 3112 3261 4912 
2569 2578 2797 2986 
2570 
2571 
2572 2579 
2573 
2574 3149 
2575 2696 
2576 2726 2781 2923 3230 
2577 3108 3112 
2578 
2579 3035 
2580 
2581 2815 3030 3255 4285 
2582 
2583 4258 
2584 2647 
2585 3423 
2586 2861 3174 
2587 2720 2735 3194 
2588 2614 3023 
2589 3088 
2590 
2591 3169 3648 
2592 
2593 2755 3222 
2594 3240 
2595 2669 2932 2973 3421 4469 
2596 3311 
2597 
2598 
2599 2933 3136 
2600 3250 
2601 3274 
2602 3325 
2603 4456 
2604 2793 
2605 2803 3231 
2606 3166 
2607 2737 2897 
2608 2931 
2609 2661 2879 2978 3330 
2610 2617 2752 
2611 4191 
2612 3299 
2613 
2614 4545 
2615 2747 
2616 
2617 
2618 4502 
2619 3197 
2620 3215 3285 
2621 3224 
2622 
2623 2957 4432 
2624 3244 
2625 3407 3529 
2626 3164 
2627 2661 2667 
2628 2781 3911 
2629 3147 
2630 3215 
2631 4284 
2632 2966 3800 
2633 
2634 2937 4072 
2635 2913 
2636 2917 3105 
2637 2838 3632 
2638 
2639 
2640 
2641 2682 3302 
2642 2850 
2643 
2644 2736 3305 3324 
2645 3350 
2646 3041 
2647 2873 
2648 2776 3146 3271 
2649 2756 2943 3156 
2650 2659 
2651 3102 
2652 
2653 3035 
2654 4785 
2655 3089 3276 
2656 2684 2966 
2657 3145 
2658 
2659 3055 3180 
2660 2671 
2661 
2662 2935 
2663 
2664 
2665 3115 3151 3209 
2666 2892 
2667 4542 
2668 
2669 2689 3091 
2670 
2671 3138 3180 4467 
2672 
2673 2942 3194 
2674 
2675 
2676 3053 3465 
2677 3248 
2678 4160 
2679 
2680 3272 
2681 
2682 3253 
2683 
2684 2937 3075 3293 
2685 
2686 3016 3126 4468 
2687 3245 3542 
2688 
2689 
2690 2970 3103 3158 4432 
2691 
2692 2812 
2693 
2694 3003 3970 
2695 2958 3000 3992 
2696 
2697 
2698 
2699 
2700 3380 
2701 3241 
2702 2715 3075 3317 
2703 
2704 
2705 3201 
2706 
2707 3133 
2708 2849 3474 
2709 
2710 2843 
2711 
2712 
2713 3083 
2714 2852 3326 
2715 
2716 2741 2867 2890 2985 3247 3442 
2717 
2718 
2719 3292 
2720 3209 3308 4576 
2721 3311 
2722 2749 4132 
2723 
2724 3073 
2725 3258 
2726 
2727 4927 
2728 2773 3131 
2729 3244 
2730 
2731 2899 
2732 3072 
2733 2804 3116 3584 
2734 2846 3016 
2735 
2736 2905 3439 
2737 
2738 3232 3780 
2739 2958 
2740 2889 3026 3074 
2741 2801 
2742 3198 
2743 
2744 
2745 
2746 2801 
2747 
2748 
2749 
2750 
2751 
2752 3089 
2753 3087 
2754 2994 
2755 
2756 
2757 2992 
2758 
2759 3897 
2760 
2761 
2762 2834 
2763 
2764 4746 
2765 
2766 3179 
2767 3102 
2768 2794 3199 
2769 3251 3707 
2770 
2771 
2772 
2773 2870 3137 
2774 
2775 4802 
2776 3113 
2777 
2778 3092 
2779 3048 
2780 
2781 2942 
2782 
2783 
2784 
2785 3271 4974 
2786 2874 3041 
2787 3108 
2788 3325 
2789 2955 
2790 
2791 3317 4445 
2792 2982 
2793 3156 
2794 3167 3508 
2795 
2796 2889 3331 
2797 
2798 3006 
2799 3507 
2800 2844 3183 
2801 3103 
2802 2913 
2803 
2804 3064 
2805 2981 3214 
2806 3034 
2807 2889 
2808 
2809 3053 3130 4295 
2810 4739 
2811 3181 3331 
2812 3008 
2813 
2814 4622 
2815 3304 
2816 3317 3570 
2817 2843 
2818 4686 
2819 
2820 3178 
2821 2831 
2822 
2823 2882 
2824 3208 4149 
2825 3287 
2826 2918 3180 4908 
2827 
2828 3061 4404 
2829 4536 
2830 2840 
2831 
2832 
2833 3169 3291 
2834 
2835 
2836 2898 3077 4727 
2837 3074 3091 
2838 2879 
2839 2923 2957 
2840 
2841 
2842 
2843 3159 
2844 3226 3321 4473 
2845 
2846 
2847 
2848 3261 
2849 
2850 3217 
2851 3224 
2852 3181 
2853 2933 3945 
2854 3297 
2855 
2856 
2857 
2858 
2859 3224 3303 4203 
2860 3011 
2861 
2862 3246 
2863 
2864 2953 
2865 3237 
2866 
2867 
2868 2944 
2869 4334 
2870 
2871 
2872 
2873 
2874 
2875 3081 3140 
2876 
2877 
2878 3839 
2879 
2880 
2881 3006 3328 
2882 
2883 4549 4568 
2884 
2885 3097 
2886 
2887 
2888 
2889 3109 
2890 3142 
2891 3269 3409 
2892 3887 
2893 
2894 3525 
2895 3300 
2896 
2897 
2898 
2899 
2900 2980 2986 
2901 3174 
2902 
2903 3073 3220 
2904 2946 
2905 4030 4302 
2906 3005 3250 
2907 
2908 
2909 2962 
2910 3533 4810 
2911 
2912 
2913 
2914 2920 3155 
2915 
2916 
2917 
2918 
2919 4204 
2920 
2921 3031 
2922 
2923 4464 
2924 3083 
2925 
2926 
2927 2940 
2928 3327 
2929 
2930 3024 
2931 3152 3651 
2932 3303 
2933 3599 
2934 
2935 
2936 3107 4166 
2937 2949 
2938 4565 
2939 
2940 
2941 
2942 3288 
2943 3117 
2944 4677 
2945 
2946 
2947 
2948 
2949 3094 4718 
2950 
2951 3191 3202 
2952 
2953 3170 3323 
2954 
2955 
2956 
2957 3110 3132 
2958 3190 
2959 
2960 
2961 3310 4269 
2962 2964 
2963 
2964 
2965 3302 3738 
2966 3169 
2967 3309 
2968 3250 3576 
2969 3020 
2970 
2971 
2972 3230 
2973 3211 
2974 
2975 
2976 4701 
2977 
2978 3403 
2979 
2980 
2981 2994 
2982 
2983 
2984 
2985 3299 
2986 3159 
2987 3004 
2988 
2989 
2990 4683 
2991 
2992 3196 
2993 3913 
2994 
2995 
2996 3225 
2997 
2998 
2999 3193 
3000 
3001 3103 3173 
3002 
3003 3243 
3004 
3005 
3006 
3007 
3008 3188 
3009 3235 4111 
3010 3065 3614 
3011 3099 3153 3446 
3012 3322 
3013 
3014 
3015 
3016 
3017 
3018 
3019 3067 
3020 
3021 
3022 
3023 
3024 
3025 
3026 3281 
3027 
3028 3275 4553 
3029 3104 
3030 3132 
3031 4636 
3032 3221 
3033 3312 
3034 
3035 
3036 3055 
3037 
3038 
3039 3182 
3040 4450 
3041 
3042 
3043 
3044 
3045 
3046 
3047 
3048 
3049 3161 3263 
3050 
3051 
3052 
3053 4044 4170 
3054 3101 
3055 
3056 
3057 
3058 3309 
3059 
3060 4926 
3061 3091 
3062 
3063 
3064 
3065 
3066 
3067 3925 
3068 
3069 
3070 
3071 
3072 3077 4219 
3073 3079 
3074 3248 4822 
3075 3307 
3076 4566 
3077 
3078 
3079 
3080 3226 
3081 3809 
3082 
3083 
3084 
3085 
3086 
3087 3328 
3088 
3089 
3090 
3091 
3092 3383 
3093 3295 
3094 
3095 
3096 4621 
3097 
3098 
3099 4212 
3100 
3101 
3102 
3103 
3104 
3105 
3106 
3107 4256 
3108 
3109 3967 
3110 4898 
3111 
3112 
3113 
3114 
3115 
3116 3388 
3117 
3118 
3119 
3120 
3121 
3122 
3123 
3124 
3125 3175 
3126 
3127 3413 
3128 3195 
3129 
3130 3145 
3131 3902 
3132 
3133 
3134 4262 
3135 
3136 
3137 3187 
3138 
3139 
3140 
3141 3923 
3142 
3143 
3144 4449 
3145 
3146 
3147 3149 
3148 
3149 4106 
3150 
3151 3209 4677 
3152 
3153 
3154 
3155 
3156 4017 
3157 3239 
3158 
3159 4181 
3160 
3161 
3162 
3163 
3164 
3165 
3166 
3167 
3168 4088 
3169 4470 4782 
3170 
3171 
3172 
3173 
3174 
3175 
3176 
3177 3269 
3178 
3179 
3180 
3181 4156 
3182 
3183 
3184 
3185 
3186 3258 3732 
3187 
3188 
3189 
3190 3221 
3191 3225 3425 
3192 
3193 3223 
3194 
3195 
3196 
3197 4670 
3198 3267 3898 
3199 3220 
3200 
3201 
3202 
3203 3281 3861 
3204 4682 
3205 
3206 
3207 
3208 
3209 
3210 
3211 
3212 
3213 4782 
3214 
3215 3268 
3216 3484 
3217 4005 4147 
3218 
3219 
3220 3235 
3221 
3222 
3223 
3224 
3225 
3226 
3227 4741 
3228 
3229 3605 
3230 
3231 
3232 
3233 3318 
3234 
3235 
3236 3277 
3237 
3238 
3239 4701 
3240 3959 
3241 
3242 
3243 
3244 
3245 
3246 
3247 3315 
3248 
3249 3286 4791 
3250 
3251 
3252 
3253 4454 
3254 
3255 
3256 
3257 
3258 
3259 
3260 
3261 
3262 
3263 4272 
3264 
3265 
3266 
3267 
3268 
3269 
3270 
3271 
3272 4818 
3273 
3274 
3275 
3276 
3277 
3278 
3279 
3280 
3281 
3282 
3283 
3284 
3285 
3286 
3287 
3288 
3289 
3290 
3291 3382 
3292 
3293 
3294 3325 
3295 
3296 
3297 3585 4666 
3298 3472 
3299 
3300 
3301 
3302 
3303 
3304 
3305 
3306 
3307 4963 
3308 
3309 3843 
3310 
3311 
3312 
3313 
3314 
3315 
3316 
3317 
3318 4946 
3319 
3320 
3321 
3322 
3323 
3324 
3325 
3326 
3327 
3328 
3329 
3330 
3331 
3332 4544 4696 
3333 
3334 4411 
3335 4720 
3336 3789 3913 4681 4774 
3337 
3338 3922 4002 4476 4594 4738 
3339 3768 4496 4790 4875 
3340 3709 3801 
3341 
3342 4391 
3343 3424 4541 
3344 3818 4765 
3345 3617 4017 
3346 4134 
3347 3762 4873 
3348 3592 
3349 3522 4116 4198 
3350 
3351 
3352 3363 3504 4234 4353 
3353 3720 4437 
3354 3803 
3355 3531 3817 4639 
3356 3598 3986 4014 
3357 3783 3821 4063 4112 
3358 4577 4661 
3359 4538 
3360 3860 4190 
3361 
3362 3409 
3363 3841 3933 
3364 3699 3775 
3365 3456 3862 3954 
3366 4601 4879 
3367 3812 4123 
3368 4552 4598 4891 
3369 4183 4435 
3370 3873 4251 4915 
3371 4078 
3372 
3373 4101 4301 
3374 4017 
3375 3457 4053 
3376 3419 4264 4648 
3377 3695 4216 
3378 3560 4294 
3379 3454 3529 4643 
3380 3719 3877 
3381 4547 
3382 3722 4206 4916 
3383 3629 4074 4550 
3384 3532 3871 4993 
3385 3536 4252 4761 
3386 4889 
3387 4484 4599 
3388 4159 4808 
3389 
3390 3757 
3391 
3392 
3393 4212 4442 4699 
3394 4620 
3395 4276 4285 
3396 3424 3471 3897 3915 4852 
3397 4351 4716 
3398 3497 3707 
3399 4531 4598 
3400 4093 4457 4755 
3401 3550 3815 3816 4822 
3402 
3403 3453 4001 
3404 3897 4098 4566 
3405 3582 3728 4268 4737 
3406 4153 
3407 
3408 4931 
3409 4223 4660 
3410 3459 3786 
3411 3572 3834 4914 
3412 3481 4005 4790 
3413 4278 4594 4678 
3414 
3415 4020 4596 4899 
3416 3757 3965 4357 4382 4750 
3417 3797 4780 
3418 
3419 3808 4816 
3420 
3421 4076 
3422 3733 4108 4698 
3423 
3424 3440 4213 4758 
3425 4087 4459 
3426 4485 4592 4696 
3427 3981 4742 4924 
3428 
3429 3584 4149 4411 4727 
3430 
3431 3558 
3432 3557 3920 4037 4246 4811 4822 
3433 3688 4327 4686 
3434 3635 4034 
3435 3437 4493 4496 4764 4981 
3436 4442 
3437 3537 4085 4452 4717 4837 
3438 4272 4541 
3439 3992 
3440 3805 4391 4560 
3441 
3442 3511 3978 4127 4362 
3443 3826 
3444 3454 
3445 4294 4730 
3446 4355 
3447 4844 
3448 
3449 3484 4287 4902 
3450 3486 
3451 
3452 3750 4036 4397 4766 
3453 
3454 
3455 3787 
3456 
3457 4668 
3458 4081 4774 4780 
3459 4281 4527 
3460 3566 
3461 
3462 4647 4781 
3463 3687 4590 
3464 3618 3685 4468 
3465 4167 4369 
3466 4099 
3467 3699 
3468 3680 4148 
3469 4061 4142 4649 
3470 4139 4244 4694 
3471 4088 
3472 3965 
3473 3615 
3474 3600 3929 4963 
3475 
3476 4071 4310 4654 4706 4925 
3477 3880 3966 
3478 4848 4891 
3479 4710 
3480 3730 3836 
3481 
3482 3562 4249 
3483 4347 
3484 
3485 
3486 3897 4553 
3487 4135 4257 
3488 3654 4463 4713 
3489 4001 4114 4697 
3490 3502 4227 4793 
3491 3527 4285 
3492 
3493 3574 3711 3860 4011 4173 4556 
3494 3784 4144 
3495 3615 4148 4220 
3496 3854 
3497 
3498 3757 
3499 4268 4926 
3500 3998 
3501 3858 4250 
3502 3841 4607 4870 
3503 4824 4852 4945 
3504 3918 
3505 4639 
3506 3900 4197 4293 4826 
3507 3547 
3508 4032 4695 
3509 3860 4405 4409 
3510 4956 
3511 4285 4537 
3512 3885 4501 
3513 4753 
3514 3564 4813 
3515 3760 
3516 4200 4372 
3517 
3518 
3519 4709 
3520 3543 4335 4397 4801 4921 4944 
3521 4259 4779 
3522 3645 4617 4712 4898 
3523 4238 4242 
3524 4569 4794 
3525 4169 4575 4875 
3526 4668 
3527 4014 4262 
3528 3580 3972 4793 
3529 3623 3962 4135 
3530 4190 4524 
3531 3631 
3532 3796 
3533 4313 4347 4760 
3534 
3535 3936 
3536 3714 4322 4846 
3537 3689 
3538 
3539 4335 
3540 
3541 3996 4442 
3542 3908 4910 
3543 
3544 3748 4127 
3545 3847 4944 
3546 4235 
3547 3886 4630 
3548 3640 3874 3958 4310 
3549 4578 
3550 4846 
3551 
3552 3947 4646 
3553 4819 
3554 3683 3738 
3555 
3556 3646 4474 
3557 
3558 3635 4299 4433 
3559 4292 4300 4329 4546 
3560 4549 
3561 
3562 
3563 
3564 4919 
3565 3677 4099 4575 4610 
3566 3845 3888 
3567 
3568 3915 4395 
3569 4622 4661 
3570 4357 
3571 3959 4275 4742 
3572 3677 4777 
3573 4305 
3574 4501 
3575 3805 4446 4758 4966 
3576 
3577 3932 4712 
3578 4123 4283 4419 
3579 
3580 
3581 3953 
3582 4518 4738 
3583 4414 
3584 4222 
3585 
3586 3998 4180 
3587 4464 4496 
3588 4196 
3589 3772 4652 4855 
3590 4256 4809 
3591 4067 4265 
3592 
3593 3725 4287 
3594 3658 4769 
3595 4395 
3596 3935 
3597 3745 
3598 3672 3941 4077 4182 
3599 4446 
3600 4152 4632 4781 4895 
3601 3876 4050 4110 4193 
3602 4884 
3603 
3604 
3605 
3606 4827 
3607 3718 
3608 3925 
3609 4415 
3610 3681 4906 
3611 3723 
3612 4019 4692 
3613 
3614 4528 4929 
3615 3857 3907 
3616 3636 4434 
3617 
3618 4086 
3619 3797 3916 
3620 4285 
3621 
3622 
3623 3651 
3624 4113 
3625 4441 
3626 3980 
3627 4872 
3628 3645 4367 
3629 4312 4765 
3630 
3631 
3632 4979 
3633 4528 4764 4817 
3634 4516 4547 
3635 3915 4061 4533 
3636 3746 4996 
3637 3846 
3638 3737 3963 4400 4789 4807 
3639 3813 4865 
3640 3740 
3641 4684 
3642 
3643 3692 4290 
3644 3740 4301 
3645 
3646 4078 4636 4811 4853 
3647 4843 
3648 4021 4561 
3649 4248 
3650 
3651 4782 
3652 
3653 3816 4214 
3654 3839 4448 
3655 3712 
3656 4459 4783 
3657 4414 4910 
3658 4125 4840 
3659 3682 3878 4878 
3660 4156 4532 
3661 4170 4915 
3662 4086 
3663 4915 
3664 
3665 3958 4937 
3666 3746 4860 
3667 4226 4846 
3668 4394 
3669 4819 
3670 3944 4798 4907 
3671 3686 4490 4883 4891 
3672 
3673 4069 
3674 4402 4472 
3675 4350 4378 4563 
3676 
3677 4191 
3678 4991 
3679 
3680 3844 
3681 3937 4142 4168 4198 4223 4841 
3682 
3683 3755 3926 
3684 
3685 
3686 4241 
3687 4390 
3688 4039 4334 4865 
3689 4433 4591 
3690 4453 
3691 4189 4237 4882 
3692 3751 4751 
3693 3898 4659 
3694 3871 3902 
3695 
3696 3712 3715 
3697 4974 
3698 4986 
3699 4077 4457 
3700 3734 4723 
3701 4388 4709 4893 
3702 4662 4943 
3703 
3704 
3705 4633 
3706 4387 4402 
3707 
3708 4523 
3709 
3710 
3711 4304 4472 
3712 
3713 4047 4334 4646 
3714 
3715 4686 4733 
3716 3887 4189 4515 4835 4982 
3717 4017 4080 4199 4651 4837 
3718 4455 
3719 4012 4164 4856 
3720 3894 
3721 4369 
3722 4932 
3723 4868 
3724 4128 4474 
3725 4053 4163 4450 
3726 4024 4407 4512 4621 
3727 
3728 4990 
3729 4840 
3730 3842 4234 4260 
3731 4299 4464 4799 
3732 4076 4514 
3733 4846 
3734 4535 4877 
3735 4185 4608 4869 
3736 4385 4638 4817 
3737 4357 4491 
3738 4871 
3739 3918 
3740 
3741 4390 
3742 3908 4505 
3743 4086 4221 
3744 3986 4291 4568 
3745 4599 
3746 4323 
3747 4192 4792 
3748 4276 
3749 4441 
3750 
3751 3966 4537 4613 4693 
3752 4253 4528 4708 4816 
3753 4491 4840 
3754 
3755 4136 
3756 4524 4603 
3757 3864 4027 4132 4550 4707 
3758 3851 
3759 4025 4929 
3760 
3761 3960 4415 
3762 4804 
3763 3931 4937 
3764 4017 4735 4934 
3765 4901 
3766 4741 
3767 
3768 4100 4127 4850 
3769 4118 4331 4779 4867 4970 
3770 
3771 3936 4769 
3772 
3773 3785 
3774 4478 4912 
3775 4150 
3776 4023 
3777 
3778 3986 4015 
3779 
3780 3970 
3781 3864 
3782 4380 
3783 3999 4902 4957 
3784 4210 4214 
3785 
3786 3867 
3787 3841 3892 3922 4768 4901 
3788 3857 4389 
3789 
3790 4832 
3791 3799 4398 
3792 4161 4653 4746 
3793 
3794 3899 
3795 
3796 4372 
3797 3990 4626 
3798 
3799 
3800 
3801 
3802 3812 4277 4559 
3803 3888 
3804 4233 
3805 3858 4327 4328 
3806 4292 4554 4681 
3807 4013 
3808 4092 
3809 4098 4447 4809 
3810 3937 4914 
3811 4642 
3812 4985 
3813 4174 
3814 3851 4404 4791 4804 
3815 4569 
3816 4231 
3817 3818 
3818 4191 
3819 
3820 4077 
3821 
3822 4943 
3823 
3824 4504 
3825 3932 3978 4045 4409 4612 4684 
3826 3918 
3827 3958 
3828 4392 4640 
3829 
3830 4404 4569 
3831 4396 
3832 4165 
3833 4252 
3834 
3835 4218 
3836 
3837 
3838 4785 
3839 4105 4173 
3840 4253 4543 
3841 4024 4652 
3842 4097 
3843 4557 
3844 
3845 4123 4170 4414 4543 4662 
3846 
3847 4128 4955 4994 
3848 4718 
3849 4656 
3850 3916 4411 
3851 
3852 
3853 
3854 3975 4409 4551 4670 4839 
3855 
3856 4241 4325 
3857 4896 
3858 4162 4996 
3859 
3860 4276 
3861 
3862 4219 4631 4716 
3863 
3864 3922 4387 4753 
3865 
3866 4667 4827 
3867 
3868 4377 
3869 4192 4396 
3870 
3871 4140 4218 
3872 4455 
3873 4369 4717 
3874 4099 4583 
3875 
3876 4058 4147 
3877 4039 
3878 3978 4423 
3879 
3880 
3881 4300 4923 
3882 4402 4917 4966 
3883 4479 4648 4816 
3884 4910 
3885 4988 
3886 4825 
3887 
3888 4655 
3889 4111 4454 
3890 
3891 4509 
3892 
3893 3930 
3894 3913 4514 4820 
3895 
3896 4174 4667 4762 
3897 
3898 4903 
3899 
3900 
3901 4326 4703 4913 
3902 4044 4374 
3903 4113 4512 
3904 
3905 
3906 4273 
3907 4244 4314 
3908 4634 
3909 4367 
3910 4394 4994 
3911 3927 4514 
3912 
3913 3948 
3914 4096 4168 4293 4510 4945 4955 
3915 4200 4609 
3916 4117 4581 
3917 4368 4549 
3918 
3919 4086 4294 
3920 4860 4979 
3921 4285 4900 
3922 
3923 3928 
3924 4101 
3925 4538 4959 
3926 3948 4294 4324 4683 
3927 4480 
3928 
3929 
3930 4942 
3931 
3932 4458 
3933 4133 4644 4872 
3934 4972 
3935 4051 4475 4574 4921 
3936 
3937 
3938 4336 4853 4952 
3939 4155 4166 
3940 4649 4771 
3941 4299 
3942 
3943 4479 
3944 
3945 4002 4326 
3946 4415 4828 
3947 
3948 
3949 
3950 4747 
3951 3998 4004 
3952 4185 4849 4937 
3953 4825 4856 
3954 
3955 4232 4614 
3956 4807 
3957 
3958 4502 4521 
3959 4068 
3960 
3961 4462 4605 4644 
3962 4206 
3963 4457 4757 
3964 4595 4772 
3965 4258 4551 
3966 4046 4628 
3967 
3968 4213 4619 4946 
3969 
3970 
3971 3994 4541 4792 
3972 4177 4811 
3973 
3974 4310 
3975 4547 4785 
3976 
3977 4271 
3978 4617 
3979 
3980 4173 4555 
3981 3993 
3982 
3983 
3984 
3985 4166 
3986 4019 
3987 
3988 
3989 4406 
3990 4665 
3991 4100 4872 
3992 4580 
3993 4309 
3994 4100 
3995 4825 4994 
3996 
3997 
3998 
3999 
4000 4185 4481 
4001 
4002 
4003 4340 
4004 
4005 4467 4636 
4006 
4007 4441 4926 
4008 4195 4960 
4009 
4010 4146 4950 
4011 
4012 4313 
4013 4096 4130 
4014 4061 4291 4438 
4015 
4016 
4017 4650 
4018 
4019 
4020 4084 4758 4893 
4021 4888 
4022 4120 4982 
4023 
4024 4138 4571 
4025 
4026 4805 
4027 
4028 4112 4778 4824 
4029 
4030 4402 4649 
4031 4546 4629 
4032 
4033 4240 4954 
4034 4228 
4035 
4036 4336 4547 
4037 
4038 4888 
4039 4108 4147 4492 4746 4842 
4040 
4041 4045 
4042 
4043 
4044 4602 
4045 4337 4516 
4046 4283 4744 
4047 4286 4484 
4048 4699 4841 
4049 4194 4255 
4050 
4051 4252 4880 
4052 4581 
4053 4270 
4054 4576 4988 
4055 4203 4901 
4056 4222 
4057 4288 4564 4586 4842 
4058 4178 4857 
4059 4321 4623 
4060 
4061 4205 4699 
4062 4712 
4063 4490 
4064 4504 
4065 4503 4781 
4066 4295 4803 
4067 4211 
4068 4610 
4069 
4070 
4071 
4072 4177 4345 4758 
4073 4579 
4074 4728 4869 
4075 4636 
4076 4720 
4077 4403 
4078 4230 4357 
4079 
4080 4557 4564 4902 
4081 4366 
4082 4502 4544 
4083 4287 4916 4969 
4084 4456 4877 
4085 
4086 4509 4821 
4087 4092 4791 4802 
4088 4394 
4089 
4090 4299 4503 
4091 4625 4728 
4092 4490 
4093 
4094 4145 4331 
4095 4283 4476 
4096 
4097 4143 
4098 4103 4220 
4099 4131 
4100 
4101 
4102 4871 
4103 4762 4851 4937 
4104 
4105 4902 4914 4964 
4106 4307 
4107 4894 
4108 
4109 
4110 4418 
4111 
4112 4752 
4113 
4114 4846 4963 
4115 
4116 4612 4811 
4117 
4118 
4119 
4120 
4121 4275 4655 4704 4834 
4122 4130 4341 4472 4490 4669 
4123 
4124 
4125 4536 4882 
4126 4178 4495 
4127 4188 
4128 4991 
4129 4132 4940 
4130 
4131 4789 4817 
4132 
4133 
4134 4698 
4135 
4136 4310 4466 4631 
4137 4838 
4138 4818 
4139 4612 
4140 
4141 4257 4942 
4142 4589 
4143 4323 4616 
4144 
4145 4177 4578 
4146 
4147 4296 
4148 4508 
4149 4372 
4150 4240 4697 4990 
4151 
4152 4730 
4153 4460 4633 4682 
4154 
4155 
4156 
4157 
4158 4789 
4159 4763 4765 
4160 
4161 4424 
4162 
4163 
4164 4556 
4165 4515 
4166 
4167 
4168 4844 4916 
4169 
4170 4354 
4171 4291 4512 4536 
4172 4368 4758 
4173 
4174 
4175 4505 
4176 4463 4491 
4177 
4178 
4179 
4180 
4181 4569 
4182 4562 4655 4656 4939 4997 
4183 
4184 4567 4609 
4185 4381 
4186 4296 4978 
4187 4352 
4188 4685 4741 4970 
4189 
4190 
4191 
4192 4673 4970 
4193 
4194 4262 4378 
4195 
4196 
4197 
4198 4735 
4199 4309 4436 
4200 4306 4775 
4201 
4202 4600 
4203 
4204 
4205 4275 4898 
4206 4344 
4207 
4208 4683 
4209 4562 4789 
4210 4947 
4211 4407 4498 4634 
4212 4656 
4213 4229 
4214 4762 
4215 4812 
4216 
4217 
4218 4361 4401 4632 
4219 
4220 4304 
4221 4281 
4222 
4223 4584 4593 
4224 4565 4888 
4225 4766 
4226 4611 4805 4933 
4227 
4228 4514 
4229 4581 4602 4610 
4230 4787 
4231 4746 
4232 4460 
4233 
4234 
4235 
4236 4674 
4237 
4238 
4239 4527 4654 
4240 4349 4678 4701 
4241 4737 
4242 
4243 4402 4644 
4244 4248 4462 4660 4921 
4245 4596 4640 
4246 
4247 4530 4893 
4248 
4249 4313 4425 4612 
4250 
4251 
4252 4924 
4253 4350 4442 4774 
4254 4313 4543 4552 
4255 4323 
4256 
4257 
4258 4449 4508 4774 
4259 4662 
4260 
4261 
4262 4386 4964 
4263 4505 4650 
4264 4432 
4265 
4266 4520 
4267 
4268 4442 
4269 
4270 4475 4900 
4271 
4272 4431 4863 
4273 4322 4671 
4274 4588 
4275 4503 4936 
4276 4898 
4277 4378 
4278 
4279 
4280 
4281 4498 4551 4642 4860 4936 
4282 4574 
4283 4318 4487 4811 
4284 
4285 4818 
4286 4580 4635 
4287 4449 
4288 4648 
4289 4487 
4290 
4291 
4292 
4293 
4294 4422 4607 4890 
4295 4370 4406 
4296 4452 4767 
4297 4961 
4298 
4299 
4300 4867 
4301 
4302 4773 
4303 4888 
4304 
4305 
4306 4920 
4307 4374 4638 
4308 
4309 4845 
4310 
4311 
4312 4322 
4313 4402 
4314 
4315 4446 4579 
4316 
4317 4631 
4318 
4319 4426 
4320 
4321 4418 4602 
4322 
4323 
4324 
4325 
4326 
4327 
4328 4624 4653 
4329 4461 4648 4920 
4330 4442 4621 
4331 
4332 4992 
4333 
4334 
4335 
4336 4555 
4337 4657 4697 
4338 4903 
4339 
4340 4418 4541 
4341 4477 
4342 4674 
4343 
4344 4399 
4345 4464 4753 
4346 4663 4718 
4347 4376 
4348 4895 
4349 4764 
4350 
4351 
4352 4550 
4353 4520 4779 
4354 4849 
4355 
4356 4409 4744 
4357 4696 
4358 4846 
4359 4526 
4360 4978 
4361 
4362 4638 
4363 4871 4944 
4364 
4365 4441 
4366 4608 4961 
4367 4990 
4368 
4369 
4370 
4371 4416 4566 
4372 4557 4708 
4373 4923 
4374 4657 4938 
4375 4744 
4376 
4377 
4378 4784 4960 
4379 4423 4851 
4380 
4381 4446 4808 4878 
4382 
4383 
4384 
4385 
4386 4904 
4387 
4388 4719 
4389 4879 
4390 
4391 
4392 
4393 
4394 4740 
4395 4707 4983 
4396 4556 4721 4779 
4397 4701 
4398 
4399 4603 4674 4894 
4400 
4401 4914 
4402 4833 
4403 4772 
4404 4983 
4405 4980 
4406 4947 
4407 
4408 4464 
4409 
4410 4479 
4411 4583 
4412 
4413 
4414 4520 4960 
4415 
4416 4571 
4417 4451 
4418 4512 
4419 
4420 
4421 4499 
4422 4519 4885 4968 
4423 4869 
4424 4622 4677 4795 
4425 
4426 4824 
4427 4899 
4428 
4429 4480 
4430 
4431 
4432 4513 
4433 
4434 4483 4779 
4435 4644 4856 
4436 4513 
4437 
4438 
4439 
4440 
4441 4748 
4442 
4443 
4444 
4445 4536 
4446 4705 4865 
4447 4596 
4448 4719 
4449 4907 
4450 
4451 4930 
4452 
4453 4697 
4454 
4455 4955 
4456 4784 4817 
4457 4669 4759 
4458 
4459 4497 
4460 4632 4775 
4461 
4462 4955 
4463 
4464 
4465 
4466 
4467 4547 
4468 
4469 4972 
4470 4562 4977 
4471 4703 4948 
4472 4827 
4473 
4474 4723 
4475 
4476 
4477 4985 
4478 4495 4934 
4479 
4480 
4481 
4482 4873 4899 
4483 4584 4960 
4484 4759 
4485 
4486 4501 
4487 
4488 
4489 4739 
4490 
4491 
4492 
4493 4994 
4494 
4495 
4496 4510 4729 
4497 4506 4811 
4498 4970 
4499 
4500 
4501 
4502 
4503 
4504 
4505 4569 
4506 4953 
4507 4781 
4508 
4509 
4510 
4511 4649 
4512 
4513 4816 
4514 4586 4790 
4515 
4516 
4517 
4518 
4519 
4520 
4521 
4522 
4523 4698 
4524 
4525 4633 
4526 
4527 
4528 4891 4960 
4529 
4530 4972 
4531 
4532 4722 4863 
4533 
4534 
4535 
4536 
4537 4816 
4538 4950 
4539 
4540 
4541 4886 
4542 
4543 
4544 4836 
4545 4728 
4546 
4547 4810 
4548 
4549 
4550 4690 
4551 
4552 
4553 
4554 4570 4915 
4555 
4556 
4557 4889 
4558 
4559 
4560 4976 
4561 
4562 4925 
4563 4624 
4564 4604 
4565 4903 
4566 
4567 4718 
4568 4765 
4569 
4570 4848 
4571 
4572 
4573 4941 
4574 
4575 
4576 4581 4986 
4577 4664 
4578 
4579 4842 
4580 4868 4977 
4581 
4582 
4583 
4584 
4585 
4586 4736 
4587 4959 
4588 
4589 4708 
4590 4915 
4591 
4592 
4593 
4594 
4595 
4596 
4597 
4598 
4599 
4600 4703 
4601 
4602 4897 
4603 4935 
4604 
4605 
4606 4953 
4607 
4608 
4609 
4610 
4611 
4612 
4613 
4614 4852 
4615 
4616 4806 
4617 4664 
4618 4780 
4619 4856 4901 
4620 4992 
4621 
4622 
4623 
4624 
4625 4738 
4626 
4627 4931 
4628 
4629 4792 
4630 
4631 
4632 4746 
4633 
4634 
4635 
4636 4887 4909 
4637 4828 
4638 
4639 
4640 
4641 
4642 
4643 
4644 4888 4947 
4645 
4646 4811 
4647 
4648 
4649 
4650 4693 
4651 4768 
4652 
4653 4922 
4654 
4655 
4656 
4657 
4658 4912 
4659 4685 4777 
4660 
4661 
4662 4690 
4663 
4664 
4665 4880 
4666 
4667 
4668 
4669 
4670 
4671 
4672 
4673 
4674 4807 
4675 4755 
4676 
4677 
4678 
4679 
4680 
4681 
4682 
4683 4716 4935 
4684 
4685 
4686 
4687 
4688 4831 
4689 4808 
4690 
4691 
4692 
4693 4975 
4694 
4695 
4696 
4697 4757 
4698 
4699 4728 
4700 
4701 4731 4771 4836 
4702 4730 
4703 
4704 
4705 4775 4923 
4706 4845 
4707 
4708 
4709 
4710 
4711 
4712 
4713 
4714 
4715 4905 
4716 
4717 4875 
4718 4889 4911 
4719 
4720 
4721 
4722 
4723 
4724 
4725 
4726 4945 
4727 
4728 4775 
4729 
4730 
4731 4844 4983 
4732 
4733 4923 
4734 
4735 
4736 
4737 
4738 
4739 4764 
4740 
4741 
4742 
4743 
4744 
4745 
4746 4779 
4747 
4748 4796 
4749 4791 
4750 
4751 
4752 4869 
4753 
4754 
4755 4812 4990 
4756 
4757 
4758 
4759 4827 
4760 
4761 4968 
4762 
4763 
4764 
4765 
4766 
4767 
4768 
4769 4840 
4770 
4771 4826 4925 
4772 
4773 
4774 4931 
4775 
4776 
4777 
4778 4990 
4779 
4780 4862 
4781 
4782 
4783 
4784 
4785 
4786 
4787 
4788 
4789 4836 
4790 
4791 
4792 
4793 4929 4997 
4794 
4795 4981 
4796 4968 
4797 4983 
4798 
4799 4858 
4800 
4801 
4802 
4803 
4804 
4805 
4806 
4807 
4808 4995 
4809 
4810 
4811 
4812 
4813 
4814 
4815 
4816 
4817 
4818 
4819 
4820 
4821 
4822 
4823 
4824 4866 
4825 
4826 
4827 
4828 
4829 
4830 
4831 
4832 
4833 
4834 
4835 
4836 
4837 4878 
4838 
4839 
4840 4892 
4841 
4842 
4843 
4844 
4845 
4846 
4847 
4848 4861 
4849 
4850 
4851 
4852 
4853 4872 
4854 
4855 
4856 
4857 
4858 
4859 
4860 
4861 4958 
4862 4869 
4863 
4864 
4865 
4866 
4867 
4868 
4869 
4870 
4871 
4872 
4873 
4874 
4875 
4876 4887 
4877 
4878 
4879 
4880 4974 
4881 
4882 
4883 
4884 
4885 4978 
4886 
4887 4983 
4888 
4889 4902 
4890 
4891 
4892 
4893 
4894 
4895 
4896 
4897 
4898 
4899 4903 
4900 
4901 4947 
4902 
4903 
4904 
4905 
4906 4958 
4907 
4908 
4909 4981 
4910 
4911 
4912 
4913 4960 
4914 
4915 
4916 4935 
4917 
4918 
4919 
4920 
4921 
4922 
4923 
4924 
4925 
4926 
4927 
4928 
4929 
4930 
4931 
4932 4963 
4933 
4934 
4935 
4936 
4937 
4938 
4939 
4940 
4941 
4942 
4943 
4944 
4945 
4946 
4947 
4948 
4949 
4950 
4951 
4952 
4953 
4954 4962 
4955 
4956 
4957 
4958 
4959 
4960 4987 
4961 
4962 4967 
4963 
4964 
4965 
4966 
4967 
4968 
4969 
4970 
4971 
4972 
4973 4982 
4974 
4975 4994 
4976 
4977 
4978 
4979 
4980 
4981 
4982 
4983 
4984 
4985 
4986 
4987 
4988 
4989 
4990 4993 
4991 
4992 
4993 
4994 
4995 
4996 
4997 
[0, 0, 0, 0, 0, 0, 0, 0, 0, 0, 0, 0, 0, 0, 0, 0, 0, 0, 0, 0, 0, 0, 0, 0, 0, 0, 0, 0, 0, 0, 0, 0, 0, 0, 0, 0, 0, 0, 0, 0, 0, 0, 0, 0, 0, 0, 0, 0, 0, 0, 0, 0, 0, 0, 0, 0, 0, 0, 0, 0, 0, 0, 0, 0, 0, 0, 0, 0, 0, 0, 0, 0, 0, 0, 0, 0, 0, 0, 0, 0, 0, 0, 0, 0, 0, 0, 0, 0, 0, 0, 0, 0, 0, 0, 0, 0, 0, 0, 0, 0, 0, 0, 0, 0, 0, 0, 0, 0, 0, 0, 0, 0, 0, 0, 0, 0, 0, 0, 0, 0, 0, 0, 0, 0, 0, 0, 0, 0, 0, 0, 0, 0, 0, 0, 0, 0, 0, 0, 0, 0, 0, 0, 0, 0, 0, 0, 0, 0, 0, 0, 0, 0, 0, 0, 0, 0, 0, 0, 0, 0, 0, 0, 0, 0, 0, 0, 0, 0, 0, 0, 0, 0, 0, 0, 0, 0, 0, 0, 0, 0, 0, 0, 0, 0, 0, 0, 0, 0, 0, 0, 0, 0, 0, 0, 0, 0, 0, 0, 0, 0, 0, 0, 0, 0, 0, 0, 0, 0, 0, 0, 0, 0, 0, 0, 0, 0, 0, 0, 0, 0, 0, 0, 0, 0, 0, 0, 0, 0, 0, 0, 0, 0, 0, 0, 0, 0, 0, 0, 0, 0, 0, 0, 0, 0, 0, 0, 0, 0, 0, 0, 0, 0, 0, 0, 0, 0, 0, 0, 0, 0, 0, 0, 0, 0, 0, 0, 0, 0, 0, 0, 0, 0, 0, 0, 0, 0, 0, 0, 0, 0, 0, 0, 0, 0, 0, 0, 0, 0, 0, 0, 0, 0, 0, 0, 0, 0, 0, 0, 0, 0, 0, 0, 0, 0, 0, 0, 0, 0, 0, 0, 0, 0, 0, 0, 0, 0, 0, 0, 0, 0, 0, 0, 0, 0, 0, 0, 0, 0, 0, 0, 0, 0, 0, 0, 0, 0, 0, 0, 0, 0, 0, 0, 0, 0, 0, 0, 0, 0, 0, 0, 0, 0, 0, 0, 0, 0, 0, 0, 0, 0, 0, 0, 0, 0, 0, 0, 0, 0, 0, 0, 0, 0, 0, 0, 0, 0, 0, 0, 0, 0, 0, 0, 0, 0, 0, 0, 0, 0, 0, 0, 0, 0, 0, 0, 0, 0, 0, 0, 0, 0, 0, 0, 0, 0, 0, 0, 0, 0, 0, 0, 0, 0, 0, 0, 0, 0, 0, 0, 0, 0, 0, 0, 0, 0, 0, 0, 0, 0, 0, 0, 0, 0, 0, 0, 0, 0, 0, 0, 0, 0, 0, 0, 0, 0, 0, 0, 0, 0, 0, 0, 0, 0, 0, 0, 0, 0, 0, 0, 0, 0, 0, 0, 0, 0, 0, 0, 0, 0, 0, 0, 0, 0, 0, 0, 0, 0, 0, 0, 0, 0, 0, 0, 0, 0, 0, 0, 0, 0, 0, 0, 0, 0, 0, 0, 0, 0, 0, 0, 0, 0, 0, 0, 0, 0, 0, 0, 0, 0, 0, 0, 0, 0, 0, 0, 0, 0, 0, 0, 0, 0, 0, 0, 0, 0, 0, 0, 0, 0, 0, 0, 0, 0, 0, 0, 0, 0, 0, 0, 0, 0, 0, 0, 0, 0, 0, 0, 0, 0, 0, 0, 0, 0, 0, 0, 0, 0, 0, 0, 0, 0, 0, 0, 0, 0, 0, 0, 0, 0, 0, 0, 0, 0, 0, 0, 0, 0, 0, 0, 0, 0, 0, 0, 0, 0, 0, 0, 0, 0, 0, 0, 0, 0, 0, 0, 0, 0, 0, 0, 0, 0, 0, 0, 0, 0, 0, 0, 0, 0, 0, 0, 0, 0, 0, 0, 0, 0, 0, 0, 0, 0, 0, 0, 0, 0, 0, 0, 0, 0, 0, 0, 0, 0, 0, 0, 0, 0, 0, 0, 0, 0, 0, 0, 0, 0, 0, 0, 0, 0, 0, 0, 0, 0, 0, 0, 0, 0, 0, 0, 0, 0, 0, 0, 0, 0, 0, 0, 0, 0, 0, 0, 0, 0, 0, 0, 0, 0, 0, 0, 0, 0, 0, 0, 0, 0, 0, 0, 0, 0, 0, 0, 0, 0, 0, 0, 0, 0, 0, 0, 0, 0, 0, 0, 0, 0, 0, 0, 0, 0, 0, 0, 0, 0, 0, 0, 0, 0, 0, 0, 0, 0, 0, 0, 0, 0, 0, 0, 0, 0, 0, 0, 0, 0, 0, 0, 0, 0, 0, 0, 0, 0, 0, 0, 0, 0, 0, 0, 0, 0, 0, 0, 0, 0, 0, 0, 0, 0, 0, 0, 0, 0, 0, 0, 0, 0, 0, 0, 0, 0, 0, 0, 0, 0, 0, 0, 0, 0, 0, 0, 0, 0, 0, 0, 0, 0, 0, 0, 0, 0, 0, 0, 0, 0, 0, 0, 0, 0, 0, 0, 0, 0, 0, 0, 0, 0, 0, 0, 0, 0, 0, 0, 0, 0, 0, 0, 0, 0, 0, 0, 0, 0, 0, 0, 0, 0, 0, 0, 0, 0, 0, 0, 0, 0, 0, 0, 0, 0, 0, 0, 0, 0, 0, 0, 0, 0, 0, 0, 0, 0, 0, 0, 0, 0, 0, 0, 0, 0, 0, 0, 0, 0, 0, 0, 0, 0, 0, 0, 0, 0, 0, 0, 0, 0, 0, 0, 0, 0, 0, 0, 0, 0, 0, 0, 0, 0, 0, 0, 0, 0, 0, 0, 0, 0, 0, 0, 0, 0, 0, 0, 0, 0, 0, 0, 0, 0, 0, 0, 0, 0, 0, 0, 0, 0, 0, 0, 0, 0, 0, 0, 0, 0, 0, 0, 0, 0, 0, 0, 0, 0, 0, 0, 0, 0, 0, 0, 0, 0, 0, 0, 0, 0, 0, 0, 0, 0, 0, 0, 0, 0, 0, 0, 0, 0, 0, 0, 0, 0, 0, 0, 0, 0, 0, 0, 0, 0, 0, 0, 0, 0, 0, 0, 0, 0, 0, 0, 0, 0, 0, 0, 0, 0, 0, 0, 0, 0, 0, 0, 0, 0, 0, 0, 0, 0, 0, 0, 0, 0, 0, 0, 0, 0, 0, 0, 0, 0, 0, 0, 0, 0, 0, 0, 0, 0, 0, 0, 0, 0, 0, 0, 0, 0, 0, 0, 0, 0, 0, 0, 0, 0, 0, 0, 0, 0, 0, 0, 0, 0, 0, 0, 0, 0, 0, 0, 0, 0, 0, 0, 0, 0, 0, 0, 0, 0, 0, 0, 0, 0, 0, 0, 0, 0, 0, 0, 0, 0, 0, 0, 0, 0, 0, 0, 0, 0, 0, 0, 0, 0, 0, 0, 0, 0, 0, 0, 0, 0, 0, 0, 0, 0, 0, 0, 0, 0, 0, 0, 0, 0, 0, 0, 0, 0, 0, 0, 0, 0, 0, 0, 0, 0, 0, 0, 0, 0, 0, 0, 0, 0, 0, 0, 0, 0, 0, 0, 0, 0, 0, 0, 0, 0, 0, 0, 0, 0, 0, 0, 0, 0, 0, 0, 0, 0, 0, 0, 0, 0, 0, 0, 0, 0, 0, 0, 0, 0, 0, 0, 0, 0, 0, 0, 0, 0, 0, 0, 0, 0, 0, 0, 0, 0, 0, 0, 0, 0, 0, 0, 0, 0, 0, 0, 0, 0, 0, 0, 0, 0, 0, 0, 0, 0, 0, 0, 0, 0, 0, 0, 0, 0, 0, 0, 0, 0, 0, 0, 0, 0, 0, 0, 0, 0, 0, 0, 0, 0, 0, 0, 0, 0, 0, 0, 0, 0, 0, 0, 0, 0, 0, 0, 0, 0, 0, 0, 0, 0, 0, 0, 0, 0, 0, 0, 0, 0, 0, 0, 0, 0, 0, 0, 0, 0, 0, 0, 0, 0, 0, 0, 0, 0, 0, 0, 0, 0, 0, 0, 0, 0, 0, 0, 0, 0, 0, 0, 0, 0, 0, 0, 0, 0, 0, 0, 0, 0, 0, 0, 0, 0, 0, 0, 0, 0, 0, 0, 0, 0, 0, 0, 0, 0, 0, 0, 0, 0, 0, 0, 0, 0, 0, 0, 0, 0, 0, 0, 0, 0, 0, 0, 0, 0, 0, 0, 0, 0, 0, 0, 0, 0, 0, 0, 0, 0, 0, 0, 0, 0, 0, 0, 0, 0, 0, 0, 0, 0, 0, 0, 0, 0, 0, 0, 0, 0, 0, 0, 0, 0, 0, 0, 0, 0, 0, 0, 0, 0, 0, 0, 0, 0, 0, 0, 0, 0, 0, 0, 0, 0, 0, 0, 0, 0, 0, 0, 0, 0, 0, 0, 0, 0, 0, 0, 0, 0, 0, 0, 0, 0, 0, 0, 0, 0, 0, 0, 0, 0, 0, 0, 0, 0, 0, 0, 0, 0, 0, 0, 0, 0, 0, 0, 0, 0, 0, 0, 0, 0, 0, 0, 0, 0, 0, 0, 0, 0, 0, 0, 0, 0, 0, 0, 0, 0, 0, 0, 0, 0, 0, 0, 0, 0, 0, 0, 0, 0, 0, 0, 0, 0, 0, 0, 0, 0, 0, 0, 0, 0, 0, 0, 0, 0, 0, 0, 0, 0, 0, 0, 0, 0, 0, 0, 0, 0, 0, 0, 0, 0, 0, 0, 0, 0, 0, 0, 0, 0, 0, 0, 0, 0, 0, 0, 0, 0, 0, 0, 0, 0, 0, 0, 0, 0, 0, 0, 0, 0, 0, 0, 0, 0, 0, 0, 0, 0, 0, 0, 0, 0, 0, 0, 0, 0, 0, 0, 0, 0, 0, 0, 0, 0, 0, 0, 0, 0, 0, 0, 0, 0, 0, 0, 0, 0, 0, 0, 0, 0, 0, 0, 0, 0, 0, 0, 0, 0, 0, 0, 0, 0, 0, 0, 0, 0, 0, 0, 0, 0, 0, 0, 0, 0, 0, 0, 0, 0, 0, 0, 0, 0, 0, 0, 0, 0, 0, 0, 0, 0, 0, 0, 0, 0, 0, 0, 0, 0, 0, 0, 0, 0, 0, 0, 0, 0, 0, 0, 0, 0, 0, 0, 0, 0, 0, 0, 0, 0, 0, 0, 0, 0, 0, 0, 0, 0, 0, 0, 0, 0, 0, 0, 0, 0, 0, 0, 0, 0, 0, 0, 0, 0, 0, 0, 0, 0, 0, 0, 0, 0, 0, 0, 0, 0, 0, 0, 0, 0, 0, 0, 0, 0, 0, 0, 0, 0, 0, 0, 1, 1, 1, 1, 1, 1, 1, 1, 1, 1, 1, 1, 1, 1, 1, 1, 1, 1, 1, 1, 1, 1, 1, 1, 1, 1, 1, 1, 1, 1, 1, 1, 1, 1, 1, 1, 1, 1, 1, 1, 1, 1, 1, 1, 1, 1, 1, 1, 1, 1, 1, 1, 1, 1, 1, 1, 1, 1, 1, 1, 1, 1, 1, 1, 1, 1, 1, 1, 1, 1, 1, 1, 1, 1, 1, 1, 1, 1, 1, 1, 1, 1, 1, 1, 1, 1, 1, 1, 1, 1, 1, 1, 1, 1, 1, 1, 1, 1, 1, 1, 1, 1, 1, 1, 1, 1, 1, 1, 1, 1, 1, 1, 1, 1, 1, 1, 1, 1, 1, 1, 1, 1, 1, 1, 1, 1, 1, 1, 1, 1, 1, 1, 1, 1, 1, 1, 1, 1, 1, 1, 1, 1, 1, 1, 1, 1, 1, 1, 1, 1, 1, 1, 1, 1, 1, 1, 1, 1, 1, 1, 1, 1, 1, 1, 1, 1, 1, 1, 1, 1, 1, 1, 1, 1, 1, 1, 1, 1, 1, 1, 1, 1, 1, 1, 1, 1, 1, 1, 1, 1, 1, 1, 1, 1, 1, 1, 1, 1, 1, 1, 1, 1, 1, 1, 1, 1, 1, 1, 1, 1, 1, 1, 1, 1, 1, 1, 1, 1, 1, 1, 1, 1, 1, 1, 1, 1, 1, 1, 1, 1, 1, 1, 1, 1, 1, 1, 1, 1, 1, 1, 1, 1, 1, 1, 1, 1, 1, 1, 1, 1, 1, 1, 1, 1, 1, 1, 1, 1, 1, 1, 1, 1, 1, 1, 1, 1, 1, 1, 1, 1, 1, 1, 1, 1, 1, 1, 1, 1, 1, 1, 1, 1, 1, 1, 1, 1, 1, 1, 1, 1, 1, 1, 1, 1, 1, 1, 1, 1, 1, 1, 1, 1, 1, 1, 1, 1, 1, 1, 1, 1, 1, 1, 1, 1, 1, 1, 1, 1, 1, 1, 1, 1, 1, 1, 1, 1, 1, 1, 1, 1, 1, 1, 1, 1, 1, 1, 1, 1, 1, 1, 1, 1, 1, 1, 1, 1, 1, 1, 1, 1, 1, 1, 1, 1, 1, 1, 1, 1, 1, 1, 1, 1, 1, 1, 1, 1, 1, 1, 1, 1, 1, 1, 1, 1, 1, 1, 1, 1, 1, 1, 1, 1, 1, 1, 1, 1, 1, 1, 1, 1, 1, 1, 1, 1, 1, 1, 1, 1, 1, 1, 1, 1, 1, 1, 1, 1, 1, 1, 1, 1, 1, 1, 1, 1, 1, 1, 1, 1, 1, 1, 1, 1, 1, 1, 1, 1, 1, 1, 1, 1, 1, 1, 1, 1, 1, 1, 1, 1, 1, 1, 1, 1, 1, 1, 1, 1, 1, 1, 1, 1, 1, 1, 1, 1, 1, 1, 1, 1, 1, 1, 1, 1, 1, 1, 1, 1, 1, 1, 1, 1, 1, 1, 1, 1, 1, 1, 1, 1, 1, 1, 1, 1, 1, 1, 1, 1, 1, 1, 1, 1, 1, 1, 1, 1, 1, 1, 1, 1, 1, 1, 1, 1, 1, 1, 1, 1, 1, 1, 1, 1, 1, 1, 1, 1, 1, 1, 1, 1, 1, 1, 1, 1, 1, 1, 1, 1, 1, 1, 1, 1, 1, 1, 1, 1, 1, 1, 1, 1, 1, 1, 1, 1, 1, 1, 1, 1, 1, 1, 1, 1, 1, 1, 1, 1, 1, 1, 1, 1, 1, 1, 1, 1, 1, 1, 1, 1, 1, 1, 1, 1, 1, 1, 1, 1, 1, 1, 1, 1, 1, 1, 1, 1, 1, 1, 1, 1, 1, 1, 1, 1, 1, 1, 1, 1, 1, 1, 1, 1, 1, 1, 1, 1, 1, 1, 1, 1, 1, 1, 1, 1, 1, 1, 1, 1, 1, 1, 1, 1, 1, 1, 1, 1, 1, 1, 1, 1, 1, 1, 1, 1, 1, 1, 1, 1, 1, 1, 1, 1, 1, 1, 1, 1, 1, 1, 1, 1, 1, 1, 1, 1, 1, 1, 1, 1, 1, 1, 1, 1, 1, 1, 1, 1, 1, 1, 1, 1, 1, 1, 1, 1, 1, 1, 1, 1, 1, 1, 1, 1, 1, 1, 1, 1, 1, 1, 1, 1, 1, 1, 1, 1, 1, 1, 1, 1, 1, 1, 1, 1, 1, 1, 1, 1, 1, 1, 1, 1, 1, 1, 1, 1, 1, 1, 1, 1, 1, 1, 1, 1, 1, 1, 1, 1, 1, 1, 1, 1, 1, 1, 1, 1, 1, 1, 1, 1, 1, 1, 1, 1, 1, 1, 1, 1, 1, 1, 1, 1, 1, 1, 1, 1, 1, 1, 1, 1, 1, 1, 1, 1, 1, 1, 1, 1, 1, 1, 1, 1, 1, 1, 1, 1, 1, 1, 1, 1, 1, 1, 1, 1, 1, 1, 1, 1, 1, 1, 1, 1, 1, 1, 1, 1, 1, 1, 1, 1, 1, 1, 1, 1, 1, 1, 1, 1, 1, 1, 1, 1, 1, 1, 1, 1, 1, 1, 1, 1, 1, 1, 1, 1, 1, 1, 1, 1, 1, 1, 1, 1, 1, 1, 1, 1, 1, 1, 1, 1, 1, 1, 1, 1, 1, 1, 1, 1, 1, 1, 1, 1, 1, 1, 1, 1, 1, 1, 1, 1, 1, 1, 1, 1, 1, 1, 1, 1, 1, 1, 1, 1, 1, 1, 1, 1, 1, 1, 1, 1, 1, 1, 1, 1, 1, 1, 1, 1, 1, 1, 1, 1, 1, 1, 1, 1, 1, 1, 1, 1, 1, 1, 1, 1, 1, 1, 1, 1, 1, 1, 1, 1, 1, 1, 1, 1, 1, 1, 1, 1, 1, 1, 1, 1, 1, 1, 1, 1, 1, 1, 1, 1, 1, 1, 1, 1, 1, 1, 1, 1, 1, 1, 1, 1, 1, 1, 1, 1, 1, 1, 1, 1, 1, 1, 1, 1, 1, 1, 1, 1, 1, 1, 1, 1, 1, 1, 1, 1, 1, 1, 1, 1, 1, 1, 1, 1, 1, 1, 1, 1, 1, 1, 1, 1, 1, 1, 1, 1, 1, 1, 1, 1, 1, 1, 1, 1, 1, 1, 1, 1, 1, 1, 1, 1, 1, 1, 1, 1, 1, 1, 1, 1, 1, 1, 1, 1, 1, 1, 1, 1, 1, 1, 1, 1, 1, 1, 1, 1, 1, 1, 1, 1, 1, 1, 1, 1, 1, 1, 1, 1, 1, 1, 1, 1, 1, 1, 1, 1, 1, 1, 1, 1, 1, 1, 1, 1, 1, 1, 1, 1, 1, 1, 1, 1, 1, 1, 1, 1, 1, 1, 1, 1, 1, 1, 1, 1, 1, 1, 1, 1, 1, 1, 1, 1, 1, 1, 1, 1, 1, 1, 1, 1, 1, 1, 1, 1, 1, 1, 1, 1, 1, 1, 1, 1, 1, 1, 1, 1, 1, 1, 1, 1, 1, 1, 1, 1, 1, 1, 1, 1, 1, 1, 1, 1, 1, 1, 1, 1, 1, 1, 1, 1, 1, 1, 1, 1, 1, 1, 1, 1, 1, 1, 1, 1, 1, 1, 1, 1, 1, 1, 1, 1, 1, 1, 1, 1, 1, 1, 1, 1, 1, 1, 1, 1, 1, 1, 1, 1, 1, 1, 1, 1, 1, 1, 1, 1, 1, 1, 1, 1, 1, 1, 1, 1, 1, 1, 1, 1, 1, 1, 1, 1, 1, 1, 1, 1, 1, 1, 1, 1, 1, 1, 1, 1, 1, 1, 1, 1, 1, 1, 1, 1, 1, 1, 1, 1, 1, 1, 1, 1, 1, 1, 1, 1, 1, 1, 1, 1, 1, 1, 1, 1, 1, 1, 1, 1, 1, 1, 1, 1, 1, 1, 1, 1, 1, 1, 1, 1, 1, 1, 1, 1, 1, 1, 1, 1, 1, 1, 1, 1, 1, 1, 1, 1, 1, 1, 1, 1, 1, 1, 1, 1, 1, 1, 1, 1, 1, 1, 1, 1, 1, 1, 1, 1, 1, 1, 1, 1, 1, 1, 1, 1, 1, 1, 1, 1, 1, 1, 1, 1, 1, 1, 1, 1, 1, 1, 1, 1, 1, 1, 1, 1, 1, 1, 1, 1, 1, 1, 1, 1, 1, 1, 1, 1, 1, 1, 1, 1, 1, 1, 1, 1, 1, 1, 1, 1, 1, 1, 1, 1, 1, 1, 1, 1, 1, 1, 1, 1, 1, 1, 1, 1, 1, 1, 1, 1, 1, 1, 1, 1, 1, 1, 1, 1, 1, 1, 1, 1, 1, 1, 1, 1, 1, 1, 1, 1, 1, 1, 1, 1, 1, 1, 1, 1, 1, 1, 1, 1, 1, 1, 1, 1, 1, 1, 1, 1, 1, 1, 1, 1, 1, 1, 1, 1, 1, 1, 1, 1, 1, 1, 1, 1, 1, 1, 1, 1, 1, 1, 1, 1, 1, 1, 1, 1, 1, 1, 1, 1, 1, 1, 1, 1, 1, 1, 1, 1, 1, 1, 1, 1, 1, 1, 1, 1, 1, 1, 1, 1, 1, 1, 1, 1, 1, 1, 1, 1, 1, 1, 1, 1, 1, 1, 1, 1, 1, 1, 1, 1, 1, 1, 1, 1, 1, 1, 1, 1, 1, 1, 1, 1, 1, 1, 1, 1, 1, 1, 1, 1, 1, 1, 1, 1, 1, 1, 1, 1, 1, 1, 1, 1, 1, 1, 1, 1, 1, 1, 1, 1, 1, 1, 1, 1, 1, 1, 1, 1, 1, 1, 1, 1, 1, 1, 1, 1, 1, 1, 1, 1, 1, 1, 1, 1, 1, 1, 1, 1, 1, 1, 1, 1, 1, 1, 1, 1, 1, 1, 1, 1, 1, 1, 1, 1, 1, 1, 1, 1, 1, 1, 1, 1, 1, 1, 1, 1, 1, 1, 1, 1, 1, 1, 1, 1, 1, 1, 1, 1, 1, 1, 1, 1, 1, 1, 1, 1, 1, 1, 1, 1, 1, 1, 1, 1, 1, 1, 1, 1, 1, 1, 1, 1, 1, 1, 1, 1, 1, 1, 1, 1, 1, 1, 1, 1, 1, 1, 1, 1, 1, 1, 1, 1, 1, 1, 1, 1, 1, 1, 1, 1, 1, 1, 1, 1, 1, 1, 1, 1, 1, 1, 1, 1, 1, 1, 1, 1, 1, 1, 1, 1, 1, 1, 1, 1, 1, 1, 1, 1, 1, 1, 1, 1, 1, 1, 1, 1, 1, 1, 1, 1, 1, 1, 1, 1, 2, 2, 2, 2, 2, 2, 2, 2, 2, 2, 2, 2, 2, 2, 2, 2, 2, 2, 2, 2, 2, 2, 2, 2, 2, 2, 2, 2, 2, 2, 2, 2, 2, 2, 2, 2, 2, 2, 2, 2, 2, 2, 2, 2, 2, 2, 2, 2, 2, 2, 2, 2, 2, 2, 2, 2, 2, 2, 2, 2, 2, 2, 2, 2, 2, 2, 2, 2, 2, 2, 2, 2, 2, 2, 2, 2, 2, 2, 2, 2, 2, 2, 2, 2, 2, 2, 2, 2, 2, 2, 2, 2, 2, 2, 2, 2, 2, 2, 2, 2, 2, 2, 2, 2, 2, 2, 2, 2, 2, 2, 2, 2, 2, 2, 2, 2, 2, 2, 2, 2, 2, 2, 2, 2, 2, 2, 2, 2, 2, 2, 2, 2, 2, 2, 2, 2, 2, 2, 2, 2, 2, 2, 2, 2, 2, 2, 2, 2, 2, 2, 2, 2, 2, 2, 2, 2, 2, 2, 2, 2, 2, 2, 2, 2, 2, 2, 2, 2, 2, 2, 2, 2, 2, 2, 2, 2, 2, 2, 2, 2, 2, 2, 2, 2, 2, 2, 2, 2, 2, 2, 2, 2, 2, 2, 2, 2, 2, 2, 2, 2, 2, 2, 2, 2, 2, 2, 2, 2, 2, 2, 2, 2, 2, 2, 2, 2, 2, 2, 2, 2, 2, 2, 2, 2, 2, 2, 2, 2, 2, 2, 2, 2, 2, 2, 2, 2, 2, 2, 2, 2, 2, 2, 2, 2, 2, 2, 2, 2, 2, 2, 2, 2, 2, 2, 2, 2, 2, 2, 2, 2, 2, 2, 2, 2, 2, 2, 2, 2, 2, 2, 2, 2, 2, 2, 2, 2, 2, 2, 2, 2, 2, 2, 2, 2, 2, 2, 2, 2, 2, 2, 2, 2, 2, 2, 2, 2, 2, 2, 2, 2, 2, 2, 2, 2, 2, 2, 2, 2, 2, 2, 2, 2, 2, 2, 2, 2, 2, 2, 2, 2, 2, 2, 2, 2, 2, 2, 2, 2, 2, 2, 2, 2, 2, 2, 2, 2, 2, 2, 2, 2, 2, 2, 2, 2, 2, 2, 2, 2, 2, 2, 2, 2, 2, 2, 2, 2, 2, 2, 2, 2, 2, 2, 2, 2, 2, 2, 2, 2, 2, 2, 2, 2, 2, 2, 2, 2, 2, 2, 2, 2, 2, 2, 2, 2, 2, 2, 2, 2, 2, 2, 2, 2, 2, 2, 2, 2, 2, 2, 2, 2, 2, 2, 2, 2, 2, 2, 2, 2, 2, 2, 2, 2, 2, 2, 2, 2, 2, 2, 2, 2, 2, 2, 2, 2, 2, 2, 2, 2, 2, 2, 2, 2, 2, 2, 2, 2, 2, 2, 2, 2, 2, 2, 2, 2, 2, 2, 2, 2, 2, 2, 2, 2, 2, 2, 2, 2, 2, 2, 2, 2, 2, 2, 2, 2, 2, 2, 2, 2, 2, 2, 2, 2, 2, 2, 2, 2, 2, 2, 2, 2, 2, 2, 2, 2, 2, 2, 2, 2, 2, 2, 2, 2, 2, 2, 2, 2, 2, 2, 2, 2, 2, 2, 2, 2, 2, 2, 2, 2, 2, 2, 2, 2, 2, 2, 2, 2, 2, 2, 2, 2, 2, 2, 2, 2, 2, 2, 2, 2, 2, 2, 2, 2, 2, 2, 2, 2, 2, 2, 2, 2, 2, 2, 2, 2, 2, 2, 2, 2, 2, 2, 2, 2, 2, 2, 2, 2, 2, 2, 2, 2, 2, 2, 2, 2, 2, 2, 2, 2, 2, 2, 2, 2, 2, 2, 2, 2, 2, 2, 2, 2, 2, 2, 2, 2, 2, 2, 2, 2, 2, 2, 2, 2, 2, 2, 2, 2, 2, 2, 2, 2, 2, 2, 2, 2, 2, 2, 2, 2, 2, 2, 2, 2, 2, 2, 2, 2, 2, 2, 2, 2, 2, 2, 2, 2, 2, 2, 2, 2, 2, 2, 2, 2, 2, 2, 2, 2, 2, 2, 2, 2, 2, 2, 2, 2, 2, 2, 2, 2, 2, 2, 2, 2, 2, 2, 2, 2, 2, 2, 2, 2, 2, 2, 2, 2, 2, 2, 2, 2, 2, 2, 2, 2, 2, 2, 2, 2, 2, 2, 2, 2, 2, 2, 2, 2, 2, 2, 2, 2, 2, 2, 2, 2, 2, 2, 2, 2, 2, 2, 2, 2, 2, 2, 2, 2, 2, 2, 2, 2, 2, 2, 2, 2, 2, 2, 2, 2, 2, 2, 2, 2, 2, 2, 2, 2, 2, 2, 2, 2, 2, 2, 2, 2, 2, 2, 2, 2, 2, 2, 2, 2, 2, 2, 2, 2, 2, 2, 2, 2, 2, 2, 2, 2, 2, 2, 2, 2, 2, 2, 2, 2, 2, 2, 2, 2, 2, 2, 2, 2, 2, 2, 2, 2, 2, 2, 2, 2, 2, 2, 2, 2, 2, 2, 2, 2, 2, 2, 2, 2, 2, 2, 2, 2, 2, 2, 2, 2, 2, 2, 2, 2, 2, 2, 2, 2, 2, 2, 2, 2, 2, 2, 2, 2, 2, 2, 2, 2, 2, 2, 2, 2, 2, 2, 2, 2, 2, 2, 2, 2, 2, 2, 2, 2, 2, 2, 2, 2, 2, 2, 2, 2, 2, 2, 2, 2, 2, 2, 2, 2, 2, 2, 2, 2, 2, 2, 2, 2, 2, 2, 2, 2, 2, 2, 2, 2, 2, 2, 2, 2, 2, 2, 2, 2, 2, 2, 2, 2, 2, 2, 2, 2, 2, 2, 2, 2, 2, 2, 2, 2, 2, 2, 2, 2, 2, 2, 2, 2, 2, 2, 2, 2, 2, 2, 2, 2, 2, 2, 2, 2, 2, 2, 2, 2, 2, 2, 2, 2, 2, 2, 2, 2, 2, 2, 2, 2, 2, 2, 2, 2, 2, 2, 2, 2, 2, 2, 2, 2, 2, 2, 2, 2, 2, 2, 2, 2, 2, 2, 2, 2, 2, 2, 2, 2, 2, 2, 2, 2, 2, 2, 2, 2, 2, 2, 2, 2, 2, 2, 2, 2, 2, 2, 2, 2, 2, 2, 2, 2, 2, 2, 2, 2, 2, 2, 2, 2, 2, 2, 2, 2, 2, 2, 2, 2, 2, 2, 2, 2, 2, 2, 2, 2, 2, 2, 2, 2, 2, 2, 2, 2, 2, 2, 2, 2, 2, 2, 2, 2, 2, 2, 2, 2, 2, 2, 2, 2, 2, 2, 2, 2, 2, 2, 2, 2, 2, 2, 2, 2, 2, 2, 2, 2, 2, 2, 2, 2, 2, 2, 2, 2, 2, 2, 2, 2, 2, 2, 2, 2, 2, 2, 2, 2, 2, 2, 2, 2, 2, 2, 2, 2, 2, 2, 2, 2, 2, 2, 2, 2, 2, 2, 2, 2, 2, 2, 2, 2, 2, 2, 2, 2, 2, 2, 2, 2, 2, 2, 2, 2, 2, 2, 2, 2, 2, 2, 2, 2, 2, 2, 2, 2, 2, 2, 2, 2, 2, 2, 2, 2, 2, 2, 2, 2, 2, 2, 2, 2, 2, 2, 2, 2, 2, 2, 2, 2, 2, 2, 2, 2, 2, 2, 2, 2, 2, 2, 2, 2, 2, 2, 2, 2, 2, 2, 2, 2, 2, 2, 2, 2, 2, 2, 2, 2, 2, 2, 2, 2, 2, 2, 2, 2, 2, 2, 2, 2, 2, 2, 2, 2, 2, 2, 2, 2, 2, 2, 2, 2, 2, 2, 2, 2, 2, 2, 2, 2, 2, 2, 2, 2, 2, 2, 2, 2, 2, 2, 2, 2, 2, 2, 2, 2, 2, 2, 2, 2, 2, 2, 2, 2, 2, 2, 2, 2, 2, 2, 2, 2, 2, 2, 2, 2, 2, 2, 2, 2, 2, 2, 2, 2, 2, 2, 2, 2, 2, 2, 2, 2, 2, 2, 2, 2, 2, 2, 2, 2, 2, 2, 2, 2, 2, 2, 2, 2, 2, 2, 2, 2, 2, 2, 2, 2, 2, 2, 2, 2, 2, 2, 2, 2, 2, 2, 2, 2, 2, 2, 2, 2, 2, 2, 2, 2, 2, 2, 2, 2, 2, 2, 2, 2, 2, 2, 2, 2, 2, 2, 2, 2, 2, 2, 2, 2, 2, 2, 2, 2, 2, 2, 2, 2, 2, 2, 2, 2, 2, 2, 2, 2, 2, 2, 2, 2, 2, 2, 2, 2, 2, 2, 2, 2, 2, 2, 2, 2, 2, 2, 2, 2, 2, 2, 2, 2, 2, 2, 2, 2, 2, 2, 2, 2, 2, 2, 2, 2, 2, 2, 2, 2, 2, 2, 2, 2, 2, 2, 2, 2, 2, 2, 2, 2, 2, 2, 2, 2, 2, 2, 2, 2, 2, 2, 2, 2, 2, 2, 2, 2, 2, 2, 2, 2, 2, 2, 2, 2, 2, 2, 2, 2, 2, 2, 2, 2, 2, 2, 2, 2, 2, 2, 2, 2, 2, 2, 2, 2, 2, 2, 2, 2, 2, 2, 2, 2, 2, 2, 2, 2, 2, 2, 2, 2, 2, 2, 2, 2, 2, 2, 2, 2, 2, 2, 2, 2, 2, 2, 2, 2, 2, 2, 2, 2, 2, 2, 2, 2, 2, 2, 2, 2, 2, 2, 2, 2, 2, 2, 2, 2, 2, 2, 2, 2, 2, 2, 2, 2, 2, 2, 2, 2, 2, 2, 2, 2, 2, 2, 2, 2, 2, 2, 2, 2, 2, 2, 2, 2, 2, 2, 2, 2, 2, 2, 2, 2, 2, 2, 2, 2, 2, 2, 2, 2, 2, 2, 2, 2, 2, 2, 2, 2, 2, 2, 2, 2, 2, 2, 2, 2, 2, 2, 2, 2, 2, 2, 2, 2, 2, 2, 2, 2, 2, 2, 2, 2, 2, 2, 2, 2, 2, 2, 2, 2, 2, 2, 2, 2, 2, 2, 2, 2, 2, 2, 2, 2, 2, 2, 2, 2, 2, 2, 2, 2, 2, 2, 2, 2, 2, 2, 2, 2, 2, 2, 2, 2, 2, 2, 2, 2, 2, 2, 2, 2, 2, 2, 2, 2, 2, 2, 2, 2, 2, 2, 2, 2, 2, 2, 2, 2, 2, 2, 2, 2, 2, 2, 2, 2, 2, 2, 2, 2, 2, 2, 2, 2, 2, 2, 2, 2, 2, 2, 2, 2, 2, 2, 2, 2, 2, 2, 2, 2, 2, 2, 2, 2, 2, 2, 2, 2, 2, 2, 2, 2, 2, 2, 2, 2, 2, 2, 2, 2, 2, 2]