0 2 12 278 
1 156 
2 67 94 122 137 
3 26 56 81 87 457 
4 13 43 130 
5 80 137 
6 
7 31 45 153 237 
8 
9 132 242 423 
10 62 157 199 
11 37 62 118 
12 
13 140 164 
14 118 152 
15 50 348 
16 93 209 231 
17 37 153 
18 52 53 68 122 129 351 
19 128 
20 58 71 125 
21 107 
22 
23 39 68 75 415 
24 25 26 38 478 
25 143 
26 113 132 176 
27 62 126 290 
28 137 438 
29 68 135 
30 61 145 
31 134 170 
32 59 87 228 
33 47 138 153 160 164 
34 62 116 119 146 
35 
36 94 
37 69 230 
38 
39 49 90 125 
40 149 
41 65 83 95 118 
42 72 158 268 
43 
44 90 94 
45 103 112 
46 47 92 100 
47 
48 82 
49 90 364 
50 143 153 
51 117 141 143 
52 
53 104 116 
54 153 
55 64 90 
56 68 115 180 232 476 
57 65 111 141 153 
58 96 311 
59 148 202 
60 147 
61 120 187 330 346 
62 
63 
64 
65 85 462 
66 127 157 353 
67 100 298 
68 
69 438 
70 71 138 160 320 450 484 
71 
72 104 145 190 
73 105 135 150 155 
74 110 163 
75 77 
76 
77 138 145 
78 91 158 
79 119 162 385 
80 112 
81 
82 92 147 351 
83 
84 142 186 
85 297 319 
86 
87 127 
88 152 
89 115 151 
90 132 150 
91 139 418 
92 157 
93 
94 
95 116 
96 115 162 493 
97 365 
98 
99 
100 108 147 
101 
102 121 149 265 
103 131 
104 155 
105 110 121 
106 113 156 
107 
108 
109 
110 131 378 
111 
112 144 
113 
114 294 
115 396 
116 
117 260 
118 
119 124 
120 
121 153 
122 492 
123 
124 127 144 
125 255 
126 
127 
128 
129 
130 
131 
132 
133 434 
134 
135 
136 150 162 386 477 482 
137 164 
138 
139 
140 181 359 
141 
142 
143 162 228 
144 
145 152 
146 
147 151 159 
148 
149 486 
150 
151 
152 
153 303 
154 436 
155 
156 228 417 
157 
158 
159 
160 351 438 
161 
162 259 
163 
164 
165 
166 172 184 214 275 
167 175 316 420 
168 
169 267 298 373 
170 191 266 
171 211 325 
172 177 263 273 288 344 409 
173 
174 
175 177 204 220 221 
176 186 300 
177 263 284 
178 225 226 256 273 
179 295 331 
180 181 182 
181 282 
182 216 225 
183 254 
184 227 300 
185 190 295 
186 196 299 
187 
188 200 202 330 
189 293 329 393 
190 334 
191 204 
192 449 
193 206 
194 465 
195 237 350 
196 234 251 316 322 
197 205 
198 211 219 
199 209 239 336 
200 264 312 323 
201 277 291 295 
202 223 
203 209 
204 
205 244 318 
206 214 375 
207 295 305 
208 282 
209 216 
210 277 
211 261 289 308 
212 496 
213 242 268 
214 220 236 
215 300 
216 326 
217 326 330 
218 220 278 298 339 
219 289 304 316 319 371 
220 
221 
222 225 304 
223 230 249 
224 282 
225 281 289 292 
226 322 
227 234 
228 
229 242 
230 296 321 
231 265 
232 324 
233 
234 
235 295 
236 274 289 
237 241 243 
238 
239 282 
240 245 283 307 
241 469 
242 304 313 320 
243 
244 375 399 
245 294 
246 253 
247 305 
248 
249 360 
250 289 307 
251 325 
252 266 276 
253 
254 272 326 
255 281 311 
256 
257 
258 260 301 
259 
260 317 329 420 
261 327 364 
262 
263 264 285 
264 334 
265 
266 295 
267 
268 
269 
270 
271 279 
272 282 
273 289 481 
274 374 
275 310 494 
276 
277 290 361 
278 
279 309 
280 286 312 326 
281 323 
282 302 
283 327 
284 431 
285 
286 
287 
288 
289 311 
290 316 327 
291 
292 299 
293 
294 
295 
296 
297 372 
298 
299 
300 
301 370 
302 329 
303 
304 
305 311 
306 
307 
308 
309 
310 
311 
312 
313 
314 393 436 
315 
316 
317 328 
318 
319 330 
320 494 
321 
322 
323 454 
324 
325 
326 
327 330 
328 
329 349 
330 
331 
332 362 414 
333 
334 
335 
336 340 357 385 399 406 431 439 473 
337 403 473 
338 420 
339 343 368 465 
340 385 402 
341 433 458 
342 421 
343 
344 
345 424 432 460 
346 491 
347 448 497 
348 434 
349 374 
350 414 
351 399 402 423 
352 365 
353 434 446 
354 
355 396 426 
356 425 
357 489 494 
358 388 395 473 
359 
360 434 455 
361 
362 426 
363 
364 487 
365 492 
366 
367 
368 456 
369 377 379 390 497 
370 
371 382 
372 405 436 
373 
374 377 384 467 
375 403 
376 
377 379 467 480 
378 
379 
380 449 
381 
382 426 
383 482 
384 
385 
386 453 
387 397 
388 401 
389 405 482 
390 443 
391 426 
392 413 442 480 
393 
394 479 
395 432 
396 407 417 483 492 
397 442 
398 406 464 
399 455 490 
400 
401 415 438 470 
402 
403 421 
404 426 456 467 
405 
406 463 
407 464 468 474 481 
408 409 423 478 484 
409 457 
410 440 
411 451 460 
412 426 476 
413 455 457 476 
414 467 475 
415 476 
416 
417 456 
418 
419 438 
420 
421 
422 448 460 479 488 
423 
424 494 
425 475 
426 
427 486 
428 478 497 
429 
430 459 
431 
432 
433 440 
434 477 
435 463 
436 
437 484 
438 482 490 
439 
440 444 457 475 490 
441 495 
442 464 
443 
444 486 
445 
446 
447 
448 
449 467 
450 
451 488 
452 491 
453 
454 
455 
456 494 
457 484 
458 
459 472 
460 
461 
462 
463 478 487 
464 
465 
466 484 
467 
468 483 
469 
470 489 
471 
472 
473 
474 
475 490 
476 
477 487 
478 
479 491 
480 
481 
482 
483 
484 
485 
486 491 
487 
488 
489 
490 
491 
492 
493 
494 
495 
496 
497 
498 
499 
[0, 0, 0, 0, 0, 0, 0, 0, 0, 0, 0, 0, 0, 0, 0, 0, 0, 0, 0, 0, 0, 0, 0, 0, 0, 0, 0, 0, 0, 0, 0, 0, 0, 0, 0, 0, 0, 0, 0, 0, 0, 0, 0, 0, 0, 0, 0, 0, 0, 0, 0, 0, 0, 0, 0, 0, 0, 0, 0, 0, 0, 0, 0, 0, 0, 0, 0, 0, 0, 0, 0, 0, 0, 0, 0, 0, 0, 0, 0, 0, 0, 0, 0, 0, 0, 0, 0, 0, 0, 0, 0, 0, 0, 0, 0, 0, 0, 0, 0, 0, 0, 0, 0, 0, 0, 0, 0, 0, 0, 0, 0, 0, 0, 0, 0, 0, 0, 0, 0, 0, 0, 0, 0, 0, 0, 0, 0, 0, 0, 0, 0, 0, 0, 0, 0, 0, 0, 0, 0, 0, 0, 0, 0, 0, 0, 0, 0, 0, 0, 0, 0, 0, 0, 0, 0, 0, 0, 0, 0, 0, 0, 0, 0, 0, 0, 0, 1, 1, 1, 1, 1, 1, 1, 1, 1, 1, 1, 1, 1, 1, 1, 1, 1, 1, 1, 1, 1, 1, 1, 1, 1, 1, 1, 1, 1, 1, 1, 1, 1, 1, 1, 1, 1, 1, 1, 1, 1, 1, 1, 1, 1, 1, 1, 1, 1, 1, 1, 1, 1, 1, 1, 1, 1, 1, 1, 1, 1, 1, 1, 1, 1, 1, 1, 1, 1, 1, 1, 1, 1, 1, 1, 1, 1, 1, 1, 1, 1, 1, 1, 1, 1, 1, 1, 1, 1, 1, 1, 1, 1, 1, 1, 1, 1, 1, 1, 1, 1, 1, 1, 1, 1, 1, 1, 1, 1, 1, 1, 1, 1, 1, 1, 1, 1, 1, 1, 1, 1, 1, 1, 1, 1, 1, 1, 1, 1, 1, 1, 1, 1, 1, 1, 1, 1, 1, 1, 1, 1, 1, 1, 1, 1, 1, 1, 1, 1, 1, 1, 1, 1, 1, 1, 1, 1, 1, 1, 1, 1, 1, 1, 1, 1, 1, 2, 2, 2, 2, 2, 2, 2, 2, 2, 2, 2, 2, 2, 2, 2, 2, 2, 2, 2, 2, 2, 2, 2, 2, 2, 2, 2, 2, 2, 2, 2, 2, 2, 2, 2, 2, 2, 2, 2, 2, 2, 2, 2, 2, 2, 2, 2, 2, 2, 2, 2, 2, 2, 2, 2, 2, 2, 2, 2, 2, 2, 2, 2, 2, 2, 2, 2, 2, 2, 2, 2, 2, 2, 2, 2, 2, 2, 2, 2, 2, 2, 2, 2, 2, 2, 2, 2, 2, 2, 2, 2, 2, 2, 2, 2, 2, 2, 2, 2, 2, 2, 2, 2, 2, 2, 2, 2, 2, 2, 2, 2, 2, 2, 2, 2, 2, 2, 2, 2, 2, 2, 2, 2, 2, 2, 2, 2, 2, 2, 2, 2, 2, 2, 2, 2, 2, 2, 2, 2, 2, 2, 2, 2, 2, 2, 2, 2, 2, 2, 2, 2, 2, 2, 2, 2, 2, 2, 2, 2, 2, 2, 2, 2, 2, 2, 2, 0, 0]