0 128 
1 39 102 375 421 
2 82 136 
3 109 
4 50 76 150 
5 55 98 
6 44 
7 16 32 85 474 
8 24 
9 
10 165 317 
11 
12 158 
13 86 
14 
15 117 291 
16 36 70 138 148 
17 79 
18 28 81 145 
19 
20 43 58 
21 43 134 
22 85 184 
23 79 
24 28 
25 115 369 
26 124 260 356 
27 44 
28 90 356 
29 102 131 
30 283 
31 35 158 
32 77 144 
33 339 
34 
35 55 
36 115 297 
37 
38 104 
39 366 
40 153 161 
41 72 93 135 346 
42 
43 
44 56 116 
45 52 
46 482 
47 106 
48 62 97 
49 
50 111 
51 106 107 114 
52 66 90 
53 56 
54 
55 
56 97 
57 114 125 142 
58 
59 
60 82 
61 280 
62 102 118 156 
63 
64 117 
65 154 
66 117 131 
67 141 
68 
69 92 118 143 159 
70 86 114 
71 105 360 
72 153 
73 
74 109 143 432 
75 
76 129 163 213 
77 92 122 162 
78 112 
79 143 211 
80 
81 130 
82 
83 144 
84 
85 
86 
87 247 
88 141 150 
89 350 
90 
91 
92 
93 
94 133 
95 
96 154 
97 158 
98 
99 
100 191 486 
101 
102 
103 200 438 
104 112 
105 108 
106 125 
107 412 
108 148 473 
109 
110 164 
111 
112 162 492 
113 135 425 
114 
115 128 
116 181 441 
117 
118 
119 143 
120 
121 
122 
123 162 
124 148 157 435 
125 
126 
127 
128 
129 
130 272 
131 163 177 
132 161 
133 205 
134 
135 
136 148 
137 302 
138 
139 153 
140 
141 
142 
143 
144 
145 290 
146 147 
147 
148 150 
149 319 
150 
151 
152 
153 
154 241 
155 
156 159 
157 
158 231 
159 161 
160 
161 
162 481 
163 286 
164 
165 
166 258 319 333 
167 304 322 428 
168 228 299 325 369 
169 236 
170 
171 
172 248 
173 195 
174 
175 327 
176 207 
177 297 308 
178 
179 
180 296 
181 201 316 
182 222 
183 188 318 330 
184 258 
185 245 
186 
187 297 304 
188 245 293 
189 
190 254 
191 
192 
193 215 307 357 
194 205 319 
195 
196 
197 
198 231 447 
199 241 
200 218 239 
201 244 329 
202 314 324 
203 254 
204 300 
205 289 
206 304 
207 315 421 
208 209 
209 
210 302 
211 213 309 
212 
213 293 309 
214 248 
215 226 272 321 
216 
217 224 315 349 446 
218 265 285 315 
219 224 279 309 
220 230 258 492 
221 
222 288 
223 311 360 
224 300 
225 263 
226 
227 
228 289 
229 
230 256 274 
231 244 408 
232 254 
233 309 
234 236 243 
235 284 
236 
237 352 
238 291 300 
239 322 
240 
241 295 
242 271 320 
243 377 
244 
245 263 293 
246 
247 299 
248 
249 255 
250 
251 
252 
253 
254 270 284 310 
255 
256 
257 291 
258 
259 
260 
261 287 
262 
263 390 
264 
265 266 290 
266 320 
267 
268 
269 
270 310 
271 288 382 
272 274 313 
273 274 
274 308 
275 276 284 
276 330 337 
277 289 316 
278 
279 
280 320 
281 313 
282 
283 
284 
285 
286 370 
287 288 330 
288 
289 
290 
291 
292 317 331 
293 
294 314 
295 
296 315 449 
297 312 
298 382 
299 
300 378 
301 
302 
303 
304 
305 
306 
307 324 
308 320 
309 
310 
311 
312 
313 
314 
315 
316 
317 
318 
319 
320 432 
321 
322 
323 
324 
325 
326 329 
327 
328 337 
329 
330 
331 
332 415 439 448 
333 421 483 
334 370 
335 421 
336 357 
337 
338 487 
339 444 
340 
341 
342 
343 432 
344 456 
345 350 461 491 
346 363 433 
347 
348 445 
349 
350 
351 403 404 485 
352 368 460 485 
353 
354 489 
355 
356 393 
357 425 
358 390 489 
359 412 
360 419 
361 415 495 
362 365 469 
363 
364 438 449 452 481 
365 439 
366 459 471 
367 468 
368 422 
369 
370 
371 431 
372 
373 
374 400 
375 
376 
377 
378 
379 453 
380 464 
381 438 474 
382 404 437 
383 404 481 
384 
385 432 497 
386 430 
387 464 
388 487 
389 404 
390 
391 489 
392 
393 471 
394 399 400 
395 
396 426 481 
397 438 449 
398 
399 449 
400 
401 460 
402 
403 
404 
405 496 
406 408 414 429 472 
407 427 466 
408 448 465 484 
409 
410 483 
411 474 495 
412 483 485 
413 
414 
415 438 487 
416 465 496 
417 
418 
419 485 
420 453 457 465 
421 494 
422 
423 
424 446 
425 
426 452 
427 431 474 
428 
429 479 
430 437 
431 446 458 
432 458 
433 
434 
435 474 
436 
437 
438 463 469 
439 
440 448 465 
441 
442 
443 449 
444 
445 
446 
447 497 
448 
449 
450 
451 
452 
453 
454 497 
455 
456 
457 
458 485 
459 
460 476 
461 
462 
463 
464 495 
465 
466 479 
467 485 
468 493 
469 
470 
471 
472 
473 
474 
475 
476 488 
477 
478 
479 
480 
481 
482 
483 
484 
485 
486 
487 
488 
489 
490 
491 
492 
493 
494 
495 
496 
497 
[0, 0, 0, 0, 0, 0, 0, 0, 0, 0, 0, 0, 0, 0, 0, 0, 0, 0, 0, 0, 0, 0, 0, 0, 0, 0, 0, 0, 0, 0, 0, 0, 0, 0, 0, 0, 0, 0, 0, 0, 0, 0, 0, 0, 0, 0, 0, 0, 0, 0, 0, 0, 0, 0, 0, 0, 0, 0, 0, 0, 0, 0, 0, 0, 0, 0, 0, 0, 0, 0, 0, 0, 0, 0, 0, 0, 0, 0, 0, 0, 0, 0, 0, 0, 0, 0, 0, 0, 0, 0, 0, 0, 0, 0, 0, 0, 0, 0, 0, 0, 0, 0, 0, 0, 0, 0, 0, 0, 0, 0, 0, 0, 0, 0, 0, 0, 0, 0, 0, 0, 0, 0, 0, 0, 0, 0, 0, 0, 0, 0, 0, 0, 0, 0, 0, 0, 0, 0, 0, 0, 0, 0, 0, 0, 0, 0, 0, 0, 0, 0, 0, 0, 0, 0, 0, 0, 0, 0, 0, 0, 0, 0, 0, 0, 0, 0, 1, 1, 1, 1, 1, 1, 1, 1, 1, 1, 1, 1, 1, 1, 1, 1, 1, 1, 1, 1, 1, 1, 1, 1, 1, 1, 1, 1, 1, 1, 1, 1, 1, 1, 1, 1, 1, 1, 1, 1, 1, 1, 1, 1, 1, 1, 1, 1, 1, 1, 1, 1, 1, 1, 1, 1, 1, 1, 1, 1, 1, 1, 1, 1, 1, 1, 1, 1, 1, 1, 1, 1, 1, 1, 1, 1, 1, 1, 1, 1, 1, 1, 1, 1, 1, 1, 1, 1, 1, 1, 1, 1, 1, 1, 1, 1, 1, 1, 1, 1, 1, 1, 1, 1, 1, 1, 1, 1, 1, 1, 1, 1, 1, 1, 1, 1, 1, 1, 1, 1, 1, 1, 1, 1, 1, 1, 1, 1, 1, 1, 1, 1, 1, 1, 1, 1, 1, 1, 1, 1, 1, 1, 1, 1, 1, 1, 1, 1, 1, 1, 1, 1, 1, 1, 1, 1, 1, 1, 1, 1, 1, 1, 1, 1, 1, 1, 2, 2, 2, 2, 2, 2, 2, 2, 2, 2, 2, 2, 2, 2, 2, 2, 2, 2, 2, 2, 2, 2, 2, 2, 2, 2, 2, 2, 2, 2, 2, 2, 2, 2, 2, 2, 2, 2, 2, 2, 2, 2, 2, 2, 2, 2, 2, 2, 2, 2, 2, 2, 2, 2, 2, 2, 2, 2, 2, 2, 2, 2, 2, 2, 2, 2, 2, 2, 2, 2, 2, 2, 2, 2, 2, 2, 2, 2, 2, 2, 2, 2, 2, 2, 2, 2, 2, 2, 2, 2, 2, 2, 2, 2, 2, 2, 2, 2, 2, 2, 2, 2, 2, 2, 2, 2, 2, 2, 2, 2, 2, 2, 2, 2, 2, 2, 2, 2, 2, 2, 2, 2, 2, 2, 2, 2, 2, 2, 2, 2, 2, 2, 2, 2, 2, 2, 2, 2, 2, 2, 2, 2, 2, 2, 2, 2, 2, 2, 2, 2, 2, 2, 2, 2, 2, 2, 2, 2, 2, 2, 2, 2, 2, 2, 2, 2]