0 19 49 134 197 316 
1 207 232 
2 85 356 
3 148 185 
4 69 168 225 364 471 487 
5 104 188 192 193 205 223 224 
6 63 182 183 413 
7 110 216 
8 76 116 201 216 491 
9 89 194 217 242 415 475 
10 28 64 83 196 
11 148 182 301 
12 67 86 130 188 209 
13 24 35 61 
14 75 149 150 170 223 238 
15 28 43 222 240 447 
16 17 44 179 
17 56 63 144 151 180 237 
18 100 103 153 
19 100 112 137 
20 72 89 111 130 
21 127 153 174 228 436 
22 68 146 173 188 228 
23 45 63 86 126 229 237 
24 45 72 154 203 209 
25 168 217 226 
26 130 142 189 195 203 222 
27 64 84 89 108 152 
28 30 132 149 178 240 
29 134 
30 63 103 131 176 185 
31 48 86 144 149 205 233 247 446 
32 193 222 240 349 359 
33 46 56 76 219 
34 45 124 131 172 174 196 208 213 
35 172 210 217 225 369 
36 100 215 217 225 
37 119 132 156 208 
38 100 184 194 242 
39 45 59 79 251 480 
40 55 58 86 114 131 147 160 
41 74 87 134 166 240 443 
42 64 118 155 192 214 234 
43 132 206 215 
44 77 82 88 91 
45 110 122 200 208 
46 53 67 93 106 163 167 191 192 216 
47 55 74 174 194 201 206 216 
48 53 152 180 206 222 354 
49 88 145 155 
50 155 196 
51 71 98 110 121 196 327 392 
52 171 189 203 247 
53 89 99 110 126 160 213 217 347 412 
54 172 452 
55 73 113 130 146 
56 158 209 
57 110 130 142 153 155 156 
58 109 131 184 217 
59 89 102 
60 109 136 236 331 
61 199 217 231 238 244 291 
62 170 205 
63 72 113 237 
64 86 105 157 271 
65 134 147 188 200 
66 163 203 225 226 244 
67 201 297 
68 111 
69 108 151 194 221 
70 81 98 128 187 244 362 
71 153 221 238 
72 78 150 154 161 
73 125 177 181 186 260 345 
74 75 102 231 251 
75 79 232 
76 98 101 125 336 
77 145 
78 176 178 187 192 243 
79 93 126 158 334 408 
80 97 109 117 159 195 225 248 471 
81 196 231 233 236 
82 179 211 320 
83 127 146 184 240 
84 136 189 213 235 
85 134 145 150 236 343 
86 171 220 223 333 397 
87 132 149 183 465 
88 126 138 156 174 179 209 244 
89 119 157 187 240 248 
90 98 196 
91 98 105 158 162 173 200 236 
92 104 115 219 229 241 317 
93 107 174 197 213 216 
94 132 161 163 211 236 
95 120 232 313 
96 128 159 191 
97 206 237 241 282 
98 199 394 
99 194 
100 124 162 183 215 231 419 
101 137 175 180 224 
102 200 
103 106 141 155 176 194 198 214 
104 154 171 238 
105 222 
106 126 163 178 207 
107 171 
108 129 244 
109 207 238 
110 140 159 167 188 218 382 481 487 
111 149 197 279 
112 225 232 
113 130 134 147 207 412 
114 147 
115 175 215 220 
116 210 
117 139 209 251 
118 150 187 195 236 368 
119 180 403 
120 247 
121 246 
122 185 212 
123 154 
124 209 245 456 
125 189 219 235 353 
126 209 234 247 
127 181 241 243 
128 219 227 238 239 245 268 
129 161 165 193 240 
130 217 228 
131 133 160 166 194 249 
132 211 
133 170 209 228 232 235 
134 194 199 213 
135 
136 142 221 242 
137 186 377 
138 219 
139 141 182 242 361 
140 
141 244 
142 165 237 241 250 
143 209 239 247 
144 210 402 
145 180 229 231 
146 171 225 
147 226 232 239 300 
148 161 165 458 
149 192 225 235 
150 195 197 203 231 233 436 
151 166 180 194 243 
152 163 167 
153 175 211 
154 160 161 178 
155 179 193 194 319 
156 220 235 
157 228 240 241 244 
158 165 177 197 425 
159 172 206 220 
160 230 262 
161 174 
162 294 
163 176 233 299 401 487 
164 189 230 370 
165 168 230 
166 207 226 
167 200 238 295 302 
168 198 237 454 
169 219 
170 219 399 
171 188 
172 177 206 229 
173 210 402 
174 243 245 344 
175 
176 182 215 232 363 382 
177 185 202 
178 196 249 491 
179 209 223 245 
180 
181 208 225 
182 212 258 
183 196 224 420 466 489 
184 208 
185 201 210 219 248 
186 231 
187 281 
188 222 235 465 491 
189 239 241 246 
190 206 
191 197 220 225 245 
192 237 244 402 
193 213 223 229 234 
194 238 
195 235 462 
196 198 224 
197 278 
198 304 
199 203 495 
200 221 234 339 
201 205 206 222 224 
202 212 291 
203 245 308 
204 220 337 
205 
206 361 
207 223 227 294 
208 226 242 244 411 
209 234 
210 405 
211 
212 231 238 
213 367 381 
214 
215 462 
216 225 
217 248 
218 336 459 
219 419 
220 237 399 
221 
222 
223 232 
224 
225 422 
226 234 236 243 486 
227 291 
228 229 241 392 
229 
230 378 
231 
232 234 427 
233 
234 245 
235 
236 376 
237 446 479 
238 243 
239 332 417 
240 
241 
242 382 
243 
244 325 
245 
246 247 
247 
248 280 
249 297 483 
250 350 392 394 478 484 
251 293 316 331 338 355 372 452 469 
252 264 281 306 310 333 366 375 382 401 438 460 
253 260 363 365 457 458 
254 307 381 394 411 
255 275 290 330 342 352 413 419 466 
256 307 429 445 479 493 
257 317 332 372 
258 304 307 309 330 354 
259 293 296 303 325 336 364 479 
260 455 487 
261 324 333 348 369 407 487 492 
262 328 469 
263 358 411 429 442 
264 362 365 486 495 
265 281 300 364 382 386 399 436 438 461 495 
266 399 401 446 468 473 
267 269 293 327 417 439 
268 281 293 431 464 
269 279 284 375 468 
270 289 313 356 366 430 446 451 493 
271 424 493 
272 277 278 307 411 466 472 
273 277 329 375 391 397 481 498 
274 349 362 
275 282 382 433 465 
276 436 479 
277 360 374 381 406 489 
278 296 356 365 411 437 
279 355 379 392 444 466 
280 312 395 445 493 
281 282 284 311 376 399 429 456 
282 309 335 447 
283 293 389 446 477 499 
284 324 355 378 399 
285 286 357 367 417 434 
286 363 383 414 
287 298 360 382 409 411 451 488 494 
288 291 338 381 383 468 
289 344 350 440 451 
290 300 303 325 405 406 480 
291 338 357 444 
292 394 416 456 
293 296 310 332 360 420 470 499 
294 304 326 415 427 454 456 462 490 
295 300 324 395 
296 349 446 453 
297 409 
298 318 372 438 462 
299 317 365 377 389 425 431 433 480 
300 310 328 359 385 437 470 
301 321 441 467 
302 365 380 475 
303 321 335 
304 319 361 431 442 
305 318 334 348 
306 311 392 422 495 
307 383 475 
308 330 373 381 432 449 460 465 494 
309 310 330 499 
310 335 379 381 
311 314 372 399 470 
312 403 445 
313 324 359 368 395 415 424 
314 319 331 458 
315 316 321 381 441 456 498 
316 325 339 353 
317 357 369 379 408 456 
318 326 342 404 440 467 495 
319 428 467 478 
320 323 351 361 393 399 
321 338 351 366 384 456 
322 351 441 450 
323 398 405 490 
324 347 385 414 
325 369 453 
326 406 453 477 
327 360 381 467 
328 331 357 384 467 492 493 
329 334 443 478 
330 423 430 
331 369 
332 492 
333 357 408 
334 344 393 423 
335 400 453 474 
336 337 380 440 
337 338 401 413 458 493 
338 388 403 441 447 
339 406 409 469 479 
340 385 454 491 
341 403 492 
342 376 
343 349 407 455 480 
344 379 394 396 441 462 
345 389 404 416 465 
346 356 
347 394 482 
348 404 416 
349 357 377 469 
350 401 421 
351 
352 420 
353 367 422 
354 
355 373 394 420 450 456 
356 427 446 456 468 
357 362 372 378 404 
358 426 430 443 467 
359 396 399 
360 425 426 
361 369 381 439 478 491 
362 380 472 
363 367 391 462 
364 430 466 
365 452 457 
366 
367 373 379 390 397 470 
368 414 
369 389 460 
370 412 439 474 487 491 
371 419 
372 377 388 435 442 462 
373 374 437 
374 454 470 
375 388 402 
376 412 417 474 
377 474 487 
378 418 457 
379 
380 390 406 410 
381 387 394 464 476 480 
382 386 395 484 
383 442 
384 413 414 472 482 498 
385 395 447 
386 421 477 
387 394 428 474 484 
388 428 
389 419 427 450 
390 482 
391 411 
392 461 
393 410 426 482 
394 428 480 
395 401 425 437 
396 438 
397 403 480 485 
398 421 433 497 
399 428 
400 410 467 
401 463 477 
402 451 455 459 496 
403 436 476 
404 497 
405 
406 416 482 
407 417 427 451 493 
408 426 450 
409 456 494 
410 422 472 
411 
412 415 417 428 441 444 459 467 
413 442 
414 450 478 489 
415 433 
416 437 
417 431 444 
418 421 444 457 464 474 
419 458 497 
420 444 463 
421 
422 
423 449 487 
424 
425 452 463 472 491 
426 435 484 498 
427 449 463 
428 438 489 
429 435 458 465 
430 
431 456 472 477 486 
432 483 487 
433 465 
434 479 
435 
436 
437 467 
438 464 481 
439 
440 482 
441 453 480 
442 443 453 
443 450 458 
444 457 475 
445 471 
446 455 468 
447 481 
448 457 
449 453 481 486 
450 469 
451 468 
452 464 469 476 482 
453 466 486 
454 469 490 
455 
456 
457 463 472 
458 478 
459 
460 
461 
462 481 
463 483 
464 493 
465 
466 
467 475 499 
468 476 494 
469 
470 
471 472 
472 
473 
474 
475 492 
476 
477 
478 
479 485 
480 
481 
482 
483 495 
484 
485 
486 
487 
488 
489 
490 499 
491 
492 494 
493 
494 
495 
496 
497 
498 
499 
[0, 0, 0, 0, 0, 0, 0, 0, 0, 0, 0, 0, 0, 0, 0, 0, 0, 0, 0, 0, 0, 0, 0, 0, 0, 0, 0, 0, 0, 0, 0, 0, 0, 0, 0, 0, 0, 0, 0, 0, 0, 0, 0, 0, 0, 0, 0, 0, 0, 0, 0, 0, 0, 0, 0, 0, 0, 0, 0, 0, 0, 0, 0, 0, 0, 0, 0, 0, 0, 0, 0, 0, 0, 0, 0, 0, 0, 0, 0, 0, 0, 0, 0, 0, 0, 0, 0, 0, 0, 0, 0, 0, 0, 0, 0, 0, 0, 0, 0, 0, 0, 0, 0, 0, 0, 0, 0, 0, 0, 0, 0, 0, 0, 0, 0, 0, 0, 0, 0, 0, 0, 0, 0, 0, 0, 0, 0, 0, 0, 0, 0, 0, 0, 0, 0, 0, 0, 0, 0, 0, 0, 0, 0, 0, 0, 0, 0, 0, 0, 0, 0, 0, 0, 0, 0, 0, 0, 0, 0, 0, 0, 0, 0, 0, 0, 0, 0, 0, 0, 0, 0, 0, 0, 0, 0, 0, 0, 0, 0, 0, 0, 0, 0, 0, 0, 0, 0, 0, 0, 0, 0, 0, 0, 0, 0, 0, 0, 0, 0, 0, 0, 0, 0, 0, 0, 0, 0, 0, 0, 0, 0, 0, 0, 0, 0, 0, 0, 0, 0, 0, 0, 0, 0, 0, 0, 0, 0, 0, 0, 0, 0, 0, 0, 0, 0, 0, 0, 0, 0, 0, 0, 0, 0, 0, 0, 0, 0, 0, 0, 0, 1, 1, 1, 1, 1, 1, 1, 1, 1, 1, 1, 1, 1, 1, 1, 1, 1, 1, 1, 1, 1, 1, 1, 1, 1, 1, 1, 1, 1, 1, 1, 1, 1, 1, 1, 1, 1, 1, 1, 1, 1, 1, 1, 1, 1, 1, 1, 1, 1, 1, 1, 1, 1, 1, 1, 1, 1, 1, 1, 1, 1, 1, 1, 1, 1, 1, 1, 1, 1, 1, 1, 1, 1, 1, 1, 1, 1, 1, 1, 1, 1, 1, 1, 1, 1, 1, 1, 1, 1, 1, 1, 1, 1, 1, 1, 1, 1, 1, 1, 1, 1, 1, 1, 1, 1, 1, 1, 1, 1, 1, 1, 1, 1, 1, 1, 1, 1, 1, 1, 1, 1, 1, 1, 1, 1, 1, 1, 1, 1, 1, 1, 1, 1, 1, 1, 1, 1, 1, 1, 1, 1, 1, 1, 1, 1, 1, 1, 1, 1, 1, 1, 1, 1, 1, 1, 1, 1, 1, 1, 1, 1, 1, 1, 1, 1, 1, 1, 1, 1, 1, 1, 1, 1, 1, 1, 1, 1, 1, 1, 1, 1, 1, 1, 1, 1, 1, 1, 1, 1, 1, 1, 1, 1, 1, 1, 1, 1, 1, 1, 1, 1, 1, 1, 1, 1, 1, 1, 1, 1, 1, 1, 1, 1, 1, 1, 1, 1, 1, 1, 1, 1, 1, 1, 1, 1, 1, 1, 1, 1, 1, 1, 1, 1, 1, 1, 1, 1, 1, 1, 1, 1, 1, 1, 1, 1, 1, 1, 1, 1, 1]