0 168 210 231 
1 9 23 30 51 66 97 150 177 204 216 263 
2 51 53 69 105 137 146 244 
3 84 164 167 
4 87 144 176 218 
5 7 64 115 117 174 198 205 431 
6 17 53 135 191 455 
7 12 71 92 105 
8 9 53 98 229 
9 36 52 
10 77 92 180 
11 25 52 229 238 
12 69 71 96 107 138 
13 188 233 
14 20 47 86 115 155 168 
15 27 104 108 211 
16 27 51 73 129 196 235 410 
17 95 187 236 
18 36 247 
19 23 77 87 
20 79 166 176 239 244 247 
21 39 49 99 
22 26 58 72 101 139 224 249 
23 75 190 225 
24 103 141 192 490 
25 100 165 168 233 
26 38 50 102 162 185 226 
27 89 123 236 358 
28 62 119 246 
29 103 176 242 455 
30 142 150 191 414 
31 80 240 246 
32 102 117 121 161 
33 71 207 
34 36 71 72 209 235 
35 61 63 147 227 228 
36 48 131 154 182 237 291 
37 66 201 
38 50 185 189 318 
39 179 221 224 317 379 418 
40 173 226 297 
41 63 102 104 215 
42 133 150 201 233 246 
43 143 175 188 
44 59 183 247 
45 182 184 216 250 
46 57 182 
47 86 159 
48 99 162 
49 57 94 118 140 248 328 371 392 
50 146 185 250 
51 119 149 151 160 378 
52 79 126 149 
53 160 170 176 234 241 
54 95 112 147 221 
55 79 167 217 
56 65 76 101 124 154 178 191 228 395 499 
57 113 157 167 
58 76 128 132 189 193 
59 168 395 
60 94 109 223 224 338 
61 107 126 186 479 
62 163 183 194 
63 160 
64 97 145 165 191 195 201 
65 80 84 129 139 163 170 205 344 
66 72 
67 136 271 
68 77 160 
69 132 155 
70 173 280 
71 228 
72 199 415 
73 77 99 124 189 
74 107 220 246 322 
75 145 213 
76 98 114 228 
77 154 181 197 238 
78 82 145 161 191 
79 206 210 289 309 
80 91 222 
81 114 208 
82 186 
83 185 202 
84 121 188 201 
85 244 279 
86 119 190 192 235 
87 215 315 
88 133 258 311 
89 125 259 407 
90 114 168 207 354 
91 215 228 239 
92 133 146 471 
93 97 171 
94 133 154 335 
95 216 228 
96 164 179 196 212 360 
97 473 
98 150 236 
99 220 
100 132 179 190 227 427 489 
101 
102 111 143 223 
103 182 265 
104 220 292 
105 169 184 
106 122 245 
107 121 
108 160 187 237 356 358 
109 112 
110 148 170 176 202 
111 498 
112 144 163 169 188 
113 175 244 
114 144 168 281 
115 152 217 
116 118 140 164 
117 143 168 195 224 240 
118 224 
119 120 137 212 
120 149 
121 407 
122 
123 131 176 185 239 244 
124 137 168 247 
125 185 452 
126 148 157 160 201 348 
127 173 191 239 328 
128 155 171 
129 182 187 193 206 222 239 
130 225 
131 
132 137 165 193 201 447 
133 162 211 
134 143 188 214 449 
135 141 175 302 
136 159 
137 241 
138 192 475 
139 172 175 193 217 
140 423 
141 143 194 
142 151 201 202 
143 152 229 
144 238 
145 171 192 216 
146 175 246 309 344 384 
147 148 167 207 
148 169 212 
149 204 
150 285 331 
151 
152 
153 445 
154 199 
155 156 
156 
157 160 177 178 228 406 496 
158 250 
159 207 488 
160 
161 
162 164 343 466 
163 233 
164 170 
165 
166 186 
167 
168 201 
169 207 
170 244 
171 270 
172 191 
173 176 199 221 246 284 308 
174 199 
175 394 
176 202 293 
177 222 383 
178 241 
179 221 
180 198 
181 185 259 
182 272 
183 238 494 
184 238 243 388 
185 
186 212 310 
187 246 
188 245 
189 
190 204 
191 215 276 
192 
193 
194 
195 
196 198 216 226 414 
197 234 480 
198 
199 214 235 
200 
201 235 
202 216 223 
203 231 241 
204 367 
205 206 312 
206 
207 213 214 235 
208 228 231 242 
209 242 
210 
211 249 381 453 
212 247 
213 
214 
215 223 236 
216 
217 245 
218 286 
219 
220 
221 223 234 244 
222 236 494 499 
223 233 293 
224 
225 242 
226 
227 372 
228 
229 244 454 
230 244 
231 238 248 391 
232 368 
233 417 
234 
235 237 
236 
237 244 
238 
239 
240 
241 
242 
243 
244 247 
245 
246 249 
247 308 
248 
249 
250 277 306 449 456 
251 254 425 452 494 
252 268 314 325 
253 335 344 433 
254 348 356 373 430 447 468 
255 288 311 314 380 
256 275 285 302 436 480 
257 269 321 375 378 
258 275 324 483 
259 315 358 384 469 
260 281 322 378 
261 308 311 351 407 
262 308 
263 419 426 474 
264 332 396 472 
265 314 417 434 464 
266 342 452 494 496 
267 284 323 366 
268 304 341 415 
269 353 426 445 480 
270 307 333 
271 350 419 
272 341 346 362 393 397 419 430 
273 311 336 341 378 382 466 
274 304 325 449 
275 348 453 
276 291 354 377 451 456 
277 285 427 448 453 459 485 
278 301 346 
279 
280 404 418 442 
281 302 328 414 465 
282 283 338 436 
283 291 299 316 
284 433 
285 314 338 339 369 
286 289 401 444 
287 293 
288 
289 290 
290 310 357 363 365 400 479 
291 340 356 386 424 430 470 
292 310 474 
293 350 369 416 
294 402 453 463 
295 326 360 394 421 465 
296 297 
297 318 325 375 392 401 453 457 459 
298 382 422 
299 333 351 352 373 422 441 456 
300 354 374 458 
301 341 344 
302 364 380 490 
303 415 
304 355 481 
305 376 415 446 
306 384 429 
307 311 323 342 
308 476 
309 420 
310 411 422 
311 405 
312 322 403 
313 380 460 484 
314 336 377 406 412 463 
315 337 349 417 
316 442 
317 330 405 
318 384 387 441 451 495 
319 
320 430 476 
321 331 341 480 
322 343 351 389 407 494 496 
323 361 414 415 421 440 455 463 467 
324 339 348 455 
325 366 424 474 
326 358 441 
327 451 
328 332 381 464 474 
329 477 
330 342 378 436 489 
331 420 438 
332 439 448 489 
333 390 428 
334 372 
335 385 498 
336 491 
337 441 492 
338 462 491 
339 374 425 441 
340 391 442 496 
341 470 
342 362 
343 426 
344 349 378 
345 355 366 373 415 
346 489 
347 396 416 
348 365 
349 358 378 
350 389 440 
351 465 
352 406 476 
353 356 373 382 428 
354 
355 378 388 423 444 486 
356 376 
357 438 
358 398 469 
359 377 390 394 
360 423 
361 426 427 498 
362 421 427 
363 365 413 447 
364 388 
365 400 408 454 
366 370 371 372 429 453 
367 402 491 
368 382 391 413 
369 432 
370 387 
371 
372 410 432 443 
373 434 463 495 498 
374 400 446 465 479 488 494 
375 401 407 415 
376 395 456 493 
377 397 406 
378 464 495 
379 495 
380 451 
381 430 
382 451 471 
383 416 497 
384 459 
385 392 448 456 
386 400 
387 398 440 462 
388 
389 406 
390 399 426 481 
391 
392 
393 
394 469 478 
395 418 
396 417 460 
397 402 459 
398 451 464 470 
399 449 
400 449 463 499 
401 415 
402 452 457 
403 455 476 
404 435 440 
405 467 
406 448 
407 436 440 
408 419 451 458 
409 415 438 490 
410 447 463 467 
411 433 
412 424 
413 
414 422 425 457 476 
415 430 495 
416 425 488 
417 493 
418 421 491 
419 
420 468 477 
421 464 488 
422 439 
423 488 
424 484 
425 464 496 
426 446 
427 
428 430 491 
429 432 488 
430 495 
431 464 472 487 
432 461 492 
433 
434 466 
435 
436 471 
437 466 
438 
439 464 
440 481 
441 451 
442 464 
443 
444 484 
445 454 
446 
447 465 497 
448 470 
449 
450 496 
451 
452 
453 
454 
455 
456 463 472 
457 487 
458 470 
459 480 
460 
461 466 479 499 
462 474 499 
463 478 
464 479 
465 
466 472 
467 
468 478 
469 482 
470 
471 
472 
473 
474 483 496 
475 
476 
477 
478 484 
479 482 496 
480 
481 
482 488 
483 496 
484 
485 
486 
487 499 
488 
489 
490 
491 
492 
493 
494 
495 
496 
497 
498 
499 
[0, 0, 0, 0, 0, 0, 0, 0, 0, 0, 0, 0, 0, 0, 0, 0, 0, 0, 0, 0, 0, 0, 0, 0, 0, 0, 0, 0, 0, 0, 0, 0, 0, 0, 0, 0, 0, 0, 0, 0, 0, 0, 0, 0, 0, 0, 0, 0, 0, 0, 0, 0, 0, 0, 0, 0, 0, 0, 0, 0, 0, 0, 0, 0, 0, 0, 0, 0, 0, 0, 0, 0, 0, 0, 0, 0, 0, 0, 0, 0, 0, 0, 0, 0, 0, 0, 0, 0, 0, 0, 0, 0, 0, 0, 0, 0, 0, 0, 0, 0, 0, 0, 0, 0, 0, 0, 0, 0, 0, 0, 0, 0, 0, 0, 0, 0, 0, 0, 0, 0, 0, 0, 0, 0, 0, 0, 0, 0, 0, 0, 0, 0, 0, 0, 0, 0, 0, 0, 0, 0, 0, 0, 0, 0, 0, 0, 0, 0, 0, 0, 0, 0, 0, 0, 0, 0, 0, 0, 0, 0, 0, 0, 0, 0, 0, 0, 0, 0, 0, 0, 0, 0, 0, 0, 0, 0, 0, 0, 0, 0, 0, 0, 0, 0, 0, 0, 0, 0, 0, 0, 0, 0, 0, 0, 0, 0, 0, 0, 0, 0, 0, 0, 0, 0, 0, 0, 0, 0, 0, 0, 0, 0, 0, 0, 0, 0, 0, 0, 0, 0, 0, 0, 0, 0, 0, 0, 0, 0, 0, 0, 0, 0, 0, 0, 0, 0, 0, 0, 0, 0, 0, 0, 0, 0, 0, 0, 0, 0, 0, 0, 1, 1, 1, 1, 1, 1, 1, 1, 1, 1, 1, 1, 1, 1, 1, 1, 1, 1, 1, 1, 1, 1, 1, 1, 1, 1, 1, 1, 1, 1, 1, 1, 1, 1, 1, 1, 1, 1, 1, 1, 1, 1, 1, 1, 1, 1, 1, 1, 1, 1, 1, 1, 1, 1, 1, 1, 1, 1, 1, 1, 1, 1, 1, 1, 1, 1, 1, 1, 1, 1, 1, 1, 1, 1, 1, 1, 1, 1, 1, 1, 1, 1, 1, 1, 1, 1, 1, 1, 1, 1, 1, 1, 1, 1, 1, 1, 1, 1, 1, 1, 1, 1, 1, 1, 1, 1, 1, 1, 1, 1, 1, 1, 1, 1, 1, 1, 1, 1, 1, 1, 1, 1, 1, 1, 1, 1, 1, 1, 1, 1, 1, 1, 1, 1, 1, 1, 1, 1, 1, 1, 1, 1, 1, 1, 1, 1, 1, 1, 1, 1, 1, 1, 1, 1, 1, 1, 1, 1, 1, 1, 1, 1, 1, 1, 1, 1, 1, 1, 1, 1, 1, 1, 1, 1, 1, 1, 1, 1, 1, 1, 1, 1, 1, 1, 1, 1, 1, 1, 1, 1, 1, 1, 1, 1, 1, 1, 1, 1, 1, 1, 1, 1, 1, 1, 1, 1, 1, 1, 1, 1, 1, 1, 1, 1, 1, 1, 1, 1, 1, 1, 1, 1, 1, 1, 1, 1, 1, 1, 1, 1, 1, 1, 1, 1, 1, 1, 1, 1, 1, 1, 1, 1, 1, 1, 1, 1, 1, 1, 1, 1]