0 236 512 
1 215 801 2841 
2 154 790 
3 373 474 901 
4 158 465 2820 3363 
5 62 271 
6 340 389 854 905 1948 2946 
7 64 229 381 477 2883 4681 
8 241 
9 219 2326 
10 463 4425 
11 25 215 220 517 875 3978 
12 35 379 530 910 
13 
14 246 813 3597 
15 25 87 187 2400 3717 4096 
16 30 403 485 2340 
17 642 883 
18 2269 
19 73 
20 42 
21 511 962 990 1300 
22 586 3956 
23 481 853 3748 
24 3719 
25 769 
26 315 455 961 
27 31 243 3447 3629 4992 
28 457 869 4609 4923 
29 352 432 442 720 833 2210 2435 3740 
30 
31 178 
32 167 973 
33 565 610 989 2099 4735 
34 187 366 465 567 
35 106 417 489 776 970 984 1862 3859 
36 294 716 855 2460 
37 107 222 4033 
38 3244 4477 4747 
39 493 601 2894 3019 
40 396 654 
41 186 689 1189 
42 124 284 793 1587 2665 
43 64 2159 2649 
44 67 285 798 857 
45 403 571 675 1121 3503 
46 160 438 692 
47 129 499 506 541 661 924 999 
48 345 838 905 4547 
49 67 400 810 829 
50 
51 271 370 2718 
52 362 456 504 3452 
53 678 729 1258 1633 3398 
54 569 2179 3374 3530 4844 
55 172 308 494 810 834 
56 245 854 934 1560 1742 2456 
57 179 205 301 638 642 910 
58 219 934 2511 3821 4924 
59 3621 4047 
60 985 
61 279 930 992 3961 
62 219 380 3418 
63 174 232 592 690 806 1445 2018 
64 196 387 821 2931 
65 914 
66 558 575 667 764 3913 
67 752 861 
68 548 
69 410 467 817 820 1494 2462 
70 800 876 
71 157 422 496 3619 
72 369 901 
73 626 
74 351 4388 
75 1043 
76 336 922 1537 2557 
77 246 520 637 
78 
79 221 543 
80 708 804 1688 
81 243 263 368 474 1500 2247 
82 655 857 
83 379 473 3396 
84 176 615 745 884 939 955 2990 
85 706 761 844 
86 90 189 
87 782 832 853 1685 4692 
88 394 676 
89 735 2053 4390 
90 448 802 856 
91 390 563 1369 3005 
92 389 3503 
93 2991 
94 316 394 780 783 
95 429 549 716 805 
96 
97 318 326 
98 175 190 254 504 552 613 794 
99 870 905 3871 
100 167 599 891 3445 4870 
101 930 
102 345 633 646 720 
103 175 361 656 721 1629 3745 
104 611 716 882 996 1416 2186 2672 3045 
105 597 
106 347 475 
107 129 372 528 894 1839 4564 
108 613 905 2945 4617 
109 176 395 584 804 861 1358 3897 
110 667 864 948 1335 
111 391 
112 3865 
113 591 728 788 1627 
114 318 807 894 3765 
115 284 1674 
116 702 896 
117 
118 266 343 683 
119 1107 1253 4379 
120 4051 4366 
121 330 399 864 892 942 946 
122 265 871 878 4594 
123 3897 
124 393 400 1639 2267 
125 300 802 2376 
126 421 552 839 
127 198 
128 170 
129 162 791 2262 2716 
130 538 663 3237 
131 1905 2120 
132 566 728 981 3812 
133 342 649 
134 253 552 864 2660 3619 4496 
135 729 859 1482 1682 4338 
136 741 2625 
137 942 2298 4432 
138 233 522 
139 649 
140 317 755 1380 2105 2730 2852 
141 156 
142 618 1691 4557 
143 401 599 3872 
144 454 466 501 841 882 4048 4796 
145 316 503 3697 
146 326 
147 999 1120 3633 
148 169 418 
149 278 644 992 
150 397 1180 1594 
151 821 2271 
152 154 2228 
153 299 595 
154 949 
155 202 371 625 2413 
156 676 2627 4847 
157 192 235 516 1248 3014 
158 
159 955 2218 4266 
160 608 1241 2366 4009 
161 583 4273 
162 192 458 1514 
163 765 1580 
164 403 1993 
165 917 1313 3698 
166 235 
167 404 530 
168 276 322 534 4468 
169 207 671 763 784 2918 
170 308 418 
171 511 529 634 637 1639 
172 2952 3009 
173 
174 4427 
175 329 543 788 2704 4322 
176 367 
177 321 365 658 4052 4603 
178 283 3967 
179 353 
180 294 662 861 895 2710 3598 
181 426 898 3216 
182 264 668 758 772 832 2468 
183 625 927 2062 2386 2478 4802 
184 317 901 933 1920 2270 
185 274 382 620 983 1651 
186 253 
187 237 902 
188 385 400 406 832 
189 323 753 
190 434 3285 
191 252 670 
192 730 758 949 3697 4169 
193 276 674 722 1580 2554 3610 3775 
194 311 367 710 847 892 1076 
195 875 
196 577 886 3635 
197 660 727 858 3592 
198 442 
199 443 2224 3866 4798 
200 245 583 808 820 
201 566 606 797 1643 3638 
202 
203 
204 292 995 4558 
205 529 593 3129 4227 
206 379 3091 
207 
208 506 979 1380 1528 1698 4008 
209 
210 347 
211 309 652 
212 301 374 618 835 2083 4761 
213 358 
214 582 696 781 3153 
215 629 2627 3390 4844 
216 682 1570 1756 3989 
217 401 
218 668 813 929 
219 696 1549 
220 
221 622 686 2990 
222 275 333 572 
223 448 906 1590 4206 
224 
225 547 565 602 4662 
226 607 2641 
227 297 564 676 3644 
228 576 739 
229 2354 2813 4527 4687 
230 307 4069 
231 2895 
232 319 789 
233 513 650 1469 2290 
234 402 615 3282 
235 732 945 3538 
236 528 579 767 915 2211 3893 4246 
237 348 
238 676 4744 
239 326 564 
240 265 689 3229 4425 
241 2103 
242 278 854 1803 
243 507 
244 661 
245 277 4673 
246 966 3845 4890 
247 347 730 755 1254 3039 
248 279 467 706 
249 637 660 
250 285 603 748 820 853 861 
251 4181 
252 369 771 950 1213 2510 3514 4971 
253 4016 4672 
254 
255 
256 697 716 718 759 
257 3432 
258 4095 
259 932 2080 3641 4667 
260 321 1150 2661 4921 
261 262 342 356 918 4656 
262 832 3775 
263 
264 1655 2365 3139 3948 
265 452 4476 
266 620 4650 
267 797 801 852 
268 586 3691 
269 318 665 1080 3404 
270 485 823 2121 2837 
271 724 
272 283 468 697 835 978 
273 402 814 2346 3308 
274 435 718 2533 2962 
275 379 3179 
276 1149 2089 
277 281 292 541 555 578 893 
278 434 
279 873 957 
280 458 
281 541 
282 371 871 988 989 
283 
284 457 
285 827 984 1224 1403 1964 
286 403 471 552 
287 637 802 3043 
288 328 898 2524 4223 
289 331 1134 
290 4711 
291 4047 
292 335 371 
293 318 910 1608 
294 
295 968 
296 2421 
297 749 985 4990 
298 
299 568 911 925 
300 590 874 3244 4713 
301 1038 
302 386 486 615 672 887 911 1784 
303 
304 697 3421 
305 322 466 673 739 
306 359 434 638 
307 460 703 
308 394 828 3961 4149 
309 3140 
310 520 2680 
311 494 519 955 2631 4001 
312 3294 
313 409 
314 542 810 917 
315 636 779 
316 451 755 3378 3691 
317 413 719 898 1433 2390 
318 350 809 940 
319 405 1608 2490 2659 2815 4692 
320 632 986 4827 
321 953 1504 
322 870 909 1170 
323 590 868 3434 
324 412 482 
325 619 
326 1273 
327 580 947 
328 473 
329 380 933 3495 
330 373 913 1402 4816 
331 4790 
332 364 523 799 1928 4239 
333 501 736 935 2065 
334 3281 
335 419 660 
336 593 
337 486 622 1528 4713 
338 462 720 
339 646 
340 728 979 1006 
341 396 544 838 4356 4646 
342 2650 
343 415 2029 2456 
344 841 937 2025 
345 509 560 694 699 
346 725 755 934 4827 
347 667 830 2817 3097 
348 369 382 550 992 
349 484 701 922 
350 934 999 2672 
351 573 778 
352 530 600 3475 4434 
353 546 588 668 
354 
355 738 791 801 808 4950 
356 
357 458 
358 
359 470 552 631 4264 
360 629 1695 
361 495 497 869 891 
362 482 966 1256 
363 
364 711 797 
365 829 3538 
366 380 472 675 
367 711 718 987 1399 
368 903 2748 
369 815 860 1958 3212 
370 530 875 1234 1833 2081 3610 4362 4561 
371 1863 
372 
373 1389 
374 835 984 
375 
376 447 3018 
377 485 540 953 4044 
378 509 801 2473 
379 762 1876 
380 423 775 838 2219 
381 487 
382 525 747 816 2301 3804 
383 449 1633 
384 959 4833 
385 386 745 883 
386 392 811 
387 3643 4157 
388 701 776 
389 448 517 683 
390 1079 
391 
392 887 3352 
393 4492 
394 470 
395 978 
396 448 836 2629 4472 
397 504 
398 710 
399 847 
400 639 662 1681 
401 495 685 
402 531 3080 4043 
403 842 
404 440 518 805 3250 
405 3210 4872 
406 2575 3259 
407 2907 3665 
408 839 3991 
409 646 1711 
410 518 749 4932 
411 617 1921 4620 
412 441 822 1498 
413 635 
414 1822 2926 
415 472 642 737 3731 
416 767 788 920 2609 4194 
417 534 556 995 3531 
418 1641 
419 562 2183 4621 
420 996 
421 
422 792 986 1756 
423 978 1351 
424 761 4922 
425 543 729 915 
426 813 2449 
427 4984 
428 968 980 
429 685 905 4388 
430 1177 2421 4535 
431 776 874 929 
432 503 1645 
433 434 1613 
434 
435 1945 2746 2909 
436 720 939 2873 
437 624 689 877 1899 3123 
438 557 1867 
439 475 820 3045 
440 564 3004 
441 573 3906 
442 3433 
443 923 
444 509 598 3501 
445 724 778 1158 4496 
446 546 
447 3186 
448 508 519 3042 
449 725 
450 543 718 929 
451 691 789 
452 483 2263 
453 494 531 3594 
454 974 2411 3520 
455 481 482 603 688 737 768 4999 
456 477 560 844 1822 
457 799 897 968 3322 3884 
458 679 687 892 
459 616 843 3022 
460 990 1302 2400 
461 474 791 1872 3223 
462 795 844 1777 
463 634 
464 853 877 1409 2784 3943 4827 
465 646 714 3597 
466 1439 
467 970 
468 757 
469 713 895 916 
470 643 
471 
472 4739 4915 
473 499 
474 684 1804 
475 700 4096 
476 828 1206 3729 
477 3893 
478 994 2761 4090 
479 910 3685 
480 769 931 
481 485 3340 
482 682 838 2431 
483 966 4562 
484 
485 1058 2530 
486 
487 684 914 949 1208 1465 
488 856 3670 
489 889 1688 
490 514 790 832 3260 
491 534 1534 3269 
492 795 
493 847 1641 
494 497 759 800 892 
495 2410 
496 1201 1315 2591 3452 4896 
497 672 729 916 2248 
498 
499 4407 4565 
500 1659 
501 732 915 
502 972 1353 3628 4012 
503 559 
504 4872 
505 939 
506 776 3001 
507 2069 2456 2893 3809 
508 3502 3779 4859 
509 579 2908 
510 764 932 4948 
511 1659 
512 604 649 3478 
513 887 1299 1685 4520 
514 853 943 
515 768 4455 
516 538 
517 568 706 
518 599 
519 709 1281 
520 3033 
521 
522 541 818 965 1357 4278 
523 911 
524 727 
525 586 620 753 
526 777 950 3063 3322 
527 906 1211 2288 
528 599 984 3759 
529 988 
530 
531 600 639 721 939 2932 
532 912 
533 
534 2394 
535 
536 975 2476 2831 4653 
537 607 
538 643 930 3842 
539 692 
540 1114 2890 3207 
541 693 3737 
542 931 953 3630 
543 2359 2683 3884 
544 594 619 2826 
545 714 
546 564 1816 
547 
548 
549 873 
550 812 
551 568 823 
552 2322 2505 
553 887 
554 961 
555 610 906 1412 3898 
556 564 887 2641 
557 572 605 
558 1193 
559 862 3847 4612 
560 960 
561 
562 752 4398 
563 989 4375 
564 1148 
565 782 3395 
566 3427 4176 4809 
567 1945 2139 
568 686 2263 
569 668 947 
570 769 784 785 1614 
571 856 1081 1119 
572 834 989 
573 598 932 1708 3506 3952 
574 781 2894 4185 
575 922 4834 
576 735 
577 4114 
578 825 
579 654 669 
580 630 688 712 
581 1797 2860 
582 1609 
583 597 657 4114 
584 648 
585 
586 2484 
587 861 1665 2022 
588 4833 
589 3991 
590 751 
591 
592 744 1840 3701 
593 945 3320 
594 
595 625 
596 963 2478 
597 990 
598 774 1492 
599 616 867 
600 907 3943 
601 778 
602 839 999 1571 
603 956 4824 
604 652 2062 3875 
605 1106 4363 
606 3833 
607 800 
608 960 
609 622 2586 
610 1040 1320 4042 
611 
612 941 
613 914 
614 872 
615 649 
616 945 2205 
617 711 3971 
618 2216 2396 
619 
620 785 1631 1724 3615 4934 
621 
622 881 3493 
623 2986 
624 4632 
625 913 3065 3987 
626 662 862 2673 
627 706 1143 1675 4916 
628 1369 4082 
629 2213 2267 
630 917 
631 1039 1739 
632 2457 4457 
633 1247 2123 3051 
634 2029 
635 719 4078 
636 682 986 1573 2837 
637 
638 706 877 1649 1770 4126 4567 4784 
639 4489 
640 997 
641 713 3348 
642 774 908 2672 
643 762 788 1785 
644 779 784 1889 2748 
645 3606 3811 
646 3251 3933 
647 3063 
648 710 2072 3996 4113 
649 809 874 2705 3083 
650 2122 2669 
651 942 964 
652 669 807 904 4150 
653 764 
654 1222 4130 
655 2405 
656 792 2657 
657 953 963 1218 3518 4168 
658 852 2038 
659 2144 2998 
660 818 
661 2019 4667 
662 936 2086 3061 4623 
663 975 1255 
664 743 4740 
665 
666 686 
667 668 941 
668 707 4168 
669 3565 
670 1931 3410 
671 
672 1392 
673 4225 
674 1685 2165 
675 2078 
676 870 938 
677 
678 3857 
679 729 2619 
680 862 1999 
681 689 1940 2609 3606 
682 
683 4039 
684 912 919 2308 3702 4909 
685 3589 
686 
687 701 
688 
689 3314 
690 
691 3282 
692 
693 1841 4828 
694 4221 
695 761 1659 
696 1417 1432 
697 4896 
698 4721 
699 1286 4965 
700 727 897 3996 4895 
701 2427 4727 
702 2057 2863 3143 
703 866 909 
704 
705 866 909 1609 
706 745 
707 873 4307 4460 
708 722 1638 
709 
710 2018 
711 837 2769 
712 842 
713 867 4647 
714 881 4340 
715 962 3476 
716 844 1423 
717 939 1171 2120 3984 
718 
719 840 
720 969 
721 4333 
722 2852 
723 790 857 
724 938 1031 1456 3561 
725 948 1558 3902 3928 
726 951 
727 3688 
728 761 4164 
729 4351 
730 764 3144 
731 1744 2576 
732 2961 3867 3991 
733 969 
734 820 2992 
735 3939 
736 898 
737 
738 
739 957 3372 
740 
741 1560 
742 797 923 2728 
743 847 953 4874 
744 2425 2697 
745 820 945 2493 4861 
746 778 898 
747 869 1800 
748 
749 862 965 968 3296 4604 
750 856 2179 
751 791 924 
752 
753 4507 
754 970 3621 
755 4311 
756 862 963 1700 2040 
757 848 2923 3373 4343 
758 
759 4114 
760 3687 
761 941 991 
762 966 3449 4788 
763 
764 793 3660 
765 885 1371 
766 
767 
768 819 
769 3420 
770 
771 955 2150 2937 
772 924 
773 
774 815 844 
775 795 1646 
776 1718 
777 974 2431 4560 4803 
778 906 1489 
779 945 4006 
780 
781 
782 1630 3182 
783 
784 948 
785 4878 
786 3416 3931 4146 4785 
787 
788 989 
789 
790 2125 
791 817 976 
792 4505 4889 
793 
794 3119 3426 4117 
795 863 3559 
796 2001 3476 
797 1393 
798 
799 843 1112 
800 2154 
801 
802 958 
803 3167 
804 
805 827 963 2772 
806 
807 3729 
808 974 
809 938 
810 848 
811 820 
812 1584 
813 939 3912 
814 887 
815 
816 952 4671 
817 
818 3030 3780 
819 856 988 
820 
821 989 1148 
822 847 1125 
823 4579 
824 874 
825 1482 4624 
826 2241 3071 3211 4974 
827 
828 1836 
829 952 2295 
830 
831 1643 4256 
832 4273 
833 
834 892 987 4556 4844 
835 865 4874 
836 
837 4384 
838 
839 2601 
840 2394 
841 2754 
842 4411 
843 909 
844 918 
845 932 1784 4409 
846 893 1045 1303 1766 
847 973 2953 
848 1561 2526 
849 1683 4063 
850 915 
851 2437 4764 
852 
853 1905 
854 2325 
855 947 4090 
856 986 
857 
858 876 4325 4920 
859 951 1069 2494 4756 
860 948 2065 4241 
861 2243 3559 
862 874 902 3752 
863 2980 
864 976 
865 
866 1774 
867 2799 3506 3894 
868 
869 
870 3799 
871 888 3137 
872 
873 
874 1176 2472 3008 4077 4751 
875 
876 
877 1605 4527 
878 4649 
879 916 
880 
881 
882 2291 
883 1919 
884 2237 
885 
886 927 1915 
887 4267 
888 
889 2358 
890 
891 
892 
893 1514 
894 4175 
895 980 989 2098 
896 
897 
898 3204 
899 
900 1354 1572 
901 
902 2692 
903 
904 957 
905 4484 
906 1021 1807 
907 2004 
908 1812 2240 
909 994 1017 4397 4436 
910 
911 937 1959 2883 
912 4079 
913 985 4638 
914 991 
915 1315 
916 
917 2160 3564 4874 
918 
919 
920 1541 2671 
921 1412 1682 2462 
922 929 967 
923 
924 985 1529 2139 
925 
926 989 
927 937 1384 4903 
928 2508 3948 
929 2190 
930 2169 
931 1485 1937 3975 
932 1697 
933 
934 3562 4465 
935 2679 
936 
937 3069 
938 945 
939 
940 1961 
941 994 3106 
942 3509 
943 996 2975 3180 
944 962 3381 
945 2234 2879 4774 
946 
947 
948 4816 
949 
950 
951 
952 4296 
953 2109 4809 4984 
954 2246 4682 
955 
956 2572 3547 
957 
958 4037 
959 
960 
961 1905 
962 
963 1209 2539 4655 
964 
965 4380 
966 
967 1355 1840 
968 980 1620 
969 979 
970 4176 
971 4170 
972 1974 2077 2516 3359 
973 1284 3746 
974 975 3686 
975 
976 3347 4390 
977 
978 1415 
979 4252 
980 987 4211 4293 
981 987 
982 
983 
984 
985 
986 
987 2778 
988 2688 3004 
989 
990 
991 1241 
992 1321 
993 4280 4329 
994 3973 4992 
995 3933 
996 1120 3153 
997 4661 
998 
999 
1000 1100 1301 1354 1826 2853 
1001 1023 1781 1911 
1002 
1003 1689 1814 
1004 1287 1414 
1005 1179 1344 1724 1732 
1006 1134 1444 1638 
1007 4508 
1008 1663 1737 
1009 2553 3680 
1010 1273 1304 1710 2495 
1011 1455 
1012 1543 1590 1676 1996 2003 
1013 1285 1875 4933 
1014 1840 2283 3932 
1015 1388 1467 2582 3378 
1016 1381 1457 
1017 1022 1382 1412 
1018 1526 1691 1724 3241 3888 
1019 1039 1722 
1020 1120 1447 1756 1855 
1021 1415 1806 4691 
1022 1338 1372 1378 3619 
1023 1045 1792 4988 
1024 1101 1269 1551 1759 4712 
1025 1187 1541 1768 
1026 4864 
1027 1069 4620 
1028 1585 1669 1758 3943 
1029 1812 1934 1997 
1030 1434 2865 
1031 1773 1961 4303 
1032 3457 4295 
1033 1739 1963 1966 3929 
1034 1129 1223 4625 
1035 1872 3772 
1036 1199 1369 1620 
1037 1216 1853 
1038 1991 2806 
1039 1821 4698 
1040 1335 1438 1584 1697 1984 
1041 1499 1839 1900 4944 
1042 
1043 1113 1696 1956 3068 3891 4639 
1044 1630 1787 1882 1987 2957 3041 3300 
1045 1299 1382 4527 
1046 1251 1535 1537 1877 4404 
1047 
1048 1256 1388 3511 4255 
1049 1052 1748 2596 3290 4053 
1050 1633 
1051 1067 1572 4020 
1052 1255 1404 1782 
1053 1110 1397 
1054 1282 1520 
1055 4934 
1056 1483 
1057 1214 1465 1724 
1058 1243 1369 1424 4771 
1059 1100 1497 1851 1911 4597 
1060 1673 1937 3246 
1061 1334 1377 4808 
1062 1209 1848 2394 
1063 1106 1396 2166 4844 
1064 1690 1997 
1065 1358 1379 3571 
1066 1090 1478 1538 4150 
1067 1127 1434 1839 
1068 1207 1390 1549 1567 1806 1843 1878 
1069 1598 1750 1962 1981 
1070 1891 
1071 1090 1547 1807 
1072 1233 1354 1410 1846 2529 3407 4091 
1073 
1074 1107 1181 1430 4772 
1075 1912 2077 
1076 1245 1363 1447 
1077 1543 1599 1682 1980 
1078 1109 1347 1612 1620 1992 
1079 1235 1686 
1080 
1081 1189 1459 3454 
1082 1205 1273 1510 1532 1819 1998 
1083 1179 
1084 1510 1826 
1085 1449 1696 1781 1896 3618 
1086 1799 1997 
1087 1508 1787 
1088 1423 1875 
1089 1128 1349 2741 
1090 1232 2240 
1091 1313 1948 
1092 1610 3077 3945 
1093 3770 
1094 1724 1837 2713 2838 
1095 1456 
1096 1729 1739 
1097 1413 1760 1776 1833 2398 
1098 1479 1530 1609 3555 
1099 1222 2167 4272 4992 
1100 4580 
1101 1224 1844 2082 3798 
1102 1237 1319 1332 2650 
1103 1261 1466 3162 
1104 1110 1583 1606 
1105 
1106 1561 4504 
1107 1505 2728 
1108 1847 1924 2202 2946 
1109 1664 1723 1947 
1110 2298 
1111 1271 1289 1315 1742 1907 
1112 1322 1400 1884 1993 3234 
1113 1210 1327 1475 2540 
1114 1729 1904 
1115 1627 1873 3091 
1116 2917 
1117 
1118 3478 4521 
1119 1261 3627 
1120 1130 1873 1994 4523 
1121 1743 1932 
1122 1176 1876 2480 
1123 1423 1810 1948 2622 
1124 1175 1424 1853 2558 4342 
1125 1170 1397 1560 
1126 1806 1864 2256 
1127 1398 1479 1721 1995 3487 
1128 1930 3919 
1129 1415 1563 
1130 1171 1729 1956 
1131 1839 
1132 1216 1443 3125 3324 4034 
1133 1312 1814 2735 
1134 3261 4168 4729 
1135 1466 1636 
1136 
1137 1887 1999 
1138 1672 
1139 1586 4062 
1140 1458 1927 
1141 1446 1983 4426 
1142 1884 3463 
1143 1355 1955 2743 3125 
1144 1252 1530 4785 
1145 1486 2162 3940 
1146 1522 1524 1654 
1147 1655 1797 1826 1967 3355 
1148 1368 1858 1859 3932 4855 
1149 1610 1690 1781 2492 
1150 1308 1558 1640 
1151 1832 1882 2146 2815 
1152 1274 1318 1464 
1153 1169 1339 2319 
1154 1563 2293 
1155 1555 2741 
1156 1159 1420 1738 1949 
1157 1262 1882 1939 2768 
1158 1248 
1159 1322 1624 2510 
1160 1387 
1161 1571 1656 1802 
1162 
1163 1184 1192 1236 1393 1935 
1164 1228 1675 2921 3591 
1165 1489 1691 
1166 1190 1240 1488 2008 4270 
1167 1254 2723 2724 3853 
1168 1621 
1169 1305 1322 2228 4152 4598 4755 
1170 1250 
1171 1195 1469 2806 
1172 1244 1931 4584 
1173 1210 1248 1367 1386 1502 1605 1727 1910 2823 
1174 1259 1894 2096 4138 
1175 1646 
1176 1570 2500 3944 4321 
1177 1610 
1178 1321 1464 2974 3715 
1179 1428 2629 
1180 1304 1414 1710 
1181 3872 
1182 1568 1675 2351 
1183 1837 2029 2999 4303 
1184 1294 
1185 1568 1711 2214 
1186 1752 1772 2553 
1187 1669 1712 1799 3375 3665 
1188 1627 1897 4137 
1189 1358 1619 1751 1931 2656 3426 
1190 1476 1847 3022 3855 
1191 1497 1898 1939 1950 2002 
1192 1806 
1193 1965 4726 
1194 1617 1654 2383 3088 4524 
1195 1755 1889 
1196 1464 1518 
1197 1354 1451 1624 1784 1874 
1198 2375 3336 
1199 1443 
1200 1231 1251 
1201 4448 
1202 1380 1831 1962 4075 
1203 1319 1380 
1204 1673 1962 2580 3360 
1205 1440 1522 1628 1703 1860 3059 4194 
1206 4645 
1207 1735 2224 
1208 1338 1645 1646 4798 
1209 1478 1688 1744 1777 2319 2898 
1210 1459 2498 4561 
1211 1607 1793 1960 4541 
1212 1844 2620 
1213 1604 1770 1934 
1214 1570 2956 3125 
1215 1907 
1216 4762 
1217 
1218 1539 3428 
1219 1261 1412 1819 
1220 
1221 1440 1585 1608 
1222 1447 1511 2720 3383 
1223 1304 1507 1916 3494 
1224 1454 1873 
1225 1303 1699 4278 
1226 1257 1311 1414 1649 1655 1681 3401 3464 4497 
1227 1372 1754 1762 2884 3867 
1228 1295 1346 1434 1775 1882 3105 
1229 1507 1904 1965 
1230 1672 1719 4877 
1231 1607 1688 
1232 1554 
1233 
1234 1602 1696 2599 
1235 
1236 1374 1385 2749 2908 
1237 3955 
1238 2043 2845 
1239 1410 1516 
1240 1534 1905 3706 
1241 1317 
1242 1946 
1243 1382 2023 4189 
1244 1561 1667 1781 2199 3245 
1245 1532 2102 2952 
1246 1982 
1247 1289 1300 1337 1589 1737 
1248 
1249 1374 1468 2010 3520 3574 
1250 1425 4995 
1251 1315 1727 1889 1946 4022 
1252 1779 
1253 1485 1863 3523 
1254 
1255 1496 1956 4886 
1256 1454 1597 1772 1778 1787 2187 3185 3275 
1257 
1258 1712 
1259 1287 1567 3943 4945 
1260 1385 1412 1652 2956 4934 
1261 1420 1445 
1262 1585 1620 
1263 1371 1492 
1264 1684 1953 3713 4853 
1265 1853 2036 
1266 1343 
1267 1719 1989 2994 
1268 1482 1490 1692 
1269 1414 
1270 1643 
1271 1566 1583 1948 4986 
1272 3845 4625 
1273 
1274 
1275 1856 
1276 1413 1544 1700 1718 1853 1917 
1277 1577 1670 2328 3486 
1278 1327 1705 
1279 1545 1850 
1280 1497 1609 1670 3860 4674 
1281 
1282 1295 1331 1369 1372 1484 1773 1805 1983 
1283 1307 1528 1580 1658 1928 
1284 1700 1781 2765 
1285 1601 1804 1839 2648 
1286 1581 1718 1860 2577 
1287 1462 1764 2398 
1288 1571 2274 3287 4262 
1289 1314 1549 
1290 2885 4804 
1291 1329 1996 2658 
1292 1847 2016 
1293 1762 
1294 1301 1552 3505 
1295 1319 1374 
1296 1469 
1297 1528 1545 3291 4267 
1298 1786 
1299 1351 1495 1842 1908 2023 3962 
1300 1820 1967 
1301 
1302 1913 
1303 1397 1757 1798 4744 
1304 1445 1913 
1305 1813 2264 
1306 1930 2605 
1307 
1308 1579 
1309 1415 
1310 2198 
1311 1527 1734 2559 
1312 1326 1661 
1313 
1314 1471 
1315 1926 
1316 1341 1812 1852 4603 
1317 1351 1358 4511 
1318 
1319 1672 1980 2968 
1320 1433 1938 
1321 1614 1695 1921 4319 
1322 1950 
1323 2120 
1324 1361 2622 
1325 1683 1742 1817 
1326 2702 3629 
1327 1938 
1328 1534 
1329 3516 3718 
1330 
1331 1456 1727 1850 2909 3923 
1332 1972 3391 4426 
1333 1349 1427 4493 
1334 1853 
1335 4222 
1336 1379 
1337 
1338 4356 
1339 1408 1481 1730 2881 4392 
1340 1487 1536 1561 1724 1825 1964 1970 2523 
1341 1643 2852 4206 
1342 1441 1547 1553 
1343 
1344 
1345 1585 1748 1850 1900 4652 
1346 1655 1953 3106 4708 
1347 1364 1462 1681 4693 
1348 1493 1973 
1349 1566 1859 1903 
1350 3014 
1351 1975 
1352 3050 
1353 2217 
1354 1373 1574 1611 1732 1785 1799 1929 3044 
1355 1567 2857 
1356 1511 1590 1897 3028 3871 
1357 1533 1918 1978 
1358 1381 1764 
1359 1811 3972 
1360 1369 
1361 1401 1722 
1362 1922 1936 
1363 1662 1811 2059 4329 4402 
1364 1441 1459 4339 4502 
1365 1576 2714 
1366 1387 1668 
1367 
1368 1526 1886 3161 
1369 1484 2683 4386 
1370 1388 1979 
1371 
1372 1412 
1373 1814 2139 
1374 1687 2423 3177 
1375 1879 2144 3409 3523 
1376 1790 1951 
1377 
1378 1565 1644 2320 
1379 1495 3694 
1380 4972 
1381 1464 
1382 1463 1920 2997 4793 
1383 
1384 
1385 1604 1731 1819 
1386 1388 1585 2475 2749 4722 
1387 1487 1708 
1388 1843 2463 
1389 
1390 
1391 1639 2535 3498 
1392 1541 1856 1942 
1393 1677 
1394 1575 1784 
1395 1535 1563 1605 1732 1989 
1396 
1397 1505 1606 1776 3009 
1398 1581 1833 
1399 1498 1681 3892 
1400 1421 
1401 
1402 1670 1732 1857 2855 
1403 1405 1660 1710 4366 
1404 
1405 1614 1959 3075 4361 
1406 1956 3345 
1407 1844 1984 4712 
1408 
1409 
1410 1464 1727 3299 3774 4578 
1411 2882 4865 
1412 
1413 1803 
1414 
1415 3352 
1416 1553 1772 
1417 1875 1878 2953 
1418 1536 1708 
1419 
1420 3987 4909 
1421 1876 4433 
1422 1565 1758 
1423 1953 4163 
1424 1840 1895 1989 
1425 1675 
1426 1581 
1427 1549 1636 1708 4228 
1428 1516 3443 4324 
1429 1868 
1430 1467 
1431 2891 
1432 
1433 
1434 1582 1749 1850 
1435 1523 1728 1785 1808 4179 
1436 1610 1747 4590 
1437 1902 1992 2241 
1438 1505 1781 
1439 
1440 1528 1589 1723 1887 2084 2844 3380 
1441 1523 1629 1941 
1442 1524 1804 3752 
1443 1468 1818 2075 4099 4999 
1444 1576 1790 
1445 1690 1715 
1446 1590 3748 
1447 1911 4548 4721 
1448 1676 1725 1950 3955 
1449 4558 
1450 
1451 1956 3553 4216 
1452 1570 
1453 4962 
1454 1603 2794 2948 4644 4701 
1455 1760 
1456 1547 1838 
1457 1916 
1458 
1459 1871 
1460 1799 
1461 1514 4274 
1462 1568 1795 1946 4932 
1463 3615 4462 
1464 3148 3592 
1465 1471 1634 1764 
1466 1630 1952 
1467 1788 
1468 1886 
1469 1502 4663 
1470 2500 
1471 
1472 1566 1807 
1473 1958 3088 
1474 1492 1715 1790 1862 
1475 1793 
1476 
1477 1957 2656 4837 
1478 1798 1855 
1479 1954 
1480 
1481 3637 
1482 1652 1962 3509 
1483 1922 1947 
1484 1699 3178 4817 
1485 1676 1970 
1486 3940 4209 
1487 1522 
1488 1565 
1489 1512 1527 
1490 1586 3738 
1491 1708 1866 1960 
1492 1632 1878 
1493 1562 
1494 1850 
1495 1794 
1496 1829 1899 3544 
1497 1563 1959 3041 4617 
1498 1528 1575 1829 
1499 3732 
1500 1825 2207 
1501 
1502 1643 1736 1798 3569 3793 3968 
1503 1656 
1504 1623 1632 
1505 1617 2980 
1506 1669 2629 
1507 1612 1796 
1508 1933 4592 
1509 1591 
1510 1566 1641 3444 
1511 3317 
1512 1720 2597 2959 
1513 
1514 1977 
1515 1923 
1516 1835 1926 
1517 1811 
1518 
1519 1569 1673 
1520 3399 
1521 1566 4838 
1522 1585 1777 1951 
1523 
1524 1558 1914 4231 
1525 1801 1895 2904 
1526 1779 1783 1943 
1527 1528 1882 4416 
1528 1845 1910 4169 
1529 
1530 
1531 1630 
1532 1813 1885 2798 
1533 1666 
1534 1614 
1535 1555 1619 1737 
1536 1571 3080 4227 
1537 
1538 1545 1662 
1539 
1540 1574 
1541 4943 
1542 1554 1922 
1543 1821 1841 3345 3516 4218 
1544 1573 3500 
1545 1590 1800 
1546 1873 1901 
1547 1982 
1548 1594 1893 
1549 1686 
1550 
1551 1554 4180 
1552 1684 3862 
1553 2707 
1554 1682 1803 3931 
1555 2716 
1556 1792 2780 
1557 1680 3112 4787 
1558 1565 1810 
1559 1792 1865 
1560 3584 
1561 3281 
1562 1651 3717 
1563 1599 
1564 2224 3820 4890 
1565 
1566 1623 3720 4035 
1567 
1568 1599 1635 1659 3786 4467 
1569 
1570 1649 1754 1906 2500 
1571 1716 4185 
1572 1975 
1573 1804 1844 1874 3657 
1574 1811 3187 3296 
1575 1748 1754 1858 1935 
1576 1694 1716 3391 3656 
1577 1632 1995 3106 3304 
1578 4283 
1579 
1580 1613 1782 3740 
1581 1618 1760 1949 
1582 1691 3275 
1583 2675 4373 4578 4589 
1584 
1585 1824 
1586 1808 1875 3593 4973 
1587 1770 2241 4663 
1588 1595 
1589 
1590 1723 1932 
1591 
1592 1606 2382 2799 
1593 1902 3628 3805 
1594 1667 3585 
1595 1812 1959 
1596 
1597 1631 1886 2476 
1598 
1599 1697 3774 
1600 1946 1954 2159 4331 
1601 2825 4101 
1602 1855 2786 
1603 1709 2380 
1604 1681 
1605 3754 
1606 1670 1773 1983 3648 3931 
1607 
1608 1894 3400 
1609 4289 
1610 
1611 
1612 1700 1761 
1613 1779 
1614 1710 4835 
1615 1681 2444 
1616 1929 3486 
1617 1619 
1618 1653 
1619 
1620 1663 2726 
1621 1930 4833 
1622 
1623 1780 1857 2116 3963 4240 
1624 1919 
1625 1641 3350 
1626 
1627 1749 
1628 1816 
1629 1646 1689 1820 
1630 
1631 1689 2026 
1632 
1633 1761 1894 1978 
1634 1709 1805 1867 4078 
1635 1777 1795 4294 4487 
1636 2413 3425 
1637 1713 1997 
1638 1691 1976 
1639 1670 1747 3075 3185 
1640 1666 
1641 1892 2638 
1642 
1643 1841 
1644 1721 1812 1922 
1645 1974 3215 
1646 3443 4207 
1647 1911 2584 3998 
1648 1949 4149 
1649 
1650 4981 
1651 1749 
1652 
1653 1766 1985 
1654 2050 
1655 2684 
1656 2219 
1657 1888 
1658 
1659 1759 
1660 
1661 1738 1829 4866 
1662 4532 
1663 
1664 1828 2909 2997 4706 
1665 1831 1987 1995 
1666 
1667 
1668 3891 
1669 3487 
1670 1880 
1671 2437 
1672 3794 
1673 1878 1909 
1674 1767 4777 
1675 1838 1982 3399 4137 
1676 2309 
1677 2097 
1678 1942 
1679 3207 
1680 1834 1909 2687 
1681 1774 4820 
1682 1854 1958 3030 3309 
1683 
1684 3761 
1685 1837 
1686 
1687 1745 1851 
1688 1994 
1689 1729 1757 1804 2371 4373 
1690 1887 
1691 1716 
1692 2658 4409 
1693 3324 
1694 1736 1782 1972 2612 
1695 1709 1750 1982 
1696 4458 
1697 
1698 1772 3787 
1699 
1700 3347 
1701 
1702 1753 2698 
1703 
1704 1875 1945 
1705 2610 
1706 2143 
1707 1794 1802 4815 
1708 
1709 
1710 
1711 1883 4387 
1712 4981 
1713 2310 2382 
1714 4681 
1715 1753 
1716 
1717 
1718 4965 
1719 3677 4833 
1720 1961 
1721 2819 
1722 1920 4108 
1723 3131 
1724 1855 1856 1942 3076 3932 
1725 1787 1858 4287 
1726 1905 3372 4158 
1727 1751 
1728 1818 
1729 4037 
1730 2501 
1731 
1732 
1733 
1734 1820 
1735 4591 
1736 
1737 2486 3687 
1738 3593 
1739 2213 
1740 1780 1814 1992 2254 
1741 1933 
1742 
1743 1963 
1744 1957 3840 
1745 4892 
1746 1938 2922 
1747 
1748 4953 
1749 
1750 
1751 
1752 1974 3274 4203 
1753 1825 4600 
1754 3637 3964 
1755 1839 
1756 
1757 2482 
1758 1876 2089 3453 
1759 
1760 
1761 1776 
1762 
1763 4184 
1764 1805 1855 
1765 1879 
1766 1933 
1767 1768 
1768 3591 
1769 1846 4966 
1770 2996 
1771 
1772 4232 
1773 
1774 
1775 
1776 1806 
1777 1961 4527 4783 
1778 1784 1811 1894 4885 
1779 
1780 1799 
1781 1977 
1782 
1783 
1784 2343 
1785 2974 
1786 1914 2114 
1787 1860 
1788 1929 
1789 1873 
1790 
1791 
1792 1893 1898 
1793 
1794 3878 4185 
1795 2073 
1796 1959 
1797 
1798 
1799 1853 1967 3055 3900 3914 
1800 
1801 
1802 1979 4025 
1803 
1804 
1805 2778 
1806 1843 1955 
1807 2356 4331 
1808 3071 
1809 4824 
1810 
1811 1817 1987 2900 
1812 
1813 4137 
1814 3010 3823 
1815 2808 4970 
1816 
1817 
1818 1833 1988 2425 
1819 4130 4963 
1820 1905 
1821 2525 3595 
1822 1989 2112 2816 
1823 
1824 2251 2931 3748 
1825 1850 1934 2158 3523 
1826 1897 3652 
1827 1962 
1828 
1829 3259 
1830 1844 
1831 
1832 
1833 1890 1896 1957 4003 
1834 1873 
1835 
1836 4790 
1837 
1838 2803 
1839 
1840 2812 4234 
1841 1958 
1842 
1843 
1844 2738 
1845 3921 4340 
1846 4293 
1847 4018 
1848 1895 
1849 1994 3212 
1850 
1851 2378 
1852 1971 
1853 1976 
1854 
1855 3960 
1856 1987 2467 3269 4594 
1857 2525 
1858 
1859 1904 
1860 
1861 
1862 1988 3870 
1863 3816 4716 
1864 1985 3602 
1865 
1866 1898 
1867 
1868 1974 
1869 
1870 2742 3506 
1871 
1872 2793 3941 
1873 4978 
1874 1897 2676 
1875 1973 
1876 1965 3406 
1877 
1878 1967 
1879 
1880 
1881 
1882 1949 4989 
1883 
1884 
1885 
1886 2844 4474 4656 
1887 1942 2532 
1888 2633 2867 
1889 
1890 2006 3375 
1891 
1892 4760 
1893 
1894 
1895 
1896 1927 2784 4104 
1897 
1898 
1899 
1900 3575 
1901 
1902 1997 
1903 
1904 
1905 4588 
1906 1933 3968 
1907 1947 1989 3635 3877 
1908 2214 3968 4925 
1909 
1910 
1911 1921 
1912 1924 3480 
1913 1916 
1914 
1915 1962 2328 
1916 1977 1980 2629 2670 3800 
1917 4981 
1918 
1919 3324 
1920 2782 
1921 4904 
1922 2658 
1923 1938 3995 4821 
1924 1957 4796 
1925 3090 
1926 1932 
1927 1960 
1928 
1929 
1930 
1931 
1932 4368 
1933 1959 2996 3213 
1934 1945 1978 2952 
1935 4386 
1936 
1937 
1938 4404 
1939 3374 
1940 
1941 1949 2889 
1942 3263 4322 
1943 2913 
1944 
1945 
1946 4043 
1947 1948 
1948 
1949 4063 4955 
1950 
1951 4006 
1952 2615 
1953 2088 
1954 
1955 4980 
1956 2222 
1957 4832 
1958 
1959 2835 4994 
1960 2641 
1961 2523 4770 
1962 2606 
1963 3112 
1964 4457 
1965 1998 
1966 4995 
1967 
1968 
1969 
1970 
1971 3010 
1972 2370 
1973 4954 
1974 2324 
1975 2105 
1976 4218 
1977 
1978 
1979 3217 
1980 3477 3622 
1981 2685 
1982 3481 
1983 2410 
1984 4171 4588 
1985 4662 
1986 3468 
1987 
1988 
1989 
1990 1992 4287 
1991 4261 
1992 
1993 
1994 3141 
1995 4195 4404 
1996 3154 
1997 
1998 
1999 4024 4229 
2000 4316 
2001 2164 2402 2474 2555 3287 
2002 2861 
2003 2641 
2004 2103 2195 2281 2558 2724 2849 2895 
2005 2070 2423 2567 2988 4553 
2006 2043 2452 4108 
2007 2141 2219 
2008 2286 2576 3211 
2009 2036 2348 
2010 2314 2917 2971 
2011 
2012 2583 4029 
2013 2496 2563 2628 
2014 2213 2465 2579 
2015 2213 2717 
2016 3578 4763 
2017 2195 2289 2901 3032 
2018 2106 
2019 2741 
2020 2211 2789 
2021 2538 
2022 2862 
2023 2310 2645 2848 2892 
2024 
2025 2198 2284 2856 
2026 2209 
2027 2164 2196 4036 4688 
2028 2110 3015 3864 
2029 2374 2505 
2030 2630 2958 
2031 2111 
2032 2333 
2033 2398 3120 3885 4847 
2034 2445 4143 
2035 2848 3185 
2036 2792 2952 
2037 2780 
2038 2451 
2039 2254 2346 2647 2988 
2040 2144 2555 2683 2846 
2041 2129 2275 3404 
2042 2142 2208 2530 2535 
2043 2332 2335 
2044 
2045 2316 2673 3165 3273 4238 
2046 2801 2866 
2047 2213 
2048 2304 2573 2640 2867 
2049 2808 2882 3090 
2050 2277 
2051 2191 2808 2860 2876 
2052 2082 2709 2894 2941 
2053 2391 2893 3771 
2054 2635 2638 2812 
2055 2748 2898 2959 
2056 2134 2557 2713 2873 2987 3342 
2057 2176 2481 
2058 2144 2721 2801 2827 2967 
2059 2203 2680 2864 
2060 2182 2186 2354 2783 
2061 2122 2338 2984 
2062 2150 2353 2623 2917 
2063 2659 2791 
2064 2686 
2065 2222 4709 
2066 2277 2306 2982 3799 
2067 
2068 2132 2611 2720 2839 3551 
2069 2163 2701 2966 
2070 2300 2348 2352 
2071 2421 2785 
2072 2943 
2073 2602 
2074 2116 2131 2539 2785 2918 
2075 2101 2218 2494 2581 2835 4440 
2076 2976 
2077 2113 2435 2600 2848 2969 
2078 3607 
2079 
2080 2510 2688 2898 
2081 2123 2330 2902 
2082 2354 2971 
2083 2843 2952 4217 
2084 2412 2980 
2085 4160 
2086 2107 4647 
2087 2722 
2088 2316 2446 2858 
2089 
2090 2964 
2091 2380 
2092 3707 3723 
2093 2105 2142 2305 2435 2703 
2094 2798 2945 
2095 2146 2503 2535 2549 2648 2731 
2096 2732 2821 4396 
2097 3459 
2098 2715 
2099 2325 2503 2552 2666 
2100 2590 
2101 2211 2248 2889 2932 
2102 2226 3205 
2103 2258 3482 
2104 2733 3865 
2105 2703 2705 2977 
2106 2882 2988 
2107 2361 2555 
2108 2942 3602 
2109 2147 2687 2919 3364 
2110 2115 2333 
2111 2118 2241 2356 2991 4795 
2112 2304 2545 2879 4760 
2113 2134 3417 
2114 2172 2283 2365 2386 2505 2621 2718 2827 2910 3591 
2115 2669 
2116 2716 2754 2768 3866 
2117 2126 3016 
2118 3516 
2119 4272 
2120 2395 4656 
2121 2889 
2122 2953 
2123 2598 2819 
2124 2403 2684 
2125 2566 
2126 
2127 2627 2719 
2128 2346 2675 2810 4783 
2129 2332 2373 2461 2908 3738 
2130 2227 2231 
2131 2165 2219 2926 
2132 2296 2701 2731 2821 
2133 2606 4621 
2134 2639 2723 2885 
2135 2681 2893 2971 
2136 2680 2713 2923 
2137 2525 2796 2824 
2138 2192 2464 2764 
2139 2391 2444 2573 
2140 4859 
2141 2166 2467 2806 2892 
2142 2512 2597 2687 2748 
2143 2921 
2144 3068 4562 
2145 2270 
2146 2797 
2147 2403 2712 2797 
2148 2699 2850 3298 
2149 2684 
2150 2561 4409 
2151 2479 2618 2656 
2152 
2153 2165 3099 3903 
2154 2206 2693 3351 4963 
2155 2321 
2156 3025 
2157 2394 2583 2838 
2158 2230 2352 2759 
2159 2964 
2160 2889 
2161 2165 2833 2942 2975 3550 
2162 2265 2306 2315 2347 2872 
2163 
2164 2493 2814 3750 4427 
2165 2323 2559 
2166 2333 2955 
2167 2836 2862 4564 
2168 2527 2659 
2169 2616 2642 3014 
2170 2202 2252 2464 2858 
2171 
2172 2360 4227 
2173 2651 3938 
2174 2744 2833 2909 
2175 2371 2544 
2176 2403 
2177 2455 2771 2778 
2178 
2179 2243 2317 2328 2350 2437 
2180 2288 2518 2751 2936 
2181 2545 2645 
2182 2240 2261 3135 
2183 2333 
2184 2960 3767 
2185 2251 3891 
2186 2271 2478 2702 4910 
2187 2593 4105 4384 
2188 2498 2570 2781 
2189 2694 
2190 2301 2350 2516 2560 
2191 2332 2686 2697 2947 
2192 2346 2350 2414 2606 2950 
2193 2205 2429 2820 2896 2966 
2194 2285 3189 
2195 2255 2451 2528 2956 
2196 2373 2722 
2197 2572 2602 2864 
2198 2273 2734 3027 3043 
2199 2289 2572 
2200 2586 2928 3354 
2201 2272 2459 
2202 2359 2861 
2203 2214 2217 2984 
2204 2227 2415 2551 2887 
2205 2272 2273 2310 3440 
2206 2352 2794 2984 
2207 3570 4612 4837 
2208 3277 3630 4532 
2209 2279 2461 2613 2894 
2210 2324 
2211 2348 
2212 2303 2748 
2213 3779 
2214 2845 2997 4398 
2215 2552 
2216 
2217 2737 
2218 2552 2785 3369 
2219 4914 
2220 2255 2692 
2221 2803 
2222 2248 2353 2525 3293 
2223 2401 3200 4065 
2224 2230 2903 
2225 2489 3052 
2226 2658 2923 4401 
2227 2836 
2228 2293 2449 2468 2610 2960 
2229 2750 
2230 2847 3163 
2231 2733 
2232 2671 
2233 2424 2805 3383 
2234 2966 
2235 2304 2816 3779 
2236 2424 2544 2579 
2237 2250 2836 
2238 2281 2437 2452 2459 
2239 2579 2680 
2240 2600 4050 
2241 2377 2666 
2242 
2243 
2244 2399 2958 4006 
2245 2265 2446 2671 2684 
2246 
2247 2264 2377 
2248 2281 2448 
2249 2382 2462 3458 
2250 2293 2572 2753 3616 
2251 2642 4231 
2252 2551 2890 
2253 2800 
2254 
2255 2467 2902 
2256 2596 2784 2805 
2257 
2258 2263 2351 2534 2611 
2259 2437 
2260 2274 3025 3556 
2261 
2262 4194 
2263 
2264 2325 2973 
2265 2366 2525 3735 
2266 2393 2402 
2267 2645 2677 
2268 2716 2917 2958 
2269 2541 2936 4522 
2270 2452 
2271 2462 2624 2850 2954 
2272 2646 3355 
2273 2793 4679 
2274 
2275 2334 2625 
2276 2389 
2277 
2278 3826 
2279 2701 2732 4887 
2280 2643 2742 3727 4506 
2281 2622 2634 2806 2985 4348 
2282 2831 4296 
2283 2535 2603 2916 
2284 
2285 2310 2872 3014 3344 
2286 2703 2863 3690 
2287 2378 
2288 2675 2920 
2289 2296 2302 2969 3068 
2290 2561 2708 
2291 2348 2496 2605 2703 
2292 2420 2483 
2293 
2294 4217 
2295 2529 2541 2555 2889 3799 4452 
2296 2380 2878 3315 
2297 2742 
2298 2677 4419 
2299 
2300 2723 2779 
2301 2774 
2302 
2303 2956 4387 
2304 2495 2644 2786 2791 2887 
2305 2494 2622 2874 2988 4996 
2306 2379 2840 4330 
2307 
2308 2339 2402 2648 4112 
2309 2490 
2310 2353 2881 
2311 2915 2984 2992 
2312 2420 2775 
2313 2535 2811 4734 
2314 2583 2726 
2315 2441 2511 4979 
2316 2717 2806 
2317 3879 
2318 2563 
2319 
2320 2686 2702 2709 2755 2817 
2321 4409 
2322 2535 
2323 2613 2851 3831 
2324 2780 2977 3069 3080 3504 3623 
2325 2699 
2326 2522 2617 
2327 2742 2848 
2328 2393 2982 3148 
2329 2912 4002 
2330 2924 
2331 2844 
2332 2714 2932 4224 
2333 2593 2829 
2334 2871 3330 
2335 2585 
2336 2384 2448 2611 2700 
2337 2728 
2338 2493 2496 
2339 2659 2880 4819 
2340 2663 2876 
2341 2385 2917 
2342 2558 2609 2666 
2343 2597 2821 4349 
2344 2832 2980 3048 3995 
2345 2582 
2346 2627 2818 2985 4970 
2347 2645 
2348 4687 4885 
2349 2670 2979 
2350 2540 2934 
2351 2663 3111 3658 
2352 4113 
2353 3091 4701 
2354 2377 2534 2866 3049 4634 
2355 2383 2431 2680 2693 
2356 4751 
2357 
2358 4299 
2359 
2360 2975 3238 
2361 2791 2933 
2362 2413 3398 
2363 2734 2978 
2364 2366 2426 
2365 
2366 
2367 2767 2979 
2368 2370 
2369 
2370 2638 2661 2944 4895 
2371 2823 
2372 2782 2973 2984 3116 4025 
2373 2692 
2374 2865 
2375 2644 
2376 2839 4131 4178 4801 
2377 2387 2686 
2378 2674 2861 
2379 2701 
2380 2866 2891 
2381 2772 3095 4353 
2382 2983 4344 
2383 4797 
2384 2830 
2385 2436 2648 2830 2917 4810 
2386 2782 2895 3451 
2387 2438 
2388 2656 2855 2987 
2389 2567 2584 4534 
2390 2820 
2391 2634 4576 
2392 2637 
2393 2499 3662 
2394 2879 3999 
2395 2659 2689 3304 
2396 
2397 2492 4072 
2398 2577 
2399 2574 2821 
2400 2633 2748 4831 
2401 2776 2984 4888 
2402 2892 
2403 2803 2905 4349 
2404 3628 
2405 2455 2560 2642 2750 2848 
2406 2464 2555 2785 2981 
2407 2467 2468 2928 
2408 2426 
2409 2660 2714 
2410 2553 2721 2778 
2411 2789 2873 2945 
2412 3963 3990 
2413 2952 
2414 2676 2679 3309 4255 
2415 2921 
2416 2889 
2417 2910 2923 3373 4301 
2418 2475 2929 
2419 2451 2885 4809 
2420 2974 
2421 2607 
2422 2491 2774 2997 3983 
2423 2590 2705 2829 
2424 3390 
2425 2482 2896 3063 4593 4800 
2426 2768 
2427 2863 4426 
2428 4947 
2429 
2430 2645 2770 3519 3751 4464 
2431 2874 4196 
2432 3460 4636 
2433 2486 2681 2841 2968 4788 
2434 2950 
2435 2671 3001 4403 
2436 3091 
2437 2693 3451 4009 4530 
2438 2501 
2439 
2440 3809 
2441 2884 4748 
2442 2537 2891 2942 2992 4659 
2443 2696 2775 2802 2983 4656 
2444 2448 
2445 2641 2858 
2446 2647 3247 
2447 2617 
2448 2478 2984 4859 4988 
2449 2709 
2450 2984 
2451 
2452 2513 
2453 
2454 
2455 3603 
2456 
2457 4381 
2458 2470 2593 2941 
2459 
2460 2634 2653 2952 2964 
2461 2586 3311 
2462 2658 2791 2983 
2463 2745 
2464 3384 3909 
2465 2676 2901 
2466 2703 3832 
2467 2573 4799 
2468 2497 2735 2783 
2469 
2470 2917 
2471 
2472 
2473 2591 
2474 4753 
2475 2527 2758 
2476 4367 
2477 2628 2852 
2478 2823 2918 
2479 2580 2697 3266 
2480 
2481 2721 
2482 4444 
2483 2646 2894 
2484 3886 4756 
2485 2712 2813 
2486 2732 
2487 2831 2955 
2488 2564 2863 2918 
2489 4751 
2490 2590 
2491 
2492 2788 2982 
2493 2655 2889 
2494 2611 2870 
2495 2740 4889 
2496 2697 3647 
2497 2616 3322 4826 
2498 2639 2815 3050 
2499 
2500 2834 2873 3172 4334 
2501 2679 2860 3439 
2502 2985 
2503 
2504 
2505 2582 4638 4891 
2506 2563 2568 
2507 2839 3142 4390 
2508 2735 
2509 
2510 2521 4269 
2511 
2512 2794 
2513 4550 
2514 2569 
2515 2657 
2516 
2517 2559 2672 2929 3154 
2518 2705 
2519 2688 2944 2959 
2520 2536 2635 2699 2786 2954 
2521 
2522 2563 2667 2885 2887 2924 2967 
2523 
2524 2712 2811 2848 
2525 2885 2966 
2526 
2527 2875 
2528 
2529 2627 3638 
2530 
2531 2667 3411 
2532 2841 3303 
2533 2619 
2534 2882 2952 3399 
2535 2936 
2536 2686 
2537 
2538 2737 2769 2802 2877 2954 
2539 2895 2914 4590 4691 
2540 2636 
2541 
2542 2871 2913 2923 
2543 2588 4858 
2544 2675 
2545 2874 3891 
2546 2739 4723 
2547 2996 
2548 2732 2752 
2549 2892 2951 3802 4818 
2550 3362 
2551 2565 3666 
2552 2805 3202 3259 
2553 2722 2888 
2554 4532 
2555 2567 4054 
2556 2707 
2557 2666 
2558 4589 
2559 4180 
2560 2856 2894 4906 
2561 2608 3953 
2562 
2563 2699 4032 
2564 2806 2839 
2565 2569 2658 
2566 3283 3652 3703 
2567 4291 
2568 2690 2775 2906 
2569 2803 3093 
2570 4439 
2571 2645 4342 
2572 3627 3658 4393 
2573 2852 3520 4595 
2574 
2575 2598 2936 2993 4469 
2576 
2577 3100 
2578 2982 
2579 2823 2855 
2580 2795 3450 
2581 2938 
2582 4380 4808 
2583 2906 3819 
2584 2660 2949 3114 
2585 
2586 2964 
2587 3999 
2588 4842 
2589 2807 2851 
2590 2785 2906 2922 
2591 
2592 3398 
2593 4068 
2594 3270 
2595 2948 3426 4657 
2596 2862 
2597 2887 3014 
2598 2853 3850 
2599 2850 
2600 4023 4946 
2601 2962 
2602 2875 4476 
2603 3411 4613 
2604 2850 
2605 4029 
2606 2869 4900 
2607 2964 
2608 2892 3650 
2609 2825 
2610 2743 4881 
2611 
2612 2830 
2613 2727 2860 4342 
2614 
2615 2642 2741 2759 4494 
2616 3731 
2617 2706 
2618 
2619 2760 
2620 2900 
2621 
2622 2789 2992 
2623 2629 
2624 2913 
2625 
2626 4108 
2627 4827 
2628 2685 2938 
2629 2844 
2630 2855 
2631 2644 
2632 2752 2986 
2633 2889 
2634 
2635 2937 3553 
2636 2985 
2637 
2638 2685 
2639 2683 2777 
2640 3843 
2641 2775 4488 
2642 2714 
2643 2686 2787 2991 3097 
2644 2762 2813 4676 
2645 2876 
2646 
2647 2716 
2648 2716 2944 
2649 2721 
2650 2801 4087 4873 
2651 2907 
2652 2687 2791 
2653 
2654 
2655 4235 
2656 2663 2724 3278 
2657 2682 2767 
2658 
2659 4007 4582 4806 
2660 2740 2812 
2661 2760 2914 3693 
2662 2917 3672 
2663 
2664 
2665 4515 
2666 
2667 2988 
2668 
2669 2717 
2670 2842 2844 
2671 
2672 2996 
2673 3465 3669 
2674 4092 
2675 2677 2833 2917 2946 
2676 2770 2873 4463 
2677 2707 
2678 
2679 2756 2943 
2680 
2681 
2682 
2683 2797 2952 
2684 2707 2928 2983 
2685 2765 2825 4131 
2686 
2687 2864 3374 
2688 
2689 
2690 2972 3316 
2691 
2692 
2693 2792 3789 
2694 2829 3125 4083 4251 
2695 
2696 2840 
2697 2725 
2698 2749 2767 2986 
2699 2717 2898 
2700 3577 
2701 
2702 2805 4173 
2703 
2704 2835 2851 2910 
2705 
2706 
2707 
2708 
2709 2758 3239 
2710 
2711 2763 2829 2970 
2712 2756 2953 
2713 2993 
2714 2814 2828 
2715 
2716 
2717 2755 
2718 2867 2995 
2719 2768 
2720 
2721 3509 
2722 3173 
2723 
2724 2799 2910 2933 
2725 
2726 2736 4270 
2727 
2728 3649 
2729 2962 
2730 2733 
2731 3280 
2732 3900 
2733 
2734 2804 2917 2986 
2735 4586 
2736 2952 4261 4391 
2737 2887 3412 
2738 4802 
2739 2775 2840 4352 
2740 
2741 2994 
2742 2815 3822 
2743 
2744 4676 
2745 
2746 3354 
2747 
2748 2822 
2749 2915 2977 
2750 2911 
2751 2778 2779 2911 
2752 3749 
2753 2930 2960 3122 
2754 
2755 3422 
2756 
2757 4239 
2758 2840 3035 
2759 
2760 
2761 
2762 2777 4289 4614 
2763 2918 
2764 2825 
2765 
2766 2843 
2767 2979 4910 
2768 
2769 
2770 3827 
2771 2818 4847 
2772 
2773 
2774 
2775 
2776 
2777 2930 4551 
2778 2813 3105 
2779 4095 4453 
2780 
2781 4167 
2782 
2783 2933 
2784 2818 3574 4300 
2785 2800 
2786 
2787 4565 4776 4921 
2788 4238 
2789 2963 4497 
2790 2828 
2791 
2792 2837 2853 2861 
2793 
2794 
2795 2825 2902 
2796 2861 2887 2895 3121 
2797 
2798 
2799 4103 
2800 
2801 
2802 
2803 
2804 
2805 2811 
2806 2829 3326 
2807 2868 4148 
2808 2894 
2809 4049 
2810 2869 
2811 
2812 2975 4361 
2813 2983 
2814 
2815 
2816 2878 3156 
2817 3737 
2818 2853 2871 3646 3977 
2819 3310 
2820 
2821 
2822 
2823 2910 
2824 4297 
2825 2851 2942 3500 
2826 4604 
2827 4088 
2828 
2829 
2830 
2831 2867 
2832 2923 
2833 2967 3124 
2834 2922 
2835 
2836 3377 4600 
2837 
2838 2956 
2839 3020 3070 3759 
2840 3467 3669 
2841 
2842 
2843 
2844 2951 4238 4304 4842 
2845 
2846 
2847 
2848 2856 4935 
2849 4777 
2850 4720 
2851 2873 3330 
2852 
2853 
2854 
2855 4671 
2856 2884 2970 
2857 3732 
2858 
2859 3867 
2860 2956 3091 
2861 4289 
2862 3258 3851 4925 
2863 
2864 2911 4259 4799 
2865 
2866 
2867 3219 
2868 
2869 2870 
2870 2957 4691 4754 
2871 4818 
2872 3303 
2873 
2874 
2875 2983 
2876 4965 
2877 
2878 4543 
2879 
2880 
2881 
2882 4871 
2883 3946 
2884 2969 
2885 
2886 3329 3767 
2887 2924 4781 
2888 
2889 
2890 2947 
2891 
2892 2909 
2893 
2894 
2895 3351 
2896 4106 4705 
2897 2898 
2898 
2899 
2900 3292 
2901 
2902 4579 
2903 2927 2929 
2904 
2905 2961 
2906 2924 2960 
2907 2941 
2908 
2909 3799 4491 
2910 
2911 3889 
2912 
2913 3426 
2914 3006 
2915 
2916 2940 2960 3061 
2917 2957 
2918 
2919 
2920 4786 
2921 
2922 2961 
2923 2994 3241 
2924 
2925 4066 
2926 2953 
2927 2952 
2928 
2929 3094 
2930 
2931 4997 
2932 
2933 
2934 
2935 
2936 
2937 4877 
2938 
2939 2990 
2940 3739 
2941 
2942 
2943 2992 
2944 4545 
2945 
2946 3283 4995 
2947 2995 
2948 2993 4931 
2949 3069 3796 4156 4302 
2950 
2951 
2952 3650 
2953 3723 4595 
2954 3098 3194 
2955 3311 
2956 
2957 3789 
2958 
2959 
2960 
2961 
2962 
2963 
2964 
2965 
2966 
2967 
2968 3873 4174 
2969 4165 
2970 
2971 
2972 3525 
2973 
2974 
2975 
2976 
2977 
2978 
2979 2992 
2980 
2981 4924 
2982 
2983 4080 
2984 
2985 3459 
2986 3057 
2987 
2988 3392 
2989 3823 4929 
2990 
2991 3598 4040 
2992 4472 
2993 4986 
2994 4769 
2995 
2996 
2997 3789 
2998 4765 
2999 
3000 3051 3150 
3001 3851 
3002 3031 3039 3116 3152 3702 3777 
3003 3436 
3004 3024 3663 
3005 3031 
3006 3116 4488 
3007 3291 3726 
3008 3273 3736 3964 4886 
3009 
3010 3598 
3011 3463 
3012 3156 3208 3368 3683 
3013 
3014 3069 3225 3586 3938 4049 4276 
3015 3208 3573 
3016 3144 3236 3467 3683 3915 3931 
3017 3107 3253 3924 
3018 3022 3283 3507 3998 
3019 3195 3720 3809 
3020 3152 3697 
3021 3232 
3022 3049 3191 
3023 3129 3338 3799 3899 
3024 
3025 3049 3216 3315 3416 3663 3892 
3026 3331 3616 3723 3948 3999 4641 
3027 3083 3306 3769 3912 
3028 3129 3463 3470 3502 
3029 3104 
3030 3724 3807 
3031 3106 3490 3521 3650 
3032 3107 3285 
3033 3933 
3034 3040 3171 3195 3880 
3035 3488 3734 3834 
3036 3396 3702 
3037 3296 3725 3959 
3038 3628 
3039 3091 3100 3292 3555 3893 
3040 3583 
3041 3588 
3042 3290 3540 3784 3861 
3043 3221 3643 
3044 
3045 
3046 3314 3590 
3047 3118 3286 3493 3630 4873 
3048 3461 3881 3890 4145 4335 
3049 3944 
3050 3142 
3051 3880 
3052 3481 3780 3805 3912 
3053 3194 3286 3392 3505 
3054 
3055 3184 3276 3753 
3056 3195 3246 
3057 3371 3426 3586 3662 
3058 3341 3436 3580 3758 3914 
3059 3436 
3060 
3061 3467 3683 
3062 3194 3247 3837 3966 
3063 3894 
3064 3182 
3065 3122 3447 3931 3937 
3066 
3067 3722 3973 
3068 3177 3690 
3069 3324 3435 3475 3724 4256 
3070 3071 3200 3795 
3071 3284 3702 
3072 3176 3198 3371 3396 
3073 3429 3561 3817 
3074 3210 3579 
3075 3156 3417 3513 
3076 3588 
3077 3401 3440 3716 
3078 3101 3132 3358 
3079 3462 
3080 3283 3356 3845 
3081 3710 3835 
3082 3512 
3083 3341 
3084 3169 4579 
3085 
3086 3190 3580 3856 4856 
3087 3158 3686 3839 
3088 3301 
3089 3363 3971 
3090 3456 3535 3807 
3091 3402 3834 
3092 3276 
3093 3820 
3094 3284 
3095 3167 3428 4233 
3096 3828 
3097 3372 3378 
3098 3103 3510 
3099 3256 3866 
3100 
3101 3359 3877 4176 
3102 3806 3833 4047 
3103 3136 3247 4692 
3104 3346 3603 3722 4789 
3105 3181 3215 3448 3526 3709 
3106 
3107 3203 3445 3563 3885 3956 
3108 3261 3549 
3109 3182 
3110 3273 3911 4009 4797 
3111 3236 3322 3335 4030 
3112 3167 3280 
3113 3693 
3114 3277 4046 
3115 3226 
3116 
3117 3122 3489 3616 3674 4329 
3118 
3119 3327 3369 3372 3769 
3120 3229 3418 3472 3742 4711 
3121 3187 3852 3870 3989 
3122 3362 3521 
3123 3348 3629 4991 
3124 
3125 3174 3251 3548 3860 3891 
3126 3323 3394 3636 
3127 3144 3953 4346 
3128 3201 3708 4158 
3129 3412 3927 
3130 3548 3827 3830 3975 
3131 3388 3431 3710 
3132 3290 3302 3408 3436 3544 
3133 3700 3840 4300 
3134 3182 3790 4164 4398 4438 4819 4862 
3135 3180 3246 3994 
3136 3532 3625 
3137 3515 3593 3756 4722 
3138 3141 3854 3925 4458 
3139 3207 3231 3335 3377 3678 
3140 3454 3766 
3141 
3142 3321 3596 3846 
3143 3295 3488 
3144 3255 3524 3963 
3145 3587 3962 
3146 3152 4606 
3147 3818 
3148 3612 
3149 3357 3764 3799 3831 3853 4154 
3150 3350 3633 3793 
3151 3271 3292 3557 3562 3778 
3152 3843 3993 
3153 3397 3680 3743 3926 
3154 3441 
3155 3566 
3156 3192 3295 3562 3623 3655 
3157 3159 3299 3327 3524 3826 3867 4880 
3158 3178 3355 3712 3732 
3159 3261 3430 3470 3546 
3160 3162 3923 4820 
3161 3529 
3162 3580 3728 
3163 3725 4747 
3164 3380 3882 
3165 3701 4903 
3166 3859 
3167 3576 3625 3813 
3168 3443 
3169 3401 3541 
3170 3795 
3171 3910 4850 
3172 3581 3731 
3173 3185 3547 3690 
3174 3396 3525 
3175 3360 
3176 3383 3384 3906 3959 
3177 3492 
3178 
3179 3203 3784 4380 4503 
3180 3552 
3181 
3182 
3183 3197 3953 
3184 3262 3347 3372 
3185 3670 
3186 3774 3996 4795 
3187 3238 3333 3521 
3188 3541 
3189 4852 
3190 3863 
3191 3514 3631 3789 
3192 3198 
3193 3451 4029 
3194 
3195 3681 3690 
3196 3888 
3197 3733 3979 
3198 3209 3861 3907 3951 
3199 3205 3241 3498 3631 
3200 3472 
3201 
3202 3719 
3203 3249 3318 3524 3752 3894 3956 
3204 
3205 3374 
3206 3282 
3207 3428 3527 3604 
3208 3232 3326 3437 3470 3757 
3209 
3210 3426 3823 
3211 3225 3338 3545 3687 
3212 3373 
3213 
3214 3239 3349 3937 
3215 3393 3592 4704 
3216 3609 
3217 3482 3908 3994 4153 
3218 4467 
3219 
3220 3360 3579 
3221 3520 
3222 3354 3773 3918 
3223 3235 
3224 3308 
3225 3277 3375 3542 3842 3946 
3226 3356 3634 
3227 3228 3713 
3228 3365 
3229 3465 3482 
3230 3376 3975 
3231 3800 3885 4746 
3232 3591 
3233 
3234 3371 3905 
3235 3817 
3236 3506 3518 3906 
3237 3376 3994 
3238 3434 3494 3668 
3239 3295 3528 3708 3887 
3240 3495 3788 3951 
3241 3546 
3242 
3243 3838 3964 
3244 3424 3708 3791 3813 3942 
3245 
3246 3692 4505 
3247 3285 3623 3672 3991 
3248 3705 
3249 3401 3701 4341 
3250 3490 4061 
3251 
3252 3918 
3253 
3254 3356 
3255 3909 3985 
3256 3359 3463 3527 
3257 3435 
3258 
3259 
3260 3937 
3261 3848 3868 3988 
3262 3490 
3263 3477 3750 3810 4268 
3264 3538 
3265 3516 3686 3920 3931 4798 
3266 3291 3907 3930 
3267 3623 3913 
3268 3667 
3269 
3270 3462 
3271 3655 3710 3868 
3272 3438 3497 3608 3740 
3273 3483 3547 
3274 3390 3812 
3275 3826 3949 
3276 3309 
3277 3822 
3278 3847 3911 
3279 3321 4412 
3280 3397 3788 3879 
3281 4362 4929 
3282 3347 3377 3574 3690 3906 
3283 3912 4830 
3284 3434 3485 
3285 3425 
3286 3631 3668 3724 
3287 3423 3538 3555 3566 3816 3877 
3288 3580 3992 
3289 3300 3492 3762 
3290 3519 
3291 
3292 3833 3983 
3293 3599 3810 
3294 3791 4128 4321 
3295 3777 4869 
3296 3509 
3297 3444 
3298 3425 3774 
3299 3666 
3300 3416 3861 
3301 3727 3742 3841 
3302 3332 3491 
3303 3481 3763 3787 
3304 3408 3673 
3305 4978 
3306 3762 3866 
3307 3360 3535 
3308 3469 3648 
3309 3767 4338 
3310 3326 
3311 
3312 3969 
3313 3593 3699 3800 3823 3876 4234 
3314 3580 
3315 
3316 
3317 3365 3799 3833 
3318 3799 
3319 3602 3798 3905 
3320 3599 3996 4425 4991 
3321 
3322 
3323 3764 3814 4031 
3324 3460 3735 3809 3935 
3325 3433 3465 4415 
3326 3497 3665 
3327 3541 
3328 
3329 3523 3756 
3330 3461 3643 
3331 4868 
3332 3513 3713 3877 
3333 3681 3924 4906 
3334 3686 4300 
3335 
3336 3363 3473 3582 
3337 3838 
3338 3348 3427 3580 3793 3989 
3339 3928 3987 
3340 3454 3915 3916 
3341 3502 
3342 3605 
3343 4594 
3344 4174 
3345 3692 3785 3853 
3346 3698 4412 
3347 3352 3652 3734 3835 3961 
3348 
3349 
3350 
3351 3442 3582 3696 3785 
3352 3414 
3353 3359 3411 
3354 3734 3946 
3355 3452 3596 3941 
3356 3674 
3357 3383 3929 3979 
3358 3453 3819 
3359 3600 3625 
3360 3406 3991 
3361 3403 3484 3754 3795 4999 
3362 3581 3954 4523 
3363 4180 4467 
3364 3437 3602 
3365 
3366 3401 3773 3977 
3367 
3368 3920 4102 
3369 3852 
3370 3559 
3371 3575 3618 3874 3911 4514 
3372 3383 3584 3745 3855 3873 
3373 3407 3573 3597 3716 3961 3986 
3374 3613 3653 
3375 3471 4612 
3376 3913 
3377 
3378 3389 3637 3787 3855 
3379 3444 3612 3847 
3380 3814 3821 
3381 3645 
3382 3802 3838 
3383 3449 
3384 3930 
3385 3970 
3386 3506 4278 
3387 3571 3613 
3388 3574 3987 
3389 3597 
3390 3584 3649 3963 
3391 
3392 3807 3896 4638 
3393 3436 3844 
3394 3693 3756 4525 4636 
3395 
3396 
3397 3958 
3398 3417 
3399 3694 3916 
3400 3649 3736 4035 
3401 3406 3543 
3402 3790 3843 3889 
3403 3619 
3404 
3405 3990 4172 
3406 3674 3795 4543 
3407 4057 
3408 3455 3649 
3409 3854 
3410 3579 4194 
3411 3687 4658 4704 
3412 3459 3699 3734 
3413 3710 3926 
3414 
3415 3730 3921 
3416 3650 3983 
3417 3853 4113 
3418 3625 
3419 3739 4949 
3420 3709 3906 
3421 3619 4301 
3422 3462 
3423 3425 3495 3525 3914 
3424 3449 3546 3807 
3425 
3426 3611 
3427 
3428 3550 3640 4342 
3429 3552 3826 
3430 3957 3984 
3431 3580 
3432 3541 
3433 3880 
3434 3468 3801 3971 
3435 3546 3771 3970 3989 
3436 3533 3689 
3437 3875 4285 
3438 
3439 3671 3872 
3440 3511 3886 3896 4146 
3441 
3442 3553 3867 3903 
3443 3541 3810 
3444 3494 3564 
3445 3496 
3446 3944 
3447 3508 3624 3828 
3448 
3449 3568 4846 
3450 3666 3967 
3451 3795 
3452 3890 
3453 3594 3801 4238 
3454 3734 
3455 3541 3781 3861 
3456 3483 3640 4529 
3457 
3458 3461 3655 3736 4783 
3459 3553 
3460 3514 
3461 
3462 3673 3743 
3463 
3464 
3465 3498 3903 
3466 3577 4188 4685 
3467 3568 3808 3839 
3468 
3469 3542 4540 
3470 3690 3921 4227 
3471 4690 
3472 3730 
3473 
3474 3582 3711 3919 
3475 3612 
3476 3644 3711 
3477 3811 3874 
3478 3934 
3479 3865 3922 
3480 3683 3939 
3481 
3482 3625 3835 
3483 3602 3631 3728 
3484 
3485 3514 4787 
3486 3766 4915 
3487 3520 4684 
3488 4670 
3489 3589 3882 
3490 
3491 3555 
3492 3563 3867 
3493 3733 3931 
3494 3521 3765 4134 
3495 3983 3992 
3496 3786 3816 
3497 3637 3688 4228 
3498 3671 
3499 3672 
3500 3532 3636 3727 3770 4950 
3501 3577 
3502 
3503 3626 3687 3834 3999 
3504 
3505 3962 
3506 
3507 3926 
3508 
3509 4774 
3510 3539 
3511 3547 3993 
3512 3899 
3513 3618 3807 
3514 3516 3781 4024 
3515 3530 4097 
3516 3611 3632 3804 4909 
3517 3560 3891 
3518 
3519 
3520 4904 
3521 3599 3607 
3522 3542 4235 
3523 3583 
3524 3654 3940 4116 
3525 3682 
3526 
3527 4384 4478 
3528 3843 4210 
3529 3757 3770 
3530 3545 
3531 3548 
3532 4779 
3533 3602 
3534 3685 
3535 3607 3659 
3536 4343 
3537 4283 
3538 4524 
3539 3555 
3540 
3541 3955 4765 
3542 
3543 3914 
3544 3904 4392 
3545 3661 3717 3997 
3546 
3547 
3548 
3549 
3550 3740 
3551 3591 
3552 3898 
3553 3949 4809 
3554 
3555 3828 
3556 3591 3669 
3557 3658 
3558 3588 3724 
3559 3823 4072 
3560 3931 4904 
3561 
3562 3579 3945 3963 4819 
3563 3899 4326 
3564 3778 
3565 
3566 3892 3912 
3567 3715 3877 4327 
3568 3579 3644 
3569 3634 
3570 3808 3943 
3571 3719 3759 3944 
3572 3858 
3573 3852 4309 
3574 3858 3995 
3575 3712 
3576 
3577 
3578 3701 3797 
3579 
3580 3882 
3581 3889 
3582 3912 
3583 3652 
3584 3606 
3585 3841 4357 4699 
3586 3878 
3587 
3588 3866 
3589 
3590 
3591 3940 
3592 3596 3986 
3593 3663 3761 3988 
3594 3693 3837 3847 4037 
3595 3714 
3596 
3597 3886 3965 
3598 3743 3849 
3599 
3600 3720 3820 4394 
3601 4199 
3602 
3603 
3604 3631 
3605 3811 
3606 3702 3756 3941 
3607 3704 
3608 3711 3828 3934 
3609 4688 
3610 4977 
3611 4783 
3612 3730 3735 4265 
3613 3952 3986 4767 
3614 3820 3916 
3615 
3616 3641 
3617 3890 4101 
3618 3877 4512 
3619 3994 
3620 
3621 
3622 
3623 
3624 3924 4069 4204 
3625 3872 
3626 
3627 
3628 3978 
3629 3651 
3630 3987 
3631 
3632 3779 3918 
3633 
3634 
3635 3884 
3636 3826 
3637 3799 
3638 
3639 
3640 3784 
3641 3650 3897 
3642 
3643 3864 4831 
3644 3702 
3645 3753 
3646 3663 4590 
3647 4620 
3648 4238 
3649 3667 4340 
3650 
3651 4694 
3652 3867 
3653 3660 
3654 4114 
3655 3793 3903 
3656 3942 
3657 
3658 3724 
3659 3963 
3660 
3661 3689 3754 
3662 3846 3956 
3663 3698 
3664 3809 
3665 3958 
3666 3769 
3667 
3668 4070 
3669 
3670 4060 
3671 
3672 4666 
3673 
3674 
3675 4028 4347 
3676 
3677 
3678 
3679 
3680 3801 3957 
3681 3888 
3682 3705 3723 3943 3975 
3683 3685 3796 4187 
3684 3725 3893 
3685 
3686 
3687 3908 
3688 3747 3879 
3689 
3690 
3691 
3692 3697 
3693 3806 3881 3954 3998 
3694 
3695 3792 3857 3877 
3696 
3697 3978 
3698 4234 
3699 
3700 
3701 4320 
3702 4938 
3703 3746 
3704 3875 
3705 3713 
3706 3922 
3707 4328 
3708 
3709 
3710 
3711 
3712 3940 4174 
3713 3851 
3714 3872 
3715 
3716 
3717 4822 
3718 3844 
3719 3874 4893 
3720 3985 
3721 3811 
3722 4364 
3723 
3724 3754 4171 
3725 
3726 3773 
3727 
3728 3740 
3729 3862 3996 
3730 3857 
3731 3809 4430 
3732 
3733 3988 
3734 4311 
3735 3852 
3736 3952 
3737 3903 3954 
3738 4560 
3739 
3740 3907 
3741 3843 3925 4350 
3742 3834 3897 4545 4576 
3743 
3744 
3745 
3746 4759 
3747 3768 
3748 3791 3844 3854 
3749 3968 4794 
3750 3766 3790 
3751 
3752 
3753 
3754 
3755 3816 
3756 
3757 3841 3937 
3758 
3759 3972 
3760 4858 
3761 3927 
3762 
3763 
3764 4221 
3765 
3766 3837 
3767 3979 
3768 3937 3988 
3769 3943 
3770 
3771 
3772 3801 
3773 
3774 
3775 
3776 
3777 
3778 4960 
3779 
3780 
3781 
3782 3844 
3783 3850 
3784 4212 
3785 
3786 3898 
3787 3890 
3788 
3789 
3790 
3791 
3792 3891 
3793 3827 4711 
3794 3971 
3795 
3796 3798 
3797 
3798 3869 3901 
3799 4972 
3800 
3801 4224 
3802 3848 4432 
3803 3843 
3804 
3805 
3806 
3807 
3808 4247 
3809 3830 3899 
3810 
3811 
3812 4340 
3813 3893 3955 
3814 
3815 3899 4797 
3816 
3817 4523 
3818 
3819 3911 
3820 3966 4158 
3821 
3822 
3823 
3824 
3825 
3826 3940 
3827 4161 4442 
3828 4203 
3829 
3830 4534 
3831 3835 
3832 
3833 4129 
3834 
3835 
3836 3922 4720 
3837 4713 
3838 
3839 
3840 
3841 3889 
3842 
3843 
3844 
3845 
3846 4787 
3847 
3848 
3849 
3850 
3851 3867 
3852 
3853 4372 
3854 4049 
3855 
3856 
3857 
3858 
3859 3932 
3860 3898 
3861 
3862 3967 
3863 
3864 
3865 4799 
3866 
3867 3927 
3868 3915 
3869 3977 4818 
3870 4052 
3871 3955 
3872 
3873 
3874 
3875 3911 
3876 
3877 4947 
3878 
3879 
3880 
3881 3907 4578 
3882 3952 
3883 3895 3910 
3884 
3885 3923 
3886 
3887 3943 
3888 3911 
3889 3939 
3890 4971 
3891 
3892 
3893 4002 
3894 
3895 4126 
3896 
3897 4546 
3898 
3899 3965 3983 
3900 
3901 3959 
3902 
3903 
3904 
3905 3927 
3906 3966 
3907 4620 
3908 
3909 
3910 
3911 
3912 
3913 4416 
3914 
3915 
3916 
3917 3967 4746 
3918 
3919 
3920 3984 
3921 
3922 
3923 4421 
3924 
3925 3944 
3926 
3927 
3928 3984 
3929 
3930 
3931 
3932 
3933 
3934 
3935 
3936 
3937 4985 
3938 
3939 
3940 
3941 
3942 
3943 
3944 4348 
3945 
3946 3989 
3947 
3948 
3949 4508 4636 
3950 4702 
3951 4711 
3952 
3953 
3954 4049 4376 
3955 4658 
3956 4140 
3957 4745 
3958 
3959 
3960 
3961 4576 
3962 4959 
3963 4411 
3964 4071 
3965 
3966 4297 
3967 
3968 4333 
3969 
3970 
3971 
3972 
3973 
3974 4197 
3975 3991 4780 
3976 
3977 
3978 
3979 
3980 
3981 
3982 
3983 
3984 
3985 
3986 
3987 
3988 
3989 4247 
3990 
3991 4282 
3992 
3993 
3994 4386 
3995 
3996 
3997 
3998 
3999 4998 
4000 4015 4176 4339 4698 4807 4967 
4001 4022 4096 4758 
4002 4053 4063 4135 4511 4533 4594 
4003 4079 
4004 
4005 4421 4650 
4006 4363 4896 
4007 4305 4331 4481 4660 4745 
4008 4172 4388 
4009 4032 4375 4706 
4010 4835 
4011 4312 4778 4918 4962 
4012 4204 
4013 4075 4191 4275 4544 
4014 4152 4387 4423 4589 
4015 4633 
4016 4166 4584 4837 4943 
4017 4021 4165 4194 
4018 4075 4213 4395 4558 4886 4912 
4019 4777 
4020 4095 4256 4702 4707 
4021 4804 
4022 4196 4219 4361 4564 4933 
4023 4656 4840 
4024 4063 4336 4937 
4025 4651 
4026 4981 
4027 4499 4834 
4028 4050 4427 4552 4879 
4029 4129 4399 4470 4485 
4030 4178 4258 4484 4716 
4031 
4032 4479 4873 4991 
4033 4677 4920 
4034 4078 4671 4919 
4035 4197 4358 4572 
4036 4451 4532 4630 4830 4849 
4037 4232 
4038 4733 4953 
4039 4277 4302 4361 4495 4837 
4040 4207 
4041 
4042 4357 4440 4590 
4043 4304 
4044 4438 4820 4892 
4045 4283 
4046 4303 
4047 4077 4088 4677 
4048 4926 
4049 4121 4577 4954 4963 
4050 4781 
4051 4205 4545 4749 
4052 
4053 4306 4361 4662 
4054 4155 
4055 4575 4614 4649 
4056 
4057 4354 4523 4669 
4058 4763 4888 
4059 4288 4314 
4060 4334 
4061 4551 4775 
4062 
4063 4402 4575 
4064 4181 4361 4472 4610 
4065 
4066 4095 4206 4502 4751 4812 
4067 4310 4465 4711 4798 
4068 
4069 4161 4371 4612 4977 4981 
4070 4671 4748 
4071 4168 4452 4539 4638 
4072 4135 4446 4881 
4073 4165 4306 4895 4961 
4074 4088 4191 4283 4731 4908 
4075 4248 4299 4529 4547 4776 
4076 
4077 4175 4325 
4078 4587 4604 4940 
4079 
4080 4581 4629 
4081 4304 4332 
4082 4250 4495 4653 
4083 4908 4926 4993 
4084 
4085 4722 
4086 4763 
4087 4197 4956 
4088 4133 4355 4747 4814 
4089 
4090 4220 4470 4545 4549 
4091 4282 4656 
4092 4444 
4093 4152 4656 
4094 4180 4800 
4095 
4096 4296 4575 
4097 
4098 4566 4830 
4099 4200 4455 4532 4629 4939 
4100 4362 4956 
4101 4110 4347 4492 4611 4708 4860 
4102 4125 4525 
4103 4449 4866 
4104 4484 4485 
4105 4674 
4106 
4107 4238 
4108 4410 4431 
4109 4285 
4110 4497 4628 
4111 4678 4777 
4112 
4113 4609 
4114 4208 
4115 4264 4340 4690 
4116 4762 
4117 4137 
4118 4147 4402 4455 4479 4740 
4119 4931 4961 
4120 4348 4458 4476 4705 4823 
4121 4384 4476 4520 4665 
4122 4195 4295 
4123 
4124 4557 4859 4961 
4125 4297 4497 4504 4640 
4126 4416 4449 4502 4619 4627 4672 4882 
4127 4210 4379 4602 4706 
4128 4540 4841 4899 
4129 4367 4418 4499 4857 
4130 
4131 
4132 4208 
4133 4638 4739 4819 
4134 4856 
4135 4442 4499 
4136 4391 
4137 4253 4764 
4138 4469 
4139 4664 
4140 4525 4884 
4141 4317 4389 4521 4611 4943 
4142 4188 
4143 4156 4579 
4144 4158 4378 
4145 4630 
4146 4514 4567 
4147 4199 4741 
4148 4379 4468 
4149 4373 4516 
4150 4346 
4151 4501 4671 4739 4819 
4152 4182 4497 4808 
4153 
4154 
4155 4257 4282 4788 
4156 4363 4462 4944 
4157 4158 
4158 4358 4955 
4159 4266 4533 4633 4840 4864 
4160 4461 4906 
4161 4321 4403 
4162 4547 4883 4891 
4163 4641 4945 
4164 4521 
4165 4205 4285 4453 4641 4901 
4166 
4167 4300 4314 4746 
4168 
4169 4676 4686 
4170 4523 
4171 
4172 4699 4814 4819 4981 
4173 4310 4487 4777 4861 4872 
4174 4190 4201 4842 
4175 4380 4642 
4176 4583 4770 4942 
4177 4327 4545 
4178 4392 4449 4582 
4179 4963 
4180 4238 4811 4836 
4181 4569 4606 4693 
4182 4913 
4183 4675 
4184 4282 4441 4591 
4185 4197 4468 4573 
4186 4995 
4187 4618 4796 4850 4870 
4188 4398 
4189 4195 4308 
4190 4655 4832 
4191 4236 4372 4706 
4192 4672 4721 4773 
4193 
4194 4195 4726 
4195 4249 
4196 4259 4911 
4197 4233 4910 4985 
4198 4746 4864 
4199 4317 4706 
4200 4464 4574 
4201 4532 4740 
4202 4220 4561 
4203 4242 4361 4606 
4204 4465 4833 4894 
4205 4940 
4206 4220 
4207 
4208 4408 4585 
4209 4287 4323 4669 4747 4799 
4210 4355 4498 4686 
4211 4304 4570 
4212 4661 
4213 4360 4664 
4214 4609 4722 4800 4845 
4215 4324 4562 
4216 4878 
4217 4740 4962 
4218 4482 4573 4764 
4219 4877 4892 
4220 4439 
4221 4240 4753 4921 
4222 4734 
4223 4587 
4224 4349 4683 
4225 4360 4401 
4226 4414 
4227 4501 
4228 4252 4349 
4229 
4230 
4231 4503 4803 
4232 
4233 4355 4862 
4234 4342 
4235 4549 4667 4894 4910 
4236 4403 
4237 4359 4369 4510 
4238 
4239 4909 4929 
4240 4639 4737 
4241 4302 4422 4507 4543 4555 
4242 4262 4536 4621 4675 4981 
4243 4646 
4244 
4245 
4246 4939 
4247 
4248 4426 4540 4668 
4249 4617 4773 
4250 4399 4894 
4251 4389 4532 
4252 4409 4834 4955 
4253 4270 4579 4583 4648 4674 
4254 4319 4574 4850 4884 
4255 4278 4405 4970 
4256 4499 4954 
4257 4659 4685 4802 4973 
4258 4539 
4259 4618 
4260 4390 4763 
4261 4911 
4262 4461 4688 
4263 4729 
4264 
4265 
4266 4998 
4267 4484 4591 4887 
4268 4365 4773 
4269 4520 4629 
4270 4695 
4271 4580 
4272 4325 4383 4412 
4273 4632 4997 
4274 4328 
4275 4794 
4276 4304 4469 4493 4943 
4277 4789 4959 4960 4984 
4278 4719 
4279 4383 
4280 4813 
4281 4742 4821 
4282 4668 4885 4938 
4283 4532 
4284 
4285 
4286 
4287 
4288 4356 4497 4730 
4289 4913 
4290 
4291 4374 4419 4431 
4292 4519 4542 4544 4577 4941 
4293 4550 4876 
4294 4774 4870 4976 4997 
4295 4942 4966 
4296 
4297 4501 4691 
4298 4511 4847 
4299 4589 
4300 4480 
4301 4863 
4302 4475 4601 4711 4862 4870 
4303 4378 4452 
4304 4351 4635 4743 4797 
4305 4330 4346 4379 4587 4654 
4306 4899 
4307 
4308 4822 
4309 4423 
4310 4391 
4311 4731 
4312 4952 
4313 4582 
4314 4692 4699 
4315 4582 
4316 4959 
4317 4616 4671 
4318 4382 4612 4862 
4319 4834 
4320 
4321 4771 
4322 4530 4592 
4323 4935 
4324 4503 4647 4790 
4325 4363 4863 
4326 4526 4851 4985 
4327 4487 4494 4912 
4328 
4329 4415 4625 4918 
4330 4640 4740 4973 
4331 4433 4987 
4332 4511 4617 
4333 
4334 4681 4873 
4335 
4336 4523 4818 
4337 4741 
4338 4463 4584 4986 
4339 4385 4593 4652 
4340 
4341 4494 4802 4995 
4342 
4343 
4344 4592 
4345 4481 
4346 4396 4447 4792 
4347 
4348 
4349 
4350 4918 
4351 
4352 
4353 
4354 4396 4407 4809 4935 
4355 4650 4821 
4356 4389 4471 
4357 4588 4612 4720 
4358 4442 4734 
4359 4913 
4360 4414 4481 
4361 4836 4854 4951 4966 
4362 4417 
4363 4938 
4364 
4365 4883 
4366 4691 
4367 
4368 4537 4810 4888 4992 
4369 4487 4898 4916 
4370 4984 
4371 4521 4715 4760 4958 
4372 4423 4529 4753 
4373 4677 
4374 4648 4786 
4375 4416 4438 
4376 4662 
4377 4737 4858 
4378 4589 
4379 
4380 4644 
4381 4490 
4382 4698 4861 
4383 4457 4881 
4384 4685 
4385 4637 
4386 4749 
4387 4466 4767 4914 
4388 4495 4533 
4389 
4390 4774 
4391 
4392 4709 4792 4850 4875 4877 
4393 4434 4733 4869 4882 4931 
4394 4900 
4395 
4396 4559 
4397 4435 4798 
4398 4677 4796 4821 4854 
4399 4488 
4400 4659 4910 4949 
4401 4752 
4402 
4403 4704 4915 
4404 4867 
4405 4471 
4406 4852 
4407 4860 4887 
4408 
4409 
4410 4470 4607 4963 
4411 4607 4689 4814 
4412 4428 4492 4841 
4413 
4414 4777 
4415 4428 4851 
4416 
4417 4474 4579 4942 4985 
4418 4539 4585 
4419 4584 4708 4777 4855 
4420 
4421 4572 4678 
4422 4776 
4423 4932 
4424 
4425 4656 
4426 4493 4930 
4427 4465 4556 
4428 4834 
4429 4731 4807 
4430 4667 
4431 4534 4904 4907 
4432 
4433 
4434 
4435 4579 4886 
4436 4792 
4437 4874 4921 
4438 4646 
4439 4513 
4440 
4441 4777 4906 
4442 
4443 
4444 4521 4819 4994 
4445 4839 
4446 4895 
4447 
4448 4665 
4449 4653 4744 
4450 4511 4985 
4451 
4452 4520 4689 4703 
4453 
4454 4524 4550 4817 
4455 4786 4799 4803 4812 
4456 
4457 4556 
4458 4525 4755 4987 
4459 4579 4585 4623 
4460 4755 4941 
4461 4665 
4462 
4463 4498 
4464 4680 4987 
4465 
4466 
4467 
4468 4473 4638 4996 
4469 4769 4941 
4470 4845 
4471 4555 4934 4950 
4472 
4473 4598 4636 4790 
4474 
4475 4914 
4476 4579 4743 
4477 4480 
4478 4567 4568 
4479 
4480 4786 4918 
4481 4699 4846 
4482 4599 4731 
4483 4809 4814 
4484 4692 
4485 
4486 4630 
4487 
4488 4868 
4489 4786 4823 
4490 4635 4781 4868 
4491 4817 
4492 4809 
4493 
4494 4585 
4495 4546 4811 
4496 4626 4849 
4497 4595 
4498 4820 
4499 
4500 4562 4713 
4501 4925 
4502 
4503 4578 4718 
4504 4690 4970 
4505 4791 
4506 
4507 4548 
4508 
4509 4984 
4510 4675 4763 4847 4956 4984 
4511 4550 4615 4682 
4512 
4513 4925 
4514 
4515 
4516 4822 
4517 4773 
4518 
4519 4888 4899 
4520 
4521 
4522 4714 
4523 4820 
4524 4574 4575 
4525 4531 4985 
4526 4561 4747 
4527 4928 4978 
4528 4530 4595 4640 
4529 4744 4863 
4530 4836 
4531 
4532 4798 
4533 
4534 4590 
4535 4602 
4536 
4537 4554 
4538 4559 4584 
4539 
4540 4606 
4541 4821 
4542 4794 
4543 4984 
4544 4685 4917 
4545 
4546 
4547 4601 4626 4904 
4548 
4549 4593 4822 
4550 
4551 
4552 4907 
4553 4613 4937 
4554 
4555 4776 4975 
4556 4913 
4557 4802 
4558 
4559 
4560 
4561 4742 
4562 4806 4991 
4563 4713 4906 4911 
4564 
4565 4887 
4566 4724 
4567 
4568 4691 
4569 
4570 4955 
4571 
4572 
4573 4768 4986 
4574 4655 
4575 
4576 4730 
4577 4858 
4578 4785 
4579 
4580 
4581 
4582 4702 
4583 4742 
4584 
4585 4945 
4586 4779 4851 4898 
4587 
4588 4893 
4589 4793 4883 
4590 4733 
4591 
4592 4708 4957 
4593 4660 4745 
4594 4979 
4595 
4596 
4597 4735 
4598 4969 
4599 
4600 4893 4952 
4601 4925 4976 
4602 
4603 4938 
4604 4640 
4605 
4606 4652 4744 4981 
4607 
4608 
4609 
4610 4877 
4611 4647 4762 4991 
4612 4674 
4613 4793 
4614 4823 
4615 
4616 
4617 
4618 4976 
4619 
4620 4698 4947 
4621 4865 4925 
4622 4906 4992 
4623 
4624 4732 4886 4988 
4625 4776 
4626 4929 
4627 4733 4813 4946 
4628 
4629 
4630 
4631 4816 
4632 4801 
4633 4639 4868 
4634 
4635 4860 
4636 
4637 4743 
4638 
4639 4699 
4640 
4641 4678 
4642 4965 
4643 
4644 
4645 
4646 4707 
4647 
4648 4935 
4649 
4650 
4651 
4652 
4653 
4654 4911 4961 
4655 4806 
4656 
4657 
4658 
4659 4846 
4660 4733 4752 4875 
4661 4858 
4662 
4663 
4664 
4665 
4666 4945 
4667 4759 
4668 4674 
4669 
4670 4825 4874 
4671 4826 4970 
4672 
4673 
4674 
4675 
4676 
4677 4716 4743 4820 4994 
4678 
4679 
4680 
4681 4799 
4682 
4683 
4684 
4685 4918 
4686 4727 
4687 4832 4850 
4688 
4689 4735 4739 4874 
4690 4800 
4691 
4692 4792 
4693 4945 
4694 
4695 
4696 
4697 4892 
4698 
4699 4709 
4700 4960 
4701 4724 
4702 4791 
4703 
4704 
4705 
4706 
4707 4815 4895 
4708 
4709 4825 4962 
4710 
4711 4946 
4712 4817 
4713 4750 4870 
4714 
4715 
4716 
4717 
4718 4977 
4719 
4720 4736 
4721 
4722 
4723 
4724 4927 
4725 
4726 
4727 
4728 4871 
4729 4785 4895 
4730 
4731 
4732 4765 
4733 
4734 4818 4898 
4735 
4736 4915 4957 
4737 
4738 
4739 
4740 4787 
4741 4951 
4742 
4743 
4744 4968 
4745 4991 
4746 
4747 
4748 4754 4866 
4749 4873 
4750 
4751 4877 
4752 4843 
4753 
4754 
4755 
4756 
4757 4991 
4758 
4759 
4760 4772 4967 4983 
4761 
4762 
4763 4901 
4764 4948 
4765 4914 
4766 
4767 
4768 4789 4829 
4769 
4770 
4771 
4772 
4773 4982 
4774 
4775 4791 
4776 4893 
4777 
4778 
4779 4811 4907 4919 
4780 
4781 
4782 
4783 
4784 4866 
4785 
4786 4864 
4787 4878 
4788 4953 
4789 
4790 4806 
4791 4963 
4792 
4793 
4794 
4795 
4796 
4797 4800 
4798 
4799 
4800 
4801 
4802 
4803 
4804 4884 4906 
4805 
4806 4875 
4807 
4808 
4809 
4810 
4811 
4812 
4813 
4814 
4815 4922 
4816 
4817 
4818 
4819 
4820 
4821 
4822 
4823 
4824 
4825 4934 
4826 
4827 
4828 4966 
4829 
4830 4852 
4831 
4832 
4833 
4834 4957 
4835 
4836 
4837 4957 
4838 4957 
4839 4998 
4840 
4841 
4842 
4843 4962 
4844 
4845 
4846 
4847 
4848 
4849 
4850 4930 
4851 4904 4959 
4852 4985 
4853 4993 
4854 4932 
4855 
4856 
4857 4960 
4858 4883 
4859 
4860 4884 4885 
4861 4945 4949 
4862 
4863 4967 
4864 4988 
4865 
4866 
4867 4949 
4868 
4869 
4870 
4871 
4872 
4873 4932 
4874 
4875 4924 
4876 
4877 
4878 
4879 4975 
4880 
4881 
4882 
4883 
4884 
4885 
4886 
4887 
4888 4913 
4889 
4890 4972 
4891 4954 
4892 
4893 4981 
4894 4925 
4895 
4896 
4897 
4898 
4899 
4900 
4901 
4902 4939 
4903 
4904 
4905 
4906 
4907 
4908 
4909 
4910 4913 
4911 
4912 4946 
4913 
4914 
4915 
4916 
4917 
4918 4972 4997 
4919 
4920 
4921 
4922 
4923 
4924 
4925 
4926 
4927 
4928 
4929 
4930 4933 4988 
4931 
4932 
4933 
4934 
4935 
4936 
4937 
4938 
4939 
4940 
4941 4950 
4942 
4943 
4944 
4945 
4946 
4947 
4948 
4949 4983 
4950 
4951 4984 
4952 
4953 
4954 
4955 
4956 4967 
4957 
4958 
4959 
4960 
4961 4974 
4962 
4963 
4964 
4965 
4966 4997 
4967 
4968 
4969 
4970 
4971 
4972 
4973 
4974 
4975 
4976 
4977 
4978 
4979 
4980 
4981 
4982 
4983 
4984 
4985 
4986 
4987 
4988 
4989 
4990 
4991 
4992 
4993 
4994 
4995 
4996 
4997 
4998 
4999 
[0, 0, 0, 0, 0, 0, 0, 0, 0, 0, 0, 0, 0, 0, 0, 0, 0, 0, 0, 0, 0, 0, 0, 0, 0, 0, 0, 0, 0, 0, 0, 0, 0, 0, 0, 0, 0, 0, 0, 0, 0, 0, 0, 0, 0, 0, 0, 0, 0, 0, 0, 0, 0, 0, 0, 0, 0, 0, 0, 0, 0, 0, 0, 0, 0, 0, 0, 0, 0, 0, 0, 0, 0, 0, 0, 0, 0, 0, 0, 0, 0, 0, 0, 0, 0, 0, 0, 0, 0, 0, 0, 0, 0, 0, 0, 0, 0, 0, 0, 0, 0, 0, 0, 0, 0, 0, 0, 0, 0, 0, 0, 0, 0, 0, 0, 0, 0, 0, 0, 0, 0, 0, 0, 0, 0, 0, 0, 0, 0, 0, 0, 0, 0, 0, 0, 0, 0, 0, 0, 0, 0, 0, 0, 0, 0, 0, 0, 0, 0, 0, 0, 0, 0, 0, 0, 0, 0, 0, 0, 0, 0, 0, 0, 0, 0, 0, 0, 0, 0, 0, 0, 0, 0, 0, 0, 0, 0, 0, 0, 0, 0, 0, 0, 0, 0, 0, 0, 0, 0, 0, 0, 0, 0, 0, 0, 0, 0, 0, 0, 0, 0, 0, 0, 0, 0, 0, 0, 0, 0, 0, 0, 0, 0, 0, 0, 0, 0, 0, 0, 0, 0, 0, 0, 0, 0, 0, 0, 0, 0, 0, 0, 0, 0, 0, 0, 0, 0, 0, 0, 0, 0, 0, 0, 0, 0, 0, 0, 0, 0, 0, 0, 0, 0, 0, 0, 0, 0, 0, 0, 0, 0, 0, 0, 0, 0, 0, 0, 0, 0, 0, 0, 0, 0, 0, 0, 0, 0, 0, 0, 0, 0, 0, 0, 0, 0, 0, 0, 0, 0, 0, 0, 0, 0, 0, 0, 0, 0, 0, 0, 0, 0, 0, 0, 0, 0, 0, 0, 0, 0, 0, 0, 0, 0, 0, 0, 0, 0, 0, 0, 0, 0, 0, 0, 0, 0, 0, 0, 0, 0, 0, 0, 0, 0, 0, 0, 0, 0, 0, 0, 0, 0, 0, 0, 0, 0, 0, 0, 0, 0, 0, 0, 0, 0, 0, 0, 0, 0, 0, 0, 0, 0, 0, 0, 0, 0, 0, 0, 0, 0, 0, 0, 0, 0, 0, 0, 0, 0, 0, 0, 0, 0, 0, 0, 0, 0, 0, 0, 0, 0, 0, 0, 0, 0, 0, 0, 0, 0, 0, 0, 0, 0, 0, 0, 0, 0, 0, 0, 0, 0, 0, 0, 0, 0, 0, 0, 0, 0, 0, 0, 0, 0, 0, 0, 0, 0, 0, 0, 0, 0, 0, 0, 0, 0, 0, 0, 0, 0, 0, 0, 0, 0, 0, 0, 0, 0, 0, 0, 0, 0, 0, 0, 0, 0, 0, 0, 0, 0, 0, 0, 0, 0, 0, 0, 0, 0, 0, 0, 0, 0, 0, 0, 0, 0, 0, 0, 0, 0, 0, 0, 0, 0, 0, 0, 0, 0, 0, 0, 0, 0, 0, 0, 0, 0, 0, 0, 0, 0, 0, 0, 0, 0, 0, 0, 0, 0, 0, 0, 0, 0, 0, 0, 0, 0, 0, 0, 0, 0, 0, 0, 0, 0, 0, 0, 0, 0, 0, 0, 0, 0, 0, 0, 0, 0, 0, 0, 0, 0, 0, 0, 0, 0, 0, 0, 0, 0, 0, 0, 0, 0, 0, 0, 0, 0, 0, 0, 0, 0, 0, 0, 0, 0, 0, 0, 0, 0, 0, 0, 0, 0, 0, 0, 0, 0, 0, 0, 0, 0, 0, 0, 0, 0, 0, 0, 0, 0, 0, 0, 0, 0, 0, 0, 0, 0, 0, 0, 0, 0, 0, 0, 0, 0, 0, 0, 0, 0, 0, 0, 0, 0, 0, 0, 0, 0, 0, 0, 0, 0, 0, 0, 0, 0, 0, 0, 0, 0, 0, 0, 0, 0, 0, 0, 0, 0, 0, 0, 0, 0, 0, 0, 0, 0, 0, 0, 0, 0, 0, 0, 0, 0, 0, 0, 0, 0, 0, 0, 0, 0, 0, 0, 0, 0, 0, 0, 0, 0, 0, 0, 0, 0, 0, 0, 0, 0, 0, 0, 0, 0, 0, 0, 0, 0, 0, 0, 0, 0, 0, 0, 0, 0, 0, 0, 0, 0, 0, 0, 0, 0, 0, 0, 0, 0, 0, 0, 0, 0, 0, 0, 0, 0, 0, 0, 0, 0, 0, 0, 0, 0, 0, 0, 0, 0, 0, 0, 0, 0, 0, 0, 0, 0, 0, 0, 0, 0, 0, 0, 0, 0, 0, 0, 0, 0, 0, 0, 0, 0, 0, 0, 0, 0, 0, 0, 0, 0, 0, 0, 0, 0, 0, 0, 0, 0, 0, 0, 0, 0, 0, 0, 0, 0, 0, 0, 0, 0, 0, 0, 0, 0, 0, 0, 0, 0, 0, 0, 0, 0, 0, 0, 0, 0, 0, 0, 0, 0, 0, 0, 0, 0, 0, 0, 0, 0, 0, 0, 0, 0, 0, 0, 0, 0, 0, 0, 0, 0, 0, 0, 0, 0, 0, 0, 0, 0, 0, 0, 0, 0, 0, 0, 0, 0, 0, 0, 0, 0, 0, 0, 0, 0, 0, 0, 0, 0, 0, 0, 0, 0, 0, 0, 0, 0, 0, 0, 0, 0, 0, 0, 0, 0, 0, 0, 0, 0, 0, 0, 0, 0, 0, 0, 0, 0, 0, 0, 0, 0, 0, 0, 0, 0, 0, 0, 0, 0, 0, 0, 0, 0, 0, 0, 0, 0, 0, 0, 0, 0, 0, 0, 0, 0, 0, 0, 0, 0, 0, 0, 0, 0, 0, 0, 0, 0, 0, 0, 0, 0, 0, 0, 0, 0, 0, 0, 0, 0, 0, 0, 0, 0, 0, 0, 0, 0, 0, 0, 0, 0, 0, 0, 0, 0, 0, 0, 0, 0, 0, 0, 0, 0, 0, 0, 0, 0, 0, 0, 0, 0, 0, 0, 0, 0, 0, 0, 0, 0, 0, 0, 0, 0, 0, 0, 0, 0, 0, 0, 0, 0, 0, 0, 0, 0, 0, 0, 0, 0, 0, 0, 0, 0, 0, 0, 0, 0, 0, 0, 0, 0, 0, 0, 0, 0, 0, 0, 0, 1, 1, 1, 1, 1, 1, 1, 1, 1, 1, 1, 1, 1, 1, 1, 1, 1, 1, 1, 1, 1, 1, 1, 1, 1, 1, 1, 1, 1, 1, 1, 1, 1, 1, 1, 1, 1, 1, 1, 1, 1, 1, 1, 1, 1, 1, 1, 1, 1, 1, 1, 1, 1, 1, 1, 1, 1, 1, 1, 1, 1, 1, 1, 1, 1, 1, 1, 1, 1, 1, 1, 1, 1, 1, 1, 1, 1, 1, 1, 1, 1, 1, 1, 1, 1, 1, 1, 1, 1, 1, 1, 1, 1, 1, 1, 1, 1, 1, 1, 1, 1, 1, 1, 1, 1, 1, 1, 1, 1, 1, 1, 1, 1, 1, 1, 1, 1, 1, 1, 1, 1, 1, 1, 1, 1, 1, 1, 1, 1, 1, 1, 1, 1, 1, 1, 1, 1, 1, 1, 1, 1, 1, 1, 1, 1, 1, 1, 1, 1, 1, 1, 1, 1, 1, 1, 1, 1, 1, 1, 1, 1, 1, 1, 1, 1, 1, 1, 1, 1, 1, 1, 1, 1, 1, 1, 1, 1, 1, 1, 1, 1, 1, 1, 1, 1, 1, 1, 1, 1, 1, 1, 1, 1, 1, 1, 1, 1, 1, 1, 1, 1, 1, 1, 1, 1, 1, 1, 1, 1, 1, 1, 1, 1, 1, 1, 1, 1, 1, 1, 1, 1, 1, 1, 1, 1, 1, 1, 1, 1, 1, 1, 1, 1, 1, 1, 1, 1, 1, 1, 1, 1, 1, 1, 1, 1, 1, 1, 1, 1, 1, 1, 1, 1, 1, 1, 1, 1, 1, 1, 1, 1, 1, 1, 1, 1, 1, 1, 1, 1, 1, 1, 1, 1, 1, 1, 1, 1, 1, 1, 1, 1, 1, 1, 1, 1, 1, 1, 1, 1, 1, 1, 1, 1, 1, 1, 1, 1, 1, 1, 1, 1, 1, 1, 1, 1, 1, 1, 1, 1, 1, 1, 1, 1, 1, 1, 1, 1, 1, 1, 1, 1, 1, 1, 1, 1, 1, 1, 1, 1, 1, 1, 1, 1, 1, 1, 1, 1, 1, 1, 1, 1, 1, 1, 1, 1, 1, 1, 1, 1, 1, 1, 1, 1, 1, 1, 1, 1, 1, 1, 1, 1, 1, 1, 1, 1, 1, 1, 1, 1, 1, 1, 1, 1, 1, 1, 1, 1, 1, 1, 1, 1, 1, 1, 1, 1, 1, 1, 1, 1, 1, 1, 1, 1, 1, 1, 1, 1, 1, 1, 1, 1, 1, 1, 1, 1, 1, 1, 1, 1, 1, 1, 1, 1, 1, 1, 1, 1, 1, 1, 1, 1, 1, 1, 1, 1, 1, 1, 1, 1, 1, 1, 1, 1, 1, 1, 1, 1, 1, 1, 1, 1, 1, 1, 1, 1, 1, 1, 1, 1, 1, 1, 1, 1, 1, 1, 1, 1, 1, 1, 1, 1, 1, 1, 1, 1, 1, 1, 1, 1, 1, 1, 1, 1, 1, 1, 1, 1, 1, 1, 1, 1, 1, 1, 1, 1, 1, 1, 1, 1, 1, 1, 1, 1, 1, 1, 1, 1, 1, 1, 1, 1, 1, 1, 1, 1, 1, 1, 1, 1, 1, 1, 1, 1, 1, 1, 1, 1, 1, 1, 1, 1, 1, 1, 1, 1, 1, 1, 1, 1, 1, 1, 1, 1, 1, 1, 1, 1, 1, 1, 1, 1, 1, 1, 1, 1, 1, 1, 1, 1, 1, 1, 1, 1, 1, 1, 1, 1, 1, 1, 1, 1, 1, 1, 1, 1, 1, 1, 1, 1, 1, 1, 1, 1, 1, 1, 1, 1, 1, 1, 1, 1, 1, 1, 1, 1, 1, 1, 1, 1, 1, 1, 1, 1, 1, 1, 1, 1, 1, 1, 1, 1, 1, 1, 1, 1, 1, 1, 1, 1, 1, 1, 1, 1, 1, 1, 1, 1, 1, 1, 1, 1, 1, 1, 1, 1, 1, 1, 1, 1, 1, 1, 1, 1, 1, 1, 1, 1, 1, 1, 1, 1, 1, 1, 1, 1, 1, 1, 1, 1, 1, 1, 1, 1, 1, 1, 1, 1, 1, 1, 1, 1, 1, 1, 1, 1, 1, 1, 1, 1, 1, 1, 1, 1, 1, 1, 1, 1, 1, 1, 1, 1, 1, 1, 1, 1, 1, 1, 1, 1, 1, 1, 1, 1, 1, 1, 1, 1, 1, 1, 1, 1, 1, 1, 1, 1, 1, 1, 1, 1, 1, 1, 1, 1, 1, 1, 1, 1, 1, 1, 1, 1, 1, 1, 1, 1, 1, 1, 1, 1, 1, 1, 1, 1, 1, 1, 1, 1, 1, 1, 1, 1, 1, 1, 1, 1, 1, 1, 1, 1, 1, 1, 1, 1, 1, 1, 1, 1, 1, 1, 1, 1, 1, 1, 1, 1, 1, 1, 1, 1, 1, 1, 1, 1, 1, 1, 1, 1, 1, 1, 1, 1, 1, 1, 1, 1, 1, 1, 1, 1, 1, 1, 1, 1, 1, 1, 1, 1, 1, 1, 1, 1, 1, 1, 1, 1, 1, 1, 1, 1, 1, 1, 1, 1, 1, 1, 1, 1, 1, 1, 1, 1, 1, 1, 1, 1, 1, 1, 1, 1, 1, 1, 1, 1, 1, 1, 1, 1, 1, 1, 1, 1, 1, 1, 1, 1, 1, 1, 1, 1, 1, 1, 1, 1, 1, 1, 1, 1, 1, 1, 1, 1, 1, 1, 1, 1, 1, 1, 1, 1, 1, 1, 1, 1, 1, 1, 1, 1, 1, 1, 1, 1, 1, 1, 1, 1, 1, 1, 1, 1, 1, 1, 1, 1, 1, 1, 1, 1, 1, 1, 1, 1, 1, 1, 1, 1, 1, 1, 1, 1, 1, 1, 1, 1, 1, 1, 1, 1, 1, 1, 1, 1, 1, 1, 1, 1, 1, 1, 1, 1, 1, 1, 1, 1, 1, 1, 1, 1, 1, 1, 1, 1, 1, 1, 1, 1, 1, 1, 1, 1, 1, 1, 1, 1, 1, 1, 1, 1, 1, 1, 1, 1, 1, 1, 1, 1, 1, 1, 1, 1, 1, 1, 1, 1, 1, 1, 1, 1, 1, 1, 1, 1, 1, 1, 1, 1, 1, 1, 1, 1, 1, 1, 1, 1, 1, 1, 1, 1, 1, 1, 1, 2, 2, 2, 2, 2, 2, 2, 2, 2, 2, 2, 2, 2, 2, 2, 2, 2, 2, 2, 2, 2, 2, 2, 2, 2, 2, 2, 2, 2, 2, 2, 2, 2, 2, 2, 2, 2, 2, 2, 2, 2, 2, 2, 2, 2, 2, 2, 2, 2, 2, 2, 2, 2, 2, 2, 2, 2, 2, 2, 2, 2, 2, 2, 2, 2, 2, 2, 2, 2, 2, 2, 2, 2, 2, 2, 2, 2, 2, 2, 2, 2, 2, 2, 2, 2, 2, 2, 2, 2, 2, 2, 2, 2, 2, 2, 2, 2, 2, 2, 2, 2, 2, 2, 2, 2, 2, 2, 2, 2, 2, 2, 2, 2, 2, 2, 2, 2, 2, 2, 2, 2, 2, 2, 2, 2, 2, 2, 2, 2, 2, 2, 2, 2, 2, 2, 2, 2, 2, 2, 2, 2, 2, 2, 2, 2, 2, 2, 2, 2, 2, 2, 2, 2, 2, 2, 2, 2, 2, 2, 2, 2, 2, 2, 2, 2, 2, 2, 2, 2, 2, 2, 2, 2, 2, 2, 2, 2, 2, 2, 2, 2, 2, 2, 2, 2, 2, 2, 2, 2, 2, 2, 2, 2, 2, 2, 2, 2, 2, 2, 2, 2, 2, 2, 2, 2, 2, 2, 2, 2, 2, 2, 2, 2, 2, 2, 2, 2, 2, 2, 2, 2, 2, 2, 2, 2, 2, 2, 2, 2, 2, 2, 2, 2, 2, 2, 2, 2, 2, 2, 2, 2, 2, 2, 2, 2, 2, 2, 2, 2, 2, 2, 2, 2, 2, 2, 2, 2, 2, 2, 2, 2, 2, 2, 2, 2, 2, 2, 2, 2, 2, 2, 2, 2, 2, 2, 2, 2, 2, 2, 2, 2, 2, 2, 2, 2, 2, 2, 2, 2, 2, 2, 2, 2, 2, 2, 2, 2, 2, 2, 2, 2, 2, 2, 2, 2, 2, 2, 2, 2, 2, 2, 2, 2, 2, 2, 2, 2, 2, 2, 2, 2, 2, 2, 2, 2, 2, 2, 2, 2, 2, 2, 2, 2, 2, 2, 2, 2, 2, 2, 2, 2, 2, 2, 2, 2, 2, 2, 2, 2, 2, 2, 2, 2, 2, 2, 2, 2, 2, 2, 2, 2, 2, 2, 2, 2, 2, 2, 2, 2, 2, 2, 2, 2, 2, 2, 2, 2, 2, 2, 2, 2, 2, 2, 2, 2, 2, 2, 2, 2, 2, 2, 2, 2, 2, 2, 2, 2, 2, 2, 2, 2, 2, 2, 2, 2, 2, 2, 2, 2, 2, 2, 2, 2, 2, 2, 2, 2, 2, 2, 2, 2, 2, 2, 2, 2, 2, 2, 2, 2, 2, 2, 2, 2, 2, 2, 2, 2, 2, 2, 2, 2, 2, 2, 2, 2, 2, 2, 2, 2, 2, 2, 2, 2, 2, 2, 2, 2, 2, 2, 2, 2, 2, 2, 2, 2, 2, 2, 2, 2, 2, 2, 2, 2, 2, 2, 2, 2, 2, 2, 2, 2, 2, 2, 2, 2, 2, 2, 2, 2, 2, 2, 2, 2, 2, 2, 2, 2, 2, 2, 2, 2, 2, 2, 2, 2, 2, 2, 2, 2, 2, 2, 2, 2, 2, 2, 2, 2, 2, 2, 2, 2, 2, 2, 2, 2, 2, 2, 2, 2, 2, 2, 2, 2, 2, 2, 2, 2, 2, 2, 2, 2, 2, 2, 2, 2, 2, 2, 2, 2, 2, 2, 2, 2, 2, 2, 2, 2, 2, 2, 2, 2, 2, 2, 2, 2, 2, 2, 2, 2, 2, 2, 2, 2, 2, 2, 2, 2, 2, 2, 2, 2, 2, 2, 2, 2, 2, 2, 2, 2, 2, 2, 2, 2, 2, 2, 2, 2, 2, 2, 2, 2, 2, 2, 2, 2, 2, 2, 2, 2, 2, 2, 2, 2, 2, 2, 2, 2, 2, 2, 2, 2, 2, 2, 2, 2, 2, 2, 2, 2, 2, 2, 2, 2, 2, 2, 2, 2, 2, 2, 2, 2, 2, 2, 2, 2, 2, 2, 2, 2, 2, 2, 2, 2, 2, 2, 2, 2, 2, 2, 2, 2, 2, 2, 2, 2, 2, 2, 2, 2, 2, 2, 2, 2, 2, 2, 2, 2, 2, 2, 2, 2, 2, 2, 2, 2, 2, 2, 2, 2, 2, 2, 2, 2, 2, 2, 2, 2, 2, 2, 2, 2, 2, 2, 2, 2, 2, 2, 2, 2, 2, 2, 2, 2, 2, 2, 2, 2, 2, 2, 2, 2, 2, 2, 2, 2, 2, 2, 2, 2, 2, 2, 2, 2, 2, 2, 2, 2, 2, 2, 2, 2, 2, 2, 2, 2, 2, 2, 2, 2, 2, 2, 2, 2, 2, 2, 2, 2, 2, 2, 2, 2, 2, 2, 2, 2, 2, 2, 2, 2, 2, 2, 2, 2, 2, 2, 2, 2, 2, 2, 2, 2, 2, 2, 2, 2, 2, 2, 2, 2, 2, 2, 2, 2, 2, 2, 2, 2, 2, 2, 2, 2, 2, 2, 2, 2, 2, 2, 2, 2, 2, 2, 2, 2, 2, 2, 2, 2, 2, 2, 2, 2, 2, 2, 2, 2, 2, 2, 2, 2, 2, 2, 2, 2, 2, 2, 2, 2, 2, 2, 2, 2, 2, 2, 2, 2, 2, 2, 2, 2, 2, 2, 2, 2, 2, 2, 2, 2, 2, 2, 2, 2, 2, 2, 2, 2, 2, 2, 2, 2, 2, 2, 2, 2, 2, 2, 2, 2, 2, 2, 2, 2, 2, 2, 2, 2, 2, 2, 2, 2, 2, 2, 2, 2, 2, 2, 2, 2, 2, 2, 2, 2, 2, 2, 2, 2, 2, 2, 2, 2, 2, 2, 2, 2, 2, 2, 2, 2, 2, 2, 2, 2, 2, 2, 2, 2, 2, 2, 2, 2, 2, 2, 2, 2, 2, 2, 2, 2, 2, 2, 2, 2, 2, 2, 2, 2, 2, 2, 2, 2, 2, 2, 2, 2, 2, 2, 2, 2, 2, 2, 2, 2, 2, 2, 2, 2, 2, 2, 2, 2, 2, 2, 2, 2, 2, 2, 2, 2, 2, 2, 2, 2, 2, 2, 2, 2, 2, 2, 2, 2, 2, 2, 2, 2, 2, 2, 2, 2, 2, 2, 2, 3, 3, 3, 3, 3, 3, 3, 3, 3, 3, 3, 3, 3, 3, 3, 3, 3, 3, 3, 3, 3, 3, 3, 3, 3, 3, 3, 3, 3, 3, 3, 3, 3, 3, 3, 3, 3, 3, 3, 3, 3, 3, 3, 3, 3, 3, 3, 3, 3, 3, 3, 3, 3, 3, 3, 3, 3, 3, 3, 3, 3, 3, 3, 3, 3, 3, 3, 3, 3, 3, 3, 3, 3, 3, 3, 3, 3, 3, 3, 3, 3, 3, 3, 3, 3, 3, 3, 3, 3, 3, 3, 3, 3, 3, 3, 3, 3, 3, 3, 3, 3, 3, 3, 3, 3, 3, 3, 3, 3, 3, 3, 3, 3, 3, 3, 3, 3, 3, 3, 3, 3, 3, 3, 3, 3, 3, 3, 3, 3, 3, 3, 3, 3, 3, 3, 3, 3, 3, 3, 3, 3, 3, 3, 3, 3, 3, 3, 3, 3, 3, 3, 3, 3, 3, 3, 3, 3, 3, 3, 3, 3, 3, 3, 3, 3, 3, 3, 3, 3, 3, 3, 3, 3, 3, 3, 3, 3, 3, 3, 3, 3, 3, 3, 3, 3, 3, 3, 3, 3, 3, 3, 3, 3, 3, 3, 3, 3, 3, 3, 3, 3, 3, 3, 3, 3, 3, 3, 3, 3, 3, 3, 3, 3, 3, 3, 3, 3, 3, 3, 3, 3, 3, 3, 3, 3, 3, 3, 3, 3, 3, 3, 3, 3, 3, 3, 3, 3, 3, 3, 3, 3, 3, 3, 3, 3, 3, 3, 3, 3, 3, 3, 3, 3, 3, 3, 3, 3, 3, 3, 3, 3, 3, 3, 3, 3, 3, 3, 3, 3, 3, 3, 3, 3, 3, 3, 3, 3, 3, 3, 3, 3, 3, 3, 3, 3, 3, 3, 3, 3, 3, 3, 3, 3, 3, 3, 3, 3, 3, 3, 3, 3, 3, 3, 3, 3, 3, 3, 3, 3, 3, 3, 3, 3, 3, 3, 3, 3, 3, 3, 3, 3, 3, 3, 3, 3, 3, 3, 3, 3, 3, 3, 3, 3, 3, 3, 3, 3, 3, 3, 3, 3, 3, 3, 3, 3, 3, 3, 3, 3, 3, 3, 3, 3, 3, 3, 3, 3, 3, 3, 3, 3, 3, 3, 3, 3, 3, 3, 3, 3, 3, 3, 3, 3, 3, 3, 3, 3, 3, 3, 3, 3, 3, 3, 3, 3, 3, 3, 3, 3, 3, 3, 3, 3, 3, 3, 3, 3, 3, 3, 3, 3, 3, 3, 3, 3, 3, 3, 3, 3, 3, 3, 3, 3, 3, 3, 3, 3, 3, 3, 3, 3, 3, 3, 3, 3, 3, 3, 3, 3, 3, 3, 3, 3, 3, 3, 3, 3, 3, 3, 3, 3, 3, 3, 3, 3, 3, 3, 3, 3, 3, 3, 3, 3, 3, 3, 3, 3, 3, 3, 3, 3, 3, 3, 3, 3, 3, 3, 3, 3, 3, 3, 3, 3, 3, 3, 3, 3, 3, 3, 3, 3, 3, 3, 3, 3, 3, 3, 3, 3, 3, 3, 3, 3, 3, 3, 3, 3, 3, 3, 3, 3, 3, 3, 3, 3, 3, 3, 3, 3, 3, 3, 3, 3, 3, 3, 3, 3, 3, 3, 3, 3, 3, 3, 3, 3, 3, 3, 3, 3, 3, 3, 3, 3, 3, 3, 3, 3, 3, 3, 3, 3, 3, 3, 3, 3, 3, 3, 3, 3, 3, 3, 3, 3, 3, 3, 3, 3, 3, 3, 3, 3, 3, 3, 3, 3, 3, 3, 3, 3, 3, 3, 3, 3, 3, 3, 3, 3, 3, 3, 3, 3, 3, 3, 3, 3, 3, 3, 3, 3, 3, 3, 3, 3, 3, 3, 3, 3, 3, 3, 3, 3, 3, 3, 3, 3, 3, 3, 3, 3, 3, 3, 3, 3, 3, 3, 3, 3, 3, 3, 3, 3, 3, 3, 3, 3, 3, 3, 3, 3, 3, 3, 3, 3, 3, 3, 3, 3, 3, 3, 3, 3, 3, 3, 3, 3, 3, 3, 3, 3, 3, 3, 3, 3, 3, 3, 3, 3, 3, 3, 3, 3, 3, 3, 3, 3, 3, 3, 3, 3, 3, 3, 3, 3, 3, 3, 3, 3, 3, 3, 3, 3, 3, 3, 3, 3, 3, 3, 3, 3, 3, 3, 3, 3, 3, 3, 3, 3, 3, 3, 3, 3, 3, 3, 3, 3, 3, 3, 3, 3, 3, 3, 3, 3, 3, 3, 3, 3, 3, 3, 3, 3, 3, 3, 3, 3, 3, 3, 3, 3, 3, 3, 3, 3, 3, 3, 3, 3, 3, 3, 3, 3, 3, 3, 3, 3, 3, 3, 3, 3, 3, 3, 3, 3, 3, 3, 3, 3, 3, 3, 3, 3, 3, 3, 3, 3, 3, 3, 3, 3, 3, 3, 3, 3, 3, 3, 3, 3, 3, 3, 3, 3, 3, 3, 3, 3, 3, 3, 3, 3, 3, 3, 3, 3, 3, 3, 3, 3, 3, 3, 3, 3, 3, 3, 3, 3, 3, 3, 3, 3, 3, 3, 3, 3, 3, 3, 3, 3, 3, 3, 3, 3, 3, 3, 3, 3, 3, 3, 3, 3, 3, 3, 3, 3, 3, 3, 3, 3, 3, 3, 3, 3, 3, 3, 3, 3, 3, 3, 3, 3, 3, 3, 3, 3, 3, 3, 3, 3, 3, 3, 3, 3, 3, 3, 3, 3, 3, 3, 3, 3, 3, 3, 3, 3, 3, 3, 3, 3, 3, 3, 3, 3, 3, 3, 3, 3, 3, 3, 3, 3, 3, 3, 3, 3, 3, 3, 3, 3, 3, 3, 3, 3, 3, 3, 3, 3, 3, 3, 3, 3, 3, 3, 3, 3, 3, 3, 3, 3, 3, 3, 3, 3, 3, 3, 3, 3, 3, 3, 3, 3, 3, 3, 3, 3, 3, 3, 3, 3, 3, 3, 3, 3, 3, 3, 3, 3, 3, 3, 3, 3, 3, 3, 3, 3, 3, 3, 3, 3, 3, 3, 3, 3, 3, 3, 3, 3, 3, 3, 3, 3, 3, 3, 3, 3, 3, 3, 3, 3, 3, 3, 3, 3, 3, 3, 3, 3, 3, 3, 3, 3, 3, 3, 3, 3, 3, 3, 3, 3, 3, 3, 3, 4, 4, 4, 4, 4, 4, 4, 4, 4, 4, 4, 4, 4, 4, 4, 4, 4, 4, 4, 4, 4, 4, 4, 4, 4, 4, 4, 4, 4, 4, 4, 4, 4, 4, 4, 4, 4, 4, 4, 4, 4, 4, 4, 4, 4, 4, 4, 4, 4, 4, 4, 4, 4, 4, 4, 4, 4, 4, 4, 4, 4, 4, 4, 4, 4, 4, 4, 4, 4, 4, 4, 4, 4, 4, 4, 4, 4, 4, 4, 4, 4, 4, 4, 4, 4, 4, 4, 4, 4, 4, 4, 4, 4, 4, 4, 4, 4, 4, 4, 4, 4, 4, 4, 4, 4, 4, 4, 4, 4, 4, 4, 4, 4, 4, 4, 4, 4, 4, 4, 4, 4, 4, 4, 4, 4, 4, 4, 4, 4, 4, 4, 4, 4, 4, 4, 4, 4, 4, 4, 4, 4, 4, 4, 4, 4, 4, 4, 4, 4, 4, 4, 4, 4, 4, 4, 4, 4, 4, 4, 4, 4, 4, 4, 4, 4, 4, 4, 4, 4, 4, 4, 4, 4, 4, 4, 4, 4, 4, 4, 4, 4, 4, 4, 4, 4, 4, 4, 4, 4, 4, 4, 4, 4, 4, 4, 4, 4, 4, 4, 4, 4, 4, 4, 4, 4, 4, 4, 4, 4, 4, 4, 4, 4, 4, 4, 4, 4, 4, 4, 4, 4, 4, 4, 4, 4, 4, 4, 4, 4, 4, 4, 4, 4, 4, 4, 4, 4, 4, 4, 4, 4, 4, 4, 4, 4, 4, 4, 4, 4, 4, 4, 4, 4, 4, 4, 4, 4, 4, 4, 4, 4, 4, 4, 4, 4, 4, 4, 4, 4, 4, 4, 4, 4, 4, 4, 4, 4, 4, 4, 4, 4, 4, 4, 4, 4, 4, 4, 4, 4, 4, 4, 4, 4, 4, 4, 4, 4, 4, 4, 4, 4, 4, 4, 4, 4, 4, 4, 4, 4, 4, 4, 4, 4, 4, 4, 4, 4, 4, 4, 4, 4, 4, 4, 4, 4, 4, 4, 4, 4, 4, 4, 4, 4, 4, 4, 4, 4, 4, 4, 4, 4, 4, 4, 4, 4, 4, 4, 4, 4, 4, 4, 4, 4, 4, 4, 4, 4, 4, 4, 4, 4, 4, 4, 4, 4, 4, 4, 4, 4, 4, 4, 4, 4, 4, 4, 4, 4, 4, 4, 4, 4, 4, 4, 4, 4, 4, 4, 4, 4, 4, 4, 4, 4, 4, 4, 4, 4, 4, 4, 4, 4, 4, 4, 4, 4, 4, 4, 4, 4, 4, 4, 4, 4, 4, 4, 4, 4, 4, 4, 4, 4, 4, 4, 4, 4, 4, 4, 4, 4, 4, 4, 4, 4, 4, 4, 4, 4, 4, 4, 4, 4, 4, 4, 4, 4, 4, 4, 4, 4, 4, 4, 4, 4, 4, 4, 4, 4, 4, 4, 4, 4, 4, 4, 4, 4, 4, 4, 4, 4, 4, 4, 4, 4, 4, 4, 4, 4, 4, 4, 4, 4, 4, 4, 4, 4, 4, 4, 4, 4, 4, 4, 4, 4, 4, 4, 4, 4, 4, 4, 4, 4, 4, 4, 4, 4, 4, 4, 4, 4, 4, 4, 4, 4, 4, 4, 4, 4, 4, 4, 4, 4, 4, 4, 4, 4, 4, 4, 4, 4, 4, 4, 4, 4, 4, 4, 4, 4, 4, 4, 4, 4, 4, 4, 4, 4, 4, 4, 4, 4, 4, 4, 4, 4, 4, 4, 4, 4, 4, 4, 4, 4, 4, 4, 4, 4, 4, 4, 4, 4, 4, 4, 4, 4, 4, 4, 4, 4, 4, 4, 4, 4, 4, 4, 4, 4, 4, 4, 4, 4, 4, 4, 4, 4, 4, 4, 4, 4, 4, 4, 4, 4, 4, 4, 4, 4, 4, 4, 4, 4, 4, 4, 4, 4, 4, 4, 4, 4, 4, 4, 4, 4, 4, 4, 4, 4, 4, 4, 4, 4, 4, 4, 4, 4, 4, 4, 4, 4, 4, 4, 4, 4, 4, 4, 4, 4, 4, 4, 4, 4, 4, 4, 4, 4, 4, 4, 4, 4, 4, 4, 4, 4, 4, 4, 4, 4, 4, 4, 4, 4, 4, 4, 4, 4, 4, 4, 4, 4, 4, 4, 4, 4, 4, 4, 4, 4, 4, 4, 4, 4, 4, 4, 4, 4, 4, 4, 4, 4, 4, 4, 4, 4, 4, 4, 4, 4, 4, 4, 4, 4, 4, 4, 4, 4, 4, 4, 4, 4, 4, 4, 4, 4, 4, 4, 4, 4, 4, 4, 4, 4, 4, 4, 4, 4, 4, 4, 4, 4, 4, 4, 4, 4, 4, 4, 4, 4, 4, 4, 4, 4, 4, 4, 4, 4, 4, 4, 4, 4, 4, 4, 4, 4, 4, 4, 4, 4, 4, 4, 4, 4, 4, 4, 4, 4, 4, 4, 4, 4, 4, 4, 4, 4, 4, 4, 4, 4, 4, 4, 4, 4, 4, 4, 4, 4, 4, 4, 4, 4, 4, 4, 4, 4, 4, 4, 4, 4, 4, 4, 4, 4, 4, 4, 4, 4, 4, 4, 4, 4, 4, 4, 4, 4, 4, 4, 4, 4, 4, 4, 4, 4, 4, 4, 4, 4, 4, 4, 4, 4, 4, 4, 4, 4, 4, 4, 4, 4, 4, 4, 4, 4, 4, 4, 4, 4, 4, 4, 4, 4, 4, 4, 4, 4, 4, 4, 4, 4, 4, 4, 4, 4, 4, 4, 4, 4, 4, 4, 4, 4, 4, 4, 4, 4, 4, 4, 4, 4, 4, 4, 4, 4, 4, 4, 4, 4, 4, 4, 4, 4, 4, 4, 4, 4, 4, 4, 4, 4, 4, 4, 4, 4, 4, 4, 4, 4, 4, 4, 4, 4, 4, 4, 4, 4, 4, 4, 4, 4, 4, 4, 4, 4, 4, 4, 4, 4, 4, 4, 4, 4, 4, 4, 4, 4, 4, 4, 4, 4, 4, 4, 4, 4, 4, 4, 4, 4, 4, 4, 4, 4, 4, 4, 4, 4, 4, 4, 4, 4, 4, 4, 4, 4, 4, 4, 4, 4, 4, 4, 4, 4, 4, 4, 4, 4, 4, 4, 4, 4, 4, 4, 4, 4, 4, 4, 4, 4, 4, 4, 4, 4, 4, 4, 4]