0 76 162 
1 65 96 
2 47 
3 
4 9 65 70 
5 23 281 
6 
7 
8 
9 
10 
11 303 
12 444 
13 66 167 
14 147 
15 29 481 
16 74 90 
17 
18 54 79 98 404 
19 
20 270 
21 94 
22 77 296 
23 26 49 71 
24 45 
25 66 
26 
27 
28 
29 75 99 223 
30 495 
31 107 282 
32 
33 
34 
35 80 90 
36 
37 58 
38 46 
39 80 
40 73 94 
41 87 
42 
43 
44 83 
45 76 
46 87 
47 167 
48 
49 
50 322 
51 306 
52 
53 138 
54 
55 
56 
57 
58 
59 
60 
61 354 
62 81 411 
63 96 
64 
65 
66 
67 
68 79 
69 94 
70 72 
71 
72 276 352 
73 
74 
75 347 399 
76 92 
77 
78 424 
79 
80 243 
81 85 118 464 
82 
83 
84 273 
85 
86 
87 
88 
89 
90 
91 
92 100 
93 
94 
95 485 
96 
97 308 
98 
99 
100 273 
101 115 
102 192 
103 
104 
105 160 
106 152 
107 
108 
109 120 
110 141 
111 176 472 
112 150 327 
113 454 
114 
115 132 276 
116 354 
117 
118 374 
119 
120 126 
121 463 
122 
123 124 184 
124 
125 142 304 
126 
127 
128 
129 
130 134 148 172 
131 162 
132 199 
133 
134 145 146 
135 177 
136 
137 
138 
139 
140 
141 371 
142 
143 181 
144 172 365 
145 
146 286 449 
147 166 
148 197 
149 
150 495 
151 
152 
153 289 
154 
155 
156 
157 192 
158 
159 
160 
161 
162 172 
163 192 
164 167 184 
165 
166 
167 
168 175 421 
169 257 364 
170 
171 475 
172 176 191 
173 176 
174 
175 
176 
177 
178 265 330 
179 
180 181 
181 
182 187 429 
183 189 
184 
185 
186 237 
187 
188 
189 210 
190 
191 
192 
193 
194 
195 
196 
197 
198 
199 
200 
201 223 273 
202 
203 237 266 
204 208 
205 222 
206 
207 221 275 
208 271 
209 212 
210 
211 471 
212 257 
213 
214 
215 235 294 
216 
217 229 296 415 
218 243 267 
219 
220 
221 
222 235 274 
223 286 
224 283 412 
225 226 279 
226 243 298 
227 
228 252 
229 
230 365 434 
231 
232 
233 
234 277 
235 291 299 
236 
237 265 
238 
239 
240 
241 271 
242 
243 
244 
245 
246 
247 
248 
249 
250 262 
251 
252 
253 
254 308 
255 
256 
257 264 
258 
259 
260 290 
261 
262 305 367 
263 329 
264 295 
265 299 
266 418 
267 
268 
269 
270 458 
271 282 
272 
273 277 
274 
275 
276 
277 
278 
279 293 
280 
281 
282 
283 399 
284 
285 286 437 
286 
287 384 
288 
289 
290 341 
291 
292 
293 
294 
295 
296 
297 
298 466 
299 
300 
301 
302 
303 
304 393 
305 
306 
307 354 443 
308 381 
309 329 390 
310 
311 329 
312 324 353 
313 
314 
315 330 341 
316 
317 
318 373 397 
319 384 477 
320 345 352 
321 348 
322 
323 
324 384 
325 
326 346 
327 
328 380 
329 339 
330 
331 399 
332 
333 362 384 
334 
335 392 398 
336 
337 
338 352 
339 
340 
341 
342 374 
343 
344 
345 
346 
347 389 392 397 
348 353 
349 371 
350 
351 
352 
353 
354 
355 380 383 
356 
357 
358 
359 
360 
361 
362 
363 
364 
365 
366 379 447 
367 
368 473 
369 
370 
371 
372 
373 395 
374 
375 378 476 
376 
377 
378 
379 385 
380 
381 
382 
383 
384 
385 422 
386 396 
387 471 
388 
389 
390 
391 
392 470 
393 
394 
395 
396 
397 
398 
399 
400 478 
401 462 
402 
403 
404 
405 
406 
407 457 
408 471 
409 426 
410 
411 416 484 
412 480 
413 
414 481 
415 437 
416 497 
417 
418 436 
419 439 
420 429 459 
421 444 493 499 
422 
423 
424 
425 
426 
427 458 460 483 
428 
429 466 
430 441 496 
431 
432 491 
433 481 
434 
435 
436 
437 
438 
439 
440 447 
441 
442 
443 
444 
445 
446 
447 452 
448 468 
449 
450 
451 
452 
453 
454 
455 
456 
457 468 
458 
459 
460 
461 
462 496 
463 
464 
465 482 
466 
467 
468 475 
469 471 
470 
471 
472 497 
473 
474 
475 
476 490 
477 480 
478 
479 
480 
481 
482 
483 
484 
485 
486 491 
487 
488 
489 
490 
491 
492 
493 
494 
495 
496 
497 
498 
499 
[0, 0, 0, 0, 0, 0, 0, 0, 0, 0, 0, 0, 0, 0, 0, 0, 0, 0, 0, 0, 0, 0, 0, 0, 0, 0, 0, 0, 0, 0, 0, 0, 0, 0, 0, 0, 0, 0, 0, 0, 0, 0, 0, 0, 0, 0, 0, 0, 0, 0, 0, 0, 0, 0, 0, 0, 0, 0, 0, 0, 0, 0, 0, 0, 0, 0, 0, 0, 0, 0, 0, 0, 0, 0, 0, 0, 0, 0, 0, 0, 0, 0, 0, 0, 0, 0, 0, 0, 0, 0, 0, 0, 0, 0, 0, 0, 0, 0, 0, 0, 1, 1, 1, 1, 1, 1, 1, 1, 1, 1, 1, 1, 1, 1, 1, 1, 1, 1, 1, 1, 1, 1, 1, 1, 1, 1, 1, 1, 1, 1, 1, 1, 1, 1, 1, 1, 1, 1, 1, 1, 1, 1, 1, 1, 1, 1, 1, 1, 1, 1, 1, 1, 1, 1, 1, 1, 1, 1, 1, 1, 1, 1, 1, 1, 1, 1, 1, 1, 1, 1, 1, 1, 1, 1, 1, 1, 1, 1, 1, 1, 1, 1, 1, 1, 1, 1, 1, 1, 1, 1, 1, 1, 1, 1, 1, 1, 1, 1, 1, 1, 2, 2, 2, 2, 2, 2, 2, 2, 2, 2, 2, 2, 2, 2, 2, 2, 2, 2, 2, 2, 2, 2, 2, 2, 2, 2, 2, 2, 2, 2, 2, 2, 2, 2, 2, 2, 2, 2, 2, 2, 2, 2, 2, 2, 2, 2, 2, 2, 2, 2, 2, 2, 2, 2, 2, 2, 2, 2, 2, 2, 2, 2, 2, 2, 2, 2, 2, 2, 2, 2, 2, 2, 2, 2, 2, 2, 2, 2, 2, 2, 2, 2, 2, 2, 2, 2, 2, 2, 2, 2, 2, 2, 2, 2, 2, 2, 2, 2, 2, 2, 3, 3, 3, 3, 3, 3, 3, 3, 3, 3, 3, 3, 3, 3, 3, 3, 3, 3, 3, 3, 3, 3, 3, 3, 3, 3, 3, 3, 3, 3, 3, 3, 3, 3, 3, 3, 3, 3, 3, 3, 3, 3, 3, 3, 3, 3, 3, 3, 3, 3, 3, 3, 3, 3, 3, 3, 3, 3, 3, 3, 3, 3, 3, 3, 3, 3, 3, 3, 3, 3, 3, 3, 3, 3, 3, 3, 3, 3, 3, 3, 3, 3, 3, 3, 3, 3, 3, 3, 3, 3, 3, 3, 3, 3, 3, 3, 3, 3, 3, 3, 4, 4, 4, 4, 4, 4, 4, 4, 4, 4, 4, 4, 4, 4, 4, 4, 4, 4, 4, 4, 4, 4, 4, 4, 4, 4, 4, 4, 4, 4, 4, 4, 4, 4, 4, 4, 4, 4, 4, 4, 4, 4, 4, 4, 4, 4, 4, 4, 4, 4, 4, 4, 4, 4, 4, 4, 4, 4, 4, 4, 4, 4, 4, 4, 4, 4, 4, 4, 4, 4, 4, 4, 4, 4, 4, 4, 4, 4, 4, 4, 4, 4, 4, 4, 4, 4, 4, 4, 4, 4, 4, 4, 4, 4, 4, 4, 4, 4, 4, 4]