#/home/brian/Documents/summer17/Python/VEC/scripts/make_SBM_graphs.py
# GMT Thu Jul 27 21:52:03 2017
# 
0 966 231 846 728 243 504 607
1 578 293 487 400 882 921 155 765
2 770 405 703
3 35 871 298 525 90 348 286
4 386 675 709 136 779 207 152 933
5 424 970 109 78 757 248 985 91
6 512 933 518 585 365 494 816 211 478
7 928 394 875 722 506 29 639
8 211 13 318 279
9 196 645 971 176 499 854 154 763 639
10 288 358 892 716 537 604
11 713 515 427 310 113
12 776 784 596 215 660 570 315 287
13 832 772 587 402 406 792 766
14 553 365 774 767
15 134 840 461 574 25 31 414 735
16 777 205 566 727 920 957
17 416 513 176 917 604 349 661
18 217 946 971 380 634
19 576 161 773 737 112 972 720 337
20 152 25 541 575
21 128 681 898 728 98
22 161 69 108 438 376 987 381
23 358 328 490 43 143 152 431 92
24 452 229 200 264 914 563 282
25 592 966 652 525 846 528 118 826
26 868 61 78 775
27 880 105 134 646 45
28 770 753 464 696 920 405 632
29 738 803 202 450 590 250 252 477 510
30 130 293 839 930 817 114 598
31 290 782 274 533 502 695 59
32 170 379 470
33 576 580 364 943 529 601 889 186
34 523 233 682 75 688 734 159
35 38 583 936 585 779 175 722
36 71 219 524 133 983
37 736 529 834 963 819
38 994 454 361 140 270 49 818 117 222 63
39 98 457 75 526 976 338 150 479 61 383
40 844 784 466 244 277 56
41 264 904 730 382
42 379 230 364 426 716 591 823 952 335 957
43 873 173 911 433 118 151 57
44 634 715 475
45 355 324 457 561 818 916 53 824 93
46 322 547 903 840 666 478 511
47 299 714 427 786 854 798
48 244 391 939 589 943 500 313 187 830 127
49 219 165 121 442 795
50 480 961 802 422 524 110 307 639
51 394 107 135 839
52 994 583 136 106 359 76 653 181 985 633
53 389 873 685 463 662
54 160 708 199 207 339 565 927
55 938 579 578 574 934
56 962 941 848 634 892
57 264 364 486 959
58 726
59 713 399 313 475 415
60 292 998 950 279 955 412
61 486 775 445 692 570
62 355 677 970 139 527 208 565 630 399
63 999 783 466 244 629 662 604
64 608 843 396 398 623 529 270 828 917
65 194 235 871
66 640 416 458 763 670
67 706 807 847 244 346 187
68 547 230 142 409 442 667
69 896 834 323 893 95
70 512 104 826 901
71 832 328 751 239
72 104 558 211 758 472 636 383
73 860 633 420 997 167
74 100 932 621 271 599 281 894
75 129 643 678 550 486 494 304 803 249
76 604 678
77 528 561 461 933
78 129 130 260 966 359 234 335 441 997
79 706 583 328 551 747 141 434 662 440
80 389 561 437 88 700 765
81 884 462
82 994 674 286
83 419 807 663 685 473 761
84 321 744 490 590 914 563 220
85 497 650 389
86 480 550 104 942 593 158
87 872 177 663
88 481 451 970 910 463 195 504 988
89 198 616 557 589 881 854 184 410 794 94
90 148 188 494
91 704 674 486 199 359 687 318
92 128 281 591 361
93 420 113 106 209 406
94 384 95 942 919
95 608 450 839 616 458 720 350 469 502 951
96 386 323 612 230 232 331 333 562 947 184
97 265 698 786 713
98 512 129 649 112 977 349
99 899 196 485 851 949 664 606
100 897 390 174 752 436 366 342
101 548 903 493 142 919 729 508 350 415
102 834 548 988 299 973 297 476
103 294 650 781 558 111 624 122 668 925
104 194 483 106 619 258 527 630 599
105 465 913 405 663 661
106 868 390 199 461 622 968 565 276
107 256 133 142 980 277 502 340 414 319
108 161 550 961 903 498 564 311 863
109 704 579 366 381 305 442 667 157
110 300 348 206
111 804 582 879 179 501 164
112 491 986 573 319
113 387 807 426 396 847 570 827
114 736 865 971 555 142 367 724 916 186
115 201 262 485 126
116 450 806 998 298 908 514 718 432 138 953 378 476 605
117 771 165 527 611 216
118 706 451 860 650 345 444 714 703
119 128 132 434 756 603 860
120 838 680 203 655 181 218 124 954
121 512 940 820 821 728
122 600 178 636
123 385 613 398
124 962 521 590 784 297
125 226 424 301 269 208 852 853 216
126 811 197 617 619 425
127 539 317
128 709 678 648 530 858
129 480 321 291 868 775 906 738 853 699
130 641 740 971 878 950
131 776
132 456 328 826 895
133 768 840 459 466 653 178 406 151
134 781 856 251 541 255
135 256 739 521 556 370 722 531 596 886 217 891 754 191
136 354 235 812 397 429 452 604
137 712 381 464 948 153 986 957 638
138 487 586 171 627 852 763
139 856 816 543
140 968 172 909 276 923 285 158
141 832 424 938 652 281 282 797
142 224 993 230 777 906 169 346
143 482 812 885
144 515 712 657 821 600 252 671
145 561 898 530 438 383
146 984 625 309 174 853
147 969 466 907 182 731
148 451 826 997
149 679 394 396 237 302 333 854 476
150 706 535 454
151 706 934 455 489 365 911 818 758 797
152 768 674 523 550 363 975 434
153 168 312 293 767
154 360 876
155 264 218 657 719
156 538 676 166 878 426
157 954 431 463
158 609 970 528 690 411
159 422 425 786 911 338 216 927
160 896 194 532 533 345 315
161 852 857 825 188 413
162 279 741 459 583
163 674 483 326 968 713 972 909 368
164 903 872 980 346 954 510
165 933 988 811 596 565 828
166 732 883 697 903
167 544 719 338 982 700 189
168 321 940 238 815 817 306 595 691 950 539
169 515
170 807 360 491 663 695 786 180 247 184 602
171 672 387 331 531 441 862
172 712 770 963 951
173 898
174 466 216 884 248 692
175 256 769 482 259 193 321 746 972 526 882 508 509
176 803 365 718 333 531 502 410
177 960 803 613 969 458 719 869 515 468 469 250 447
178 771 840 783 275 952 828
179 489 522 332 366 534
180 313 748 986 734
181 225 497 499 405 310
182 553 362 331 364 564 266
183 730 930 988 541 429
184 352 199 201 657 245
185 792 385 485 702 368
186 834 965 491 290 695 187 252 767
187 736 865 731 967 267 492 955
188 451 829 472 925
189 771 452 997 390 583 486 300 879 433 219 348
190 449 902 648 302 474 284 926
191 870 626 207 434 637
192 448 321 493 285 661
193 634 815
194 289 425 941 889 895
195 642 328 904 466 316
196 224 330 336 370 508
197 675 874 816 821 507
198 416 483 899 503 346
199 534 940 466 560 434 371 949 375 248
200 705 355 456 652 880 215
201 928 576 291 519 913 887 443 732
202 391
203 321 780 748 861 669
204 833
205 857 299 365
206 484 756 248 442 541 510
207 422 393 811 856
208 549 752 465 244 726
209 706 614 328 781 471 889 575
210 376 554 594 838
211 609 326 873 461 594 821
212 737 683 366 784 819 310 634
213 681 223 462 473
214 641 421 586 852 793 346 773
215 928 417 650 811 904 914 915 234 347 828 669
216 681 402 669
217 929 657 276 696 510
218 864 701 773
219 577 966 653 301 914 437 342 420
220 577 995 646 825 889 472 276
221 327 670 703
222 369 905
223 419 563 372 655
224 833 385 876 519 396 849 789
225 568 321 580 894
226 768 932 229 363 336 403 916 565 724
227 354 236 550 630 557
228 976 561 805 726 263
229 802 717 976 879
230 514 875 268 399 241 308 894
231 322 868 713 428 527
232 500 780 942
233 280 762 461 991
234 392 335 406 479
235 480 941 366 879 456 335
236 320 264 751 547 248 541 926
237 739 470 296 973 878 502 924
238 336 880 628 775
239 422 614 263 653 949 534
240 835 516 808 554 275 760 891 284
241 380 732 374
242 868 636 783
243 483 677 328 438 293
244 710 725 598
245 960 257 899 645 713 618 946 918 663 573
246 616 850 731 378 462
247 957 734
248 608 782 752 741 901 799
249 512 549
250 935 464 594 542 792 350 981
251 452 551 270 914 692 280 858
252 774 974 469 473
253 465 298 499 378 638
254 379 872 844 943 721 823 827
255 538 459
256 673 715 374
257 480 657 938 728 436 504 285
258 816 677
259 320 291 555 301 335 530 348
260 289 549 582 801 486 783 592 574
261 874 270 276 633 604 669
262 829 311
263 776 330 363 989 534 988 509
264 783
265 631
266 913 951 598 303
267 672 334 943 951 412 862
268 576 930 485 621 793 893
269 771 871 332 300 527 816 826 572 766 575
270 326 305 728 511
271 572 306 911
272 898 844 399 784 469 665 443 670
273 969 587 307
274 709 838 458 918 855
275 483 294 812 434 629 921
276 828 494 431 376 530 617 504
277 587 391 562 360 850 323 469
278 684 405 998 837
279 359 335 915 726
280 704 418 591 401 439
281 704 816 730 314
282 418 869 541 799
283 866 454 811 940 941 749 658 478
284 865 996 743 972 981 857
285 909 713
286 288 326 999 338 483 628 506 927 735
287 304 370 308 663 986 827 477
288 905 589 511
289 347 451
290
291 709 915 628 692 414
292 592 804
293 681 312
294 705 643 781 766
295 760 386 590 558 613
296 680 729
297 626 569 473 763 956
298 391
299 742 841 313 634
300 417 644 455 330
301 853 343 347
302 690 399
303 647 779 531 471 857 539
304 642 778 621 885
305 633 451
306 905 821
307 512 995 390 982
308 599 598 311 857 477
309 642 425 592 728 665 730
310 449 395 815 822 855 536
311 939 374 317
312 701 711 394 556 655 821 313 477 377
313 673 635 710 961 780 589 497 917 503 605
314 444 860
315 482 837 759 507
316 322 681 337 530 339
317 631 876 954 383 894
318 453 574
319 416 807 328 519 559 979 407 441 862 863
320 936 920 756 856 572
321 419 612 325 364 657 384 405 663 412
322 802 675 688 375 856
323 835 741 394 333 656 851 857 476
324 817 962 655
325 867 532 737
326 636 461 496 885 700
327 624 573 399
328 749 440
329 475 838 502 767
330 449 429 366 369 379 799
331 718 596 639
332 484 617 335 439 348 541
333 960 792
334 835 508 405 718
335 354 646 457 479 411 799
336 741 390 924 790 668 677
337 618 837 341
338 866 359 709 966 534 856
339 347 437 583
340 685 867 460 493 877 948 763 957
341 961 836 385 624 725 534
342 864 562 407
343 662 887
344 553 580 881
345 929 474 882
346 833 963 863
347 704 726 935 397 785 790 411
348 417 653 643 472
349 420 926
350 413 867
351 732 476 724 629
352 577 514 998 782 821
353 555 493
354 393 456 451 853 982
355 643 548 518 690 604
356 497 730 507 492 570
357 768 453 454 744 688 825
358 708 934 821 699
359 804 970
360 546 489 623 760 377 863
361 552 565 438 383
362 913 555 647 919
363 512 867 807
364 515 399 595 948 535 852
365 808 777 554 395 589 817 787 725 693
366 931 935 936
367 864 386 645 819 787
368 906 784 598 986 891
369 614 463 409 922 699 637 799
370 640 908 954
371 934 489 494 890 989 414
372 568 460 876
373 774 714 973 497 542 990
374 973 624 850 661
375 544 452 968 886 420 923 700
376 502 398 400 825 732
377 898 906 738 942 718 822 412 734
378 515 618 788 596 919 660
379 672 908 718 405 538
380 965 657
381 908 876 500 953 954
382 397 628 885 666 410 926
383 599 620 776 560 818 853 649
384 963 612 491 494 822 740 892
385 715 594 566 473
386 730 638
387 960 522 696 862
388 554 507
389 642 452 617 620 781 692 404 633 479
390 551 425 821
391 576 737 787 464 854 664 764 958 415
392 603 622
393 517 560 818 856 890 860
394 416 532 729 963
395 837 464 657 436 986
396 903 716 506
397 964 687 976 561
398 947 815
399 647 543
400 972 702 616
401 628 429 581
402 666 549
403 644 901 459 940 982
404
405 559
406 811 478
407 424 625 652
408 738 903 685 559 817 979
409 483 938 813 749 687 671 479
410 713 972 598 893
411 752
412 892 881
413 761
414 776 843 783 922
415 833 810 660 501 733
416 705 613 523 498 854
417 705 643
418 625 677 591
419 939 815 542
420 811 909 937 856 825
421 896 962 701 595 445 830
422 775 588
423 734 770 613 902
424 547 976 991
425 558 593 703
426 520 745 876 947 542
427 576 641 962 838 918
428 799 927 582 614
429 762
430 609 866 643 775 552 983 824 442
431 870
432
433 558 957 880 666
434 560 813 976 668
435 930
436 616
437 818 709
438 744 782 687
439 449 771 581 632 945 677
440 523 494 689 755 988
441 738 814 548 654 655 724 536
442 459 972 662 633
443 965 786 887 446
444 721 927
445 980 469 932
446 532 660
447 928 481 720 691 668
448 769 450 992 519 680 605
449 854 623 573
450 768 836 615 957 694 660 571 606
451 874 574
452 931 541 885 453
453 994 476 837
454 707 747 483 535
455 690
456 658
457 802 937 799
458 960 657 465
459 936 584 968 472 669 574
460 865 738 722 990 891 958
461 871 711 591 970
462 809 754 920 729
463 772 669
464 743 656
465 784 618 861 468 542
466 646 687 709 910
467 832 658 828 653
468 869 680 777 665 638
469 576 641 739 649 564 830
470 474
471 723 709 735
472 932 509
473 691 491 659 632
474
475 962 657 809
476 851 920 763
477 961 522 875 814 664 984
478 678 563 828
479 512 858
480 689
481 775 847 600 530
482 815 962 664 761
483 557 675 723 603
484 579 486 504 730 700
485 640 857 743 665 686 943 712 727 602
486 512 587 779 711 675 953 735
487
488 787 566 919
489 642 840 496
490 699 621
491 552 817 503
492 610 965 981 794 956 639
493 947
494 578 868 840 622 949
495 624 513 947
496 591 604 775
497 770 710 969 716 913 732 533
498 499 979 701 798
499 554 823 697
500 899 806 529 920 538
501 922 678
502 960 536 954 764
503 736 817
504 889 667
505 978 707 868 938
506 951 538 634
507 928 863 903 586 971 693 759 917
508 513 840 956 869
509 853
510 655 917
511 994 871 636
512 843
513 548 907 594 571 767
514
515 753 533
516 801 642 773 975
517 690 653 550
518 785
519 972 851 950 573
520 640 993 747 875 590 981
521
522 809 523 684
523 873
524 642 563 564 700
525 636 687 703
526 769 833 748 848
527 768 648 535 730 885
528 563 988
529 872 721 887
530 783 579
531 769 581 745 786 886
532 967 626
533 851 918 631
534 994 869 614 622 894 799
535 797
536 990
537 904 681
538 948
539 992 679 973 956
540 624 684 692 893 710
541 915 703
542 769 612 884 566
543 872 609
544 933 699 622
545 842
546 961 794
547 649
548 845
549 866
550 675 620
551 802 970 909 885 985 859 604
552 889
553 878
554 998 782 974
555 788 981 988
556 957
557 609 970
558 658 666 574
559 613
560 901 668
561 592 813 923
562 738 809 760 731
563 766
564 836 869 606
565 932 966 662 989
566 963 965 655 946 573 958
567 648 791
568 625 676 598
569 616
570 672 869 634
571 736 740 770 598
572 751 662 921 922 797
573 584
574 933 911
575 870 583 816
576 962 618 943
577
578
579 932 999 591 662
580 833 712 752
581 692 949 755
582 996 597 889
583 593
584 854 919
585 846
586 763 854 729 956
587 975 592 783
588 609 797 717 975
589 769 727 948 664 862
590 737 872 855 664 891
591 936 916
592 678 952 826 797
593 741 652 976
594 710 974 957 821 641 947
595
596 810 876 718
597 728 921 966 927
598 635 855
599 843 680
600 866 889 826
601 769 722 951 729 892 957
602 842 838
603 905 934
604 902 781 658
605 738 887
606 676 673
607 681 907 728 633 699
608 709 991
609 614 720
610 956 789
611
612 720 767
613 670
614 806 689
615
616 631 817 855 819
617 652 795
618 780 939 716 947 695 861
619 859 662
620 647 653 813 726
621 768 973 690 756
622 653 885 699 861
623 986 981
624 674 810 921 986 763
625 853 728 668
626 736 864 974 631
627 837
628
629 867 902 711 755 659
630 909
631 696
632
633
634 960 655 958
635 918 727
636 933 746 779 846 685 726
637
638 719 948 796
639 928 830 767
640
641 875 871 899 819 831
642 839 947 927
643 704 708 968 812 751
644 873 895
645 654 692 760
646 802 936 828 735
647 712
648 983 653
649
650 901
651 875 973
652 995 868
653 795 716 690 959 926
654
655 967 695
656 980 908 787
657 684 847 886
658 901
659 843 771 755
660 835 844 694 969
661 710 810
662 741
663 676
664 967 951 920
665 673 738 835
666 999 970 682
667 776
668
669 744 909 914 911
670 833 746 686 794
671 919 837 889
672 929 845 722
673 836 774
674 968
675 877 772 891
676 998 727 698 891 767
677 873 940 826
678 840
679 882 802 836
680 764
681 959 925
682 801 813 997
683
684
685 872 907 845 731
686 800 827 757
687 747 785 959
688 689 726 730
689 707 760 690 890
690 977 873 762
691 918 734
692 997
693 972 979 965
694 833 836 810 787
695 713 843 944
696 817
697 900 875 908 764
698 810 722
699 993 945 813 856 860
700 873
701 835 933 842 845 718 899 731
702 969 947 798 760 954 763 958
703 796
704 811 884
705 813 828
706 870 776 987
707 735 821
708 936 717 818
709 741 996
710 879 784
711
712 714
713 899 919
714 986 990
715 882 809
716
717 985
718 930
719 835
720 948 727 954
721
722 815
723 812
724 892
725 900 869
726 901 762
727 908 869
728 859 999
729 775 850
730 963 775 779 825
731 750 767
732 800 963 774 845 954
733 850
734 899 861 803
735 813 870 762
736 748
737 899 875 886
738
739 743
740 841 958 831
741 816 902 970
742 876
743
744 754
745 792
746 787
747 978 895
748 782
749 853 833
750 896
751 775 781 755 795
752
753 900
754 836
755 960 842 843 820
756 758
757 846
758
759 819 762 986 862
760
761 769 883 792
762 997
763 967 847 954
764 943
765 922
766 931 811 826
767 948 892
768 771 772 870
769 777 908 881
770 967
771
772 824
773
774 892 951
775 968
776
777 863
778
779 904 955
780 838 919
781 866 825 879
782 950 876 857
783 795 927
784 996 942
785
786 944
787
788 808 851
789 948
790 791
791 859
792 966 903 973
793 970 805
794 854
795
796 998
797 812 983 985
798 807
799 936 910 873
800
801 924
802 936 976
803 847 917 981
804 884 910
805 933
806 946
807 887
808 920 863
809 908 979
810 980
811
812 952 858
813 935 846 860
814 954 847
815 950 958
816 888
817 941 851
818
819
820
821 868
822 827
823
824
825 898 826
826 926
827 844
828 905 879
829
830 865
831
832 987 956
833 894
834 882 857 894
835 875
836 928 924
837 845
838 869
839 906
840
841 917
842 928
843 995
844
845
846 932
847
848 923
849
850
851 979
852
853
854 981
855 958
856 898 975
857 928
858 921
859 904
860 915 921
861
862 900
863
864 886
865
866
867 899 957
868
869 882 955
870 922
871
872
873 999 914 952 932
874
875 882 979
876 924
877
878 938
879 923
880 995
881 956
882
883
884
885 932 959
886
887 961
888 945 970
889 932
890 934
891 955
892 896
893
894
895
896
897
898
899 963
900
901 932
902
903 960 912
904
905
906 961
907 919
908 990
909 935 932
910 937 923
911 925 989 917
912
913
914 923
915
916 957
917
918 992
919
920 958
921
922 977
923 932
924
925 964
926
927 941
928
929
930 961 957
931
932
933
934
935
936
937 978
938
939
940
941
942
943 951
944
945
946 967
947
948
949
950
951 973
952
953 979
954 997
955
956
957 964
958 989
959
960
961
962
963
964
965
966
967
968
969
970
971
972 976
973 980
974
975
976
977
978 991
979
980
981
982
983 988
984
985
986
987
988
989
990
991
992 996
993
994 997
995
996
997
998
999
[0, 1, 1, 0, 0, 0, 0, 1, 0, 1, 0, 1, 1, 0, 1, 0, 1, 1, 1, 1, 0, 0, 1, 0, 0, 0, 0, 0, 1, 1, 1, 1, 1, 1, 0, 0, 0, 1, 0, 0, 1, 0, 1, 0, 1, 0, 0, 1, 1, 0, 0, 1, 0, 0, 0, 0, 1, 0, 0, 1, 1, 0, 0, 0, 1, 0, 1, 1, 0, 1, 0, 0, 0, 0, 0, 0, 0, 0, 0, 0, 0, 0, 0, 1, 0, 0, 0, 1, 0, 1, 0, 0, 0, 0, 1, 1, 1, 1, 0, 1, 0, 1, 1, 0, 0, 1, 0, 1, 1, 0, 0, 0, 1, 1, 1, 1, 1, 0, 0, 0, 1, 0, 0, 1, 1, 0, 0, 1, 0, 0, 1, 0, 0, 0, 0, 1, 0, 1, 1, 0, 0, 0, 1, 0, 1, 0, 0, 1, 0, 1, 0, 0, 0, 1, 1, 1, 1, 0, 0, 0, 1, 1, 0, 0, 1, 0, 1, 0, 1, 1, 1, 1, 1, 0, 0, 1, 1, 1, 0, 0, 1, 1, 1, 0, 1, 1, 1, 1, 0, 0, 1, 0, 1, 1, 0, 0, 1, 0, 1, 0, 0, 1, 1, 1, 1, 1, 0, 0, 0, 0, 1, 0, 1, 1, 1, 0, 0, 1, 1, 0, 0, 1, 0, 1, 1, 1, 0, 0, 0, 0, 1, 0, 1, 0, 0, 0, 0, 1, 0, 0, 1, 1, 0, 0, 1, 1, 1, 1, 0, 0, 1, 0, 1, 1, 1, 0, 1, 0, 0, 0, 0, 0, 1, 0, 0, 1, 1, 1, 1, 0, 0, 0, 1, 1, 1, 0, 0, 1, 1, 0, 0, 0, 0, 0, 1, 0, 0, 1, 0, 0, 1, 0, 0, 1, 0, 1, 1, 1, 1, 1, 0, 0, 1, 1, 0, 0, 0, 0, 1, 0, 1, 1, 1, 1, 0, 1, 0, 1, 0, 1, 0, 1, 0, 1, 1, 1, 0, 1, 0, 1, 0, 1, 0, 1, 1, 0, 0, 1, 0, 0, 1, 1, 0, 0, 1, 1, 1, 0, 0, 0, 1, 1, 1, 1, 0, 0, 1, 0, 0, 0, 1, 0, 1, 0, 1, 1, 0, 1, 1, 0, 1, 0, 1, 1, 1, 0, 1, 1, 1, 1, 1, 1, 0, 0, 1, 1, 1, 1, 1, 0, 0, 1, 0, 0, 1, 1, 1, 0, 1, 1, 1, 0, 0, 0, 0, 1, 0, 0, 1, 0, 1, 0, 1, 1, 0, 1, 1, 0, 0, 1, 0, 1, 0, 1, 0, 0, 1, 1, 0, 0, 0, 0, 1, 0, 0, 1, 1, 0, 0, 0, 0, 1, 0, 1, 0, 1, 1, 1, 1, 1, 1, 0, 0, 0, 0, 0, 0, 0, 1, 0, 1, 0, 1, 0, 1, 1, 0, 0, 1, 1, 1, 0, 0, 1, 1, 1, 1, 1, 0, 0, 0, 0, 1, 0, 0, 1, 0, 1, 1, 0, 0, 1, 1, 1, 0, 1, 0, 1, 1, 1, 1, 0, 1, 1, 0, 0, 1, 1, 1, 0, 1, 0, 0, 1, 1, 1, 1, 0, 0, 1, 1, 1, 1, 0, 0, 0, 1, 0, 0, 1, 0, 1, 1, 1, 0, 0, 1, 0, 1, 1, 1, 0, 1, 1, 0, 1, 1, 0, 1, 0, 0, 0, 0, 1, 1, 1, 1, 0, 0, 1, 0, 0, 1, 0, 1, 0, 1, 0, 1, 1, 1, 1, 0, 1, 0, 0, 1, 0, 0, 0, 1, 0, 0, 0, 1, 0, 1, 0, 0, 1, 1, 0, 0, 0, 1, 1, 1, 0, 1, 0, 0, 1, 1, 0, 0, 1, 1, 0, 0, 0, 1, 0, 1, 1, 0, 1, 1, 0, 1, 0, 0, 0, 0, 1, 1, 0, 1, 1, 0, 0, 0, 1, 1, 0, 1, 1, 0, 0, 1, 1, 1, 1, 0, 0, 0, 1, 0, 1, 0, 0, 0, 1, 0, 0, 1, 1, 1, 1, 0, 0, 1, 1, 0, 1, 1, 1, 0, 0, 0, 0, 1, 1, 1, 1, 0, 0, 1, 0, 0, 1, 1, 0, 0, 1, 1, 1, 1, 0, 0, 0, 0, 1, 0, 1, 1, 1, 1, 1, 1, 0, 0, 1, 1, 0, 0, 0, 0, 0, 0, 0, 1, 0, 1, 1, 1, 1, 1, 0, 1, 1, 1, 1, 1, 0, 1, 1, 0, 1, 0, 1, 0, 1, 1, 1, 1, 0, 1, 1, 1, 1, 1, 0, 1, 1, 0, 1, 1, 0, 1, 0, 1, 0, 0, 1, 1, 0, 0, 0, 0, 1, 1, 1, 0, 1, 1, 0, 0, 1, 0, 1, 1, 0, 0, 1, 1, 0, 0, 1, 0, 0, 1, 0, 1, 0, 1, 0, 1, 1, 1, 1, 0, 0, 1, 1, 1, 0, 1, 0, 1, 0, 1, 1, 0, 1, 0, 0, 1, 1, 1, 1, 1, 0, 0, 0, 1, 1, 0, 1, 0, 1, 0, 0, 1, 1, 0, 0, 0, 1, 0, 0, 1, 1, 0, 1, 1, 1, 1, 1, 1, 1, 0, 1, 1, 0, 1, 1, 0, 1, 1, 1, 1, 1, 1, 0, 1, 1, 0, 1, 0, 0, 0, 1, 1, 1, 1, 1, 0, 1, 0, 1, 0, 0, 1, 0, 0, 1, 1, 1, 1, 0, 0, 1, 1, 1, 0, 0, 1, 1, 0, 0, 0, 1, 1, 1, 1, 0, 1, 0, 0, 1, 1, 0, 0, 1, 0, 0, 1, 1, 1, 0, 0, 0, 1, 1, 0, 0, 0, 1, 1, 1, 1, 0, 0, 0, 1, 0, 0, 0, 1, 1, 1, 0, 0, 0, 0, 0, 0, 0, 0, 1, 0, 0, 1, 1, 1, 0, 1, 1, 1, 0, 1, 1, 0, 1, 1, 1, 1, 1, 1, 0, 1, 1, 1, 1, 0, 1, 0, 1, 0, 1, 0, 1, 1, 1, 1, 0, 0, 0, 0, 1, 1, 1, 0, 0, 0, 0, 1, 0, 0, 0, 1, 0, 1, 1, 0, 0, 1, 0, 1, 0]