#/home/brian/Documents/summer17/Python/VEC/scripts/make_SBM_graphs.py
# GMT Thu Jul 27 21:52:00 2017
# 
0 164 834 500 886
1 899 745 14 336 625 762 286
2 834 382 183
3 355 708 877 499 724 597 56 509 350 341
4 498 387 946
5 804 950 395 276 918 980 797 62
6 543 125 605 799
7 576 529 486
8 339 212 898 676 516
9 732 797 374 142
10 48 814
11 111 788 375 733 894 287
12 551 233 244 92 381 31
13 970 238
14 514 709 106 716 863
15 411 748 465 850 916 631 891 284 125
16 369 762 76
17 354 38 232 268 945 830
18 90 955 230
19 529 194 221 406
20 176 619 468 581
21 344 443 243 931 165
22 128 674 356 464 210 630 831
23 290 868 293
24 928 930 996 709 146 341 919
25 604 52 277
26 458 164 271
27 325
28 673 524 722 469 535 280
29 738 371 951 479
30 850 590 496 114 469 797
31 226 611 710 169 789 726 287
32 610 744 651 461 656 947 635
33 400 519 428 494 80 85 221
34 409 561 426 37 697
35 736 347 342 493 374
36 67 398 81 243 110 314
37 130 707 420 391 206 250 191
38 581 423 78 441 56 409
39 901 269 591
40 858 923 653 542 887
41 772 821 462 671
42 424 313 587 686
43 416 143 460 806 711
44 456 440 293 974 229
45 609 273 618 689 788 757 86 884 250 796 479
46 801 386 163 97 812 435
47 649 443 159
48 201 562 786 138 62 159
49 776 545 442 656 933
50 474 386 811 69 877
51 737 386 97 365 367 509 127
52 291 540
53 837 461 144 817 62 478 639
54 315 372 774
55 464 572 293 366
56 648 175 547 883 921 698 211
57 80 393 539 556
58 372 786 263 620 231
59 588 876
60 577 668 255
61 312 568 179 131 165
62 776 810 275 918 344 537 539 182 101
63 833 995 164 481 650 919 190
64 967
65 848 427 220
66 353 679 616 713 114 315
67 228 653 973 80 115 696 548 157
68 102 935 275 139 524 815 883 345 189 94
69 136 778 739 436
70 144 89 818 748 119
71 554 238 263
72 867 809 108 528 850 460
73 352 877 334 671
74 393 459 85 473
75 369 994 819 413 529
76 640 704 226 741 678 457 908 560 317 382 780
77 264 345 507 829
78 318 277 741
79 499 421 390
80 117 182
81 243 750 527
82 656 625 983
83 804 231 270 399 304 790 539 988
84 482 162 570 591
85 197 166 939 597 694 665 293 671
86 763 356 391 788 702 887 952 602 827 474 254
87 753 826 663
88 640 632 106 493 910
89 249 574 501
90 792
91 729 442 219 962 263
92 320 178 175 690 309 479
93 808 523 780 301 783 369 374 858 989
94 576 521 435 249 125
95 607 204 143 359
96 857 979 597 142
97 448 803 486 154
98 227 420 973 207 568 829 158
99 354 975 337 244 661 505 986 943
100 736 320 581 807 975 481 340
101 836 668 212 733
102 544 776 201 491 661 312 444
103 856 435 517 415
104 793
105 802 404 998 687
106 672 582 657 914 883 117 701
107 935 488 937 590 969 489 923
108 610 900 750 339 509
109 640 544 936 652 530 884 798 440 414
110 321 996 837 455 616 346
111 112 248 198
112 690 148 181 762 378
113 954
114 482 174 737
115 706 902 842 693 670
116 516 551 264 783 752 699 830
117 530 851 698 283 234
118 728 937 383 204 439
119 778 999
120 544 147 652 975
121 764 397 829
122 808 251 316 445
123 384 985 473 749 281
124 520 544 234 940
125 386 295 297 305 497 307 469 447 444 927
126 868 261 582 527 155 671
127 946 970 215
128 758 317
129 585 300 886
130 656 920 922 900
131 901 447 923 935
132 544 705 356 178 629 762 670 341
133 868 625 277 950 218 251 317
134 195 745 909 277 988 735
135
136 198 780 973 408 178 344 216 926
137 608 816 290 400 185 988
138 937 715 564 329 472 380
139 540 530 427
140 905 820
141 544 322 771 625 402 409 474
142 922
143 835 806 237 631 958
144 866 518 947 663 667 541 703
145 161 738 966 300 341 990
146 321 259 614 310 985
147 995 612 869 749 210
148 833 807 969 788 218 507 476 479
149 171 389 174 637
150 449 354 681 565 700 862
151 224 544 811 657 562 755 861 222
152 832 769 738 708 614 686 186 702
153 312 577 579 815
154 913
155 392 428 975 921 762 223
156 352 730 805 310 639
157 209 957
158 704 560
159 451 913 779 298 199 460 814 433 466 819 280 954 443 714 510
160 368 594 763 629
161 544 919
162 943 903 910 879 277 246 985 984 601 239
163 425 545
164 738 580 646 394 757 342
165 776 813 188
166 818 525 999
167 744 306
168 290 645 391 526 919 187
169 920 580 325
170 392 738
171 395 598
172 520 587 395 388 222
173 305 699 332 693
174 292 776 939 968 991
175 964
176 520 441 411 965
177 993 324 358 360 341 667
178 682 494 271 625
179 899 710 393 653 473 699
180 889 381 854 373
181 969 884
182 672 961 611 423 369 667
183 563 503 294 567
184 705 883 260 357
185 411 966
186 425 467 403 532 538 860
187 738 327 559 432 853 214 985
188 431 626 852 886 856
189 761 959 527
190 741 493 829 950
191 868 232 585 426 695 211 659 951
192 865 546 648 392 493 561
193 578 998 552 235 269 435
194 890 651 580 410
195 455
196 216 473 738 829 229
197 384 618 331 921 894
198 499 484
199 466 613 338 406
200 473 597 719
201 448 545 323 516 375 595 439
202 513 748 560 819 631 573
203 384 520 778 331 532 458
204 241 307 564
205 489 590 305 761 345 538 604
206 904 969 595 372 348
207 608 707 653 654 450 701
208 220 317 646 391
209 393 634 475 756
210 232 933
211 965 870 648 617
212 553 875 812
213 349 334 607
214 480 352 226 621 910 335 369
215 616 992
216 432 820 581
217 993
218 689 789 248 636
219
220 743 555 918 284
221 421 385 360 743 944 798 287
222 617 242 286
223 741 982
224 545 631 230 775
225 705 874 938 713
226 480 688 536 564 760 445
227 928 519 369 533 825 413
228 908 732 846 286
229 960 264 828
230 480 802 688 925
231 537 948 274
232 330 245 924
233 683 419 493
234 358 636 682 428 745 922 650 638
235 288 359
236 472 644
237 978 266 731 661
238 260 901 905 492 754 403
239 709 811 846 882 886
240 754 518 719
241 705 837 556 976 913 859
242 481 721 712 585 401 341 411
243 488 348 405
244 472 846
245 707 617 819 788 441 858 603
246 803 706 686 975 796
247 931 644 559
248 585 494 445 602
249 969 939 333 434 606 792
250 480 652 432 657 663 638
251 736 618 870
252 640 620 748 471
253 717 630 575
254 545 515 577 656 855 729 314
255 801 644 485 754 948 991
256 466 394 333 687
257 602 551
258 994
259 392 468 789 414
260 937 586 908 338 496 562 443
261 640 868
262 488 408 546 746
263 680 688 840 503
264 612 301 336 468 823
265 296 753 596 719
266 680 353 957
267 496 904 626 844
268 676 582 882 854 671
269 291 774 999 490
270 513 797
271 441 647 663
272 433
273 556 716 321
274 552 967
275 284
276 996 488 779 564 952 345 666 379 314 581
277 803 806 419 963 791 569 541
278 433 874 562 801
279 778 499 791
280 288 577 482 715 430 664
281 730 556 634 693
282 423 907 332 718 989 816 829
283 977 310
284 795 778
285 578
286 978 989
287 872 782 504
288 612 367 434 446
289 729 386 455 881 863
290
291 996 812 719 722 630 461
292 416 448 835 878 532
293 672 712 347 989
294 677 552 329 365 862
295 588 399
296 770 303 913 786 659 991
297
298 896 417 705 983 637 446
299 988
300 808 362 463 536 953
301 530 629 829 959
302 393 450 903
303 554 433 946 377 668 446
304 672 937 666 834
305 398 853 890
306 509 746 503 933
307
308 849 482 478 486 727
309 561 594 317 622
310 392 685 956 639
311
312 408
313 424 675 450
314 848 417
315 491
316 667 319
317 828
318 682 375 895
319 458 614 975
320 992 871 788 634
321 363 685 412
322 480 993 566 966
323 792 991 430 849
324 381 602 796 829 511
325 608 930 612 371 724
326 771 327 552 682 684 808 982 920
327 704 582 583 807 462 944 470 536 762 700 959
328 352 401 419 708 685
329 905 750 753 882
330 693
331 397 401 565 765
332 488 708 966
333 680 555 983 344 379
334 729 540
335 681 542 845 410
336 899 961 375 440
337 609 456 652 623 424 917 533
338 577 563 823
339 680 897
340 956 595 845 358
341 678 582 845 917 374 986
342 397 845 945 643 950
343 772 783
344 422 719 346
345 673 579 837 486 891
346 815 433 723 828 510
347 672 481 811 366 755 590 709
348 931 564 947
349 775
350 741 438 655 787 374
351 497 850 970 914
352 385 419 732 499 787
353 561 484
354 771 493 494 505
355 402 939
356 993 636
357 902
358 689 530 700 798
359 663
360 907 693 887
361 482 772
362 825 423
363 484 820 445 990
364 744
365 801 750 756 723 826
366 393 693 707
367 814 753 530 730 540
368 485 503
369 963
370 491 455
371 865 684 944 375
372 516 582 651 435 408
373 907 749 845 807
374 964 934 730 939 526 566 858
375 571
376 776 831
377 836 486 935 906 727
378 384 828 957 977
379 498 627
380 754 998 967
381 706 529 511
382 846 819 822 888 922 445
383 483 489 810 876 532 757
384 402 855 954
385 423 682 857 510
386 491
387 852 434
388 714 946
389 929 770 779 790
390
391 961 770 611 617 859
392 658 858
393 577 965 617 475 414
394 744 955 981
395 610 817 978
396 904 552 962 676 484
397 769 481 938 523 716
398 803 848 406 740 570
399 482 683 719 535 925
400
401 635
402 526 888 505
403 742 586 496 826
404 416 971 461 433
405 754 695
406 812 528 728
407 761 813 633
408 941
409
410 920 476 788
411 514 708 532 510
412 424 529 788 437 638
413 768 779 886 508
414 464 944 477 671
415 976 562 522 949
416 952 738
417 737 949
418 546 587 532 858 878
419
420 803 678 752 658 606
421 611 572
422 641 772 501
423 617
424 960 869 429 558
425 817 433
426 473 817 995
427 971 996 777 527 722 607
428 782 507
429 441 615
430 587 651 727
431 897 834 584 841 938
432 694 707
433 737 444 958
434 932 714 491 793 856
435 960 876 847
436 787 846 694 829
437 640 580 944 595 852 951 507
438 710 615 520 650 839 720 762
439 587 483 772 677 810 491 708
440 450 902 879 762
441 752 819 760 445
442 881 809 722 892 637 478
443 687
444 466 540
445 710 556 824 660 572
446 515
447 863
448 844 750
449 792 748
450 901 781 760
451 713 783 772 909
452 928 523 699
453 895
454 496 642 620 901
455 586 498 591 923
456 961 708 650 868 924
457
458 995 557
459 850 811 860 703
460 841
461 485 904 525
462 706 965 966 780 830
463 632 602 494 951
464 734
465 769 882 732
466
467 984 843 525 799
468 768 944 950
469 641 748 719
470 881 995 820
471 689 495
472 918 983 534 503 927
473 650 531 764
474 672 551 882 916 943
475 771 685 911 565 732 541
476 768 689 614
477 681 507
478
479 960 993 739 888
480 710 943 721 568
481 960 611 712 689 985
482 932 590 883 723 573
483 543 545 996
484 653
485 486 991 703
486 874
487 656 598 655
488 742 999 854 831
489 737 898 873 556 496 818
490 937 891 743
491 905 878 880 600
492 705 642 994
493 865
494 673 617
495 705
496 563 916 855
497 599
498 613 744 784 600 927
499
500 968 584 848 881 841
501 794 521 593
502 618
503 898
504 648 915
505 736
506 539 627
507 768 755 629 890
508 738 972
509 962 574
510 808 720 560 830
511 551 554 597 730 571 542
512 644 694
513 785 689
514 838 682 972 943 796
515 525 775
516 773 522
517 656 637
518 836 929 843 948
519 548 582 682 625 755
520 833 643
521 918
522 881 590 598
523 609 869
524 869 840 727 984 733 766
525 621 826
526 716 694 888
527 775 688
528 598
529 784 671
530 782 977
531
532 976 856 607
533
534 537 618
535 835 999 968 592 822
536 963 871 921 602 572 730
537 642 742 633 604
538 961 866
539
540 801 776 628
541 770 844 780
542 895
543 814
544 950 954 605
545 715 756 873 763
546 552 784 665
547 672 787 902 832
548 868
549 953
550 880 713 978 595 867
551 710 889
552 873
553 674 868 904 877 846 858
554 747 971
555 761 948 742
556 580 788
557
558 908 566
559 811 930
560 956
561 643 745 654 921 698
562
563 607
564
565 960 845
566
567 579 916 590
568 869 651 653
569 838
570 626 814 918
571 920 667 671
572 970 787
573
574 998 651 625 786
575 888
576 983 806
577
578
579 676 744 996 831
580 707 645 647 940 782 917
581 674 803 650 717 632 659
582 787
583 736
584 984 848 797
585
586 967 987 990
587 613 649
588 812 978 844
589
590
591
592 667
593 793 873
594 980 910 623
595 916
596 626 633
597 609
598 748 853
599 628 783
600 849
601 944 908 861
602 608 966 618 954
603
604 937 664 733
605 992 972 686 756 890
606 899 940 626 764
607 998 695
608
609 640 907
610 772 748 852
611 623 697
612 619 884 979
613 962 931 748 626
614 873 939
615 721 989
616 947 765
617 936 829
618 707 619 945 854
619 944 980
620 897 904 878
621
622 769 936 690 854 857 828
623
624 872 673
625
626 996
627
628 796
629 710 767
630
631 998
632 702
633 874 774
634 667
635 652 965 917
636
637 714
638 657 755 982
639 721 693
640 899 681 829 917
641 680 849
642
643 652 659 856
644 849 852
645 825 758
646 726
647 968 700 908
648 708 817
649 867 651 696 664 729 699
650
651 886 905
652 808 690
653
654 657
655
656 812
657 992 833 827
658 675
659
660 968
661 679 775 668
662 992 982
663
664 864 898 849
665
666 783
667 709 764
668 826
669 964
670 832 755
671 814 857 986
672
673 687 946
674 720
675 944 693 816
676
677 991 862 918
678
679 826 884 823
680 797
681
682 853
683 729 916 942
684 882
685
686 726
687 862 799
688 705 932
689 974 718
690 752 707 972
691 728 826 714
692 946 891 981
693 972
694
695 751
696 816
697
698 707 944 985 700
699 854
700 872 945
701 964 702
702 908 980 990
703 904 814 886
704 793
705 773 918 855
706 716 858
707 835
708 896 846
709 989
710 983 859 796
711
712 992 899
713 716 723 733
714 841
715 837 776 913
716 842
717 830
718
719 835
720
721 954
722 812
723
724 957
725 868
726 954
727 860
728
729 779 971 822
730 899
731 907
732 859
733 841
734 749 934
735
736 752 816
737 933 850
738 816
739 801
740 958
741
742 901 831
743 820 773
744 893
745 980
746 864 780
747 937
748 968 809
749 948
750 820
751 808 820
752
753
754
755 759 825
756 875
757 887 923
758 768
759 769
760 830
761 952
762
763 878 887 920
764 915 951
765 788
766 856
767 892
768 842 915
769
770 867 996 967 860
771
772 864 916 862
773 855
774 860 991
775
776
777 867 999
778
779 946
780
781 846
782 890
783 999 968
784 995 997
785 857
786 825
787
788 851
789
790 794
791
792 811 880 883
793
794
795 873 949
796 861
797 929 978 946 878
798 908
799 932
800 872 966
801 962 998
802 955
803
804 851 853
805 908
806 977 918
807 890 989
808 828
809 998
810 946
811 993 965
812
813 892
814
815
816
817 935
818 844
819
820 949
821
822
823 883
824 945
825 972
826
827
828
829 830 868
830 963 859
831 996 873 937
832 939
833 887
834 847
835
836
837 873 976 892
838 839 907 871 893
839 986
840 903
841
842
843 987
844 900
845 954
846 877
847 855
848 947
849 896 917 855
850 929 880 968 891
851 908
852 900 860
853 939 943
854 959
855
856 966 998 987 893
857 858
858 934 966
859 908
860 984
861 865 974
862
863
864
865 936 954
866 880
867 943
868 869
869 921
870 928 944 979
871 884 943
872 934
873 971 905 954
874 997 983
875
876
877
878
879
880 898
881
882
883 904
884
885 992 893
886
887 943
888
889 959
890 980
891 932 923 958
892
893
894 980
895 953
896
897
898
899
900
901
902 985
903
904 997
905
906
907
908 992
909
910
911 926
912
913
914 934
915
916
917
918
919
920
921
922
923
924
925
926
927
928 995 980
929
930 961
931 987
932 953
933 978
934
935
936
937
938
939
940
941 993
942 971
943 945
944
945 993
946
947
948 970
949
950
951 986
952
953 974
954
955
956
957 961 985
958
959
960
961
962
963
964
965
966
967
968
969
970
971 996
972
973
974
975
976
977
978
979
980
981
982
983
984
985
986
987
988
989
990
991
992
993
994
995
996
997
998
999
[0, 1, 0, 1, 0, 0, 0, 0, 0, 1, 0, 1, 1, 0, 1, 0, 1, 1, 0, 1, 1, 0, 1, 1, 1, 0, 1, 0, 0, 1, 0, 1, 0, 1, 1, 1, 0, 1, 1, 0, 1, 1, 1, 0, 1, 1, 0, 0, 0, 0, 1, 0, 0, 0, 0, 1, 1, 1, 0, 0, 0, 0, 0, 1, 0, 0, 0, 1, 0, 1, 0, 0, 0, 1, 1, 1, 1, 1, 1, 1, 1, 0, 0, 0, 0, 1, 1, 0, 1, 0, 0, 0, 1, 1, 0, 0, 1, 0, 1, 1, 1, 0, 0, 0, 0, 0, 1, 0, 0, 1, 0, 1, 1, 1, 0, 1, 1, 1, 0, 0, 1, 1, 1, 1, 1, 0, 1, 0, 1, 1, 0, 0, 1, 1, 0, 0, 1, 1, 0, 0, 0, 1, 1, 0, 0, 1, 1, 1, 1, 0, 1, 1, 1, 0, 0, 1, 1, 1, 1, 0, 1, 1, 1, 0, 1, 0, 0, 0, 1, 1, 1, 0, 0, 1, 0, 1, 1, 1, 1, 1, 1, 1, 1, 0, 0, 1, 0, 1, 0, 0, 1, 1, 1, 0, 1, 0, 1, 1, 1, 0, 1, 0, 0, 0, 0, 0, 0, 1, 1, 1, 1, 1, 0, 0, 1, 1, 1, 1, 1, 1, 0, 1, 1, 1, 0, 0, 1, 1, 1, 1, 0, 0, 1, 1, 1, 0, 0, 0, 0, 1, 0, 0, 1, 0, 1, 1, 1, 0, 1, 0, 1, 1, 0, 1, 0, 0, 0, 1, 1, 1, 0, 1, 0, 0, 1, 0, 0, 0, 1, 0, 0, 1, 1, 1, 0, 0, 0, 1, 0, 0, 0, 1, 1, 1, 0, 0, 1, 1, 0, 0, 1, 0, 0, 1, 0, 0, 0, 0, 0, 0, 1, 1, 1, 0, 0, 0, 0, 0, 0, 1, 1, 0, 0, 1, 0, 0, 1, 1, 1, 1, 1, 1, 1, 0, 1, 1, 1, 1, 1, 0, 1, 1, 1, 0, 0, 1, 1, 1, 0, 0, 1, 1, 1, 0, 0, 0, 0, 1, 0, 0, 1, 0, 1, 1, 1, 1, 1, 0, 1, 0, 1, 0, 1, 1, 0, 0, 1, 0, 0, 1, 0, 1, 0, 1, 1, 1, 0, 0, 1, 0, 0, 1, 1, 0, 1, 1, 0, 0, 0, 0, 1, 1, 1, 1, 0, 0, 0, 1, 0, 0, 1, 1, 1, 0, 0, 0, 0, 0, 0, 1, 1, 1, 1, 1, 1, 0, 0, 0, 0, 1, 1, 1, 0, 1, 1, 0, 1, 0, 1, 1, 0, 0, 1, 0, 0, 0, 1, 1, 1, 0, 1, 1, 0, 0, 0, 1, 0, 0, 0, 0, 1, 0, 1, 0, 0, 0, 1, 1, 1, 1, 0, 0, 1, 1, 1, 1, 0, 0, 1, 0, 0, 0, 0, 1, 1, 1, 1, 1, 0, 1, 1, 1, 0, 0, 1, 0, 0, 0, 0, 0, 0, 0, 0, 1, 1, 0, 0, 0, 0, 1, 0, 0, 1, 0, 1, 1, 0, 1, 1, 0, 1, 1, 1, 1, 1, 0, 0, 0, 0, 1, 1, 0, 0, 1, 0, 0, 1, 0, 0, 1, 1, 1, 0, 1, 0, 0, 1, 0, 0, 0, 0, 0, 1, 0, 1, 0, 0, 1, 1, 1, 0, 1, 0, 1, 0, 0, 1, 1, 1, 1, 1, 1, 0, 0, 0, 1, 1, 0, 1, 1, 0, 1, 1, 0, 0, 1, 0, 0, 0, 0, 1, 1, 1, 1, 0, 1, 0, 0, 0, 0, 0, 0, 0, 0, 1, 0, 0, 1, 0, 0, 0, 1, 1, 1, 0, 1, 1, 0, 1, 1, 0, 1, 1, 0, 1, 1, 0, 1, 1, 1, 0, 1, 1, 1, 0, 1, 0, 0, 0, 1, 1, 0, 1, 0, 1, 1, 1, 0, 1, 1, 1, 0, 0, 1, 0, 1, 1, 1, 1, 0, 1, 0, 1, 1, 1, 0, 0, 1, 1, 1, 0, 0, 1, 0, 0, 1, 0, 1, 0, 1, 1, 1, 1, 0, 1, 1, 0, 0, 1, 0, 0, 1, 1, 0, 1, 1, 1, 0, 0, 1, 1, 0, 0, 1, 1, 0, 1, 1, 1, 1, 1, 1, 1, 0, 1, 0, 1, 1, 1, 1, 1, 0, 1, 0, 0, 0, 1, 1, 1, 0, 1, 1, 0, 0, 1, 1, 1, 0, 0, 0, 1, 1, 1, 0, 1, 0, 1, 0, 1, 1, 0, 1, 0, 0, 0, 1, 0, 0, 0, 1, 0, 0, 1, 0, 0, 1, 0, 1, 1, 1, 1, 0, 1, 1, 1, 1, 0, 0, 1, 1, 0, 1, 0, 0, 0, 0, 0, 0, 0, 0, 1, 1, 1, 0, 0, 1, 0, 1, 1, 1, 0, 0, 0, 0, 0, 0, 1, 0, 1, 0, 1, 0, 0, 1, 0, 1, 0, 1, 1, 0, 0, 1, 0, 0, 0, 0, 1, 0, 0, 1, 0, 1, 0, 0, 1, 1, 0, 1, 1, 1, 1, 0, 1, 1, 0, 0, 0, 0, 1, 1, 0, 0, 1, 0, 0, 1, 1, 0, 0, 0, 0, 1, 0, 1, 1, 0, 0, 1, 1, 1, 0, 1, 0, 0, 0, 1, 0, 0, 1, 1, 1, 1, 1, 0, 0, 0, 0, 1, 0, 1, 0, 0, 1, 0, 1, 1, 0, 1, 1, 1, 1, 0, 0, 0, 1, 1, 0, 0, 0, 1, 0, 0, 1, 1, 0, 0, 0, 1, 1, 0, 1, 0, 0, 0, 1, 1, 0, 1, 0, 1, 1, 1, 1, 0, 1, 0, 1, 0, 1, 0, 1, 0, 0, 0, 1, 0, 1, 0, 0, 1, 1, 1, 0, 1, 1, 1, 0, 0, 0, 0, 1, 1, 0, 1, 1, 0, 1, 1, 0, 1, 1, 1, 0, 1, 1, 1, 1, 0, 0, 0, 0, 0, 1, 1, 1, 1, 0, 1, 0, 1, 1, 0, 1, 0, 0, 1, 1, 0, 0, 1, 1, 0, 1, 1, 1, 1, 0, 0, 0, 0]