#/home/brian/Documents/summer17/Python/VEC/scripts/make_SBM_graphs.py
# GMT Thu Jul 27 21:51:57 2017
# 
0 257 354 421 638 87
1 777 812 430 689 500 884
2 929 43 454 391 170 619 878 497 659 110 407 223
3 920 224 467 388
4 536 234 86
5 35 276 909
6 712 424 806 961
7 849 162 317 766
8 265 418 902
9 451 76 453 854 263
10 476 902
11 418 964 586 459 79 592 246 207
12 440 363 316
13 633 866 615 533 207
14 321 94
15 193 205
16 929 938 308 389 709
17 88 464 410 659
18 561 323 45 665
19 704 234 876 442 335
20 236 69
21 936 456 818 838 839
22 649 812 818 841 506 63
23 409 572 309 182
24 802 63 45 959
25 908 684 805 431
26 676 87 910 495 435 215 772
27 457 285
28 216 293 670 671
29 140 643 468 313
30 57 682 484 469
31 784 464 978 667 196
32 79
33 620 236 196 893
34 994 910 239 368 798 599 558 636 318
35 66 131 48 723 572
36 581 393 44 753 339 887 600 120 478 421
37 641 518 487 910 187 733
38 324 487 362 719 912 531 532 377 316 93 62
39 871 296 234 267 173 476
40 624 703 46 783
41 738 719 757 857 538 815 92
42 547
43 224 306
44 400 805 368 853 868 317 405
45 543
46 104 378 506
47 106 239 524 93 279
48 289 643 225 72 353 976 313 671
49 465 381 825
50 699 92
51 851 908 798 839
52 968 528 529 406 248 922
53 867 293 358 643 373 88 537 314 539 917
54 87 749 375
55 252 773 303
56 945 731 614 919
57 323 387 175
58 352 834 456 331 558 503
59 624 594 322 730
60 930 878
61 985 748 125 94
62 98 103 962 438 568 731
63 660
64 920 979 663
65
66
67
68 645 791 880 215 409 734
69 384 808 368 369 243 669
70 145 892 93 294
71 206
72 601 419 780 806
73 84 468 173 455
74 840 921 214
75 185 114 308 218 558
76 355 196 119 601 922
77 600 377 738 516 143
78 576 457 93 487
79 294
80 152 113 772 709 985
81 448 665 575
82 936 393 162 456
83 305 634
84 288 977 786 117 123
85 267 150 374 295
86 96 881 94
87 229 568 997 828 182
88 463 179 155 479
89 777 547 300 885
90 423 404 143
91 762 171 900 479
92 672 762 639 127
93 237 857 702
94 888 767
95 547 263 459 878 628 696 826 638
96 921 115
97 217 943 567
98 532 478 239
99
100 377 298 765 806
101 856 310 671
102 697 970 347 284 581
103 280 235
104 669
105 944 464 751
106 181 988 661 591
107 904 441 637
108 224 930 931 173 367 979 190
109 547 720 594 227 312 603 575
110 801 932 298
111 585 814 723 114 339 406 215 281 894
112 657 669
113 585 300 173 209
114 804 903 176 346 126 127
115 234 469
116 792 276 477
117 986 379 822 223
118 450 266 836 658 758
119 299 533 646 195
120 156 290
121 456 552 868
122 601 436 670 481
123 256 249 735
124 296 940 818 596 604 831
125 312 642 603 254
126 441 939 709
127 262 906 498 206 954
128 666 155 462
129 928 195 394 941 175 269 378 219
130 163 923 486 382 903
131 450
132 212 677
133 696 673 314
134 488 867 444 183
135 817 293
136 450 997 818 245 604 862
137 275 196 797
138 328 689 396
139 912 492 422
140 553 586 995 900
141 318 518
142 928 228 271 659 759 943
143
144 657 778
145 173 422
146 744 600 847
147 600 753 962
148 840 549 582
149 992 273 390 969
150 807
151 369 694 879
152 508 589 366 807
153 429 647
154 868
155 545 899 289 252 637
156 516 187 492
157
158 736 625 771 467 647
159 770 679 489 493 504 893
160 961 299 940 197
161 400 816 676 540 734
162
163 304 299 487
164 641 518 715 557 494 243 952
165 562 789 294
166 208 482 930
167 320 904 539
168 337 467
169 768 762 645 174 871
170 289 649 322 461 376 951 760
171 225 325 917
172 809 989 254
173 423 880
174 624 987 180
175 913 525
176 885 390
177 257 484 773 825
178 386 530
179 737 260 319
180 440 286 813
181 389 807 885 911
182 664 917 888 761
183 699 367
184 537 985 605 983
185 191 427 271
186 640 870 272 945 596 469
187 322
188 592 961 418
189 489 938 621 598 758
190 227 228 229 299 436
191 642 413 366 766
192 882 763 258 614 995
193 417 989 205
194 907 229 966 263 299 624 689 310 989
195 259 577 809 430 367 920
196 787 983 828
197 841 545
198 768 323 812 428 401 854 796
199 921 455
200 678 713 727 461 206 688 759
201 815
202 372 698 292 550
203 393 284
204 352 969 971 236 987
205 600 519
206 615 694 215
207 900
208 844 612 301 271
209
210 359 311 913 563 919 411
211 514 383
212 705 515 822
213 417 227 788 335
214 873 598
215 455 564 923
216 225 771 252 527
217 610 411 491 409
218 774
219 340 988 821 816
220 641 620 237 455
221 936 348 340 222 310
222 286
223 416 712 465 603 383
224 555 914 471
225 859 957 606 703
226 893 511
227 618 716 730 410
228 418 373
229 777 403 575
230 384 409
231 978
232 621 654 821
233 538 698 750
234 587 589 691 858
235 810 652 357 263
236 292 968 750
237 362 977 564 821 407 280 923
238 481 323 517 931 790 441 412
239 779 374 407 537 826
240 641 971 653
241 450 381 893
242 328 336 596 469 825 604 445
243 906
244 336 745 860
245 876 374 982 967
246 595 570 324 723
247 546 581 950
248 576 546 853
249 299 291 502 359
250 300 685 925
251 442 771
252 804 472 473 319
253 332 906 508 582
254 329 875 974 625 441
255 968 377 894
256 498 982 478
257 957 705
258 805 294 910 942 954
259 754 351
260 376 791 779 311
261 807 626 439 308 567
262 892
263 550 459 749 671
264
265 392 875 510
266 444 550 676 646
267 648 693
268
269 652 836
270 955 582 631
271 300 561 376 703
272 913 325 759
273 945 931 966
274 614 748 367 592 285 895
275 936 444 797 457
276 908 715
277 556 333 910
278 574 402 715 778 558
279 903 308 877
280 971 397 348 734
281 787 916 558
282 535 829 590 463
283 823 406 910 927
284 611 309
285 548 935 625 948
286 557 567
287 816
288 728 338 862
289 801 419 325 818 380
290 653
291 800 876 306 724
292 505 668 567
293
294 868 430
295 441 914 311
296 897 591
297 682 547 501
298 881 907 755
299 328 976 755
300 707 747 534 671
301 705 410 592 759
302 379 900 717 991
303 510
304 595 516 909 674
305 497 572 551 927
306 937
307 921 719 694 889
308 864 993 579 672 757 504 699
309 778 464 529 571 575
310 996 617 560 440
311 976 465
312 783 484 459
313 410 467 899
314 748
315 537 842 493 557 657 374 727 473
316 970
317 871 972 779 334 885
318 397 469 727
319 795 540 520
320 418 776 562 627 375 924
321 433
322 487 747 718 371 762
323
324 577 450 694 494 921 508
325 531 819 920 731
326 625 418 867 388 981
327 380 989
328 385
329 553 596 716 655
330 774 622 531 824 921 347 701 447
331 552 758 466 598
332 726 493 750 775
333
334 970 494
335 482 597
336
337
338 769 589 446 982
339 681 700
340
341 358
342 638 934
343 625 350 783
344 972 862
345 831 703
346 813 893 400 636 797
347 772 967 522 630 664
348 753 734
349 705 418
350 674 827
351 449 646 358 366 688 966 509
352
353 961 563 526
354 551 978 661 537 571 382 927
355 763
356 979
357 599
358 832 451 688 445 639
359 764 413 954
360 577 679 421 405
361 866
362 656 798 949
363 574
364 952 714 382
365 490 420
366
367 788 474 476 381
368 431
369 456 837
370 977 525 813
371 675 651 906 814
372 779 772
373 376 993 547
374 389 906 664 756 536 564
375 913
376 737 875 845 919 510 383
377 413
378 844 788 919 603
379 790
380 536 586
381 510
382 947 582
383 931 937 547 722
384 846 975 852 447
385 754 556 629 495
386 978 828 413
387 933 870 628 473 510
388 417 831 755
389 916 439 955
390 961 547 836 432
391 832 700 518
392 432 914 540 789
393 734
394 395 483 886 639
395 924 881 731 540 522 670
396 448 566 594 718
397 524
398 752 818
399 784 546 699
400 715 770
401 453 549
402 696 851 726
403 705 719 917
404 474 570 950
405 578 489 443 892 607
406 977 660
407 450 488
408 729 714 455
409 823 472 543
410 453 593 752 724 827
411 613 424 724 734
412 750 773 519 590 593 506
413 804
414 648 899
415 856 426
416 891 869
417 731
418 961 613 462 593 891
419 515 628 663 760
420 872 616 522 690
421 450 586 600 862
422 524
423 938 621 916 598
424 865 831
425 552 666 531 850 871
426 850 477
427
428 800 745 468 941
429 544 633 937
430 951
431 954 838 849
432
433 515 566 841
434 601 628 820 727
435 792 853
436
437 840 650 805 898
438 709
439 898 975 662 985 927 607
440 704 711 542
441 716 845 976 603 991
442 615 460 565
443 912 738 570
444 922 477 478
445 523 818 534 791
446
447 504 893
448 926
449 544 965 497 563 606 639
450 710 887 792 474
451 535 963 623
452 936 868 461
453 649 822 925
454 473 509
455 710 550 652 851
456 839 504
457
458 940
459 929 779 979 633 601 924
460 976
461 580 604 586
462 926
463 689 876
464 610 653 942
465 883 827
466 635 969 846 840
467 740 677 621 592 946 760
468 644 677 845 596
469 736 901 773
470 968 778 955
471 904 989 865
472 771
473 844 563 627 856
474 860
475 712
476
477 486 842 879 851 723 947
478
479 990 979
480 908 732 889 911
481
482 811 652 526 820 692
483 960 739 649 500 586 543
484 937 876 980 981 924
485 860 513 612 588
486
487 970 715
488 709 819 894
489 526 815 562 504
490 866 900
491
492 556 810
493 810 952 778
494 529 599
495 709 751
496 665 561
497 704 961 881 917
498 772 511 612
499 578 581
500 671 533 575
501 637 566 998 809
502 860 798 823
503 672 986
504 641 804 810 697
505 701
506 528 593
507 795
508 785 770
509 866
510 848 835 763
511 880 607
512 955
513 844 566
514 836 806 976 791 671 575
515 801 724 663
516 556 950
517
518 906 915 857
519 691 755
520 776 633 580
521 906
522
523 776 718 637
524
525 929 614 779 717 731 829
526 724 782
527 826
528 744 568
529 699 863
530 846
531 559 887
532 690 797
533 780 636
534 793 820
535 980
536 852
537 853 826 597
538 640 556 655 696 988
539 773 711 876 623
540
541 670
542 980 967
543 931 580 697
544 917 802 791
545 775 643 632 666 603
546 702
547 811 886
548 752 922 726
549 826 846
550 681 567
551 930
552 850 942
553 951 745
554 922 739
555 838
556 996
557 576 873 606
558 654 944 764
559 962 907 562
560 760
561 833 618 727
562
563 846
564 617 650 814
565 619 590
566 841 752 858
567 804 988
568 722
569
570
571 722 620
572 923 699
573 689 658 797
574 747 655 657 949
575 783
576 706 868
577 862
578 697 826 679
579 741
580 736 673 993 730
581 997 879
582 609 894
583
584 737
585 869 871 949 634
586
587 619 763 990 966
588 888 905 926
589 889
590 789
591 890 790
592
593 930 702 990
594 688
595 672
596 974 730
597
598 660
599
600
601 673 760 891 796 989
602 956 606 663
603 643 965 925 627 799
604 633 799
605 971
606 718
607 885 923
608
609 952
610 971
611 804
612 752 644
613 890 891 693
614 799
615 643 848 793
616 644 909 665
617 790
618 946
619 659
620 650
621 975
622
623 749
624 790 980 854 666
625
626 921 947 747 764
627 717 917 854
628 917
629 640 655
630 865 764 751
631 838 758
632 644
633 834
634 843 828
635 636 885
636
637 959 841 703 926 693
638 871 750
639 966 716 859
640 739 938 847 952 766
641 788
642 851 763
643 781
644 817 920 767
645 779 873
646 892
647 673 932 865 649
648
649 896 784
650 674 798
651 824
652 831
653 672
654 699 967
655 988
656
657 902 862
658 906
659
660 855
661 710 983
662 859
663
664 978 739
665 844 723 831
666
667 997
668 855
669 750 702
670 831
671 767
672 697
673 870
674 999 681 943 927
675
676 869 839 851
677 795
678 961 690 907 777
679 964 685
680 967
681
682 995
683 808
684
685 760
686 973
687 824 847
688
689 800 929 914 858
690
691 767
692 882 829
693 881 931
694
695 907 782
696 897
697 877
698
699 787
700 714
701 989
702 785 843
703 741 801
704
705 802 875
706
707 919
708 728
709 744
710 839
711
712 737 932 790
713 796 886
714
715 978
716
717
718 973
719
720 745
721
722
723
724
725
726 874 939 978 729 996
727
728 764
729 912
730
731 841
732
733 781
734
735 846 927
736 926 746 919
737 829
738
739
740 809 860
741 848
742 956
743 797 847
744 887
745 830
746 764
747 997 871 761
748 800
749 800 928 859
750
751 985
752
753 861 895
754
755
756
757 798
758 787 826
759
760 795
761
762 808
763
764 828
765 891
766
767
768 861
769
770
771 937
772 967 807 943
773
774 853
775 888 908
776
777 874
778 905
779 909 788
780
781
782 897
783
784 912 987
785 810 942
786
787 813 850
788
789 875
790 865 926
791 833 913 979
792 803 935 798
793 890
794 845 797
795 897
796 998 940 822
797 846
798 912
799 882
800
801
802 865
803 863
804 944
805
806
807 912
808
809 991
810
811
812 845
813
814
815
816
817
818
819
820 958 989
821 844
822
823 921
824 934
825 896
826 911
827 872
828 912 979
829
830
831 914
832
833
834
835
836 869
837
838 905
839 853
840 903 863
841
842
843
844 914
845
846
847
848
849 905 877
850 954 874
851
852
853
854
855
856
857 864 911
858
859
860 878
861
862 921 889
863
864
865 890
866
867
868
869
870 876 945
871 911
872
873 934
874
875
876
877
878 899
879
880
881
882
883
884
885 911
886
887
888 997 950
889
890
891
892
893 943
894
895
896
897
898 941 934
899 940
900
901
902 992 932
903
904
905
906
907 974
908
909
910 912 918
911
912
913
914
915
916
917
918
919 957
920 990
921
922
923 985
924
925
926
927
928 978 981
929
930
931
932 995
933
934
935
936
937
938
939
940
941
942 971 972
943
944 968
945
946
947
948 976
949
950
951
952
953 956
954
955
956
957
958
959
960
961 965
962
963
964
965
966
967 977
968
969
970
971
972
973
974
975
976
977
978 988
979
980
981
982
983
984
985 999
986 988
987
988
989
990
991
992
993
994
995
996
997
998
999
[1, 0, 0, 0, 0, 1, 0, 1, 0, 0, 0, 0, 1, 0, 0, 0, 1, 0, 0, 0, 1, 1, 0, 1, 0, 1, 1, 1, 0, 0, 0, 1, 0, 1, 1, 1, 1, 1, 1, 0, 0, 1, 0, 0, 1, 0, 0, 1, 0, 0, 1, 1, 1, 0, 0, 0, 0, 0, 1, 0, 0, 0, 1, 0, 0, 1, 1, 1, 1, 1, 1, 1, 0, 1, 1, 1, 0, 1, 1, 0, 1, 0, 1, 1, 1, 1, 0, 1, 0, 0, 1, 0, 1, 1, 0, 0, 0, 1, 1, 1, 0, 0, 1, 1, 0, 1, 1, 0, 0, 0, 0, 1, 1, 1, 1, 0, 1, 0, 1, 0, 1, 1, 0, 1, 0, 0, 1, 1, 0, 0, 1, 1, 0, 0, 1, 0, 1, 1, 0, 1, 0, 1, 0, 1, 1, 1, 1, 1, 1, 0, 1, 1, 1, 0, 1, 0, 1, 0, 0, 1, 0, 1, 1, 1, 1, 1, 0, 0, 0, 1, 0, 0, 0, 1, 1, 0, 1, 0, 1, 0, 1, 1, 1, 0, 1, 1, 0, 1, 0, 1, 0, 1, 0, 0, 0, 0, 1, 0, 0, 1, 0, 1, 1, 1, 1, 0, 1, 0, 0, 1, 0, 0, 0, 0, 1, 1, 0, 1, 1, 1, 1, 1, 1, 0, 0, 0, 1, 0, 0, 0, 1, 0, 1, 1, 0, 1, 1, 1, 0, 1, 1, 1, 0, 1, 0, 1, 1, 1, 1, 1, 0, 0, 0, 1, 0, 1, 1, 0, 1, 0, 0, 1, 1, 0, 1, 0, 1, 0, 1, 0, 1, 0, 0, 0, 0, 1, 1, 1, 1, 1, 1, 1, 0, 1, 1, 0, 1, 1, 1, 0, 1, 0, 1, 0, 1, 0, 0, 0, 0, 0, 0, 0, 0, 0, 1, 1, 0, 1, 1, 1, 0, 0, 0, 0, 0, 1, 1, 1, 1, 0, 0, 0, 1, 0, 1, 0, 0, 0, 0, 0, 1, 1, 1, 1, 1, 0, 0, 0, 1, 1, 1, 1, 1, 0, 1, 0, 1, 1, 1, 0, 0, 0, 1, 0, 1, 0, 0, 1, 0, 1, 1, 0, 1, 1, 1, 0, 1, 0, 1, 1, 1, 1, 1, 0, 1, 0, 0, 1, 0, 0, 0, 0, 1, 0, 1, 1, 1, 0, 0, 1, 0, 1, 0, 1, 0, 0, 0, 1, 0, 1, 1, 0, 1, 0, 1, 1, 1, 1, 1, 1, 0, 0, 0, 1, 0, 1, 0, 0, 0, 0, 0, 1, 1, 1, 0, 1, 1, 1, 0, 0, 0, 1, 0, 0, 0, 1, 0, 1, 1, 1, 0, 0, 0, 1, 1, 0, 1, 1, 0, 0, 1, 0, 1, 0, 0, 1, 1, 1, 0, 0, 0, 0, 0, 0, 1, 0, 1, 0, 0, 0, 1, 0, 0, 0, 0, 0, 0, 1, 1, 0, 1, 0, 0, 0, 0, 0, 1, 1, 1, 1, 0, 1, 1, 1, 1, 1, 0, 0, 1, 1, 0, 0, 1, 1, 1, 1, 0, 0, 1, 0, 0, 1, 1, 0, 0, 0, 1, 0, 1, 0, 0, 1, 0, 0, 1, 0, 0, 1, 1, 1, 1, 1, 1, 0, 0, 0, 0, 1, 1, 0, 0, 0, 0, 0, 0, 0, 1, 0, 0, 1, 1, 1, 1, 0, 1, 1, 1, 1, 1, 1, 0, 0, 1, 0, 1, 0, 0, 1, 1, 0, 1, 1, 1, 1, 1, 0, 1, 1, 1, 1, 0, 1, 1, 1, 0, 1, 0, 0, 1, 1, 0, 0, 0, 0, 0, 1, 0, 1, 1, 1, 1, 0, 0, 0, 0, 1, 0, 1, 1, 1, 1, 1, 0, 0, 0, 0, 0, 0, 0, 0, 1, 1, 1, 0, 0, 0, 1, 0, 0, 1, 1, 1, 0, 0, 1, 1, 1, 0, 1, 0, 1, 1, 1, 0, 0, 1, 0, 0, 0, 0, 1, 1, 0, 1, 1, 1, 1, 1, 1, 0, 1, 1, 1, 0, 1, 0, 0, 1, 1, 1, 0, 0, 1, 0, 1, 1, 1, 0, 0, 1, 1, 1, 0, 1, 1, 0, 1, 1, 0, 0, 0, 0, 0, 0, 1, 0, 0, 1, 1, 1, 1, 1, 1, 0, 0, 0, 1, 0, 1, 1, 1, 0, 0, 0, 1, 1, 0, 0, 0, 1, 0, 1, 1, 1, 0, 0, 1, 0, 1, 1, 0, 0, 1, 1, 1, 1, 0, 0, 1, 1, 0, 0, 0, 1, 1, 0, 0, 1, 0, 0, 1, 1, 0, 1, 0, 0, 1, 1, 1, 0, 0, 1, 1, 0, 1, 0, 1, 0, 1, 1, 1, 0, 1, 0, 1, 1, 0, 0, 1, 1, 0, 0, 0, 0, 1, 1, 1, 1, 0, 0, 0, 0, 1, 0, 0, 0, 0, 1, 1, 0, 0, 0, 0, 1, 1, 1, 0, 1, 1, 0, 1, 0, 0, 1, 1, 1, 1, 0, 0, 0, 0, 1, 0, 1, 1, 0, 1, 0, 1, 0, 0, 0, 0, 0, 1, 0, 0, 1, 1, 1, 1, 0, 1, 1, 0, 0, 1, 1, 0, 1, 1, 1, 1, 1, 0, 1, 0, 1, 0, 0, 0, 1, 1, 1, 1, 0, 0, 0, 1, 1, 0, 1, 0, 1, 1, 0, 0, 1, 0, 1, 1, 0, 0, 0, 0, 1, 0, 1, 1, 1, 0, 0, 1, 1, 1, 0, 0, 0, 1, 0, 0, 0, 0, 1, 0, 1, 1, 0, 1, 1, 1, 1, 1, 0, 0, 0, 1, 0, 1, 0, 0, 1, 0, 1, 0, 0, 0, 1, 0, 0, 0, 0, 0, 0, 1, 0, 1, 0, 1, 1, 0, 0, 1, 1, 1, 0, 0, 1, 0, 1, 1, 0, 1, 0, 1, 1, 0, 0, 0, 0, 0, 0, 1, 0, 1, 0, 0, 1, 1, 1, 1, 1, 1, 0, 0, 1, 0, 1, 1, 0, 0, 0, 1, 1, 0, 1, 1, 1, 1, 0, 0, 0, 0, 0, 1, 0, 1, 1, 0, 1]