#/home/brian/Documents/summer17/Python/VEC/scripts/make_SBM_graphs.py
# GMT Thu Jul 27 21:51:47 2017
# 
0 538 134 127
1 120 318
2
3 97 363 197 351
4 386
5 804 524
6
7
8 932
9 837
10 795 732
11
12
13 266 371
14 738
15 77 621
16 252
17 44 690 868
18 859
19 619
20
21 247
22 375 593 467 383
23 945 830
24 56 630
25
26 121 786 478
27 697 333
28 138 668 229
29 339
30 986 754
31 963
32 170 394
33 989 918
34 931 797
35 889 826 482
36
37 831
38 978
39 971 414
40 435
41
42 109
43 353 283
44 951
45 547
46
47 129 271
48 289 69 589
49 407
50 707 103
51 315 395 956
52 678
53 168
54 169 596
55 340
56
57 495 516 199
58
59 775
60 153 210 580
61 138 716 82 711
62 338
63
64 322
65 284 813
66 101 238 325
67 809
68 154 398
69 953 948
70 864 215
71 639
72 499
73
74 956 279
75 368
76 679
77 183 159
78
79 249
80 522 941
81 144 488 908 902
82 365 199
83 452
84 330 604 477
85 147
86 720 601 281
87
88 888 595 293
89 322
90 953
91 281 155
92 395
93 112 185 915
94 300
95 213
96
97 841 698 947
98 590
99 368 257 952 823
100 377 802 401
101 153
102
103 980
104 268
105 561 109
106 851 588
107 457
108 579 532
109 422 247
110
111 939 605
112
113 875 846
114
115
116 308
117 236
118 761 666 614
119 942
120
121 417 954
122
123 155
124 610
125
126 574
127 828 495
128 513
129 740 981
130 241 217
131 153 665
132 181
133 918
134 146 676 886 151
135 370 494
136 382 750
137 989 671
138 428
139 688 698 435 684
140 385
141 168 641 885 881
142 388 948
143 554 871
144 430
145 912 193 418 179
146
147 589
148
149 593
150 857 334
151 219 509
152 741
153 985
154 267 718
155
156 621 575
157
158
159 772 733
160
161 361 564 318
162 565
163
164 541
165
166
167 639
168 987
169
170 466
171 885
172 755
173 817 954 619 741 451
174 899
175
176 875 795
177
178 785 435 613 319
179 184 817
180
181
182
183 712 570 627
184 287
185
186 952
187
188 236 997
189
190 824 771 574
191 536 972 823
192 378 476 925
193 516 735
194 332
195 967 606 727
196 674 767
197 890 468
198 608 619
199
200 642 595 382
201 537 349
202 272 908 877
203
204 403 221
205 448 622
206 736 579
207 571
208 308
209 355 502
210 777 647
211 785 669
212 800 938
213
214 611 871
215
216 920
217 485 360 238 720 857 443
218
219 638
220 380 478
221 618
222 974
223
224 530
225 873 295
226 541
227 422
228 303
229
230 673 491 708
231 290 342
232 842 861
233 421
234 747 900 574 575
235 601 653 489
236
237 296
238 735
239
240 974
241 597
242 538 493
243
244
245 408
246
247
248
249 457 332 461
250 301
251 817
252 611 621 302
253
254 404
255
256 752 595 747
257
258
259 666 446
260 509
261 352 658
262 379
263
264 971 950
265 409 798
266
267
268
269
270 776 571
271
272 310 543
273 923 606 367
274 902 438
275 613 399
276 513 347 606
277 536
278 857 666 398
279
280 678
281 451
282 498
283
284
285
286
287 981 877
288 602 843
289 337 923
290 641 374
291 963 613
292 555
293 480 867 837
294 961 298
295
296 438
297 709
298 534
299 929
300 388 644
301 967
302
303 412 575
304
305
306 614
307
308 322 642 447
309
310 536 663
311 967
312 789
313 791
314 912
315 728 754 421
316 947
317 407
318
319 985 410
320 702
321 850
322 508 847
323
324
325 760 406
326 845
327 416
328
329 368 578
330 492 821 559
331 729
332
333 801 774
334 938
335 906 990
336 776
337 718 950
338 708
339 355 574 847
340 733
341
342 711 461
343 514
344 440 927
345 563 767
346 416 849
347 947 733
348 692 365 822
349 662
350
351 883 372
352
353
354
355 413
356 957 887
357
358
359
360 414
361 663
362
363
364
365
366
367 682 613
368 946
369 415
370
371 416 537
372 922
373
374
375
376 840 530
377
378
379 939 997
380 587
381 720 440
382 612
383
384 403
385 587
386 585
387 779
388 928 675
389
390 937
391
392 650
393 491
394 718
395 688 510 574
396 677
397 993 466
398
399 778 853
400
401 632 931 574 695
402
403 743
404
405
406 430
407
408 524 415
409
410 657
411 744 598
412
413 865
414 855
415 551
416 546
417 987 549
418 549 646
419
420 555 766
421 816 430 807
422 996 557
423 636
424 736 914
425
426
427 603
428
429 879 508 430 927
430
431 897
432
433 917
434 878
435
436 452
437
438
439
440 574
441
442 461 910
443 948
444 864
445 637
446
447 824 807
448 488 995 902 983
449
450 961 606
451 458 773
452 535
453
454 960
455
456 610
457
458
459
460 757
461 669
462 492
463 778
464 580
465 630
466 986 506
467 830
468 795
469
470 957
471
472
473 840 914 532
474 936 821
475
476
477 561 971 593 801
478
479 743
480 710 734
481 751
482 687 903
483
484
485 797
486
487 596 716
488 563
489
490
491
492 601
493 521 550
494
495
496 688 943
497
498 989
499
500 504
501 993 812
502 764
503 975
504 756 546
505 673 612
506 631 533 762 639
507 716
508
509 932
510 539
511
512 889
513 537
514
515 745
516 881
517 986
518
519 564
520
521
522 758
523 626
524 608
525 646
526 864
527 786 647
528
529
530 679
531
532 866 574 681
533 676
534
535
536
537
538
539
540
541 598
542
543 682
544
545
546 740 746 964 638
547 884
548
549
550 728
551
552 912 842 719
553
554 638
555 608
556 988
557 755 710
558
559 784 646
560
561
562
563 613
564 750
565
566 645
567 931
568
569 718 886
570
571
572
573 581
574
575 618 710
576
577
578 925 630
579
580 845
581
582 601
583 891
584
585
586
587 656 959
588 606 782
589
590 883
591
592 879
593
594 683
595 926 961
596
597 664 629 637
598 663
599
600 896
601
602 936
603 652
604
605 683
606 851 729
607 746
608 835 890
609 769
610
611
612 964
613 952
614 709
615
616
617
618
619 964
620
621 897 900 929
622
623
624
625 720 788
626
627
628 802
629
630
631
632 868
633
634
635 716
636 786
637 808
638
639
640
641 675
642 867
643
644
645
646 826
647 964
648
649
650
651
652 804
653 817
654 677 885
655 985
656
657 863
658 996
659
660 662
661 986
662 740 779
663
664
665 810
666
667 677 815
668 917
669
670 701
671
672
673 819
674
675 838 983
676
677 885
678 896
679 706
680
681
682 879 973
683 765
684
685 789 911
686
687
688 831
689
690
691
692
693
694
695 787
696
697
698
699
700 928
701
702
703 972
704 740
705
706 782
707
708
709
710
711
712 818
713
714
715
716
717
718 962
719
720
721
722
723
724 835
725
726 880
727 753
728
729 748
730
731 860
732
733 738
734
735 857
736
737
738 925
739
740
741
742
743
744
745
746 967
747
748 836
749
750
751 970
752 913
753
754
755 793
756
757
758 904
759 978
760
761
762 993
763
764 950
765
766
767
768
769
770 786
771
772 935
773 946
774 870
775
776
777 876
778
779 941
780 962
781 962 956
782
783
784 813
785
786
787
788 826
789
790
791
792
793
794 824
795
796
797
798 991
799
800
801 953
802
803
804
805
806
807 824
808
809
810
811
812 902 847
813 893
814
815
816
817
818
819
820
821 946
822
823 954
824
825
826
827
828 997
829
830
831
832 881
833
834 947
835
836
837 934
838
839
840 931
841
842
843
844 846
845 958
846
847
848 951
849 965
850 890
851
852
853
854
855
856
857
858
859
860
861
862 887
863
864
865
866
867
868
869
870 885
871
872
873
874
875 935
876
877
878
879
880
881
882
883
884
885
886
887
888
889
890
891
892
893 912
894
895
896
897
898
899
900
901 995
902
903 912
904
905 936 917
906 937
907
908
909 990
910
911 966
912
913
914
915
916 998
917
918
919
920
921
922
923
924
925
926 951
927 969
928
929
930
931
932
933
934 984
935
936
937
938
939
940
941
942
943
944
945
946
947
948
949
950
951
952
953
954
955
956
957
958
959
960 992
961
962
963
964
965
966
967
968
969
970
971
972 995
973
974
975
976
977
978
979
980
981
982
983
984
985
986
987
988
989 993
990
991
992
993
994
995
996
997
998
999
[1, 1, 1, 0, 1, 0, 1, 0, 1, 0, 0, 1, 0, 0, 0, 1, 1, 1, 0, 0, 1, 0, 0, 1, 1, 1, 0, 0, 1, 1, 1, 0, 1, 1, 0, 0, 0, 0, 0, 0, 0, 1, 0, 0, 1, 0, 0, 0, 0, 1, 1, 1, 0, 0, 1, 0, 1, 1, 1, 0, 1, 1, 1, 0, 1, 0, 0, 1, 1, 0, 0, 1, 0, 1, 1, 0, 0, 1, 0, 0, 0, 1, 1, 1, 0, 0, 0, 0, 1, 1, 0, 0, 1, 1, 1, 1, 1, 0, 0, 0, 1, 0, 1, 1, 0, 0, 0, 0, 1, 0, 0, 1, 1, 0, 1, 0, 1, 1, 1, 0, 1, 0, 1, 0, 1, 0, 1, 1, 1, 0, 0, 1, 1, 1, 1, 1, 1, 1, 1, 0, 0, 0, 0, 0, 1, 0, 1, 0, 0, 0, 0, 1, 0, 1, 1, 0, 1, 0, 1, 0, 0, 1, 0, 0, 1, 0, 1, 0, 0, 0, 1, 0, 1, 0, 1, 0, 0, 0, 0, 0, 1, 1, 1, 1, 1, 1, 0, 0, 1, 1, 1, 1, 0, 0, 0, 0, 1, 0, 0, 1, 1, 0, 1, 0, 1, 1, 1, 1, 1, 0, 1, 0, 1, 1, 0, 0, 1, 0, 1, 1, 0, 1, 0, 0, 1, 0, 0, 1, 1, 1, 1, 0, 0, 1, 1, 0, 1, 1, 0, 1, 0, 0, 1, 0, 1, 0, 0, 0, 1, 0, 1, 1, 1, 0, 0, 1, 1, 0, 0, 0, 0, 1, 1, 1, 0, 0, 0, 1, 0, 1, 1, 0, 1, 0, 1, 0, 0, 0, 0, 1, 0, 0, 0, 0, 0, 0, 1, 1, 1, 0, 0, 0, 0, 1, 1, 0, 1, 1, 1, 1, 1, 1, 1, 1, 0, 0, 1, 1, 1, 1, 1, 1, 1, 1, 0, 1, 0, 1, 1, 0, 0, 0, 1, 0, 1, 1, 1, 0, 1, 0, 1, 0, 0, 0, 1, 0, 1, 0, 1, 1, 0, 0, 0, 1, 1, 0, 0, 0, 1, 0, 1, 0, 1, 0, 0, 0, 0, 1, 1, 1, 0, 1, 0, 0, 1, 1, 0, 0, 0, 0, 1, 0, 0, 0, 0, 0, 0, 1, 0, 1, 0, 0, 1, 0, 1, 0, 1, 0, 1, 1, 0, 1, 1, 1, 1, 1, 0, 1, 0, 0, 0, 1, 0, 1, 0, 1, 1, 1, 0, 0, 0, 1, 1, 0, 0, 0, 0, 0, 0, 0, 0, 1, 0, 0, 1, 1, 0, 0, 1, 1, 1, 1, 1, 1, 1, 0, 1, 1, 1, 0, 1, 1, 0, 0, 0, 0, 0, 1, 1, 0, 0, 0, 1, 1, 1, 1, 0, 0, 0, 0, 1, 0, 1, 1, 1, 1, 1, 0, 0, 1, 0, 0, 1, 0, 1, 1, 0, 0, 0, 1, 1, 1, 0, 1, 1, 0, 1, 1, 1, 0, 0, 1, 0, 1, 1, 1, 1, 0, 0, 0, 0, 1, 0, 1, 0, 1, 1, 0, 1, 0, 1, 0, 0, 0, 1, 1, 1, 1, 1, 1, 0, 1, 1, 0, 0, 0, 0, 1, 1, 0, 0, 1, 1, 1, 1, 1, 1, 0, 1, 1, 0, 1, 1, 1, 0, 0, 0, 0, 0, 0, 1, 0, 0, 1, 1, 0, 1, 1, 0, 1, 0, 0, 1, 0, 1, 0, 0, 0, 1, 1, 1, 1, 0, 1, 1, 1, 0, 1, 0, 1, 1, 1, 0, 1, 0, 0, 1, 0, 0, 0, 0, 1, 1, 0, 1, 1, 1, 0, 1, 0, 0, 0, 1, 1, 0, 1, 0, 0, 0, 0, 0, 0, 1, 0, 1, 0, 1, 0, 1, 0, 1, 1, 1, 0, 1, 0, 0, 1, 1, 0, 1, 1, 1, 0, 0, 1, 0, 0, 1, 1, 1, 0, 1, 0, 1, 0, 0, 1, 1, 1, 1, 0, 1, 0, 0, 1, 0, 0, 1, 0, 0, 1, 0, 1, 0, 1, 0, 0, 1, 0, 0, 1, 1, 1, 1, 1, 1, 0, 0, 0, 0, 1, 0, 1, 0, 1, 0, 0, 1, 1, 1, 1, 1, 1, 0, 1, 1, 0, 0, 1, 1, 0, 0, 1, 0, 1, 0, 1, 1, 1, 1, 1, 1, 0, 0, 0, 1, 1, 1, 0, 0, 0, 0, 1, 0, 0, 1, 0, 1, 0, 1, 0, 0, 0, 1, 0, 1, 1, 0, 0, 0, 0, 0, 1, 1, 1, 0, 1, 0, 0, 1, 1, 1, 0, 1, 1, 0, 1, 0, 1, 1, 1, 1, 0, 0, 1, 0, 1, 0, 0, 0, 1, 0, 0, 0, 0, 1, 1, 1, 0, 1, 1, 0, 0, 1, 0, 0, 1, 0, 1, 0, 1, 0, 1, 1, 0, 1, 0, 0, 1, 1, 0, 1, 1, 0, 1, 0, 1, 0, 1, 1, 1, 1, 0, 1, 0, 1, 0, 0, 1, 1, 0, 1, 0, 1, 1, 0, 1, 1, 0, 0, 0, 1, 1, 0, 0, 0, 1, 1, 0, 0, 0, 0, 1, 0, 1, 0, 1, 1, 0, 0, 0, 1, 0, 1, 1, 1, 0, 0, 1, 0, 0, 0, 0, 0, 0, 1, 1, 1, 1, 0, 0, 1, 0, 0, 0, 1, 1, 1, 1, 1, 1, 0, 0, 0, 0, 1, 0, 1, 1, 0, 1, 1, 0, 1, 1, 0, 1, 1, 1, 1, 1, 1, 0, 0, 1, 0, 0, 1, 0, 0, 1, 0, 1, 1, 1, 0, 1, 1, 0, 1, 1, 0, 0, 0, 0, 1, 1, 1, 1, 0, 0, 1, 0, 1, 0, 1, 0, 1, 1, 1, 0, 0, 1, 1, 1, 0, 0, 0, 0, 0, 1, 0, 0, 0, 1, 1, 0, 1, 0, 1, 1, 1, 0, 0, 0, 0, 0, 0, 1, 1, 0, 1, 0, 0, 1, 0, 0, 0, 0, 1, 1, 1, 1, 1, 0, 1, 0, 1, 1, 0, 0, 0, 1, 0, 1, 1, 1, 0, 0]