#/home/brian/Documents/summer17/Python/VEC/scripts/make_SBM_graphs.py
# GMT Thu Jul 27 21:51:46 2017
# 
0 568 123
1
2 858 885 485
3 224 369 292 542
4 61
5 765
6 43 839
7 868 877
8 117
9
10
11 921 843 87
12
13 536 655
14 161
15 937
16 672
17 417 57 79
18
19 961 730
20
21 337 174
22
23
24 801
25
26 863
27 661
28 217 523 268 927
29 378 531 692 294
30 528 35
31
32 170
33
34 665 52 710
35 834
36
37
38
39 608
40
41 642
42
43 677
44
45
46 617
47 931
48 90
49
50 855
51 624 420
52 475
53 175
54 906
55
56
57 272
58 871
59
60 438
61
62 139 726
63 464
64 257
65 720 928 826 258
66 69
67 541 941
68 258 583
69 186
70
71 87
72
73 992 415
74 326
75 597
76
77 417 242
78 483
79
80
81
82 222
83 617
84 914
85 163 942
86 155 772
87 452
88
89 837
90 531
91
92 376 402
93 336 986 915
94
95 413
96
97
98 418 946
99
100
101
102 817 510 726
103
104 651
105 108
106 265
107 601 378 446
108 606
109 550
110
111
112 234 628
113
114 506
115
116 533
117 469 975
118 669
119 643 781
120
121 280
122 127
123
124 837
125 810 967
126
127 994 682
128 999
129
130 807
131 744
132 781
133 274 677
134 884
135 570 788 389
136 733 717 439
137 948
138 643
139 929
140 620
141
142
143
144 944 699 455
145 325
146 514 636 818
147 817
148 440
149
150 772 636
151
152
153 505 677
154
155 164
156
157
158 537 542
159 761
160 751
161
162 941 407
163
164
165 235
166
167 233 706 733 431
168 918
169 668 854
170 186
171 404
172 796 759
173
174 394 494
175 267
176
177 972
178 289
179
180
181 927
182 940 318
183
184
185 744 401 553
186 620
187
188
189 331
190 657 990
191
192
193 309
194 732 255
195 431
196 697 809
197 932 327
198 420
199
200
201
202
203 446
204
205 312
206 357
207 209 403
208 259
209 416 698
210 770
211 368
212 227
213
214
215
216 477
217 948
218 918
219 740
220 660
221
222 596
223
224 368
225
226 561 509
227 733
228
229
230
231
232 306
233 309 365
234
235 684
236 567
237
238 869
239 254
240
241
242 865 387 628
243
244 257
245
246 546 333
247 938
248 668
249
250
251
252 371 883 821
253
254 549
255 790
256
257 686
258 438 287
259 676
260 680
261 998
262 432
263 342
264
265
266
267
268 283
269 824
270
271
272
273 955
274 648 971
275 874 747
276 427 395
277 850 613
278 520 910
279 336 862
280
281 763
282 718
283
284
285
286 308
287 323
288 965
289
290 465 955 765
291 345
292 793 812
293
294 822
295 683
296 564 486
297 782 510
298
299
300
301
302 603 613
303
304
305 754
306
307 381
308 636 423
309 701
310 847
311
312
313 912
314
315
316 629
317 971
318
319 984
320 829
321 439
322 424 916
323
324
325 683
326 659
327 702
328
329 811 987
330 540
331
332 336
333 970
334 880 700
335
336
337
338
339
340
341 361
342
343
344
345 632 439
346
347
348
349
350
351 564
352
353
354 902
355 897
356
357 467 804 557
358 624 970 634 580 421
359
360 771
361 688 949
362
363 625
364
365
366 482
367
368
369
370
371
372 750
373
374 868
375
376 813 965
377
378 445
379
380
381 640 979
382
383 924 966
384
385 680
386
387 976
388
389 786
390 835
391 537 447
392
393 834 827 700
394 435
395 559
396 493
397 400
398
399 554
400 537
401
402 762 829
403
404
405 965
406 610
407 632
408 650
409
410 699
411 504 889 912 542
412
413
414
415
416 837
417 976 779
418
419 761
420
421
422 978
423
424
425 545
426
427 896 476 905
428
429
430 524 893
431 451
432 824 561 499
433
434 904 851 452
435 965 471
436 621 558
437 633 618
438 951
439
440
441 805 598
442 951
443
444
445 636
446 613
447 834
448 967
449 698
450
451 456 628
452 802
453
454 965
455
456 478
457
458
459
460
461 650 779
462 832 513
463
464 890
465
466 480
467 590
468 756
469
470 769 644 862
471
472 588
473
474
475 689 988
476 784
477 669 630
478
479 758
480
481 785 877
482
483
484
485
486 930
487 668
488 748
489
490
491
492
493
494 994
495
496 581
497
498 932 765
499
500 556
501
502
503 689 714 610
504
505
506
507 969 861
508
509
510
511 608 829
512 955
513 546
514
515
516 823
517
518
519
520 801
521 561 945
522 997
523 873 713
524 697
525
526
527 683
528
529
530
531 616
532 756
533
534 942 687
535 882
536
537
538
539
540 749
541
542
543
544
545 985
546
547
548
549
550
551
552
553 879
554 577
555 813
556 817
557
558
559 901
560
561
562
563 575
564
565 843
566
567
568 900
569 980
570
571
572
573
574
575
576
577
578 713 663
579
580
581 649
582 862
583
584
585
586
587
588
589
590
591
592
593 790
594 634
595 881
596 824
597
598
599 758
600
601
602
603
604 776
605
606
607
608
609 962 813
610 873
611
612 858
613
614
615
616 665
617
618
619
620
621
622
623
624
625
626 884
627 927 839
628 961
629
630
631 696
632
633
634
635
636 659
637 859
638 941
639 940
640 952
641 660
642
643
644
645 873
646
647 937
648
649 984
650
651 993
652
653
654
655 987
656 707
657
658 885
659
660
661 893
662
663
664
665
666
667
668
669
670
671
672 840
673
674
675
676 945
677
678
679 851
680
681
682
683
684
685
686
687
688
689
690
691
692
693
694
695
696
697
698 911
699
700 820
701
702
703 970 957
704
705 940
706
707
708 850
709
710
711
712
713
714
715
716 888
717
718
719
720
721 794
722
723 961 761
724
725
726
727
728
729
730
731
732
733
734
735
736 884
737
738
739
740
741
742 791
743
744
745
746
747 855
748
749
750
751 989
752 840
753 842
754
755
756 869
757 795
758
759
760
761
762
763
764
765
766
767 872
768 947
769 881
770 886
771 786
772 929
773
774
775 908
776
777
778
779
780 845
781 796
782
783
784
785
786
787
788
789
790
791 899 828
792
793
794 987
795
796
797
798
799
800
801
802
803
804 809
805
806
807
808
809
810
811
812 898
813
814 987
815
816
817
818
819 875
820
821 880
822
823
824
825
826
827
828
829
830
831
832
833
834
835
836
837
838 993
839
840
841
842
843
844
845
846
847
848
849
850 931
851 904
852
853
854
855
856
857
858 861
859
860
861
862
863
864
865
866
867
868
869
870
871
872
873
874
875
876
877
878
879
880
881
882 986 931 892
883
884
885
886
887
888
889
890
891
892 916
893
894
895
896
897
898
899
900
901
902
903
904
905
906
907
908
909
910
911
912
913
914
915
916
917
918 950
919
920
921
922
923
924
925
926
927
928
929
930
931
932
933
934
935
936
937 960
938
939
940 951
941
942
943
944
945
946
947
948
949
950
951
952
953
954
955
956
957
958
959
960
961
962
963
964
965
966 986
967
968
969
970
971
972
973
974
975
976
977
978
979
980
981
982
983
984
985
986
987
988
989
990
991
992
993
994
995
996
997
998
999
[1, 0, 0, 1, 1, 0, 0, 0, 1, 0, 1, 1, 1, 1, 0, 1, 1, 0, 0, 0, 0, 1, 1, 1, 0, 0, 1, 0, 1, 0, 1, 1, 0, 0, 0, 1, 1, 1, 1, 1, 0, 0, 0, 0, 1, 0, 1, 0, 0, 0, 0, 0, 0, 0, 1, 1, 0, 1, 1, 0, 1, 0, 1, 1, 1, 0, 0, 1, 1, 0, 1, 1, 1, 0, 1, 0, 0, 0, 1, 0, 1, 1, 0, 0, 1, 1, 1, 1, 0, 0, 0, 1, 1, 0, 0, 1, 1, 0, 1, 1, 0, 1, 1, 1, 1, 1, 0, 0, 1, 0, 1, 1, 0, 0, 1, 1, 0, 1, 1, 0, 0, 1, 1, 1, 0, 0, 1, 1, 1, 0, 1, 0, 0, 1, 0, 0, 1, 1, 0, 1, 0, 0, 1, 0, 1, 0, 0, 1, 0, 1, 1, 0, 0, 0, 1, 1, 0, 0, 1, 0, 1, 0, 1, 0, 1, 0, 1, 1, 0, 0, 0, 1, 0, 0, 1, 0, 1, 0, 1, 1, 0, 1, 1, 1, 0, 0, 0, 0, 0, 1, 1, 1, 1, 1, 1, 0, 1, 0, 0, 1, 1, 0, 1, 0, 1, 0, 0, 0, 1, 0, 0, 0, 1, 0, 0, 1, 0, 1, 0, 0, 1, 1, 0, 1, 1, 0, 1, 1, 0, 0, 0, 0, 0, 1, 0, 0, 1, 1, 1, 0, 1, 0, 0, 0, 1, 1, 1, 0, 0, 0, 0, 1, 1, 1, 0, 1, 1, 1, 1, 1, 1, 0, 1, 0, 1, 0, 1, 0, 1, 1, 0, 1, 1, 0, 1, 0, 0, 1, 0, 0, 1, 0, 0, 1, 1, 0, 0, 1, 1, 1, 0, 1, 1, 0, 0, 0, 0, 1, 1, 1, 0, 0, 0, 0, 1, 1, 0, 1, 0, 1, 1, 0, 0, 1, 1, 1, 1, 0, 1, 0, 1, 1, 1, 0, 1, 0, 1, 0, 1, 1, 0, 1, 0, 1, 1, 1, 0, 1, 0, 0, 0, 0, 0, 1, 1, 1, 1, 1, 1, 1, 0, 0, 1, 0, 0, 0, 1, 0, 0, 1, 1, 0, 1, 1, 0, 1, 0, 1, 0, 1, 0, 1, 1, 0, 1, 0, 1, 0, 0, 1, 1, 1, 1, 0, 1, 1, 1, 0, 0, 0, 0, 1, 1, 1, 1, 0, 1, 0, 1, 1, 0, 0, 1, 0, 1, 1, 1, 1, 0, 1, 1, 1, 0, 1, 1, 0, 0, 0, 1, 0, 0, 0, 0, 1, 1, 1, 1, 0, 0, 0, 1, 0, 1, 0, 1, 1, 0, 1, 1, 1, 0, 0, 0, 0, 0, 0, 0, 1, 0, 0, 0, 0, 1, 0, 1, 1, 0, 1, 1, 1, 1, 0, 1, 0, 1, 0, 0, 0, 1, 0, 0, 1, 1, 1, 0, 0, 0, 1, 0, 0, 0, 0, 0, 1, 0, 1, 0, 0, 1, 1, 1, 0, 0, 0, 1, 1, 0, 1, 0, 1, 1, 1, 0, 0, 1, 0, 1, 0, 1, 1, 1, 1, 0, 1, 0, 1, 1, 0, 0, 0, 0, 1, 1, 1, 1, 1, 0, 0, 1, 1, 0, 0, 1, 0, 1, 0, 1, 1, 0, 1, 0, 0, 1, 1, 1, 1, 1, 1, 0, 1, 0, 0, 1, 0, 1, 1, 1, 1, 1, 0, 1, 1, 1, 0, 0, 1, 1, 1, 1, 0, 0, 1, 1, 0, 1, 0, 1, 1, 1, 0, 0, 0, 0, 0, 0, 0, 0, 1, 1, 0, 0, 1, 1, 1, 0, 0, 0, 0, 0, 0, 0, 0, 1, 0, 1, 0, 1, 0, 1, 0, 1, 0, 0, 0, 0, 1, 0, 0, 1, 1, 0, 0, 0, 1, 0, 1, 0, 1, 0, 1, 1, 0, 1, 1, 0, 0, 0, 0, 1, 0, 1, 1, 0, 0, 0, 1, 0, 1, 1, 0, 0, 1, 0, 1, 0, 1, 0, 1, 0, 1, 1, 1, 0, 1, 1, 0, 0, 0, 0, 1, 1, 1, 1, 0, 0, 1, 1, 0, 0, 1, 1, 0, 1, 0, 1, 1, 1, 1, 0, 0, 1, 0, 0, 1, 1, 0, 0, 1, 0, 1, 1, 1, 0, 1, 1, 1, 1, 0, 0, 1, 1, 0, 0, 1, 0, 0, 0, 1, 1, 0, 0, 1, 1, 0, 1, 0, 1, 1, 0, 0, 0, 1, 1, 1, 0, 1, 0, 1, 1, 1, 0, 0, 0, 1, 0, 1, 1, 0, 1, 0, 1, 1, 0, 0, 1, 0, 1, 0, 0, 1, 1, 0, 1, 0, 1, 0, 0, 1, 0, 0, 0, 1, 1, 0, 0, 0, 1, 0, 1, 0, 1, 0, 1, 1, 1, 1, 1, 1, 1, 1, 1, 0, 1, 1, 1, 0, 0, 1, 0, 1, 0, 0, 1, 1, 0, 0, 0, 1, 0, 1, 0, 1, 1, 1, 1, 0, 1, 1, 0, 1, 1, 1, 0, 1, 1, 0, 0, 1, 0, 1, 1, 1, 1, 1, 1, 0, 1, 0, 0, 0, 1, 0, 0, 1, 0, 1, 0, 1, 1, 0, 0, 1, 1, 0, 0, 0, 0, 1, 0, 0, 0, 0, 0, 1, 1, 1, 1, 0, 0, 1, 1, 1, 1, 1, 0, 1, 1, 0, 1, 0, 1, 0, 0, 1, 0, 0, 0, 1, 0, 1, 1, 1, 0, 1, 1, 0, 0, 0, 1, 0, 1, 0, 0, 1, 1, 0, 1, 1, 0, 0, 0, 0, 1, 0, 1, 0, 1, 1, 0, 0, 0, 0, 0, 0, 0, 1, 0, 1, 0, 1, 1, 0, 0, 0, 1, 1, 0, 1, 0, 1, 1, 1, 1, 1, 1, 1, 1, 0, 1, 1, 0, 0, 1, 0, 1, 0, 1, 0, 0, 1, 1, 0, 0, 0, 0, 1, 0, 0, 0, 0, 1, 0, 0, 1, 1, 1, 0, 0, 0, 1, 0, 0, 0, 0, 0, 1, 0, 1, 1, 1, 1, 1, 0, 0, 1, 1, 0, 1, 0, 1]