#/home/brian/Documents/summer17/Python/VEC/scripts/make_SBM_graphs.py
# GMT Thu Jul 27 21:52:13 2017
# 
0 37 6 71 77 20 54 87 89 5
1 83 84
2 65 67 7 72 9 10 71 80 16 49 51 54 88 90 95 28 63
3 22 71 11 45 16 17 51 20 85 86 59
4 96 66 36 5 7 11 45 16 82 86 88 89
5 22 7 78 47 80 82 86 36
6 96 72 78 48 18 19 87 59 28 95
7 65 66 78 80 49 82 51 87 26 59 28 63
8 65 71 72 43 78 49 21 93
9 96 65 67 37 33 48 49 88 31
10 65 48 16 71 66 78 45 80 50 86 88 58 95 63
11 66 71 67 15 43 19 88 58 93 63
12 35 70 39 42 75 13 46 55 24 25 92 29
13 99 76 21 41 57 26 92
14 98 99 39 42 81 92
15 69 41 89 25 26 91 29 30
16 67 66 43 19 90 61
17 64 70 40 42 84 24 25 30
18 66 35 72 43 61 49 86 87 59 93 95
19 96 80 71 49 56 28 30
20 96 76 77 51 84 86 28
21 97 35 68 38 41 75 76 46 44 52 54
22 36 74 45 50 85 86 88 93 63
23 57 76 38
24 99 40 76 46 41 94
25 34 39 44 42 52 57 94
26 64 45 40 41 62 27 94
27 75 84 45 70
28 36 43 48 56
29 64 69 38 72 41 46 40 86 55 54 44 30
30 97 68 39 40 73 61 84 54 55 91
31 96 77 61 85 88 90 58
32 37 42 75 52 86 54 61 62 63
33 50 36 45 70
34 98 99 39 40 83 55 90
35 44 76 79 61
36 71 78 87 58
37 67 47 48 49 86 63 95
38 64 40 74 55 76 46 92
39 70 98 48 83 94 89 53
40 62 52 94
41 64 98 44 88 89 62
42 81 46 57
43 96 67 69 71 77 72 51 87 95
44 68 46 52
45 69 51 65 71 82 67 56 89 90 58 95
46 67 70 52 94
47 65 77 78 86 58 95 94
48 50 87 59 69
49 56 69
50 66 65 85 95
51 96 77 86 88 71 63
52 97 68 76 57 91
53 84 68 69 93
54 98 63
55 99 68 62 83 94
56 96 66 71 72 85 86 63
57 62
58 93
59 78 94 95
60 88 65 83 69
61 73 99
62 98 79 83 73
63 67 71
64 66 68 77
65 96 71 92 81 93
66 96 82 90
67 90 93
68 99 83 94
69 71 78 77 82 87 90
70 98 75 79
71 96 85 86 88 74
72 88 86 87 90
73 97
74 97 81 84
75 98 81 84 89
76 89
77 80 86 90
78 87
79 99 81 83 92
80
81 99 94
82 85 93
83
84 97 93
85 86 90 91
86
87
88
89 92
90
91 95
92 99 97
93 96 95
94 97
95
96
97 98
98
99
[0, 1, 0, 0, 0, 0, 0, 0, 0, 0, 0, 0, 1, 1, 1, 1, 0, 1, 0, 0, 0, 1, 0, 1, 1, 1, 1, 1, 0, 1, 1, 0, 1, 0, 1, 1, 0, 0, 1, 1, 1, 1, 1, 0, 1, 0, 1, 0, 0, 0, 0, 0, 1, 1, 1, 1, 0, 1, 0, 0, 0, 1, 1, 0, 1, 0, 0, 0, 1, 0, 1, 0, 0, 1, 1, 1, 1, 0, 0, 1, 0, 1, 0, 1, 1, 0, 0, 0, 0, 1, 0, 1, 1, 0, 1, 0, 0, 1, 1, 1]