#/home/brian/Documents/summer17/Python/VEC/scripts/make_SBM_graphs.py
# GMT Thu Jul 27 21:51:54 2017
# 
0 267 970 811 709 135
1 89 329
2 100 6 895
3 296
4 16 531 53
5 24 108
6 298 411 970 357
7 32 705
8 244 405
9 533 525
10 134 854
11 742
12 808 101
13 144 106 28 567
14 50 722 775
15 492
16 488 524 546 790
17 320 389 263 361 883 761
18 704 712 76 534 664 827
19 418 756 711
20 584 809 186 95 527
21 730 484 911
22 200 675 101 182
23 120 873 492
24 68 391
25 360 509 638
26 224 524 844 557 121 505
27 548 965 297 717 886 568 670
28 624 601 259
29 108 540
30 883 973
31 359 715 333 687 93 958
32 232 261 750
33 370 139 908
34 232 623
35 587 809 778 131 799
36 68
37 152 864
38 422
39 826 963 670
40 96 470 678
41 56 587 172 720 689 180 55 376 826
42 891 915 438 503
43 865 490 619 302 987
44 271 620 350 975
45 970
46 585 602 437 534
47 748 390 838
48 305 338 302
49 180 436 100 671
50 880 65 90 315
51 329 373
52 616 520 794
53 963 446 422
54 88 268 334 871
55 425 825
56 470
57 199 456 811 108 566 411 924
58 485
59 793 571 165 979 303
60 64 65
61 370 415 807
62 353 426 507 701
63 121
64 402 775
65 770
66 457 802 662 902 279
67 536 241 677
68 898 683 194 883
69 99 694
70 848 442 605
71 400 875 229 341
72 261
73 706 684
74 610 678 720 849 146 83 438
75 964 149 759
76
77 119 237 302 247
78
79 189 722 421 895
80 651 399
81 308 587 556 409
82 96 963 85 807
83 712 657 968 255
84 234 276 821 215 922 957 990 479
85 393 818 110
86 129 740 950 872 397 424 214 731
87 817 826 999
88 855 557 710 695
89 529 205 479 675
90 736 491 882 569 507
91 573
92 685 903
93 560
94 740 997 839 444 333 367 690 540 351
95
96 584 944 735
97 756 163 972 654 457
98 830 287
99 161 930 484 560 917 285 597
100 789 111
101 223 711
102 288 262
103 330 300 581 438
104 232 441 542 541 438
105 900 180
106 800 489
107 928 853
108 594
109 305 334
110
111 937 202 559 120 473
112 825 229 646 559
113 721 148 446
114 635 909
115 977 827 398
116 785 549 582
117 660 637 702
118 209 737 908 591
119 520 401
120 225 373 601
121 928 259 454 422 503 827 988 734
122 129 627 469 734 343
123 466 501
124 794 986 443 283 997
125 969 186 419 692
126 680 385 910
127 957 767
128 777 259 581 751
129 144 201 234
130 219
131 558
132 536 682 268 526 870
133 564 862 351
134 969 523 499
135 849 243 230
136
137 320 265 138
138 866 699 796 183
139 874 686 177
140 160 372 220
141 628
142 258 789
143 619 269 903
144 352 741
145 410 284 494
146 878
147 653
148 820 621 790 639
149 881 325 711
150 346 458 173
151 284
152
153 874 766
154 481 738
155 570 243 908 526
156 337 211 932 357
157 329 806
158 984 466 199
159 796 941 238 783
160 867 366
161 264 498
162 425 221
163 400 771 205
164 248 750 335
165 814 583
166 265 404 438
167 217 460 191
168 377 775
169 724
170 812 452 173
171 673 595 709
172
173 834 236 493 209 536 317
174 920 386 523 965
175 320 739 356 808 749 849
176 320 539 775
177 534
178 232 505 811 621 792
179 371 819 516
180 768 491 332
181 895 687
182 656 652
183 324 232 653 282 442
184 677 937 618 332 216 602
185 872 458 796 717
186 564 706
187 762 242 861
188 275 772 879
189 424 913 563
190 396
191 739 507
192 504
193 464 235 428 725 702
194 764 250 594 630
195
196 776 713 547 420 657
197 476 493
198 220
199 571 557 911
200 375
201 311 749 375 602 671
202 964
203 674 772
204 720 506 860 877 231
205 220
206 595 596 262
207 616 472 322
208 732 661
209
210 850 299 446
211 884 549 253
212 727
213 937 415
214 269 519
215 418 341 598
216 424 356 806 711
217 532 274 740 782
218 232 801 538 435 316
219 849 724
220
221 903 457 652 435 532 820
222 927
223 760 913 682
224 339 471 261 231
225 560 840 634 796
226 693 773
227 638 869 742
228 977 799
229 964 910 590 378
230 507 407
231 797 401 594 435 861
232 353 361 468 796 799
233 369 258 308
234 874 989
235 704 962 259 462 399 912
236 665 921
237 670
238 412
239
240 964 934 910
241
242 451 585 874 365 305 445 382
243 874
244 771 379
245 927
246 506 666 542
247
248 338 971 989 526
249 908 685
250
251 384 299 567
252 993 934 678 973 692 953 988
253 443 471
254 863 647
255 731 740 325 747 569 987
256 704 914 414 695
257 928 494
258 885 825 605 574
259 917
260 960 978 435
261 904
262 920 487 287
263 274 836
264 888 907 267 816
265 558 599
266 872 290 925
267 298 689 275 823 923
268 728 347 871
269 624 377 805
270 445
271 963
272 906 915 582 567
273 616 832 542
274 944 677 806
275
276 777 494
277 723 399
278 832 975
279 984 968
280 969 283 301
281 293
282 933
283 553 469 717
284 544 707 573 478 767
285 379 624 419 702
286 459 532 701
287 293 620 786 664
288 613 431 955 477 965
289 581 741
290
291 609
292 841 820 425 495
293 960 500
294 706
295 462
296
297 660 500
298
299 616 461
300 394 655 581
301 480 928 316 691
302
303 619 665 418 667
304 573 830
305 744 756 602 380 477
306 445 942 702 845
307 794
308 880 835
309
310 497
311 330
312 713 842
313 829
314 480 316
315 392 360 862
316 995
317 595 804 726
318 803 947 550
319 529 977
320 849
321 824
322 794 515 773 533
323 725
324 529 847 851
325 413 571
326 779 515
327 345 372
328 824 634 883
329
330
331 808 841
332 736 387 551 688 727 701
333 842 436
334 824
335 857 909 697
336 634
337 913 570 539
338
339 384 707
340 631
341 649 382
342 902 423
343 632 980 693
344 864
345 471
346 459 943
347 562 363
348 409 557
349 930 706 966
350 766
351 827 551
352 519
353 750 358 541
354
355 473 701
356 769 998
357 417 436 550
358 530 507
359 367
360 934 968 822 991
361 608 440 414
362 818 684 458
363 427
364 551
365 642 876 687 625 887 730
366
367 714
368 784 840 614 374 415
369
370 507 780
371 582
372 739 791 955 828
373 813
374 508 909
375 418 901
376 657 561
377 901
378 851 533
379 849 995
380 657 875 540 383
381 402 958
382 689 996 798
383 696 714
384 779 705
385 393
386 529 826
387
388 742 719
389 736 789 728 665 987
390 665
391 707 484
392 500
393 603 651 961
394 752 456 428 414
395 596 533
396 724 749 727
397
398 978 461
399
400 544
401 456 633
402 513 962
403 488 424 747
404 446
405
406
407 828 918
408 704 798 919
409 683 445 919
410 733 975
411 662
412 438
413 784 661
414 928 519
415 760 946
416 587
417
418 724
419 765
420 801 486 555 978 597
421 802 442
422 547 459 524
423
424 612 598 808 876
425 833
426 504
427 493
428 448 925
429 764 492
430 781
431 449 614 433 915 543
432 452 774
433 624 745
434
435
436
437
438
439 680 809 538 547
440 961
441
442
443 909
444 820
445 957
446 912
447 628
448 850
449
450 630
451 612 910
452 824 888
453 939 775
454 712
455 729 747 996
456 936 877
457
458 765 473
459 592
460 593 989 629
461 928 745 945
462 791
463
464 716 572
465 861 663
466 784 968
467 645
468 506 684 570
469 537 549 613
470 889
471 509
472
473 585 493 761
474
475 928 768 998 879 881 922
476
477 948 536 823
478 499 723
479 831 865 817
480 992 483
481 654
482
483 795 588
484 778 582
485 619
486 517
487 554 619 910
488 791
489 976 949
490 826 813 781
491 496 619 806
492 652
493 617
494 503 542
495 841 967 897
496 657 508
497
498 650
499 994
500 907 686 633
501
502
503
504
505 907 772
506
507 662 998
508 576 643 657 820 573
509 609 589 945
510 867 899 767
511
512 988 750
513 584 864 981 861
514 818
515 914 719
516 777
517 657 915
518 584 999
519 861
520 693
521 561 831
522
523 552 965
524 624 546
525 600 954 706 927
526 708 718 880
527 847
528 989
529 817 927
530 930 879 560 792 668
531 626
532 903 808 782 724
533 643 550
534 973
535 547 861
536 961 967 580
537 850
538 707
539 993
540
541 904 935 543
542 785 564 692
543 589
544 723
545 668
546 721
547 807 725
548
549 666
550 630 587
551 834
552 863 623
553 815
554 642 931
555 901 937 655 880 886
556
557
558 757
559 673 893
560 704 985 796
561
562
563 961
564
565
566 742 863
567 851 639
568 777 786 653
569 900 937 939 624
570 587
571 996 940 596 728
572 585
573
574
575 587 918 830
576 922 803 646
577
578
579 744 600 826 812
580 776 945
581 914 922
582 899
583 585
584 928 663
585 622
586 755
587 911
588 706 668 734
589 639
590 793 970
591
592 961
593 842
594 779
595 876 944 786
596
597 778 975
598 688 908 768
599 847
600 896 642 918 857
601 996 837 838 775 852
602 837 683
603
604
605 899
606 969
607 856 896 922
608
609 792 783
610 901 918
611
612 753
613
614 762 676 826
615 816 807
616 755 660 636
617 760
618 754 893
619 756 953 729
620 828
621 962 974
622 882 727 631
623 907
624 765
625 852 798
626 941 790
627 806
628 787
629 937
630
631 944
632 654
633 659 783
634 706 695
635
636 801 704 975
637 864 930
638 704 965
639 773
640 723 847
641
642 897
643 694 743
644 968 788
645 848 881
646
647 787
648 998
649 869
650 691 877
651
652 813
653 765
654
655 670 755
656 951
657 739 874 675
658 860 733
659 757 927
660
661 931 715 831
662
663
664 691
665 983
666
667 996
668
669 784 857 947
670 751 693
671 852
672
673 888 885 727
674
675
676 682 731 692 781
677
678 805 942
679 744 821
680 864 791
681 921 718 905
682
683 779 931
684 904
685 740
686 900 806 715
687 897
688
689 769
690 808 982
691 963 978 867
692 720
693 719
694 972
695 795
696
697 947
698 849 779
699
700 779
701
702 878
703
704 962 713 780 951
705
706 765
707 916 791
708
709
710 757 853 791
711
712 877
713
714
715 837 939 831
716
717
718
719
720 942
721 943
722 833
723 974
724 753
725
726 873
727
728
729 764
730
731 803
732 849 882
733
734 830
735 906 813
736 784 764
737 929
738
739 828
740 865
741
742
743 775
744
745
746 881
747 892 836
748 872
749
750 752 787
751 933
752
753
754
755 832 938
756 857
757
758 835
759
760
761
762 793
763
764 919
765 923
766
767
768 953 845
769
770
771
772 822
773
774
775
776
777 947
778 958 941
779 816 851
780 835 846 990
781 932
782 972
783 987
784
785 937 899 799
786
787 977 819
788 987
789 826
790
791 864
792
793 918 967
794
795 975
796 804 815
797 985 933
798
799
800
801 844
802
803
804
805
806 859
807
808
809 884
810 936
811
812
813
814 931 998 959
815
816 871
817
818 886
819
820
821
822 827 941
823
824
825 960
826
827
828
829 894 839
830
831
832 963
833
834 939
835 946
836 988 918
837 973
838 903
839
840
841 900
842
843 888
844
845
846 882 979
847 933 860
848
849
850 951
851
852 924
853
854 997
855
856
857
858 960
859
860 906
861 899
862
863
864
865
866 975
867 928
868
869 995
870
871
872
873
874
875
876
877
878
879
880
881
882 919
883
884
885
886
887
888
889 908
890
891 941
892
893
894
895 987
896 911
897
898 905
899
900
901
902
903 973
904
905
906 927
907
908
909
910
911 939
912
913
914
915
916
917
918 937
919
920
921
922 941
923
924
925
926
927
928
929
930
931
932
933
934
935
936 963
937
938
939
940
941
942
943
944 997
945
946
947
948
949
950
951 961
952
953
954
955
956 985
957
958
959
960
961
962
963
964
965
966
967
968
969
970
971
972 987
973
974 986
975 980
976
977
978
979
980
981
982
983
984
985
986
987
988
989
990
991
992
993
994
995
996
997
998
999
[1, 1, 1, 1, 0, 1, 1, 0, 0, 0, 0, 0, 1, 0, 1, 0, 0, 1, 0, 1, 0, 0, 1, 0, 1, 0, 0, 0, 0, 1, 1, 1, 0, 1, 0, 0, 1, 0, 0, 0, 0, 1, 0, 1, 0, 1, 1, 1, 1, 1, 1, 1, 0, 0, 1, 1, 1, 1, 1, 1, 1, 1, 0, 0, 1, 1, 1, 1, 1, 1, 1, 1, 0, 0, 1, 1, 0, 0, 1, 1, 0, 1, 0, 1, 1, 0, 1, 1, 0, 1, 1, 0, 1, 1, 1, 0, 0, 1, 0, 0, 1, 1, 0, 0, 0, 1, 0, 0, 1, 1, 0, 1, 1, 0, 1, 0, 0, 0, 1, 0, 1, 0, 0, 1, 0, 0, 0, 1, 0, 1, 1, 0, 1, 0, 0, 1, 0, 0, 0, 1, 0, 0, 1, 1, 1, 0, 1, 0, 0, 1, 0, 0, 0, 1, 0, 1, 1, 1, 1, 0, 0, 0, 1, 1, 1, 1, 0, 1, 1, 1, 1, 1, 1, 1, 0, 1, 1, 1, 0, 0, 1, 1, 0, 0, 1, 0, 0, 1, 0, 1, 1, 0, 0, 0, 1, 0, 0, 1, 1, 1, 1, 1, 1, 0, 0, 1, 0, 0, 1, 1, 0, 0, 1, 1, 1, 1, 1, 1, 0, 1, 0, 1, 0, 1, 0, 0, 0, 0, 0, 1, 1, 0, 0, 1, 1, 0, 1, 0, 0, 0, 1, 1, 1, 1, 0, 0, 0, 0, 1, 1, 1, 0, 1, 0, 0, 1, 0, 0, 1, 0, 0, 0, 0, 1, 1, 0, 0, 1, 1, 1, 1, 0, 0, 0, 1, 0, 0, 0, 0, 1, 0, 1, 0, 0, 0, 0, 1, 0, 0, 0, 0, 0, 1, 0, 0, 0, 0, 0, 1, 0, 0, 0, 0, 1, 0, 1, 1, 0, 1, 1, 0, 1, 1, 1, 0, 0, 0, 1, 1, 0, 1, 1, 0, 0, 0, 1, 1, 0, 1, 1, 0, 1, 1, 1, 1, 1, 0, 1, 1, 0, 0, 1, 1, 0, 0, 0, 0, 1, 1, 0, 0, 0, 1, 0, 1, 1, 1, 1, 0, 1, 0, 0, 0, 0, 1, 1, 0, 1, 1, 1, 1, 0, 0, 1, 1, 1, 1, 1, 0, 0, 1, 0, 1, 1, 0, 0, 0, 1, 0, 1, 1, 0, 0, 0, 0, 0, 1, 0, 0, 0, 1, 0, 0, 1, 0, 0, 0, 1, 1, 1, 0, 1, 0, 1, 0, 1, 1, 1, 1, 0, 0, 1, 0, 1, 1, 1, 0, 0, 0, 1, 1, 0, 1, 0, 0, 0, 1, 1, 0, 0, 0, 0, 1, 0, 1, 1, 0, 0, 0, 1, 0, 1, 1, 1, 0, 1, 0, 1, 0, 0, 1, 0, 0, 1, 0, 0, 1, 1, 0, 0, 1, 0, 0, 1, 0, 1, 1, 1, 0, 1, 0, 0, 0, 0, 0, 1, 0, 1, 0, 0, 1, 1, 1, 1, 0, 1, 1, 0, 0, 0, 0, 1, 0, 0, 0, 0, 0, 1, 1, 0, 0, 0, 1, 0, 0, 0, 0, 0, 0, 1, 0, 1, 1, 0, 0, 0, 1, 0, 0, 0, 0, 0, 1, 0, 1, 0, 1, 0, 0, 1, 1, 0, 0, 0, 0, 0, 0, 0, 0, 0, 1, 1, 0, 0, 1, 0, 1, 1, 0, 1, 0, 1, 1, 1, 0, 0, 0, 0, 0, 1, 1, 1, 1, 0, 1, 1, 1, 0, 1, 1, 0, 0, 0, 1, 0, 1, 0, 1, 0, 0, 1, 1, 0, 1, 1, 0, 0, 0, 1, 0, 1, 1, 1, 0, 0, 1, 0, 1, 0, 0, 1, 1, 1, 0, 1, 0, 0, 0, 1, 1, 0, 0, 1, 0, 0, 1, 0, 0, 0, 1, 1, 0, 0, 0, 0, 1, 0, 0, 0, 0, 0, 0, 1, 1, 1, 1, 1, 0, 0, 0, 0, 0, 1, 0, 0, 0, 0, 1, 0, 0, 0, 1, 1, 0, 0, 1, 0, 1, 0, 1, 0, 1, 1, 1, 0, 1, 1, 1, 1, 1, 0, 1, 1, 1, 0, 1, 1, 1, 1, 1, 1, 0, 1, 0, 1, 0, 1, 1, 1, 0, 1, 1, 0, 1, 0, 0, 0, 0, 1, 1, 0, 1, 0, 0, 1, 1, 0, 0, 1, 0, 1, 0, 1, 0, 1, 0, 1, 1, 1, 1, 0, 1, 1, 0, 0, 0, 1, 1, 0, 0, 1, 0, 0, 1, 1, 0, 1, 1, 1, 1, 0, 0, 0, 1, 1, 0, 1, 0, 1, 1, 1, 1, 1, 1, 1, 0, 0, 0, 1, 1, 1, 1, 0, 0, 1, 1, 0, 0, 0, 1, 1, 1, 1, 0, 1, 0, 0, 0, 1, 1, 0, 0, 0, 1, 0, 0, 0, 0, 1, 0, 0, 0, 1, 1, 0, 1, 1, 0, 1, 0, 1, 1, 1, 1, 1, 0, 1, 1, 0, 0, 1, 1, 0, 1, 1, 1, 1, 0, 0, 1, 0, 1, 0, 1, 1, 1, 1, 1, 1, 1, 1, 1, 1, 1, 0, 1, 1, 0, 1, 1, 0, 0, 1, 0, 0, 0, 1, 1, 0, 1, 0, 0, 0, 0, 0, 1, 1, 0, 0, 0, 1, 1, 0, 1, 1, 1, 1, 0, 0, 0, 1, 1, 1, 1, 0, 1, 0, 1, 1, 1, 1, 0, 1, 1, 1, 1, 1, 1, 1, 0, 1, 1, 0, 1, 0, 1, 0, 0, 1, 1, 1, 1, 0, 1, 0, 0, 0, 0, 1, 1, 0, 1, 1, 1, 1, 0, 1, 0, 0, 1, 0, 1, 1, 0, 1, 0, 0, 1, 0, 1, 1, 0, 1, 0, 0, 0, 1, 1, 1, 0, 1, 0, 0, 1, 0, 0, 0, 1, 0, 1, 0, 0, 0, 0, 1, 0, 0, 1, 1, 0, 1, 1, 1, 1, 0, 0, 0, 0, 0, 1, 0, 0, 1, 0, 1, 0, 0, 1, 1, 1, 1, 0, 0, 1, 0, 0, 1, 0, 1, 0]