#/home/brian/Documents/summer17/Python/VEC/scripts/make_SBM_graphs.py
# GMT Thu Jul 27 21:51:51 2017
# 
0 98 43 21 15
1
2 81 36 57 73
3 33 60
4 32 33
5
6 26 91 90
7 24 41 61
8 95
9 82 27 13
10 56 41 37 94
11 34 90 26
12 56 33 58 27
13
14 86
15 82 27
16 48 82 20
17 89 28
18 90 70
19 70 71
20 24 42 83 87
21 82 54
22 48 82 28 37 61
23 28 93 30
24
25 50 63
26 97 44 84 60
27 70 72 29
28
29 49 59
30 73 83 35
31 89 76 93
32 84 38 71
33
34 90
35 73 76 53 54 57
36 73 42 76 87 57
37
38
39 73
40 50
41 46 59 74 62
42 93 65 89
43
44 97 79
45 81 60 70
46 76
47 58 95
48 77 50 53 54 61
49 91 60 71
50 66
51
52 58
53 56
54
55 75
56 73 78 94 95
57
58 66 75
59 74
60 78
61 95
62 83
63
64
65 80 82
66 84 85
67 72
68
69 72 70
70 72
71 72
72
73
74 78
75 90
76 77
77
78 99
79 86
80 82
81 96
82 90
83
84
85
86
87
88 90
89
90
91
92
93 95
94
95
96
97
98
99
[0, 0, 1, 0, 0, 0, 0, 1, 1, 1, 1, 0, 0, 1, 0, 0, 1, 1, 0, 0, 1, 1, 1, 1, 1, 0, 0, 0, 1, 0, 1, 1, 0, 0, 0, 1, 1, 1, 0, 1, 0, 1, 1, 0, 0, 0, 1, 1, 1, 0, 0, 1, 0, 1, 1, 0, 1, 1, 0, 1, 0, 1, 1, 0, 0, 1, 0, 0, 0, 0, 0, 0, 0, 1, 1, 0, 1, 1, 1, 0, 1, 0, 1, 1, 0, 0, 0, 1, 0, 1, 0, 0, 0, 1, 1, 1, 0, 0, 0, 1]