#/home/brian/Documents/summer17/Python/VEC/scripts/make_SBM_graphs.py
# GMT Thu Jul 27 21:52:03 2017
# 
0 675 549 747 530 439 472
1 819 299 765 719
2 992 741 712 720 475 892 126
3 300 399 945 279 248 889 412
4 480 323 838 904 337 403 535 347 543 893 607
5 353 962 418 318 881
6 744 857 682 510
7 352 417 964 587 629 570
8 259 293 654 275 788 120 281 26 58
9 928 39 143 346 911 415
10 998 169 139 524 302 16 883 142 502 633 947
11 737 517 369 885 825 987
12 737 580 262 107 653 144 292 735
13 787 173 613
14 416 788 278 583
15 99 404 835 452 683
16 762 779 202 153
17 397 685 767 405 255
18 74 845 910 499 596 878 214 442
19 291 872 717 218 347 508
20 378 399 886 335
21 386 840 746 738 495 401 410 860
22 711 682 847 657 823 792
23 800 841 525 270 662 185 286
24 901 49 264 777 974 433 506
25 480 581 807 42 551 557 592 147 474
26 266 372 761 607 479
27 64 81 426 541 942
28 264 728 666
29 132 487 648 649 204 753 392 757 86 827
30 63 660 149 151
31 929 740 881 395 337 276 217 506 895
32 737 486 199 168 434 339 471 568 126
33 435 932 359 333 846 243
34 252 590 102
35 827 578 443 294
36 368 962 621 710
37 576 112 488 523 492 272 151 631 701
38 226 676 770 445 482 827 861 319
39 323 651 652 504 826 542
40 112 304 890 311 703
41 161 675 711 74 887 623 81 215 414 191
42 229 715 301 626 758 892 765
43 807 392 240 661 986 509 981
44 227 489 82 725 633 889
45 132 584 431 466 85 100 475 317 222 191
46 129 612 894 326 651 526 885 990
47 328 841 234 845 264 114 790
48 903 765 942 533
49 673 730 692 740
50 226 427 651 720 567 58 445
51 896 672 866 97 330 274 564 117 217 187 106
52 450 947 988 221
53 265 692 444 254
54 737 802 545 970 626 687 370 307 91
55 344 720 187 533 264
56 225 162 69 470 906 238 726 695 763 95
57 166 555 878 885 986 862 319
58 549 494 663 219
59 83 538 259 989
60 876 563 468 277 502 599
61 613 262 903 915 180 280 121 795
62 992 969 740 311
63 256 99 838 847 880 179
64 134 808 713 172 435 340 982
65 321 450 747 785 425 587 399 752 849 979 775 952 947
66 460 817 594 979 852 376
67 448 713 394 749 463 657 436 312 412 798
68 519 968 367 754 404 798
69 458 76 305 726 695
70 197 933 392 585 206 400 767 255
71 936 270 431
72 122 531 317 478
73 289 137 683 365 815 826 732
74 614 487 145 532 822 543 93 863
75 963 404 715
76 996 741 295 264 690 247
77 427 907 877 823
78 672 953 340 846 969
79 393 243 870
80 353 838 683 652 429 720 467 213 182 411 253
81 391 327 942 495 304 792
82 546 774 338 243 280 190
83 304 199
84 673 749 752 305 819 405 790 765
85 301 752 307 821 567 190
86 294 752 145 691 120
87 168 488 586 815
88 228 962 140 268
89 889 794 890 221 849
90 609 481 137 285 880 281 601 603 477 382 255
91 718 932 750 525
92 736 400 263 586 112 215
93 776 493 271 648 851 631 316
94 857 690 215 545 423
95 931 906 111 144 310 855 254 447
96 419 932 118 744 557 470
97 962 163 682 498 692 181 729 191
98 968 170 235 593 850 212 701
99 685 499 565 830
100 836 997 902 305 365 785 210 115 313 998
101 712 435 676 109 567
102 888 113 408 519
103 789
104 353 644 742 871 397 816 452 282
105 400 857 203 438 975
106 731 357 813 303 306 883 399 762 251 636 947 671
107 193 870 626 210 312
108 228 492 397 175 528 214 922
109 871 394 173 911 601 638
110 518 973 501 790 279 378
111 960 196 886 265 843 846 593 430 438
112 832 188 917 453
113 391 471 339 340 470 249 377 763 446
114 577 965 681 562 631 280 125
115 618 747 789 998
116 568 809 312 671
117 608 643 262 236 340 470
118 992 802 131 874 334 789 793 474
119 360 817 987
120 801 140 536 218 316 607
121 801 900 202 431 340 181 438 330 735
122 783 773 391
123 248 218
124 455 937 459 214 345 223
125 226 899 709 589 739 500 855 826 830 127
126 387 901 775 971 284 773
127 481 578 648 560 456 757 216 828 542
128 313 591 807 753
129 418 484 710 578 272 369 922 383
130 992 385 146 152 615
131 865 450 395 232 169 459 404 791 632 155
132 390 296 412 202 587 876 973 141 408 269 758 216 441 892
133 312 229 923 421 495
134 257 936 618 462 305 370 180
135 672 302 276 821 408 436
136 256 801 772 613 577 239 880 634 933
137 401 298 459 396 369 981 598 280
138 553 421 967
139 224 197 556 397 938 440 860 682
140 753 760 174 397 528 467 342 591 667 509 382 479
141 356 238 541 401 595 414 279 573 868
142 514 980 165 430
143 965 429 335 281 732 157 767
144 450 197 741
145 513 291 326 904 201 656 914 345
146 673 484 453 842 738 692 917 729
147 688 935
148 801 451 804 584 939 318
149 512 734 999 872 460 593 154 250 828 477 766
150 800 387 362 783 440 338 915 856 569 335
151 353 194 872 937 268 770 754
152 800 227 197 232 874 888 185
153 768 486 365 657 500 821 407
154 672 184 245
155 800 232 332 278 700 446
156 928 520 328 815 392 953
157 516 965 429 179 404
158 934 638 926 214 345 953 639 989 350 405
159 378 437 525
160 962 530 557 742 639
161 325 905 913 952 502 375 312 891 381
162 679 553 206 690 471 765
163 459 621 175 881 248 733
164 812 430 719 663 664 313 767
165 537 183
166 482 175 625 633 568 570 283
167 988 238 946 947 854 505 700
168 772 999 490 589 950 796
169 740 453 745 907 890 746
170 808 371 818 241 594 659 661 796
171 736 545 547 261 946 700
172 900 841 238 561 338 790 825 349
173 194 613 422 372 373 719
174 862 743
175 743 622 910
176 868 519 274 633 857 669
177 304 809 853
178 388 747 240 242 883 356 570
179 323 211 638
180 426 909 973 947 635
181 424
182 422 647 717 559 443 351
183 194 228 839 972 717 528 216
184 225 450 264 434 758
185 225 453 545 489 906 750 657 531 398 810
186 568 945 834 718 222
187 226 241 661 602 219 890
188 612 716 972 494 207 497 663 506 796
189 778 723 820
190 329 462 406 350
191 435 359 627 377 510
192 587 579 389 488 777 651 684 753 372 201 631 927
193 960 546 969 209 210 436 799
194 640 835 516 199 396 938 780 413 787 478 591 989 222
195 584 993 794 476 622
196 568 823 572 815
197 612 338 590 783 978
198 769 200 365 783 945 595
199 901 692 246 632 220
200 971 333 909 307 501 471 888 285
201 650 912 756 541
202 736 673 395 913 786 632 476
203 533 854 575
204 962 999 554 935 258 914 211 697 825 986
205 289 731 231 223 693 251 380 351
206 995 360 213 379
207 664 532 995 489
208 234 621 958
209 920
210 450 546 431 292 975
211 386 611 451 824 991 831
212 837 714 494 367 665
213 516 902 456 681 523 846 767
214 945 307 981 342 503 827 702
215 458 327
216 674 460 658
217 226 424 907 431 817 437 886
218 962 806 423 425 882
219 608 452 326 392 429 848 252 543
220 978 934
221 803 584 978 470 312
222 996 553 426 590 561 600 635
223 515 773 429 283 380
224 712 655 408 474 668 959
225 775 263 655
226 769 515 580 965 487 361 654 335 309 442
227 711 746 333 785
228 460 412
229 929 978 853 412 810 254
230 552 913 604 879
231 929 279
232 320 385 900 870 486 520 955 570 540
233 928 953 614 550 751
234 812 844 270 885
235 944 336 939 688
236 485 873 974 820 923
237 304 858 939 698 541
238 811 877 435 507 476
239 272 673 620 848 245 727 607
240 865 846 985 799
241 961 742 871 616 313 697 379 575
242 258 899 370 304 501 246 699 605 959
243 741 794
244 456
245 322 935 691 665
246 866 395 390 427 506 762
247 936 323
248 582 841 783
249 642 615 715 723 758 412 541
250 872 833 863 479
251 585 542 665
252 297 458 845 467 885
253 352 353 835 833 808 331 494 467 853 951
254 507 870 907 782 373 894 901
255 675 457 976 275 503
256 653 545 621
257 929 546 412 325
258 262 265 299 471 957
259 679 473 924 830
260 451 275 751 787 793 863
261 576 560 585 267 526 367 912 986
262 302 496 441 568 377
263 520 540 427 943 595 276 857 414
264 611 484 581 550 904 304 995 826 283
265 836 302 340 923
266 992 513 872 989 314
267 524 492 592 369 282 958 383
268 993 605 982
269 450 325 945 680 909 529 693 791
270 836 811 398 303 334 655
271 777 436 396 497
272 649 944 439 445
273 540 293 974
274 680 973 981 567 632
275 544 964 869 679 598 824 602
276 426 563 287
277 795 865 419
278 744 440 970
279 332 854
280 673 707 957 441
281 796
282 940 781 720 628 981 473 958
283 328
284 834 820
285 305 874 301 909 849 821 539
286 899 933 748 569 703
287 324 874
288 451 454 326 328 972 931 538
289 640 995 881 596
290 667 951
291 805 459 374 379
292 946 471 921 959
293 928 550 454 807 937 688 885 313 925 863
294 345 323 917
295 998 368 530 920 446
296 896 426 463 433 763
297 344 512 298 845
298 869 934 647 663 374 376 511
299 445 865
300 863
301 785 329 908 381 657 531 726 537
302 513 690 979
303 737 519 840 372 590 311 906
304 363 730 412
305 317 784
306 864 677 527 948 789 663 735
307 687 370 468 605
308 464 437
309 688 467 826 678
310 330 453
311 746 631 890
312 738 763 903 923 387 859 507
313 838 587 526 467 989
314 488 323 805 693
315 584 407 365 883 404 823
316 976 710
317 386 996 450 469 346 735
318 480 878 603 607
319 644 552 940 911 951
320 952 956 662
321 584 626 943
322 376 563 830 949
323 833 592 882 537 957 766
324 890 395 692
325 708 564 340 794 507
326 515 721 619 403 863
327 395 875 725 921
328 420 692
329 547 969 938 908 847
330 834 771 811 500 533 920 570 378
331 354 710 818 530 983 472 761
332 547 393 783 754
333 448 865 401 729
334 859 892 669
335 684 470
336 522 786 787 916 981 702
337 514 591 953 796
338 747 370 604
339 820
340 993 486 531
341 822 940 844 659 566 573
342 577 482 484 776 685 786 374
343 555 869
344 851 637
345 839 753 445 927
346 715 900 391 455 775 725 854
347 373 814
348 358 551 572 601 476 701
349 730 886
350 720 736 986
351 845 364 461 592 923
352 760 919 972
353 935 494 463 757
354 418 772 647 753 851 662 503
355 761 460 645 429
356 708
357 993 486 876 622 628 789 541
358 499 701
359 744 735 381
360 643 589 751 912 914 691 732 575
361 455 367 369 664 732 925
362 464 618 784 433 508
363 752 907 549
364 416 739 829 742
365 763 998 747
366 386 606 943
367 417 710 551 524 951 543
368 993 964 527 433 505
369 517 515 788 472 631
370 955 909 489 975 567 410 859 669
371 664 396 661 806
372 704 421 743 885 760
373 934 454 585 497
374 805 422 392 428 742
375 746 387 892 942
376 481 484 594 699 541 991
377 453 491 816 539
378 545 546 547 979 759
379 848 496 709 881 585 912 793
380 641 650 683 691 831
381 773 774 525 947 821 921
382 898 554 882 664 665 767
383 514 451 769 659 827
384 407 461 614 935
385 800 746 606
386 960 833 776 821 701
387 547 909 959
388 841 836 437
389 704 418 562 596 602 511
390 580 486 977 690
391 580 428 943 856 638
392 930 839
393 833
394 714 652 397 586
395 406 712 427 460 655 625 529 789 955 860 766
396 417 770 976 674 879
397 897 513 465 664 663 728
398 420 623
399 485 774 711 590 867 508 894
400 929 520 618 500 853
401 997 875 564 920 858 469
402 421
403 833 683 893
404 642 428 502 599 900 410 735
405 578 517 425
406 523 510
407 777 594 628 822 617 861
408 813 435 947
409 936 941 797
410
411 472 640 492 649
412 614 590 686 730 956 624
413 552 612 575
414 968 425
415 451 629 822 697 699
416 513 586 467 727 665 954 575
417 869 871 497 788 724 529
418 683 631 637
419 673 650 436 810 671
420 498 996 606
421 619 686 890
422 516 616 780 957 517
423 472 697
424 741 718 527 476
425 990 798
426 800 994
427 943 849
428 609 706 579 804 550 839 937
429 706 517 693 822 697
430
431 450 978 626
432 567 783
433 946 982 537 729 447
434 450 573 567
435 719 677 892 669
436 680 972 686 757 474
437 997 618 975 785 626
438 495
439 976 772 833 904 562 640
440 896 470 746 915 564 789 539 947
441 811 491 941 846 909 860
442 456 710 607
443 981 888 473 829
444 813 891 695
445 717 851 790 722
446 865 966 748 498
447 476
448 795 968 708
449 475 758
450 582 486 681 726
451 455 649 523 654 850 666 702
452 512 611 875 694 826
453 714
454 964 818 659 694 924 949
455 704 522 720 689 851
456 578 619
457 560 897 804
458 742 716 637 634 732 701
459
460 572 490 579 599 764 829
461 522 594 787 596 761
462 825 611
463 716 662 632
464 580 877 630
465 664 961 734
466 713
467 468 479
468 864 909 569
469 704 966 725 794
470 971 985 859 895
471 595 955
472 835 526 850 988 734
473 645 904 949
474 968 750 636
475 726 605 703
476 836 583 876 979 759
477 645 588 861 890
478 984 891 489
479 656
480 691
481 522 885
482 878 939
483 880 890 717
484 700
485 624 642 746
486 867 873
487 753 925 721 766
488 739 551 503
489 994 532 857 888
490 664 961
491 553 946 599 730
492 617 530 596
493 562 530 851 806
494 674 717 589 594 767
495 853 857
496 545 941 721 724
497 804 678 807 848 563 694
498 864 870 934 686
499 805 980 566 509
500 740
501 748
502 580 717 947 891
503 933 649 898 648 602 543
504 513 788 709 990
505 537
506 865 749 791 573
507 931 915 765 997
508 713 886
509 641 526 661 893
510 709
511 614 587 688 761 922
512 594 925
513 924 638
514 739 933 536 935 844 756 728 830
515 940 751 767
516 801 964 903 683 814 977 598 612 575 927
517 654 526
518 996 782 847 755 572
519 821 790 570
520 578 569
521 962 676 814 976 565 570 924
522 896 893 694 827 701 991
523 647 757 727 701
524 961 558 954
525 832 744 975 763
526 871 716 850
527 533
528 995 806 940
529 948 759 729 860 735
530 933 972 655 640
531 686 758
532 872 916
533 803 775 590 668
534 728 806
535 795 676 603 641
536 640 833 616 665
537 792
538
539 698
540 561 590
541 960
542 704 909 761
543 897 987 779 592 732
544 812 587 972 809 829
545 677 618 564 860
546 998 974 823 860 671
547 883
548 712 959
549 739 941 912
550 930 906 591 901
551 828 812 601
552 780 944 821 983
553 769 948
554 776 878 728 602 927
555 592 812 709
556 846
557 608 805 648 912 882 756 693 598
558 844 815 941 919
559 658 587 770 670
560 724 758
561 947 677
562 933 648 720
563 626 698
564 712
565
566 704
567 744 714 669
568 993 811 877
569 604
570 710 935 587
571 904
572 742 663
573 809 682 876 789 842
574 673 810 932
575 732
576 776 588 916 629 983
577 934 848 689
578 880 598
579 647 720 725 893
580 698
581 897 674 692 922
582 740
583 742 684 621 954 829 831
584
585 675 601
586 717 949 632 991
587 806 616 588 976
588 643 935 689 953
589
590 961 892 677
591 902 761 986 926 639
592 908 767
593 986 776
594 620 659 949 634
595 800 802 905
596 621
597 840 823
598 705 808
599 890
600 932 900 726 957
601 697
602 609 848
603 609 719 667
604 896 802 977 949 630 888 890 795
605 970 717 718 921
606 770 972 880 827
607 675 741 611 831
608 981 709
609 685 662
610 896 819 708 723
611 645 777 772 926
612 643 935 656 661 987 702
613 815 949
614 840
615 797 854 969
616 980
617 863 815
618 832 754
619 753 995
620 827 815 990
621 839 772
622 883
623 759
624 849 762 765
625 898
626 755
627 674 971
628 964 971 654 693 888
629 869 878 660 697
630 877
631 707 689 770
632 811 692 895
633 920 636
634 808 911
635 803 748 883 771 636
636 966 747 821
637 964 941
638 770 687 757 828 733
639 881 823 958
640 646 809 879
641 841 942
642 948 755
643 880 852
644 781 878
645 676 933 814 818 724
646 953 804 863
647 768 777
648 937 910 697
649 961 987 882
650 805 835 694
651 899 717
652 905
653 886
654 691 953
655 901 977 790
656 928 689 879 944 851
657 779 695 916 824 890 703
658 702
659 960 815 757 829
660 702
661
662 907 913 915 668
663 716 845 761
664 851 871 967 826 954
665
666 824 739
667 993 995 787 861 958
668 992
669 759 909
670
671 942 978 797
672 929
673 788
674 879
675 815 955 941 777 987
676 837 830
677 884
678 780 944 882 927
679 869
680 899 759
681
682 834 876 955
683
684 937 737
685 754
686 782 755 985
687 782 729 959
688 751
689 916
690 961 708 866 821
691
692 866 746 748 783 793
693 983 728
694 785 724 950
695 952 917 755
696 733
697 954
698 726 765
699
700 997 723 917
701 944 788
702 904
703 798 799
704
705 864
706
707 978 963
708 712 874 747
709 937 882
710 815
711 903
712 738 945 726 900 827
713
714 761
715 959
716 879
717 893 815 899
718 843
719 806
720 733
721 928 898 853 989
722
723 870 778 846 949 859
724 934 971 757 922
725 865 840 905
726 902
727 742
728 879
729 942 855 943
730
731 744 759
732 815 787
733 928 838 761 927
734 756 825
735 996
736 866 997 984 955
737 800 907 932 775 951
738 749 974
739 861
740 917
741
742
743
744 854 778 939
745 762
746 936 811 823 919
747 947
748 750 983
749 940 758
750 836 821
751 913
752 886
753
754
755
756 845
757 918 951 826
758 952 963 888 786
759 763
760 899 980
761 964 767
762
763 792 857
764 914 918
765 900 769 810
766
767
768 833 899 780 828
769 864 873
770 944 885
771 932
772
773 823 791
774
775 906 846 903 859
776
777 981
778
779
780 801
781
782 811 915 820
783 789
784 832 971 940 855 985 892
785
786 915
787
788 804
789
790 931 819
791
792 945 957
793
794 875 973 888
795 931 969 925
796
797
798
799 855 936
800
801 922 893
802 896 957
803 855
804
805 999 925
806 826
807 910 851
808
809 993
810
811 873
812 986 827
813 994
814 944
815 898
816 879
817
818
819 929
820 946 888
821 898
822 951 989
823 971
824
825 940 916
826 937
827 880
828
829
830
831 961 871 991 893
832 939 895
833 937 878 925 894
834
835 976
836
837
838
839 954
840 973
841
842 943
843
844 911
845
846 938 955
847
848 933 918
849
850
851 893
852 877
853 903
854 998 884 857
855
856 944 905
857 929
858 894
859 985
860 942
861
862
863 935 986
864
865 942
866
867
868
869 899 976
870 896
871
872 941 879
873 996 929 877
874
875
876 946 890
877 993
878
879 983
880
881 991
882 961
883 929
884 956 903
885
886 900
887
888 931
889 959
890 902
891 956
892
893
894
895 993 969
896
897 933
898 944
899
900 948
901
902 945
903
904
905 939
906
907 943
908
909
910
911
912 940 958
913
914
915
916
917
918
919 976
920
921 956
922
923
924 954
925
926
927
928 934
929 956
930
931 939 979
932
933
934
935 983
936
937
938
939 995 940
940
941
942
943 978
944
945 996
946
947
948
949
950
951
952
953
954
955
956 957
957
958
959 993
960
961
962
963 972
964 965
965
966
967
968
969 986
970
971
972
973
974 985
975 997
976
977 978
978
979 994
980
981
982 997
983
984 993
985
986
987
988 996
989
990
991
992
993
994
995
996
997
998
999
[0, 1, 1, 1, 0, 0, 1, 0, 0, 0, 1, 0, 1, 0, 0, 0, 1, 0, 0, 0, 1, 1, 1, 1, 1, 0, 0, 1, 0, 0, 0, 1, 1, 1, 1, 0, 0, 0, 0, 0, 1, 1, 1, 0, 1, 1, 0, 0, 1, 1, 0, 1, 1, 1, 1, 0, 1, 0, 0, 0, 1, 1, 1, 0, 1, 1, 0, 1, 1, 1, 0, 1, 1, 0, 0, 1, 1, 1, 1, 1, 0, 1, 1, 1, 1, 1, 0, 0, 0, 1, 0, 1, 1, 0, 1, 1, 1, 1, 0, 0, 1, 0, 1, 1, 0, 1, 1, 1, 0, 0, 1, 1, 1, 1, 0, 1, 1, 1, 1, 0, 0, 1, 1, 1, 0, 0, 1, 0, 0, 0, 1, 1, 1, 1, 1, 1, 0, 0, 1, 1, 0, 1, 0, 0, 1, 0, 1, 0, 0, 0, 1, 0, 1, 1, 1, 1, 0, 0, 0, 1, 0, 1, 1, 0, 0, 0, 0, 1, 0, 1, 0, 1, 1, 0, 0, 0, 1, 1, 1, 0, 1, 1, 0, 0, 1, 1, 1, 0, 0, 1, 1, 1, 0, 1, 0, 1, 1, 1, 1, 1, 1, 0, 1, 1, 0, 0, 0, 0, 0, 1, 1, 0, 0, 0, 0, 1, 0, 1, 0, 0, 1, 1, 1, 0, 1, 1, 0, 1, 0, 1, 1, 1, 1, 0, 0, 0, 1, 1, 1, 0, 1, 0, 1, 1, 0, 0, 1, 1, 1, 1, 0, 0, 0, 0, 1, 0, 0, 1, 1, 0, 0, 0, 1, 1, 0, 1, 0, 0, 1, 1, 1, 0, 0, 1, 1, 0, 1, 1, 1, 1, 1, 0, 0, 0, 1, 1, 1, 1, 0, 0, 0, 0, 1, 0, 0, 1, 1, 0, 0, 1, 0, 1, 1, 1, 1, 1, 1, 1, 1, 0, 1, 1, 1, 0, 0, 1, 0, 1, 0, 0, 1, 1, 0, 0, 1, 1, 0, 1, 0, 1, 1, 0, 1, 1, 1, 0, 0, 0, 1, 1, 1, 0, 0, 0, 0, 0, 1, 0, 0, 1, 0, 0, 0, 0, 0, 0, 1, 1, 0, 1, 0, 0, 1, 1, 0, 1, 0, 0, 1, 0, 1, 0, 0, 0, 0, 1, 0, 1, 1, 0, 0, 1, 0, 0, 0, 1, 0, 1, 1, 0, 1, 1, 0, 1, 0, 1, 0, 0, 1, 1, 1, 1, 1, 0, 1, 0, 1, 0, 1, 1, 1, 0, 1, 0, 1, 0, 0, 0, 0, 1, 1, 1, 0, 0, 1, 1, 1, 1, 0, 0, 0, 1, 1, 1, 1, 1, 1, 1, 1, 0, 1, 1, 0, 0, 1, 0, 1, 1, 1, 1, 1, 0, 0, 1, 0, 0, 0, 0, 0, 0, 0, 0, 1, 1, 1, 0, 1, 0, 1, 1, 1, 1, 0, 0, 1, 1, 1, 0, 1, 0, 0, 0, 0, 0, 0, 1, 1, 0, 0, 1, 0, 1, 0, 0, 0, 1, 0, 0, 1, 0, 1, 1, 1, 0, 0, 1, 1, 1, 1, 0, 1, 0, 0, 0, 0, 0, 0, 0, 1, 1, 1, 0, 0, 0, 0, 1, 0, 1, 0, 1, 0, 1, 0, 1, 0, 0, 0, 1, 0, 1, 1, 1, 0, 0, 0, 1, 1, 1, 1, 0, 0, 0, 0, 1, 0, 0, 1, 0, 0, 0, 0, 1, 0, 1, 1, 0, 0, 1, 1, 1, 0, 0, 0, 1, 1, 0, 0, 0, 0, 0, 1, 0, 1, 0, 1, 0, 0, 0, 0, 0, 1, 0, 0, 0, 0, 1, 0, 1, 0, 1, 1, 0, 0, 0, 1, 1, 0, 0, 0, 0, 1, 0, 0, 0, 0, 1, 0, 0, 1, 0, 0, 0, 1, 1, 1, 0, 1, 0, 0, 0, 1, 0, 1, 1, 0, 1, 1, 0, 0, 0, 0, 0, 1, 0, 0, 0, 0, 0, 0, 0, 0, 0, 0, 1, 0, 1, 0, 1, 0, 0, 0, 0, 1, 0, 0, 0, 0, 0, 1, 1, 0, 1, 1, 1, 0, 0, 0, 1, 0, 0, 1, 0, 1, 0, 0, 0, 1, 1, 0, 0, 1, 0, 1, 0, 0, 1, 0, 0, 1, 0, 1, 0, 0, 1, 0, 0, 0, 1, 1, 0, 0, 1, 1, 1, 0, 1, 0, 0, 1, 0, 0, 0, 0, 1, 0, 1, 1, 0, 0, 1, 1, 1, 0, 0, 0, 1, 1, 1, 1, 0, 1, 1, 0, 0, 1, 1, 1, 1, 1, 1, 1, 0, 1, 0, 1, 1, 0, 0, 1, 1, 0, 0, 1, 1, 0, 1, 0, 0, 0, 1, 0, 1, 0, 1, 1, 1, 0, 0, 1, 1, 0, 0, 1, 1, 1, 1, 1, 0, 0, 1, 1, 1, 1, 0, 1, 1, 0, 1, 1, 1, 1, 0, 1, 1, 0, 0, 0, 0, 0, 1, 1, 1, 0, 1, 0, 0, 0, 0, 0, 1, 1, 1, 0, 1, 0, 0, 0, 0, 0, 0, 0, 0, 1, 0, 1, 0, 1, 0, 0, 0, 1, 1, 1, 1, 0, 0, 1, 1, 0, 1, 0, 0, 0, 1, 1, 1, 1, 1, 1, 1, 1, 0, 0, 0, 1, 1, 1, 1, 1, 0, 1, 0, 0, 1, 1, 1, 1, 1, 0, 0, 0, 0, 0, 1, 1, 0, 1, 1, 1, 1, 1, 1, 1, 0, 1, 1, 1, 0, 0, 0, 1, 1, 1, 1, 0, 1, 1, 1, 1, 1, 0, 0, 0, 1, 0, 1, 0, 1, 0, 0, 1, 1, 0, 1, 0, 0, 0, 0, 0, 1, 0, 1, 1, 0, 0, 0, 1, 0, 1, 0, 0, 0, 1, 1, 0, 1, 1, 1, 1, 0, 0, 0, 1, 0, 0, 1, 1, 1, 0, 1, 1, 0, 0, 1, 0, 0, 1, 1, 1, 1, 1, 1, 0, 1, 1, 1, 0, 1, 1, 1, 0, 0, 1, 0, 1, 1, 0, 0, 1, 0, 0, 0, 1, 1, 1, 0, 1, 1, 1, 0]