#/home/brian/Documents/summer17/Python/VEC/scripts/make_SBM_graphs.py
# GMT Thu Jul 27 21:52:14 2017
# 
0 417 354 165 178 872 380 618 299 684 418 389 978 788 533 568 857 634 444 413 351
1 162 259 804 936 972 333 168 437 603 988 61
2 67 772 997 519 777 426 7 749 629 868 188
3 385 195 934 108 842 983 12 944 675 820 693 726 535 379 963 507
4 480 385 195 549 710 191 242 470 255 229
5 992 642 196 841 434 79 18 211 212 661 121 441 956
6 742 41 685 814 336 946 851 52 533 982 695 379 381 606
7 720 970 459 866 528 106 26 443 250 126
8 995 420 395 172 784 760 248 860
9 386 99 936 651 876 13 367 113 259 569 666
10 930 775 649 651 112 786 246 728 90 991
11 296 267 239 949 601 730 155
12 718 97 339 872 675 974 432 82 467 782 89 535 729 558 302
13 192 354 739 678 967 458 558 500 919 761
14 166 776 434 471 63 127
15 706 779 716 262 40 361 971 204 793 602 28 282 542
16 272 226 475 484 102 583 972 238 157 560 595 884 342 56 729 603 61
17 336 419 156 208 243 949 438 25 825 476
18 609 347 201 396 496 241 466 148 599 602 251
19 432 987 548 485 33 425 103 238 463 656 689 275 334 854 535 504 923 380 927
20 635 296 467 309 183 731 92 927
21 64 32 578 587 133 427 622 797 240 595 790 312 954 509 61 350
22 641 579 699 711 551 970 151 941 557 240 467 212 183 867 542
23 224 101 806 721 977 786 217 249 539 638
24 165 70 358 967 968 521 427 588 333 815 279 792 442 859 862 159
25 273 489 76 493 399 816 51 84 89
26 769 994 995 774 263 680 241 85 625
27 609 164 682 907 655 113 403 469 900 957 831
28 833 43 353 904 937 715 270 657 148 951 617 415 703
29 836 521 429 174 177 179 665 569 124 477 831
30 962 133 710 972 468 153 570
31 224 642 131 453 262 393 714 782 783 599 47 541 863
32 832 231 175 880 465 339 116 634 351
33 900 136 105 362 45 477 49 52 981 632 461 444 682
34 547 805 678 519 651 720 177 278 409 731 893
35 419 900 524 337 981 510 828 477 990 159
36 579 347 844 899 582
37 361 426 907 556 593 887 952 281 122 348
38 483 433 744 301 401 922 251
39 800 448 547 328 844 270 399 979 565 888 410 795 797
40 288 47 752 920 271
41 161 386 131 644 197 266 50 398 463 753 178 694 111 478
42 831 386 293 742 969 74 558 366 379 102 351
43 448 496 930 139 645 806 937 106 587 110 619 114 627 244 918
44 699 678 518 584 844 302 626 885 439 664 313 251 446
45 640 610 199 743 780 120 755 567 600 154 543
46 264
47 802 676 598 134 647 654 431 146 118 292 573
48 545 196 104 169 619 686 271 658 79 542
49 546 421 364 941 942 845 465 686 55 632 825 351
50 512 834 774 135 780 719 976 881 984 393 536 793 479
51 290 99 194 871 184 969 429 177 753 338 980 408 770 767 828 159
52 64 770 773 673 808 92 623 468 585 155 988 93 671
53 132 645 710 747 404 292 250 219 639
54 805 625 712 78 753 562 186 255
55 259 337 590 343 987 413 286
56 545 515 712 746 108 367 120 153 92
57 866 644 294 392 937 206 912 873 312 155 318
58 800 480 227 692 362 562 238 722 387 372 342 377 857
59 832 416 484 758 936 211 182 215 188 765 638
60 192 457 675 741 392 905 810 975 912 888 259 567 248 346
61 548 69 243 927 620 371 725 118 473 260 794 155 670
62 994 283 805 422 775 423 589 79 626 313 719 924
63 992 706 935 777 844 557 531 300 853 873 364 222
64 192 322 969 171 975 880 470 569 120 665 891 700 766
65 134 327 650 935 909 205 374 824 956
66 579 676 837 77 115 822 951 344 187 638
67 440 224 276 439
68 674 391 816 818 820 438 376 378 351
69 480 192 665 652 877 431 498 722 500 823 473 335 735
70 578 443 324 553 874 844 367 859 490
71 740 678 966 789 726 122 252
72 226 714 556 237 750 305 575
73 929 699 973 237 685 697 121 315
74 194 419 359 493 635
75 708 933 744 650 495 433 562 403 220
76 417 944 549 454 389 588 429 223 205 176 884 566 248 511 116 165
77 961 740 101 327 866 600 697 802
78 385 483 327 136 779 144 532 533 313 792 633 890 720 221 95
79 624 871 904 522 225 812 143 658 404 239 261
80 196 773 519 584 495 691 757 311 984 932 316 414 319
81 898 263 563 757 601 314 604 894
82 879 841 175 815
83 900 275 980 149 694 733 254 511
84 931 562 724 510 601 794 411 286
85 451 261 101 327 138 935 239 420 187 92 357
86 994 738 515 872 621 335 296 761 600 601 190
87 640 449 482 645 262 527 352 885 855 953 317
88 771 613 359 969 399 915 405 342 504 186 879 373
89 161 773 359 917 630 823 472 667 641
90 164 651 812 308 574
91 704 111 212 982 792 153 442 815
92 609 505 357 665 941 879 177 798 694 983 269 412 286
93 100 139 332 881 182 612 948
94 584 619 315 326 455
95 112 451 484 433 329 240 529 340 494 284 924 959
96 738 356 242 975 914 787 569 591 412
97 418 487 587 940 268 553 508 606
98 640 804 807 872 746 157 612 338 915 889 605
99 897 386 804 337 424 273 877 428 369 533 726 681 787 921 858 927 346 730 213
100 896 458 806
101 522 170 376 829 222
102 279 913 362 179 724 406 215 572 778
103 880 258 297 298 269 365 304 884 309 755 473 635 157
104 576 130 495 241 245 602
105 648 987 704 269
106 737 162 355 580 326 839 740 191
107 608 129 215 588 397 285 785 693 919 505 701 671
108 577 386 709 742 524 595 470 215 605
109 323 231 522 267 942 785 569 476 223
110 323 492 589 749 400 466 730 125 893 319
111 192 712 362 306 981 479
112 289 997 647 488 492 334 433 369 787 182 819 795
113 588 457 675 585 972 912 978 916 567
114 225 612 327 458 528 702 182 119 478 798
115 214 550 433 684 642 593 530 790 151 187 894
116 865 207 338 787 374 281 921 303
117 640 738 613 454 807 298 975 560 982 377 665 569 412
118 256 323 172 366 623 177 606
119 384 738 580 517 684 139 908 532 246 396 539 893 575
120 772 424 905 139 654 493 753 372 662 569 507 700 254 703
121 672 935 847 597 310 410 796 445 182
122 801 130 321 649 363 353 942 271 434 789 329 796 253 542 639
123 347 326 169 847 848 499 757 886 152 185 890 719 181
124 298 957 785 376 667 574 735
125 547 167 717 786 629 918 855 703
126 832 961 835 966 136 721 633 799
127 960 929 869 262 200 395 720 979 244 699
128 491 749 653 434 281 793 732
129 962 296 748 910 816 392 371 725 214 825 622 543
130 206 627 148 622
131 929 776 331 428 719 593 469 471 443
132 230 294 196 869 390 813 464 532 440 730
133 195 391 685 463 254
134 768 644 598 423 297 728 721 790 312 890 559
135 163 964 604 586 492 409 732 382
136 352 211 711 714 970 455 556 232 979 878 138 792 956 202 959
137 995 198 237 527 401 756 568 633 765 703
138 738
139 929 450 407 902 840 170 300 532 541 319 724 149 631 250 251 420 247
140 355 589 239 323 756 340
141 848 805 847 976 212 581
142 649 301 500 201 920 573 542
143 416 737 326 395 878 695 315 638
144 801 836 870 696 717 687 984 530 212 878 824 633 830 536
145 387 773 487 425 743 526 304 178 755 735
146 325 999 714 271 722 922
147 393 749 848 625 756 317
148 993 219 582 873 236 496 355 692 379
149 816 162 739 880 417 843 203 368 632 885 888 535 504 857 794 476 862
150 552 392 265 395 264 819 661 791 441 284 669
151 256 416 212 805 937 628 597 985 633 347
152 641 484 438 199 591 499 277 470 919 255 700 351
153 613 967 553 298 679 222 753 567 286 949
154 674 452 616 194 426 846 784 788 636
155 197 486 595 724 635
156 320 228 614 904 943 886 249 985 189
157 336 171 485 967 682 354 823 884 533 983 665 286
158 832 226 644 261 169 714 212 670 918 410 868 858 411 380 826 830 182
159 229 936 845 526 656 209 818 761 569 508
160 704 417 901 641 427 910 207 816 336 210 596 566 186
161 865 738 223 748 646 167 524 974 913 596 470 761 511 793 670 255
162 704 323 996 673 336 596 473 836 857 635 669 862
163 647 701 946 760 860 189
164 231 489 333 974 306 949 634 252
165 578 679 620 343 183 825 412 447
166 768 169 517 649
167 904 777 459 365 720 241 531 340 697 635 414
168 681 427 373 585 283 381 190 255
169 806 551 717 441 922
170 451 456 329 970 239 593 341 950 663 760
171 850 502 279
172 417 418 293 390 808 307 884 667 671 287
173 896 644 233 365 881 786 468 445
174 296 399 400 533 823 856 729 623 437
175 517 748 306 464 755
176 688 742 489 889 656 307 180 630 503 376 857
177 796 477 861
178 674 707 509 975 911 989
179 230 386 197 391 389 421 903 349 816 337 498 947 919 184 569 293 543 966 357
180 384 899 977 525 719 529 531 219 311 536 185 731 284
181 315 487 300 586 327 780 955 945 663 615 732 575
182 931 602 937 740 765 883 638 250 924
183 673 685 785 533
184 772 545 659 725 950 889 252
185 545 930 841 523 557 430 499 305 692 404 409
186 259 900 454 971 269 595 468 825 569 218 572 511
187 617 686 494
188 225 965 840 970 494 527 694 668
189 898 644 904 719 528 625 950 215 440
190 480 877 721 309 983 213
191 610 259 583 969 215 493 623 375 473 666 540
192 321 610 379 996 764 460 594 975 894 613
193 995 614 202 240 625 434 435 887 443 959
194 505 773 436 876 238 303 816 978 916 694 567 888 377 266
195 359 490 461 339 702 790 828 733 670 831
196 952 678 593 947 341 439 504 539 933
197 227 932 967 859 687 274 275 277 376 665 746 735
198 866 292 906 619 396 241 278 602 479
199 643 781 487 620 972 526 591 408 787 726 666
200 480 385 228 737 212 792 793 314 478
201 544 868 837 806 777 855 272 433 498 883 276 245 265 956 878 479 341 223
202 256 459 548 396 523 588 243 918 755 347 668
203 674 932 844 388 698 350 479
204 256 515 998 556 719 720 316 414
205 907 997 329 715 955 811 879 313 569 987 223
206 769 835 518 706 482 786 380
207 704 770 359 488 274 562 558 849 402 820 444 689
208 386 677 614 647 712 618 972 877 718 560 339 788 473 987 797
209 707 710 778 652 718 946 825 379 510
210 323 214 521 911 369 277 982 925
211 834 711 301 819 276 984 313 732 898
212 352 737 873 727 520 437 604 543
213 677 774 745 978 788 534 537
214 578 837 905 842 354 461 860 925 383
215 962 452 743 366 989 375 988 925
216 965 780 396 625 690 597 573
217 423 680 265 434 447
218 995 903 425 843 905 823 248
219 960 898 550 264 642 247 824
220 514 676 292 779 749 271 370 459 985 313 958 383
221 514 932 614 586 749 496 664 764 573
222 512 736 586 236 409 536 285
223 407 661 793 429 314
224 840 777 619 334 627 284 479 265 382
225 737 806 348 907 501 281 541
226 768 321 807 777 554 232 950 544 281 881
227 762 306
228 458 563 756 281 922 283 798
229 417 854 298 813 591 305 787 447 726 484 255 606
230 833 445 504 573
231 421 636 594 722 603 751 350 946
232 740 838 393 847 649 536 292 506
233 338 411 950 869
234 294 332 428 240 499 539 637
235 960 264 811 396 846 657 786 918 472 441 764
236 929 515 964 518 779 653 686 848 305 690 827
237 586 503 301 466 284 986 796 602 607
238 656 868 421 778 781 269 510 784 517
239 992 833 706 422 966 520 841 589 246
240 545 295 847 985 441 602
241 865 705 585 970 491 680 604
242 609 419 548 773 457 682 269 339 343 895
243 322 936 521 810 892 946 986 378 636
244 480 512 866 517 716 416 564 691 792 409 574
245 514 262 270 495 499 789 617 696
246 896 961 491 904 631 364 592 253 890 764 714
247 480 992 264 458 496 552 340 405 316 522 542
248 641 758 486 425 876 787 438 825 600 601 730
249 604 417 580 993 680 380 789 278 316
250 331 991 265 625 631 443 383
251 353 955 492 852 756 443 491
252 330 782 271 945 755 437 954 475
253 512 882 629 570
254 784 879
255 743 694 372 663 670
256 960 737 355 581 329 809 883 890
257 352 545 305 620 440 532 727 728 692
258 928 609 843 936 969 487 553 792 921 511
259 995 614 585 392 843 940 590 656 942
260 454 939 780 381 306 467 767
261 356 581 518 263 715 365 886 765
262 768 867 550 518 821 631 686 688 826
263 384 976 483 977 265 875 973 943 400 887 638 799
264 448 321 931 747 488 778 844 657 628 757 662 764 766 869
265 488 970 311 686 441 860 862
266 771 709 642 818 469 890 380
267 648 460 431 307 670
268 962 742 710 521 490 299 652 952 986 954
269 640 914 751 977 947 596 905 754 895 927
270 513 867 645 651 434 409 316
271 353 868 554 663 466 434 849 403 951 563 841 920 697 329
272 432 587 356 679 743 815 593 565 375 634 442 990
273 546 911 508 898 814 879 722 345 954 399 988
274 827 836 710 583 588 391 748 590 945 475 926 351
275 577 772 588 818 526 784 594 468 964
276 544 352 749 752 374 633 793
277 704 454 457 362 946 725 535 668
278 483 525 989
279 899 684 813 718 377 635 927
280 632 538 588 346
281 739 836 550 769 714 780 531 855 728 411 541
282 868 838 394 717 596 727
283 423 586 779 435 565 312 479
284 450 837 615 977 626 959
285 513 619 573 765
286 700 508 957 888 371 628 632
287 560 322 357 618 386 656 372 567 345 827
288 994 970 898 690 948 374 409
289 576 995 965 838 615 363 405 325
290 739 516 485 876 778 620 782 879 827
291 673 386 611 454 385 652 591 560 405 761
292 834 646 657 550 582 482 727 584 627 439 728 409 443 765 881
293 613 712 402 500
294 848 841 811 976 660 950 824 665 573 927
295 624 355 501 727
296 928 662 967 815 945 632 903 687 509
297 610 585 330 503 497 947 983 319
298 864 641 526 497 730 989
299 485 574 489 846 814 731 957 654 927
300 644 649 721 372 440 314 478
301 544 801 706 708 545 399 848 383
302 545 642 580 552 494 464 728 979 631 920 319 988 383
303 800 707 455 428 684 718 306 383 442 475 543
304 738 358 584 487 366 784 923
305 512 586 564 607 383
306 640 366 419 437 630 665 474 381
307 487 743 652 820 310 376
308 837 615 522 973 979 599 473
309 738 675 938 939 797 978 851 587 729 987 605
310 961 388 391 340 542
311 768 835 839 459 655 799
312 713 625 637 383
313 513 812 860 749 400 466 446 920 943 573 607
314 881 619 430 647 692 445
315 706 999 649 479
316 647 522 683 529 999 604 703
317 706 564 838
318 832 627 777 364 495 624 563 435 887
319 416 833 459 744 661 853
320 768 866 764 647 937 491 783 496 563 501 958
321 614 363 332 879 977 446
322 771 516 424 429 623 336 726
323 577 419 358 412 346 588 386 589 980 858 892 730 606 351
324 480 487 969 588 623 788 474 637 346 351
325 641 514 580 520 978 660 766
326 734 868 869 918 471 701 574
327 802 581 582 821 348
328 877 968 777 621 719 949 917
329 449 411 744 719
330 577 771 836 421 358 392 491 558 367 498 916 425 506 475 585
331 512 839 812 755 340 341 918
332 547 645 536 529 501 791 984
333 770 587 610 944 856 371 569 349
334 960 458 555 893 767
335 800 438 392 589 851 659 761 788
336 454 903 939 974 749
337 864 742 457 558 771 636 957
338 815 561 594 828 509 990 895
339 490 622 787 949 630 511
340 576 673 649 599 937 915 415
341 372 539 796
342 784 389 553 463 729 346 442 862 901
343 419 487 558 371 468 438 729 703 349 671
344 966 817 530 757 795 766
345 712 967
346 897 965 774 647 938 842 945 349
347
348 780 597 952 479
349 424 396 910 685 533 566 787 569 671 543
350 424 681 813 944 787 854 792 605 670 373
351 591 367
352 896 775 528 520 370 883 664 863
353 898 995 711 493 434 952 697 765 637
354 865 871 936 947 856 925
355 951 627 886 439 697
356 688 962 678 971 941 898 670
357 864 900 744 906 877 413
358 416 454 603 380 458
359 681 419 880 600 851 923
360 385 386 580 773 454 971 566 793 889 666
361 416 801 450 772 713 783 532 809 420 799
362 675 895 497 723 949 831 477
363 614 492 852
364 544 663 435 852 661 887 760 478
365 898 484 773 809 812 878 624 492 925
366 691 683 975 851 405 662
367 741 712 398 431 974 729 827 670
368 402 918 910 535
369 962 903 553 523 722 975 951 823 770 605
370 768 644 945 853 576 541
371 424 596 600
372 548 965
373 770 456 646 742 940 718 760 695
374 579 774 705 647 839 758 893
375 454 718 755 788 601 670
376 915 751 644 504 473 851 635 381 549
377 659 926 615 968 454 567 945 915 596 600 606 917
378 771 460 815 913 484
379 630 903 978 693 470 538 447
380 963 870 808 620 493 816 860 510
381 408 595 953 762
382 737 713 782 401 750
383 525 579 593 848 660
384 866 997 535 841 775 780 598
385 802 712 594 823 954
386 425 851
387 679 687 468 858 442
388 898 554 581 817 713 426 621 845 529 946 443 637
389 524 397 656 405 745 505 986 636
390 792 714
391 648 939 500 476 862
392 673 828 851 756 431 502 987
393 492 466 766
394 739 648 553 460 788 854 820
395 867 614 653 720 689 535 414 831
396 993 586 453 984 894 918 606
397 804 406 583 808 490 782 662 637
398 932 549 972 986 412
399 814 601 506
400 904 783 952
401 736 994 483 557 873 625 791 703
402 480 418 521 674 438 632 665 795 700 957 901
403 827 908 941 525 594 436 500 926 671
404 961 619 580 517 680 740 459 657 951 527 893 574
405 772 457 427 656 473 613
406 710 679 938 683 940 622 781 689 854 475
407 651 517 690 886
408 932 901 682 596 984 836 925 709
409 519 556 912 822 664 826
410 930 519 456 779 847 822 536
411 416 514 796 519 650 715 873 561 444
412 548 971 590 575
413 934 712 842 951 431 424 476 613
414 611 868 453 492 847 441 765
415 965 650 555 886 984
416 992 929 719 491 429 838 958
417 515 804 906 974 436 905 570 795 509
418 648 448 983 576
419 450 880 437
420 801 651 708 451 756 725 926
421 684 880 767 989 735
422 448 579 869 970 720 564 478
423 960 642 964 719 565 922 701
424 570 963 921 477 572
425 472 622 688 884 437
426 937 462 796
427 516 454 906 939 461 923
428 448 680 692 597
429 836 742 587 610 925 562 534 503 760 859
430 545 551 584 878 498 435 598
431 815 797 688
432 864 816 772 901 684 964
433 736 750 881 918 863
434 995 449 499 448 821
435 943 929 769 909 653 881 750 920
436 480 548 646 457 778 940 945
437 864 712 746 751 688 465 521
438 773 902 905 791 781 772 923
439 556 791
440 866 961 616 455 456 579 651 680 924
441 576 464 931 774 449 972
442 516 753 808 616 754 980 759 889 476
443 645 841 885 734
444 548 905 787 889
445 934 777 467 691 446
446 672 993 816
447 923 516 774 872 585 621 526 623 816 718 901 729 892
448 768 555 902 930 838 955
449 898 777 930 950 575
450 641 744 690 631 798
451 544 929 647 885 663 511 638
452 675 485 503 846 784 859
453 994 582 935 593 542 727 570
454 610 741 620 490 900 709 502 731
455 929 867 645 811 973 749 776 690 570
456 547 997 589 792 721 499 702
457 704 484 626 914 947 819 891
458 489 663 668
459 966 559 819 660 639
460 640 579 997 712 687 763 508
461 608 549 908 503 734
462 833 676 488 617 532 958 637 574
463 675 742 908 818 707 465 790 809 667
464 899 838 841 937 586 721 697 564 469 953 699
465 587 681 939 946 851
466 736 973 876
467 771 489 568 476 989 671
468 506 569 870 797 862 596 477
469 994 625 803 853 822
470 486 641
471 832 644 934 554 803 948 740 708 868
472 709 788 955
473 784 808 876 910 978 886 823 923
474 616 655 816 665
475 590 657 567
476 738 643 712 816 632 921 510
477 932 807 931 983 889 891 767
478 812 690 664 604 734
479 837 520 587 488 796
480 925
481 946 815 797 655
482 715 878 555 973 525 760 562 563 597 920 542 639
483 960 514 918 777 729 827 543
484 814 687 849 726 603 636 767
485 616 936 724
486 910 498 595 730 915
487 773 682 526 879 595 892
488 768 676 715 525 530 602
489 957 735
490 652 876 944 562 901
491 899 581 657 737 602
492 899 810 619 686 663
493 549 969 718 829
494 696 793
495 977 530 566 696 991 917
496 706 839 834 499 539 638
497 900 843 910 665
498 993 675 872 876 781 814 680 567 824 730 955
499 717 951 786
500 646 617 682 531 849 600 504
501 937 525 847 819 629 538 923 860 639
502 548 623 534 603 990
503 610 741 684 916 996 603 927
504 577 773 585 726 509
505 905 821 831
506 675 804 925 587 570 723 566 820 771 788 794 605
507 616 695 603 767 895
508 706 932 808 553 759 569 828
509 609 846 794 634 895
510 673 618 986 670
511 900 879 825 735
512 866 555 749
513 993 580 612 732
514 734 966 956 654 752 627 920 766
515 771 911 594
516 710 623 610 982 987
517 625
518 742 642 562 918 951
519 624 933 806 744 591 628 563 564
520 896 651 727 699 701
521 734
522 907 615 727 910 690
523 907 653 789 637 894 959
524 578 956 842 722 675 596 823 980 668 549
525 551 791
526 753 969 590 725 982 810
527 832 705 803 589 625 852 799
528 870 764
529 993 881 534 637
530 579 937 757
531 897 977 651 848 628
532 576 866 880 593
533 621 816 600 954
534 588 723 568 606
535 704 938
536 545 548 904 598 728
537 800 707 804 623 944 571
538 971 942 687 671
539 591 696 638 670
540 895 813 975 754 884 949 731
541 692 645 563 948 821
542 727 563 863 924
543 610 996 731 828
544 547 664 697 795 607
545 896 678 561 664 825 958 627
546 577 771 836 616 693 854 825
547 873 702
548 674 771 659 871 722 723 983 856
549 630 938 563 726 972
550 834 799
551 931 902 780 976 979 789 829
552 736 838 752 590 732
553
554 563 851
555 806 647 650 715 793 633 893 959
556 930 881 598 991
557 576 964 631 890
558 805 710 871 693 911
559 833 995 901 713 650 885 728 573
560 679 601 923
561 720 920 826
562 967 940 729
563 835 904 779 970 691 758 760 637
564 768 625 935 747 629 599 885
565 804 679 972 813 914 726
566 905 682 845 910 693 857 789
567 739 971
568 669
569 674 726 712 722 585
570 579 932 934 747 722 862 662 665 988
571 923 996 974 771 884 859 606
572 845 688 723 731 915
573 870 875 780 887 991
574 617 847 625 786 853
575 896
576 775 839 722 776 930
577 776 793 827 957 831
578 785
579 602 853 764 637
580 673 994 676 624 881 883
581 727 628 855
582
583 870 681
584 645 833 948 708 732
585 640 679 808 879
586 894 812 664 633
587 771 949 688 989
588 864 737 718 932 828 895
589 993 645 848 786 702
590 756 738 679 874 620 771 643 718 660 671
591 704 941 632 946 947 857
592 664
593 906 661 952 958
594 618 975 675
595 643 723 729
596 928 874 846 913 654 599
597 768 937 887 953
598 726 699
599 651 868 647 907 839
600 675 676 849 895 735
601 996 903 978 815 828 687
602 672 848 902 713 873
603 908 932 996 784
604 649 692 918 696 607
605 616 684 877 670 729
606 640 772
607 801 869
608 705 782 687 849
609 772 988 780 926
610 972
611 960 776 873 696 795
612 672 779 943 638
613 730 810 622 911 947 659 723 823 851
614 912 932 780 829 756 855
615 737 950
616 643 989 941 677 901
617 867 955 758 885 629
618 770 771 622 723 923
619
620 928 836 648 807 816 632 891
621 800 843 877 623
622 880 693 818 729 734 773
623 891 634 989 926
624 993 844 756 760
625 998 873 696 752 638 985 795
626 909 819 950 873
627 917
628 672 931 653 776 789 633 924 959
629 899 998 907 937 835 649 637
630 740 871 681 858
631 961 951
632 897 908 682 683 662 735
633 992 866 645 744 687 696
634 679 915 827
635 673 695 724
636 674 770 845 816 694 695
637 721 943 720 922 956 766 959
638 711 821 751
639 653 750 657 890
640 718 787 884
641 785 953 665 891
642 796 669
643 785 913 659 759 767 735
644 711 752 764 703
645 714
646 969 746 722 693
647 883
648 710 814 949
649 999 744 791
650 977 995
651 848 888
652 729 979
653 806 838 746 658 882
654 865 827 879 899 729 687
655 996 967 903 989 671
656 772 942 709 919 858 988
657 838 899
658 711 779 660 696 860 829
659 732 790 827 828
660 736 757 796
661 929 930 952
662 695 953
663 806 812
664 704 929 881 985 853 890
665 865 797 679 874 684 949
666 836 972 910 884 823
667 932
668 993 941 880
669 744 809 718 755 919
670 864 808 969 908 980 698
671 788
672 834 948
673 820 879 689 754 958 916 698 733 863
674 879 888 990
675 832 894 877 968 910 921 861 798
676 702
677 967 970 685 954 988
678
679 838 689 720
680 690 837 786 918 886
681 897 688
682 982
683 809 854 862
684 720 968 685 872 724 815
685 804 982
686 832 961 835 875 756
687 781 784 724 982 804 988
688 785 723 953
689 874 990
690 995 941 988
691 896 904 783 696 728
692 992 918 948
693 773 827 965
694 739 842 829
695 712 816 794
696 708 998 715 967 807 699
697 951 786 995 855
698 728 785
699 806 965 893
700 967 871 990 863 892 927
701 805 911 984 989
702 818 868 955
703 705 855 784
704 755
705 805 711
706 992 868
707 936 890 831
708 887 793
709 767
710 942 908 787 862 861
711 774 716 749
712 865 856 986 789
713 839 909
714 805
715 960 966 860 760
716 749 760 792
717 896 867 740
718 797 870 922 986 836 981 828
719 832 783
720 994 834 856 797
721 749 767
722 972 871 732 990
723 954
724 865 940 823 861
725 778 813 788 927
726 729
727 929 824 985
728 848 963 912
729 936 982
730 983 931
731 807 915 986
732 750
733 782 910
734 934 884 758
735 971
736 765 758 759 797
737 994 869 881 943 863
738 840 884
739 910 826
740 777 956
741 773 827
742 784 745 892 831
743 945 859 871 923
744 907 747 777 881 806 875 891
745 934 840 915
746 836 871 914 980 892
747 802 869 966 881 883 830 933
748
749 993
750 898 972 950 920
751 770 857 762
752
753 925 784 923 794
754 903 880 851 955
755 759 949
756
757 777 920 956
758 806 951
759 846 784 887
760 896 810 829 886
761 907
762 900 785 953 825
763 810 962 982
764 791 860
765 873 951 837
766
767 968 810
768 811
769 961 994 868
770 785
771 928 785
772 838 891 797
773
774 802 982
775 811
776 960 977 795
777 933 945 801 898 795
778 784
779 960 817
780 834 847 795 868 853
781 889
782 940 893 818 794
783 867 997 887
784 903 947 895
785 864 877 842 954 975 850 851
786 998 999 841
787 969 944 921 800
788 963
789
790 972 989
791 800 855
792 855
793
794 974 810
795 948
796 929 948 883 970
797 940 856 911
798
799 998
800 818 854
801 931 907
802
803 920 873
804 897 820 856
805 886 912
806 955 822 883 899
807 814 945
808 906
809 866
810 820 983
811
812 917
813 846 890
814 949
815 938 820 842
816 906 893
817
818 988
819 961 891
820
821 973
822 873 844 852 984 892
823 900 919 845 880 910
824
825 983
826 894
827 971 982
828
829 992 833 876 966
830 875 966
831 862
832 913
833 930
834 948
835 869
836 838 913 859 895
837 924 976 937
838 922 943 914 918 887 863
839 935
840 937 893
841 976 973 970
842 932 903 938 926
843 966 942 974 978 989
844 994 934 943 855
845 945 967 881
846 905 949 921
847
848 993 931
849 865 982
850 974 897
851 917
852 993 937
853 991
854 864 972 906
855 887 991
856 911 913
857
858 865 906 953 957
859 968 939 885
860
861 957
862 953
863 998 909
864 884
865 946 978 988
866 907 916
867 955
868 991
869 935 885
870 900 872 879 891
871 914
872 910 884 983 888 969
873 950
874
875 991
876 919
877 927
878 881
879
880
881 994 937
882
883 912 935 885
884 930
885 898 976 995
886 963
887
888 911 954
889
890 898
891 903 953
892 917 919
893 985
894 984
895 901 949
896 977
897
898 912
899
900
901 910
902
903
904
905
906 981
907
908 928
909 977
910 972 941
911 971
912
913 938
914
915 992 980 953
916
917 931
918
919
920 994 955
921 965
922 964 924
923
924 987
925
926 983
927
928
929 934
930
931 934
932
933 984
934
935 991
936 975
937 958
938
939 949
940 962
941 948 957
942 980
943
944 957
945
946
947
948
949
950
951 995
952 959
953
954
955
956
957 963
958
959 964
960
961 976 997
962
963
964
965 993
966 984 978
967
968 988
969
970 973
971 989
972
973
974
975
976 984
977 993
978
979
980
981
982
983
984
985
986
987
988
989
990
991 995
992
993
994
995
996
997
998
999
[0, 0, 1, 0, 0, 1, 0, 1, 1, 0, 1, 0, 0, 0, 1, 1, 0, 0, 1, 0, 0, 0, 1, 1, 0, 0, 1, 0, 1, 0, 0, 1, 0, 0, 1, 0, 1, 1, 1, 1, 1, 0, 0, 1, 1, 0, 1, 1, 1, 0, 1, 0, 0, 1, 0, 0, 0, 1, 0, 1, 0, 0, 1, 1, 0, 1, 1, 1, 0, 0, 0, 1, 1, 1, 0, 1, 0, 1, 1, 1, 1, 1, 0, 0, 0, 1, 0, 1, 0, 0, 1, 0, 0, 1, 1, 1, 0, 0, 0, 0, 1, 1, 0, 0, 1, 0, 1, 0, 0, 0, 1, 0, 1, 0, 1, 1, 0, 0, 0, 1, 0, 1, 1, 1, 0, 1, 1, 1, 1, 0, 1, 1, 1, 0, 1, 1, 1, 1, 1, 1, 1, 1, 1, 1, 1, 0, 1, 1, 1, 0, 1, 1, 0, 0, 0, 0, 1, 0, 1, 0, 0, 0, 0, 1, 0, 0, 1, 1, 0, 1, 1, 0, 0, 1, 0, 0, 0, 0, 0, 0, 1, 1, 1, 0, 0, 1, 0, 1, 1, 1, 0, 0, 0, 1, 0, 0, 1, 0, 1, 0, 1, 1, 1, 0, 1, 1, 1, 0, 0, 0, 0, 1, 1, 0, 0, 0, 1, 1, 0, 1, 1, 1, 1, 1, 1, 1, 1, 0, 1, 0, 1, 0, 1, 1, 1, 1, 1, 1, 0, 1, 1, 1, 0, 0, 1, 1, 1, 1, 0, 1, 1, 1, 0, 1, 0, 0, 1, 1, 0, 0, 0, 1, 1, 1, 1, 1, 0, 0, 0, 0, 1, 1, 0, 0, 0, 0, 1, 0, 1, 0, 0, 1, 1, 1, 1, 1, 0, 0, 1, 1, 0, 0, 1, 0, 1, 1, 0, 0, 0, 0, 1, 1, 1, 0, 0, 1, 0, 0, 1, 0, 1, 1, 1, 1, 1, 1, 1, 1, 1, 1, 1, 1, 0, 0, 0, 1, 1, 1, 1, 1, 0, 1, 1, 0, 1, 0, 0, 0, 0, 0, 1, 1, 0, 0, 1, 0, 0, 1, 1, 0, 0, 0, 1, 1, 0, 1, 0, 0, 0, 0, 0, 1, 0, 1, 1, 1, 0, 0, 0, 0, 1, 0, 0, 0, 1, 0, 0, 0, 0, 0, 0, 0, 1, 1, 1, 0, 0, 0, 1, 0, 1, 0, 0, 1, 0, 1, 1, 0, 0, 0, 1, 1, 0, 0, 1, 0, 0, 1, 0, 1, 1, 1, 0, 0, 1, 1, 1, 0, 0, 0, 1, 0, 1, 1, 0, 0, 1, 0, 1, 0, 1, 0, 0, 1, 1, 1, 0, 0, 0, 1, 1, 1, 0, 1, 0, 1, 1, 0, 1, 1, 1, 1, 0, 1, 0, 1, 1, 0, 1, 1, 0, 0, 1, 0, 1, 0, 1, 0, 0, 1, 0, 1, 0, 0, 0, 0, 0, 0, 1, 1, 0, 0, 1, 1, 0, 0, 0, 0, 1, 0, 0, 1, 1, 0, 1, 1, 1, 0, 0, 1, 0, 1, 0, 0, 0, 0, 0, 0, 0, 0, 0, 0, 1, 1, 1, 0, 0, 1, 1, 1, 1, 0, 1, 1, 0, 1, 0, 1, 1, 1, 1, 1, 1, 0, 0, 0, 1, 0, 0, 1, 0, 1, 1, 0, 1, 1, 0, 1, 0, 0, 1, 1, 1, 0, 1, 1, 1, 1, 0, 1, 0, 1, 0, 1, 1, 0, 0, 0, 0, 0, 0, 0, 0, 1, 1, 1, 1, 0, 0, 1, 1, 1, 1, 0, 1, 0, 1, 0, 0, 1, 0, 0, 1, 1, 0, 0, 0, 1, 1, 1, 0, 0, 1, 0, 1, 0, 0, 1, 0, 0, 0, 1, 1, 0, 1, 1, 0, 1, 0, 1, 0, 0, 0, 0, 1, 1, 1, 1, 1, 1, 0, 1, 0, 1, 0, 0, 0, 1, 1, 1, 0, 0, 1, 0, 1, 1, 0, 1, 0, 1, 1, 1, 0, 1, 0, 0, 0, 1, 1, 0, 1, 1, 0, 1, 1, 0, 0, 0, 0, 0, 0, 0, 1, 0, 0, 0, 1, 0, 1, 0, 1, 0, 0, 0, 0, 0, 1, 0, 0, 0, 1, 1, 1, 0, 0, 0, 1, 1, 0, 1, 0, 1, 1, 1, 0, 1, 1, 0, 1, 0, 0, 1, 0, 1, 1, 1, 1, 1, 0, 1, 1, 1, 0, 0, 0, 0, 0, 1, 1, 0, 0, 0, 1, 0, 1, 0, 1, 1, 0, 0, 1, 0, 0, 0, 1, 0, 0, 1, 0, 1, 1, 0, 1, 0, 0, 0, 1, 1, 1, 0, 1, 0, 0, 0, 1, 1, 1, 0, 1, 1, 0, 0, 0, 0, 1, 1, 1, 1, 0, 1, 1, 0, 0, 1, 0, 0, 1, 0, 0, 1, 0, 1, 1, 1, 0, 1, 1, 0, 1, 1, 0, 1, 1, 1, 0, 1, 1, 0, 0, 1, 0, 1, 1, 0, 0, 0, 0, 1, 0, 1, 0, 1, 1, 0, 1, 0, 1, 0, 0, 1, 1, 0, 1, 1, 1, 1, 0, 1, 1, 1, 1, 1, 0, 0, 1, 0, 0, 1, 1, 0, 0, 0, 1, 1, 0, 1, 0, 0, 0, 0, 1, 0, 0, 1, 0, 0, 1, 1, 1, 1, 0, 0, 0, 1, 0, 1, 0, 0, 1, 0, 0, 1, 1, 1, 0, 1, 1, 1, 0, 0, 1, 0, 0, 1, 1, 0, 1, 0, 1, 1, 0, 0, 1, 0, 1, 0, 0, 1, 0, 1, 0, 0, 1, 0, 0, 0, 0, 1, 1, 0, 1, 0, 1, 0, 1, 0, 0, 0, 0, 1, 1, 1, 0, 1, 1, 1, 0, 1, 0, 0, 0, 0, 0, 1, 0, 0, 0, 0, 1, 0, 1, 1, 1, 0, 0, 1, 1, 0, 1, 1, 1, 1, 0, 0, 1, 1, 1, 0, 0, 0, 1, 0, 0, 1, 0, 0, 1, 1, 0, 1, 0, 0, 0, 0, 1, 1, 0, 0, 0, 0, 0, 1, 1, 1, 1, 1, 0, 1, 1, 1]