#/home/brian/Documents/summer17/Python/VEC/scripts/make_SBM_graphs.py
# GMT Thu Jul 27 21:51:49 2017
# 
0 216 110
1 962
2 600 569
3 156 718 678 261
4 33 871 204 429 135
5 752 308 261 318 895
6 223 357 878 797
7 819 195
8
9 225 366 911 784 246 317
10
11 956 646
12 912 902 495
13 571
14 684 85
15
16 618 147 342
17 20
18
19 337
20 978 828
21 950
22
23 692 634 468 522 897
24 81 594 151 943
25 884 477
26 328 275
27 538 99 340
28 257 586 771 124 599
29 573
30
31
32 753
33 348 171 237
34 230
35 745 419 645 313
36 608
37 640 675 575
38 937 722 452
39 804 437
40 259 935
41
42 739
43 761 883 676 661 798
44 685
45 51 330 315
46 259
47
48 363
49 786 995
50 666 548 191
51 862
52 858 851 202
53 265 417
54
55 160 957 375
56 184 162
57
58 643 229 359
59 567
60 149
61 292 500 110
62 395 918
63 143 253 111
64 170 493 334
65 754
66 396 157
67 982
68
69 322 950 303
70
71 355 679
72 676 748
73
74 843
75 394 534
76 540
77 169 172
78 464 787 271
79 312 279
80 305 348 797
81 184 771 125
82 706 740 486
83 477
84 162 421 744 650 427 872 722
85 151 285 431
86 264 977
87 884
88
89 650 940 326
90 664 654
91 761
92 564 919
93 319
94 880
95 512 98 405
96 329 898 569
97
98 588
99 505
100 835 659 517
101 576 913 778 502
102 907 340 942
103 401 740 759
104 801 570
105
106 664 284 294 791
107
108 964
109 775 587 139 165 413
110 858 604 535
111 944 194
112 520 424
113 572 295
114 202 899
115 331 878
116 458 220 813
117 512
118 602
119 800 882
120 657
121 776 611 939 924
122
123 858 482 671
124 896 584 171
125 407
126 836 719
127
128 684
129 544 724
130 256 603 639
131 278
132 487
133 601 749 575
134
135
136 978 300 629
137 731
138 282 620 533 318
139
140 345 611 213 433
141
142
143 995
144 550
145 730 372
146
147 539 411
148 312
149 856 396 221
150 393 979 636 513 727
151
152 329 853
153 273
154 623
155 930
156 195
157 281 539 958 785
158 457 324
159 819 747
160 496 825 419 798
161 951
162
163 400 352
164 915 788
165 569 795
166 829
167 844 926
168 999
169 599
170 409 927
171 659
172 641 898 201 843 854
173 412
174 406 783
175
176 922
177
178 297
179 906 435 242 934
180 477 862
181 233 954 748 206
182 816 525
183 384 586 407
184 275 406 220 990
185 845
186 547
187 964 654
188 272
189 548 847
190 209 380
191 995 238
192
193 899
194 641 786 405
195 309 566
196 952
197 848 221
198 640
199
200 236
201 269 765
202
203
204 515 381 973
205 587 996
206
207 916
208 881 220
209 448
210
211 249 935 565 999
212
213 260 267 934
214 970
215 350
216 508
217 766
218 568 429
219 792 818 722
220
221 413 730 866
222 520 933
223 819
224 626 724
225 860 854 551
226 792 842 251
227 655
228 507
229 529 859 452 309
230 976 875 829
231 744
232 754 860 406
233 882 790 536 537 892
234
235 505
236
237 738
238 784 601
239 894 382 526 535
240 831
241 527 387 499
242 627 650 452 654
243 394 748
244
245 874
246
247
248 704
249 531 978 733
250 441
251 480 614
252 376 549
253 576 827 463
254 770 755
255
256 728
257
258 664 418 422
259
260 458 546 876 782
261 316
262
263 309 399
264
265 538 283 844 675
266 715 597 326
267
268 598 431
269 536 645 454
270 964
271 434 820
272 582
273 363 419 461
274 972 820 495
275 448 771 552 970 883 763
276 501
277 467 869 606
278
279 327 934
280 539 534
281 918
282 930
283 571 621
284 428 703
285 786 565
286 416 777
287
288 610
289 904 913 941 878 737
290 450 807 686 311
291 411 935
292 959
293
294 905 667 838
295 432 386 563 925
296 602
297 376 488 771
298
299
300 789
301 974
302
303 418
304 873 602
305 597
306 544 380 469
307
308 945 851 995 485
309 474 546
310 666 590 751
311 408
312
313 629
314 754
315 958
316 877
317 594
318 563
319 690
320 992 588
321 352 434
322 554
323
324
325 356 333
326 587 646
327 648 409
328 870
329 558
330 968 745
331 477
332 840
333
334 702 342
335 961 789
336 989
337 349
338
339 976 954
340
341 702
342
343 844
344 809 626 698 462
345 356 410 692 399
346
347
348 719
349
350 914
351 783
352 440 742
353 663 381 662 975
354 864 684
355 885 790
356 723 935
357 737
358 736
359 574
360 765 631
361 783
362 475
363 775
364 775
365
366 448 766 847
367 783
368 472
369 593
370 653
371 752 525
372 872
373 553 787 965
374 794 900
375 598 470
376 432 517
377
378 572 749
379 734
380 431
381 626 951
382 740
383
384 658
385 451
386 827 430
387 842
388 656 468
389 579
390
391 662
392
393 464 565
394 424 980
395 858 967
396
397
398 841 995 997 623
399 552 465
400
401 429 661
402 572 895
403 646 918
404 728 676 727
405
406 737
407
408 571 894
409
410 821
411 786
412
413 471 772
414
415 617 452
416 736 724
417 529 502 533
418 573
419
420 476 868
421 836 661
422 840
423 586 547
424 923
425 480 707
426 889 523
427 556 429 455
428 635 653
429
430
431
432 773 852 501 958
433 801 586 791 442 765
434 674
435 605
436 512
437 900
438 860 643 844 750 990
439 784 780 551
440 585 689
441 659 770 495
442 550
443 544 802
444 816 665
445
446 972
447 686
448
449 480
450
451
452 963 999
453 971 525
454 929 974
455 692
456 915
457 703 583
458
459
460 625
461 807
462 596 879
463 664 486
464
465 543
466
467 616 904
468 619 651
469 540 734
470 509 926
471 721
472 694
473
474 725
475 665 645
476 767
477 513
478 552 871
479
480
481 688 834
482
483
484
485 520 700
486 598
487
488 794
489 899 500 613
490 828 517 790
491 873
492 768 757 877
493 683 835 805 813
494 852
495
496 954 933
497
498 901
499 529
500 757
501 546
502
503 521 574
504 786 573 710
505 800 507 743
506 642 791
507 698
508
509 729
510 613 622
511
512 937 881
513 974 823
514
515 762
516
517 872
518 868
519
520 521
521 626 567
522 610 539
523 610
524 768
525 713
526 596
527
528
529
530 920
531 648 790
532
533 905
534 996
535 584
536
537
538
539 968
540 584 922
541
542
543 697 716
544
545 695
546
547 816
548
549
550
551 683
552 976
553 597
554
555
556 707
557
558 824
559 636
560 755
561 562
562 948
563 591 679 691
564 935
565
566 681
567
568
569 811
570
571 914
572 856 802
573
574 866
575 907 870
576
577 860
578 680 905
579
580 638 615
581 592
582
583 588
584 915 830
585
586
587
588
589
590 656 790
591
592
593
594 744 783
595 603 718
596 856 967
597
598
599 814
600
601 649 778 749 915 603
602 876
603 794
604
605
606
607 650
608 765
609 721
610 953 622
611
612
613 717
614 735
615 994 635
616 904 938
617
618
619
620
621 822
622
623 717
624
625 990
626
627 645
628
629 699 756 637
630
631 970
632 986
633
634 968 946
635 975
636
637 953
638 722
639
640 706
641
642 876 982
643
644 940 866 876 893
645 952 989
646 769
647
648
649 779
650
651 817 837
652 894 766 957
653 748 946
654
655 685
656
657
658 791 703
659 672
660
661
662
663
664 755
665
666 989
667
668 922 743
669 906 675 820
670
671
672 937
673 692
674
675 707
676 889
677
678 848 713
679
680
681
682 758
683 872
684 745
685 774
686 923 773
687
688 840
689 740
690 752 888
691
692 978
693 977 991
694
695 786
696
697 794 861
698
699 787 840 835
700
701 954
702
703 937
704
705
706 891 970
707 889
708 804
709
710
711 819
712
713 841
714 984
715
716
717
718 795
719 799
720 765
721
722
723 789
724
725
726 949
727
728
729
730
731 968
732 884
733
734 745 887
735 961 828
736
737 866 855
738
739
740
741 874 814
742 854
743 885
744 936
745
746 911
747 791
748
749
750
751
752 863
753
754 849
755 850 813
756
757
758 798
759
760
761 813
762 996
763 834
764 849
765
766
767 971
768 822
769 872
770 988
771
772
773
774 890 982
775
776
777
778
779
780
781
782
783 976 831
784
785
786
787
788 923
789 970
790 944
791 941 856
792
793 813
794 885
795
796
797 947
798 970 966
799
800
801
802 901
803
804 942
805
806
807
808
809
810 925
811
812 921
813 959
814
815 977
816 925
817
818
819 828
820
821
822
823
824 827
825
826 874
827
828 941
829
830
831
832
833 971
834
835
836
837
838 872
839 840
840
841
842
843 875
844
845
846
847 957
848
849
850
851 906
852
853
854
855
856
857
858 922
859 883
860
861
862
863
864
865
866
867
868 929 949
869
870 950
871
872 937
873
874 933
875
876
877
878
879 926
880
881
882 913 955
883
884
885
886
887
888
889 959
890
891
892 917
893
894
895 997
896
897
898 993
899
900
901
902
903
904
905
906
907
908
909
910
911
912 961
913
914
915
916
917
918
919 949
920
921 934
922
923
924
925
926 963
927
928 960
929
930 954
931
932
933
934 976
935
936
937
938
939 981
940
941
942
943
944
945
946
947 961
948
949
950
951
952
953
954
955
956
957 972
958
959
960
961
962
963 966
964 975
965
966 978
967
968 999 984
969
970
971
972
973
974 979
975
976
977
978
979
980
981
982
983
984
985
986
987
988
989
990
991
992
993
994
995
996
997
998
999
[0, 0, 0, 0, 1, 0, 1, 1, 0, 1, 1, 1, 0, 0, 0, 0, 0, 1, 0, 1, 1, 0, 0, 0, 1, 0, 1, 0, 1, 0, 0, 1, 1, 1, 1, 0, 0, 0, 1, 0, 0, 1, 0, 1, 1, 0, 0, 1, 0, 0, 0, 0, 0, 1, 1, 1, 1, 1, 1, 0, 0, 0, 0, 0, 1, 1, 0, 1, 1, 0, 1, 0, 1, 1, 1, 0, 0, 1, 1, 1, 1, 1, 1, 0, 1, 1, 0, 0, 0, 1, 1, 1, 0, 0, 0, 0, 0, 0, 0, 0, 1, 1, 0, 1, 1, 0, 1, 1, 1, 0, 0, 0, 0, 0, 0, 1, 1, 1, 1, 0, 1, 1, 0, 0, 0, 1, 1, 1, 0, 1, 0, 0, 0, 0, 1, 0, 1, 0, 0, 0, 1, 1, 1, 0, 1, 0, 1, 0, 0, 0, 0, 1, 0, 0, 0, 0, 0, 0, 1, 1, 1, 1, 1, 1, 0, 0, 1, 0, 0, 1, 1, 1, 1, 0, 1, 1, 0, 1, 1, 1, 0, 0, 0, 1, 1, 0, 0, 1, 1, 0, 1, 0, 0, 0, 1, 1, 1, 0, 1, 1, 1, 1, 0, 0, 1, 0, 0, 1, 1, 1, 1, 0, 1, 1, 1, 0, 0, 1, 1, 1, 1, 0, 0, 1, 0, 1, 1, 1, 0, 1, 1, 1, 1, 0, 0, 0, 1, 1, 0, 0, 1, 1, 1, 0, 1, 0, 0, 1, 1, 1, 1, 1, 1, 0, 1, 0, 0, 1, 1, 0, 1, 0, 1, 1, 0, 0, 1, 1, 1, 0, 1, 1, 1, 0, 1, 1, 0, 1, 0, 1, 0, 0, 0, 0, 1, 0, 1, 0, 0, 1, 0, 0, 1, 1, 1, 0, 1, 1, 0, 0, 1, 0, 0, 0, 1, 1, 0, 0, 0, 1, 0, 0, 0, 1, 1, 0, 0, 1, 0, 0, 1, 1, 0, 0, 1, 1, 1, 1, 1, 0, 0, 1, 1, 1, 1, 1, 1, 1, 1, 0, 0, 1, 0, 0, 0, 1, 0, 0, 1, 1, 0, 1, 1, 1, 0, 0, 1, 1, 1, 1, 1, 1, 1, 0, 0, 0, 1, 1, 0, 0, 0, 0, 1, 1, 0, 1, 1, 0, 0, 0, 1, 1, 0, 0, 1, 0, 0, 1, 0, 0, 0, 1, 1, 0, 0, 0, 0, 0, 0, 1, 1, 1, 0, 0, 0, 1, 1, 1, 0, 1, 1, 0, 0, 0, 1, 1, 1, 1, 0, 0, 0, 1, 1, 1, 0, 1, 1, 1, 0, 1, 0, 1, 0, 1, 1, 1, 1, 0, 1, 1, 1, 1, 1, 0, 0, 1, 1, 0, 1, 1, 0, 0, 1, 0, 0, 1, 0, 1, 1, 0, 1, 0, 0, 1, 1, 1, 0, 1, 0, 0, 0, 0, 0, 1, 1, 0, 0, 0, 0, 0, 1, 1, 1, 1, 1, 0, 1, 0, 1, 0, 1, 1, 0, 1, 0, 1, 0, 1, 0, 1, 0, 0, 1, 1, 0, 0, 1, 0, 0, 1, 0, 1, 1, 0, 0, 1, 0, 1, 0, 0, 0, 0, 0, 0, 0, 0, 0, 1, 1, 1, 0, 1, 1, 1, 0, 0, 0, 0, 0, 0, 0, 1, 1, 1, 0, 0, 0, 0, 0, 1, 1, 1, 1, 1, 0, 0, 1, 1, 0, 0, 1, 1, 1, 0, 0, 0, 1, 0, 1, 0, 1, 0, 0, 0, 1, 0, 1, 0, 1, 0, 1, 1, 1, 1, 0, 1, 1, 0, 1, 0, 0, 0, 1, 0, 1, 0, 0, 1, 1, 1, 0, 0, 1, 0, 0, 1, 1, 1, 1, 1, 0, 1, 0, 0, 1, 1, 1, 1, 0, 0, 0, 0, 0, 0, 1, 1, 0, 1, 0, 1, 0, 1, 1, 1, 0, 1, 0, 0, 1, 0, 0, 1, 1, 1, 1, 0, 1, 0, 1, 0, 1, 0, 1, 0, 1, 1, 0, 1, 1, 1, 0, 1, 1, 1, 1, 0, 0, 1, 0, 0, 0, 0, 1, 1, 1, 0, 1, 1, 0, 0, 1, 1, 1, 1, 0, 1, 0, 1, 1, 1, 0, 0, 1, 0, 0, 0, 0, 0, 0, 1, 1, 0, 1, 1, 1, 0, 1, 1, 0, 1, 0, 1, 1, 0, 1, 1, 1, 0, 0, 1, 1, 1, 1, 1, 1, 1, 0, 0, 0, 1, 0, 0, 0, 1, 0, 1, 1, 1, 1, 0, 1, 1, 1, 0, 1, 0, 1, 1, 0, 0, 1, 0, 0, 1, 1, 1, 1, 0, 1, 1, 1, 1, 1, 1, 0, 1, 1, 0, 0, 1, 1, 1, 0, 0, 1, 0, 1, 1, 0, 0, 1, 1, 1, 1, 0, 0, 0, 1, 0, 1, 0, 1, 1, 1, 0, 0, 0, 1, 1, 1, 0, 1, 0, 0, 0, 0, 1, 0, 1, 0, 0, 0, 1, 1, 1, 0, 0, 0, 1, 1, 1, 1, 0, 0, 0, 1, 0, 0, 1, 1, 0, 1, 0, 0, 1, 1, 1, 0, 1, 1, 1, 0, 1, 1, 0, 0, 0, 1, 0, 0, 1, 0, 0, 0, 1, 1, 0, 0, 0, 1, 1, 0, 0, 0, 1, 1, 1, 1, 0, 1, 0, 0, 1, 1, 0, 1, 1, 0, 1, 0, 0, 1, 1, 1, 0, 0, 1, 0, 0, 1, 1, 1, 0, 1, 1, 0, 0, 1, 1, 0, 0, 0, 0, 0, 1, 1, 0, 0, 0, 1, 1, 1, 0, 1, 0, 0, 1, 0, 0, 0, 0, 1, 0, 0, 1, 0, 0, 1, 1, 0, 0, 0, 0, 0, 1, 0, 1, 1, 1, 1, 1, 1, 0, 1, 0, 0, 0, 1, 1, 0, 0, 1, 1, 0, 0, 1, 1, 1, 0, 1, 1, 1, 0, 1, 1, 0, 1, 0, 0, 0, 1, 0, 1, 1, 0, 1, 1, 0, 1, 0, 0, 1, 1, 1, 0, 0, 1, 0, 0, 0, 1, 0, 1, 1, 1, 0, 0, 0, 1, 0]