#/home/brian/Documents/summer17/Python/VEC/scripts/make_SBM_graphs.py
# GMT Thu Jul 27 21:51:56 2017
# 
0 80 99 35 7
1 97 68 73 77 54 59 94 31
2 17 52
3 64 25 21
4 42 13 17 56 92 31
5 57 74 43 58
6 81 44 69
7 73 51
8 96 65 44 85 28 95
9 32 41 98 58 94
10 81 99 37 17
11 55 39
12
13 79
14 97 42 82 55 89 94
15 90 43 61 54 63
16 83 91 82 37 94
17 83 46
18 32 68 94
19 68 38 77 49 82 55
20 64 89 90 91 44
21 73
22 48 57 50 58
23 48 66 84 93 78
24 90
25 75 76 45 47 35 84 62 86 30 31
26 33 43 44 81 53 86
27 78 87
28 81 35 80 65
29 34 46
30 35 36 65 87
31 73 77 80 55
32 38 83 52 53
33 59 44
34 99 68 40 46 82 83
35 91
36 88 66 44
37 89 39 79
38 81 59 97
39 89 67 92
40 89 50
41 60 69 54 97
42 51 59
43 70 47 57
44 96 75 48 59 61
45 84 70
46 80 82 52 63
47 65 89 87 91 61
48 50 87 95
49 80 51 56
50 64 69 81 84 85 90 95
51 76
52 97 67
53 69
54 99 72 79 55 58
55 83 98 94
56 67 77 60
57 71
58 92
59
60
61 88 78
62 98 71
63 96 64
64 70 87
65 66
66
67
68 83 92
69 90
70 87
71 85 87
72 77 79
73 77 87
74 96 99
75 91
76
77
78
79
80 99
81
82
83 92
84
85
86
87
88
89
90
91
92 99
93
94
95
96
97
98
99
[1, 1, 1, 0, 1, 0, 0, 1, 0, 1, 1, 1, 0, 1, 1, 0, 1, 1, 1, 1, 0, 0, 0, 0, 0, 0, 0, 0, 0, 1, 0, 1, 1, 0, 1, 0, 0, 1, 1, 1, 1, 1, 1, 0, 0, 0, 1, 0, 0, 1, 0, 1, 1, 0, 1, 1, 1, 0, 1, 1, 1, 0, 0, 0, 0, 0, 0, 1, 1, 0, 0, 0, 1, 1, 1, 0, 0, 1, 0, 1, 1, 0, 1, 1, 0, 0, 0, 0, 0, 1, 0, 0, 1, 0, 1, 0, 0, 1, 1, 1]