#/home/brian/Documents/summer17/Python/VEC/scripts/make_SBM_graphs.py
# GMT Thu Jul 27 21:52:03 2017
# 
0 32 68 73 14 19 20 21 86 41 61
1 5 80 51 54 25 93
2 18 51 5
3 97 98 10 80 83 21
4 18 59 52 93 5
5 37 16 51 93
6 22 72 41 54 58 92 93 62
7 34 42 45 14 15 19 87 29
8 65 43 68 11 48 56 18 85 88
9 64 67 18 82 57 95
10 33 29 81 83 53 56 47 61
11 74 77 87 24 91
12 97 74 29 45 13 90 42
13 32 98 45 78 81 58
14 42 98 97 41 74 56 83 20 88 29
15 96 99 38 17 19 21 88 57 27
16 92 44 54 60 93
17 35 44 18 87 57 59 31
18 35 63 67 52 95 31
19 32 43 77 78 81 47
20 34 74 83 58 27 90
21 86 38
22 25 47 65 71
23 40 24 82 51 54
24 67 72 82 57
25 60
26 69
27 42 44 48 49 50 58
28 64 65 62 80
29 54
30 70 73 75 83 53 93
31 92 82
32 96 75 78 88
33 58
34 96 42 91
35 52 62 95
36 48
37 65 82 90 55
38 77 56 53 88 91
39 99 70 73 43 45 86
40 64 46 87 57 60 62
41 97 98 74 75 78 56 89 42 63
42 74 43 77 45 48 78 87 58 93
43 70 85 59 74
44 69 71 60
45
46 88 74 75 81
47 99 78 81
48 97 88 89
49 97 74 76 78 53
50 89 77 70 61
51 65
52 82 79 63 95
53 85 89
54 66 59
55
56 68 75 85 88
57 96 65 66
58 98 99 76
59 72 62 63
60 69 94
61 81 70
62 64 67 73 94
63 69
64 66 69 94 93
65 98
66 82
67 79
68 74 76 81 87
69 95
70 98 84
71
72 79
73 96
74 96 98 89 84
75
76 96 77 87
77 90
78
79
80 96 98
81 99 87 89
82
83
84 96 91
85 97
86 92
87 99
88 96
89 97 91
90
91
92
93 94
94
95
96 98
97
98
99
[1, 0, 0, 1, 0, 0, 0, 1, 1, 0, 1, 1, 1, 1, 1, 1, 0, 0, 0, 1, 1, 1, 0, 0, 0, 0, 0, 1, 0, 1, 1, 0, 1, 1, 1, 0, 0, 0, 1, 1, 0, 1, 1, 1, 0, 1, 1, 1, 1, 1, 1, 0, 0, 1, 0, 0, 1, 0, 1, 0, 0, 1, 0, 0, 0, 0, 0, 0, 1, 0, 1, 0, 0, 1, 1, 1, 1, 1, 1, 0, 1, 1, 0, 1, 1, 1, 1, 1, 1, 1, 1, 1, 0, 0, 0, 0, 1, 1, 1, 1]