#/home/brian/Documents/summer17/Python/VEC/scripts/make_SBM_graphs.py
# GMT Thu Jul 27 21:51:52 2017
# 
0 755 699
1
2 691 99 877 195
3 872 179 308 637
4 335
5 388 617 272 371 280 861
6
7 816 984
8 964 456 269 910 528 306 29
9 848
10 189 462
11 312
12 96 297 699 253 783
13 96 812
14 726 57 101 102 789
15 361 255 716 959
16 405
17 562 957
18 624 528 274 347
19 273 874 978 222 351
20 617 388 996 262
21 368 965 181 914 277
22 111
23 785 774 318
24 464 528 331 428
25 273 258 989
26 164 213 366
27 609 727
28 664 402
29 618
30 760
31 105 620 477
32 372 300
33
34 733 559
35
36 591 395 831
37 216 547 581 54
38 840 640
39 529 59 438
40 148 508 653
41 392
42 632 49 693
43 139
44 248 961 452 542
45 808 505 101
46 928 769 163 422 337 125
47 862
48 345 434 573
49 64 646 222
50 971 77 583
51 785 100
52 794 140 325
53 520 237
54 77
55 437 741
56 317 294 655
57 425 458 515
58 114 618 790 930
59 601 250 294
60 169 566 950 321
61
62
63 839
64 306 930 701 351
65
66 560 931 340 150 715
67 992 177
68 305 716 725 71
69 88 129
70 696 753 737
71 608 769 864 695
72 219 211
73
74 194
75 610 499
76 355 575 85 773
77 440 724
78 306 383
79 734
80 608 858 452 918 255
81 896 610
82 336
83 426 350
84 904 337 92 681
85 407
86 891
87 405 495
88 301
89 616 800 269 329
90 264
91 692 353 731 796
92 916 906
93 248 464 457
94 163
95 513 819
96 386 270
97 393 815
98 180 807
99 370 252 594 781
100 508 317
101 669 573
102 128 632
103
104 511
105 799 687 620 990
106 884 581
107 289 674
108 473 850 787 801
109 494
110 313 378 708 942
111 758
112 396 127
113 702
114 287 215
115 132
116 560 639
117
118 609 515 748 910 497 246 281
119 136 819 866 707
120 979
121 678
122 720 612 421
123 433 434 969 791
124
125 332
126 472 644 358 319
127 697
128 308 183
129 936 771
130 755 215
131 662
132 553
133 968
134 878 783
135
136 688 571 573 758
137 941 726
138 652
139 351
140 343
141 524 982 623
142 347
143 373
144
145 633 594
146
147 530 915
148 610 955 927
149 947 375
150 528 291
151 156
152 650 638 446
153 675
154 797 502
155 772 303
156 305
157 910
158 441 252 332 981 213
159 377 933 969
160 524 534
161 554
162 217 642 529 822 199
163 697 890
164
165 932 557
166 257 477 462 438
167
168 866 203
169 792
170 339 879
171 761
172 569 178 258 670
173 637
174 297 779
175 460 197 654
176 528 754
177 744
178 682 333
179 410
180
181
182 834 298
183 305 371 605 982
184 344 618 334
185 504
186
187 960 803 772 918
188
189 368
190 666 531 319
191 909 586 437 751
192 792 813 862
193 411 852 990
194 801 932 756
195 332 426
196
197 817 786 362 914
198 323
199 640 309 327
200 336 910 239
201 432 384 475
202 354 947 774
203 866 740 365 228 861
204
205 889 219 949
206 305
207 888 715
208
209 946 381 263
210 609 468
211 562 957 982
212 912
213 805 270 784 814 633
214 389 436 247 724 987 350 229
215 976
216 320 833
217 946
218 795 902
219 398
220 623
221 890 859
222 523 734 715
223 531 665 779 503
224
225 761 231
226 505 836
227 250 775
228 262 358 646
229 694
230
231 336 587 791
232 640 699 636
233 992 355 796
234 545 780 565 734
235 799 503
236 760 808 883 254
237 425
238 336 516 629 998
239 952 406
240 248 442 299 651 533
241 761 451 853
242 324 325 599
243 712 558
244 650 743
245 568 799
246 632 664
247
248 969 747 377
249 772
250 611 662
251 328
252 262 904 626 702
253 713 855
254 280 345
255
256 441 541 710 879
257 977 281
258 423
259 329 700 806
260 394 518 718
261 738 879 372 334 815
262 805 750 625
263 578 809
264 322 429
265 489 839 990 641
266 559
267 669
268 999
269 729
270 600
271
272 677
273 311
274 753
275 447
276 926
277 433 948 534 791
278
279 902
280 935 524 506 573
281 677 449 488 402
282 564
283 739
284 400
285 378
286 464 329 714
287 771 993 827
288 411 414 805 798 949
289 505 835 475
290 552 804
291 347
292 393 517 569
293 681
294 889
295 466
296 944 339
297 837 910 713 846
298 912 913
299
300 888 995
301 780
302 304 793 970
303 505
304 665 342 713
305 875
306 956
307 360 552 404 678 800
308
309 679
310 328 650 900 618
311 393 925 654 695
312 328 482 925 990
313 888 746
314
315 674 581
316 822
317 468 622
318 815 819 797 326
319 832 615
320 546 371 410
321 980
322 954 931 765 335
323
324
325 772 396 369 503
326 451 995
327 482
328
329 656
330 945
331 468 415
332 497 658 899
333 369 642 519
334 392 843 849 343
335 770 982
336 360 829
337 992 507 443
338 349
339 686 951
340 368 370 461
341
342 353 805 745 777 575
343 390 775 692 565
344 394 486
345
346 554 851 909
347
348
349 953 734 583
350 778
351
352 823
353 820 564 646
354
355 358
356 497 645 605
357 555
358 381
359 721
360 387
361 786
362
363 456 380
364 962 716 807
365 392
366 968 953 675 730
367 909
368 738 773 692
369 625 662
370 893 507
371 785 749
372
373 664
374 616 640 564
375 657 802 987 855
376 561 902
377 920
378 721 563 646
379 864 931 590 915 654 764
380 497 796 601 991
381 611 949 929
382 763 439
383 889 549 710 421
384 892
385
386 915 878
387 530 709 463
388 839
389
390 729 802 546
391
392 657
393 964 914 695 446
394
395 489 973 521
396 996 439
397 416 584 938 773
398 794
399
400 815
401 686
402 686 407 954 700 799
403 792 408 957 872 453
404 892
405 440
406
407 518
408 960
409
410 527
411 887
412 578
413
414
415 532 455
416 657 631
417 650
418 740 511
419 618
420 972 621
421 686
422 784 800 458
423 867 740 438 951
424 592
425 578 845
426 545 618
427
428 650 468
429 818 797 455
430 769 629
431 745 542
432
433 651 907
434 463
435 889
436 506 468 525
437 773
438 866
439 763 678 903
440
441 738 899 490
442
443 472 933 871
444
445 760 817 459 791
446 459
447 678
448 538 757
449 731
450 620
451
452 504 471
453
454 882 550
455
456 659 983
457 753 706
458
459 833 931 915
460 637
461 949
462 721 789 961
463 876
464 964 727 927
465 722
466 472
467
468 727
469 628
470 988
471
472
473 864 992 709
474 752 900
475 538
476 720 585 648 963
477 480 626
478 852 709 711
479 995 916
480 881 541 575
481 695
482 851
483 848
484 570 749
485 816 758
486 886
487 929 830 645 942
488 671
489 876 813
490 664 648
491 552 923 790 910
492 519
493 512 981
494 961
495 808 874
496 801
497
498
499 838
500 992
501 879 735
502 931 629
503 664 798
504 583 527
505 980 600 927
506 834
507
508
509
510 692 983
511 524
512 696
513
514 541
515 941 617
516 875
517 529 830 687
518 986 626
519
520 714 654
521 637
522 923 995
523 841 555 687
524 550 859
525 796 757 999
526 850 534
527 561 752
528 587
529 762
530 534
531 658 700 789
532 608 833 558 998
533
534 663
535 602
536
537 580
538 920 982
539 819
540 705
541 972
542
543 972 893 838
544 802 654 559
545 648
546 590
547 832 889 658 883
548 655
549
550 742
551 705 700
552 697 790
553 646 686
554 855
555 563 953 597
556 937 684
557
558 694
559
560 970 873 714
561 633 571
562 751
563
564 611 687
565 648 645
566 792 917
567 987
568 588 911
569 809 747 978 827
570 836 639 791
571
572
573
574
575
576 817 788 612
577 826
578 684 747
579 631
580 933
581 964
582 754
583
584 849
585 828 593
586 753
587 687
588 904
589 901
590
591 952 819 966 959
592
593 770 717
594 940 877
595
596 885
597 642 734 983
598 858
599
600 972 869
601 738
602
603 785 850 935
604 673 692
605 968
606 930
607 777
608
609
610 772
611
612 751
613 631
614 702
615 632 866
616 837
617 866 658 958
618 743
619 635
620 747
621 966 862
622
623 848
624 825
625 672 787 684
626 686 722 631
627 730 790 999
628 897
629
630
631 722 659
632 863
633
634
635 815
636
637 967 757 969
638 914 971
639 960
640 656
641
642 665
643 885
644 795
645
646
647 664
648
649 768 854
650
651 884 927
652 954 927
653
654
655
656
657 796
658 855
659
660 996
661 811 980
662 867 753
663
664
665 901
666
667 739 847
668 751 759
669 992 758
670 744 838
671 961
672
673 800 947
674
675 986
676
677 919
678
679
680 923
681
682 919
683 829 733
684
685 972
686 838
687 779 937
688 709
689
690
691 977
692 837 842 958
693
694 695
695
696 697
697
698 754
699 861
700
701 787 995 932 861
702 909
703 901 846
704 829
705 739
706
707
708
709 733
710 738
711
712 880 969
713 722 879
714
715
716 953
717 934
718
719
720 950 742
721 981
722
723 768 833
724 933 765
725 883
726
727
728 949 974 877
729 998
730 905 938 843 893
731 863 839
732 801
733 984 847
734 863
735 945 930 855
736 976
737 767
738 881 946
739 931 797
740 979
741
742 860 765
743
744 860
745 861
746 972
747 928 956
748 811
749 924 751
750 958
751 761
752
753 865
754
755 765
756 794
757
758 817
759
760
761 765
762
763
764 785 818 900 837
765 897
766
767 856
768
769 865
770 975
771
772 801
773 977
774 890
775
776
777
778 838
779
780 910 871
781
782 928 799
783
784
785
786
787
788 920 884 831
789 791
790
791 847
792
793 954
794
795
796
797 819
798
799 940 893
800 995 977 818
801 853
802 889 924
803 890
804
805
806 861 823
807
808
809 981
810
811
812
813
814 893
815 848
816
817
818
819
820
821
822 993 905 874 909
823 990 926
824
825 919
826
827 929
828
829 844
830
831
832
833 868
834
835 924
836
837
838
839
840
841 863
842
843 898
844
845
846
847 976
848 891
849 956 877
850
851
852
853 943
854
855
856 978
857 876 935
858
859
860 900
861
862
863
864
865
866 898
867
868 980
869
870 933
871
872
873
874
875 914
876
877
878
879 909
880
881 985
882 944
883
884
885
886
887
888 978
889
890
891
892
893 936
894
895
896
897
898
899
900
901
902 944
903
904
905
906
907
908
909 948
910
911
912
913
914
915
916
917
918
919 990 951
920
921
922
923
924
925
926
927
928
929
930 938
931
932
933 975
934
935
936
937
938
939 957
940
941
942
943
944
945
946 967
947
948
949
950
951
952
953
954 965
955
956
957 964
958 999
959
960
961
962
963
964
965
966
967
968
969
970
971
972
973
974
975
976
977
978
979
980
981
982
983
984
985
986
987
988
989
990
991
992
993
994
995
996
997
998
999
[1, 1, 1, 0, 0, 1, 1, 0, 1, 1, 1, 0, 1, 0, 1, 0, 1, 0, 0, 1, 1, 0, 0, 0, 0, 1, 1, 0, 1, 1, 0, 1, 1, 0, 0, 1, 0, 0, 1, 1, 0, 1, 1, 0, 0, 1, 1, 0, 0, 1, 0, 0, 1, 0, 0, 1, 0, 1, 1, 1, 0, 0, 0, 1, 1, 1, 0, 1, 0, 1, 0, 0, 0, 0, 0, 0, 1, 0, 1, 1, 0, 0, 0, 0, 1, 1, 0, 1, 1, 1, 0, 1, 1, 0, 0, 0, 1, 0, 0, 1, 0, 1, 1, 0, 0, 1, 0, 0, 0, 1, 1, 0, 1, 1, 1, 1, 1, 0, 1, 0, 1, 1, 0, 0, 1, 1, 1, 1, 0, 0, 0, 1, 1, 1, 1, 1, 0, 1, 0, 1, 1, 0, 0, 1, 1, 1, 0, 0, 0, 1, 0, 0, 0, 1, 0, 0, 0, 1, 1, 0, 0, 1, 1, 0, 1, 0, 1, 0, 1, 0, 1, 0, 1, 0, 1, 0, 0, 1, 1, 0, 0, 0, 0, 0, 1, 0, 1, 0, 0, 1, 1, 1, 0, 1, 0, 1, 0, 0, 0, 1, 0, 0, 0, 1, 0, 0, 0, 1, 1, 1, 0, 0, 0, 1, 0, 0, 0, 1, 0, 0, 0, 0, 1, 1, 0, 0, 0, 1, 1, 0, 1, 0, 1, 1, 1, 1, 0, 0, 0, 0, 0, 0, 1, 0, 0, 1, 1, 0, 0, 0, 1, 0, 1, 1, 0, 0, 1, 1, 1, 1, 1, 1, 1, 1, 0, 1, 0, 1, 1, 1, 1, 1, 1, 1, 0, 1, 1, 0, 0, 0, 0, 1, 1, 0, 0, 0, 0, 1, 1, 0, 1, 0, 1, 1, 0, 1, 0, 1, 0, 0, 1, 1, 0, 0, 1, 0, 1, 1, 0, 1, 0, 0, 0, 1, 1, 0, 1, 0, 0, 1, 0, 0, 0, 0, 0, 1, 0, 1, 0, 1, 1, 0, 1, 1, 1, 0, 0, 1, 1, 1, 1, 1, 1, 1, 1, 0, 1, 0, 0, 1, 0, 1, 1, 1, 0, 1, 1, 1, 1, 1, 0, 0, 0, 1, 0, 1, 1, 1, 1, 1, 1, 0, 1, 1, 1, 1, 0, 0, 1, 0, 1, 1, 1, 1, 0, 1, 1, 0, 1, 0, 0, 1, 1, 0, 1, 0, 1, 1, 0, 1, 0, 1, 1, 0, 1, 1, 0, 1, 0, 0, 0, 1, 1, 1, 1, 0, 1, 0, 0, 1, 0, 1, 1, 1, 1, 1, 1, 0, 0, 0, 0, 0, 0, 0, 0, 0, 0, 1, 1, 1, 1, 1, 0, 1, 0, 0, 0, 1, 0, 1, 1, 0, 0, 0, 0, 0, 1, 0, 1, 0, 0, 1, 1, 0, 0, 1, 1, 1, 0, 0, 0, 0, 1, 0, 0, 0, 0, 1, 0, 1, 1, 0, 0, 0, 0, 0, 1, 1, 1, 0, 1, 1, 1, 1, 1, 1, 0, 1, 1, 0, 1, 1, 0, 1, 0, 0, 0, 1, 0, 1, 1, 0, 1, 0, 1, 1, 0, 1, 1, 1, 0, 0, 1, 1, 0, 1, 0, 0, 0, 1, 0, 1, 0, 0, 0, 0, 0, 1, 0, 0, 0, 1, 0, 1, 0, 1, 0, 0, 0, 1, 0, 1, 1, 1, 1, 1, 1, 0, 0, 0, 0, 0, 0, 1, 1, 1, 1, 0, 1, 1, 0, 0, 0, 0, 0, 1, 0, 0, 1, 1, 1, 0, 0, 0, 1, 0, 1, 1, 1, 1, 0, 0, 1, 0, 1, 0, 0, 1, 0, 1, 1, 1, 0, 0, 1, 1, 1, 1, 0, 0, 0, 1, 0, 1, 1, 1, 1, 1, 1, 0, 1, 0, 0, 0, 0, 1, 1, 1, 0, 0, 0, 1, 1, 1, 0, 0, 1, 0, 0, 1, 1, 1, 1, 0, 1, 1, 1, 1, 1, 0, 0, 0, 0, 0, 0, 0, 1, 1, 1, 1, 1, 0, 1, 0, 1, 1, 1, 0, 0, 1, 1, 1, 1, 1, 0, 1, 1, 1, 1, 0, 1, 1, 1, 0, 1, 1, 1, 1, 0, 0, 0, 1, 1, 1, 0, 0, 1, 1, 0, 1, 1, 1, 1, 1, 1, 0, 0, 0, 0, 0, 1, 0, 0, 1, 0, 1, 0, 0, 0, 0, 0, 1, 1, 0, 0, 0, 1, 0, 1, 0, 1, 1, 0, 0, 1, 1, 0, 0, 1, 0, 1, 1, 0, 1, 1, 1, 1, 1, 0, 0, 1, 0, 0, 0, 0, 0, 0, 0, 0, 0, 0, 0, 1, 1, 0, 0, 0, 0, 0, 0, 0, 1, 0, 1, 0, 1, 1, 1, 0, 1, 1, 1, 1, 1, 1, 0, 0, 1, 0, 1, 1, 0, 0, 0, 0, 0, 1, 0, 1, 1, 1, 0, 0, 0, 1, 1, 1, 0, 1, 1, 0, 0, 0, 0, 1, 0, 0, 0, 0, 0, 1, 0, 1, 1, 1, 0, 0, 1, 0, 0, 1, 0, 1, 0, 0, 0, 0, 1, 1, 1, 1, 1, 1, 1, 0, 1, 1, 0, 0, 1, 0, 1, 1, 0, 0, 1, 1, 0, 0, 0, 0, 1, 0, 1, 0, 0, 1, 1, 0, 0, 1, 1, 0, 0, 1, 0, 0, 1, 1, 1, 0, 1, 0, 0, 0, 0, 1, 1, 1, 0, 0, 0, 0, 1, 1, 0, 0, 0, 1, 1, 0, 1, 0, 1, 1, 1, 0, 0, 0, 1, 1, 1, 0, 0, 0, 0, 1, 1, 0, 1, 0, 1, 0, 1, 1, 0, 1, 0, 1, 1, 1, 0, 0, 1, 0, 0, 1, 1, 1, 0, 1, 1, 1, 0, 0, 1, 1, 1, 1, 1, 0, 1, 0, 1, 0, 0, 1, 0, 1, 0, 0, 1, 0, 0, 0, 0, 0, 0, 1, 0, 0, 0, 1, 1, 1, 1, 0, 1, 1, 1, 0, 1, 0, 1, 0, 1, 1, 0, 0, 1, 1, 1, 1, 1, 1, 1, 1, 1, 0, 1]