#/home/brian/Documents/summer17/Python/VEC/scripts/make_SBM_graphs.py
# GMT Thu Jul 27 21:51:52 2017
# 
0 933 80 85 24 507 926
1 84 915 300 22 191
2 360 681 517
3
4 920 720 981 55
5 176 138 375
6
7 612 654
8 281 363 604 457
9 954
10 720 299
11 809 861
12 897 913 157 574 441
13 880 73 690
14 763 707
15 293 652 93 693 445 607
16 85
17 693
18 840 656 187 40 609
19 696 531 765
20
21 880 258
22 288 985
23 904 808 675 77 453
24 242
25 587 355 669
26 688
27 660 156 446 953
28
29 690 556
30 656 363 955 391
31 871
32 682
33 739 188 239
34
35 950
36 473 373
37 624 755 805
38 188
39
40 672
41 251 974
42 184 608 419 527
43 133 711 648 525 181 377
44
45
46 860 385 204 878
47 57
48
49 507 316
50 246 719
51 417 872 400 626 855 186
52 318 142 375
53 411 111
54 98 916 794 662 383
55 920
56 152 937 92
57 330
58 976 555 767 975
59 884
60 912 441 842
61 266 489 434 427 586
62 426 206 758 431
63
64 649 591 319 822 561
65 626 995 740 709 582
66 979 830
67
68 513 978 989 854 607
69 312 954 207
70 647 599
71 448 547
72 672 536
73 169 642 767 845
74 920 118
75 91 685 975
76 196 251 92
77 937 92
78 417 525 590 239 84 121 986 446 95
79
80 968 376 294 559
81 696 581 229
82 786 789
83 435 342
84 719
85 458 756 666 415
86 220 677
87 667 981 582
88 713 803 188
89 936 748 269 913 374 632
90 968 608 213 742 317
91 275 533 951
92 806 725
93 248 699
94 985 964
95 739
96
97 99 230 113 227 986 764
98 516 623 561 306 691
99 856 917 655
100 673 124 341 479
101 360 354 392 877 271 785
102 594 725
103 345 758 583
104 289 726
105 817
106 632 921 902 534
107 811
108 329 423
109
110 301
111 760 977 772
112 787 251 733
113
114 355 492 733 606
115 912
116 687
117 768 322 671 318 591
118 595
119 888 585 401
120 818 476 661
121 877 942
122 573 367
123 384 485 982
124 944 418 826 222
125 884 669
126 618 523
127 274 204
128 688
129 235 228 830 910
130 648 911
131 288 769
132 370 734 510
133 217 970 710 609
134 754
135 353 292 265 521 634 378
136 992 671
137 296 427 460 243 628 381
138 503
139 216 497 789
140 436
141
142 794 965 263
143 145 609
144 693
145 488 591
146 802 727
147 729 962 523 725
148 725
149 729 780 710 545
150 241 854
151
152 930
153 552 267 300
154 419 841 849 948 214 637
155
156 328 235 620 498 495 210
157
158 714 973 710
159
160 691 724 739
161 316 333
162 648 716 613 966 197
163 617 948
164 510
165
166 555 445 654 399
167 343
168 617 719
169 758
170 230 606 439
171 728 316 788 577 831
172 752 394
173 829 765 245
174 768 290
175 604 593 674 195 292
176 921 908
177 609 326 582 295
178 503 188 559
179 597 366 183
180 568 705 477
181 353
182 976 257 251 244
183 316 958
184 736 986
185 219 420 311
186 898 995
187 423
188 472
189 393 738 708
190 620 421
191 452 479
192 490 994
193 674 397 317
194 379 799
195 672 738 197 939 930 254 863
196
197 265 975 401 887 638
198 860 521 892 638
199 296 401 797
200 272 341 926
201 354 266 514 814 470 473
202 389
203 858
204 778
205 504 820 717
206 945 476
207 441 508 718 969
208 536 452 253
209 320 307 299
210 428 532 917 919 606 735
211 252 845 878 847
212 480 622
213 969 747 734
214 233 596
215 505 938 310
216 271
217 281 759 862 717
218 505 994
219 302
220
221 865 770 711 362 847 633 668
222 776 740 486
223 260 797 663
224
225 751
226 586 747 260
227 528
228 493 990 999
229 648 293
230 678 375 988 702
231 376
232 914
233 746 991
234 923
235 237
236 696 850 268 317
237 520 276
238 924 754 907 252
239 989 918 772
240 506 338 378
241 624 609 899 447
242 868 459 876
243 307 949
244 572 902 453
245 825 635
246 260 359 658 852 950
247 427 251 438 902
248 806
249 369 719
250 841
251 935
252 834
253 392 285
254 649 406
255 768 338 686
256
257 538
258 831 268 677
259 913 402 387 964
260 429
261 380 471
262 551 977 315 967
263
264 964
265 921
266 617 909
267 654
268 935
269 466 668 975
270 912 471
271
272 728 796
273 568 297 731
274 372 958
275
276 801 463 590 503
277 882 639 863
278 625
279 869
280 844
281 676 966 865
282 728 355 470 807
283 840 499 613
284 328 674
285 681 987
286 328 900 532 669 309
287 482 803 509
288 357 910 756 414 997
289 457 522 368 809
290 314
291 856 809 356
292 599
293 424 801
294 865 643 759
295 988 749 661
296 392
297 812 893
298 724
299 456 666 333
300 815 494 697
301
302 874
303
304 607
305 321 466 828 398
306 770 670 941
307 411
308 976 508
309 529 549
310
311 456
312 992 695 815
313 995 463 439
314 469
315
316 995 663 751
317 797
318 624 691
319 465 989 519
320 993 701 446 895
321
322
323 361 915
324 729 420
325 449
326 790
327 657 793
328 881
329 992
330 436 964
331 515 733 910
332 747 572 574
333 520 843 497 500 830
334 878 478
335 761 910 366
336
337 674 779
338 465 396 593
339
340 863
341
342 547 989 567
343 648 578 770
344 996
345 650 583 654
346 483 764 653 526
347 734
348 584 722 780 575
349 777 795 853 814
350 806
351 787 758
352 696 878 711
353 482 657 437 725
354 848 589
355
356 524 395
357 463
358 904 418
359
360 736 793
361
362 958 487
363 963
364
365 642
366 634 782
367 771 734 663
368 487
369 979 694
370 844 458 662
371 528 595 804 589
372 527
373 448
374 640 766
375 804 901
376 817 562 812
377 745 713
378 721 857
379
380 833 403
381 520
382 401
383
384 589
385 936 707
386 900
387 639 653 607
388
389 881 722
390 920 769
391
392 990
393 937 617 629
394 970 931 614
395 945 740 694
396
397
398 552 564 583
399 785
400 757 734 549
401 479
402 923
403 888 991
404 945
405
406
407 872 914 611 893
408 559
409 841 530
410 898 423
411 456 514 926
412 941
413
414 473 739
415 701 705 945 815
416 954
417
418 658
419 508 469
420 890
421 827 558
422 723
423 812
424 683 527
425 612 500 997
426 766
427 655 948
428 760
429 590
430 761 855
431
432 953 613
433 723 854
434 499 669
435
436 675 462
437 732 461
438
439 760 785
440 724 717 878
441 896
442 846
443
444 884 709 503
445 763 924 526
446 769 617 462
447 491 934
448
449 996 693 890 699 732
450 964 811 652 965 759
451 899
452 469
453 838
454 757
455 769 791
456 718
457 556
458 794 602
459 803 901 995
460 511
461 506 930
462 733
463 728 554
464 692
465 937 627
466 608 572 913
467 640 563 621
468 820 966
469 851
470 605 954
471 627 491
472 888
473
474 906 564 533
475 545 578 883
476 837 807
477 990
478 779 646
479 568 772
480 684 789
481 488 873
482 862
483
484 655
485 744 811 676
486
487 858 686
488 880 869 653
489 932
490
491 641 801
492 920
493 980 981
494 916 651
495 844 726
496 933
497 594 942 927
498
499 714
500 891 537
501 522 725
502
503 524 979
504 579 924 893
505
506 691 557
507 810 969
508 550
509 802 898
510 562
511 885
512 904 861 711
513 945 931 774
514 950
515 749 942
516 688 745
517 562
518 645
519 710
520 577
521 665 828 765 542
522 683 727
523
524
525
526
527 909 813 976
528 576 845
529
530 884
531
532 905
533 692 773
534 861
535 910
536
537
538 682 574
539 882
540 779
541 627 781
542 607
543 932
544 816 878
545 984
546
547 904 682 644
548 906
549 814
550
551 560 764
552
553 723
554
555 963
556 974
557 894
558 832
559 878
560 953 798
561 570 951
562 776
563
564 713
565 664 837
566
567 738 618
568 730
569
570
571
572 932 927
573
574 765
575 659 974 863
576 772 645
577 728
578 896 752
579 658 907
580 582 806
581 723 907 857
582 749
583 913 754
584
585 752
586
587 946 963 622
588 946 797
589 642 754
590
591 880 887
592 704 650 869
593 634
594 788 893
595 801 609
596 969 870
597
598 788
599 999
600
601 663
602
603 676
604 896
605
606 705 866
607
608
609 913
610
611
612 761
613 873 957
614 628 709
615
616
617 728
618
619
620
621
622
623 727
624
625
626
627 966
628 770 877 853 856
629
630
631
632 633
633
634 811
635
636 930 910
637 826 790
638 966
639 975
640
641 712
642 762
643
644 804 653 676 923 797
645 714
646
647 936
648
649 773
650
651 684
652
653 714 819
654
655 866 996 995
656 820
657 834 758
658 800 851
659 883
660
661 774
662 994
663 910 856
664 736
665 672 854
666 770
667 814
668 954 707 773
669 916
670 808
671 876 686 791
672 958
673 987
674 973
675
676 691
677 689
678 847
679 833
680
681 746
682 874
683
684
685
686 745
687
688
689 891 734
690
691 962
692 909
693 885
694
695 719
696 848
697
698
699 970 763 935
700 936 736
701
702 726
703 717
704 732
705
706
707 727
708
709
710 973 759
711
712
713
714
715 880 820
716
717 865
718
719
720
721 811
722
723 997 889
724
725 963
726 807
727 911 947
728 810 915 788
729 958
730
731
732
733 771 849 990
734 796
735
736 839
737
738
739 964 871 818
740
741
742 803
743
744 889 828
745
746
747
748 825
749 752 853
750
751
752
753
754 808 973
755 856
756 927
757
758 838 938
759
760 867 780
761
762 847
763
764
765
766
767 861
768
769
770 835 966 910
771 891 997
772 933
773 842
774
775 819
776 997
777
778 858
779
780
781 921 940 957
782
783
784
785
786
787
788
789
790
791
792
793 923 899
794 916
795 860 981
796 938
797
798 830
799
800
801 813
802
803
804
805 818
806 842 911
807
808
809 921 919
810
811
812
813
814 836 915
815
816 976
817 995
818
819
820 873
821
822
823
824 983
825
826
827
828
829
830
831
832 905
833
834 924 902
835 938
836
837
838 944 875
839 960 949
840
841 948
842
843 851 852 846
844 891
845
846 983
847
848
849
850 948
851
852 917
853
854
855 910
856
857 959
858
859 928 926
860
861
862
863
864
865 956
866
867
868
869
870
871
872
873
874 957 951
875 930
876
877
878
879 948
880
881
882
883
884
885 998
886 963
887
888
889 892
890
891
892
893
894
895
896 923
897 932
898 969
899
900
901
902 935
903
904
905
906
907
908 970
909 921
910
911
912 934
913 973
914
915
916
917 943
918
919
920
921 974
922
923 951
924
925
926
927
928 985
929 997
930
931
932
933
934
935
936
937
938
939
940
941
942 967
943
944
945
946
947
948
949
950
951
952
953
954
955
956
957 986
958
959
960
961
962
963
964
965
966
967
968
969
970
971 994
972
973
974
975
976
977
978
979
980
981
982
983
984
985
986
987
988
989
990
991
992
993
994
995
996
997
998
999
[1, 1, 1, 0, 1, 1, 0, 0, 0, 1, 0, 1, 0, 0, 0, 0, 1, 1, 0, 0, 1, 0, 1, 0, 1, 1, 0, 1, 0, 0, 0, 0, 0, 1, 0, 1, 0, 1, 1, 0, 0, 0, 1, 0, 1, 0, 0, 0, 1, 1, 1, 1, 1, 1, 1, 1, 0, 0, 0, 0, 0, 1, 0, 1, 0, 1, 1, 1, 0, 1, 0, 0, 1, 0, 0, 0, 0, 0, 1, 0, 1, 0, 1, 0, 1, 1, 1, 1, 1, 0, 1, 0, 0, 0, 0, 1, 0, 1, 0, 1, 1, 1, 0, 0, 0, 1, 0, 0, 1, 0, 1, 1, 0, 1, 1, 0, 0, 1, 0, 1, 1, 1, 1, 0, 1, 1, 0, 0, 0, 1, 0, 1, 1, 0, 0, 0, 1, 1, 1, 1, 0, 0, 1, 0, 0, 0, 0, 0, 0, 0, 0, 1, 0, 0, 1, 1, 1, 0, 0, 0, 0, 1, 0, 1, 1, 1, 0, 1, 1, 0, 1, 1, 1, 0, 0, 0, 0, 1, 1, 1, 1, 0, 0, 1, 1, 0, 1, 1, 1, 0, 1, 1, 1, 1, 0, 0, 0, 0, 0, 1, 1, 1, 1, 0, 0, 0, 1, 1, 1, 1, 1, 0, 1, 1, 1, 1, 1, 0, 1, 0, 1, 0, 1, 1, 0, 1, 1, 1, 1, 0, 1, 1, 1, 1, 0, 1, 1, 1, 0, 1, 0, 0, 1, 1, 0, 0, 1, 0, 0, 1, 1, 0, 0, 1, 0, 0, 0, 0, 1, 0, 1, 0, 1, 0, 0, 0, 1, 0, 1, 0, 0, 1, 1, 1, 0, 0, 1, 0, 0, 0, 1, 0, 1, 0, 0, 1, 1, 0, 1, 0, 1, 1, 0, 0, 0, 1, 1, 1, 1, 1, 1, 1, 0, 1, 0, 0, 1, 1, 1, 1, 1, 0, 1, 1, 1, 1, 1, 1, 1, 0, 1, 0, 1, 1, 0, 0, 1, 0, 1, 0, 0, 1, 0, 1, 0, 1, 0, 0, 0, 1, 1, 1, 0, 1, 1, 0, 0, 1, 1, 1, 0, 0, 0, 0, 1, 1, 1, 1, 0, 1, 1, 1, 0, 0, 1, 0, 1, 1, 0, 1, 1, 0, 0, 0, 0, 1, 1, 0, 0, 0, 0, 1, 1, 1, 0, 0, 1, 0, 1, 1, 1, 0, 1, 1, 1, 1, 0, 1, 0, 1, 1, 1, 0, 1, 1, 0, 1, 1, 1, 1, 1, 1, 1, 0, 1, 1, 1, 0, 1, 1, 0, 1, 1, 1, 0, 1, 0, 1, 1, 1, 1, 0, 0, 0, 0, 0, 0, 0, 0, 1, 0, 0, 1, 0, 1, 0, 1, 0, 0, 0, 0, 0, 1, 0, 0, 1, 1, 0, 1, 1, 1, 0, 1, 1, 0, 0, 0, 0, 0, 1, 1, 0, 1, 1, 0, 1, 1, 1, 0, 1, 1, 0, 0, 0, 1, 0, 1, 0, 0, 1, 1, 0, 1, 1, 1, 1, 1, 1, 1, 0, 1, 0, 1, 1, 1, 1, 0, 1, 1, 0, 1, 0, 0, 1, 1, 1, 0, 1, 0, 0, 1, 0, 0, 0, 1, 1, 0, 0, 0, 1, 1, 0, 1, 0, 0, 1, 1, 1, 0, 0, 1, 0, 0, 1, 0, 1, 0, 0, 0, 1, 1, 1, 1, 0, 0, 0, 0, 0, 1, 1, 1, 0, 1, 0, 0, 1, 0, 0, 1, 0, 0, 1, 0, 1, 0, 0, 0, 1, 1, 1, 0, 0, 1, 0, 1, 1, 1, 1, 1, 0, 1, 0, 0, 0, 1, 0, 1, 1, 1, 0, 1, 1, 1, 0, 0, 1, 1, 0, 1, 0, 0, 1, 1, 0, 1, 0, 0, 1, 0, 1, 1, 1, 1, 0, 1, 0, 1, 0, 1, 0, 1, 1, 0, 0, 0, 1, 0, 1, 0, 0, 0, 0, 0, 0, 0, 0, 0, 0, 0, 0, 0, 1, 0, 0, 0, 1, 0, 0, 1, 0, 1, 1, 1, 1, 1, 0, 1, 1, 0, 1, 1, 1, 0, 1, 0, 0, 0, 1, 0, 0, 0, 1, 0, 0, 1, 0, 0, 0, 0, 1, 0, 0, 0, 0, 1, 1, 0, 1, 1, 0, 1, 1, 1, 0, 0, 1, 0, 0, 0, 1, 0, 0, 0, 0, 0, 0, 0, 0, 1, 1, 1, 0, 1, 0, 0, 0, 1, 0, 1, 0, 1, 1, 0, 1, 1, 1, 1, 1, 0, 1, 1, 0, 1, 1, 0, 0, 1, 1, 0, 1, 1, 1, 1, 0, 0, 1, 1, 0, 0, 0, 1, 1, 0, 0, 1, 0, 0, 0, 1, 1, 1, 1, 1, 0, 1, 1, 1, 1, 0, 0, 1, 0, 0, 1, 1, 1, 1, 0, 1, 1, 1, 1, 0, 0, 1, 1, 1, 1, 1, 0, 0, 0, 0, 1, 1, 1, 0, 1, 1, 0, 1, 0, 1, 0, 1, 1, 0, 1, 1, 0, 0, 1, 0, 0, 1, 0, 1, 1, 0, 0, 1, 1, 1, 0, 0, 1, 1, 1, 0, 1, 0, 1, 0, 1, 1, 0, 1, 0, 1, 1, 1, 1, 1, 1, 0, 1, 1, 0, 0, 1, 0, 0, 0, 0, 1, 0, 1, 1, 1, 0, 1, 0, 1, 0, 0, 0, 1, 1, 0, 1, 0, 1, 0, 0, 1, 0, 0, 0, 1, 0, 0, 1, 0, 1, 0, 1, 0, 1, 1, 0, 1, 1, 0, 1, 0, 1, 0, 0, 0, 0, 1, 0, 0, 0, 1, 1, 1, 1, 0, 0, 1, 0, 0, 0, 0, 0, 1, 1, 1, 0, 0, 1, 1, 1, 0, 0, 0, 0, 1, 0, 0, 1, 1, 1, 0, 1, 1, 1, 1, 1, 1, 0, 0, 1, 1, 0, 0, 0, 0, 0, 1, 1, 0, 0, 0, 1, 0, 1, 1, 1, 0, 1, 0, 0, 0, 0, 0, 1, 0, 1, 1, 1, 0, 1, 1, 1, 1, 1, 1, 0, 1, 1, 1, 1, 1, 1, 1, 1, 0, 0]