#/home/brian/Documents/summer17/Python/VEC/scripts/make_SBM_graphs.py
# GMT Thu Jul 27 21:52:08 2017
# 
0 66 27 41 10 18 22 58 26 74
1 9 42 77 15 88 58 30
2 48 57 90 26 62 95
3 45 99 11 13 79 63 61 95
4 66 84 15
5 97 71 74 17 52 54 24 88 31
6 28 92 14 60
7 33 10 79 52 85 22 94
8 36 72 13 46 51 52 21 22 87 92 85
9 34 67 75 15 16 25 47 30
10 97 99 13 51 54 56 94 63
11 74 82 47 50 18 99 87 31 63
12 16 25 83 93 89
13 96 34 98 50 85 24 31
14 65 71 72 16 84 25 62
15 70 77 81 28
16 32 64 68 38 65 72 42 46 62 25 30
17 71 21 69
18 99 36 74 82 52 22 88 26 31
19 81 66 67 37 35
20 99 41 74 55 58 94
21 98 36 85 57 61 94 95
22 96 34 68 71 48 97 87 57 26 30 95
23 27 76 53
24 34 40 46 79 82 85 54 56 57 93
25 80 66 68 39 72 60 53 86 28
26 97 69 71 40 79 49 51 91
27 99 73 48 82 58 94 63
28 42 35
29 97 46 48 82 52 85 55 88 57
30 64 85 86
31 37 47 80 85
32 67 70 77 78 89
33 73 45 82 87 58 91 63
34 40 46 51
35 80
36 98 41 50 48 52 93
37 64 76 68
38 65 90 76 52
39 97 70 77 46 83
40 47 79 58
41 98 85 56
42 92 76 47 86
43 99 80 82 91 61 95
44
45 70 46 49 85 57 90
46 97 78 85 86 94 63
47 97 79 48 51 52 90
48 99 71 74 52 55 57
49 50 73 82 85 95
50 69 75 85 87 56 91
51 81 82 91 94 95
52 77 54 87 88 63
53 68 62
54 72 86 74 95
55 97 75 56
56 97 58 94
57 78 79 85
58 85 93
59 96 67 62
60 76 77 78 80 81 83 63
61 88 84
62 67 83
63
64 68 76 81 89 90 69
65 76
66 77 90
67
68 72
69 96 99
70 98 99 83
71 96 73 79 93 94
72 89
73 97 74 82 92
74 97
75 91
76
77 81
78 80
79 97 88
80 86
81 86
82 91
83 84
84
85 98
86
87
88 98 95
89 90
90
91 99
92
93 97 98 99 94
94 95
95 97
96 97
97
98
99
[1, 0, 1, 1, 0, 1, 0, 1, 1, 0, 1, 1, 0, 1, 0, 0, 0, 1, 1, 0, 1, 1, 1, 0, 1, 0, 1, 1, 0, 1, 0, 1, 0, 1, 1, 0, 1, 0, 0, 0, 1, 1, 0, 1, 0, 1, 1, 1, 1, 1, 1, 1, 1, 0, 1, 1, 1, 1, 1, 0, 0, 1, 0, 1, 0, 0, 0, 0, 0, 1, 0, 1, 0, 1, 1, 1, 0, 0, 0, 1, 0, 0, 1, 0, 0, 1, 0, 1, 1, 0, 0, 1, 0, 1, 1, 1, 1, 1, 1, 1]