#/home/brian/Documents/summer17/Python/VEC/scripts/make_SBM_graphs.py
# GMT Thu Jul 27 21:51:49 2017
# 
0 72
1 48
2 34 147 196
3 6 63
4 82 173
5 68 70 9 14 53 94
6 21
7 160 121 146 50 130
8
9 74 191
10 84 169 20
11
12 40 139 109
13 16 137 115 72
14 50 187
15 151
16 85
17 67 115
18 130 37 159
19 88 195
20 91 140 173
21
22 48 95 67 191
23 98 108
24 136 164
25 95
26 46 55
27 65 166 110
28 133
29 33 162 132
30
31 57 78 199
32 40 65 46
33 58 179
34 55
35 59 79
36 169
37
38 114 196
39 174
40
41 102 87
42 169 83 105
43
44 115 179
45 125 47
46 112 155
47 130 195 154
48 67
49 164
50 64 71
51 183
52 100
53 60
54 56 92 134
55 180
56 104 100 197
57 154 100
58 74 134 175
59 106 139
60 137
61 104 97 91 72
62 105 146 94 166
63 85 134 157
64 186
65 98 191
66
67 107
68 89
69
70 166
71 187 98
72 193
73 106
74 192 162 194
75 161 179
76
77 101 110
78 89 124
79 147 171
80 161 123
81 186 157
82 177 93
83 91
84 88 147
85 191 110
86 94 87
87
88
89 199
90
91 118 135
92 181 151
93 184
94
95 144 100
96 138
97 135
98
99 181 183
100 140
101 145 116 105
102
103 174
104
105 140 142
106 133
107
108
109
110
111 187 125
112
113 170 131
114
115
116 142
117 136 138 140
118
119 186
120 129 134
121
122 194
123 192 134
124
125
126 157
127 197
128
129 187 132
130 132
131 197
132 175 147 188
133
134 160 177
135 154 171 195
136
137
138
139
140 153
141 197
142
143 180 166
144 199
145 174
146 155 148
147
148 169
149
150
151
152
153
154
155 183
156 172
157
158
159 183
160
161
162 189
163
164
165
166
167
168
169 185 196
170 177 189
171 197
172
173
174
175 192 198
176
177
178 187
179
180
181 188
182
183
184
185
186
187
188
189
190
191
192
193
194
195 196
196
197
198
199
[1, 1, 1, 0, 1, 0, 0, 0, 0, 0, 1, 1, 0, 1, 0, 0, 0, 1, 0, 0, 1, 0, 1, 0, 1, 1, 0, 0, 1, 0, 0, 1, 0, 0, 0, 1, 1, 0, 1, 0, 0, 0, 1, 0, 1, 1, 0, 1, 1, 1, 0, 0, 0, 0, 0, 0, 1, 1, 0, 1, 0, 1, 0, 0, 0, 0, 0, 1, 0, 1, 0, 0, 1, 1, 0, 0, 0, 0, 1, 1, 0, 0, 1, 1, 1, 0, 0, 0, 0, 1, 0, 1, 0, 1, 0, 1, 1, 1, 0, 0, 1, 0, 1, 0, 1, 1, 1, 1, 1, 0, 0, 0, 0, 1, 1, 1, 0, 1, 1, 0, 0, 0, 0, 0, 1, 0, 0, 0, 1, 0, 0, 1, 0, 1, 0, 1, 1, 0, 1, 1, 1, 1, 1, 0, 1, 0, 0, 1, 0, 0, 0, 0, 1, 1, 1, 0, 1, 0, 0, 0, 0, 0, 0, 1, 1, 0, 0, 1, 1, 1, 0, 1, 1, 1, 0, 0, 1, 0, 1, 0, 0, 0, 1, 0, 1, 1, 0, 0, 0, 0, 1, 0, 0, 1, 0, 1, 1, 1, 1, 1]