#/home/brian/Documents/summer17/Python/VEC/scripts/make_SBM_graphs.py
# GMT Thu Jul 27 21:52:09 2017
# 
0 577 1452 587 140 1778 1490 1300 791 1972 1722 1565
1 705 995 586 718 48 1618 151
2 640 98 900 918 1064 1548 1420 45 558 1997 944 104 398 789 1032 283 189
3 43 1324 1454 1263 1233 436 1999
4 901 1901 1649 466 249 31 639
5 896 617 1229 1680 1521 1715 1524 1912 116 1948
6 1152 417 648 1876 1656 1595 605 830
7 770 1027 744 810 877 622 15 1360 1905 1300 1501
8 679 715 1134 179 1559 1627 444 477
9 1792 619 1254 1419 1773 1742 79 179 340 1357 1431 1368 1111 1405 126
10 1368 97 1165 806 759
11 557 1327 151 1019 92 126 799
12 784 1436 1205 1502 367
13 1130 1252 1317 1690
14 962 873 1678 1303 156 190
15 704 1413 940 1578 1068 397 1618 596 86 23 287 1790 1343
16 1216 230 272 1782 312 62
17 1755 1321 1900 498 466 21 1302 90 1883 157
18 802 507 82 633 328 1250 1421 1902 1776 1874 343 1401 1115 313 1342 799
19 1241 1094 168 343 1613 1904 1879 1593 538 1533
20 1272 1090 1731 1895
21 1411 1574 715 1039 944 185 1439
22 1584 1762 1766 925 621 943 1680 1912 147 789 1432 253
23 547 837 1990 295 810 1841 531 1205 234 1211 1802 798
24 1832 1751 1913 666 218 1983
25 1980 1884 1021 1141
26 1600 649 514 1525 1918
27 932 418 484 1874 193
28 353 1250 1787 358 263 1291 976 82 912 921 186 251 1981
29 803 118 1894 1519 848 1110 956
30 961 1860 1774 690 788 791 984 125 606
31 609 1347 74 1069 46 1424 1042 1363 1980
32 1474 932 1323 396 1149 504 1209 1050 1373 1790 159
33 352 98 581 966 1224 556 1101 1134 369 645
34 65 997 590 988 350 767
35 897 390 1703 776 626 1490 1524 535 1912 1660 1438
36 166 1073 1042 755 1877 1980 989 1407
37 1731 1894 1479 872 428 849 1811 149 1944
38 1286 305 680 1932 303 464 1233 1526 474 495 785 1534
39 624 657 834 1558
40 229 615 1128 918 216 317 510
41 1026 547 779 561 1650 665 1596 541 1471
42 1603 1521 1353 1517 1327 241 1554 1589 598 1726
43 1952 1571 1384 1933 1810 1783
44 1960 512 1316 830
45 1462 1995 1487 176 369 854 153 410
46 408 66 968 117 1736 981 1272 540 1877
47 128 1167 116 726 980 1722 287
48 161 324 1953 1928 647 626 1106 567 925 894
49 547 869 1289 718 724 590 1432 1460 412 1020
50 932 616 1500 941 1491 52 1660
51 1457 539 1084 1549 1215
52 1798 1993 905 600 1241 1468
53 677 326 359 1772 1965 1711 177 1714 1491
54 69 1766 1708 714 972 1041 1554 1076 1846 1887
55 1632 1570 902 971 1172 143 1040 1043 884 1237 1334 729 350
56 1024 1762 133 1928 1259 983 1560
57 1024 483 1893 753 936 1545 688 1425 213 440 505 159
58 356 294 1515 434 596 1749 1206 439 1882 991
59 1734 813 270 1840 1657 795 1854
60 160 1729 195 1000 1387 694 1688 1086
61 482 846 745 270 626 628 1109 886 921 958 1055
62 1219 1479 212 1878 344 827
63 248 1393 1901 1793
64 835 1159 1064 1162 686 848 338 1974 1335 1980 1789
65 711 1448 1289 203 1250 226 1746 1011 501 1526 1214
66 179 798 1656 510 1691 1726 1589
67 776 1450 1293 1169 888 185 220 830
68 1953 1243 1172 77
69 1992 1149 861 1651 1594 1981
70 1924 1958 1642 1295 1687 1085 1918
71 481 1643 641 1673 1227 465 1426 595 675 1367 1946 1628
72 1600 1825
73 387 698 517 903 1389 922 882 1411 1589 1814 1811 965 1125 351
74 1631 199 841 654 1906 371 693 1879 218 1627 764 318
75 288 1828 1099 716 1587 1076 1016 1572 1946 1460
76 1346 1991 1870 1999 1747 910 1917
77 1553 594 247 859 796 702
78 513 289 1930 107 301 719 1588 375 185 1615 957
79 871 1288 170 557 1465 1243 1468
80 1312 996 457 1430 635 1276
81 771 1831 1193 1900 749 1232 1225 88 255
82 1465 1747 1098
83 1633 1733 1578 1297 1721 1080 121 538
84 146 1251 1492 1238
85 1598
86 1761 1506 485 777 1547 686 1876 341 1592 249 1407
87
88 1410 1782 436 1398 1431 1400
89 555 1796 1511 1641 1003 337 405 1240 735 1916 157 1141
90 1399 1493 471 1082 155 1530 1598 671
91 1112 917
92 1794 1798 616 1422 1456 1207 1855
93 1545 268 557 1519 1781 1679
94 800 737 162 99 260 1097 1581 1550 1297 1091 1270 920 922
95 1097 1770 113 1813 1654 216 1336
96 507 1124 168 1482 1903 1295 881 1716 1464 244 1850 1595 1724
97 1514 1708 1484 941 1232 1106 478 1787 605 990
98 771 998 1574 1090 366 719 1361 1367 1786 250
99 344 1097 920 452
100 998 806 1547 536 1305 412
101 544 1272 900 1711
102 1828 972 1423 184 1522 1171 280 191
103 1156 844 373 1782 1400 644 1467
104 1249 1254 105 1194 1004 813 1807 1364 1815 1273
105 352 609 1699 1284 1029 490 843 1741 593 661 746
106 512 390 1319 1223 492 1198 337 1843 1038 537 954 700 1021 382
107 676 374 1319 327 679 788 1910 1471 1311
108 140 1874 1655 984 1658 1407
109 240 1064 1962
110 1392 1187 1029 846 1648 1155 799 1151
111 740 774 1574 1959 1228 1872 564 1669
112 1313 1991 491 447 215 119 1500 1023
113 838 1415 840 1548 1612 500 1400 1919
114 1024 513 1859 612 677 586 403 725
115 1442 1638 1095 1417 1451 304 145 404 1846 1566
116 1505 328 1322 684 1532 1605
117 1191 394 999 1676 306 1073 1906 1941 1047 954 734
118 1654 361 747 1293 1526 1335 987
119 389 711 1578 1331 1716 1463 1852
120 1635 580 1162 176 1141 887 1375
121 801 683 1541 1353 1162 1387 237 306 435 149 1046 1337 251
122 1089 1950 1703 618 1773 1006 1966 790 1048 990 213
123 674 163 1253 134 362 354 878 1361 1235 533 1785 410 1541
124 1427 284 1366
125 1600 321 1220 926 417 232 554 192 525 1502 1785 1562 1374
126 1778 1287
127 1492 1156 300 1605
128 417 1979 327 744 1514 1867 1618 1571 724 952 591 1615 1855
129 1058 325 1772 1679 1584 1201
130 1601 615 1511 1813 954 1116 1661
131 779 1627 1837
132 803 809 1937 1141 1974 664 889 1594
133 455 744 1997 1744 1555 1971 830 223
134 520 1791 1957 1453
135 180 1419 164 1733 1606
136 1510 551 809 1644 254 185 542
137 642 1897 715 1262 1521 859 765
138 868 1736 1453 1204 1813 1047
139 1987 1317 620 797 145 698 1818
140 1504 1772 1006 1039 1742 503 143 511
141 898 1764 1542 904 1609 1677 1401 1727
142 1560 1836 674 1931 1100
143 1669 1031 172 1324 1901 144 1118 1695
144 352 1536 1224 362 1644 558 504 1557 1336 1855
145 1090 1604 1384 1098 527 1800 1651 756 1593 223 607
146 280 1217 1683
147 288 648 1514 1678 400 531 1726
148 1472 223
149 449 162 1539 337 343
150 337 1735 495 1031
151 864 1154 487 1537 1052 460 1749 1367 988
152 1506 1140 1902
153 672 1574 1161 1008 1330 662 1754
154 1841 1426 1079 1989 1847
155 1600 641 1856 1422 686 318
156 489 1292 1613 624 1523 535 1532 159
157 738 867 1029 1192 1834 1456 885 1558 184 826 1957
158 611 804 933 1674 1454 1940 1845 346
159 667 1092 389 1994 1100 697 634 1499 1981
160 1775 1618 755 628 1495 1819 319
161 1799 296 887 1292 1134 720 791 1038 729 1881
162 673 1444 252 1399 345 220 1726 373
163 677 589 686 1208 1235 1687 888 1530 1541
164 1922 457 273 402 180 1470 822 728 1566 319
165 466 1061 1503
166 1249 933 1447 462 245 987 590
167 1672 1419 812 1715 921 1821
168 1472 386 1603 1761 266 701 1460 1946 570 1214
169 939 299 908 429 1645 1651
170 192 507 1701 684 1407 475 380 1278 959
171 409 947 909 1446 577
172 1377 1443 335 1552 185 1915 1759 1087
173 386 675 694 1703 1928 842 943 755 276 822 859
174 705 1636 1321 1450 1483 1648 794 1693
175 1477 1702 1033 299 1654 692 406 1816 1307 1631
176 1029 1650 1878 185 377
177 1284 428 974 670 1439
178 1027 1083 934 1387 1523 1589 1979 1629 1630 1685
179 257 259 997 308 514 975 819 276 1142 1561 1657 634 980 671
180 514 709 617 554 1036 943 209 819 1994 894
181 1601 385 969 1134 1395 558 1847 1114 1180
182 705 680 1171 468 1973 1844
183 1632 706 1447 1212 1069 1133 1585 1745 220
184 1957 264 1932 1901 1135 808 371 1337 730 463
185 550 1037 1423 216 1667 344 1176
186 898 643 1967 854 495 1240 377 879 542
187 994 360 845 1263 529 1076 1589 1430 279 1624 1908 1177 925
188 1542 1041 1170 1430 1819 796
189 944 1191 205 1399
190 1605 230 423 234 1100 621 1460 1054 543
191 513 1665 1485 399 1047 1242 542
192 609 1515 1092 1547 1428 983 1081 1231 1834 542
193 769 1252 1893 663 440
194 356 613 247 1234 1111 1732 442
195 1100 1611 1606 1446
196 1089 707 518 417 1544 423 1422
197 1891 1604 941 812 1485 1710 207 1524 795 1820
198 1386 1835 271 1907 1816 1852 606
199 451 1508 1029 872 1801 1650 656 1522 1970 955
200 1411 726 811 1438 598 1211 478
201 675 453 1127 521 1230 1685 1660 925 1407
202 706 773 1324 1485 592 212 1403
203 707 1063 1185 1579 492 1263 336 789 1946 1722 1919
204 1463 339 423 947 1951
205 648 1417 1554 845 1074 469 895
206 1344 1441 961 1923 388 1063 266 935 1583 1296 1875 798 1686 1627 1150 895
207 393 810 1485 623 242 1075
208 852 1796 769 1236 1783
209 1794 423 1839 857 1630 799
210 617 1323 557 815 858 447 730 799
211 993 561 951 1656 538 1533
212 1954 1610 233 302 1268 393 1370 476 1853 703
213 1353 1100 948 598
214 1665 1380 651 599 1400 1534
215 1842
216 679 782 272 599 1307
217 291 964 679 648 394 1287 1645 338 1748 664 228 1979
218 929 674 1435 261 935 923 1218 1015 603 1087
219 1408 945 1755 677 1415 1385 490 459 369 1881 1535 1695
220 705 1668 390 603 271 1648 867 757 1878 955 1310
221 1509 1094 587 336 978 1081 1275
222 384 994 388 1831 1832 591 1170 473 635 1854 607
223 340 1481 523 1864 1012
224 1222 908 1075 629 310 600 701
225 1856 1602 1412 808 1289 568
226 709 1057 1586 694 1278
227 1313 486 1991 1832 1265 1652 1685 375
228 1946 1387 1550 1007
229 1703 1212 302 431 592 1463 891 1180 797 1695
230 257 1733 1544 1482 1997 1715 726 567 1210 1722 1509
231 1442 1809 232 621 622 1041 1241 1115
232 1413 459 878 499 634 574
233 1029 1578 1591 914 1271 1244 703
234 1282 1480 1289 503 1854 601 445
235 1585 1706 555 1083 359
236 744 474 1869 671
237 1248 583 361 271 1337 1816 1598 1471
238 738 586 1077 1050 1950 629
239 562 307 1244 639
240 453 623 1782 1339 655
241 1891 391 297 663 434 495 1490 1367
242 695
243 1474 617 845 467 273 1139 244 1015 475
244 689 881 340 1494 570 767
245 898 264 1801 1655 1330 1398 1335
246 1256 1258 974 1266 308 791 1945
247 1664 1873 1425 1908 1653 886 1084 414
248 1601 1476 1065 746 1617 468 1238 1720 1144 1546
249 1993 1870 1177
250 576 1632 1105 492 880 1376 1330 660 661 544 1852 573 1599
251 1635 794 1471 1279
252 1511 874 1676 1570 1558 344 1182 1471
253 1571 454 745 1708 1806 1999 1077 1276 543
254 836 1263 784 949 983 1624 1274 347 1148 895
255 546 776 1005 1102 1071 372 1817 440 1881 923
256 611 1032 1771 1039 506 606
257 1025 1571 1266 697
258 1861 1706 1590 1782 599 889 1628
259 1697 1163 1806 1108 1366 1112 628 1948
260 1539 1444 1004 1038 1135 1970 446 342 440
261 1477 1933 816 977 534 569 477
262 865 1122 1352 1039 552 466 1652 1492 1339 1598
263 1605 380 458 716 1070 1072 531
264 1894 1663 1777 500 470 1210 731 1269
265 1344 769 994 1251 738 815 1776 1490 663 952 621
266 354 331 465 714 423 1905 1074 1308
267 1649 930 844 1661 1631
268 1830 1259 1074 1747 1400
269 1436 1173 1990 847
270 1440 1728 484 582 1959 1482 811 336 340 1552 1946
271 900 358 1736 1362 1862 477
272 1538 1091 1240 1269 1853
273 738 907 1543 1929 1323 912 471 1144 1146 1278
274 640 387 645 392 1101 1000 564
275 897 1382 1735 684 557 1616 1972 1501
276 1218 457 1258 1108 1305 1438
277 1954 901 623 534 345 1370 1884 1277 1919
278 1544 1425 418 770 1991
279 866 1507 997 1767 1871 1846
280 1601 966 492 1458 430 1136 1684 926 1240 985 283 446 1119
281 480 807 584 1161 1223 534 1752 1242 413
282 1952 1124 293 1897 970 1451 777 1621 535 1560 1722
283 742 428 1580 1053 1297 829
284 859 548 1286 1414 616 1263 1778 409 795
285 997 423 1740 621 1133 339 1147 957
286 1568 1122 785 1480 329 778 1895 1329 788 1400
287 1605 1705 714 462 886 823 1016 1241 1146
288 384 1857 363 451 1908 570 1402
289 864 1091 1128 1001 464 1878
290 1760 897 1794 1830 1708 1986 1205 1175 1749
291 581 1995 1684 440 1435 1885 1470
292 865 967 1395 717 1138 1235
293 1857 1124 1733 1482 754 1902 625 1778 1620 921 1531 605
294 1509 775 1805 531 1108
295 1088 1825 783 1713 1586 794
296 352 1102
297 1521 970 816 1947 860 605
298 1250 1612 462 1200 1457 1171 374 1147 1309
299 1347 1284 517 1770 652 1134 564 996 1020 1181
300 768 866 1659 926 1707 1261 974 734 1627 1982
301 1361 1410
302 1485 381 1049 957
303 1855 1979 650 1549 979 1045 953 475 476 1823
304 1571 1990 1331 909 1679 1680 465 1911 1594
305 1794 1612 1004 562 1687 824 1689 1503
306 1283 1669 1126 1415 629 1910 1915 1500 805
307 1546 1042 1998 1906 1747 856 1369
308 1698 330 811 718 1553 1876 1465 1875 1981
309 1209 1691 892 982 1542
310 336 1449 649 1008 753 1289
311 384 1476 1478 584 1293 977 1780
312 679 1897 335 383 1118 1215
313 1888 642 336 1300 1566 1276 894
314 547 613 616 684 812 1139 1694
315 1666 1916 869 1375
316 704 359 521 1676 1582 1199 656 404 628 764
317 1861 1030 1457 1867 1777 1079 1176 1117 1439
318 1552 523 1836 1421 592 1562 444
319 1568 451 460 1519 1842 1123 1108 857
320 1784 1076 445
321 1250 1582 689 339 895
322 1315 1235 1941 601 893 927
323 1892 1669 1995 623 1625 344 1476 1551
324 1345 388 1094
325 1880 873
326 928 1121 517 1355 1044 919
327 963 1362 1753 351
328 864 1966 847 1879
329 729 1683 1631
330 992 1092 1738 594 1177 891 1501 798
331 1376 370 723 437 1081 1148
332 724 1054 1014
333 1896 380 1948 1715 847 1008 947 1429 1367 1241 1500
334 837 1738 1611 1072 881 1908 1367 1497 667 895
335 1285 742 359 1065 1389 493 1490 1687 1466
336 1921 451 580 961 1188 686
337 1014 998 1271 1484 1198 601
338 427 436 1710
339 973 944 1620 1630
340 962 1190 455 559
341 641 1989 1318 1256 1068 1205 1081 1561
342 1699 486 1674 972 1965 623 656 1335 1786 1627 1020 670
343 1888 672 1282 1509 1673 559 560 1300 442 509 1951
344 1286 1267 725
345 611 1479 1771 834 717 1585 1810 982 1816 1179 1711 1375
346 1356 1937 1172 662 1272 1883
347 678 902 811 1869 1488
348 754 1917 1062 1702 965
349 1601 1922 355 1637 1665 1640 1687 750 1334 599
350 1569 834 646 1161 498 883
351 835 1476 1799 782 1045 1609 1980 1181 510 1333
352 1707 1803 1067 1676 1539
353 1378 659 1838 1679
354 358 967 776 1404 1654 888 1756
355 843 651 939 396 443
356 1184 388 689 722 755 469 1592 473
357 1709 1124 902 1805 1613 1266 988
358 1540 1227 1492 1590
359 706 1411 1256 1489 1219
360 545 507 1784 1202 883 1204 1333 1656 509
361 1827 772 681 1803 782 1652 1598 1437 1534
362 1345 898 869 839 1192 999 564 599 729
363 1346 1993 1967 626 1396
364 1787 938 1006 1263 895 913 1426 859 1887
365 1737 570 1947 823
366 1764 1221 1035 653 372 1406
367 1482 1259
368 1836 1340 1021 854
369 520 1356 1588 1463
370 825 1668 878 1747
371 960 1740 1654 762 1759
372 954 763 1871
373 1478 1416 546 563 403 1461
374 1284 1478 1670 808 1868 657 562 1625 1434
375 1189 1138 537 1093
376 1344 417 1579 1537 489 618 971 1616 1911 1144 475
377 1890 1060 1640 979 953 379
378 1736 1260 1037 1199 1110 1434 1791
379 1960 1097 715 1580 1133 1518 1203 1715 1654 1239 1528
380 1856 744 653 1296 1397 1174 1466 1150
381 1632 1377 1590 1225 1199 1200 670 534 1487 638
382 769 1733 1959 425 1812 857 1946 924
383 612 517 1576 1642 1803 1645 1648 1909 1599
384 1543 1582 691 1916
385 609 708 1287 1546 1355
386 649 1802 1010 1019
387 1026 645 1418 623 721 1212 1974 1129 1231 540 1789
388 1700 1987 1553 1417 497 1619 1950 1897 568 475 1343
389 1537 1985 1804 1422 499
390 900 1415 687 532 1047 1530 1371
391 1472 1317 525 819 837 421
392 1320 471 1522 407 762
393 1127 1229 1620 1749 1592 1887
394 1636 558 944 1326
395 705 1447 1069 1362 468 885 1437 1493
396 960 1110 811 939 623 720 515 1939 725 1942 1722 508
397 1099 1349 455 649 1227 465 789 1532
398 1481 1099 524 1871 689 1177 858
399 1536 1796 422 1801 1292 1393 1590 1273 1434
400 1164 908 1773 1873 1619 503 1887
401 1091 827 1355 438
402 472 684 1167 535
403 1954 1773 662 410 1628 990 1503
404 1572 1363
405 1285 945 431 1393 1491 664
406 1221 1933 848 1906 1082 639 863
407 1194 827 1970 1389
408 1412 1483 847 1394 1500 1629
409 718 463
410 987 779 1330 803
411 1410 517 1644 657 1302 761 861
412 647 1899 1133 1613 437 1367 600
413 1603 1707 656 696 890 1563 1434 1183
414 899 1578 523 1902 1266 419 1875
415 1296 1178 1027 588 1341
416 1209 1787 686
417 1163 1900 689 1586 1429 1239 634
418 1824 630 909 1678 1041 658 1262 1943
419 1712 1849 1675 839
420 1512 1051 939 1118 631
421 738 1639 1948 574
422 1799 680 1129 650 848 1491 1961 1082 893
423 1760 1985 1858 1100 626 1566
424 483 773 1549 687 913 508
425 434 531
426 1612 1375 1244 566 1311
427 1287 1052 495 1575
428 771 665 508
429 1219 965 1575 1475 1803 814 1424 1363 601
430 1696 772 1125 1032 1037 656
431 1059 998 1287 1003 1298 661 955 1853
432 1188 1734 1578 1739 1332 702 798
433 1890 592 1137 1302 1208 1786 827 732
434 1257 716 1936 1780
435 1187 581 1961 854 1143 1467 735
436 449 1617 520 746 711 888 470 1401 990
437 672 1579 1891 1290 971 1846 858 988 1258
438 1545 976 758 1209 1084
439 1898 523 1360 1372 1834
440 1152 1673 1323 524 975 531 671 860 926
441 690 451 1860 1682 1143
442 451 1255 1705 1104 1620
443 1287 1935 787 1044 661 1910 1976 917 955 1247
444 1730 1542 746 1439
445 851 798 1775
446 1137 1973 1399
447 1345 1058 769 910 1178 635 1084
448 779 750 563 1646 1753 668
449 1475 1416 1193 1706 1995 1741 944 566 1210 1627 853
450 644 1707 1292 913 627 1940
451 482 1992 1897 1036 1006 1015
452 1060 1650 1923 1301 1013
453 1136 1203 884
454 1154 487 557 1620 1078 1177 1438
455 1739 1321 1675 1041 1146
456 1090 1195 1029 840 1930 1355 1218 1512 466 1852
457 1571 1575 1341
458 912 1602 1603
459 868 551 1288 531 760 473 1245
460 1504 1565 894
461 538 1970 1243 570
462 1316 551 1423 1424 1461 1815 890 1418 1759
463 1888 1251 1959 1193 938 1041 691 759
464 1942 848 1907 982 1046 797 1983
465 1824 1153 1732 1899 1900 493 625 1552 1700 698 1210 1857
466 1478 807 1386 1132 558 645 1171 1492 757 1916 829 1918 1183
467 1856 1027 1443 1186 585 877 1809 1074 886 733
468 546 1764 1144 533
469 1063 1353 907 1165 1407 1205 895 1727
470 1409 1924 1493 1717
471 1122 778 1229 1648 1297 1938 727 761 746
472 1280 1634 1333 1722 1789 1950
473 864 1984 1922 1446 1830 1523 1681 1651 535 1594 1531 926
474 1250 1990 969 1653 759
475 1701 1990 1188 733
476 1356 1166 596 727
477 706 1254 1279 786 1107 982 1655 1049 1563 1119
478 1703 1484 1556 792 1050
479 768 1418 1271
480 1640 987 1777
481 1477 1325 1845 631 1433 762 603 1957 1109 1023
482 1891 1446 1451 1484 1231 1464 1823
483 1062 1110 1607
484 1504 1089 1154 896
485 553 1037 1902 1970 1870 617 1567
486 1612 1447 1640 1020 1132 589 1912 956
487 514 1367 1911 1716 1781 502 1532 637 1470 671
488 1699 1545 701 1651 1686 1789
489 1027 1829 1638 625 617 1454 536 1947 671
490 1585 1292 526 593 882 1020
491 1255 1386 1230 502 1660 586
492 1120 526 1102 1049 1659 1530
493 1032 714 1652
494 1650
495 930 677 1196 1719 1041 1204 1591 1400 985 732 506
496 1088 1763 1029 1457 875 1585 1883 805
497 1604 1861 1256 1165 1523 1785 1724 1469
498 1376 1861 1128 1386 1364 1375 573 1503
499 552 1070 659 1758
500 1958 914 1942 1884
501 691 1089 1327
502 1953 518 1385 1098 1036 1972 1431 600 793
503 1600 1106 820 1525 1687 1436 1077
504 1506 1592 1514 812 1016 1394 920
505 1194 1756 1335
506 615 1032 1302 1433 1983
507 1251 1380 871 1163 1965 1448 1470 1668 842 1534
508 1220 1999 666
509 1281 548 1926 1383 1966 1145 1532
510 927 1137 1687 1434 863 1598
511 864 1784 878
512 1313 1892 1204 1112 1023
513 1122 580 999 1321 727 639
514 780 1358 595 1629 1407
515 1744 1986 1741 1006 1680 1426 1140 822 1016 697 1086
516 689 859 653 1289
517 1249 1403 1478 944 1362 1813 1238 889 1110 1022
518 994 1765 1778 1589 598 1209
519 1670 1032 1641 1548 1745 919
520 1923 646 844 1670 1364 1181
521 961 1243 915 1651 1815 1882 1787
522 545 1541 956 750 849 1491 1849 794 1980
523 1346 1243 617 1514 1657 1658 607 1565
524 1985 1227 716 789 1434 955 858
525 994 745 972 1705 1655 1502
526 1035 1294 1941 1337 1471 565
527 1024 1068 1167 600 1146 1498 798
528 918 1398 650 555 912 1524 854 1791 874 1151
529 864 1257 1002 1772 1679 1170 789 1209 796
530 705 772 1889 685 1316 922 996 1375
531 1560 577 620 1584 1048 1300 905 894
532 1248 1316 1351 1674 885 831
533 739 840 1788 1260 717 720 808 540
534 1440 610 1539 676 842 1220 699 987 1119
535 1089 1188 1445 1382 1448 1531 1278 1055
536 1349 589 1010 1107 1820
537 540 844 1674
538 617 1325 1648 1694 1782 1150
539 1825 1895 1448 1232 1490 1045 955
540 1376 1273 1530
541 804 1136 1937 565 772 1052
542 1536 935 1645 1134 1807 1810 1652 1142 1556
543 1378
544 819 571 1334
545 930 1637 1711 1235 887 698
546 1661 1295
547 641 1394 886 1975 1532
548 1507 1806 916 629 1819
549 1944 1384 1170 1639
550 1420 1645 1265
551 1090 1512 652 1777 1977 953 1307
552 1408 609 1555 882 1472 1206 761 1183
553 744 688 1682 1939 1950
554 1830 1098 1323 1838 688 1681 1429 1366
555 1122 1030
556 1096 852 1732 1263
557 1971 1419 745 1943 891 1598
558 655 1236
559 802 1099 620 846 1368
560 1504 962 1083 1578 1582 1681 1874 1656 697 1307
561 1486 1554 1774 1431 860
562 1591
563 609 610 1412 749 1998 852 1748 1982
564 1632 1933 1717 985
565 673 1053 1236 1687 669
566 1538 797 1294 1487 1459 788 687 573
567 1984 1089 1259 1322 651 597 1819
568 1697 620 1680 1777 1078
569 802 583 1001 1423 1395 1492 1141 1622 1534 1941
570 1531 1700 1513 1011 1077 1428 731
571 1314 1829 776 1674 944 1461 927
572 1446 1159 1098 1901 1709 1624 1017 1855
573 1090 867 1540 1355 1309
574 1185 802 1147 1320 1130 1388 1840 789 1303 858 1275
575 593 1102 1073
576 768 1899 1676 719 762 1471
577 1839 786 855 1368 633 1211
578 1305 1732 1806 1295
579 864 705 1381 1194 918 1302 1405 1049 732 829
580 930 1510 1511 693 665 1793 830
581 906 1741 1491 820 1367 1884
582 619 1242 1155 1582
583 584 1549 986 1563 1309
584 1216 1505 1768 1546 1069 1112 1171 1848
585 921 1668 667 1231
586 993 817
587 1672 675
588 1990 1671 616 1486 783 1812 1721 1917
589 1185 1666 1642 717 887 954 1370
590 1568 1479 791 1882
591 1243 1348 1086
592 705 1377 1707 1853 1588 1973 918 1693 1279
593 1698 1031 1459 1430 1080 1117 1022
594 1926 1564 1068 1460 1464 1209 1308 1150
595 1057 714 1963 1010 1943
596 1762 675 1417 1163 881 1685 1289 1629 926
597 1440 646 843 1907 1269
598 1734 648 1111 1913 671
599 966 1510 713 1868 732
600 1984 1730 1513 861
601 706 1294 1268 1590 751 1439
602 1441 1730 1547 1186 1911 983
603 1155 1786 1546 1259 1420 883 1021
604 1897 1258 878 1839 851 1500
605 800 1928 908 1746 1651 1589 617 633
606 1122 643 1160 1492 1021
607 724
608 1637 1163 942 1263 1201 1275
609 928 1090 1659 1894 1045 1847 1087
610 1406 1812 1461
611 969 1228 1647 1298 1395 1983
612 933 624 1619 1492 901
613 997 1255 877 718 1264 1715
614 1635 936 1931 1804 1808 1160 1469
615 1669 679 1801 1134 1138 1877 1626 892
616 1129 1651 1897 1178
617 992 819 697 1620 948 798
618 1317 1229 1167 760 1882
619 1762 990
620 1184 1291 1737 1086 1527 1726 949
621 1472 1314 1606 1175 1705 785 1209 1080 1529
622 1987 1382 743 1996 1393 1374
623 1609 700 1379 1623 1244 1822
624 1000 1418 1101 1551 1265 708
625 1557 1624 859 1397
626 655 1689 1340
627 1283 1765 1225 1934 1813 1212
628 1986 1252 1893 1372 943 1685 777 953 1530 1701
629 1864 1739 756 1366 1144 980 1436
630 1414 1417 1201 724 1209 1567
631 1260 1221 1599
632 1765 1030 1899 1164 1485 718 1937 1052
633 1507 1863 1106 1262 690 1405
634 1996 1012 1785
635 1571 711 1514 1963 1394 1746 1578
636 1928 1448 1027 1374 1367
637 1153 1573 1094 1300 1111 1144
638 712 674 764 1677
639 736 771 928 1411 1557 1444 1466 1467
640 645 1702 1576 1674 861 1439
641 1760 905 1776 980 1624
642 930 707 1015 730 1469
643 833 1702 865 650 1044 1973 923
644 866 1520 1748 1717 662
645 677 1328 725 1238 698 1181
646 1954 1932 1644 1901 1512 852 1815 1752 1598
647 1348 1160 975 722 759 1880 1732
648 1857 1426 1241
649 1604 1703 1514 1618 1860
650 1171 1047 1689
651 1030 874 1676 655 1619 1909 1977 1082 1301
652 872 1132 1038 1103 1848 986 1212
653 1987 1766 743 1721 1019
654 1892 1452 1551 1137 1971 1112
655 705 1637 1222 1377 712 1354 1645 1390 989 1406
656 1478 1580 1752 1977 827 1343
657 1228 660 1334 829 1311
658 1690
659 1184 1158 1455 1778 1718 1527
660 1729 1826 1464 730
661 1093 1287 1141 1596 954 1957
662 1793 771 1933 1053
663 896 1158 897 1964 1838 1504 796
664 967 1138 1364 1403 1916
665 866 1975 1762 681 1617 1033 1193 1309
666 1795 1674 824 1364 1717 1464 1503
667 1029 1464 1177 988
668 1609 1242 731 1752
669 1120 1570 1311
670 1156
671 1472 973 912 1624 1630
672 1842 988
673 1064 713 693 1172 1801 1311
674 898 1915 1156 1065 1710 1949 989
675 716 973 1402 1947 1116 1917 1407
676 1440 734 719
677 968 1354 1650 1103 1642
678 1880 1705 1794 1734
679 1380 850 1914
680 1347 1172 1626 893
681 1736 1483 1013 954 1885 735
682 1634 1956 870 711 1582 915 1497
683 1787 1589 937 799
684 1100 1903 1776 1691 1150
685 1723 1116 1418
686 932 1482 814 949 1469
687 1090 986 1723 1180 1822
688 864 1826 1029 1483
689 1713 950 1305 1016 1019
690 1730 942 1491
691 1733 973 1773 1936 1054 949
692 1350 1575 1835 1941 1814 1021
693 1093 1415 933 1117 1406 1797
694 1671 1564 786 1589 1174 1209 858
695 1440 714 942 1396 950 1593
696 1248 1404 1751 1338 1788 893 831
697 1327 1905 730 1712 1840
698 1666 1636 974 757 1082
699 1408 1536 1940 1648
700 834 869 1612 1265
701 1451 1675 1490 1078 1149
702 784 1604 1289 1586 820 1501
703 1256 1836 1005 1741 1872 946 1577 1883
704 1536 772 1960 972 882 1316 955
705 1314 1320 1224 1459 1135 927
706 1706 1101 1853 944 1270 856
707 1538 1159 1034 1424 1604
708 1736 1522 1817 1023
709 1250 1034 1589 1108 1077
710 1504 748 1325 1746 1656 1308
711 1920 1891 1606 972 1997
712 1097 1389 1069 1466
713 960 1539 1574 1097 1458 1877 1782 888
714 1157 1383 1353 1068 1743 1397 819 1722 1690
715 1843 1940 979
716 1766 1800 983 1593 1274
717 1475 1580 1777 1526 732
718 1024 1201 1524 912 1074
719 1632 867 1530
720 1587
721 779 1176 1938 1783
722 1734 1767 1680 1764 1274
723 1288 1715 990 1011
724 1472 802 1203 1562
725 928 739 1961 1206 1434 1373
726 970 1565
727 1696 1059 964 1129 1143 1228 1136 1458 755 1301 1915
728 1649 1085 1599
729 1224 1042 1946 1020
730 1718 1484 1870 1231 1904 886 1501 1309 1470
731 1569 1699 1031 1042 884 1845 1630 1493
732 1287 1609 1356 1261 831
733 1945 1148 855
734 736 1309
735 1025 835 1403
736 929 1541 1707 1326 1363 981 854 1582
737 1577 1667 1614 1585
738 1252 1318 1227 1839
739 987
740 1057 1262 1041 1683 924
741 1617 1090 1060 1365 918
742 1512 938 1995 1200 1640 1748 1941 1822 1471
743 1027 1092 1669 1318 810 1175 1776 1490 1618 1079 830
744 1904 1290 880 1651 1338 862
745 1346 1006 851 1076 759 1903 1276
746 1120 931 967 1580 1680 1242
747 1667 1704 1197 974 1361
748 1963 1456 792 1561 1018
749 1955 966 1717 1243
750 1696 835 933 1706 1287 1843 1942 826
751 1221 1960 1450 1394 1038 1105 1042 1085
752 1604 1578 1104 1682 1364 1241 1532
753 1728 1730 1443 1830 1193 1109 1882
754 860 843 1679
755 1249 1037
756 1442 1732 1769 962 1231 916 1080 1946
757 1120 999 844
758 1303 1553 1207 1464 1338 831 1150 863
759 1422 1264 1427 1801 1917
760 864 1605 1517 1936 1427
761 1356 1853
762 1346 1955 1617 939 1231 977 1269
763 890 1111
764 833 1494 1128 1404 1750
765 1864 1715
766 800 1156 1669 1478 1937 1649 919 1883 1823
767 897 1579 1794 1072 1562
768 1930
769 896 1543 917
770 1929 1513 952 1438
771 1955 1610 1570 1497 1913
772 1223 1206 1945 1818
773 1062 1003 1837 1232 1928 1398 1367 1052
774 1671 1320 969 1965 1774 1938 1918
775 1177 1611 1092
776 1161 1226 1680
777 1962 1070 815 1584 1464 857 1738
778 1393 1900
779 1665 1223 1198 1877
780 1762 1160 1327 1268 1694 1463 1620 1826 894 1343
781 1954 1302 919
782 1920 1004 1711 1424 1969 1865 954
783 1984 1186 1251 1512 1715 894 1655 1146 1374
784 1633 1701 1257 1934 798
785 1559 1176 1467 1823
786 1537 908 1527
787 1440 1723 844 1717 1756 1631
788 1575 1448 1105 1267
789 1531 1240 1819
790 1505 942 1554 1454 1430 1018 1855
791 866 972 1966 1145
792 1926 1426 1620 1111 1274
793 1987 1359 880 1891 995
794 1988 1520 1213
795 1571 1781 1084 799
796 1554 1521 808 1482 1613 1842 1491
797 1287 1640 1033 1576 1938 1049 1309 837
798 1210
799 1953 1922 837 1357 1291 1018
800 1667 1453 945 1628
801 1379 935 1161 1900 1424 854 1208 1663
802 1748 1749 1146 1789
803 1381 872 1225 1743 1683 1176 933
804 841 1835 1549 1457 1650 1719 892 1693
805 1101 1815
806 1287 1131 911 1243 810
807 929 1221 1097 914 1423 1297 1813 1336 1339 1661
808 1930 1271 1437
809 1795 1646 1237 1403
810 1193 1098 1936 1753 1658 1148
811 1679 1111 1076 1469
812 1139 1173 1529 1758
813 1380 1958 1835 1907 1752
814 1493 1411 1549
815 1251 1990 1094 1971 1769
816 1792 1602 938 1295 1776 1086
817 864 1089 1794 1091 1359 1616 1428 1655 1178
818 1748 1842 1780
819
820 1777 1308 1982
821 1760 1762 1414 1836 1936 916 1017
822 1979 1866 1774 1211
823 870 1544 1325 1525 988 1725
824 1248 1698 835 1511 1770 1379 1974 1021 1535
825 1344 1665 1826 1664 1544 1841 1594
826 1217 1033 1970 856 1881 1915 1598
827 1440 1698 995 1745 1329 1435
828 1760 1280 1068 979 1303 1115
829 929 1233 1195 1038 835
830 1062 953 1596 1277
831 1420 917
832 1801 882
833 1636 1645 1755 1310
834 852 1790 1622 863
835 1478 1982
836 1834 1077
837 1639 1223 1908 1086 1529 926
838 1440 998 1073 1226 1680 1942 1368
839 1409 1410 1191 1227 1612 1378 1429 1823
840 1974 1114 1467 1439
841 935 1736 853 1386
842 1986 1730 1732 846 1072
843 1671 1848 1114 1756
844 1540
845 1429
846 1857 855 1144 1594 1374
847 1153 966 1161 1482 1950
848 1936 930 1924 966 1103
849
850 1376 1155 1901 945 1731 1237 1788 893
851 1480
852 1216 1163 1508 1194 1035 1006 1476 1563
853 1013 1189
854 1574 1487 1649 1590
855 1056 1349 1303 1935 1840 1620 1015
856 1473 1955 1169 968 1570 1745 1114 1336 1915 954
857 1152 1600 1127 911 1567
858 1099 1175
859 1824 1559 1240 891 1886
860 976 1144 980 1790
861 1316 1512 1865 1390 1238
862 1600 1504 942 999
863 1046 1929 939 919
864 1672 1302 888
865 928 1477 967 1189
866 1999 1720
867 923 1574 1542 1906 1171 1751 1375
868 931 1356 1230 1783
869 1476 1031 1607 1837 986 1596
870 1893 1767 877 910 1396 1214
871 1712 1826 1987
872 1379 1677 1459 1334 1400
873 899 1931 1484 1263 1778 1562
874 1511 1837 1937 1650 1269 983 1982 1631
875 1508 1023
876 1968 1637 999
877 1651 1092 1737 908 1518 1266 1460 1694
878 1826 1887
879 1473 1187 1127 1835 1559 1051
880 1263 1165 909 1592 1083
881 1480 1581 1785 1080
882 1559 1197 1687 1161 1066
883 1223 1128 1627 1215
884 1399 904 1271 920
885 1892 1687 1791
886 1769 1997 1555 1724
887 1135 1462 1625
888 1736 1462 1783 1915 1631
889 1617 1585 1588 1916
890 1696 1572 1960 1294 1816 1212 1301
891 1057 1259 1580 1296 997
892 1187 1764 1894 1936 1107 1877
893 1251 1350 1354 1954 1226
894 1056 1541 1256 1943 1178
895 1728 1806 1589 1708
896 1618 1240 1790 1279
897 1251 1387 1454 1583 1170
898 1985 964 1511 1476 1748 1156 1435 1162 1983
899 1673 1139 1959
900 1475 1224 969
901 1995 1105 1522 1659
902 909 1363 1593
903 981 1898 1477 1313
904 1569 1330 1342
905 1732 1383 1480 1582 1555 1302 1496 1689 924
906 1120 1956 1512 1549 1622 1434 1052 989
907 1573 1994 1262 1718
908 1104 1618 1551 1140 1682
909 1349 1010 952
910 1829 1772 1010 1850 1917 1054
911 1384 1072 1041 1437
912 1633 1157 1175
913 1217 1169 1845
914 1962 1325 1909
915 1283 1086 1031
916 1455 1366 1082 1562 1854
917 960 1720 1500
918 1363 1788
919 1962 1479 1458 1683 1916
920 1122 1380
921 1728 1515 1612 1581 1789 1266 1374
922 1512 1646 1071 1978 987 1341
923 1125 1983 1162 1777 1622 1398
924 1251 1446 971 1425 1949
925 1505 1036 1549 1234 947 1877 1367 1790
926 1108 1603 1993 1130 1295 1394 1405 1743 1509
927 1723 1508 1511 1995 1698 1550 1251
928 1676 1269
929 1125 1702 1576 1035 1940 1782 985
930 1059 1398 1409 1868 1590 1693 1886
931 1409 1228 1334 987
932 1222 1290 1839 1784 1213
933 960 1269 1859 1924 1370 1845
934 1217 1832 1397 1535 1237
935 1641 1865 1232 1138 1173
936 1857 1250 1163 942 976 1499
937 1547 1211 1919
938 1571 1429 1113 1785 1978
939 1972 1816 1082
940 1944 1666 1227 1818
941 1409 1804 1873 948 1657
942 1254 1805 1681 1592
943 1186 1859 1139 1497
944 1351 1007 1040 1114 1183
945 962 1155
946 1931 1237
947 1729 1378 1505 1757 1713 1331 1784 991
948 1922 1374
949 1537 1870 1638 1708 1205 1111 1333
950 1382 1649 1778 1532
951 1360 1600 1594
952 1287
953 1005 1978
954 1667 1171 1845 1587 1430 1956 1631
955 1280 1340 1415 1483
956 1090 1126 989 1297 1112 1273
957 1546 1646 979 1012 1053
958 1904 1866 1331
959 1856 1186 1744 980 1397 1979 1532 1950
960 1476 1064 1549 1719 1381
961 1697 1703 1640 1802 1949 1055
962 1345 1474 1382 1140 1218 1069 1875 1821
963 1377 1999 1847 1562 1727 1311
964 1416 1298 1235 1176 1755
965 1219 1380 1479 1927 1071 1133 1745 1047 1752 1563 1053
966 999 1042
967 1420 1900 1549
968 1601 1894 1233 1957 1663
969 1359 1009 1400 1659
970 1953 1366 1766 1484 1454 1401 1407
971 1729 1948 1038 989
972 1760 1638 1838 976
973 1857 1652 1849
974 1122 1189 1065 1301
975 1552 1509
976 1387 1426 1545 1658 1629
977 1483 1868 1458 1593 1727
978 1956 1766 1385 1259 1716 1724 1566
979 1347 1540 1766 1901 1647 1042
980 1651 1565 1365
981 1192 1929 1932 1558
982 1558 1847
983 1859 1144 1022 1048
984 1414 1448 1743 1758 1495 1562 1276 1309
985 1415 1370
986 1260 1134 1457 1779 1686 1913
987
988 1441 1019 1993 1360 1010 1178 1989
989 1088 1328 1187 1090 1200 1078 1092 1476 1534
990 1568 1154 1732 1830 1268 1175
991 1474 1543 1165 1775 1947 1690
992 1922 1860 1157 1867 1784 1188 1882 1148 1950
993 1573 1703 1743 1554 1685 1629
994 1798 1834 1655 1305
995 1412 1605 1095 1256 1419 1438
996 1364 1661
997 1697 1115 1657
998 1955 1419 1366 1151 1244 1695
999 1279
1000 1461 1226 1045 1365
1001 1440 1134 1663 1567
1002 1738
1003 1570 1171 1645 1650 1235 1373 1246 1797
1004 1226 1228 1316 1052
1005 1518 1940 1661
1006 1921 1605 1840 1438
1007 1392 1495 1740 1549 1973 1584
1008 1166 1838 1774
1009 1763 1924 1030 1128 1932 1118
1010 1056 1158 1734 1160 1805 1850 1438
1011 1639
1012 1378 1222
1013 1415 1908 1334 1848 1116
1014 1720 1319
1015 1017 1856 1897 1784 1945 1565
1016 1506 1896 1354 1325 1529
1017 1384 1500 1593 1498 1148
1018 1985 1250 1481 1981 1470
1019 1609
1020 1952 1803 1479 1292 1872 1169 1370 1770
1021 1435 1192 1195 1646 1686
1022 1764
1023 1313 1706 1392 1650 1976
1024 1153 1474 1101 1341 1564 1501 1566
1025 1345 1101
1026 1860 1799 1810 1437
1027 1157 1500 1912 1971
1028 1033 1217 1307 1447
1029 1751 1226 1867 1676 1229 1043 1268 1909
1030 1097 1038 1699 1524 1046
1031 1568 1755 1540 1929
1032 1096 1067 1433 1180
1033 1573 1062 1450 1197 1970 1363
1034 1704 1391 1113 1405
1035 1862 1051 1181
1036 1761 1986 1774 1919
1037 1224 1141 1918
1038 1283 1801 1475 1909
1039 1093 1867 1486 1428 1143 1493
1040 1833 1654
1041 1391 1643 1902 1227 1651 1697 1589
1042 1075 1925 1585 1938 1797 1590
1043 1187 1924 1191 1380 1357 1827 1444 1274 1853 1886
1044 1091 1610 1369 1693
1045 1795 1418 1128 1395 1654 1719 1980 1450
1046 1696 1570
1047
1048 1664 1921 1358 1653
1049 1741 1447 1640 1548 1837 1233 1587
1050 1790 1464
1051 1574 1392 1562
1052 1779
1053 1666 1069 1967 1277 1591
1054 1075 1668 1158 1581 1360 1534 1498 1468
1055 1281 1912 1372
1056 1767 1074 1873
1057 1504 1773 1589
1058 1897 1227 1775 1455 1854
1059 1474 1091 1773 1650
1060 1998 1810 1883 1503
1061 1575 1191 1645 1101 1659
1062 1217 1798 1774 1648 1909 1119
1063 1863 1866 1239
1064 1319 1103 1776 1380 1551
1065 1575 1097 1304
1066 1803 1159 1643 1135 1270
1067 1940
1068 1858 1742 1482
1069 1940 1369
1070 1482 1168 1333 1850
1071 1408 1339 1575 1910 1599
1072 1507 1798
1073 1666 1302 1700 1215 1980
1074 1331 1692
1075 1984 1480 1545 1482 1421 1448
1076 1167 1259 1407
1077 1378 1581 1586 1464 1778 1509
1078 1474 1545 1660
1079 1859 1348 1964 1572 1871 1789 1620 1593 1147
1080 1992 1289 1343
1081 1613 1111 1690
1082 1890 1901 1421 1173
1083 1899 1317 1746 1849 1694
1084 1157 1926 1931 1582 1808 1972 1565 1150
1085 1827 1351 1096 1511 1204 1246 1279
1086 1639 1618 1113 1701
1087 1755 1139
1088 1811
1089 1543 1095 1554 1551 1202 1524 1243
1090 1351 1937 1907 1590 1659
1091 1740 1166
1092 1391 1139
1093 1269 1220 1803 1261 1848 1411 1336
1094 1387 1289 1739 1266 1202
1095 1880 1818 1565 1919
1096 1504 1510 1628
1097 1793 1650 1884
1098 1325
1099 1824 1987
1100 1633 1542 1385 1543 1167 1624
1101 1447 1649 1598
1102 1199 1647 1843 1453
1103 1350 1895 1352 1138 1844 1237 1369 1151 1365
1104 1296 1127 1230 1135 1560 1784 1402
1105 1665 1725
1106 1742 1972 1113
1107 1576 1993 1453 1309 1915
1108 1578
1109 1984 1341 1618 1175 1562
1110 1284 1799 1326 1810 1559
1111 1397 1145 1713 1911 1717 1497
1112 1601 1924 1878 1625 1433
1113 1125 1772 1809
1114 1196 1816 1329 1622
1115 1564 1547 1839
1116 1536 1888 1444 1765 1193 1516 1247 1631
1117 1347 1550
1118 1532 1550 1938 1780 1302 1625 1220 1340
1119 1526 1235 1914
1120 1862 1287 1134 1845 1534
1121 1995 1796 1845 1181
1122 1889 1473
1123 1368 1139 1427 1468
1124 1498 1787 1692
1125 1509 1439
1126 1376 1228 1134 1968 1745 1306 1852
1127 1730 1256 1341
1128 1219 1565 1684 1337 1181
1129 1988 1287 1193 1137 1557
1130 1619 1589 1432 1533
1131 1709 1525 1882 1149 1470
1132 1961
1133 1511 1998 1844
1134 1937 1268
1135 1483 1206 1695
1136 1440 1763 1475 1939 1534
1137 1248 1955 1398 1844 1814
1138 1833 1171 1199
1139 1963 1525 1846 1700
1140 1312 1281 1808 1213
1141 1381 1930 1976 1759
1142 1788 1247
1143 1777 1239 1439
1144 1737 1243 1470
1145 1414 1964 1278
1146 1391 1928 1427
1147
1148 1213 1589 1438 1405 1685
1149 1405
1150 1655 1178
1151 1930 1260 1615
1152
1153 1959 1869 1875 1432
1154 1465
1155 1536 1576 1609 1270 1433 1437
1156 1642 1420
1157 1971 1972 1482
1158 1517
1159 1541 1579 1937 1204
1160 1602 1572 1331 1748 1594
1161 1314 1411 1399 1711 1283 1941
1162 1632 1706 1196 1295 1777 1719
1163 1819 1678 1301 1178 1532
1164 1249 1381 1235 1753 1596 1983
1165 1715 1367 1241 1722
1166 1482 1710 1686 1247
1167 1864 1231 1653 1241 1565 1726
1168 1523 1947 1766 1551
1169 1314 1683 1974 1335
1170 1378 1409 1996 1566
1171 1199
1172 1797 1228 1361 1915 1982
1173 1766 1422 1726
1174 1329
1175 1505 1732 1322 1177
1176 1380 1650 1752
1177 1794 1605 1255 1936 1524
1178 1922 1388
1179 1930 1756 1954
1180 1472 1646 1844 1406 1983
1181 1315 1403 1515
1182 1476 1493 1871
1183 1536 1452 1740 1847 1786
1184 1190 1836 1266 1268 1752
1185 1860 1893 1726 1407
1186 1825 1414 1383 1800
1187 1674 1326 1974 1711 1343
1188 1993 1388 1427 1908 1372
1189 1605 1771 1336
1190 1484
1191 1885 1386 1807 1400 1461
1192 1782
1193
1194 1656 1752 1375
1195 1796
1196 1927
1197 1232 1541
1198 1324 1939 1916
1199 1699 1585 1335
1200 1865 1585 1235 1215
1201 1573 1608 1993 1903
1202 1849
1203 1282 1222 1442 1653
1204 1960 1424 1585 1362
1205 1601 1734 1231 1289 1229 1621 1839 1464 1775
1206 1568 1580
1207 1854
1208 1328
1209 1568 1592
1210 1220 1231
1211 1829
1212 1676 1803 1530
1213 1733 1521
1214 1443 1444 1318 1417 1547 1964 1573 1523 1428 1597 1651
1215 1872 1233
1216 1248 1314 1540 1940
1217 1799
1218 1606 1361 1904 1320 1971 1431 1374
1219 1283 1445 1226 1612
1220 1298 1947
1221 1410 1958 1447
1222 1353 1684 1497
1223 1707 1652 1845
1224 1987 1783 1467
1225 1352 1740 1261 1423
1226 1350 1420 1901 1998 1768
1227 1821 1553 1494 1469 1727
1228 1508 1852
1229 1331 1560 1402
1230 1378 1256 1992 1438
1231 1345 1744 1344 1716 1876 1595
1232 1376 1591 1563 1695
1233 1886
1234 1697 1948 1874
1235 1632 1977
1236 1324 1373
1237 1607 1649 1693
1238 1844 1242 1662
1239 1584
1240 1540 1479 1380 1390 1336 1427 1886
1241 1762 1603 1672 1527
1242 1795 1356 1585 1939
1243 1681 1975
1244 1379 1862 1351 1831 1386 1812 1369 1309
1245 1682 1972 1754
1246 1867 1326 1717 1336
1247 1696 1556 1881 1853
1248 1814 1335
1249 1635 1379 1970
1250 1991 1263 1608 1525 1303
1251 1394
1252 1539 1767 1515 1772 1589
1253 1350
1254 1318 1959 1812 1422 1374
1255 1662
1256 1448 1866 1262
1257 1417
1258 1899 1712 1427 1497
1259 1888 1349 1996 1682 1934
1260 1408 1292 1646 1267
1261 1895 1884 1329 1844
1262 1446 1766 1490 1402
1263 1664
1264 1442 1742 1842 1908
1265 1894 1642 1661
1266 1866
1267 1953 1287
1268 1473 1652
1269 1889 1355 1942 1520 1851
1270 1958 1355
1271
1272 1890 1998 1659 1788 1306
1273 1831 1493 1915
1274 1344 1325 1776 1464
1275 1774 1539
1276 1944 1951
1277 1454 1587 1434 1439
1278 1772 1391 1368
1279 1540 1287 1998 1877 1434
1280 1896 1481 1935 1624 1781
1281 1442 1325 1629 1849
1282 1829 1834 1805 1710
1283 1662
1284 1955 1927
1285 1861 1548 1974 1659 1957
1286 1350 1886 1631
1287 1580 1303
1288 1678 1368 1662
1289 1993 1996 1345 1417 1465
1290 1757 1367
1291 1762 1896 1578
1292 1404
1293 1816 1409
1294 1995 1298 1788 1310
1295 1869
1296 1448 1481 1429
1297 1823 1890 1961 1649 1983
1298 1837 1699 1720 1693
1299 1617 1309
1300 1490
1301 1765 1967 1540
1302 1604
1303 1327 1776 1620 1934 1624 1373
1304
1305 1877 1911
1306 1717
1307 1771 1334 1883
1308
1309
1310 1361 1842 1439
1311 1958 1865
1312 1744 1742 1559 1784 1947 1724
1313 1319 1710 1682 1854 1886
1314
1315 1731 1861 1641 1932 1588 1878 1466 1534
1316
1317 1991 1876 1558 1431 1754 1502
1318 1344 1509 1360 1332 1341
1319 1570 1731 1843 1788
1320 1645 1864
1321 1707 1598
1322 1349 1421 1582 1945
1323 1773 1742 1979
1324 1827 1796 1621 1558 1779 1652 1918
1325 1594 1673 1405 1859 1525
1326 1861 1795 1527
1327 1730 1678 1557 1468
1328 1918
1329 1638 1510 1895 1399 1951
1330 1833 1400
1331 1734 1754
1332
1333 1344 1953 1985 1387 1773 1608 1494 1721 1371 1342
1334 1924 1669 1930 1699 1596
1335 1392 1913
1336
1337 1683 1591
1338 1638 1582 1560 1947
1339 1827
1340 1763 1386 1558 1847 1881
1341 1760 1765 1429 1834 1469
1342
1343 1482 1876 1524 1694
1344
1345 1568 1747
1346
1347 1983
1348 1505
1349 1792 1962 1836 1555 1519
1350 1906 1542 1418
1351 1641 1962 1355 1559
1352 1795 1411 1851
1353 1555 1879
1354 1381 1973 1884
1355 1939
1356 1795 1940 1529
1357 1920 1864 1520 1912
1358 1544 1545 1746 1685
1359 1904 1773 1840 1501
1360 1734 1936 1469
1361 1380 1938 1398 1913 1661
1362 1770 1940 1447
1363 1958 1706 1719
1364 1580 1503
1365 1642 1395 1686 1847
1366 1762 1531
1367 1798 1735 1668
1368 1857
1369 1632 1493 1654 1663
1370 1937 1695
1371 1964 1652 1657 1757
1372 1634 1688
1373 1652 1848 1439
1374 1584 1495 1691 1887
1375
1376 1795 1663
1377 1425 1914
1378 1553 1750
1379
1380 1526 1617 1759
1381 1389
1382 1429 1531 1692
1383 1505 1605 1869 1946
1384 1429
1385 1547 1584 1848
1386 1801 1710 1652 1390
1387 1804 1919
1388 1826 1419 1899 1584 1656 1956
1389 1745
1390 1806 1684 1878
1391 1442 1640 1397 1912
1392 1851
1393 1988 1542 1588 1935
1394 1830 1678
1395
1396 1442 1962 1746
1397 1441 1604 1774 1711 1981
1398 1453
1399 1974 1800 1570 1423 1686 1695
1400 1415
1401 1611 1773 1469 1887
1402 1738 1708 1455 1873
1403 1793 1816 1957
1404 1437
1405 1523
1406 1686 1881 1627
1407 1474 1902 1442 1691
1408 1512 1640 1886
1409 1978
1410
1411 1696 1445 1973
1412 1838 1908 1725 1535
1413
1414 1675 1422 1713
1415 1647 1459 1791
1416 1670 1821 1973
1417
1418 1666 1799 1596
1419 1456 1426
1420 1628
1421 1516
1422 1553 1524 1758
1423 1822 1727
1424 1923 1996
1425 1996 1583
1426 1890 1692 1834 1626 1532
1427 1481 1584
1428 1896 1547 1716
1429 1993 1611 1810 1775 1919
1430 1531 1700 1494 1943 1653 1495
1431 1539 1443 1897 1758
1432 1767
1433
1434 1478 1559
1435 1777
1436 1987 1454 1681 1694
1437 1832
1438 1505 1675 1805 1562 1662
1439 1995 1976
1440 1487 1811 1813
1441 1989 1556 1950
1442 1672 1448 1786
1443 1761 1708 1802 1931 1621 1974 1949
1444 1612 1654 1913
1445 1859 1958 1918
1446 1523 1849 1818
1447 1508 1957
1448 1920 1521 1812
1449 1984 1484 1804 1581 1902 1808 1521
1450 1537 1788
1451 1606 1959 1887
1452 1481 1514 1629
1453 1492
1454 1857 1529
1455 1469
1456 1472 1572 1606 1721
1457 1611 1558
1458 1495 1623 1548 1833
1459 1577 1550
1460 1975 1529 1979
1461 1883 1645 1647
1462 1666 1955 1503
1463 1896 1468
1464 1593 1749
1465 1775
1466 1796 1669 1977
1467 1833 1915
1468 1608 1754
1469 1561
1470 1989 1516 1789 1987 1694
1471 1797 1640
1472 1790 1886
1473 1601 1925 1649 1627
1474 1701 1602 1656 1594
1475 1735 1884
1476 1659
1477 1868 1883
1478 1976
1479 1550 1777
1480 1869
1481 1808 1934 1639 1806 1692
1482 1859 1775 1987
1483 1540 1640 1741 1528
1484 1709 1864 1762 1775 1834
1485 1927 1960 1554 1629
1486 1826 1634
1487 1763 1659
1488 1581 1590
1489 1782
1490 1958 1842 1713 1658 1724
1491 1927 1558 1978
1492 1731 1548 1636
1493 1848
1494
1495
1496 1700 1500
1497 1948
1498
1499 1800 1973
1500 1804 1507 1849 1551 1821
1501 1826 1956 1735 1694 1691
1502 1792 1551 1969 1650
1503 1878 1727 1631
1504 1638 1951
1505 1701 1996
1506 1656 1806
1507 1614
1508 1618 1599 1915
1509 1682 1971
1510
1511 1546 1615
1512 1659
1513 1922
1514 1921 1825 1943 1887
1515 1825 1800 1882 1981
1516 1984 1553 1819
1517 1688
1518 1907 1615 1599
1519 1603 1769 1614 1784
1520 1765
1521 1605
1522 1636 1703 1724
1523 1776 1566 1880
1524 1705 1533
1525 1804 1582 1905 1918
1526
1527 1769 1658 1789
1528 1995 1906
1529 1600 1668 1903 1624
1530 1689 1916
1531 1774 1830
1532 1728
1533 1944
1534 1807
1535 1973 1782
1536 1570 1863 1853
1537 1705 1747
1538 1723 1999
1539 1612 1587
1540 1569
1541 1960
1542
1543 1657
1544 1829 1672 1899 1708 1621 1947
1545 1568 1651
1546 1551 1756
1547 1660
1548 1638 1708
1549 1844
1550 1597 1652 1775
1551
1552 1888 1784
1553 1718
1554 1644 1825
1555 1839
1556
1557 1942 1587 1878 1559
1558 1811
1559 1635 1591
1560
1561 1636 1578 1939 1912
1562 1933
1563
1564 1715 1820
1565
1566 1573 1821
1567 1730 1804 1869
1568 1794
1569
1570 1591
1571
1572 1711 1809
1573 1634 1966 1715
1574 1590 1910
1575
1576 1666
1577 1983
1578 1769 1876
1579 1754
1580
1581 1682 1938 1620 1749
1582
1583
1584
1585
1586 1593
1587 1995 1836
1588 1862
1589 1838
1590 1915
1591
1592 1984 1809 1655
1593 1651
1594 1798 1781 1762
1595 1920 1986 1746
1596 1626
1597 1599
1598 1970
1599 1654 1831 1910 1753
1600 1830 1905 1875
1601
1602 1945 1726
1603 1898 1750
1604 1766 1678 1749 1875 1879 1976 1701
1605 1808 1944 1790
1606 1793 1871 1951
1607 1889
1608
1609 1632
1610
1611 1953 1908
1612 1937 1889 1932
1613
1614 1717 1862
1615 1815 1853
1616 1781 1879
1617 1995 1779
1618 1891 1714 1751
1619
1620
1621
1622 1644
1623 1699 1654
1624 1966 1950 1981
1625 1717
1626
1627
1628 1910 1689 1727
1629
1630
1631 1693 1793 1995 1735 1786 1755 1937 1909 1942 1663
1632 1938 1811
1633 1679 1841 1724
1634
1635 1900
1636 1745
1637 1968
1638 1808
1639 1964
1640 1805
1641
1642 1646
1643
1644 1882
1645
1646
1647
1648 1988 1736
1649 1937
1650
1651
1652 1669 1848
1653 1816
1654
1655 1682
1656
1657
1658 1893 1724
1659 1699
1660 1824
1661 1916
1662
1663
1664 1829 1703 1744 1903
1665 1763 1724
1666
1667 1793
1668
1669
1670 1931
1671
1672 1735
1673 1991 1882
1674 1983
1675 1864 1716
1676
1677 1881 1831
1678 1926 1972 1943
1679 1997
1680 1730
1681
1682
1683
1684
1685 1800
1686
1687 1693 1780
1688 1826 1893
1689 1970 1811
1690 1762 1997 1904 1914
1691 1936 1974
1692 1767 1715 1975 1695
1693 1844
1694
1695 1999 1814
1696
1697 1856 1715
1698
1699 1954
1700
1701
1702 1999 1918
1703 1971 1854
1704 1815
1705
1706 1868 1779
1707
1708 1749 1987 1919
1709 1826 1971 1829
1710
1711 1822
1712
1713
1714 1716
1715 1772 1747
1716
1717 1810
1718 1761 1778
1719 1859
1720 1723
1721
1722 1789
1723 1833 1913
1724
1725
1726
1727 1813
1728
1729 1935
1730 1905
1731 1740 1978
1732 1838
1733 1842
1734 1928 1805
1735 1810
1736 1894 1854
1737 1921
1738
1739 1804
1740 1745 1955
1741
1742 1876
1743 1937
1744
1745 1799
1746 1824
1747 1798
1748 1800 1820
1749 1755
1750 1971
1751 1954
1752
1753 1930
1754
1755
1756 1952 1791
1757 1986
1758 1880
1759 1827
1760 1897 1806 1903 1790
1761 1934
1762
1763
1764 1827 1998
1765 1874
1766
1767 1994 1855
1768 1886
1769
1770 1835 1823
1771 1810
1772 1919
1773
1774
1775 1979
1776 1994
1777
1778
1779
1780
1781
1782
1783 1862
1784
1785 1886 1919
1786 1916
1787
1788 1982
1789 1984
1790 1966
1791 1930
1792 1857 1979
1793
1794 1908
1795
1796
1797 1831
1798
1799 1865
1800
1801 1907 1883
1802
1803
1804
1805 1904 1842
1806
1807
1808 1997
1809 1996
1810
1811
1812 1869 1871
1813 1959 1968 1970
1814
1815 1973
1816
1817 1980 1827
1818 1845 1959
1819
1820 1921 1959
1821
1822
1823 1844 1941
1824
1825 1947 1919
1826
1827 1965
1828
1829 1897
1830 1855
1831
1832 1916
1833 1961
1834 1874
1835
1836 1864 1855
1837 1967 1918
1838
1839 1964
1840
1841
1842
1843
1844
1845 1868
1846 1970 1855
1847 1929 1940 1914
1848
1849 1973
1850 1993 1962
1851
1852
1853
1854
1855 1984 1959
1856
1857
1858
1859
1860 1903 1919
1861 1875 1983
1862 1909
1863
1864 1902
1865
1866 1870
1867 1889
1868
1869
1870 1944
1871
1872
1873 1947
1874 1932 1882
1875
1876 1880 1935
1877 1999 1940
1878 1969 1907 1914 1983
1879 1997
1880 1959 1947
1881
1882
1883
1884
1885
1886
1887
1888
1889
1890 1964
1891
1892 1899
1893 1919
1894
1895
1896
1897 1993
1898
1899
1900
1901 1914
1902 1953
1903
1904
1905
1906 1957
1907 1930
1908
1909
1910
1911
1912
1913 1978
1914 1973
1915
1916
1917
1918
1919
1920
1921
1922
1923 1962
1924
1925
1926
1927 1929
1928
1929 1977 1982
1930
1931
1932
1933 1988
1934
1935
1936 1994
1937 1965 1968
1938
1939 1976
1940 1967
1941 1976
1942
1943
1944
1945
1946
1947
1948
1949
1950 1984
1951
1952
1953
1954
1955
1956 1990
1957 1968
1958
1959
1960
1961
1962
1963
1964
1965
1966
1967 1978
1968
1969 1994
1970
1971
1972
1973
1974
1975
1976
1977
1978
1979
1980
1981
1982
1983
1984
1985
1986
1987
1988
1989
1990
1991
1992
1993
1994
1995
1996
1997
1998
1999
[1, 1, 0, 0, 0, 1, 1, 1, 0, 1, 1, 1, 1, 1, 1, 1, 0, 0, 1, 1, 0, 0, 1, 1, 0, 0, 1, 1, 1, 0, 1, 0, 1, 0, 1, 1, 0, 0, 0, 0, 0, 0, 1, 0, 0, 0, 0, 1, 1, 1, 1, 0, 1, 0, 1, 0, 1, 1, 1, 1, 1, 1, 0, 0, 0, 1, 1, 0, 1, 1, 0, 1, 1, 0, 0, 1, 1, 1, 0, 1, 1, 0, 1, 1, 0, 0, 1, 0, 0, 0, 0, 0, 1, 1, 0, 0, 1, 1, 0, 0, 1, 0, 0, 0, 0, 0, 0, 0, 1, 0, 0, 0, 1, 0, 0, 1, 1, 0, 0, 1, 0, 0, 1, 0, 1, 1, 1, 0, 1, 1, 0, 0, 0, 1, 0, 1, 0, 1, 0, 1, 1, 0, 1, 0, 0, 1, 0, 1, 1, 0, 0, 1, 1, 0, 1, 1, 1, 0, 0, 1, 1, 0, 0, 0, 1, 0, 0, 1, 1, 0, 1, 1, 0, 1, 0, 0, 0, 0, 1, 1, 1, 0, 0, 0, 0, 0, 0, 1, 1, 0, 1, 0, 1, 1, 1, 1, 1, 1, 0, 0, 1, 1, 0, 1, 1, 1, 1, 1, 0, 1, 1, 1, 0, 1, 0, 1, 0, 0, 0, 0, 0, 1, 1, 1, 1, 1, 1, 0, 0, 0, 1, 1, 1, 0, 1, 0, 1, 0, 1, 0, 0, 1, 1, 1, 1, 0, 1, 1, 0, 1, 0, 0, 0, 1, 1, 0, 0, 1, 0, 1, 0, 0, 0, 1, 0, 1, 1, 0, 1, 1, 1, 0, 0, 1, 0, 1, 1, 0, 1, 1, 0, 0, 1, 0, 1, 1, 0, 1, 1, 0, 1, 0, 0, 1, 1, 1, 0, 1, 0, 0, 0, 0, 0, 0, 1, 0, 0, 0, 1, 0, 1, 0, 0, 1, 1, 0, 0, 0, 1, 1, 1, 1, 0, 0, 1, 1, 0, 0, 1, 0, 1, 1, 1, 1, 1, 0, 1, 0, 0, 1, 1, 1, 0, 1, 0, 0, 0, 1, 0, 0, 0, 0, 0, 1, 0, 0, 1, 1, 0, 0, 1, 0, 0, 1, 1, 1, 0, 1, 0, 0, 1, 0, 0, 0, 0, 0, 1, 0, 0, 0, 1, 0, 1, 0, 1, 0, 1, 0, 1, 1, 0, 1, 0, 1, 0, 0, 0, 1, 1, 0, 1, 0, 1, 0, 1, 0, 0, 0, 1, 1, 0, 0, 1, 0, 1, 1, 1, 1, 1, 1, 0, 1, 0, 1, 0, 1, 0, 0, 0, 0, 0, 0, 1, 0, 1, 0, 0, 1, 1, 1, 1, 1, 1, 0, 0, 1, 0, 1, 0, 0, 0, 1, 0, 0, 1, 1, 0, 1, 1, 1, 1, 1, 0, 1, 0, 1, 0, 1, 0, 1, 0, 0, 1, 1, 1, 1, 0, 0, 1, 0, 0, 0, 1, 0, 1, 1, 0, 1, 1, 1, 0, 1, 0, 0, 0, 0, 0, 1, 0, 1, 0, 1, 1, 1, 1, 0, 0, 1, 0, 1, 0, 1, 0, 0, 1, 1, 1, 0, 1, 0, 0, 1, 0, 1, 1, 1, 0, 1, 0, 1, 0, 1, 0, 0, 0, 1, 1, 0, 1, 0, 0, 0, 0, 1, 0, 0, 0, 1, 1, 1, 0, 0, 0, 1, 1, 0, 0, 1, 0, 1, 1, 1, 0, 0, 0, 0, 0, 1, 1, 0, 1, 0, 1, 0, 1, 0, 0, 1, 1, 0, 0, 0, 1, 0, 0, 1, 1, 1, 1, 0, 1, 1, 0, 0, 1, 1, 1, 0, 1, 0, 1, 0, 1, 0, 1, 1, 0, 1, 1, 0, 0, 0, 0, 1, 1, 0, 1, 1, 1, 1, 1, 1, 1, 0, 0, 1, 1, 0, 1, 1, 1, 0, 0, 1, 1, 1, 1, 1, 0, 0, 0, 1, 1, 0, 0, 0, 0, 1, 1, 1, 0, 0, 0, 1, 0, 0, 0, 0, 1, 1, 1, 0, 0, 1, 0, 0, 0, 1, 0, 0, 0, 1, 1, 0, 0, 1, 0, 0, 1, 0, 0, 0, 1, 1, 1, 0, 1, 0, 1, 1, 1, 1, 0, 0, 1, 1, 0, 1, 0, 0, 0, 1, 1, 0, 0, 0, 0, 1, 0, 1, 1, 1, 0, 0, 1, 0, 1, 0, 1, 0, 0, 0, 1, 1, 1, 0, 1, 0, 0, 0, 1, 0, 0, 1, 0, 0, 0, 0, 1, 0, 1, 0, 0, 1, 1, 1, 0, 0, 1, 0, 0, 0, 1, 1, 1, 0, 1, 0, 1, 1, 1, 0, 0, 0, 0, 1, 0, 1, 0, 1, 1, 0, 0, 0, 0, 1, 0, 1, 0, 0, 1, 0, 0, 1, 1, 0, 1, 0, 0, 1, 1, 1, 1, 1, 0, 1, 1, 0, 1, 1, 0, 0, 1, 0, 0, 0, 1, 0, 0, 0, 1, 1, 1, 0, 0, 1, 1, 1, 0, 1, 0, 1, 1, 1, 0, 1, 0, 0, 1, 0, 0, 0, 0, 0, 0, 0, 1, 1, 0, 0, 0, 0, 1, 0, 0, 1, 1, 1, 0, 0, 0, 1, 0, 0, 0, 1, 0, 1, 1, 1, 1, 0, 1, 0, 1, 0, 0, 0, 0, 0, 1, 1, 0, 1, 0, 0, 0, 1, 1, 0, 1, 1, 0, 0, 0, 0, 1, 0, 0, 0, 0, 1, 0, 0, 1, 1, 1, 1, 0, 1, 0, 0, 1, 0, 0, 1, 0, 1, 1, 1, 1, 1, 1, 0, 0, 1, 1, 0, 0, 0, 0, 1, 0, 0, 1, 1, 1, 0, 0, 0, 0, 0, 1, 0, 0, 0, 1, 1, 1, 0, 1, 1, 1, 1, 0, 0, 0, 1, 1, 1, 1, 1, 1, 0, 0, 0, 0, 0, 1, 1, 0, 1, 1, 0, 0, 0, 0, 0, 0, 0, 1, 1, 1, 1, 0, 1, 1, 0, 1, 0, 1, 0, 0, 1, 1, 0, 0, 0, 1, 0, 1, 1, 1, 1, 1, 1, 0, 1, 0, 0, 0, 0, 1, 0, 0, 0, 1, 0, 1, 0, 1, 1, 1, 0, 0, 1, 1, 1, 1, 1, 0, 0, 0, 0, 1, 0, 0, 1, 0, 0, 0, 0, 0, 0, 1, 0, 1, 0, 0, 0, 0, 1, 0, 0, 0, 0, 0, 0, 1, 0, 1, 0, 0, 0, 1, 1, 1, 1, 1, 0, 0, 0, 0, 1, 0, 0, 0, 0, 1, 0, 1, 0, 1, 0, 1, 1, 1, 1, 1, 1, 1, 1, 0, 1, 1, 0, 1, 0, 0, 1, 0, 0, 1, 0, 1, 1, 0, 0, 1, 1, 1, 0, 0, 0, 1, 0, 1, 0, 1, 1, 0, 1, 0, 1, 0, 1, 0, 0, 0, 0, 0, 0, 0, 1, 1, 0, 0, 1, 0, 0, 1, 1, 0, 0, 0, 0, 0, 0, 0, 1, 1, 0, 0, 0, 1, 1, 1, 1, 1, 1, 1, 0, 1, 1, 1, 0, 0, 1, 1, 0, 1, 0, 0, 1, 0, 1, 0, 1, 1, 0, 1, 0, 0, 1, 1, 1, 0, 1, 1, 0, 0, 0, 0, 0, 1, 1, 1, 0, 1, 0, 1, 0, 0, 0, 0, 0, 0, 0, 0, 0, 0, 1, 1, 1, 0, 1, 0, 1, 0, 1, 1, 1, 0, 1, 1, 0, 0, 0, 1, 0, 0, 0, 1, 0, 0, 0, 0, 1, 0, 1, 1, 1, 0, 0, 1, 0, 0, 0, 0, 1, 0, 1, 0, 1, 0, 1, 0, 0, 0, 0, 1, 1, 1, 0, 1, 1, 1, 1, 1, 1, 0, 0, 1, 1, 1, 0, 1, 0, 0, 0, 0, 0, 0, 0, 1, 1, 1, 0, 1, 0, 1, 1, 1, 0, 0, 0, 0, 0, 1, 1, 1, 1, 0, 0, 0, 1, 1, 0, 0, 0, 1, 0, 0, 1, 0, 1, 0, 0, 1, 0, 0, 0, 1, 0, 0, 0, 0, 1, 1, 0, 0, 0, 1, 1, 0, 1, 0, 1, 0, 0, 0, 1, 1, 1, 0, 0, 0, 0, 1, 0, 0, 1, 1, 1, 1, 1, 1, 0, 1, 1, 0, 0, 0, 1, 0, 0, 0, 1, 1, 1, 1, 0, 0, 0, 0, 0, 1, 1, 1, 0, 0, 1, 1, 0, 1, 0, 0, 0, 1, 0, 0, 0, 1, 1, 1, 1, 0, 1, 1, 0, 0, 1, 0, 0, 1, 0, 1, 1, 0, 0, 0, 1, 1, 0, 0, 1, 0, 1, 0, 0, 0, 0, 1, 1, 1, 0, 0, 1, 0, 1, 0, 1, 1, 0, 0, 1, 1, 1, 1, 1, 1, 1, 1, 0, 0, 0, 1, 0, 1, 0, 0, 1, 1, 1, 0, 0, 1, 0, 1, 1, 0, 1, 1, 0, 1, 1, 1, 0, 0, 0, 1, 0, 0, 1, 1, 1, 0, 0, 1, 1, 1, 0, 1, 0, 1, 0, 0, 0, 0, 0, 1, 1, 1, 0, 1, 0, 1, 0, 0, 0, 1, 0, 0, 0, 1, 1, 1, 1, 1, 1, 1, 1, 1, 0, 1, 1, 1, 1, 0, 1, 0, 0, 0, 1, 1, 1, 1, 1, 0, 1, 0, 1, 0, 1, 1, 1, 0, 1, 0, 1, 0, 1, 1, 1, 0, 0, 0, 1, 0, 0, 0, 0, 0, 1, 1, 1, 0, 1, 0, 0, 0, 1, 1, 1, 1, 1, 1, 0, 0, 0, 1, 1, 1, 0, 1, 1, 1, 1, 1, 0, 0, 1, 1, 1, 0, 0, 0, 0, 1, 1, 0, 1, 1, 1, 1, 0, 1, 0, 0, 1, 0, 0, 1, 1, 1, 1, 0, 0, 0, 0, 1, 0, 1, 1, 1, 1, 1, 0, 1, 0, 0, 1, 0, 1, 1, 0, 1, 0, 1, 1, 1, 1, 0, 0, 1, 0, 0, 0, 0, 1, 1, 0, 0, 1, 1, 0, 0, 0, 1, 1, 0, 0, 0, 1, 0, 0, 0, 0, 0, 0, 0, 1, 0, 1, 0, 1, 1, 1, 1, 0, 1, 0, 1, 0, 1, 0, 0, 0, 1, 0, 0, 0, 1, 1, 0, 1, 0, 0, 1, 1, 1, 1, 1, 0, 0, 1, 0, 0, 1, 0, 1, 1, 1, 0, 1, 0, 0, 1, 0, 0, 1, 1, 0, 1, 0, 1, 0, 0, 1, 1, 0, 0, 1, 1, 1, 1, 1, 0, 1, 0, 0, 1, 1, 0, 1, 1, 1, 0, 1, 1, 1, 0, 1, 1, 1, 0, 0, 1, 1, 1, 0, 0, 1, 1, 1, 0, 1, 1, 0, 1, 1, 0, 0, 0, 1, 0, 0, 1, 1, 0, 1, 1, 1, 0, 0, 1, 1, 1, 0, 1, 0, 0, 1, 1, 1, 1, 1, 0, 1, 0, 0, 1, 0, 0, 1, 1, 0, 1, 0, 1, 1, 0, 1, 0, 1, 0, 0, 0, 1, 0, 1, 0, 1, 0, 1, 1, 1, 0, 1, 1, 0, 0, 1, 0, 0, 0, 0, 0, 1, 1, 1, 1, 0, 0, 1, 1, 1, 0, 1, 1, 1, 0, 0, 0, 1, 0, 1, 0, 1, 1, 1, 1, 1, 0, 0, 0, 1, 0, 0, 1, 1, 0, 0, 0, 1, 1, 1, 1, 1, 1, 1, 0, 0, 1, 1, 0, 1, 0, 0, 1, 1, 1, 0, 1, 1, 1, 1, 0, 0, 1, 1, 0, 1, 0, 0, 0, 0, 1, 1, 0, 0, 1, 0, 1, 0, 0, 1, 1, 1, 1, 0, 0, 1, 1, 1, 1, 0, 0, 1, 0, 0, 1, 1, 0, 0, 0, 0, 1, 0, 1, 1, 1, 1, 0, 0, 0, 1, 0, 1, 0, 0, 1, 0, 0, 1, 1, 1, 0, 0, 0, 0, 0, 0, 1, 1, 1, 1, 1, 1, 1, 1, 1, 0, 1, 0, 0, 1, 0, 0, 1, 0, 0, 0, 1, 1, 0, 1, 0, 0, 1, 0, 1, 1, 0, 0, 1, 0, 0, 0, 1, 0, 1, 0, 0, 1, 1, 1, 1, 0, 1, 1, 1, 1, 1, 1, 0, 1, 1, 0, 0]