#/home/brian/Documents/summer17/Python/VEC/scripts/make_SBM_graphs.py
# GMT Thu Jul 27 21:52:00 2017
# 
0 288 1796 1302
1 273 1626 539 1309
2 135 1461 598 153 1498 317 254
3 1638 941 139 685 1422 1389 1261 182 1912 371
4 1865 1938 917 966 1437
5 144 1081 1299 868 53
6 353 1860 1658 1926 582 653 210 342 919 986 1306
7 731 516 1384 747 1645 111 552 1874 1243 525 1214
8 281 1666 350 167
9 450 388 1065 43 172 1618 349
10 1632 1816 189 1750
11 619 1359 1284 1999
12 361 1850 1291 811
13 1158 1383 1352 509 1432 376 921 477
14 1944 769 1410 1513
15 1899 1443
16 1387 812 1085 1262 783
17 422 200 1257 273 1466 1406
18 664 1417 1924 1567
19 802 934 1450 221 1905 375 669 958
20 1050 1638 951
21 1041 1554 1283 1194 1343
22 426 188
23 1178 221 486
24 1744 533 1126
25 1041 1257
26 394 292 1671
27 571 628 1086
28 771 1989 1219 1599
29 705 445 1006 1758 758
30 162 1306 1026 1626 1623
31 740 1735 237 1711 856 580 1210 1405 798
32 400 1908 987 1660 741
33 617 954 1795 245 1758
34 1920 835 1165 1262 824 188 797
35 1665 1006 1175
36 651 230 78 735
37 1634 837 902 812 1391 348 1534
38 1339
39 1878 44 304 1814 1017 572
40 1025 1557 86 1253
41 421 1023
42 1529 1073
43 1024 464 1921
44 1056 1569 1582 1715 1236 85
45 865 546 1283 1614 431 689 381
46 1336 1193
47 1254 1958 777 812 1230 601 1823
48 1968 507 1518 1566 935
49 1856 1680 1866 1573
50 284 99 1780 1895
51 298 1348 693 1470
52 1160 1962 1996 78 719 1137 919
53 1059 453 1543 1771 140 814 1681 1783 856 445
54 757 1292 1973 359
55 1569 906 400 1107 1942 1561 127
56 752 474 1974
57 1009 460 1246 1976 1822 664 94 1973
58 1192 121 310
59 1112 229 1301
60 331 238 1936 817 882 1687 312 1343
61 465 450 1643
62 351 571 797 1509 1437
63 1409 1443 1098 665 633 1535
64 783 1161 812 591 1681 1179
65 1218 228
66 1121 1958 1831 1835 1804 1938 1343
67 1728 1823
68 832 1408 613 588 1741 1758
69 609 1839 976 1585 1778 600 1247
70 1506 776 1419 76 1778 1203 1142
71 225 1634 1768 1705 682 1282 1101 880 661 1205 1242 1307 426 1981 319
72 448 1441 230 1089 76 507 1759
73 1825 476 525 628 861
74 1017 594 1004 494 353
75 1230 918
76 680 1456 145 501 891 572
77 585 619 83 1174 987 605
78 1103 1309 241
79 326 1767 1516 1870 1490 1011 923 1564
80 152 1381 1655
81 545 482 1347 1066 1868 1517
82 217 1146 1930 1901
83 1635 1866 652 1297 1589 983 426
84 1217 1733 520 1321 1617 918
85 1056 644 913 222 991
86 1144 1955 1213 374
87 709 938 428 181 1944 507 1118
88 1602 1511 808 1993 1740 1492 342 1321 504 1434 475 412
89 738
90 1058 294 1671
91 1843 1572 1038
92 421
93 1863 1801 1260 1903 1043 1402
94 1048 1965
95 113 1106 1364
96 1480 1612 1940 756 950
97 1305 1610 1459 1236 218
98 225 1755 1860 1236 393
99 453 170 951 826 827 1724 293
100 1730 668 1989
101 486 358 718 1592 666 1082
102 1777 1379 1163
103 1232 674 1315 1822 1135
104 1744 643 1828 1578 588 624 1942 1559 863
105 1960 1715 1390
106 161 901 934 1615
107 257 386 499 169
108 209 1475 1486 1926
109 1417 1621 877
110 818 419 211 1702 1438
111 1760 1548 1884
112 1105 471 956 689 1921
113 1329 119 1189 711
114 816 872 365 1351
115 1524 647
116 417 1666 579 1835 1059 948 1397 1659
117 771 1979 895
118 393 803 549 711 937
119 1670 1911 1140 1527 763 1980
120 961 1939 397 566
121 1353 1987 181 1454
122 1265 980 437 1365 887
123 1775 1140 1134 374 1743
124 537 1274 516 775
125 679 908 1265 332 238 1232 1937 1427 1141 445 1150 223
126 1131 1388 1773
127 256 899 294 1961 1741 1422 237 1208
128 1928 857 1796 1695
129 928 1921 771 737 396 378
130 497 522 893 1953
131 1890 746 1038 657 659 1271 1823
132 1457 706 1972 1741
133 578 420 391 1132 260 868
134 1536 1029 519 429 141 1491 1241 411
135 1467 1427 1218 838
136 216 377 206 1391
137 633 242 292 1517
138 1347
139 1120 621 211 1782 1533
140 675 516 1611 1516 1021 243 1780 1304 1882 1212 1757 1397
141 546 393 1199 1329 1554 564 855 1716
142 388 358 746 1582 1969 1047
143 1447 1296 1042 1879 1691 415
144 1648 1040 607
145 1404 707 1886 345
146 1300 1388 749 1844 501 1622 537
147 1712 1625 930 1605
148 835 1989 1902 1775 1681 212 1047
149 1889 985 455
150 418 262 551 1404 1642 407 508 1706
151 1786 1827 606
152 537 1488 1862 1231
153 584 1580 1378 1410 726 1883
154 1700 1799 1613 477 406 463 989 1630
155 1124 1349 1414 542 983 702
156 1282 1545 1484 815 272 1843 884 858
157 547 1254 300 625 1717 891 1631
158 1364 1372 643 964 617
159 666 212 1470
160 1558 1958 1516 1718 503 1817
161 371 1028 278 726
162 1861 365 911 1398 1694
163 420 647 1038 1424 757 1917 510
164 1696 1377 705 1569 690 501 535
165 899 456 332 1522 562 1763 441
166 1635 582 1128 177 595 950 985 1818
167 1394 790
168 1555 1788
169 1607 1737 1300 860 1725 638 863
170 1216 1634 1420 332 431 1430 540
171 1408 615 432 1272 1113 1082 1628
172 1537 538 1239
173 1344 300 1445
174 305 1116 1094 1047
175 240 394 1391 1813 1805
176 1767 1065 842 871 1913 1210
177 228 620 980 824 1023
178 909 901
179 386 1094 1962 496 820 1945 1418
180 1464 609 1328 641 703
181 929 1732 1701 398 1787
182 1282 583 1735 630 543
183 1585 1627 1403
184 410 1275
185 1921 613 1514 366 694 278
186 802 778 1998 1551 1110 346
187 386 1860 1845 1531 1182 1301
188 1990 1575
189 1514 1117 365
190 1449 1367
191 1427 341 1478 469
192 993 1699 1956 1865 1363 238 495 595 504 538 1979
193 1217 1836 1925 558 1637
194 1112 408 656 1334 1694
195 544 290 1028 197 1716 925
196 672 1041 1149 614 1615
197 1798 1031 1769 1450 1493 695 923
198 300 1242 1212 1654
199 824 763 836 1747 375
200 724
201 1342 1799
202 960 961 486 903 686 911 752 1785 1497 634
203 1217 1508 1438
204 493 1013
205 719 1047
206 611 773 1567
207 896 897 1292 562 980 629 824 1684 1822
208 1089 1723 1925 854
209 1954 650 754 855 1690 731
210 1376 1313 356
211
212 1255 234 1867 250
213 1939 1052 710 518
214 1762 1028 488 1484 590 1800 1751
215 568 1913 547 862 895
216 993 1060 1001 813 1968 247 1240
217 352 1953 1987 1799 1193 1108 1814
218 419 1153 1064 653 360
219 1330 659 942 467 1251
220 1424 1922 1731 718
221 1262 914 917 494 1245
222 1479 361 779 1329 1368
223 866 1235 967 1260 1378 1267 1146
224 1120 1794
225 1411 770 1172 1045
226 1062 1067 1301 1894 1503
227 1380
228 1098 271 1399 1052 1290
229 1401 452 501
230 1120 1923 880 947 571 1276
231 1055 1359
232 1200 1784 331 1053
233 1105 1402 1356 282 1220
234 1185 1716 1969
235 1315 1957 1382 1436 796 1119
236 1744
237 257 486 902 1359 851 1973 920 826 925
238 1356 1264 887 825 1086
239 1312 1639 1392 1207 283 1053
240 274 1047 419 861
241 1507 1831 436 984 700
242 336 868 1869 1205
243 1760 941
244 930 1478 423 1260 877 1390 1526
245 554 1421 1394 1207 1403 1503
246 1272 1163 492
247 481 1700 1930 1266 1396 501 1332
248 1801 602 1093 1366 313
249 871 253 1809 639 636 1725 1023
250 764 923
251 1380 782 1102 1047
252 618 334 335 1361 1332 501 1049
253 465 1011 659 281 920 1310
254 705 1172 1093 1921
255 778 605 1011 1466 797 318
256 929 273 466 1721 1049
257 1923 1796 1447 585 1836 1315 1712 707 1462 1689 459
258 452 1702 807 1737 1706 1805 1235
259 832 1095 1764 1182 1791
260 567 1757
261 608 1089 1937 1716 407
262 869 1098 523 882 1205 351
263 700 1715 1324
264 1785 778 599
265 1312 789 933
266 1525
267 366 1484 974 309 1687 1754 606
268 480 992 772 841 1707 784 1362
269 516 757 1086
270 1408 1031 1032 1196 956 1580 817 693 1180 1919
271 705 1666 1446 743 1269 764 1983
272 1268 1675 1958 591
273 355 997 1099 1741 1423 1429 857
274 424 1403 572 1799
275 896 1537 1476 1834 653 816 1107 1652 1430
276 1411 612 1163 998 1159
277 1656 865 815 1654 1023
278 740 456 590 1879 1656
279 428 500 357 917
280 1773
281 1830 550 306 856
282 548 974 1333 985 510
283 1699 937 1531 1285
284 1675 402 1619 1524 1310 471 542
285 723 300 725 1463
286 1314 578 590 909 819 1716 791 1535
287 1824 481 1698 811 749 469 575
288 848 363 1502 776
289 620 791
290 869 1866 1740 1647 1840 722 1882
291 1226 1999 1715 1013 759 1561
292 1281 1060 897 1004 912 1813 700
293 967 425 907 1612 1781 1641 575 981
294 1060 584 1353 1588 1143 1630
295 322 1160 1994 883 377 1695
296 579 341 361 1072 821 1705 504 1979 797 757
297 1729 706 1515 1037 510
298 843 1703 1003
299 1761 425 842 1847 795 669
300 927
301 512 1180 938 356 1550
302 440 457 739 1537
303 473 1922 987
304 1352 1293 313 1725 1471
305 1536 1569 1111
306 544 482 1413 1414 1127 493 399 663 1279
307 1097 763 1340 1742
308 548 615 396 1681 850 372 956 383
309 1413 1065 1484 527 1651 335
310 1921 1955 617 429 788 1309
311 1795
312 1360 456 528 346 955
313 352 1089 651 1393 1141 1721
314 1921 917 438 895
315 1784 1817 1931 1653
316 1474
317 1336 1597
318 1634 907 1937 1177 1465 348 862
319 434 1012 669 1666
320 1865 427 1268 1509 629
321 1576 1963 1500
322 466 596 1645 382
323
324 1863 1513 365 1519 1491 1401 890
325 567
326 1802 1893 810 1254
327 1840 1600 957 665
328 711 681 460 1457 1260 1321
329 1159 702 1063
330 1767 1073 980 1622 1976 347
331 1184 1444 1414 1319 681 1355 1266 1065 797
332 1762 1699 1239
333 912 1994 460 1221
334 1156 650 1327 1361 1523 1332 1334 1145
335 971 584 779 368 945 1785 766
336 461 1245 1365
337 544 1505 397 1205 790 825
338 1863 1003 1231 1799
339 1417 1186 1071
340 1487
341 608 1472 1289 1899 691 540
342 1805 1479 850 749 626
343 1730 519 811 844 1107 919 1079 1787
344 1993 1451 643 857 943
345 1056 1506 487 1928 988
346 356 1705 1463 1361 1014 503
347 1144 1247
348 673 404 729
349 944 1218 1116 785
350 976 835 1939 508
351 1283 1788
352 1888 736 1915 1958 1224 1739 720 1041 1845 667 1022 1887
353 1553 409
354 1474 708 663 1816 1508 959
355 580 1486 691 1495 671
356 1226 699 1834 1567
357 902 1383 1161 655 1618 467 632
358 1792 740 812 813 369 982 503
359 1592 1387 1972
360
361 720 1584
362 992 1562 1794 438
363 736 1074 1722
364 657 509
365 1103 537
366 583 1717 1943 1210
367
368 706 1402
369 768 1921 1249 1385 1649 1148
370 1376 1040 1853 1048
371 838
372 1990 1755 717 1718
373 1443 1735 942 1905 1211 1659
374 768 1349 1161 1085
375 1955 1771 1326 431 378
376 1536 873 1873 1107 1749
377 875 948
378 1572 1800 1649 693 726
379 1304
380 688 1604 582 784 465 464 1786 1660
381 1440 1826 1101 1200 431 1039 830
382 1785 1684 1366
383 1775 628 1176 1081 1243
384 1955 1513 426 1168 881 438 888 633
385 1568 1121 1512 1353 1104 1107 1977 475 1500
386 1739 650 1369 1820 1790
387 1548 1358 886
388 1157 1132 1500 797 1855
389 1793 1907 1534 519
390 1434 1035 972 1301 631
391 1856 1731 1650 467 884 1941 1818 1244 1210
392 1063 1779 1590 1438 1423
393
394 1207 1987
395 1122 1003 1550 1711 1554 1235 1715 1206 1854
396 1347 833 1289 1111 1699 439
397 1248 418 696 1837 1204 1525 477
398 1380 935 712 1929 1610 816 1055 1723 1375
399 969 781 1591
400 1083 1339
401 1475 871 424 1225 1975 893 1566
402 464 1128 1522
403 674 1348 1189 1512 1704 1970 1428 1109
404 1761 456 1642 1644 1073 1593
405 1592 652 902
406 688 1131
407 545 439 1676 1522 1296 1681 1106 503 1470
408 1569 1563 724 533
409 836 488 843 817 469 1654 1111 1181
410 1112 1586 1978 1126
411 1420
412 1339 806 519 813 529 825 1211
413 1282 905 810 1974 631 1081
414 1377 732 1518 1007
415 1106 495 1955 1054
416 1881 1203 1293 1175
417 1763 1768 1580 465 695
418 946 1461 1815 984 1017 602 1661
419 424 1357 526
420 1355 1196 1072 702 1720 1978 638 607
421 479 909 1975
422 1088 1987 1670 1362 1933 1394
423 485 457 428 846 1853 792 921 893
424 1957 1454 919 1247
425 461 1838 1965 465 1046 1720 1947
426 919 1051
427 1668 645 1868 1462 1115
428 806 1581 1236 565 959
429 1383 1839 1496 540
430 584 744 580 806 671
431 548 1319 1608 551 1736 778 693 1128 1691
432 1747 884 542
433 1208 1313 600 536 1721
434 589
435 1614 1414
436 701 1273
437 738 548 1733
438 673 999 1196 1938
439 1024 1197 686 1393 1115
440 1667 1034 1044 1722 1087 1663
441 955 1439 1383
442 1352 1671
443 728 1280 1990 1654
444 1836 1805 1518 1456 1874 1396 1179
445 1344 1444 581 1094 918 1656 830
446 954 1597 910
447 912 1514 850
448 1658 727
449 1920 513 865 1002 1440 1371 508
450 802 484 709 458 684 463 880 1558 1743
451 1856 1156 1766 1223 1421 1967 1336 1918
452 1824 1700 1672 1594 1887 1087
453 1937 534 678
454 891 1449 1656 504 634 987 831
455 1353 1129 1148 1271
456 1505 1730 1676 1521
457 1162 1166 1908 1559 1403
458 1216 1826 1582 1294 502 1497 1922 543
459 1455 1300 1511
460 1133 1526 1565
461 1168 484 1157 1388 881 511
462 684
463 1827 1988 1509 814 1251 597 1151
464 916 1238 1751
465 1418 1359
466 1188 1402 1886
467 528 595 1365 856 762 1822
468 1344 580 1643 1843 1590 1079
469 1483 1973 1086 542
470 1585
471 1699 1415 1388 1970
472 1187 1319 970 658 822 1913
473 1288 737 926
474 484 1676 1679
475 1696 1345
476 1088 818 1563 1089
477 1312 1700 805 876 1587 1684 886 919 1915
478 1843 1644 983 1039
479 1848 1879 1901 1774
480 993 908 1373 1202 1277 509 1118
481 1186 1486 720 854
482 1152 1347 1481 589 944
483 779 735
484 1188 715 1262 630 1730 1145 1535
485 1897 507
486 777 907 1006 1135 1558 1852
487
488
489 1016 1193 1764
490 1320 1675 1917 1654 887
491 1024 1210 620 1437 1606
492 1299 494 979
493 1026 612 1675 528
494 1666 1284 1965 1524
495 641 1264 1382
496 1288 1050 1669 710
497 1506 963 1605 1415 532 930
498 1703 1800 839 622 1777 1402 1275 1594 1662 863
499 656 1481 1182
500 1224 763 1183 1557
501 1704 1099 1554
502 1612 1227 1812 1142
503 642 1356 1200 849
504 899 612 1689
505 1472 1360 982
506 818 1820 1870
507 704 1332 533 852 1402 1820 1438
508 1443 870 688 1204 1783
509
510 1893 974 1013
511 1201
512 1120 681 750 1621
513 1888 577 1779 644
514 1049 1029
515 1376 1924 1637 615 1010 1172 1623 1566
516 1731 682 885 632
517 929 1286
518 1284 1263 1717 1405 981
519 1859 1165 1781 792
520 1985 1380 911 1590 831
521 848 1585 858 1916
522 1313 1286 1930 1373 1725
523 1432 1187 742 951
524 705 1162 1987 1694 559
525 1568 866
526 1176 1939 1142 1263
527 1651 1142
528 1534
529 1528 1049 1162 1354
530 1016 683 1844 1221
531 680 1153 1891 1373
532 799
533 1621 953 1273
534 1665 546 602 1210 1605
535 1097 1403 1758
536 1795 644 741 1190 1678 1683 1814
537 1923 1003 1495
538 1449 587 1264 854 1271 1981 1822
539 570
540 968 949 830
541 1696
542 902 1979 1919
543 838 1807 693 1142
544 932 1574 600
545 1485 1081 549
546 1312 1153 930 1358 1172 1116
547 1339 1299 1555 827
548 874 1709 823 1850
549 1659 1605 1513 1138 850 1499 1695
550 722 659 1780
551 1040 659 773
552 1601 603 995 1961 1770 1998 1531 989 1450
553 1770 1319 1148 1367 1647
554 867 1956 1191 905 973 1268
555 1819 1111 1411 1242 1631
556 1472 665 634 1040
557 1424 1307 1444 925 723
558 1004 784 1170 1147 1918
559 1091 1926 844 1873 1813
560 676 1638 1161 1355 1908 887
561 1826 1731 1831 1385 810 1436 1021
562 1673 1963 1238 923
563 921 1618 1847 1870 1233
564 873 1146 1903
565 1764 1033 1995 845 1145 1276
566 1395 851 820
567 903
568 1389 722 1013 1370 730
569 1280 1641 815 1263
570 1241 1532
571 1480 1490 1077 725
572 1588 1834
573 1584 827 1467 1012 1983
574 866 1898 587 1980 1130 959
575 1968 741 1093
576 1196 1628
577 1671 872 713 744 1364 1845 792 1626 1503
578 1552 1304
579 1319 878 1204 1465 607 1908
580 799 1040 974 1080 1407
581 1425 647 1644 831
582 1955 1181 1727 1309 1407
583 1984 1697 693
584 1586
585 1158 1580 1844 698 735
586 1736 1938
587 890 1476 1495
588 1601 1696 1597
589 966 670 957
590 838 1161 1611 812 625 627
591 1788 1584 1697
592 1578
593 1900
594 786 1587 1275 1882
595 899 965 717 1709
596 792 1459 877 1158
597 1641 627 630 798
598 1020 703
599 1826 684 1814 1815 863
600 640
601 1442 1947 999
602 1797 1560 1438 1247
603 819 1950 1478 1869
604 1252 966 1198 1177 1819 1437
605 1090 1635 1542 999 1808 1876 1242 829
606 1608 1003 726
607 1477
608 760 1129 1263
609 1904 994
610 1933 1790 639
611 1894 1577 1515 1045 1434 766
612 896 1480 1289 1168
613 1576 1522 1078
614 1443 1704 637 1264 785 1370 1853
615 923 1877
616 1888 1130 850 1495
617 1156 1926 1064 938 1100 911 1744 691 1237 1017 986
618 1078 1093 1750
619 1208 689 1834
620
621 1410 1350 1061 1862 1162 1166 1488 945
622 690
623 1185 1407 1057 1350 1233
624 1989 1964 972 1711 662 1565
625 642 1576 1068 686 1175 636 1983
626 1993 1732 1814
627 828 1709
628 1057 1634 842 1681 882
629 768 1710 754 1406 1913 638
630 710 1868 1272 920
631 1049 1451
632 1748 687 1649
633 709 830
634 1376 1763 1253 1648
635 1170 1790
636 1733 1836 1744 1364 1273
637 1507 1348 693
638 965 1482 1220
639 1095 1033 1944 890
640 1428 1861 1805
641
642 1427 1439
643 1888 1293 1416
644 1923 1764 745 1661 1970 755 1396 1341 1374
645 1973 1403 1383
646 1482
647 1283 1902 1685 1875
648 995 1855
649 1124 745 1418 1775 944 917 1370 1051 958
650 995 1511 1556
651 1536 1473 911
652 829 1645
653 1153 1507 1932
654 768 1281 1460 1301 1934
655 1834 1279
656 1621 1334 1049 1791 1087
657 1024 1008 819 1086 1843 1021 1982
658 697 695
659 748 885
660 969 1034 788
661 880 1743 1727
662 1188 1701 1703 1678 1498 1756
663 1483 915 1268 1078 1370
664 1795 967 1896 938 1927 1256 1905
665 1024 1094 1072 1649 891 829
666 901 689
667 945 1210 1341 1375
668 1400 1644 1042 814
669 1971 1299 1940 823 1946 1021
670 886
671 1154 1123 1895 1353 1327
672 1880 1696
673 1600 1986 771 968 1258 1902 884 1268
674 1317 841 938 1707 877
675 1297 838
676 712 1417 1113
677 1840 1847 1085 687
678 1339 899 1606 1159
679 1552 918
680 1824 1322 719 1170 1718
681 1888 1479 1778 1839 1104 1170 953
682 1330
683 1121
684 1216 867
685 1705 752 1969 1465 1533 830
686 1282 1788 1083 1852 1279
687 889 1827 868
688 1409 1455 851 1687 1913 1743
689 1797 1307
690 994 1223 852 886 1369 1116
691
692 1381 1583 1554 759 1657 1182
693 1076
694 1504 1673 1330 950 1981
695 1062
696 897 1780 1254
697 1353 812 1919
698 1344 1323 1416 1419 1199 1779 731
699 928 705 1410 1864 1898 1337
700 1479 1393 1515 1421 724 1173 1369
701 1000 747 1588 918 1658
702 996
703 1353 1354 845 1166 816
704 1515 1672 843 1980 1661
705 1590 988
706 1164 1486 1711 1273 1978
707 1380 1064 1228 1881 892 1118
708 992 1041 1874 1015
709 1504 1057 868
710 1220 1319 840 1543 755
711 971 1814 1275 1375
712 1460 1118
713 1987 1237 1047
714 1299 1815
715
716 1884 1317 1214
717 1697 1927
718 1763 1767
719 1548 1285
720 1923 1380 1586 1667
721 912 1645 1229
722 1450 1812 1724
723 1945
724 1536 1701 1163 1566
725 1835 748 1679 1234 1141 1016 1817
726 1308
727 1993 875 1933 1229 918
728 1028 798
729 1350 1138 1589 822 1080
730 1958 934
731 1487 1076
732 784 1614 1933
733 1572 1094 1895 1356 820 1304
734 1893 1447
735 736 1488 1878 1961 1721 1757 1438
736 1481 1550 1295 1275
737 1640 1516 1747 1367
738 1672 1394 859
739 1953 898 964 852 1486 1526
740
741 892 989
742 800 1576 1139 982 1592
743 1472 778 1827 1830
744 1933
745 1489
746 1899 1661 1775
747 1760 1063 1966 1462
748 1440 1124 918
749 1475 1067
750 929 1064 1778 1683 1880
751 1553 1850
752 1826 868 1687 1983
753 1184 1210 987 1685
754 1195 1884 1967
755 1410 1189 1964 844
756 1268 1437 1399
757 1002 1168 1083
758 1306
759 808 939 1873 1495
760 1162 1244 1114 1618
761 1348 1765 1646 1649 1555 922
762 1666 797
763 1764 922
764 961 1827
765 1900
766 1953 1906
767 1457 1245 829 1046 975
768 1139 1148
769 1256 1613 1169 1976 1402
770 1795 1189 1377 1260 1808 1556 965
771 1984 1194 1351 1263 1271
772 1607 1781 1621
773 1793 837 1290 922
774 993 1396 1526 1143
775 964 986 1211 871
776 1354 1460
777 1168
778 1806 1239
779 1392 911
780 1898 1267
781 1224 1097 1701 857
782 1071 1092 1790 1095
783 1129 1386 1326 915 830
784 1760
785 1748 988
786 1192 1401 1973 1553
787 981 1478 1261
788 1500 1422
789 893 1918
790 1643 1903
791
792 871 850 1689
793 1384 1978 1005
794 1532 1167
795
796 1804 1973
797 1804 1998 978 1540
798 904 887 1914
799 1549 1742 854 1278
800 1921 1170 836
801 1376 1829 1806 1743 1524 1947
802 1635 895
803 1790
804 1665 1225 866 809 1671
805 1650 1203 852 1261
806 1992 938 1149
807 1508 1692 1482
808 1257 1364 1072
809 1352 892 1863 1791
810 1572 1521 1302 987
811 1506 1155 883
812 1297
813 1172 1103
814 1538 1491 947 1854
815 1409 1220 1206 1981 1983
816 1700 977
817 1952 1606 1798 903 1264 1525
818 1047
819 1060 1190 1066 1950
820 1885 1846
821 1192 1393
822 1973
823 849 1268 950
824 1774
825 1455 1718 1370
826 1830 1254 1213
827 1838 1981 1731
828 1265
829 1480 1333
830 1936 978 1647
831 909 1173
832 1986 976 1841 1460
833 896 1203 1975
834
835
836 1202 1572
837 1676 1679 985 1243
838 1307
839 1003 1842
840 1105 1294
841 1004 901 1590
842 1220 1772 1173 1437
843 1321
844 1419 1168 1266 1967 1052
845
846 1312 1913
847 938 1820
848 1015 1375
849 1800 882 1242
850 1824 1701 1234 1684
851 1856 1718 1304 1596 1174
852 1927 1226 1133 1741 1399 1848 1020 1711 1661
853 1256 1361 1138 1975
854
855 1477 1162 1644 1650
856 1057 1386
857 1099 1454 1275 1759 1471
858 1954
859 1393 1036 1607
860 1531 1721
861 1553 915 969 1722 1755 1340
862
863 1442 1605 1862 930 1070 1721
864 1823 1425 1363 1990 1255
865 1452 940 925
866 899 876
867 932 904 1418 1053 1822
868 1604 1031 1407 1263
869 1761 974 1614 1742 1979 1564
870 1484
871 1153 1123 1709 1150
872 1924 1780
873
874 1571 1125 1686
875 1650 1511 1986
876 964 943 1714 1753 1791
877 1961 1707 1712 1109 1690 954
878 1973
879 1883 1022
880 1967 1974 1433 1246
881 1920
882 1128 1776 1048
883 1189 1324 1584 1527 1406
884 1995 1110
885 1784
886 1964 1371
887 961 1433 1919
888 1203
889 1347 1851 1687
890 1461
891 1632 1212 926
892 1428 1925 1183
893 1508 1168 1145
894 1921 1564 1181 1775
895 1699 1395
896 1378
897 1418 1682 987
898
899 1699 1516
900 1250
901 1320 1501 1788 1533
902 1315 1242
903 1265 1464 1817
904 1542 1773 1827 1534
905 1744 1713 915
906 1904 1796
907 1040 1693
908 1219 1349 1201 1494 1624
909 1985 1379 1767 1455 1910 1975 1051
910 1381 1512 1053 1241 989 1567
911 1130 1645 1297 1944 1566
912 1203 1021
913 1794 1384 1354 1805 1742 1630
914
915 1988 967 1814
916 1355 949 1774
917 1442 1769 1218 1730
918 1206 1335 1144 1148
919 1153 996
920 1309 1124
921 1415 1872 1241
922 1066 1648 1747 1989
923 1666
924 1827 979 1747 1871
925
926 1768 1139
927 1490 1411 950
928 1537 1702 1845 1910
929 1189 1240 1278
930 1888 945 938 949 1243 1853
931
932 1659 979
933 1464 960
934 1294 1524 1207
935 1577
936 1911
937 1258 1519 1749 1663
938 1217 1730 1389 1594
939 1986 1667 1997 1739
940 1213 1542 1385
941 1767
942 1163 1579 1014 1656 1628 1077
943 1172 1500
944 1494 1818 1370 1727
945 1165 1010 1107 1208 1373 1375
946 1376 1092 1170
947 1696 1961 1079 1559
948 1218 1763 1489
949 1251 1798 1913
950 1074 1497
951 1616 1598
952 1258 1782 1366 959
953 1734 1674 1805 1392 1531 1162 1887
954 1904 1035 1616 1495 1884
955 1922 1910 1727
956 1959 1288 1365 1433 1908
957 1379 1998 1209 1534
958 1840 1572
959 1603 970
960 1792 1989
961 1771 1620
962 1017 1010 1610 1886 1927
963 1989 1537
964 1140 1526 1566
965 1039
966 1187 1288 1289 1871 1379 1592
967 1158 1033 1001 1630
968 1830 1351 1962 1227 1999
969 1756
970 1091 1894 1667 1500 1278
971 1417 1338 1100
972 1378 1415 1704 1791
973 1508 1925 1199 1461 1338
974 1283 1433
975 1011
976 1343
977 1085 1868 1221 1653
978 1163 1206
979 1255 1747 1687
980 1409 1765 1262 1586 1823
981 1744 1188
982 1427 1876 1688 1150
983 1983 1546 1439
984 1257 1911 1690 1341 1247
985 1657 1085
986 1861 1518 1782 1662
987 1669 1716 1333 1883
988 1569 997 1190 1556
989 1345 1625
990 1713
991 1585 1293
992 1452
993 1824 1064 1777 1364
994 1627
995 1473 1698 1537 1779 1559 1258
996 1865 1343
997
998 1856 1691 1439
999 1159 1578 1009
1000 1112 1160 1041
1001 1345 1224 1993 1906 1460
1002 1575 1962 1751 1720 1818
1003
1004 1381 1928 1007 1585 1787
1005 1479 1903 1432 1496 1519
1006 1358 1861
1007 1987 1070 1616 1970
1008 1153
1009 1248 1284
1010 1192 1844 1978
1011 1982 1727
1012 1823 1644 1054
1013 1830
1014 1480
1015 1285 1532 1372 1341
1016 1190 1966 1654
1017 1375
1018 1561 1295
1019 1975 1212 1343
1020 1354 1234 1338 1724
1021 1307
1022 1208 1332 1550
1023 1184
1024 1582
1025 1125 1297 1490 1427 1213 1727
1026 1563 1915
1027 1450 1622
1028 1282 1352 1777 1780 1854
1029 1224 1897 1873 1375
1030 1617 1499
1031 1414 1865 1458 1818
1032 1858
1033
1034 1672 1460
1035 1896 1430
1036 1645 1927
1037 1221 1503
1038 1443
1039 1800 1522
1040 1731 1899
1041 1626
1042
1043 1459 1486 1651 1782 1980
1044 1671
1045 1801 1345 1559
1046 1106 1743 1420
1047 1121 1243 1258 1740 1373 1499
1048 1251 1131 1150
1049 1712 1954 1581
1050 1858 1806 1467 1052
1051 1797 1808 1649 1246
1052 1985 1171 1812 1946
1053 1126 1706 1588 1429
1054 1936
1055
1056 1530 1343
1057 1774 1529
1058
1059 1098 1127
1060 1089 1507 1422 1371
1061 1715 1678 1541
1062 1467
1063 1422 1672 1070
1064 1993
1065 1731
1066 1905 1242 1086
1067 1928 1432 1434
1068 1905
1069 1531
1070 1461 1431 1880 1277
1071 1312 1459 1749 1375
1072 1472 1807 1555 1142 1975
1073 1504 1455 1815
1074 1577 1186 1172
1075 1261
1076 1566
1077 1388
1078 1111 1619
1079
1080 1717
1081 1120 1666 1141 1239 1407
1082 1853
1083 1204
1084 1908 1998
1085
1086 1517 1294 1527
1087 1376 1477 1420 1588
1088 1306 1623
1089 1104 1180 1779 1220
1090 1871 1815
1091 1478 1327 1777 1911 1112 1821 1950
1092 1313 1353 1996 1844
1093
1094 1440 1356 1691 1470
1095 1961 1460 1406
1096 1827
1097
1098 1753
1099 1897 1684
1100 1140
1101 1874
1102 1857 1138
1103 1345 1638 1226 1170
1104 1453 1925
1105 1522 1776
1106 1614 1201 1646 1976
1107
1108 1506 1703 1356 1140 1273 1790
1109 1966 1815 1944 1822
1110
1111 1922 1616 1720 1850
1112 1344 1953 1393 1399
1113 1135
1114 1584 1123
1115 1821 1747
1116 1416
1117 1456 1312
1118 1394 1182
1119 1446
1120 1224 1503
1121 1481 1579 1896 1801 1874 1145 1147
1122 1926 1415 1960 1580 1165 1166 1715 1434
1123 1712 1428
1124 1798 1353
1125 1174 1433
1126 1833 1543
1127 1543
1128 1477 1868 1745
1129 1370 1540
1130 1794 1394
1131 1669 1425 1879 1215
1132 1516 1691 1678
1133 1325 1997 1714 1145
1134 1631
1135 1315 1385 1230 1909 1853 1246
1136
1137 1153 1715
1138 1460
1139 1624
1140 1536
1141 1792 1736
1142 1232 1860 1962 1239
1143 1820
1144 1856 1870 1335 1880
1145 1361 1578 1873 1275 1429
1146 1712 1615
1147 1721 1759
1148
1149 1153 1742 1872 1492 1599
1150 1214
1151 1771
1152 1929 1590
1153 1861 1691
1154 1715
1155 1464 1744 1563
1156 1475 1796 1519 1429
1157 1754 1866 1383
1158 1393 1587 1721 1499
1159 1919
1160 1266
1161 1686
1162 1698 1967 1464
1163 1326
1164
1165 1764 1237
1166 1260
1167 1262 1631
1168 1269
1169 1512 1297 1553
1170 1803
1171 1292 1614 1575
1172 1178
1173 1484 1711
1174 1634 1419 1230 1533
1175 1901 1709
1176
1177 1232 1516 1826
1178
1179 1796 1332 1461 1495 1529 1887
1180 1300
1181 1388 1300 1435
1182
1183 1474 1864 1740 1452
1184 1249 1634 1318 1837 1972
1185
1186 1445 1235 1588
1187 1413 1584 1407
1188
1189 1996
1190 1449 1193
1191 1894
1192 1515
1193 1826 1225 1758
1194 1856 1551
1195
1196 1697 1303 1627
1197 1975 1748 1958
1198
1199 1401
1200 1851 1812
1201 1668
1202 1954 1960 1518 1886 1753 1561 1277 1758 1503
1203 1312 1615 1276
1204
1205 1550
1206 1463
1207 1566
1208 1925 1353 1456
1209 1574 1983
1210 1614
1211
1212 1349 1705 1709 1806 1245
1213 1542 1767 1294
1214 1920 1778
1215 1945 1909 1847
1216
1217 1317 1907 1721 1535
1218 1280 1638 1437 1726
1219 1938 1974 1292
1220 1576 1232 1289 1679
1221 1976 1528
1222 1425 1371 1407 1259
1223 1432 1226
1224 1323
1225 1637 1240 1498 1403 1567
1226
1227 1405
1228 1778 1378 1295
1229 1497
1230 1318 1810
1231 1777 1366 1511
1232 1662
1233 1245
1234 1528
1235 1301
1236 1322 1753
1237 1464 1916
1238 1350 1494
1239 1249 1799
1240 1257 1496
1241 1928 1809
1242
1243 1432
1244
1245 1780
1246 1776 1797 1653
1247 1788
1248 1313 1529
1249 1360 1401 1595 1279
1250 1898
1251 1355 1676
1252
1253 1939 1589 1485
1254
1255 1768
1256 1864 1388
1257 1667
1258 1740
1259 1681 1922 1958 1351
1260 1514 1992 1266
1261 1771 1337 1820
1262 1720 1848
1263 1411 1497 1534
1264 1548 1822
1265 1820
1266 1284 1451 1275
1267 1460 1787 1325
1268 1296 1942
1269
1270
1271 1954
1272 1893 1351 1579 1533
1273 1619
1274
1275 1911 1937
1276 1374
1277 1696 1905 1875
1278 1954 1377 1346 1846
1279
1280
1281
1282 1576
1283 1330
1284
1285 1923 1381 1687
1286 1481 1412 1430
1287
1288 1360 1294
1289 1427
1290 1677 1804 1655
1291 1528 1601
1292
1293 1353 1650
1294 1746
1295 1919
1296 1765 1747 1593
1297 1417 1386 1655
1298 1312 1861 1894
1299
1300 1514 1739 1650 1438
1301 1729 1393
1302
1303 1433 1571 1414 1785
1304 1319 1965 1716
1305 1698 1923 1432 1757 1503
1306 1888 1510 1970 1337
1307 1318 1735 1784
1308 1798 1448 1832 1555 1370
1309 1979
1310 1746 1370
1311 1613
1312 1322
1313 1537
1314 1421
1315 1762 1855
1316
1317 1703 1903
1318
1319 1351 1959 1754
1320 1792 1688
1321
1322 1861 1391 1878 1816
1323 1897 1698
1324 1468 1390
1325
1326 1959
1327
1328 1874
1329 1732 1583
1330
1331 1737 1451 1805 1811 1338 1755
1332 1416 1587
1333 1897
1334
1335 1861
1336 1360 1613
1337
1338 1632 1881 1855
1339
1340 1442
1341 1412 1637 1976 1565
1342 1424
1343 1783 1912
1344 1570
1345 1684
1346
1347 1709 1818
1348 1775
1349
1350 1682 1850
1351 1449 1614 1463
1352 1577
1353 1927
1354 1422 1968
1355 1958 1450 1484 1815
1356 1747
1357 1513 1421
1358 1569 1702 1734 1706
1359 1876 1950
1360
1361
1362 1549
1363 1769
1364 1380 1550 1874 1591
1365 1728 1959
1366
1367 1949
1368 1583
1369 1512 1583 1694
1370 1611
1371 1624 1625
1372 1712 1481 1898
1373 1477 1993 1580 1782
1374
1375 1744 1434
1376 1756
1377 1473
1378 1799 1781
1379 1482 1818
1380 1577 1994 1996 1942
1381 1539 1805
1382 1449 1388 1437
1383 1576
1384 1394
1385 1606 1517 1647
1386 1893 1543 1576
1387 1620
1388 1408
1389 1653
1390 1794 1415 1421
1391
1392
1393
1394 1429 1597 1791
1395 1646
1396 1796 1554
1397 1979 1443 1647
1398 1507
1399
1400 1519
1401 1749 1403
1402 1621
1403 1432 1560
1404 1570 1881
1405 1738 1869
1406
1407 1889 1943 1902
1408 1921 1959 1524
1409
1410 1664 1863 1452 1966
1411 1952 1543 1658 1467
1412
1413 1679
1414 1709 1783 1905
1415 1833
1416 1960
1417 1601 1916
1418
1419 1605 1495
1420 1978 1790
1421
1422 1570 1996 1881
1423 1795
1424 1638 1726 1949
1425 1546
1426 1648 1728 1851 1699
1427
1428 1994
1429 1487 1488
1430 1778
1431 1486
1432
1433 1616
1434
1435 1595
1436 1624
1437 1954
1438
1439 1913 1819
1440 1972 1817
1441 1792 1570 1495
1442
1443
1444 1676
1445 1583
1446 1448 1635 1634
1447 1647
1448 1956 1854 1673
1449
1450
1451 1986 1898
1452 1739 1839 1944
1453 1538 1515 1900 1874 1588 1471
1454 1791 1948
1455 1539 1871 1622
1456 1964
1457 1460
1458 1493
1459 1825 1708 1842 1499
1460
1461
1462 1993 1930 1902 1881
1463 1608
1464
1465 1910
1466 1794 1891
1467 1804 1940 1719 1524
1468 1737 1695
1469 1716
1470 1890 1843
1471 1503
1472 1936 1762
1473 1941 1789
1474 1607
1475 1993 1882 1626
1476 1506 1639 1581 1849
1477 1942
1478 1696 1801
1479 1684 1961
1480 1705
1481
1482 1654
1483 1655
1484 1806 1840
1485 1752 1682
1486 1508 1749 1567 1599
1487
1488 1846
1489 1794
1490 1990
1491
1492 1577 1837
1493 1634 1731 1716 1797
1494 1951
1495 1839 1556
1496
1497 1913 1871
1498 1670 1657
1499 1706 1627
1500
1501 1638
1502 1610 1742
1503
1504
1505 1792 1895
1506 1811
1507 1994 1803 1996 1934 1967
1508
1509 1611 1622
1510
1511
1512 1541
1513 1740
1514 1733 1901
1515 1707 1561
1516 1745
1517 1984 1728
1518
1519
1520
1521 1866
1522
1523 1569 1588 1565
1524 1761 1912
1525 1983 1769
1526
1527 1741 1645
1528 1924
1529
1530 1683
1531
1532 1650 1874 1911
1533 1965 1936
1534 1885 1767
1535 1962 1593
1536 1828
1537 1863 1928 1882
1538 1702 1581
1539 1978 1549
1540
1541
1542 1706
1543
1544 1986 1892
1545
1546 1822
1547 1864
1548 1601 1557
1549 1994 1645 1617
1550 1588 1978
1551 1624 1676 1908
1552 1705 1735
1553 1732 1828
1554 1741 1968
1555 1648 1634 1583
1556 1923
1557 1777 1672 1689
1558 1564
1559
1560
1561 1987
1562
1563
1564 1746 1685
1565
1566 1650
1567 1954 1931
1568 1723
1569 1904 1652 1779 1942 1883
1570 1746
1571 1576 1688 1895
1572 1666
1573 1832 1669
1574 1824
1575 1985 1869 1776 1653
1576 1767 1922
1577 1967
1578 1770 1755
1579
1580 1631
1581 1749
1582 1955
1583
1584 1920 1985 1598
1585
1586
1587
1588 1762
1589 1699 1768 1938
1590
1591 1970
1592 1848
1593 1893 1805
1594 1671
1595
1596 1811 1908
1597 1906 1714
1598 1922 1635
1599 1900
1600 1847
1601 1708 1835 1713 1663
1602 1706 1954
1603
1604 1734
1605 1764 1915
1606 1948
1607 1621
1608 1784
1609 1762
1610 1915
1611
1612
1613
1614 1838
1615 1779
1616 1744
1617 1801
1618 1718
1619 1629 1641
1620 1998 1685 1974
1621 1701 1753
1622 1921 1937
1623 1824
1624 1751
1625 1891
1626 1637 1933
1627
1628 1756
1629 1752
1630 1987 1670 1884
1631
1632 1739
1633 1971 1767
1634
1635 1728
1636
1637 1898 1966
1638
1639 1911 1846
1640
1641
1642
1643 1810
1644
1645 1651 1884
1646
1647
1648 1892 1909 1668
1649 1800
1650 1863 1964
1651 1859 1855
1652 1967 1809
1653
1654 1959
1655 1748
1656 1788
1657 1686
1658 1809
1659
1660
1661
1662 1809 1977
1663 1878
1664
1665 1779
1666
1667 1874
1668
1669 1681 1943 1983
1670
1671
1672
1673 1686 1917
1674
1675
1676 1929
1677 1984
1678 1794 1834
1679 1776 1762 1808 1947
1680 1747 1941 1830 1727
1681
1682 1939
1683
1684
1685 1735
1686 1724
1687
1688
1689
1690 1704
1691
1692 1706 1698 1942
1693 1827
1694
1695 1928
1696 1708
1697 1920
1698
1699
1700
1701
1702
1703 1857 1712 1784
1704
1705 1889
1706 1903 1754
1707 1811
1708
1709
1710
1711 1841 1882
1712 1953
1713
1714 1849
1715 1795
1716 1952 1774
1717 1830 1935 1958 1855
1718 1987
1719 1853
1720
1721
1722 1878 1983
1723
1724
1725 1811
1726
1727
1728 1817
1729
1730 1937
1731
1732
1733 1929
1734
1735 1852
1736
1737 1967
1738
1739
1740 1742 1880
1741
1742 1994
1743
1744
1745 1784 1910
1746 1822
1747
1748 1940
1749 1755 1823
1750
1751
1752 1940
1753
1754 1785
1755
1756 1817
1757 1894 1886
1758
1759 1913
1760 1809
1761 1890
1762 1807
1763
1764 1903 1854
1765 1998 1775 1939
1766
1767 1974
1768 1858 1893 1847
1769
1770 1857 1980 1790
1771
1772 1870 1799
1773
1774
1775 1815 1852
1776
1777 1795
1778
1779
1780
1781 1811 1789 1887
1782 1945
1783 1815
1784
1785 1812
1786
1787 1970 1789
1788 1902
1789 1862
1790
1791
1792
1793 1812
1794 1967 1878 1813
1795 1994
1796 1839 1892
1797
1798 1975
1799
1800
1801 1942
1802 1952
1803
1804
1805
1806 1832 1871 1840 1917
1807
1808
1809
1810 1871 1941 1935
1811 1968
1812
1813 1886
1814 1997
1815 1971 1910
1816 1904 1864
1817 1827
1818 1885
1819 1871
1820 1983
1821
1822 1902
1823 1990 1836 1969
1824
1825 1845
1826 1853
1827 1869
1828
1829
1830 1832
1831 1856 1899 1981
1832 1922 1835
1833 1845
1834
1835
1836
1837
1838 1847
1839
1840
1841
1842
1843
1844
1845
1846 1894
1847 1935
1848
1849 1880 1864 1883
1850
1851
1852
1853
1854
1855 1906 1972
1856
1857 1886
1858 1914 1941
1859 1968
1860 1872 1911
1861 1927
1862
1863
1864
1865
1866 1937 1931
1867
1868
1869
1870
1871 1998
1872
1873
1874
1875 1978
1876
1877
1878
1879
1880
1881 1882
1882
1883
1884
1885
1886
1887 1976
1888 1892 1897
1889
1890
1891 1977
1892 1927
1893
1894
1895
1896
1897
1898
1899
1900
1901
1902 1919
1903
1904
1905 1984
1906
1907
1908
1909
1910
1911 1933
1912 1922
1913 1956
1914
1915 1967
1916
1917
1918 1986
1919
1920
1921
1922
1923
1924
1925
1926
1927
1928
1929 1964
1930
1931
1932 1980
1933 1996 1954
1934 1962
1935
1936 1949
1937
1938
1939
1940 1956
1941
1942
1943
1944 1960
1945
1946 1955
1947
1948
1949
1950
1951
1952
1953
1954
1955
1956
1957 1994
1958
1959
1960 1966
1961
1962
1963
1964
1965
1966
1967
1968
1969 1990
1970
1971
1972
1973
1974
1975
1976
1977
1978
1979
1980
1981
1982
1983
1984
1985
1986
1987
1988
1989
1990
1991
1992
1993
1994
1995
1996
1997
1998
1999
[0, 0, 0, 1, 1, 1, 0, 0, 1, 1, 0, 1, 0, 0, 0, 1, 1, 0, 0, 1, 1, 1, 1, 1, 0, 0, 0, 1, 1, 0, 0, 1, 1, 0, 1, 0, 0, 1, 1, 0, 1, 1, 1, 1, 0, 1, 0, 1, 0, 1, 1, 1, 0, 1, 1, 0, 1, 1, 0, 0, 1, 1, 1, 1, 1, 1, 1, 1, 0, 0, 0, 1, 0, 0, 0, 1, 0, 1, 0, 1, 0, 1, 0, 1, 0, 0, 1, 0, 0, 0, 0, 1, 1, 0, 1, 0, 1, 0, 0, 1, 1, 1, 1, 1, 0, 0, 1, 0, 0, 0, 0, 0, 1, 0, 0, 1, 1, 1, 0, 0, 1, 0, 1, 1, 0, 1, 1, 0, 0, 1, 0, 1, 0, 1, 0, 1, 0, 1, 1, 0, 1, 0, 1, 1, 1, 0, 0, 0, 1, 1, 1, 1, 0, 0, 0, 1, 1, 1, 0, 1, 1, 1, 0, 1, 0, 1, 1, 0, 1, 0, 1, 1, 1, 1, 0, 0, 1, 1, 1, 1, 0, 0, 1, 0, 0, 1, 1, 0, 1, 0, 1, 1, 1, 0, 0, 1, 0, 1, 1, 1, 0, 0, 1, 0, 1, 0, 0, 1, 0, 0, 0, 0, 1, 1, 1, 1, 0, 0, 0, 1, 1, 1, 0, 0, 0, 0, 0, 0, 1, 0, 0, 1, 1, 1, 1, 1, 1, 1, 1, 0, 0, 0, 1, 0, 0, 0, 1, 0, 0, 0, 1, 0, 0, 1, 0, 1, 0, 0, 0, 0, 0, 1, 1, 0, 1, 0, 1, 1, 0, 1, 1, 1, 1, 0, 0, 0, 1, 1, 1, 0, 1, 1, 1, 0, 1, 1, 1, 0, 0, 1, 1, 0, 0, 1, 0, 0, 1, 0, 0, 1, 1, 0, 0, 1, 0, 0, 1, 0, 1, 0, 0, 0, 1, 0, 1, 1, 0, 0, 1, 1, 1, 1, 0, 0, 0, 1, 1, 1, 0, 1, 1, 1, 1, 0, 0, 0, 1, 1, 0, 0, 0, 1, 0, 0, 0, 0, 1, 1, 1, 1, 1, 1, 0, 0, 0, 0, 0, 1, 1, 1, 0, 0, 0, 0, 0, 0, 1, 1, 0, 1, 1, 1, 1, 1, 1, 1, 0, 0, 1, 1, 1, 1, 0, 1, 1, 0, 0, 0, 1, 1, 0, 1, 0, 0, 0, 0, 1, 1, 0, 0, 1, 0, 1, 0, 1, 1, 1, 1, 0, 1, 0, 0, 0, 1, 0, 1, 0, 1, 0, 0, 1, 1, 0, 0, 0, 1, 1, 1, 0, 0, 0, 1, 1, 0, 1, 1, 0, 1, 1, 1, 0, 1, 0, 1, 0, 1, 0, 0, 0, 1, 1, 0, 0, 1, 1, 1, 1, 0, 1, 0, 0, 1, 1, 1, 1, 1, 0, 1, 1, 1, 0, 1, 1, 1, 1, 0, 0, 0, 1, 1, 0, 0, 1, 0, 1, 0, 1, 0, 1, 0, 1, 1, 1, 1, 1, 1, 1, 0, 0, 0, 0, 0, 1, 1, 1, 1, 0, 0, 1, 0, 1, 1, 0, 0, 0, 0, 1, 0, 1, 0, 0, 0, 0, 1, 0, 0, 1, 0, 1, 0, 0, 0, 0, 0, 0, 0, 0, 0, 1, 0, 1, 0, 1, 1, 1, 1, 0, 1, 1, 0, 1, 1, 0, 1, 1, 1, 1, 1, 0, 0, 1, 1, 1, 1, 0, 0, 1, 1, 1, 1, 0, 1, 0, 1, 0, 0, 0, 0, 1, 1, 1, 1, 1, 1, 0, 0, 1, 0, 0, 1, 1, 1, 0, 0, 0, 1, 0, 1, 0, 1, 0, 1, 0, 1, 1, 1, 1, 1, 1, 0, 0, 0, 1, 1, 1, 1, 0, 0, 0, 1, 1, 0, 0, 1, 0, 1, 0, 1, 1, 1, 1, 0, 1, 1, 1, 0, 0, 1, 1, 0, 0, 1, 1, 0, 0, 1, 1, 1, 0, 1, 0, 0, 1, 0, 0, 1, 0, 1, 1, 1, 0, 1, 0, 1, 0, 1, 1, 0, 1, 1, 0, 0, 0, 1, 0, 1, 1, 1, 1, 1, 0, 0, 1, 0, 1, 1, 1, 1, 1, 1, 0, 0, 0, 1, 1, 1, 1, 1, 0, 0, 0, 0, 1, 0, 0, 0, 0, 0, 0, 1, 1, 0, 0, 0, 1, 1, 0, 1, 1, 0, 0, 0, 1, 1, 0, 1, 1, 0, 1, 1, 1, 0, 0, 1, 1, 0, 0, 1, 0, 0, 1, 0, 1, 1, 0, 0, 1, 0, 1, 0, 0, 0, 1, 1, 0, 0, 1, 1, 0, 0, 1, 1, 1, 0, 1, 0, 0, 1, 1, 0, 0, 1, 0, 1, 0, 0, 0, 1, 1, 0, 0, 0, 0, 1, 0, 1, 0, 0, 0, 0, 0, 1, 0, 0, 1, 0, 1, 1, 1, 0, 1, 1, 1, 0, 0, 0, 0, 0, 0, 0, 1, 0, 1, 0, 1, 1, 0, 1, 0, 1, 1, 0, 1, 1, 1, 1, 1, 1, 1, 1, 1, 1, 0, 1, 0, 1, 1, 1, 1, 0, 1, 0, 1, 0, 0, 0, 0, 0, 0, 1, 0, 1, 0, 0, 0, 0, 1, 0, 1, 0, 0, 0, 1, 0, 1, 1, 0, 1, 1, 1, 1, 0, 0, 0, 1, 0, 0, 0, 1, 0, 1, 1, 1, 0, 1, 1, 0, 1, 1, 1, 0, 1, 0, 0, 1, 1, 1, 1, 0, 1, 1, 1, 1, 1, 1, 0, 0, 1, 1, 1, 0, 0, 0, 0, 1, 0, 1, 1, 1, 0, 1, 0, 1, 1, 1, 1, 1, 1, 0, 0, 0, 1, 1, 0, 1, 0, 0, 0, 0, 0, 1, 1, 1, 0, 1, 0, 0, 0, 1, 1, 1, 1, 0, 0, 0, 1, 1, 1, 1, 0, 1, 1, 0, 0, 0, 1, 1, 0, 1, 0, 0, 0, 0, 0, 1, 1, 0, 1, 1, 1, 1, 0, 1, 1, 0, 1, 0, 1, 0, 0, 0, 0, 0, 0, 0, 0, 1, 0, 1, 1, 0, 0, 1, 0, 0, 0, 0, 0, 1, 1, 0, 1, 1, 1, 1, 0, 0, 0, 0, 1, 0, 1, 0, 1, 1, 1, 0, 1, 1, 0, 0, 1, 1, 0, 0, 0, 0, 0, 1, 1, 1, 0, 1, 0, 0, 0, 1, 0, 1, 0, 1, 1, 1, 0, 1, 1, 0, 1, 0, 1, 0, 0, 1, 0, 0, 1, 1, 0, 1, 0, 0, 0, 1, 1, 0, 0, 0, 1, 1, 0, 1, 1, 1, 1, 1, 1, 1, 0, 0, 0, 1, 0, 0, 0, 1, 0, 1, 0, 1, 0, 0, 1, 0, 0, 0, 1, 1, 0, 0, 0, 1, 1, 0, 1, 1, 1, 0, 0, 0, 1, 0, 0, 0, 0, 1, 1, 0, 1, 1, 1, 0, 1, 1, 0, 1, 1, 1, 0, 0, 1, 0, 1, 1, 0, 1, 0, 0, 0, 1, 0, 1, 1, 0, 0, 0, 0, 0, 1, 0, 1, 0, 1, 0, 1, 1, 0, 0, 1, 1, 0, 0, 1, 0, 1, 1, 0, 1, 1, 0, 0, 0, 1, 0, 0, 1, 1, 0, 1, 0, 0, 0, 1, 0, 0, 1, 0, 1, 1, 1, 0, 1, 1, 0, 0, 1, 1, 1, 0, 0, 1, 1, 0, 1, 1, 0, 1, 1, 0, 1, 1, 1, 0, 1, 0, 0, 0, 0, 1, 0, 1, 1, 0, 1, 1, 0, 0, 0, 0, 1, 1, 0, 0, 1, 0, 1, 1, 1, 0, 1, 1, 0, 1, 1, 1, 1, 1, 0, 0, 0, 1, 0, 0, 1, 1, 1, 1, 0, 0, 1, 1, 0, 1, 1, 0, 0, 0, 0, 0, 0, 1, 1, 0, 1, 1, 1, 0, 0, 1, 1, 1, 1, 0, 1, 0, 1, 0, 1, 1, 0, 1, 0, 0, 1, 1, 1, 0, 0, 1, 1, 1, 1, 1, 0, 0, 0, 1, 1, 0, 1, 1, 1, 0, 0, 0, 0, 0, 1, 0, 0, 0, 1, 0, 0, 1, 0, 0, 0, 0, 0, 1, 0, 0, 0, 1, 1, 0, 0, 1, 1, 1, 1, 1, 0, 0, 0, 1, 1, 0, 0, 1, 1, 0, 0, 1, 0, 1, 0, 1, 0, 0, 1, 0, 0, 0, 0, 0, 0, 0, 0, 1, 0, 0, 1, 1, 0, 1, 1, 1, 1, 1, 0, 0, 0, 0, 0, 1, 0, 1, 0, 1, 1, 0, 0, 0, 0, 1, 0, 1, 1, 1, 0, 1, 0, 1, 1, 0, 0, 0, 1, 0, 0, 0, 0, 0, 1, 1, 1, 1, 0, 0, 0, 0, 0, 1, 0, 1, 1, 1, 0, 1, 1, 0, 0, 1, 1, 0, 1, 1, 1, 1, 1, 0, 0, 0, 0, 1, 0, 0, 0, 0, 0, 0, 0, 1, 0, 1, 0, 1, 0, 1, 1, 0, 1, 0, 0, 0, 0, 0, 0, 0, 1, 0, 1, 1, 1, 1, 0, 0, 0, 0, 1, 0, 0, 1, 1, 0, 0, 1, 0, 0, 0, 1, 0, 0, 1, 1, 0, 0, 0, 1, 0, 0, 0, 0, 0, 0, 1, 1, 0, 0, 0, 1, 1, 0, 1, 1, 0, 0, 0, 1, 0, 0, 0, 1, 1, 1, 0, 0, 0, 0, 1, 0, 1, 1, 0, 1, 1, 0, 0, 0, 0, 1, 1, 0, 0, 1, 0, 0, 1, 0, 0, 0, 0, 0, 1, 0, 0, 0, 0, 0, 1, 1, 1, 1, 1, 1, 1, 0, 0, 1, 0, 0, 1, 0, 1, 0, 0, 0, 0, 1, 0, 0, 1, 1, 0, 1, 1, 0, 1, 0, 1, 0, 0, 0, 1, 0, 1, 0, 1, 1, 0, 1, 1, 0, 1, 0, 0, 0, 1, 1, 1, 0, 1, 0, 1, 0, 0, 0, 1, 1, 0, 1, 0, 1, 1, 1, 0, 0, 1, 0, 1, 1, 1, 1, 1, 0, 1, 1, 1, 1, 0, 0, 0, 1, 1, 1, 1, 0, 0, 1, 1, 0, 0, 0, 0, 0, 1, 0, 1, 1, 0, 0, 0, 1, 0, 1, 1, 1, 0, 1, 1, 1, 1, 0, 0, 1, 1, 1, 1, 0, 0, 1, 0, 1, 0, 0, 0, 1, 0, 1, 0, 0, 0, 0, 0, 1, 0, 0, 0, 1, 0, 0, 0, 0, 0, 0, 1, 1, 1, 1, 1, 0, 0, 0, 1, 0, 1, 1, 1, 0, 1, 1, 0, 0, 0, 1, 1, 0, 1, 0, 0, 0, 0, 1, 0, 1, 1, 1, 1, 0, 0, 1, 1, 0, 1, 0, 0, 0, 0, 0, 0, 1, 1, 1, 0, 1, 0, 1, 1, 1, 0, 1, 1, 1, 1, 1, 1, 0, 0, 0, 1, 0, 0, 1, 1, 1, 1, 0, 1, 0, 0, 0, 1, 1, 0, 0, 0, 1, 1, 0, 1, 0, 1, 0, 1, 0, 1, 1, 1, 0, 1, 0, 1, 0, 0, 1, 0, 1, 1, 1, 0, 1, 1, 1, 0, 0, 1, 1, 0, 1, 1, 1, 1, 0, 0, 1, 0, 1, 1, 0, 1, 0, 0, 1, 0, 0, 0, 1, 1, 0, 1, 1, 1, 1, 0, 1, 1, 0, 1, 0, 0, 0, 0, 0, 0, 1, 1, 1, 1, 1, 1, 1, 0, 0, 0, 0, 1, 1, 0, 1, 0, 0, 0, 0, 0, 1, 0, 0, 0, 1, 1, 0, 0, 1, 0, 1, 0, 0, 0, 1, 0, 0, 1, 0, 0, 1, 0, 0, 1, 1, 1, 0, 1, 1, 1, 0, 0, 1, 0, 1, 1, 1, 1, 0, 0, 0, 0, 0, 0, 0, 0, 1, 0, 0, 0, 1, 1, 1, 1, 1, 1, 1, 0, 1, 0, 1, 1, 1, 0, 1, 1, 1, 1, 0, 0, 1, 1, 0, 1, 1, 0, 0, 1, 1, 0, 1, 0, 0, 0, 1, 0, 1, 1, 1, 1, 1, 0, 0, 0, 1, 0, 1, 1, 1, 1, 1, 0, 0, 0, 1, 1, 0, 0, 0, 0, 1, 0, 0, 1, 1]