#/home/brian/Documents/summer17/Python/VEC/scripts/make_SBM_graphs.py
# GMT Thu Jul 27 21:51:46 2017
# 
0 1009
1
2 306 199
3 398
4 349 903
5 1061
6
7
8 1148
9 947 1516
10 1355 1988
11
12
13 1789
14 472 126 751
15
16
17
18 250 196 1850
19
20 1888 1498 1790
21
22 42 883
23 259
24
25
26 1496
27
28 438
29 1300
30 1808 1579 671 501 1831
31 488 1193 1911
32 1034 1077
33 1169 1770 1031
34
35 1273 1499
36 434 1012
37 546
38
39 704
40 1843
41
42 1594 453 1893
43 634
44 1728 115 253 1094
45
46
47 731
48
49
50
51
52 568 327
53 1345
54 1710
55 1570
56
57 590
58 976 141
59
60
61
62 735 1982 1543
63
64 1467 1420 1237
65 1968 889 931
66 1669
67 700
68
69
70 1089 210
71 1787
72 872 1577 754 613
73 335
74 305 447
75 1905
76
77 457 1193
78 361
79 540
80
81 744 946 1603
82 1904
83
84 992 956 1149 1071
85 913
86 170
87 1697 1570 1174
88
89 1876
90 1291
91 557
92 813 942
93 454
94 1621
95
96 552
97 208 555
98 818
99
100 1863
101 1187 1723
102 399
103 1498
104 1942
105
106 1184 915 1012
107 915 495
108 488 775
109
110 1806
111
112 513 1917 413
113 608
114 1672 153
115 427 1491
116 956
117
118
119 1561 1210
120 739 1309
121 1508
122 456 1698
123 1263
124 949
125 1493
126 1488 1262
127
128 1048 1318
129
130 1032 1699 429
131 658
132
133 1439
134 1407
135 1977
136 1735
137 1355
138 1463
139
140 1941 1694 1365
141
142
143
144
145 1197
146 1935
147 952 1986 1191
148
149 1606 406
150
151
152
153
154 1724 308 430
155
156
157 800
158
159 792
160
161 191
162
163 702 446
164 321 1679
165
166
167
168 1757
169 694
170
171 711
172
173 246 1743
174 1820
175 1498
176
177 1183
178 811
179 1276
180 1088 1704
181
182
183
184
185 683 1931 1101
186
187
188 1091 517
189
190 1227 350
191
192
193 274 1482
194
195
196
197 896 1193 719 509 1373
198 1488 1473 1442
199 1592 604 234
200 1558
201
202 1093
203 1237
204 608 826 1555 894 1303
205 1599
206
207
208 643
209 1448 1657
210
211 380
212
213 988
214 263
215 1776 859
216 356
217 680 1997 670
218
219 1096 1105
220 675
221 674
222
223
224 1108
225
226 1514 340 1151
227 1013
228 1995 1932
229
230
231 1851 757 415
232 1466
233 736 1696
234
235
236
237 1339
238
239 1963
240 464 1055
241 1856 986
242 642
243
244
245
246 568 1633
247
248 353
249 1486
250 1223 1135
251
252
253
254 1545 636 1766
255 1089 1588
256 1757
257 950
258 1186
259 1441
260
261 423
262 593 699 1788
263 1076
264 1288 934 999
265
266 328
267 1620
268
269
270 943
271 1555 1516
272
273 389
274 489
275 976 748
276
277 1236 917
278 1579 415
279
280 704 1255
281 1922
282 1507 1189
283
284 675 1660
285 1269
286 464 1009 1916
287 898 1013
288 1471
289 757
290 1771
291 952 1690
292
293 1689 1714 963 1597
294
295 1440 865 1833
296
297 1157
298 1678 479
299 1875
300 1049 1167
301
302 1723
303 1705
304 1235 1886
305 571 1895
306
307 1061
308
309
310 1725 1606
311 1874 1586 949
312 990 495
313 1571 1323 534 1863
314 609 1692
315
316
317
318
319 1011
320
321
322 515
323 1948
324 434
325
326 1696 899
327 952 1868
328 1609 425
329 651 708
330 379
331 1147 500
332
333 1465
334 665 1285
335
336
337 472 1211 1255
338 760 737 1004
339
340 1256 1210
341
342
343
344 692
345 972
346 531
347 430
348 970
349
350
351 1787 1476
352 1852
353 1194
354 1677
355
356
357 718
358 973
359
360 1977
361
362
363 1408
364
365 1051
366
367 664 1061
368 1896 689
369 611 1083
370
371
372
373 516 1093 695
374 1204 1943
375 1210 758
376 561 1330 1287
377 1482 614 719
378
379 973 1150
380
381
382 578
383 828
384 745 1659
385
386
387
388 394
389
390
391 1232 665
392 1624
393 400 898 1621
394 1676
395
396 1091 1203
397
398 425
399 1168
400 1792 906 924
401 1634
402 1153
403 897
404 572 607
405 489
406 1472
407 965
408
409
410
411
412 755
413 927
414
415 1690
416
417 475
418 897 1159
419
420 1000 1155 1596
421 1820
422 507
423
424 1486
425 1589
426 953 515
427
428 778 1005
429 699
430 1924
431 1812
432 1733
433
434
435 1230 1070 1719
436
437
438
439 813
440 946
441 1798
442 1793 1598
443
444
445 980
446 1564 757
447 1136
448 1112
449
450 539
451
452
453
454
455
456 1472
457 623
458 463
459 1095
460 1328
461
462
463 688
464 1258
465
466
467
468
469
470 820
471 924
472 1284
473 1201
474
475
476
477 1146
478 923 1774
479 1208 1883
480
481
482 611
483
484
485 1979
486
487 651
488
489 1806
490
491 1338 1039
492 957
493
494 780
495 1683
496 1574
497 528
498 1491 901
499
500 1365
501 1423
502
503 782
504 680 1388 1917
505
506 916 1043 1148 525
507 1466 1090
508 772
509
510
511 1796
512 1673 1573
513
514
515 812 702
516 1325
517
518 778
519 1430
520 609 1198
521
522 1482
523 1627
524 706 1915
525 1890 1205
526
527
528 775
529
530
531
532
533 1745
534 1656 1395
535 1966
536
537
538 577
539 1514 663
540 1089
541
542 1594
543 988
544
545 1323
546 1193
547 1626
548
549 1291
550 1417
551
552
553 1834
554 940
555 1429
556 1770
557
558
559 642 1319
560
561 793
562
563
564 1246
565 994
566 609 1082
567
568 970
569
570 1897
571
572
573 1281 1726 1279
574
575 1801 743
576
577 692 1789
578
579 1070
580 1328
581
582
583 891
584 637
585
586 1431
587 1668
588 1136 1041 1492
589
590
591 1497 1868
592
593 1249 850
594
595
596
597
598 910
599 1971
600 1014
601 1357 927
602
603
604 1418 1925
605 1488
606 1362
607
608 1226
609 940
610
611
612 1266 1191
613 1296 635 1253
614
615
616
617
618 1684 1317
619 1795
620
621 1857 1438
622
623
624 1083 1283
625 1112
626
627
628 806
629 1217
630
631
632 1809 697
633 1146
634
635
636
637 683
638
639
640
641 791
642
643
644
645 1593 1778 1765
646
647
648 1075
649 1465
650 811
651 1626
652 798
653 956 1045
654 1592
655 1852
656
657
658 1709
659 1458
660
661 910
662
663 1481
664
665 916
666 888 1705 1825 857
667 933
668 1002 1149 1373 1439
669 1402
670 1460
671
672 1050
673
674
675 766
676 1850 958
677 1577 942
678
679 1789
680
681
682
683 1866 1634
684 1885
685 1442 1933
686 993
687 1912 1259
688
689 1735
690 1975
691
692
693 1265 1348
694
695
696
697 1222 1119
698 1833 1038
699
700 1334
701 1488
702 886
703
704 1905 765
705
706
707
708
709 1756
710
711 1814
712 1067 987 1174
713
714
715 1456 1479
716
717 1586 1167
718
719 1828
720
721 1789
722
723 1379
724 1382
725
726 1779
727
728 918
729
730 1402
731 1700 1718
732 765
733
734 1889 876 743
735 1394
736
737 856 1292
738 745
739
740 1174
741 944
742
743 928 1417
744
745
746 1865 1334
747 1454
748
749 1664 1117
750 1981
751
752
753 1186 1588
754
755 1968 1855
756 1051
757 1544 1196
758 1687
759
760 1297
761 1404
762
763 1997
764
765 1628
766
767 1054
768 956
769
770
771
772 1328
773 1498 918
774
775 1239
776
777
778 1522
779 1473 866
780 1171 1607
781
782
783 1788
784
785
786
787
788 1796
789 1373
790 1400
791
792
793 1715
794
795 1252 1558
796 1968
797 977 953
798
799
800 1175
801 1776
802 1448 1979 1227
803 1176 1594
804
805 1763
806 1991
807 1897 1270
808
809
810 1025 1226
811
812 1688 1897
813
814
815 1838
816 1028
817
818
819 1878
820 1133
821 1049
822
823 1384
824 1389
825
826
827
828
829 1489
830
831 1129 1385
832
833 1438
834 1737 1358
835 1633 1029
836 1335
837
838
839 1522 1419 1947
840
841 1517
842
843
844 1354 923
845
846 1665 1116 1597 1262
847
848 1518
849
850
851
852
853
854 1717
855
856
857 1929
858 1642 1530 1375
859 938 1060
860
861 1956
862
863
864
865 1023
866
867 1985 1731
868 1624 1227
869 1295
870 1708 1701
871 1304 1390
872
873
874
875 1893
876
877 1644
878 1544
879 1604
880 984
881 1437 925
882
883
884
885 1676
886 1052
887
888
889
890
891 1543
892
893
894 1292
895
896 1821
897
898 1758 910
899
900 1153 1068 1149
901 1326
902
903
904
905
906
907
908
909
910
911 1971
912
913 1380
914 1459
915 1755
916
917 1247
918
919 1604
920
921 1646
922 1454
923
924
925 1599
926
927 1992
928 968
929 1437
930 1791
931 1282 1483 1372
932
933 1565
934
935 1171
936
937 1321
938
939 1023
940 1273
941
942 1076
943 1640
944 1651 1837
945 1628
946 1675
947 1584 1345 993
948
949 1857
950 1930
951 1848
952
953
954 1148
955 1419 1612
956
957
958 1565
959
960
961 1916
962 983
963 1784
964
965 1395
966
967 1639
968 994
969
970
971 1893
972
973 1649
974
975 1085
976
977
978
979 1883
980 1594
981
982
983 1744
984
985 1448
986
987
988
989
990
991
992 1118
993 1664
994 1508 1206
995 1227
996
997
998
999 1171
1000
1001
1002
1003
1004 1950
1005
1006 1264
1007
1008 1561 1697 1271
1009
1010
1011
1012 1890
1013 1172
1014
1015
1016
1017
1018 1976
1019
1020
1021 1641 1830
1022
1023 1895
1024
1025 1144
1026
1027
1028
1029
1030 1601 1263
1031
1032 1094
1033
1034
1035
1036
1037
1038
1039 1090
1040
1041 1224
1042 1053
1043
1044 1054
1045 1880 1651
1046
1047 1469
1048
1049
1050
1051 1150 1630
1052 1846 1815
1053 1960
1054
1055
1056
1057 1571
1058 1315
1059 1127
1060
1061 1186 1750 1694
1062 1669
1063 1241
1064
1065 1067
1066 1578
1067
1068
1069 1949
1070
1071
1072
1073
1074
1075 1859
1076
1077 1501 1383
1078
1079
1080 1278 1670
1081 1521
1082 1683 1486
1083
1084 1339
1085
1086 1856 1953
1087
1088 1245
1089
1090
1091
1092
1093
1094
1095
1096
1097
1098
1099 1895 1703
1100 1111
1101 1442
1102
1103
1104
1105 1907 1167
1106 1494
1107 1329
1108 1596
1109 1528 1561 1747 1790
1110 1869 1415
1111
1112
1113
1114
1115
1116
1117
1118
1119 1857
1120 1553
1121
1122
1123 1586 1995 1180
1124
1125
1126
1127 1494
1128
1129
1130 1857 1715
1131 1744
1132
1133
1134 1313
1135
1136
1137 1371 1606
1138
1139
1140 1851
1141 1401 1911
1142 1248 1154
1143 1384
1144
1145 1465
1146 1741
1147
1148
1149
1150
1151 1317 1423
1152
1153 1756 1326
1154 1663
1155
1156 1519
1157 1385 1427
1158
1159
1160 1982
1161
1162 1185
1163
1164
1165 1501
1166
1167 1992 1588
1168
1169
1170
1171 1229 1557 1306
1172
1173
1174
1175
1176 1412
1177
1178
1179
1180
1181
1182 1584 1185
1183
1184
1185
1186
1187 1209
1188 1478
1189 1899 1231
1190 1191
1191
1192
1193
1194
1195
1196 1343
1197
1198 1907 1228
1199
1200 1724
1201 1572 1597
1202 1869
1203 1986 1275
1204 1834
1205
1206
1207 1859
1208 1873
1209
1210
1211 1502
1212 1614
1213
1214
1215
1216
1217
1218 1708
1219 1735
1220 1783
1221 1790
1222 1543
1223 1312
1224
1225 1888 1633
1226
1227
1228
1229
1230 1658
1231
1232 1710
1233
1234 1438
1235 1949
1236
1237
1238
1239 1777 1591
1240
1241 1355
1242
1243
1244
1245 1681 1314
1246 1508
1247
1248 1529
1249 1746
1250
1251
1252 1804
1253
1254 1783
1255 1823 1505
1256 1714
1257
1258
1259
1260 1574
1261
1262 1352 1650
1263 1460
1264
1265 1714
1266
1267 1873
1268
1269
1270
1271
1272
1273 1668 1750
1274
1275 1720
1276
1277
1278 1679
1279 1919
1280
1281
1282 1775
1283
1284
1285
1286
1287 1407
1288
1289
1290 1791
1291 1682
1292 1978 1575
1293
1294
1295 1890 1893
1296 1925
1297
1298
1299
1300
1301 1448 1457
1302
1303 1784
1304
1305 1612
1306 1664
1307
1308
1309
1310
1311
1312 1554
1313 1345 1698
1314
1315
1316
1317
1318
1319
1320 1345
1321 1880
1322 1883
1323 1356
1324
1325
1326 1891
1327
1328 1912
1329
1330
1331 1850
1332
1333
1334
1335
1336
1337
1338
1339 1731
1340
1341 1855
1342 1705 1681
1343 1418
1344
1345
1346
1347
1348
1349
1350
1351
1352
1353
1354
1355
1356
1357
1358
1359 1964
1360
1361 1609
1362
1363 1745
1364
1365
1366
1367
1368 1885
1369 1503
1370
1371
1372 1881
1373
1374 1883
1375 1652
1376
1377
1378
1379
1380 1990
1381
1382
1383
1384
1385
1386
1387
1388 1991 1983
1389
1390
1391
1392
1393
1394 1975
1395
1396
1397 1652
1398 1441
1399
1400
1401
1402 1998
1403
1404
1405
1406 1996
1407 1640 1635
1408 1916
1409
1410
1411
1412
1413
1414
1415
1416
1417 1829
1418
1419
1420 1666 1722 1598
1421
1422
1423
1424
1425 1476
1426
1427
1428
1429 1977 1721
1430 1700
1431 1450
1432
1433 1593 1513
1434
1435
1436 1627
1437
1438
1439
1440
1441
1442 1658 1907
1443
1444
1445
1446
1447
1448
1449
1450
1451 1636 1797
1452
1453
1454 1603
1455
1456
1457
1458
1459
1460
1461
1462 1864 1468
1463
1464
1465
1466
1467 1894
1468
1469
1470
1471
1472
1473 1728 1651
1474
1475
1476
1477
1478
1479
1480
1481
1482
1483 1904
1484
1485
1486
1487
1488 1624
1489
1490
1491
1492
1493
1494
1495
1496
1497
1498
1499
1500
1501
1502 1642
1503 1923
1504 1645
1505
1506
1507
1508
1509
1510
1511
1512 1550
1513 1837
1514
1515
1516
1517 1596
1518 1785
1519
1520
1521 1611
1522
1523 1952
1524
1525
1526 1945
1527
1528 1815
1529
1530
1531 1939
1532
1533
1534
1535
1536
1537
1538
1539
1540
1541
1542
1543 1619
1544
1545
1546
1547
1548
1549
1550 1932
1551 1845
1552
1553
1554
1555
1556
1557
1558 1761 1813
1559 1568
1560
1561
1562
1563 1958 1975
1564
1565 1580
1566
1567
1568 1736
1569 1632
1570
1571
1572
1573
1574
1575
1576
1577
1578
1579
1580
1581
1582
1583
1584
1585
1586 1661
1587 1629 1877
1588
1589 1933
1590
1591 1630
1592
1593
1594
1595
1596
1597
1598
1599 1802
1600
1601
1602
1603
1604
1605
1606 1847
1607
1608
1609
1610
1611
1612
1613
1614
1615 1921
1616
1617
1618 1694
1619
1620
1621
1622
1623
1624
1625
1626
1627 1791
1628
1629
1630
1631 1793
1632
1633
1634
1635
1636
1637
1638 1775
1639
1640
1641
1642 1732
1643
1644
1645
1646 1680
1647 1848
1648
1649
1650
1651 1988
1652
1653
1654
1655 1839
1656 1852
1657
1658
1659
1660 1908
1661
1662
1663 1734
1664
1665
1666 1928 1946 1715 1963
1667
1668
1669
1670
1671 1721
1672 1759
1673 1834
1674
1675
1676
1677
1678
1679
1680
1681 1886
1682 1934
1683
1684
1685
1686
1687
1688
1689
1690
1691 1711
1692
1693
1694
1695
1696 1718
1697 1968
1698
1699
1700
1701
1702 1768
1703
1704
1705
1706
1707 1928
1708
1709
1710 1781
1711
1712
1713
1714 1937
1715
1716
1717 1766
1718
1719
1720
1721
1722
1723
1724
1725
1726
1727
1728
1729
1730
1731
1732
1733
1734
1735
1736
1737
1738 1967
1739
1740
1741
1742
1743 1777
1744
1745 1750
1746
1747
1748
1749
1750
1751
1752
1753
1754
1755
1756
1757
1758
1759
1760
1761
1762
1763
1764
1765
1766
1767
1768
1769
1770
1771
1772
1773
1774
1775
1776
1777 1826
1778
1779
1780
1781
1782 1928
1783
1784
1785
1786
1787
1788
1789 1852
1790 1947
1791
1792
1793
1794
1795
1796
1797 1964
1798
1799
1800
1801
1802
1803
1804
1805
1806
1807
1808
1809
1810
1811 1831
1812
1813
1814
1815
1816
1817
1818
1819
1820
1821
1822
1823
1824
1825
1826
1827
1828
1829
1830
1831
1832
1833
1834
1835
1836
1837
1838
1839
1840
1841 1971
1842
1843
1844
1845
1846
1847
1848
1849
1850
1851
1852 1913
1853
1854
1855
1856
1857
1858
1859
1860
1861
1862
1863
1864
1865
1866 1876
1867
1868
1869
1870
1871
1872 1938
1873
1874
1875
1876
1877
1878
1879
1880
1881
1882
1883
1884
1885
1886
1887
1888
1889
1890
1891
1892
1893
1894
1895
1896
1897
1898
1899
1900
1901
1902
1903
1904
1905
1906
1907
1908
1909
1910
1911 1988
1912
1913
1914
1915
1916
1917
1918 1983
1919
1920
1921
1922
1923
1924
1925
1926
1927
1928
1929
1930
1931
1932
1933
1934
1935
1936
1937
1938
1939
1940
1941 1961
1942
1943
1944
1945
1946
1947
1948
1949
1950
1951
1952
1953
1954
1955
1956
1957
1958
1959
1960
1961
1962
1963
1964
1965
1966
1967
1968
1969
1970
1971
1972
1973
1974
1975
1976
1977
1978
1979
1980
1981
1982
1983
1984
1985
1986
1987
1988
1989
1990
1991
1992
1993
1994
1995
1996
1997
1998
1999
[1, 1, 0, 1, 1, 1, 0, 1, 1, 0, 1, 0, 1, 0, 0, 0, 1, 0, 1, 1, 0, 1, 0, 0, 0, 1, 0, 0, 0, 0, 0, 1, 1, 0, 0, 0, 1, 1, 1, 0, 1, 0, 0, 0, 1, 1, 1, 0, 0, 0, 1, 0, 1, 1, 1, 1, 1, 1, 0, 1, 1, 0, 0, 0, 0, 1, 0, 1, 0, 0, 1, 0, 0, 0, 0, 0, 1, 1, 0, 1, 0, 0, 1, 0, 0, 1, 1, 1, 1, 0, 1, 1, 0, 0, 1, 1, 1, 0, 1, 0, 1, 1, 0, 0, 1, 1, 1, 1, 1, 1, 1, 1, 1, 0, 0, 1, 0, 1, 0, 0, 1, 1, 0, 1, 0, 1, 0, 1, 1, 1, 1, 1, 0, 1, 1, 0, 1, 1, 0, 0, 1, 0, 0, 1, 1, 1, 1, 1, 1, 0, 0, 0, 0, 0, 0, 0, 1, 1, 1, 0, 1, 1, 1, 0, 1, 0, 1, 1, 1, 1, 1, 1, 1, 1, 1, 0, 0, 1, 1, 1, 1, 1, 1, 1, 1, 1, 1, 1, 1, 0, 1, 1, 0, 1, 0, 0, 1, 1, 0, 0, 0, 1, 0, 0, 0, 1, 1, 1, 1, 1, 0, 0, 1, 0, 1, 0, 0, 0, 1, 0, 0, 1, 1, 0, 0, 1, 0, 0, 1, 1, 0, 0, 0, 0, 0, 0, 0, 0, 0, 0, 1, 0, 1, 1, 0, 0, 1, 1, 1, 1, 1, 1, 0, 1, 1, 1, 1, 1, 1, 1, 1, 1, 0, 0, 1, 0, 0, 0, 1, 1, 1, 0, 1, 1, 1, 0, 1, 1, 0, 0, 0, 0, 1, 1, 0, 0, 1, 1, 0, 0, 0, 0, 0, 0, 1, 1, 1, 1, 0, 0, 0, 1, 1, 0, 1, 1, 0, 1, 0, 1, 1, 0, 1, 1, 0, 0, 0, 0, 1, 1, 0, 1, 0, 0, 1, 0, 0, 1, 1, 1, 1, 1, 1, 0, 1, 0, 0, 0, 1, 0, 0, 1, 0, 0, 0, 1, 0, 0, 1, 1, 1, 0, 0, 1, 0, 0, 1, 1, 0, 1, 0, 0, 1, 1, 0, 1, 1, 1, 1, 0, 0, 1, 0, 0, 0, 0, 0, 1, 0, 1, 0, 1, 0, 1, 0, 0, 1, 1, 0, 1, 1, 1, 0, 1, 0, 0, 1, 0, 1, 0, 0, 1, 1, 1, 0, 1, 0, 0, 0, 1, 0, 1, 1, 1, 0, 0, 1, 0, 0, 1, 1, 1, 1, 1, 1, 1, 0, 0, 0, 1, 0, 0, 0, 0, 1, 1, 1, 1, 0, 0, 0, 1, 0, 0, 1, 0, 0, 0, 0, 1, 1, 1, 1, 0, 0, 0, 0, 1, 1, 1, 1, 0, 0, 1, 1, 0, 1, 0, 1, 0, 1, 0, 0, 0, 1, 1, 0, 0, 1, 0, 1, 0, 0, 0, 0, 0, 0, 1, 1, 1, 1, 0, 0, 0, 1, 1, 1, 1, 1, 1, 1, 0, 0, 0, 1, 0, 1, 0, 1, 1, 0, 0, 1, 1, 0, 0, 0, 1, 0, 1, 0, 0, 1, 1, 0, 1, 1, 0, 1, 1, 1, 1, 0, 0, 0, 0, 0, 1, 0, 1, 1, 0, 1, 0, 0, 1, 1, 1, 1, 1, 1, 1, 1, 1, 0, 0, 0, 1, 0, 1, 0, 0, 1, 0, 1, 1, 0, 1, 1, 0, 0, 1, 0, 1, 0, 1, 0, 0, 0, 1, 1, 0, 1, 0, 0, 1, 0, 0, 0, 0, 1, 1, 0, 0, 1, 0, 1, 1, 1, 0, 0, 1, 0, 0, 0, 0, 0, 1, 0, 0, 1, 0, 1, 0, 1, 0, 0, 0, 0, 1, 1, 0, 0, 1, 0, 1, 0, 1, 1, 1, 0, 1, 0, 0, 0, 0, 1, 1, 1, 0, 0, 1, 1, 1, 0, 0, 0, 0, 0, 0, 1, 1, 0, 0, 0, 0, 1, 1, 1, 0, 1, 1, 1, 1, 1, 1, 0, 1, 1, 1, 0, 0, 1, 0, 1, 0, 1, 0, 0, 0, 0, 0, 0, 1, 1, 0, 0, 1, 1, 1, 0, 0, 0, 1, 1, 0, 0, 0, 1, 1, 1, 0, 0, 1, 0, 1, 0, 0, 1, 1, 0, 0, 1, 0, 0, 0, 1, 0, 1, 1, 1, 0, 0, 0, 0, 0, 1, 1, 0, 0, 1, 0, 0, 0, 1, 0, 0, 1, 1, 1, 1, 1, 0, 1, 0, 1, 1, 0, 0, 0, 1, 0, 1, 1, 0, 1, 1, 0, 0, 0, 1, 0, 1, 0, 0, 0, 0, 1, 0, 0, 0, 1, 1, 0, 1, 1, 0, 1, 0, 1, 1, 0, 0, 0, 0, 1, 0, 1, 0, 1, 0, 1, 0, 0, 1, 0, 1, 0, 0, 0, 1, 0, 1, 0, 0, 1, 1, 0, 0, 0, 0, 1, 0, 0, 1, 1, 1, 0, 1, 0, 1, 1, 0, 0, 0, 0, 0, 1, 1, 1, 1, 0, 1, 0, 1, 0, 1, 1, 1, 0, 1, 0, 0, 1, 1, 0, 0, 0, 1, 0, 0, 1, 1, 1, 1, 0, 1, 0, 0, 0, 0, 1, 0, 0, 1, 1, 1, 0, 0, 1, 1, 1, 1, 0, 0, 0, 1, 1, 0, 1, 0, 1, 1, 1, 0, 1, 0, 1, 0, 1, 1, 0, 0, 1, 0, 1, 1, 0, 1, 0, 1, 1, 0, 1, 0, 0, 0, 0, 0, 1, 1, 0, 0, 1, 0, 1, 1, 1, 0, 1, 0, 1, 0, 1, 0, 1, 0, 1, 1, 0, 0, 1, 0, 1, 0, 1, 1, 0, 0, 1, 0, 1, 0, 1, 1, 0, 0, 0, 1, 0, 1, 1, 0, 0, 1, 0, 0, 0, 1, 1, 1, 1, 0, 0, 0, 0, 0, 1, 1, 0, 1, 0, 1, 0, 1, 0, 0, 0, 0, 1, 0, 1, 1, 1, 0, 1, 0, 1, 0, 1, 1, 1, 0, 0, 1, 0, 1, 1, 1, 1, 1, 1, 1, 0, 1, 0, 0, 0, 0, 1, 1, 1, 0, 1, 0, 1, 1, 0, 0, 1, 0, 0, 0, 1, 0, 0, 1, 0, 1, 0, 0, 0, 1, 1, 1, 0, 1, 1, 1, 0, 0, 0, 0, 1, 0, 0, 0, 0, 0, 0, 1, 1, 0, 0, 0, 1, 1, 1, 1, 0, 0, 1, 0, 1, 1, 1, 1, 1, 1, 1, 1, 0, 1, 0, 0, 0, 0, 1, 0, 0, 0, 0, 0, 0, 0, 0, 1, 0, 0, 1, 0, 1, 0, 0, 1, 1, 0, 1, 1, 1, 0, 0, 1, 1, 1, 0, 0, 1, 0, 0, 0, 0, 1, 1, 1, 1, 0, 0, 0, 0, 1, 0, 1, 0, 0, 1, 0, 0, 1, 0, 0, 1, 1, 1, 1, 1, 0, 1, 0, 0, 1, 1, 0, 1, 1, 0, 0, 0, 1, 1, 1, 0, 1, 1, 0, 0, 1, 0, 0, 1, 0, 1, 1, 0, 0, 1, 0, 0, 1, 0, 1, 1, 1, 1, 1, 1, 0, 1, 1, 1, 0, 0, 0, 1, 1, 1, 1, 1, 0, 1, 1, 1, 0, 1, 0, 1, 0, 1, 0, 0, 0, 0, 0, 1, 1, 1, 1, 0, 0, 1, 0, 0, 1, 0, 0, 0, 1, 1, 0, 1, 0, 0, 0, 1, 0, 0, 0, 1, 0, 1, 1, 1, 1, 0, 0, 1, 1, 0, 1, 1, 1, 1, 0, 1, 1, 0, 1, 1, 1, 1, 1, 1, 0, 0, 0, 0, 0, 1, 1, 0, 1, 0, 0, 0, 0, 1, 0, 0, 1, 1, 0, 0, 0, 0, 1, 1, 1, 0, 0, 1, 1, 1, 1, 0, 0, 1, 1, 0, 1, 0, 1, 1, 1, 1, 1, 0, 0, 1, 0, 1, 0, 1, 1, 0, 0, 0, 0, 0, 1, 1, 1, 1, 1, 0, 1, 1, 1, 0, 0, 1, 0, 0, 0, 1, 1, 0, 1, 0, 1, 1, 0, 1, 0, 0, 1, 1, 1, 1, 0, 0, 1, 1, 0, 0, 0, 0, 1, 1, 1, 1, 0, 1, 0, 1, 1, 1, 1, 1, 1, 0, 0, 0, 0, 0, 0, 1, 0, 1, 0, 0, 1, 1, 1, 1, 0, 0, 1, 0, 0, 0, 1, 1, 0, 1, 1, 0, 1, 0, 1, 0, 1, 1, 0, 1, 0, 0, 1, 1, 1, 0, 0, 1, 1, 1, 0, 1, 0, 1, 1, 1, 0, 0, 0, 0, 0, 0, 1, 1, 0, 0, 0, 0, 1, 0, 1, 0, 1, 0, 0, 0, 0, 0, 1, 1, 1, 0, 1, 0, 0, 1, 1, 1, 0, 0, 1, 0, 0, 0, 1, 1, 0, 0, 1, 1, 0, 1, 0, 1, 0, 0, 0, 1, 0, 0, 1, 0, 0, 0, 0, 0, 1, 0, 0, 1, 1, 1, 0, 0, 0, 0, 0, 1, 1, 1, 0, 0, 1, 0, 0, 1, 1, 1, 0, 1, 0, 0, 1, 1, 0, 0, 0, 1, 0, 0, 1, 0, 1, 0, 1, 0, 0, 0, 0, 1, 0, 0, 0, 0, 1, 1, 0, 0, 0, 1, 1, 1, 0, 1, 0, 1, 0, 0, 0, 1, 1, 1, 0, 1, 0, 0, 0, 1, 0, 0, 0, 1, 1, 1, 1, 0, 0, 0, 1, 1, 1, 0, 0, 1, 0, 1, 0, 0, 1, 0, 1, 1, 0, 1, 1, 1, 1, 1, 0, 1, 1, 1, 0, 0, 0, 0, 1, 0, 0, 0, 0, 1, 0, 0, 1, 0, 0, 1, 0, 0, 0, 0, 0, 0, 0, 1, 0, 0, 0, 0, 1, 0, 1, 1, 1, 0, 0, 0, 0, 0, 1, 1, 0, 1, 1, 0, 0, 1, 1, 0, 0, 0, 1, 1, 0, 0, 1, 0, 1, 0, 1, 1, 0, 1, 1, 1, 1, 0, 0, 0, 1, 1, 1, 1, 0, 0, 0, 1, 1, 1, 1, 0, 0, 1, 1, 0, 0, 0, 1, 0, 0, 0, 0, 1, 0, 0, 0, 0, 1, 1, 0, 1, 0, 0, 0, 1, 1, 0, 1, 1, 0, 0, 0, 0, 0, 1, 0, 0, 1, 1, 1, 0, 0, 1, 0, 1, 0, 0, 1, 1, 1, 0, 0, 0, 0, 1, 1, 0, 0, 0, 0, 0, 1, 1, 0, 1, 1, 0, 0, 1, 0, 1, 1, 0, 1, 0, 1, 0, 0, 0, 0, 1, 1, 1, 1, 1, 0, 0, 0, 1, 1, 0, 1, 0, 1, 1, 0, 0, 1, 1, 0, 1, 1, 1, 1, 1, 0, 0, 1, 1, 0, 0, 1, 1, 1, 0, 0, 0, 0, 0, 1, 1, 0, 1, 0, 1, 0, 1, 0, 0, 0, 0, 0, 0, 0, 0, 0, 1, 0, 0, 1, 1, 0, 0, 1, 0, 1, 1, 1, 1, 0, 0, 1, 0, 0, 0, 1, 0, 0, 0, 0, 0, 0, 1, 1, 1, 1, 1, 1, 0, 0, 0, 1, 0, 1, 1, 0, 0, 1, 1, 1, 0, 1, 1, 1, 0, 1, 0, 0, 1, 1, 0, 0, 1, 1, 0, 1, 1, 0, 1, 0, 1, 1, 0, 0, 0, 0, 0, 0, 1, 0, 1, 0, 0, 1, 0, 0, 0, 0, 0, 0, 0, 0, 0, 0, 0, 0, 1, 1, 0, 0, 1, 1, 0, 0, 0, 0, 1, 0, 0, 0, 1, 0, 0, 0, 1, 1, 0, 0, 0, 1, 0, 1, 0, 0, 1, 1, 1, 1, 0, 0, 0, 1, 1, 1, 0, 0, 1, 0, 0, 0, 0, 1, 0, 0, 0, 1, 1, 1, 0, 1, 1, 1, 0, 0, 0, 0, 1, 1, 0, 0, 0, 0, 0, 0, 1, 1, 1, 1, 1, 1, 0, 1, 0, 0, 1, 0, 1, 1, 0, 1, 1, 0, 1, 1, 1, 1, 0, 1, 1, 0, 0, 0, 0, 1, 1, 0, 1, 0, 1, 1, 0, 1, 0, 1, 1, 0, 1, 0, 0, 1, 0, 1, 0, 1, 0]