#/home/brian/Documents/summer17/Python/VEC/scripts/make_SBM_graphs.py
# GMT Thu Jul 27 21:51:47 2017
# 
0 112 161
1 2
2 157 63
3 44
4
5 24
6
7 136 10
8
9 138
10
11
12
13 47 111
14
15
16 123 149
17 153 169 115 20 191
18 150
19 148 95
20 91 103 39
21 57 66 159
22 96 137 126
23 60 191
24 89 34
25 167
26 65 196
27 113 66 139 180 119
28 41 109 134
29 141 55
30 172 45 198
31 48 196
32 47 100 63
33
34 107
35
36 161 94
37
38 57 87 103
39 192
40
41
42 175 134 87
43
44 70 48 131 181 94
45 48
46 187
47
48 99 70 134 110
49 74
50
51
52
53 111
54
55 150
56 73 118
57 162 84
58
59 153 119
60 123 196
61
62
63 157 118
64
65
66 162 198
67
68
69 98 78
70
71 135
72
73 140
74 197
75 154
76
77 92
78 164
79
80 151
81 137 139
82
83
84 144 172 166
85 144
86 192 188
87 160 89 145
88 107
89
90
91
92 129
93
94
95
96
97 181
98
99 198
100
101 124 166
102
103
104
105 193
106 132
107 191
108
109 174
110
111 137 119
112 144
113
114
115 131
116
117
118 195
119
120
121
122 138
123
124
125
126
127
128
129 196 147
130
131 163
132 197
133 179
134
135 138
136 176
137 198
138 180 150
139
140
141
142
143
144 192
145 179
146
147
148 180
149
150 179
151
152
153
154 174
155
156
157
158
159 161
160 198
161
162
163
164
165
166
167
168
169
170
171
172
173
174
175
176
177
178
179
180
181
182
183
184
185
186
187
188
189
190
191
192
193
194
195
196
197
198
199
[1, 0, 0, 1, 0, 1, 1, 1, 0, 1, 0, 1, 0, 1, 0, 1, 1, 0, 1, 1, 0, 1, 1, 0, 0, 0, 0, 1, 1, 1, 1, 0, 1, 1, 0, 1, 1, 0, 1, 0, 0, 0, 1, 0, 1, 1, 1, 1, 1, 0, 0, 0, 1, 1, 0, 1, 0, 1, 1, 0, 0, 0, 0, 0, 0, 0, 1, 1, 0, 0, 1, 1, 0, 0, 0, 0, 1, 0, 0, 0, 0, 1, 1, 1, 1, 0, 0, 1, 0, 1, 1, 1, 0, 1, 1, 1, 1, 1, 0, 1, 0, 0, 0, 0, 0, 0, 1, 0, 1, 1, 1, 1, 1, 1, 1, 1, 0, 0, 0, 1, 0, 0, 1, 0, 0, 1, 1, 0, 1, 0, 1, 1, 0, 0, 1, 1, 1, 1, 1, 1, 0, 1, 1, 1, 0, 1, 0, 0, 1, 1, 1, 0, 0, 0, 0, 1, 1, 0, 1, 1, 1, 1, 1, 1, 0, 1, 0, 0, 1, 0, 1, 0, 1, 0, 1, 1, 1, 1, 0, 1, 1, 1, 1, 1, 0, 0, 1, 1, 0, 0, 0, 0, 0, 0, 0, 0, 0, 0, 1, 0]