#/home/brian/Documents/summer17/Python/VEC/scripts/make_SBM_graphs.py
# GMT Thu Jul 27 21:52:04 2017
# 
0 179 733 1471
1 1768 1633 1494
2 1704 1319 1783 1798 615
3 677 1638 391 333 1943 1243
4 1064 1484 1070 15 1294 634
5 1792 583 172 1557 761 59
6 1291 1835 1132 1653 1274 412 989 53
7 1592 987 654 846
8 1249 551 1296 1201 566 1049 730 1148
9 311 1250 1837 1638 1417 1687 237 463 1293 1385 239
10 1382 233 140 1421 1778 1023
11 928 1857 1732 1157 273 1196 1165 559 1425 1685 1592 665 218 735 1246 959
12 1428 1154 940
13 1592 1505 1314 1469 1733
14 73 1215 1137 441
15 55 695 1108 1462 535 1332 20
16 609 1274 1338 1198
17 551 1038 1104 1589 1305 1050 830
18 416 1284 1957 326 877 180 1630
19 1072 161 1522 20 1717
20 871 623 330 204 719 219
21 204 1197 1588 1013 1849 634
22 841 60 911
23 1754 623 683 159
24 1062 1382 500 1976 793 314 1178
25 1144 1361 1359 187 1927
26 1482 1643 1647 307 213 445
27 1667 1222 364 213 347 925
28 1586 1422 976 913 370 694 857
29 1666 1379 212 486
30 1477 1737 1293 1678 1229 1717 1495 732 510
31 353 581 742 1004 304 1295 1616 1749 663 1423
32 1506 588 317 1329 1875 1823 1789 478 1055
33 900 229 1902 357
34 1800 941 1777 1331 628 286
35 160 449 44 1514 1388 783 944 153 59
36 1287 1066 142 340 1557 375
37 737 1985 615 1233 819 561 1914 1589
38 705 930 1123 910 1390 1775 1109
39 1210 850 1870
40 1907 1114 595 1714 217
41 869 1353 1099 815 1776 433 1167 412
42 1777 146 60
43 1929 1369 228 1305
44 481 1128 233 1356 206 625 503 702
45 352 1176 1283 723
46 608 1649 654
47 433 1834 1083 1459 1926
48 1513 945 95
49 430 1489 596 950 1204 922 829
50 1120 481 612 1513 1740 463 1719 793
51 993 98 1701 1735 1997 717 1485 1492 502 602
52 897 1570 1317 380 941 53 598 444 157 1397
53 1984 1932 1135 1264 351 763 1023
54 1636 1063 556 1429 1847 472 382 255
55 168 1041 1823 308
56 705 227 1862 1194 142 829 1616 1108 1917 414
57 1403 997 266 499 1566 502 1367 1755 126 383
58 1995 629 1807 1717 91 1117 1429
59 647 1737 698 380
60 1624 353
61 898 1958 332 399 336 1366 990 1343
62 1472 1890 1284 1159 1672 77 750 1231 913 1892 125 190
63 1825 1795 1521 787 1589 1114 127 540 191
64 930 1827 1318 624 1027 1044 607
65 1568 864 1874 1658 222
66 1347 1925 1734 680 1002 434 1044 1210 315 1532 1053 95
67 805 1417 1135 1109 1689 952 249 1818 475
68 1026 771 1477 360 1679 115 1338 431 1567
69 189 1922 725 1887
70 1224 1131 707 1734 1857
71 1919 1940 359
72 164 357 747 817 787 1044 1719 1528 1403
73 1537 451 389 321 109 1266 1530
74 545 1800 940 684 1773 1135 1427 345 1052
75 1857 499 1203 1908 1241 1503 1119
76 931 676 1478 391 1256 1895 143 318 1751 766
77 1569 1807 1937 1874 1626 635 93
78 960 1862 779 748 1363 1206 1820
79 1728 963 1863 1900 1007 442 829
80 1153 1884 1681
81 451 357 1095 1928 1355 531 407
82 1443 1607 1197 1966 879 1072 499 1430 1949 1086
83 803 1348 1639 877 752 1522 1042 1428 1175 1981 222
84 931 1768 1352 274 596 1430 279
85 1528 1993 631 700 1623
86 963 101 1703 1420 1674 1836 725 147 757 748 1884 1541
87 640 1959 425 1678 1167 947 1273 954
88 1120 913 532 1309 1950
89 291 1434 1931 978 799
90 610 1033 239 1265 1203 436 535 1178
91 1058 1315 740 524 1964 1556 1621 470 1764 1658
92 1042 1199 1141 278 1935
93 906 399 118 509
94 1104 667 1884 1791 303
95 1200 323 556 851 1365 1944
96 1708 1654 1207 1400 1051 830
97 800 1865 1898 1423 178 1685 1462 138 637
98 131 950 1290 1902 912 785 1046 426
99 368 1953 1938 437 806
100 711 1068 588 1424 1906 309 1821
101 896 641 1483 1889
102 1165
103 1072 1093 1254 1104 306 1755 414 517
104 1732 1267 1107 182 312 1818
105 448 1122 499 1458 1843 217
106 1089 611 264 1547 1785 670
107 578 1027 1883 1810 887 1371
108 1985 1987 871 535 1706 1483 520 1843 887 473 1434 1725
109 930 611 1835 1422 1618 1443
110 1617 660 508 1386
111 1697 1218 708 165 449 301 1106 1526 1465 1946 769 1981
112 1315 1924 293 550 684 944 185 1149 1893
113 1382 1511 1418 1584 1939 1175 155 490
114 1241 1882 151
115 1960 1833 333 1449 314 571 444
116 641 162 1669 1449 1293 1806 733 253
117 729 1436 1765 1006 1749
118 833 245 1974 247 572
119 812 974 221 597 1305 1053
120 161 714 1404 405 1765
121 1968 1843 1407 1165 1727
122 904 1643 1675 1155 367
123 1360 1236 1678 1967
124 1506 836 396 1616 1138 1235 180 285
125 937 1679 1822 215
126 516 681 942 718 790
127 544 740 778 747 172 1549 754 1652 1812 1726
128 1633 453 1321 1771 273 565 151 1496 1050 284
129 929 1607 1897 789 1815 186 1918
130 335 1029 1486 1685
131 1537 355 263 1424 1105 531 1460 438 188
132 1480 568 1300 1407
133 641 214 1900 143 1205 1718 983 153 1593 859
134 1792 1569 1378 1952 420 1040 1809
135 874 1803 1966 1423 912 1305 1339 1599 991
136 579 390 1898 909 1713 543
137 489 1731 676 525 377
138 1910 1067 782 1203 693 1430 1978 891 1532 893 1631
139 1378 1628 971 1390 853 1530 1020
140 868 1449 1995 1688 472 633 954
141 1409 1734 1354 1016 1590 1111 1432
142 1001 1619 473 955 701
143 1988 883 538 444 261
144 147 1702 904 1354 1352 1971 949 1880 1085 1790
145 667 293
146 1184 904 404 1752 474 1374
147 272 355 678 267 1262 1521 890 638
148 1216 705 1330 870 1703
149 900 242 912 1585 1138 1462 411 766
150 1602 1795 1826 558 1462
151 1872 1186 905 1898 1936 468 1142 1129 1258 1151
152 712 239 630 282 475 1084
153 1579 1637 1867 655 212 293
154 690 939 1378
155 432 1856
156 353 1795 1381 1423 1173 797 1823
157 576 1570 388 776 1860 1181
158 1177
159 1381 713 747 946 1129 760 828
160 184 1762 1867 1487
161 1767 1865 1295 1204 1237 1782 1372
162 1444 434 932 870
163 1635 613 1320 1227 982 1661
164 1702 1870 936 1715 1620 1192 1821
165 1001 206 568 1561 1789
166 645 617 653 1263 601 477 1661 286
167 1929 1754 1278 607
168 320 1632 1028 934 1360 1586 1429 859 1500
169 1443 1699 1971 254 1735
170 678 711 268 781 1038 466 1588 856 1849 1791
171 1286 1034 1579 1171 248 1919
172 1609 1490 1737
173 633 426 1202
174 1475 970 718 179 1943 542
175 1319 1051 828 982 1599
176 1680 418 965 1165 208 724 220
177 1127 360 1100 1556 1879 1631
178 1921 1451 271 500 1460 922 1871 351
179 1418 1012 1470 1695 1630 255
180 1937 1149
181 641 930 1164 237 944 209 567
182 1126 1267 439 504 381
183 963 612 743 1257 1263 720 1597 1284 1117
184 437 1162 277 1495
185 803 292 294 968 1960 1495 280 1561 1981
186 272 1542 1099 592 1529
187 1760 1476 1255 424 1639 1455 1593
188 560 293 359
189 1954 1799 1354 305 725
190 1700 1611 1203 1588 1462 861
191 832 1825 1352 751 945 1556 1590 253 702
192 1426 443 1588 1391
193 1224 1234 1006 434 403 1749 1177 1886 1983
194 1968 329 1988 1613
195 736 1771 1836 197
196 1864 1184 1494 1871
197 697 652 1262
198 1642 881 670 1592 732 510
199 1473 1068 1069 1111 664 1017
200 1585 365 982 1053
201 550 647 1096 337 1340 1535
202 1784 1626 310 1438 1895
203 1921 552 649 1002 1931 1804 1039 464 1747
204 1504 354 910 240 627 438
205 1376 1890 739 1736 1163 1913 1594 1501
206 816 835 1094 1480 1360 538 287 1375
207 486 296 776 655 712 885 1403
208 737 1255 651 1647 568 859
209 1130 1699 1702 1439
210 1417 492 1456 885 794 1214
211 741 1736 456 884 1622 1689
212 257 1218 1796 1651 1276
213 1232 835 1942 590 1776 1716 469 758 1463 1981
214 866 1803 1355 1228 350 473 798
215 1395 1691 1844 1269
216 1440 632 330 501 1922
217 931 1171 677 230 1462 1707 1550 1091 1812 870 1750 1978 1855
218 940 637 334
219 1536 1929 1738 468 1517 1169 467 841 1460 637
220 1225 1284 1198 1503
221 452 818 244 1143 1918
222 1098
223 268 975 629 1910 379 309
224 1488 591 1251 1517 1895
225 1312 552 1907 332 1133
226 1346 1672 1420 586 1708 1710 1307 797
227 328 393 1866 1131 1997 240 1011 1908 1783
228 737 1666 1971 1942 538
229 1264 249 1483 1446
230 1057 487 1962 1676 1940 1494 507 894
231 792 665 882 718 616
232 784 1277 342
233 648 1832 1208 1852 254
234 323 1903 1463 1358 495
235 611 498 1067 451 1431
236 482 1606 454 1804 386 1423 1206 1240 378
237 514 1158 1896 972 399 329 511
238 1505 900 683 1709 1394 887 891 1404
239 608 296 395 1005 824 984 1300 346
240 1702 1928 362 1886
241 1696 1811 242 579 1823
242 480 1585 748 268 502 1530 1150 1013
243 1072 665 1325 1633 1577
244 1380 678 1799 874 679 332 829 1589
245 1450 1182
246 611 1419 812 371 1845 1498
247 768 1922 300 271 1113 1177
248 1607 1501 597 1368 559 541 605
249 1376 562 1307 1181 670
250 1193 1154 1380 477 1065
251 1128 1810 1003 931 1015
252 1056 1828 1267 1928 1002 1415 590 1107 1368
253 1666 1991 561 1751 280 1181
254 1946
255 356 458 1687 440 292
256 360 1449 651 846
257 321 609 490 1173 472 756 956 1470
258 1193 847 333 1678 1311
259 283 416 587 901 451
260 745 1090 492 1367
261 1248 1842 1653 718
262 1331 1484 1459
263 680 1531 711
264 1573 1576 1291 1224 501 538
265 466 987 828 1415
266 1898 1061
267 1675 430 1045 1371 1886
268 552 745 1811 988
269 891 372 1714 331 556
270 1320 802 1667 1028 1091
271 1121 930 547
272 421 488 713 1886 1369 894
273 1217 516 1044 569 1566
274 1042 1742
275 1317 490 1198 531 853 603 778
276 1924 465 1778 435 852 1431 1688
277 1282 1770 462 815 432 849 1881 1949 415
278 1382 519 648 1324 494 808 360 402 563
279 800 1207 1011 1333 631
280 1089 836 1896 493 1040 1268 1850 399 1597
281 1120 741 1127 333 846 1689 1786
282 1251 1688 1994 1677 1297 852 1718 791
283 384 865 1643 844 1172
284
285 1832 1977 1932 878
286 1664 441
287 1546 852 347 1020 573
288 842 1292 1461 1079 1432 1593 538
289 901 1489 879 1073 1462 982
290 615 1391 1011 1237 1686 697 1053
291 644 1748 551
292 1088 393 876 1197 1407 1398 1609 1503
293 1737 1422 1551 820 1847 1343
294 1827 1222 1127 1786 1215 1567
295 1664 321 707 1031 1102 1007 1779 853 1495 696
296 1635 1927 1482 878 1459
297 1607 1160 426 1740 1874 1468 1181
298 1899 1692 1597
299 547 580 1868 428 1104 932
300 818 1962
301 1640 546 446
302 1696 1061 1990 909 1816 1752 669
303 1744 1922 1519
304 1409 1448 1835 463 1978 666 1278
305 1328 1835 1117 1567
306 1921 1093 333 562 1492 504 350 543
307 1809 1227 1556 522
308 1824 481 795 1800 845 1678 1347 1239 603
309 1931 1204 1272 1369 1434
310 1057 1092 1526 1992 396 814 368 1621 1622 1274 1500
311 1121 1826 419 390 359 1224 1710 725
312 928 922 702 1191
313 1954 1782 1577 622 726 453
314 1472 988 923
315 1875 882 1270 1055
316 1542 1189 1390 677
317 1604 1930 622 1553 1500
318 749 549 686 365
319 1550 1201 1368 1882 1852 1566
320 352 896 838 1741 1869
321 1760 1348 691 1530 374 1175 794 1946
322 1593 469 1078
323 1974
324 1571 1990 489 1226 1654 713
325 1860 1031 492 977 1395 469 733 1470 1279
326 391 936 1322 395 1614 1816 1051
327 1161 857
328 1936 1755 1928 1726
329 899 1437
330 1081 966
331 864 1929 1516 1173 860 669
332 1250 1067 654 463 1328 1969
333 769 1612 1549 598 1470
334 994 714 624 1911 984 764 778
335 576 833 771 1927 1835 1538 1360 986
336 1319 571 814 1015
337 355 1096 1259 1367 1553 946 1396 597 1559
338 1228 650 1252 1322 414
339 1505 1859 1404 1889 903
340 419 1294 595 1783 696
341 739 1159 1965 624 1145 986 1502
342 513 1776 498 660 1274
343 971 1468 1661 1499
344 962 1928 1295 1488 1914 1278
345 1172 1772 1692 1953
346 1120 1729 1926 1953 1260 1425 1015 1531
347 613 682 1145 761 1533
348 832 1732 1826 476 1016
349 1820 354 900 372
350
351 1185 419 777 629 1684 697 894 895
352 1881 1388 775
353 1038 1006 1302 922 735
354 1444 593 1815 665
355 1105 1416 1000 376
356 1028 1033 1175 794 1052 733
357 1605 1633 842 820 1823
358 783 1809 1874 1560 796 1149 1503
359 1859 1028 1703 1423 1969 855 1051
360 433 1961 1387 1747 894 1145 1786 1950
361 1592 1457 1268 1308
362 1788 1898 1902 1752 1657 1884
363 1221 1131 528 1521 1146 1244 1725
364 1312 514 838 937 1457 1659 1630
365 1880 1038 1709
366 545 1448 845 1141 1078 1080 795
367 747 1583 1460 376 731
368 592 964 872 752 402 1337 1468 733
369 1280 803 1961 1610 1196 877
370 1954 970 1932 877 1365 1658
371 770 1736 1899 1581 1301 1183
372 482 1027 809 533 566 527 924 765
373 1061 1515 1484 1681 1174 1765
374 420 1926 1896 780 655 1661
375 929 1060
376 706 1997 1330 1747 1364 1787
377 1957 968 1815 462 1297 1326 1015 1529
378 873 1558
379 798
380 947 691 1669
381 783 1183
382 641 1832 461 689 1560
383 1400 994 1611
384 1529 1687 599
385 1441 1954 1732 581 678 1460 1656 574 1247
386 448 1929 1072 817 506
387 578 579 1444 592 1907 438 1372
388 518 1867 524 845 954
389 1189 1449 1901 687
390 1058 1066 779 520 1173 1055
391 896 1024 1293 1389 571
392 1761 498 812 1241
393 579 676 721 1524
394 801 1349 1031 1652 951 1144 1274 858 1661
395 801 1507 673 1419 1591 761 507 1757
396 640 1923 1764 877 1231 1136 724 1461 1022
397 1058 899 1228 1357 1168 466 1269 1590 826
398 1600 596 1202 1460 1180
399 1570 696 1741 657 1080 508 415
400 432 1233 1730 964 1502
401 784 1905 1870
402 628 1916
403 644 820
404 1059 1382 1416 1612 1964 1935 739 1945 989
405 1968
406 868 1207 676 937 1359
407 1537 1953 968 1063 794 538
408 1767 937 976 1974 1080 1593 1018
409 912 530 1707 1940
410 1842
411 706 1451 1454 1713 1372 894
412 802 1222 780 1141 1495 1465
413 834 1989 1926 1834 1746 1789 542
414 1313 1173 1947 1631
415 1376 835 996 1382 1116 636
416 1089 1284 1033 1419 1648 739
417 1348 773 1097 589 1874 1508 1274
418 1688 1338 1861 1711
419 1184 1441 997 1705 527 1811
420 1174 793
421 1528 840 1517 977 1368 1849 1882
422 1495 1256 1067 1005 1678 1904 1297 1333 1015 1854
423 997 1427 947 1502 1927
424 1968 1397 1243
425 689 1719 1526
426 1091 1319 1898 1996 1101 634
427 832 1859 453 1322 622 785
428 1280 1314 1763 998 616 460 818 1335 1657
429 1732 475 564 582
430 1771 1201 1485 1426 447
431 544 1315 1326 1586 1651 661 1019 1789 1343
432 750 1030 1089 973 1198 589 984 1759
433 465 1711
434 1443 1604 487 1288 1708 1548 1970 595
435 1731 718 849 1842 1524
436 839 1673 494 1937 1170 1495 1277 639
437 1863 1580 979 1397 571 1149 1182 1471
438 1057 1996 595 1466 1436 1790
439 1633 1782 1928 1557 1374 1381
440 772 1125 1094 808 722 986 1023 636
441 1297 492 1109
442 1154 776 1448 1622 1819
443 993 1220 919
444 640 1923 1040 498 1813 1593
445 1187 1543 1805 1874 1753 1628
446 836 999 1385 587 1597 1811 1718 1757
447 768 1905 1068
448 1307 1866 1346 502 1177 1794 859
449 896 610 1827 1428 1881 1276
450 610 484 514 1233 1860 1789
451 896 1198 875
452 1443 935 1550 819 533
453 1898 564 695
454 1252 1543
455 1848 1792 1496 783
456 764 1614
457 1534 1390
458 465 651 491
459 1664 1282 492 1271
460 1379 1745 1494 760 1657 1918
461 739 1315 1003 1229 1422 883 1524 1078 1529
462 793 1527
463 933 1802 698 1439
464 1441 1739 1453 1805 1815
465 467 965 1927 491 1361 1299
466 1223 1999 656 841 1194
467 832 1859 1777 1192 826
468 982 1734
469 1173 1857 1899 1740 514 1106 1014 761 1789 1759
470 1901 1806 1138 1556 1429
471 1600 581 1035 1206 1367 1177 858 1370 1341
472 896 1911 626 1303 636
473 1966 1534 1467 1886
474 1867 1071 1907 1342 574 1631
475 1644 1163
476 1870 1008 506 570 511
477 513 741 968 1385 1610 1327 1716 628
478 1447 1000 811 1703 1535
479 1089 1413 641 589 1649 1427 1140 661 825 1819
480 1296 1667 1191 700 1871 1552 540
481 1506 1542 604 574
482 652 1875 1752 820 798
483 1601 595 644 1886 1367
484 632 905 1228 1504
485 593 1666 1324 902 1814
486 1864 1610 1196 1396 606
487 711 561 564 855 1528 1396 1469
488 544 810 1035 1460
489 995 1903 1673 1852
490 1315 1195 888
491 1152 546 867 1382 1052 1311
492 1085 1945 1297 1075 1495 1149
493 1190 1713 1960 1800 1331 1658
494 1474 1254 839 1579
495 1409 1159 1200 1331 1621 759
496 1905 1035 1289 1969 1249
497 1297 1771 894 726
498 1028 969 1636
499 1905 1466 959 1247
500 1477 585 1139 1822 671
501 610 1931 1512 1587 797
502 1057 998 871 1228 1305 922 1628
503 1957 1158 780 1551 1533
504 652 1174 1013
505 737 1651 567
506 935 700 1355 1902 1911 956 1534
507 939 1364 1466 603 638
508 1094 647 1227 754 1595
509 1218 995 1606 1926 1642 1419 973 750 1213 1283
510 1479 1932 1491 1877
511 679 871 535 779 1550 1202 1367 1113 797
512 1090 1906 726 1528 667 765 1566
513 1472 1580 1176 923 1628
514 865 1284 873
515 876 751 1782 1615 1948 1534
516 546 760 1947 1660
517 581 1352 1066 907 716
518 1835 1834 1419 1264 824 1048 1691 1628
519 896 1831 1772 1005 1431 636
520 1442 1254 1619 1366 1624 1017
521 736 1793 1126 1246 1174
522 1155 1270 1046 1241 1694 607
523 659
524 1158 1387 1292 598
525 698 567 575
526 724 1437 590
527 1210 1534 566
528 1933 1870 630 1399 860
529 898 1091 934 1129 1103 1204 1143 703
530 1735 1864 1143 1246 1855
531 640 768 1794 879 658 725
532 719 798 758 1095
533 595 1004 1781
534 1028 1778 915 612
535 864 582 1720
536 1931 1860 1415 1703 1783 1978 1212 1278 1247
537 866 1354 1602 1815 1272 1915 1725
538 1667 1991 682 814
539 1585 618 1645 558 1073 1015 1144 1002 798
540 934 1383 1420 569 1245
541 1061 711 650 1110 1690 554
542 1377 1507 1092 1317 1963 1266 1526 568
543 1894 975
544 1027 1194 1576 1017
545 1029 668 1649 1817 732 1695
546 673 1474 1900 1975 1533
547 1793 1954 1701 1709 1464 1682 1525 1442 1305 987
548 1249 996 1128 1291 976 1685 1145
549 1712 1826 1539 893
550 1762 1350 1863 1647 657 1300 1301 1065 1018 1353
551 1922 1669 1894 1613 1424 1302 1082 1733
552 1846 1207 1307 1629
553 1123 796 933 1879
554 1316
555 1481 1355 1620 1761
556 1696 1061 655 1271 698
557 1954
558 1124 658 1998 1330 1112
559 1510 1649 850 1911
560 1600 619 652 1973 1247 1983
561 995 1126 903 654 1553 787 1529 857
562 1970 1111 1114 1372 1209
563 1081 874 1027 1558
564 1862 1159 1038 1999 1812
565 1633 1862 646 1217 874 1714 633
566
567 1857 611 1003 1581 913 1629 1406
568 1042 1198 1938 1941 1687 697 1045
569 1354 1565 623
570 1032 1304
571 865 877 724 1334 1945 885
572 1792 1254 1546 1165 654 916 1902 1724 810
573 968 849 1164
574 870 975 1682 1949
575 1760 977
576 608 1123 1419 1003 1643 1273 1530
577 1600 707 1605 1799 1708 942 1713 927
578 1989 1748 974 1839 1107 756 950 985 1913
579 596 632
580 1667 1367 955 1021 1919
581 1888 1920 813 1424 768
582 1168 1425 788 1375
583 868 744 1701 690 952 1052 1438 613
584 1826 1795 1828 774 586 1677 1557 633
585 1537 1994 1995 1199
586 1566 1070 1607
587 673 1351 1776 1617 824 1850
588 1058 1712 1272 1532
589 1634 1508 1160 1708 1559 1209
590 896 1320 1772 721
591 1922 1894 1768 1047 1886
592 1304 957
593 1732 809 778 1202 819
594 1357
595 1553 826 1086
596 1325 848 1619 1430 1399
597 1632 998 745 1196 1038 1492 1053
598 1515 654 848 791 1785 1407 604 1311
599 1476 1255 1148 1592 1468
600 1075 1507 1644
601 1295 739 1263
602 1414
603 1992
604 1857 1446 639
605 1153 1221 1577 714 1585 980 1194 1915 1180 1853 1246
606 848 1576 747
607 1119
608 609 933 1845 1007
609 1273
610 1287 1619 1653 1784
611 1385 1813 1786 1885
612 1413 1958 743 1994 1375
613 1579 1388
614 811 819 1966 1870
615 774 649 887 837
616 1815 1045
617 1376 838 1039 692 1272 1850 1349
618 713 1420 678
619 1705 1803 1923
620 1884 1577 1940 1710 1313
621 946 709 775
622 1930 909 1084 1726
623 707 1171 1654
624 1516 1550 1811
625 646 1896 1802 973 1716
626 768 673 1698 1955 1092 897 1012 1465
627 1504 891 1351 843 827
628 1665 806 1030 1546 1574 1364 858
629 1408 1921 774 957 1054
630 717 1902
631 1060 1706 1794
632 1521 1262 760 980 1821 1534
633 1424 1410 1058 1541 1322 752 1169 948 1381
634 1381 658 1206 924 1694 1557
635 1856 1376 808 938 1739 829 1736 986 893
636 1592 1159 972 851 1780 1109
637 1956 1081
638 1376 736 877
639 1443 1798 1964 1040 954
640 1539 1700 1340 924 1077 696 1435 1087
641 893
642 1972
643 1648 970 1118 1134
644 1157 841 819 1497 1516
645 1409 904 1686 1464 1436 990
646 1220 1708 748 1902 1116
647 1830 1351 1779 1402 1438
648 1291 1219 838
649 1380 711 1548 1619 1532 1246
650 1221 1225 1356 1865 1081 748 764 830
651 995 1575 782 1556 791 1236 1850 1822
652 1131 1324 1709 1295
653 1827 911 1123 1539 983
654 941 795
655 1569 1156 971 1042
656
657 1856 838 968 1065 685 690 958
658 1862 998 1681 813 1936 728 1496
659 1666 1212 1791
660 1991 1995 1772 1069
661 906 1939 1506
662 1122 847 943
663 1531 1908 1342
664 1971
665 747 1095 1672
666 708 847 788 1429 1380 1755
667 1725 1169
668 1444 892 1614 777
669 1889 1908 1270 1367 924 1533
670 704 868 839 1208
671 1420 1794 782 1270
672 1157 1237 1447
673 1678 1551 1181
674 1170 1463
675 1334 1126 1929 1738 908 1777 1238
676 869 806 1965 1775 1268 888 763
677 1472 1449 877 1358 1239 734
678 1962 1329 1684
679 1316 843 1971
680 943 997
681 834 1863 745 1826 1232 1621 759 1913 796
682 1811 1900 1622
683 736 1379 1236
684 1995 1452 1046 1659
685 916
686 1408 1553 1146 1884
687 964 1321 747 1679 1147 1628 1406
688 724 1580
689 1689 965 1937
690 1388 1172 885 1943 1332 1850
691 1955 1340 1386 825
692 920 1055 1769 1593
693 880 810 765
694 920 1957
695 873 753 726 1565
696 1856 1128 1280 1134 926 1753 1243 862
697 1060 967 1373 1650 1972 855 847 924 1149
698 1892 1582 1718
699 1840 1225 1826 828 1954
700 1611 1907 1598
701 1763 1318 844 1485 1202
702 788 730 1981
703 928 1313 1316 779 1426
704 1347 1994 1266 1691 1098 1662
705 1023
706 1618 1266 1559 1724
707 946 1210 1851 1374
708 1218 1963 1165 1208 1881 1405 1645
709 922 1790 1245
710 1947 1151
711 872 1708 1045 1594 1589
712 1005 1301
713 1719 1752
714 928 1400 1112
715 1776 1951
716 1891 1734 1866 1548 912 753 1973 987 1053
717 1707 1869 1047 764 959
718 1235 959
719 1097 1548 1008 1169 1746 1013 1016
720 1126 1231 1007 1172 1819
721 796
722 1273 780 1598
723 791 1627 1461
724 849 1388 1233 984 1306
725 1034 1866 1616 1081
726 1726
727 1280 1457
728 1864 1217 1962
729 1997
730 1252 1225 1997 879 1168 882 922 1341
731 1433 1289 843 1420
732 1299 1293 1393 1235
733 1959 1385 780 943 1945 1957
734 1538 1393 1960 970 913 1020 1311
735 1252 1321 909 1841 1705
736 1857 1314 1060 1054
737 1538 1446 839 1474 1326 1875 1500
738 1276 1091 1644
739 1261 1189 1446 944 1427 1688
740 770 1256 840 1626 1695
741 1971 1190 1546 1522 796
742 1143 847
743 1667 1015 1520 1457 1943 1981
744 1028 1581 1326
745 1733 1685
746 848 1627
747 1706 1936 1050
748 1302 1444 946 1750
749 1825 1225 765 1887
750 1480
751 1766 777 1073 825 1307
752 1639 939 759
753 1720 985 1447
754 1393 755 1846
755 1456 803
756 1836 1203 1492 757 1908 1978
757 1462 887
758 1729 901 1389 1019 1724 1877
759 844 1461
760 1217 1436 1180 1500
761 1568 1137 776 1741 1390 1809 1522
762 1473 1709 902 1329
763 1830 998 1487 1813
764 1221 1754
765 1795 998 1720 1754
766 1266 1066
767 1059 926 1222 1487
768 1245
769 1537 806 1544 1934 1140 1401
770 1585 1261 965
771 1480 1273
772 1570 1636 1413 1132 1265 825 986 1309
773 874 885 1573 1697
774 960 902 912 819 1304
775 1180 1388 1327
776 1957 1261
777 1921 907 1035 1004 1172
778 1107 1993 779 1650 1365
779 1706 1430 855
780 939 1547 1874 890
781 992 1357 1906 1017 1626 1085
782 1531 1454 1845 1403 1066 1534
783 1636 1097 983 831
784 1418 1670
785 1032 1811 917
786
787 1313 1797 1546 1931 1966 1714 956
788 1728 932 1478
789 798
790 1177 1814 955 1870
791 1996 1651
792 929 1058 1703 1396 1016 1115
793 1606 1387 1453
794 1227 1387 1659 1598
795 1185 833 1293 1838 1624 824
796 961 1773 1904 1592
797 963
798 1316 1131 1873 1240 1820 861 830
799 1633 810 1105 922 1596
800 1921 1832 1196 1032 820 1528 980 1723
801 1593 1438 1559
802 960 1097 1301 1847
803 1953 1254
804 1625 1875 1731 1860 831
805 921 1218 1477
806 1410 1957 1393
807 984 1625 962 1346
808 1159 1419 1692
809 1380 984 1562 1242
810 1553 894
811 904 1878 1884 1759
812 1888 1766 1619 1971
813 1744 1826 975
814 1232 1642 1598 1630
815 1048 833
816 1272 1366 1135
817 1611 1324 1112 1532 1021
818 1104 1010 1333 1336
819 1236 1755 1534
820 1768 1623
821 1248 1458 963 1259
822 1272 1571 948 1267
823 1168 1905 946 1510
824 1810 942 1938 1428 1461
825 1634 965 1087 1518 1903 890 1179
826 1987 1796 935 862 1252 1566
827 1889 1608 1836 1933 1039 1747 1590
828 1825 1623
829
830 1245
831 833 1736 1651 852 1014
832 1664 978 1238
833 1156 1029 1222 1609 1387 921 1022
834 1024 1185 1764 1040 1844 1942
835 1924 1135 1463 1081
836 1572 1610 1900 1683 889 1277
837 1633 1107 1203 1259 1325 1363 1557 1918
838 1924 1479 1546 1751 1626
839 1507 1552
840 1536 1058 1795 903 1228 1836 1489 1686 1469 1534
841 1045 1174
842 1043 1164 1957
843 1986 1674 860
844 1698 1924 1231 1586
845 1633 1303
846 1856 1668 1878 897 1078 1084
847 1394
848 1346 933 1900 1134 1461 1567
849 1360 863
850 1133 1098 1931 1549 912 1212 1246
851 1628 1254
852 1353
853 1582 1007 1745
854 1050 1871
855 1577 905 882 1301 1207 1244 1917 917
856 1385 956 1853 1249
857 1509 1062 1927 1200 1141 1502
858 1128 1643 1551 1009 895 863
859 1062 1387 1455 1912 1337 1243
860 1712 1897 1242
861 928 1281 1730 1910 1335 1116
862 1802
863 1224 1653 887
864 1153
865 1152 1952 1259 1964 1489 1718 1144 1759
866 1814 1095
867 1217 1375
868 1317 1263 1968 927
869 1439 1167
870 928 1409 1732 1157 1671 1112
871 1928 1929 1623 1917
872 1553
873 1259 1191 1865 1611 1489 1298
874 1826 1469
875 1753 1981 937 1527
876 1737 1708 912 1434 1855
877 1932
878 1737 1850 1667
879 905 1694 1886
880 1369 1108
881 1867 1950
882 928 1505 1343
883 996 933 1717 1622 1116
884 1472 1076 1669 963
885 1833 1034 1900 1327
886 1576 1562 1515 1383
887 1681 978
888 963 1893 1894 1737 1740 1263 1648 1909 1205
889 968 1176 1653 1350
890 1856 1348 916 1405 1343
891 1252 1194
892 1474 1431
893 1831 1645 1198 1967 1336
894 1571 1486 1752
895 956 1701
896 1796
897 1698 1586 1428 1758 1279 1532 1982 1215
898 1159 1642 1959 1205 1526
899 1738 1298 1182 1272 1497 1886
900 1738 1519
901 1959 1831 1979 1308 1309
902 1306 1966 1103 1489 1050
903 955 1577 1051
904 1602 1125 1652
905 1414 1996 1657 1050 1918
906 1280 1173 1348 1129 1099 1102 1649 1653
907 1486
908 1472 1428 925
909 1217 1157 1130 1404 1279
910 1677 1232 1617 1842 1435
911 1684 1509
912 1512 1681 1210 1663
913 930
914 1734 1958 1255
915 1605 1193 1482 1995 1260 1208
916 979 1012 1181 1502
917 1895 1991 1108 1785
918 1312 1250 1059 1994 1581 1251
919 1322
920 1248 1959
921 1172 1757
922 993 1319 1804 1010 1197 1601
923 1261 1810 1208 1979
924 1400 1534
925 1934 1334 1431
926 1698 1636 1739 1634
927 1281 949 1367 1242
928 1954 1035 1846
929 1907 1972 1846
930
931 1257 1619 1014 1308
932 935 1608 1394 1873 1682
933 1360 1463 1786
934 1515 1545 1035 1103 1949
935 1126 1853 1462
936 969
937 1477 1360 1458 1524 1689 1564
938 1112 1514 1198
939 1030
940 1773 1617 1331 1591 1405
941 1664 1767 1191 1964 1026 1274
942 1983
943 1898 1264 1715
944 1123 1964 1229 1653 986
945 1831 1160 1869 1617 1000 1593
946 1318 1868 1870 1744 1177
947 1075 1471
948 1381 1545 1086 1531 1246
949 1310
950 1930 1262 1966 1686 1119 1404 1887
951 1230 1141 958 1743
952 1160
953 1111
954 1285 1810
955 1702 1111 1860
956 1108 1883 1372
957 1091 1707 1071 1660
958 1208 1639 1980
959 1037 1558
960 1756
961 1012 1170
962 1777 1843
963 1250 1800 1965 1704 1468 989
964 1691 1340
965 1891 1230 1719 1178 1691
966 1370 1589
967 1752 1051 1956 1249
968 1540 1031 1965 1337 1300
969 1019
970 1472 1772 1635 1974
971 1030 1291 1332
972 1291 1981
973 1248 1254
974 1602 1150
975 1088 1367 1054
976 1276 1513
977 1100 1871 1712 1361 1591
978 998 1267 1846 1855
979 1835 991
980 1043
981 1635 1628 1710 1163
982 1862 1904 1082
983 1261 1042 1975
984 1827 1255 1163 1265 1243 1148 1471
985 1521 1226 1228 1970
986 1904 1134
987 1329 1010 1240
988 1833 1963 1964 1937 1397
989 1235 1847 1052 1022
990 1913 1967
991 1930 1058 1286
992 1713 1868 1997
993 1043 1241
994 1324
995 1645 1274 1628
996 1538 1320 1642
997 1409 1660
998 1750 1169 1436
999
1000 1391 1970 1619 1976
1001 1894 1073 1947
1002 1010 1497
1003 1345 1807 1048 1370
1004 1959 1928 1041
1005 1288 1141
1006 1129 1430 1720 1754
1007 1680 1152 1472 1239 1308 1087
1008 1104 1497 1662
1009 1989 1034 1877 1334 1181
1010 1249
1011
1012 1778 1841 1141 1975
1013 1986 1603 1544 1517 1686 1660 1791
1014 1952 1610
1015 1474 1033 1912
1016 1993 1236
1017 1908
1018 1282 1413 1802 1265 1337 1885
1019 1798 1968 1353
1020 1287 1831 1040 1395 1879 1913 1023
1021 1113 1244 1071
1022 1189 1135 1649
1023
1024 1701 1257 1570 1527 1243
1025 1176 1222
1026 1772 1268
1027 1889 1817
1028 1059 1350 1328 1373 1982
1029 1287 1455
1030 1584 1547 1963 1759
1031 1518 1331
1032 1686
1033 1511 1899 1268
1034 1593
1035 1585
1036 1370
1037 1977 1614
1038 1238 1799 1225 1228 1357 1616 1206 1674
1039 1224 1971 1865
1040
1041 1047 1445 1286
1042 1167
1043 1600 1608 1779
1044 1191 1720
1045 1632 1723
1046
1047 1504 1351 1102 1298
1048 1193 1770 1458
1049 1681 1896 1805 1928 1531
1050 1186 1103
1051 1383 1973 1095 1562
1052 1903 1272 1156
1053 1191 1675
1054 1383 1447 1278
1055
1056 1754 1355 1757 1605
1057 1169 1236
1058 1357
1059 1867 1109 1848 1819 1980
1060 1539 1928 1486 1686
1061 1699 1509 1163 1369 1083
1062 1440 1999 1913
1063 1578 1819 1668
1064 1224
1065 1640 1417 1610 1198 1647 1141
1066 1285 1710
1067 1266 1491 1656 1661 1214
1068 1825 1180 1646 1783 1500
1069 1706
1070 1624 1890 1566
1071 1907 1398 1880 1563
1072 1936 1781 1686
1073 1494 1415 1750
1074 1439
1075 1697 1230 1912 1490 1178
1076
1077
1078 1953 1092 1934 1767 1303 1284
1079 1893 1606 1385 1773 1358 1453
1080 1297 1977 1789
1081 1703 1694
1082 1862 1576 1355 1905 1204
1083 1568 1645 1271 1662
1084 1128 1834 1621 1337
1085 1430 1302 1849
1086 1576 1423 1624
1087
1088 1823 1486 1150
1089 1127 1736 1822
1090
1091 1436
1092 1958 1965 1522 1976
1093 1720 1839 1659
1094 1960 1300 1175
1095 1315 1286 1133
1096 1738 1675 1686 1948
1097 1763 1904 1580 1282 1648 1144 1533 1342
1098 1128 1582 1390 1692
1099 1696 1486 1107 1404 1182 1919
1100 1125 1172 1141 1109
1101 1203
1102 1578 1946
1103 1997 1434
1104 1509 1682 1813 1211 1372
1105 1962 1442
1106 1175 1582
1107
1108 1620
1109 1639 1800 1340 1491
1110 1620
1111 1474 1571 1124 1392
1112 1192 1481 1615 1624 1150
1113 1424 1606
1114 1121 1855
1115 1775
1116 1665 1566
1117 1506 1123 1252
1118 1672 1724 1350 1275
1119 1131 1902 1745 1620 1204
1120 1490
1121 1226 1424 1430
1122
1123 1809 1554 1944
1124 1425 1244
1125 1347 1584 1975
1126 1894 1517
1127 1157 1480 1817 1605
1128 1312 1762 1867 1943
1129 1288 1391
1130 1370 1940 1237
1131
1132 1774 1407
1133 1862 1420 1614 1625 1342
1134 1903 1813
1135 1604 1959 1566 1215
1136 1263 1556 1519 1593 1274 1647
1137 1615 1948 1999
1138 1220 1704 1917
1139 1610 1535
1140 1776 1989
1141 1507 1561 1784 1662 1759
1142 1201 1660
1143 1765 1182
1144 1729 1315 1452
1145 1581
1146 1910
1147 1516 1521 1619 1715 1493
1148
1149 1680 1800 1481 1838
1150 1777 1972
1151 1929 1354 1286
1152 1769 1299 1779
1153 1897 1777 1876
1154 1945
1155 1849 1466
1156
1157 1675 1574 1623 1884
1158 1991
1159 1952 1634 1591 1167
1160 1200 1491 1684
1161 1229 1331 1946 1467 1939 1213
1162 1265 1841 1183
1163 1483 1260 1328 1714 1817 1597
1164 1977 1838
1165 1580 1235
1166 1795 1972
1167 1664 1429
1168 1966 1839
1169 1884
1170 1389 1789 1469
1171 1586
1172 1185 1770 1629
1173 1857
1174 1708 1812
1175 1261 1540 1784 1508 1213
1176 1190 1963 1938 1375
1177 1333 1878
1178 1520
1179 1645
1180 1473 1829 1605
1181 1642 1277
1182 1709
1183 1642 1544
1184
1185 1831 1483 1583 1757
1186 1460 1954 1690
1187 1800 1449
1188 1228
1189 1618 1407
1190 1338 1334
1191 1226 1918
1192 1805 1523 1887
1193 1378 1955 1629
1194 1571 1641 1247 1489 1820 1983
1195 1348 1724 1885 1655
1196 1728 1451 1220 1489 1550 1780 1886
1197 1416 1454
1198 1540
1199 1953 1916 1273 1786
1200 1449
1201 1427 1919
1202 1666 1608
1203 1217 1771
1204 1464
1205 1758
1206 1332 1915
1207 1922 1828 1918
1208 1898 1284 1788
1209 1329
1210 1541 1608 1614 1972 1527 1882
1211 1708
1212 1929 1258 1936
1213 1569
1214 1848 1639 1343
1215 1986 1605 1992 1835 1264 1753 1343 1663
1216 1962 1925
1217 1317 1894 1546 1228 1270 1336 1781
1218 1257 1651 1596
1219 1708 1486 1526
1220 1712 1304
1221
1222 1347
1223 1467 1228 1611 1382
1224
1225 1652 1821
1226 1666 1322 1264 1298 1335
1227 1809 1598
1228 1600
1229 1857 1831 1351
1230 1806 1359 1311
1231 1680 1477 1944 1375
1232 1339
1233 1798
1234 1616
1235 1477
1236 1836 1603
1237 1599
1238 1270
1239
1240
1241 1684
1242 1665
1243 1338
1244 1777 1898 1361
1245 1937
1246 1860 1298 1933 1333
1247 1346 1548 1336
1248 1518 1850 1723
1249 1989 1990 1930
1250 1751 1560 1913 1530
1251 1775 1432 1784 1759
1252 1272 1305
1253 1835 1547 1581 1647 1308 1439
1254 1255
1255 1604 1957 1778 1593 1413
1256 1903
1257 1667 1274
1258 1708 1682 1267 1565
1259
1260 1594
1261 1483
1262 1889 1544 1484 1704 1531
1263 1673 1740 1924
1264 1518
1265 1580 1901
1266 1963 1630
1267 1895 1713 1528
1268 1863 1388
1269 1919 1548
1270 1826 1510
1271 1736 1612 1685 1530 1980 1397
1272 1826
1273 1797 1992 1390 1277
1274 1472 1284 1901 1909
1275 1522 1539 1900 1965
1276 1838 1809 1398 1656
1277 1642 1419 1900 1487 1779 1844 1502
1278 1826 1862 1675
1279 1690
1280 1521 1659
1281 1871 1886
1282 1957 1459
1283 1402
1284 1867 1909 1818 1365
1285 1849 1379 1426
1286 1947 1582
1287
1288 1536 1962
1289 1424 1918
1290 1840 1450
1291 1989
1292 1689 1802 1963
1293 1770 1642
1294
1295 1316 1880
1296 1686
1297 1737 1327 1502
1298 1307
1299 1980 1871 1398 1499
1300 1963 1939
1301 1955 1974 1981
1302 1798 1501 1940
1303 1822
1304 1811 1528 1604 1306
1305
1306 1872 1868 1744 1650
1307 1665 1732 1510
1308
1309 1850 1718
1310
1311 1800 1449 1773
1312 1513 1835
1313 1794 1676 1403 1341
1314 1409 1862 1517 1906 1470
1315 1928 1415
1316 1541 1734 1333
1317 1798 1672
1318
1319 1616 1433
1320 1809 1662
1321 1759 1967
1322 1504 1987 1998 1496
1323 1881 1458 1924 1617
1324 1440 1862
1325 1632 1676 1424 1585
1326 1833 1727
1327 1952 1957 1776
1328 1760 1438
1329 1384
1330 1620 1986
1331 1874
1332 1398 1580 1456
1333 1849
1334 1742 1432
1335 1686 1381
1336 1858 1588
1337 1508 1813 1592
1338
1339 1946
1340 1743 1841 1916
1341 1864
1342 1761
1343 1606 1365
1344 1504 1799 1407
1345 1908 1751
1346 1381 1357
1347 1824 1892 1743
1348 1809 1591 1406
1349 1728
1350 1515 1975
1351 1690 1566
1352 1443 1423
1353 1638 1968 1622
1354 1766 1676 1843
1355 1512 1485 1886
1356 1617 1718 1583
1357 1985 1368 1624 1791
1358 1448 1678 1847 1471
1359 1639
1360 1544
1361 1472
1362 1997 1607
1363 1873 1646
1364 1621 1582
1365 1635 1546
1366 1856 1668 1561
1367 1859 1972 1532
1368 1864 1712 1969 1940
1369 1873 1494
1370 1473 1445 1965 1615
1371 1374
1372 1755 1710 1433
1373 1931 1518 1982 1503
1374
1375 1838
1376 1855 1748
1377 1561 1842
1378 1950
1379 1828 1545 1522
1380 1480 1745 1875
1381 1409 1983
1382 1477 1721 1786
1383 1898 1873
1384 1902 1566
1385 1655 1981
1386 1916 1867 1398 1980
1387
1388
1389 1984
1390 1421 1459 1533
1391 1531
1392 1564
1393 1634 1982 1687 1533
1394 1681 1947
1395 1401 1854
1396 1929
1397 1402
1398
1399 1442 1898 1464 1434
1400 1504 1488
1401 1456 1407 1693 1471
1402 1926 1963 1711 1842
1403 1554
1404 1517
1405 1609 1483 1774 1780 1561 1786
1406
1407
1408 1803
1409 1744 1415
1410 1725 1577
1411 1961 1967 1953 1879
1412 1560
1413 1476
1414 1576 1641
1415 1736 1987 1983
1416
1417 1762 1881 1659
1418 1628 1511
1419 1618 1760 1470 1567
1420
1421 1475 1865 1513 1827 1653 1687 1819
1422 1759
1423 1756 1913
1424 1504 1519 1528
1425 1525 1918
1426 1761 1539 1812
1427 1878 1842 1974 1975 1944
1428 1767
1429 1526 1979
1430 1571 1979 1887
1431 1609 1545
1432 1730 1480 1740 1552
1433 1858 1809 1875
1434 1442 1987 1574
1435 1480 1818 1580
1436 1888
1437 1991 1691 1847
1438 1587 1834
1439 1579 1645
1440 1671 1887
1441
1442 1677
1443 1966
1444 1986
1445 1722 1933
1446
1447 1851
1448 1449 1612 1778
1449 1648 1513 1842
1450
1451 1674 1997 1462 1886
1452 1547
1453 1456
1454 1907
1455 1506 1609 1524
1456 1678 1837 1597
1457 1958 1485 1848
1458 1533 1584 1629
1459 1772
1460
1461 1818
1462 1715 1615
1463 1961
1464 1493
1465
1466 1654
1467 1554 1791
1468 1741
1469
1470 1574 1900 1941
1471 1934 1959
1472 1609 1727 1663
1473 1481 1548 1870
1474
1475 1540 1757
1476 1643 1893
1477 1543 1580 1758
1478 1625
1479
1480 1829
1481 1815 1690
1482 1903
1483 1892 1914
1484 1512 1905 1690
1485 1632 1871
1486 1715
1487 1699 1589
1488
1489 1747 1868 1846
1490 1958 1833 1976
1491 1778
1492 1870 1840
1493 1825 1764 1889 1909
1494 1602 1631
1495 1634 1924 1638 1596 1653 1951
1496
1497 1632
1498 1913
1499 1937 1890
1500 1521
1501 1816
1502 1511 1946
1503 1959 1764
1504 1815 1690
1505 1828 1962
1506 1841 1651
1507 1741 1869
1508 1827 1832 1524 1878
1509
1510 1985
1511 1896 1977 1724
1512 1709
1513 1951
1514 1544
1515 1695
1516 1839 1566
1517 1545
1518 1585 1850 1662
1519 1542
1520 1766
1521 1787 1596
1522
1523 1920
1524 1721
1525 1620
1526 1824
1527
1528 1568 1554 1883
1529 1572 1551
1530 1854
1531 1986
1532 1778
1533 1819 1896 1813
1534 1933 1652
1535 1981
1536 1850 1600
1537 1927 1935 1968
1538 1863 1845 1951
1539 1645 1649
1540 1927 1719
1541 1542
1542 1688
1543 1912
1544 1640 1587
1545 1937
1546 1923 1591 1567
1547
1548 1997 1616 1623
1549 1859 1865 1688
1550 1897
1551 1835
1552 1786 1630
1553 1983
1554 1897 1918 1823
1555
1556 1719
1557 1576
1558 1929
1559
1560 1737 1769 1913
1561 1776 1620
1562 1783 1993
1563 1657 1894
1564 1619
1565 1860
1566 1750
1567
1568 1659 1649
1569 1610
1570
1571 1766
1572
1573
1574 1965 1789
1575 1759
1576 1920
1577 1998
1578 1975 1741
1579 1992 1678 1938 1877
1580 1870 1850
1581 1952 1591
1582 1958
1583 1669 1852 1629
1584
1585 1696 1996
1586 1637 1626
1587 1948 1950
1588 1632 1970
1589
1590
1591
1592
1593 1594
1594
1595 1988 1764
1596
1597 1968 1817
1598 1802 1647
1599 1738
1600 1794 1897 1866 1912
1601
1602 1772
1603 1699
1604
1605
1606 1952 1638 1639
1607 1997 1616 1625
1608 1849
1609 1905
1610 1955 1958
1611 1966 1745
1612
1613 1622
1614 1866
1615 1990 1917
1616 1954 1803 1689
1617 1634 1965
1618 1719
1619 1645
1620 1889 1748 1969
1621 1934
1622 1976
1623 1864
1624 1747
1625 1971 1882
1626 1968 1979 1980
1627 1656
1628 1762 1697 1767
1629 1664 1698 1989 1963
1630
1631 1822 1851
1632
1633
1634 1640
1635 1757
1636 1991 1678
1637 1721
1638 1861 1964 1870
1639 1778
1640 1959 1649 1917
1641
1642 1796
1643 1965
1644 1693
1645
1646 1949
1647
1648 1894 1658
1649 1739
1650 1805 1727
1651
1652
1653 1965
1654 1920 1730 1764
1655 1806
1656 1778
1657 1895
1658
1659
1660 1882
1661 1760 1861 1894
1662 1732
1663 1691 1751
1664 1998
1665
1666 1720
1667
1668 1837
1669
1670
1671 1729 1791
1672 1923 1841 1941 1911
1673 1831 1908
1674 1862 1853
1675 1767 1768 1750 1879
1676 1910 1694
1677 1764
1678 1867 1751
1679
1680 1900 1688
1681
1682
1683 1758
1684 1962 1876
1685 1796 1769
1686
1687 1887
1688 1729
1689 1935
1690 1971
1691 1984
1692
1693
1694
1695 1992
1696 1787
1697 1942 1758
1698
1699 1956 1914
1700
1701 1998
1702
1703 1761 1849
1704
1705
1706 1897
1707 1919
1708
1709
1710 1873
1711 1939 1900
1712 1811 1875 1981
1713
1714 1931 1830 1865
1715 1753 1726
1716 1847
1717
1718 1789 1937
1719 1842 1925
1720 1769
1721
1722
1723 1894 1815
1724 1751
1725 1816
1726
1727 1944
1728 1953 1810
1729 1890 1901 1965
1730 1878
1731 1934
1732 1804 1750
1733
1734
1735 1750
1736 1856 1981
1737 1891 1957
1738
1739 1995 1789
1740 1825
1741
1742 1856 1903
1743
1744
1745 1855
1746 1978
1747 1990 1804 1876
1748 1777
1749 1911
1750 1925
1751 1837
1752
1753 1924 1976 1879
1754
1755 1862
1756
1757
1758 1784
1759 1834
1760
1761 1887
1762
1763
1764
1765 1872 1783
1766 1857 1783
1767
1768
1769
1770 1955
1771 1773
1772 1878
1773 1824
1774 1818
1775 1954
1776
1777 1888
1778 1824
1779
1780
1781 1875 1987
1782 1894 1870
1783
1784 1874 1885
1785 1932
1786 1899
1787 1862 1810 1918
1788
1789 1982
1790 1801
1791 1987
1792 1938
1793
1794
1795
1796 1830 1934 1874
1797
1798
1799
1800
1801
1802 1924 1918
1803
1804 1829
1805
1806
1807
1808 1824 1977 1900
1809
1810
1811
1812 1950
1813 1849
1814
1815
1816
1817
1818
1819
1820 1871
1821 1902 1947
1822 1994
1823
1824 1850
1825
1826
1827
1828
1829
1830
1831 1984
1832
1833 1977
1834 1944
1835
1836
1837
1838 1942
1839
1840 1872 1925
1841 1850
1842
1843
1844 1911 1845
1845 1995
1846
1847
1848 1976
1849
1850
1851
1852
1853 1928 1999
1854
1855 1860
1856
1857 1962 1990
1858
1859 1978
1860 1917
1861 1891
1862 1990
1863 1899 1937 1935
1864 1873 1998
1865
1866
1867
1868
1869
1870
1871
1872
1873 1882
1874
1875
1876 1919
1877
1878
1879 1896
1880 1949
1881
1882
1883
1884
1885
1886
1887 1983
1888
1889
1890
1891
1892 1965
1893 1968
1894
1895
1896 1988
1897
1898 1911
1899
1900
1901 1903 1904
1902
1903
1904
1905 1908
1906
1907
1908
1909
1910
1911 1966
1912
1913
1914
1915
1916 1968 1950
1917
1918
1919
1920
1921 1962
1922
1923 1952 1975
1924
1925
1926
1927
1928
1929
1930 1956
1931
1932
1933 1998
1934 1988
1935
1936
1937
1938
1939
1940
1941
1942
1943
1944
1945 1965
1946
1947
1948
1949
1950
1951
1952
1953
1954
1955
1956
1957
1958
1959
1960 1989
1961
1962
1963 1974
1964
1965
1966 1982
1967
1968
1969
1970
1971
1972
1973 1998
1974
1975
1976
1977
1978
1979
1980
1981 1992
1982
1983
1984
1985
1986
1987
1988
1989
1990
1991
1992
1993
1994
1995
1996
1997
1998
1999
[0, 1, 1, 0, 1, 0, 0, 0, 1, 0, 0, 1, 0, 1, 0, 1, 0, 1, 0, 1, 1, 1, 1, 1, 0, 0, 0, 0, 0, 1, 0, 1, 1, 1, 0, 0, 1, 1, 0, 1, 1, 0, 1, 1, 0, 0, 0, 0, 0, 1, 0, 1, 0, 0, 0, 1, 1, 1, 0, 0, 1, 0, 0, 1, 1, 0, 1, 0, 0, 1, 1, 1, 1, 0, 0, 1, 0, 0, 1, 0, 1, 1, 1, 0, 1, 1, 1, 0, 0, 1, 0, 0, 0, 0, 1, 0, 1, 1, 1, 0, 1, 0, 0, 1, 1, 1, 0, 1, 1, 0, 0, 0, 0, 0, 1, 0, 0, 1, 0, 1, 1, 0, 1, 0, 0, 0, 1, 1, 1, 1, 0, 1, 0, 0, 0, 1, 1, 0, 1, 0, 0, 1, 1, 0, 1, 1, 1, 1, 1, 1, 1, 1, 0, 0, 0, 0, 1, 0, 1, 1, 0, 1, 1, 0, 1, 0, 0, 1, 0, 1, 1, 1, 0, 1, 0, 1, 0, 0, 1, 0, 0, 0, 1, 0, 0, 0, 1, 0, 1, 1, 1, 1, 1, 1, 0, 1, 1, 1, 0, 1, 1, 0, 0, 1, 1, 0, 0, 0, 0, 1, 0, 0, 0, 0, 1, 0, 1, 1, 1, 1, 0, 1, 0, 1, 1, 0, 1, 1, 0, 0, 1, 1, 0, 0, 0, 0, 1, 0, 1, 0, 1, 1, 1, 1, 1, 1, 0, 1, 1, 0, 0, 0, 1, 0, 0, 0, 0, 0, 0, 0, 1, 0, 0, 1, 0, 1, 1, 1, 1, 1, 0, 1, 1, 1, 0, 0, 0, 0, 0, 1, 0, 0, 0, 0, 0, 0, 0, 0, 0, 1, 1, 1, 0, 0, 0, 0, 0, 0, 0, 1, 1, 0, 1, 1, 1, 0, 1, 0, 0, 1, 0, 1, 1, 1, 0, 1, 0, 1, 1, 1, 0, 0, 0, 0, 1, 0, 1, 0, 1, 0, 1, 1, 0, 0, 1, 0, 0, 1, 1, 1, 1, 0, 0, 0, 1, 0, 0, 0, 1, 1, 1, 1, 0, 1, 1, 1, 0, 1, 0, 1, 0, 0, 1, 1, 0, 1, 0, 1, 0, 0, 0, 0, 1, 1, 0, 1, 1, 0, 1, 1, 0, 0, 0, 1, 0, 1, 1, 1, 0, 0, 1, 0, 1, 0, 0, 0, 0, 1, 1, 0, 0, 1, 0, 1, 0, 0, 0, 0, 0, 1, 0, 1, 0, 0, 1, 0, 0, 0, 0, 1, 0, 1, 0, 0, 0, 0, 1, 1, 1, 1, 1, 0, 0, 0, 1, 0, 0, 0, 1, 1, 0, 0, 0, 1, 0, 0, 0, 1, 1, 0, 0, 0, 1, 1, 1, 0, 1, 1, 0, 0, 1, 0, 0, 0, 1, 0, 1, 1, 1, 0, 0, 1, 0, 1, 1, 0, 1, 0, 1, 0, 1, 0, 1, 1, 1, 1, 1, 1, 1, 0, 0, 0, 0, 0, 0, 0, 1, 1, 0, 1, 0, 1, 1, 0, 1, 0, 1, 0, 0, 0, 0, 1, 1, 0, 0, 1, 1, 1, 0, 0, 1, 1, 1, 1, 0, 0, 0, 1, 1, 1, 1, 1, 0, 1, 0, 1, 1, 1, 0, 1, 1, 1, 0, 1, 1, 0, 0, 1, 0, 1, 0, 1, 1, 0, 1, 1, 0, 1, 1, 1, 1, 1, 1, 1, 1, 1, 1, 0, 0, 1, 1, 0, 0, 0, 1, 0, 0, 1, 1, 1, 1, 1, 1, 0, 1, 0, 1, 0, 1, 0, 0, 1, 1, 1, 1, 1, 1, 1, 0, 0, 0, 0, 1, 0, 0, 1, 1, 1, 0, 0, 0, 0, 0, 0, 1, 1, 1, 0, 1, 1, 1, 1, 1, 1, 1, 0, 0, 1, 0, 1, 1, 1, 1, 1, 1, 0, 0, 1, 0, 0, 0, 0, 1, 0, 1, 1, 1, 0, 0, 1, 1, 0, 1, 0, 0, 0, 1, 0, 1, 1, 0, 0, 1, 1, 1, 1, 1, 1, 1, 1, 0, 1, 1, 0, 0, 1, 0, 0, 1, 1, 1, 0, 0, 1, 0, 1, 1, 0, 0, 0, 0, 0, 0, 1, 0, 1, 0, 1, 0, 1, 1, 1, 1, 1, 0, 1, 0, 1, 0, 1, 1, 1, 0, 1, 1, 0, 1, 1, 0, 1, 0, 0, 0, 0, 0, 1, 1, 0, 1, 1, 1, 1, 0, 0, 0, 1, 1, 0, 0, 0, 0, 0, 1, 0, 0, 1, 0, 1, 1, 1, 0, 1, 0, 1, 0, 0, 1, 1, 0, 0, 1, 0, 1, 0, 1, 1, 0, 0, 1, 0, 0, 0, 0, 0, 1, 0, 0, 1, 1, 1, 0, 1, 1, 0, 0, 1, 1, 1, 1, 1, 1, 0, 1, 0, 0, 0, 0, 1, 1, 1, 1, 0, 0, 0, 0, 0, 0, 1, 0, 1, 1, 1, 1, 1, 0, 0, 0, 1, 1, 1, 1, 0, 1, 1, 0, 0, 1, 1, 1, 1, 1, 0, 1, 0, 0, 0, 0, 1, 0, 0, 1, 1, 0, 1, 0, 0, 0, 1, 0, 0, 1, 0, 0, 0, 1, 1, 1, 0, 0, 0, 1, 1, 0, 0, 1, 0, 1, 0, 0, 0, 1, 1, 1, 1, 1, 0, 1, 0, 0, 1, 1, 0, 1, 0, 0, 0, 1, 1, 0, 0, 0, 1, 0, 0, 1, 1, 0, 0, 0, 1, 1, 0, 1, 1, 1, 1, 0, 1, 0, 1, 0, 1, 1, 0, 0, 0, 0, 1, 0, 1, 0, 0, 1, 0, 1, 0, 0, 1, 1, 1, 0, 0, 1, 0, 1, 1, 1, 0, 0, 0, 0, 0, 0, 1, 0, 0, 1, 0, 1, 1, 1, 0, 0, 1, 0, 1, 1, 1, 0, 1, 1, 0, 1, 0, 0, 0, 1, 1, 0, 0, 0, 0, 0, 0, 1, 1, 0, 0, 1, 0, 1, 0, 1, 0, 0, 1, 0, 1, 0, 0, 0, 1, 1, 1, 1, 0, 0, 1, 1, 0, 1, 1, 1, 0, 1, 0, 1, 0, 1, 0, 1, 1, 0, 1, 0, 0, 1, 1, 0, 0, 0, 1, 0, 0, 0, 0, 0, 1, 0, 0, 0, 0, 1, 0, 0, 1, 1, 1, 1, 1, 0, 1, 0, 1, 1, 1, 1, 1, 0, 1, 1, 1, 0, 1, 1, 1, 1, 1, 1, 0, 1, 1, 0, 0, 1, 0, 1, 0, 1, 1, 1, 1, 1, 1, 0, 0, 0, 0, 0, 0, 0, 1, 1, 0, 0, 1, 1, 0, 1, 0, 1, 1, 0, 1, 0, 1, 1, 0, 0, 1, 0, 1, 0, 1, 1, 1, 0, 1, 1, 0, 1, 1, 1, 1, 1, 1, 1, 0, 0, 1, 0, 1, 1, 0, 1, 0, 1, 0, 0, 1, 1, 1, 0, 1, 0, 0, 0, 1, 1, 0, 0, 0, 1, 1, 0, 0, 1, 1, 0, 0, 1, 1, 0, 1, 0, 1, 0, 1, 0, 0, 0, 0, 0, 0, 0, 0, 1, 0, 1, 1, 0, 1, 0, 1, 1, 0, 0, 1, 0, 0, 1, 0, 1, 0, 1, 0, 1, 0, 1, 0, 0, 1, 1, 0, 1, 0, 1, 1, 0, 0, 0, 1, 1, 1, 1, 0, 1, 1, 0, 1, 1, 1, 1, 0, 0, 0, 1, 1, 0, 0, 1, 1, 0, 1, 1, 1, 1, 0, 1, 0, 0, 0, 0, 0, 1, 0, 1, 1, 1, 0, 1, 1, 1, 0, 1, 1, 1, 1, 0, 1, 0, 0, 1, 0, 0, 0, 0, 0, 1, 1, 0, 0, 1, 0, 0, 0, 0, 1, 0, 1, 1, 0, 1, 0, 0, 0, 0, 0, 1, 1, 0, 1, 0, 0, 0, 1, 1, 0, 1, 1, 1, 0, 0, 0, 1, 1, 1, 0, 1, 0, 0, 0, 1, 0, 1, 1, 1, 1, 0, 0, 1, 0, 0, 1, 1, 0, 1, 0, 1, 1, 0, 0, 1, 0, 1, 1, 0, 0, 0, 1, 1, 0, 0, 1, 0, 1, 1, 0, 0, 0, 0, 1, 1, 0, 1, 0, 1, 0, 0, 0, 0, 1, 1, 0, 1, 1, 0, 1, 0, 0, 0, 0, 1, 1, 0, 0, 0, 1, 1, 1, 1, 1, 1, 0, 1, 0, 0, 0, 0, 1, 1, 1, 0, 1, 1, 0, 0, 0, 0, 0, 0, 1, 1, 0, 1, 0, 1, 0, 0, 1, 1, 0, 0, 1, 1, 0, 0, 0, 1, 1, 1, 0, 0, 0, 1, 1, 1, 0, 0, 0, 1, 0, 0, 1, 1, 1, 1, 0, 0, 0, 1, 0, 0, 1, 1, 0, 1, 0, 0, 0, 1, 1, 1, 1, 1, 1, 0, 1, 0, 0, 1, 1, 0, 0, 1, 0, 0, 0, 0, 0, 1, 0, 1, 0, 1, 0, 1, 1, 0, 1, 0, 0, 0, 1, 0, 0, 0, 0, 1, 0, 0, 1, 0, 0, 1, 1, 1, 0, 1, 1, 0, 0, 1, 1, 1, 0, 1, 1, 0, 0, 1, 1, 0, 0, 1, 1, 0, 0, 0, 1, 1, 0, 1, 0, 0, 0, 1, 1, 0, 1, 0, 1, 0, 1, 0, 1, 0, 0, 1, 0, 0, 1, 1, 0, 1, 0, 1, 0, 0, 0, 0, 1, 1, 0, 0, 1, 0, 0, 1, 1, 1, 0, 0, 1, 1, 0, 0, 1, 1, 0, 0, 0, 1, 1, 1, 1, 1, 0, 0, 0, 0, 1, 0, 0, 0, 0, 1, 1, 0, 0, 0, 0, 0, 0, 0, 1, 0, 0, 1, 1, 1, 0, 0, 0, 0, 0, 1, 0, 0, 1, 1, 1, 1, 1, 1, 1, 0, 1, 1, 0, 0, 1, 0, 0, 1, 1, 1, 0, 0, 1, 1, 0, 0, 1, 1, 1, 0, 0, 0, 0, 0, 1, 1, 1, 0, 0, 0, 0, 0, 0, 0, 1, 0, 0, 0, 0, 1, 0, 0, 0, 1, 0, 1, 0, 1, 0, 0, 1, 0, 0, 1, 0, 0, 0, 0, 1, 1, 0, 0, 0, 0, 1, 0, 0, 1, 1, 1, 0, 0, 0, 0, 1, 1, 0, 1, 0, 1, 0, 0, 0, 1, 0, 0, 0, 1, 0, 1, 0, 0, 1, 1, 1, 1, 1, 1, 1, 1, 1, 1, 1, 1, 0, 1, 1, 1, 1, 0, 0, 0, 0, 1, 0, 0, 1, 0, 1, 1, 0, 0, 0, 0, 0, 1, 1, 1, 1, 0, 0, 1, 0, 0, 0, 0, 0, 1, 1, 1, 1, 1, 1, 1, 0, 1, 0, 1, 1, 1, 0, 0, 0, 0, 1, 0, 1, 0, 1, 1, 0, 1, 0, 0, 1, 0, 0, 0, 1, 0, 1, 0, 0, 0, 1, 1, 1, 0, 0, 0, 1, 0, 0, 1, 1, 0, 1, 1, 1, 0, 0, 0, 1, 0, 1, 0, 1, 1, 1, 0, 0, 0, 0, 0, 1, 1, 0, 1, 1, 1, 0, 0, 0, 1, 1, 0, 1, 0, 1, 1, 0, 1, 1, 0, 0, 0, 0, 0, 0, 1, 0, 0, 1, 1, 0, 0, 1, 0, 0, 1, 0, 0, 1, 0, 1, 0, 1, 0, 1, 0, 1, 1, 1, 1, 0, 1, 0, 1, 1, 1, 0, 1, 0, 1, 1, 1, 1, 0, 1, 1, 0, 0, 0, 1, 0, 1, 1, 1, 0, 1, 1, 1, 1, 0, 0, 0, 0, 1, 1, 0, 1, 1, 0, 0, 0, 1, 0, 0, 1, 1, 1, 1, 0, 1, 1, 0, 0, 1, 1, 0, 1, 1, 1, 1, 1, 1, 0, 0, 1, 0, 0, 1, 1, 1, 1, 0, 1, 0, 0, 1, 0, 0, 0, 1, 0, 0, 0, 0, 0, 0, 1, 1, 1, 0, 0, 0, 0, 1, 0, 1, 0, 0, 0, 0, 0, 1, 0, 0, 0, 1, 0, 0, 1, 1, 1, 1, 1, 0, 0, 0, 0, 1, 0, 0, 0, 0, 1, 0, 1, 1, 1, 0, 0, 1, 0, 0, 1, 0, 0, 1, 1, 1, 1]