#/home/brian/Documents/summer17/Python/VEC/scripts/make_SBM_graphs.py
# GMT Thu Jul 27 21:51:56 2017
# 
0 112 19 93 166
1 16 14 60 150 86
2 103 107 108 173 147 118 158 127
3 128 97 99 168 138 90 155 42
4 195 45 20 54 120 191
5 49 71 81 24 122 123 186
6 192 160 67 10 142 111 153
7 127
8 193 107 14 144 180 117 182 56
9 40 105 125 127
10 192 163 148 22 87 56 89 122
11 133 184 183 24 60 63
12 40 31
13 17 156 70 47
14 100 129 73 92
15 74 122 172 29 37
16 194 76 58 93 63
17 193 175 20 31
18 25 75 44 197 94
19 65 194 137 141 51 53
20 162 69 73 141 54 59 92 29
21 38 55
22 37 69
23 97 170 145 83 94 190
24 194 199
25 40 91 35
26 147 93 199 175
27 176 41 90
28 160 162 163 37 149 186 91 69
29 106 47 149 119 185
30 82 35 150
31 60
32 169 121 53 173 127
33 87 53 38 77
34 147
35 76 135
36 145
37 170 140 48 52
38 197
39 159 76 95
40 87
41 129 170 107 50 59
42 176 80
43 109 198 173
44 147 183 135
45 176
46 81 83 185
47 67 141 117 59
48 96 59 155
49 112 128 195
50 112 148 79
51 137 93
52 128 67 73 80 163 124 127
53 136 169 158
54 97 100 168 73 196 171 85 119 185 91
55 128 135 104 168 180 119 148
56 151
57 157 191
58 84 150
59 181 155 124
60 139 170 93
61 120 176 131 165
62 104 82 103
63
64 100 81 180 117 123 85
65 130 70
66 120 162 68
67 71 79
68 85
69 129
70 142
71
72 154 75
73 196 124
74 130
75 174
76 77 110 183 126
77 190 78 103
78 194 139
79 96
80 160 130 171 92
81 195 87
82 97 103 113 178 94
83 185 162 154
84 98 93
85 117 151 100 124
86 145
87 162 132 92 126
88 152
89 124
90 153 106 148
91 146 162
92 97 132 149 119 154 189
93
94 198 109
95 198 150
96 128 141
97 160 170 107
98 145 148 191
99 129
100 170
101 131 191
102 178 131 147
103 133
104 175
105 164
106 123 171
107 170 141 179
108
109
110 137
111 153 186
112 155
113 127
114 120 130 117
115 124
116 186
117 189 126
118 184 136 158
119 165 151 143 123 190 182
120
121 137 133
122 193 162 132 138
123 129 145 180 138
124
125 147 139 157
126
127
128 164
129 196 155 186 158
130
131
132 163
133 165 199
134 160 194 163
135
136 169 137
137 163 164
138 186
139 167
140 186 188
141 143
142 188 143
143 149
144 194
145
146
147 164 173
148
149 160 154 153 186
150
151 162 177 154
152 164
153 195
154
155 182 183
156 188
157 184
158 199 191
159 188
160 196 180
161 186 190
162
163
164
165 178
166 167
167
168
169
170
171
172
173
174
175 183
176 189
177 192
178 188 191
179
180
181
182
183
184
185 190
186 190
187 197
188
189
190
191
192 196
193
194 198
195
196
197
198
199
[0, 0, 0, 1, 1, 1, 1, 0, 1, 0, 1, 0, 0, 1, 1, 1, 0, 1, 0, 0, 1, 1, 1, 1, 0, 0, 0, 1, 1, 1, 0, 0, 0, 0, 1, 0, 1, 1, 0, 0, 0, 1, 1, 0, 0, 1, 1, 1, 1, 1, 1, 0, 1, 0, 1, 1, 1, 0, 0, 1, 0, 0, 0, 0, 1, 1, 0, 1, 0, 1, 1, 1, 1, 1, 1, 0, 0, 0, 0, 1, 1, 1, 0, 1, 0, 1, 0, 1, 1, 1, 1, 1, 1, 0, 0, 0, 1, 1, 1, 1, 1, 0, 0, 0, 0, 0, 1, 1, 0, 0, 0, 1, 1, 0, 1, 1, 1, 1, 0, 1, 0, 0, 1, 1, 1, 0, 1, 0, 1, 1, 1, 0, 1, 0, 0, 0, 0, 0, 1, 0, 1, 1, 1, 1, 1, 1, 0, 0, 1, 1, 0, 1, 0, 1, 1, 1, 1, 0, 0, 1, 1, 1, 1, 1, 0, 0, 0, 0, 1, 0, 1, 1, 1, 0, 0, 0, 1, 1, 0, 0, 1, 0, 1, 0, 0, 1, 1, 0, 1, 1, 1, 0, 1, 1, 0, 1, 1, 0, 0, 0]