#/home/brian/Documents/summer17/Python/VEC/scripts/make_SBM_graphs.py
# GMT Thu Jul 27 21:51:54 2017
# 
0 136 1164 637
1 88 1231
2 634 197 1722 1310 919
3 235 1101 111 1491 85 637
4 1209
5 692 615
6 1865 1945
7 216 1337
8 1336 1521 1812 1006
9 1036 1557 614
10 730 588
11 14 1239
12 472 1658 982 1439
13 1306 811
14 367
15 1865 1090 471
16 632 1441 1594 1421 278
17 1016 101
18 624 136 459 534 1983
19 689 707 151
20 1409 570
21 1410 1275 1316 939 1142
22 829 1670
23 1136 35
24 1211 1436 759
25 1231
26 1821
27 656 457 82 403
28 1085 1206 399
29 256 537 300
30 864 1794 1526 278 726 1660
31 261 678 1686 408 315 1757
32 780 522 1164
33 570 212 1901
34 1499
35 1545
36 1945 1055
37 753 1257 1778 1649 786 990
38 1448 458 1608 1746 724 120 1181 894
39 924 1484
40 332 1318
41 865 1828 69 343 1455 375
42 1883 387
43 1034
44 1534
45 934 714 1841 1270 984 1114
46 514 411 1683 1597
47 1899 1767
48 582 1740 211 634 1087 1182 863
49 1393 713 127
50 1000 953 207 673
51 1079
52 395
53 451 703
54 1456 554 1659 350
55 600 697
56 1222 1511 1418 463 1488 884 155
57 423
58 900 1334
59 1976
60
61 1594 821 1294
62 1129 1782 1583
63 1153 457 1005 1933 1234 659 1246
64 1920 1246
65 250 523 1022
66
67 1113 1790 479
68 704 1697 267 687
69 705 1890 899 365 923
70 1923 1429
71 473 1813
72 1435 1252 1709
73 1512 1231 336 456 854 1884
74 843 1038 1680 465 888 379
75 1193 569
76 560 777 736 1259 1677
77 832 1132 687
78 753
79 1001
80 1749 1183
81 969 334 1271
82 1660 1919
83 1920
84 275 1988 1117
85 824 1346 1535 1647
86 856 600 245
87 1112 1387 149 454
88 1788 1925
89
90 1414
91 1784 628 1477
92 1042 1052 719
93 1216 1440 965 1612 1426 1208 1950
94 417 412 1013
95 907
96 1529 804
97 916 423 1108 1311
98 216 1909 1711
99 1634 1036
100 1583
101 616 234 1268 1489
102 1896 765 1989 1477
103 1176 1053 1015
104 224
105 621 493
106 1824 1200 874 1147 398
107 1437 1326
108 1212
109 1404 1133
110 408 178 1861
111 577 826 1882
112 1938 1162
113 778 252 1031
114 666 855 1319
115
116 1282 1932 965 534 1471
117
118
119 747
120 1192 366
121 1616 275 604 1646
122 1793 757 653
123 1194 1787 892
124 1632 1384 346 1830
125 152 1273 1655 1435 1777
126 1344 625 1756 606
127 1479 1769 1159 1421 1086
128 584 546 1468 598 671
129 274 1659 1181 1542
130 402 1476
131 532 1431
132 1275 934 1963 1138 987 1791
133 1728 914 1003 1374
134 448 1335 679 319
135 896 914 1620 1310
136
137 1715
138 1672 1993 1378 1958
139 1600 1533 191
140 1920 1293 582
141 1301
142 1312 1442 667
143 356 1589 1830 805
144 1720 737 603 1869
145 808 1041 310
146 831 652 1013 949
147 360 528 522 901
148
149 1140 1835 516 1007
150 1528 1700
151 184 1169 204
152 293
153 649 1947 540
154
155
156 1224 969 741 353
157 1007 1799
158 1827 1123 1630 463
159 376 1104 371
160 1368 1138 843 1628
161 1708 1726
162 1002 1435 1487
163 1514 1445
164 368 401 858 1702 598
165 288 1788 1758
166 1831
167 889 234 1484
168 1552 1049
169 729 1442 980 578
170 1099 1139
171 1633 415
172 241 902
173 1771
174
175 1490 1012
176 632 1433 1373 439
177 1717
178 867 1004 304 274 251
179 383 1723 1510 1287
180 1497 1415 1337
181 721 1218 549 590 1953
182 1388
183 1561 1495
184 391 388 653
185 1830
186 385 1339 1220 1155
187 976 1780 1294
188 1434 852 1550 1734
189 1061
190 1284 941 784 1202 1172 796
191 460 1167 1405 303
192 1787 1667 287
193 233 405 737
194 1304 1187
195 515 1390
196
197 1924 1236
198 771
199 793 1930 1988 685
200 1288 386 1996 813
201 1281 1155 769 489 1589 310 1848 1789
202
203 1344 1071
204 1513 1178 315 274
205 1776 1025 968 452 1973
206 708 264 1105 1493 1887 725
207 1980 332 1597 1514
208 922 605 1893
209 905 1791 741 1102 1175
210 1486 703
211 939
212 1598
213 1817 332 1958
214 1392 527
215 1413 1863
216 293 230 1083 1087
217 1220 1386 1868 1229 1873 821
218 1425 1495
219 1120 868 1556 654 1815
220 944 1219 487 703
221 451 612 263 1966 1138 1557
222 1146 950
223 1595 1507 437 350 1577
224 704 1891 1838
225 229 495
226 1760 1587
227 640 1089 453
228 1266 749 1631
229 741 296 841 1007 895
230 1620 1711
231
232 692 670
233 669 365 1197
234 1380 618 875 1838 590 987
235 1938 667
236 1096 1441 822
237 1018 971 1948 1053
238 441 619 679
239 994 1384 498 1400 317 1982
240 1187 863
241 1800 770 1101
242 1109 671
243 1476 1043 403 1724 991
244 1500 1053
245 1431
246 1872 755 788
247 1827 690 1115 554
248 1953
249 898 1452 485
250 1835 1566 974
251 291 1042 914 1238
252 1472 897 1358 1949 1406
253 1229 573
254 837 470
255 1194
256 428 759
257 1574 583 1289 1578 1136 1973
258 1025
259 1760 825 1029 1593
260 1064 770
261 640 748 1437 694
262 472 564
263 1817 1539 1148
264
265 1667 1269 798
266 1664 1147 1366 799
267 705 1781 1977
268 1850 294 1390 1333
269 1025 666 788
270 288 1762 809 279 503 570 987 830
271
272 625 1219 982 1719
273 793
274 659 1453
275 1162 1420 1005 1199 1968 981 1526
276 294 398 1746 1395 888 955
277 1910 1863
278 1208 1936 337
279 1272
280 1875 1215 1290 767
281 399
282 1051 1142
283 569 1816 793 1627 348 1149
284 1369 1363 589 761
285 1259 556 701
286 762 986 618 1229 1293
287 648 1897 1098 360 723 478
288 1824 1552 563 773 699 1093
289 1833 1219 516 1487
290 1940 1815
291 505 1539 932 1910
292 688 865 1386 1212 1713
293 450 1841 972 499 634 958
294 1750
295 596 366
296 1040 1264 334 591
297 543
298 448 524 670 734
299 776 1451
300 903
301 704 450 1046
302 1529 1858 1772 1492 447
303 1712 1090 861 1726
304 1952 1091
305 1816 345 731
306 1279
307 1184 355 1740
308
309 1659 1582
310 1494
311 1297 542
312 702
313 641 1741 1806 1103 814 1115
314 436 1757 1134 1471
315 361
316 1988 797 975
317 1331 1724
318 546 899 1318 1164 1784 1918
319 408 1436 1566
320 1555 1469 750
321 1697 666
322 1488 1033 844
323
324 1561 443 1134
325 1092 1862
326 792 897 726 1414 807
327 810 1461
328 1064 569 1059 750 678
329 1690 475 1898 1263
330 898 406 1910
331 1624 1665 1182
332 1103 1278
333 1014
334 547 516 1989 611 1375
335 1657 979 1708 1302
336
337 816 1049
338 933 1877
339 721 834 843 699
340 1163 1398 1871
341 466 1781 1210
342 738 1419 1338
343 1744 546 1086 1958
344 1108 603 1180 1479
345 974 1431
346 1840 580 692 1351
347 514 724 1773
348 587 497 1034
349 800 1669 1702 499 665 1244
350 579 1943 1840 403 1559
351 1355 372 366
352 1132 933 1343
353 1491 1446 1974
354 355
355 1064 1422
356 1208 469 1901
357 481 588 1583
358 1993 497 1817 389 767
359 1064 384 1723
360 1823
361 1018 535
362 1209 1926
363 722 691 1164
364 618 925 1390
365 552 1293 751 1011 760
366
367 1322 981 570 1211 1437 575
368 1900 914 1643 1267
369
370
371 634 1834 1015 1026
372 1297 890 1798
373 1064 1864 1803 1757
374 921 571 753
375 1435 1617 943
376 552 1139 382
377 536 1223
378 1915 1166 1702 1143
379 580
380 1500 974
381 1610 1919 1773 423
382 726 695
383 634 1580 485 846
384 794 1655
385 938 1173 1958 1175
386 1192 1992
387 1545
388 408 896
389 515 631 1008 1938 1463 920 1177
390 416 1864 818 1127
391 1761 1954 1609 848 1362
392 563 1860
393 1936 1456
394 1085 1391 517 1559
395 1376 519 1769 1175 1872 785 439
396 1962 1386 1715 1707 751
397 1842 723 1695
398 1380 806 907 622 469 1337 1434
399 732 1413 917
400 696 787 1079
401 1900 441 1151
402 1577 418 1482 1191
403 1217 1807 726 1471
404 1926
405 1905 1813 536 1854 1727
406 1505 683 965 1239
407 911
408 1840 599 1593
409
410 1236 1111
411 1354 1311 922 1007
412 1792 1378 1495
413 1733 1164 1005 1010 886 1464
414 1848 687
415 1518 663
416 1512 1634 1877 1015
417 776
418
419 1076 1422
420 1095
421 1376
422 1358 902 1918 1375
423 523 1932 798 1596 1054
424 1790
425 850 1223
426
427 550 1900 528 1556 599 1435
428 1669
429 1292 1869 1808 1170 1047 1784 1086
430 1489 1026 1577 1823
431 1834 916 1718 1591
432 1336 481 995 862
433 610 1843 1900 1026 637
434 1804 1886
435 1760 1325
436 1827 1874
437 1066 1909
438 904
439 1122 460 851 1180
440 753 495
441 577
442 1760 1163 493 919
443 1384 1442 1694
444 1400 1290
445 888 909 1958 959
446 1056 1010 1083
447 1818 460 1078 703
448 595 1879
449 1824 899 1422 625 1940 828 830
450 968 1171 1723 485
451 942
452 993 510 926
453 1064 1706 870 1910
454
455 529 1580 757
456 1087 532 663
457 897 1094
458 1226 1575
459 1531
460 516 808 811 1204
461 1415
462 1570
463 485
464 1927
465 1288 507 951
466 581
467 513 940 497 821 921 890 1429
468 1378
469 616
470 1594 691 474 1991
471
472 936 1133 1999 1208
473 1440 536 1226 1369
474 865 1382 1549
475 1824 923 540 1995
476 617 885
477 1425 724
478 601 1099 499
479 1155 1476 967 589 882 564 1978 1115
480 1670
481 1960 1070 974
482 737 1990 1706 844 1010 919 1930 991
483 672 784
484 650 1237 671
485 615 1296
486 1090 1333
487 1525
488 607
489 1325 1517 1590 1689 990
490
491 1857
492 1314 1494 1702
493 659 732
494 811 758
495 1610
496 596
497 1528 1886
498 855
499 1071
500 1685 1379 1541 1887
501 1014 1162 1715 1974 1275 714
502 928 1595 676
503 1370 1468
504 1708 646 1223
505 1608 1938
506 1842 1764
507 994 547 619 813 1486 1808 1692
508 1233 1580 1518
509 832 1400 562
510 766
511 860 1679 892 879
512 865 703 900 1121
513 1112 1080 1540 951
514 891 1708 612
515
516 786 1918 703
517 1840 1761
518 897 834 770 1710 1553 831
519 960 747 874 1839 1336
520 1280 1708 1566 999
521
522 1232 844
523 1058 1682 883 1982
524 1148 1357 1765
525 1759 678 710 1941
526 1153 1059
527 1153 1747
528 1926 1982
529 1666 1150
530
531 1091 647 1101 1501
532 1516 1078
533 977 654 1767
534 1992 879
535 972
536 834 1361 724 1687
537 1011 1467
538 960 1633 1943 623
539 1048 1137 995 1805 654
540 1637
541
542 1283 1051 703
543 1177 879 1359
544 1344 1376 1828
545 1368 1632 906 1523
546 920 1274 1820
547 967 1389 1557
548 696 860 746 1468
549 1601 1838 975
550 1450 918
551 1701 1686
552 1654
553 1360 1668 1588
554 1236 1322 812
555 1716
556 1626
557 1148 1598 767
558 1811 1420 1651 1572
559 1337 893 1782
560 1980 1619 979
561 942
562
563 1220 1293 1261 1722 1243 1775
564
565 1363
566
567 849 962 1553 1039
568 1618 1371 997 1267
569 1650 1196
570 963 1478 1262 1791
571 1344 994 1475 1700 1557 927
572 1603 1324 1125
573 1971 1735
574 1953 1939 756 1820 1681
575 1231 781 1037 1615
576
577 1473 1926 826 1850
578
579 1717 1206
580 1552 1912
581 1261
582 1068 1861 663
583 1648 636
584 1601 1662 1857
585 1303
586 1690 636 1478 1638
587 1513 841 757 983 698 1662
588 869 749 1745 790
589 833 1830 717 1455
590 1021
591 620
592 1024 1210 1151
593
594 1600 1235 701
595 1447 1047
596 1385 1264 982
597 1911
598 1308
599 602 1397 767
600 807
601 1066 1124 631
602
603 1250 799
604
605 1351 1806 1271
606 1718 1775
607 1121
608
609 784
610 1714 1036 1149 1783
611 896 969 1168
612 1857 1511 1293 951 1434 1342 767
613 1424
614 1025 950 846
615 1160
616 1090 1029 1478 1737 947 1305 1116
617 1113 995 1910
618 1664 625 1810
619 1884
620 669 1827 1851 1285
621 1442 1900 722 1300 1501
622 1707 1141 1685
623 1793 1747 1282
624 1260 1839 1936 1652 950
625 1318 641 1963 1458
626 1729
627 776 1828
628 1944 970 1420
629 986 987 1540 789 1502
630 1626 1911 743
631 729
632 1994 717
633 880 824 1508 1447
634 1777 882 665
635
636 1051 933
637 1638 1431
638 1462
639 1379 1038
640 679 1493 1823 1884 965
641 1937 772
642 705 1086 814
643 1953 686 1318
644 1406
645 1290 1723
646 1154 1219 1638 1352 1995
647 1250 1500 739
648 649
649
650 1360 661 1214
651 1248 1040 1719
652 777 1531 1269
653 1546
654 1938 823
655 1276
656
657 1513
658
659 1300 1801 1108 1337
660 1414
661 1283 1837 1712 1076 1051 1023
662 961
663 1419
664 1165 1246
665 997 1164 1199
666
667 1530 1604 747
668
669 1062 1511 847 1107 1750 1839
670 1721 1868
671 1378 1255 1257 1487 980
672 1776 1651 790
673 1563
674 1920 797
675
676 1123 1667
677 1062
678 911 766 1631
679 1188 852 1365 1593
680 818
681 1824 1739
682 970 1899 1933 702
683 1761 931 1636
684 758
685 1646 1779 1203 1491
686 1089 1452 1595 1335
687 1873 1672 1681
688 1704 1348
689 1458
690 1773 1502 1999
691 1790 1927
692 1263 727 1115
693 745
694 1962 1979
695 1610 1556 1087
696
697 1152 1402 1470
698
699 1826 1506
700 827 1350
701 1256 1292 1870 1768 1262 1495
702 1056 1571
703 717
704 1704 1746 795
705 825 1357
706 1087 972 1077 1109
707 1492
708 1106 846
709 802
710
711 1960 1702
712 1306 1423
713 1063 1713 1743 1991
714 1463 1284
715
716 1457 1004
717 1632
718 1408 774
719 1113 853
720 1239
721 1495
722 1321 1482 1666
723 1232 910
724 1316 1500
725 1137 1562 1042 815
726 975 1622
727 1011
728 953 1915 812 1260 1630
729 1247 916
730 1446 1616 1490 755 1462
731 1689
732
733 1680 1649 1402 1791
734 1029
735 736 1664 1954 1444 1745 1009 982 1080 1338
736 1359
737 1824 1286 1025 787 1532
738 1472 1329 1650 1714
739 1061
740 1595 1356 1565 1663
741 1155 1511
742 1289 1090 1540
743 1029
744 1553 1482 1827 1909
745 1386
746 1665 1605 1990 1609 886
747 968 1287 1198 820 1304
748 1182
749 1659 1545
750 848 778 1355 1644 1968 1205
751 1073 1350 1316
752 1983
753 1866 1373
754 765
755 1025 1951
756 1683 1532 1702
757 1936 1001
758 1585 1343
759 1565
760 1867 837
761
762 1090
763
764 1705
765 1638 1416 1553 829
766
767 1011
768
769 1490 1430 1694
770 1006 1933
771 958
772 1835
773 1154 1264 1208 1011 1112
774
775 1670
776 1633 999
777 1976 1628
778 1183
779 1643 1605
780 1952
781 899 1765 1228 820 1118
782 1096
783
784 1611
785
786 1225 1263
787 1510 1617
788 1758 902
789 1977
790 1834 1722
791 1233 1187
792 1715 1814 902 1093
793 1722 1829
794 1698 1149
795
796 1202
797 1753 1795 1507
798 1528 951 1799
799 1904 1525
800 1095
801 1065 1741
802 1998 1124 1470
803 1856 1507
804 1457
805 1220 829
806 1818
807 1681 1371
808 1976 1832 1737
809 1076
810 1655
811 1218 1585 1948
812 1203 1358
813 1798
814 995 1516 1858 1325 1948
815 1065 995
816 1776 1434
817 1757 1493
818 1148 1622
819 1816 1425 1228 1295
820 1528
821 1083
822 1388
823 1312 1805
824 1430 1065
825
826 1424 1959 1620
827 936
828 1232 1170 996 1335
829 1288 1037
830
831 1032 1991
832 1500
833 1286 1097 1130 1325 1274
834 1634 1190 1518 1137 1591
835 1045
836
837 1764
838
839 1610 867 1852
840 1250
841 1299 1357
842 1405 1759
843 925
844 1472 1547
845 1576 1193 1015
846 1664 1028 1234 1821
847 1962
848 1519
849 893
850 1301
851 1290 1691 1947 1791
852 1823 1221
853 1633 1860
854 1424 1631 1783
855 1125 1865 1489 1683
856 1793 1819
857 1369 875 927 1037 1693
858 1877 886 863
859
860 1381
861 1401 1705
862 1497 1684
863 1442 879 1146
864 1952 873
865 1962 1773 1454 1839
866
867 1069
868 1260 1894
869 1537 1005
870 904
871 1209
872 960 1230
873 1162 908 1287
874 956
875 1467 1748 1133
876
877 1922
878
879 1916 1022
880
881 1478
882 1553 1718 923 1982
883 1314 1194 1631
884 1624
885 1065
886 1666 1669 1919
887
888 1014
889 1224 1367
890 1529 1170 1575
891 1135
892 1878
893
894
895
896 1150
897 1321 1005 1582 1936 1106 1396
898
899 1344 1796 976
900 1555
901 1225
902 1253 1994
903 1815
904 1918 1205
905 1613 1902
906 1354 1556 1002
907 1009
908 1599
909 1159
910 1861 1095 1801 1227 1503
911 1377 995
912 1392 1553 1127
913 1561 1092 1518 1455
914
915 924 1188 1670
916
917 1562
918
919 1282 1326 1501 1757
920 1380 1517 1103 1112
921 1256
922 1237 1294
923 1651
924 1073 1077 979
925 1231
926
927 1584 947 1942 979 1854
928 1708 1638 1821
929 1032 1475
930 1697 1591 1061 1207
931
932
933 1890 1204 1844
934 1289 1935 1681 1653
935
936 1498 962 1755
937 1497
938 1168 1290 1900 1455
939
940 1760 1284 1980 1613
941 1323 1390 1743
942 1275
943 1521
944 1125
945
946 1699 1211
947
948 982
949 1403 1237
950 1734 1706 1205
951 1215
952 1532
953 1528
954 1424 960
955
956
957 1632 1835 1614 1136 1009 1053
958 1131 962 1100
959
960 1001 1707 1711 1944
961 1112 1285
962
963 1035 1532 1837
964 1625 1450 1853 1198 1877
965 1686 1119
966 1846
967 1976 1654
968 1444 1127 1360
969 1769
970
971
972
973 1596 1062 1654
974 1054
975 1662
976 1411
977 1987
978 1092 1374 1727
979 1177
980 1458 1420 1597
981 1581
982 1931 1177
983 1596 1493
984 1736 1016 1432 1525
985 1562 1291 1823
986 1859 1533
987 1474 1942
988
989 1424 1917 1238
990 1351 1704 1359 1520
991 1992 1731
992 1536 1808 1253
993 1649 1666
994 1940 1814
995 1446 1803 1114 1916
996 1185 1403
997 1111 1241
998 1642 1364
999
1000 1563
1001 1079 1491
1002 1126 1989
1003
1004 1156 1501
1005 1889 1266 1205
1006 1488 1868 1602
1007 1125
1008 1133
1009
1010 1602 1297 1658
1011
1012 1871
1013 1116 1589
1014 1957 1187
1015
1016
1017 1653
1018 1039 1714 1293 1241
1019 1865 1171
1020 1524 1685
1021
1022 1731 1771 1238 1943
1023 1802
1024 1915
1025 1454
1026
1027 1525
1028 1123 1909
1029
1030 1691 1341 1766
1031 1634 1566 1198
1032 1190 1094
1033 1570
1034 1273
1035 1096 1477 1110
1036 1405
1037
1038 1211
1039 1336 1065
1040 1742
1041 1456 1201
1042 1056 1713
1043 1243
1044 1625 1470
1045 1247
1046 1442 1994 1711 1430 1753
1047 1568
1048 1169 1510
1049
1050 1717
1051 1067 1978
1052 1984 1499
1053 1476
1054
1055 1280 1118
1056 1663
1057 1186
1058
1059 1290 1853 1183
1060 1248 1680 1948
1061 1575
1062 1229
1063 1584 1178 1219 1389
1064 1674 1123
1065 1805 1581 1565
1066 1314
1067 1799
1068 1874 1398 1314
1069 1353 1290 1885 1982
1070 1687
1071 1214
1072 1368 1311
1073 1890 1983
1074 1569 1251 1409
1075 1961 1436
1076
1077
1078
1079 1433 1785
1080 1156
1081 1419
1082 1723 1452 1245 1246
1083 1183
1084 1363 1540 1459
1085
1086 1613 1460
1087 1464 1662 1727
1088 1216 1777 1968 1365 1694
1089
1090 1225 1608
1091 1196
1092 1747
1093 1867
1094
1095
1096 1274 1886
1097 1385 1613 1965
1098 1312 1900
1099 1209 1131 1196
1100 1362
1101 1482
1102 1950 1265
1103 1726 1865
1104 1747
1105 1716
1106 1500
1107 1417 1538 1707
1108 1278 1331
1109 1684
1110 1704
1111
1112 1524 1876
1113 1268 1500
1114 1538 1666 1194
1115 1875
1116 1423
1117 1762
1118 1524
1119 1254 1196 1710 1233
1120 1204
1121
1122 1697 1578 1257
1123
1124 1242
1125 1376 1692 1265 1628
1126 1226 1991
1127 1866 1381
1128
1129 1331 1759
1130
1131 1194 1620 1838
1132 1372
1133
1134 1593
1135
1136 1259 1467 1695
1137 1843 1374
1138 1635
1139 1409
1140
1141 1810 1869
1142 1924 1396 1505
1143 1794
1144 1221 1198
1145 1739 1629
1146 1865 1471
1147
1148 1832 1837 1368
1149 1792 1160 1515
1150 1297
1151 1732 1559
1152
1153
1154
1155 1750
1156
1157
1158
1159 1626
1160
1161 1972 1943
1162
1163 1557 1581
1164 1246 1206
1165 1403 1220
1166 1290
1167 1248
1168 1232
1169
1170 1720 1638
1171 1307 1387
1172
1173 1735
1174 1651 1325
1175 1200
1176 1676 1381
1177 1750
1178
1179 1293
1180 1870 1589 1366 1854
1181 1923 1676
1182 1740 1337 1599
1183 1230
1184
1185 1957 1741 1870 1454
1186 1822
1187
1188 1290 1388 1741 1973 1950
1189 1362 1500
1190
1191 1633
1192 1596 1318
1193 1723
1194
1195 1626 1324 1942
1196 1829 1424 1605
1197 1460 1630
1198 1984 1899 1753
1199 1572 1502
1200 1393 1876
1201 1502
1202 1628 1219
1203
1204 1762 1543 1586
1205 1602 1279
1206 1424 1889
1207 1233
1208
1209 1646 1663
1210 1309
1211 1440 1399
1212 1552 1773
1213 1670
1214 1340
1215 1696
1216 1816 1458 1687
1217 1689
1218 1964
1219
1220
1221 1664 1379 1737 1902 1687
1222
1223 1474 1746
1224 1678
1225
1226
1227
1228 1555 1572 1301
1229
1230 1879
1231 1395
1232 1805 1747
1233 1897
1234 1377 1418
1235 1271
1236 1290 1991
1237
1238
1239
1240 1730
1241
1242 1570 1846
1243 1393 1454 1295
1244
1245
1246 1579
1247 1694
1248 1468 1411
1249
1250 1476
1251
1252
1253 1334 1454
1254 1785 1494
1255
1256 1911
1257 1403 1972
1258 1273
1259 1824 1792 1635
1260 1874
1261 1432 1289
1262
1263
1264 1516
1265 1305
1266 1954
1267
1268
1269 1286
1270 1275
1271
1272 1333 1357
1273 1777
1274
1275
1276 1884 1982
1277 1316 1925
1278 1496
1279 1420
1280 1770 1484 1386
1281 1830
1282 1945 1634
1283
1284 1854
1285
1286
1287 1937
1288 1626 1420
1289 1817 1854
1290 1320 1617
1291 1857 1388 1750 1820 1502
1292
1293
1294 1342
1295 1833 1921
1296
1297 1509 1627
1298 1536 1748
1299 1745 1715
1300 1378 1988
1301 1830
1302
1303 1675
1304 1992 1682 1331 1596
1305
1306
1307 1673 1995
1308 1753
1309
1310 1766
1311 1945 1896
1312
1313 1851 1820 1807
1314
1315 1442
1316 1578
1317 1818
1318 1323 1498
1319 1813
1320 1801 1551
1321 1613
1322 1419
1323 1390
1324 1644
1325 1569
1326 1722 1365
1327 1472 1630
1328 1444
1329 1805 1446
1330 1814
1331 1355 1724
1332
1333 1593
1334 1387 1898
1335
1336 1447 1684
1337 1508
1338 1745
1339
1340 1584
1341 1912
1342 1902
1343 1410
1344 1492 1876
1345
1346 1661
1347 1761
1348 1933
1349 1441 1420 1893
1350
1351 1802
1352 1361 1974
1353 1360 1518 1550
1354
1355 1630
1356
1357
1358 1857 1619 1527
1359 1704
1360 1728 1860 1740 1924
1361
1362 1656
1363 1696
1364
1365 1583
1366
1367 1839
1368 1931 1758
1369 1552 1479
1370
1371 1665 1394 1462 1562
1372 1859
1373
1374 1610 1958
1375 1832
1376 1444
1377
1378 1942
1379
1380 1585
1381 1424
1382 1649
1383
1384 1600
1385 1958
1386 1912
1387
1388 1763 1898
1389 1477 1743
1390
1391
1392
1393 1756
1394
1395 1495
1396 1427 1805 1718
1397 1409 1755 1916
1398
1399 1514
1400
1401 1953 1690 1963
1402
1403 1670 1611 1983
1404 1966
1405 1928 1988
1406 1831
1407 1794 1852
1408 1456 1428
1409
1410 1836
1411 1704
1412
1413 1753
1414
1415 1505 1443 1617
1416 1516 1766
1417
1418
1419
1420 1726
1421
1422 1974 1887
1423 1468
1424 1774
1425 1498 1947
1426 1564
1427 1535 1733 1583
1428
1429 1693
1430
1431
1432 1489 1948
1433 1683
1434
1435 1609 1711
1436 1926
1437
1438 1865
1439
1440 1572
1441 1817
1442
1443 1972
1444
1445
1446 1693 1983
1447
1448
1449 1856
1450
1451
1452 1753
1453 1825
1454
1455
1456 1710 1936
1457
1458 1628
1459
1460
1461 1518 1878 1558
1462
1463
1464 1892 1910
1465
1466 1998
1467
1468 1691
1469
1470 1888
1471
1472 1669 1646 1535
1473
1474 1601
1475
1476 1676
1477 1742
1478
1479 1480
1480 1688 1719 1699 1629
1481
1482 1849
1483 1563
1484
1485 1986 1503
1486
1487
1488 1716
1489 1792
1490
1491 1806 1839
1492
1493 1856 1507
1494 1701
1495 1589
1496
1497 1986
1498 1862
1499
1500 1705
1501 1840
1502
1503 1961 1630
1504
1505
1506 1648
1507
1508 1846
1509
1510 1874
1511
1512 1954 1669
1513 1805
1514 1670 1575 1873
1515 1988
1516
1517 1958
1518 1871
1519 1968 1669
1520 1832
1521
1522 1679
1523 1911
1524
1525 1729 1705
1526 1924 1908 1782 1625
1527
1528
1529
1530
1531 1861
1532 1996 1720 1975 1945
1533 1844 1806
1534
1535 1774 1943 1630
1536 1773
1537 1881
1538 1846
1539 1713 1965
1540 1826
1541 1612 1707
1542
1543
1544
1545 1622
1546
1547
1548 1750 1615
1549
1550 1927
1551 1936
1552 1573 1870 1828
1553 1684 1566
1554 1787 1814
1555 1989 1697
1556
1557 1736 1939
1558 1988
1559 1774 1783 1850
1560 1932
1561
1562 1734 1662
1563 1826
1564 1901 1975
1565 1622
1566 1783
1567
1568
1569
1570
1571 1908 1846
1572 1637 1678
1573 1788
1574
1575 1807
1576 1765
1577
1578
1579 1912
1580
1581
1582
1583 1846 1662
1584
1585 1962 1837 1939
1586 1996
1587
1588
1589
1590 1780 1657
1591 1964
1592 1680
1593
1594
1595 1925 1845
1596
1597
1598 1726
1599
1600 1796 1707
1601
1602
1603
1604 1883 1606
1605 1622 1678
1606
1607
1608 1996 1670
1609
1610
1611
1612
1613 1632 1674 1653
1614 1901
1615
1616 1919
1617
1618 1825 1718
1619 1851
1620 1981
1621
1622
1623
1624 1777
1625
1626 1764 1739
1627
1628 1866
1629
1630
1631 1815 1978
1632
1633
1634
1635 1868
1636
1637 1745
1638 1755
1639 1838
1640 1956
1641
1642 1950
1643
1644
1645
1646
1647
1648 1999 1818
1649
1650
1651
1652
1653 1890 1729
1654
1655 1747
1656
1657
1658 1732
1659
1660
1661 1960 1666
1662
1663
1664
1665
1666 1852
1667
1668
1669 1725 1915
1670
1671
1672 1930
1673
1674 1845
1675 1892 1914 1924
1676 1903
1677 1748
1678
1679
1680
1681 1859 1788
1682 1801
1683
1684 1718
1685 1812
1686
1687
1688
1689
1690
1691
1692
1693
1694 1856
1695 1787
1696 1743
1697
1698
1699
1700 1858
1701 1945 1907 1732
1702 1920
1703
1704
1705
1706 1891
1707 1745
1708 1855
1709 1803
1710 1856 1862 1839
1711 1873
1712
1713 1837 1828
1714
1715
1716
1717 1719
1718 1845
1719 1848
1720 1750
1721
1722
1723
1724
1725
1726
1727
1728 1917 1783
1729
1730
1731
1732
1733
1734 1940
1735
1736
1737
1738 1873
1739
1740
1741
1742
1743
1744
1745
1746
1747
1748 1965
1749
1750
1751
1752
1753 1889
1754 1892
1755
1756 1793
1757
1758 1873
1759
1760
1761
1762
1763 1765
1764
1765
1766 1770
1767
1768
1769
1770
1771
1772
1773
1774
1775
1776
1777
1778
1779
1780
1781
1782
1783 1880
1784
1785
1786 1998
1787 1988
1788
1789
1790
1791
1792 1944
1793 1856
1794
1795
1796 1844
1797
1798 1912
1799
1800 1960 1938 1986
1801
1802
1803
1804
1805
1806
1807
1808
1809
1810
1811
1812
1813 1965
1814
1815
1816
1817 1957
1818 1973
1819
1820 1857
1821
1822
1823
1824
1825
1826
1827 1926
1828
1829
1830
1831
1832 1947
1833 1945
1834
1835
1836
1837
1838
1839 1997
1840
1841
1842 1922
1843 1982
1844
1845 1888
1846 1903
1847
1848
1849
1850 1936
1851
1852
1853 1979
1854
1855
1856
1857 1965
1858
1859 1967
1860
1861 1922 1981
1862 1992
1863
1864 1920 1941
1865
1866
1867
1868
1869
1870
1871 1884 1885
1872 1967
1873
1874
1875
1876
1877 1954
1878
1879
1880
1881
1882 1969
1883
1884
1885 1949
1886 1929
1887
1888
1889
1890 1904
1891
1892
1893
1894
1895
1896
1897 1987
1898
1899
1900
1901
1902
1903
1904
1905
1906
1907 1949
1908
1909
1910
1911
1912
1913
1914 1954
1915
1916
1917
1918
1919
1920
1921
1922
1923
1924
1925
1926
1927
1928
1929
1930
1931
1932
1933
1934
1935
1936
1937
1938
1939
1940
1941
1942
1943
1944
1945
1946 1962
1947
1948
1949
1950
1951
1952
1953
1954
1955
1956
1957
1958
1959
1960
1961
1962
1963 1966
1964
1965
1966
1967
1968
1969
1970
1971
1972
1973
1974
1975 1977
1976
1977
1978
1979
1980
1981
1982
1983
1984
1985
1986
1987
1988
1989
1990
1991
1992
1993
1994
1995
1996
1997
1998
1999
[1, 0, 1, 1, 1, 1, 0, 1, 1, 1, 1, 1, 0, 0, 1, 0, 0, 0, 1, 1, 0, 1, 0, 0, 1, 0, 1, 1, 1, 1, 1, 1, 1, 0, 1, 1, 0, 0, 0, 0, 0, 0, 1, 1, 1, 0, 0, 1, 1, 0, 0, 1, 0, 0, 1, 1, 1, 1, 0, 0, 0, 0, 1, 1, 1, 1, 0, 1, 0, 0, 0, 0, 1, 1, 0, 1, 0, 0, 0, 1, 1, 0, 1, 1, 1, 1, 1, 0, 0, 1, 1, 0, 1, 0, 0, 0, 0, 1, 1, 1, 1, 0, 0, 1, 0, 1, 0, 1, 0, 0, 1, 1, 1, 1, 0, 0, 1, 1, 0, 1, 0, 1, 1, 1, 0, 1, 0, 0, 0, 1, 1, 1, 0, 1, 1, 1, 1, 0, 0, 0, 1, 0, 1, 0, 0, 0, 0, 1, 1, 0, 0, 1, 1, 0, 0, 1, 0, 0, 1, 1, 0, 0, 0, 1, 1, 0, 1, 0, 0, 1, 1, 1, 0, 0, 1, 1, 0, 0, 1, 1, 1, 0, 0, 1, 1, 0, 0, 0, 1, 0, 0, 0, 1, 0, 1, 0, 1, 1, 0, 1, 0, 0, 0, 0, 1, 0, 1, 0, 0, 0, 0, 1, 0, 0, 1, 1, 1, 0, 0, 1, 0, 0, 1, 1, 0, 1, 0, 1, 1, 0, 1, 1, 0, 0, 0, 1, 0, 0, 1, 1, 1, 1, 1, 1, 1, 1, 0, 1, 0, 1, 1, 1, 1, 0, 0, 1, 1, 0, 0, 0, 1, 1, 0, 0, 1, 0, 0, 0, 0, 0, 0, 0, 0, 1, 1, 1, 0, 1, 0, 0, 0, 1, 1, 1, 0, 0, 0, 1, 0, 0, 0, 1, 0, 1, 0, 0, 0, 0, 0, 0, 1, 1, 0, 0, 1, 1, 1, 1, 0, 1, 0, 1, 1, 0, 1, 1, 1, 1, 0, 1, 1, 0, 1, 0, 1, 1, 1, 1, 1, 0, 1, 1, 0, 0, 0, 0, 1, 0, 1, 0, 1, 0, 1, 0, 0, 1, 0, 0, 1, 1, 1, 0, 0, 1, 1, 1, 0, 1, 0, 1, 1, 1, 1, 1, 0, 0, 0, 1, 1, 0, 0, 1, 0, 1, 0, 1, 1, 0, 1, 0, 1, 1, 1, 1, 1, 0, 1, 1, 1, 0, 1, 1, 0, 1, 1, 0, 0, 1, 0, 1, 1, 1, 1, 1, 1, 0, 1, 1, 1, 1, 1, 0, 0, 1, 0, 1, 1, 0, 1, 0, 1, 0, 0, 1, 1, 0, 1, 1, 1, 0, 1, 1, 1, 1, 0, 0, 1, 1, 1, 0, 0, 1, 1, 1, 1, 0, 1, 0, 0, 0, 1, 0, 0, 1, 0, 1, 1, 1, 0, 1, 0, 1, 1, 1, 1, 0, 0, 0, 0, 0, 0, 0, 0, 0, 0, 0, 1, 0, 1, 0, 0, 1, 1, 0, 0, 1, 0, 0, 1, 0, 1, 0, 1, 1, 0, 1, 0, 0, 0, 1, 0, 0, 1, 0, 0, 1, 0, 0, 1, 1, 0, 1, 0, 0, 0, 0, 0, 1, 1, 1, 0, 0, 1, 1, 0, 1, 1, 1, 1, 1, 0, 1, 1, 1, 1, 1, 0, 0, 1, 1, 0, 0, 0, 0, 0, 0, 0, 0, 1, 0, 1, 1, 0, 1, 1, 1, 0, 0, 0, 1, 0, 0, 1, 0, 0, 0, 1, 1, 1, 1, 0, 0, 0, 0, 0, 0, 1, 1, 1, 1, 0, 0, 1, 0, 0, 1, 0, 1, 1, 0, 0, 0, 1, 1, 0, 0, 0, 0, 1, 1, 1, 1, 1, 0, 1, 0, 0, 1, 0, 0, 1, 1, 0, 1, 1, 1, 0, 1, 0, 1, 0, 1, 0, 1, 1, 0, 0, 0, 0, 0, 0, 1, 0, 1, 1, 1, 0, 1, 1, 0, 1, 0, 0, 0, 1, 1, 0, 1, 0, 0, 0, 0, 0, 1, 1, 0, 1, 1, 0, 1, 1, 0, 0, 1, 0, 1, 0, 1, 1, 0, 0, 0, 0, 0, 1, 1, 1, 0, 1, 1, 0, 0, 1, 1, 0, 1, 1, 0, 0, 1, 0, 1, 0, 1, 1, 1, 1, 1, 0, 0, 0, 0, 1, 0, 0, 0, 1, 1, 1, 1, 0, 1, 0, 0, 0, 1, 0, 0, 1, 1, 1, 0, 1, 1, 0, 1, 1, 0, 1, 1, 1, 1, 1, 0, 0, 0, 0, 0, 1, 1, 1, 0, 0, 0, 1, 1, 1, 1, 1, 1, 1, 0, 0, 0, 0, 0, 0, 1, 0, 1, 0, 0, 0, 0, 1, 0, 0, 0, 0, 1, 1, 1, 0, 0, 1, 0, 0, 0, 1, 1, 1, 0, 0, 1, 0, 0, 0, 1, 0, 0, 1, 1, 0, 1, 1, 0, 0, 1, 0, 0, 1, 0, 1, 1, 0, 0, 0, 1, 0, 0, 1, 0, 1, 0, 0, 1, 0, 1, 1, 0, 0, 0, 0, 1, 1, 0, 1, 0, 0, 0, 0, 0, 1, 0, 0, 0, 1, 0, 1, 1, 1, 1, 1, 0, 1, 1, 1, 0, 1, 1, 0, 0, 1, 1, 1, 0, 1, 0, 1, 1, 1, 0, 1, 1, 1, 0, 1, 1, 1, 1, 1, 1, 1, 1, 0, 0, 1, 0, 1, 1, 1, 0, 1, 1, 1, 1, 1, 0, 0, 0, 0, 0, 1, 1, 0, 0, 1, 1, 1, 0, 0, 0, 0, 1, 1, 0, 0, 0, 1, 0, 1, 1, 1, 1, 1, 0, 1, 1, 1, 1, 0, 0, 0, 0, 0, 0, 0, 0, 1, 0, 0, 1, 0, 0, 0, 0, 0, 1, 1, 1, 0, 0, 0, 1, 0, 0, 0, 0, 0, 0, 1, 0, 0, 0, 1, 0, 1, 0, 1, 0, 1, 0, 1, 0, 1, 1, 1, 0, 1, 0, 0, 0, 1, 0, 1, 1, 0, 1, 1, 0, 0, 1, 0, 1, 0, 1, 0, 0, 1, 1, 0, 1, 0, 0, 0, 1, 0, 1, 0, 0, 0, 1, 0, 1, 0, 1, 1, 0, 0, 0, 1, 0, 1, 0, 0, 1, 0, 0, 1, 0, 0, 0, 1, 0, 0, 0, 1, 0, 1, 0, 0, 1, 0, 1, 1, 0, 1, 0, 0, 1, 0, 0, 1, 0, 1, 1, 1, 0, 1, 0, 1, 0, 1, 0, 1, 0, 1, 1, 1, 1, 0, 0, 0, 0, 1, 1, 1, 0, 1, 1, 0, 0, 0, 0, 1, 1, 0, 0, 1, 1, 0, 1, 1, 1, 0, 1, 0, 1, 1, 1, 0, 1, 1, 0, 0, 1, 0, 0, 1, 1, 1, 1, 0, 0, 1, 1, 1, 0, 1, 1, 0, 1, 0, 1, 1, 0, 0, 1, 0, 1, 0, 0, 0, 1, 1, 0, 0, 1, 0, 1, 0, 1, 0, 0, 1, 0, 0, 1, 0, 1, 0, 0, 1, 1, 1, 0, 1, 0, 0, 1, 1, 1, 1, 1, 0, 0, 0, 0, 1, 0, 1, 1, 1, 1, 1, 0, 1, 0, 1, 1, 0, 0, 0, 0, 0, 0, 1, 0, 0, 0, 0, 0, 1, 1, 1, 0, 1, 1, 0, 1, 0, 1, 0, 1, 1, 0, 1, 0, 1, 1, 0, 0, 0, 1, 0, 1, 1, 0, 0, 1, 1, 0, 0, 0, 0, 0, 0, 1, 0, 0, 0, 0, 1, 0, 0, 0, 0, 1, 0, 0, 1, 0, 1, 1, 1, 0, 1, 0, 1, 1, 1, 1, 1, 0, 0, 1, 1, 1, 0, 1, 1, 1, 1, 0, 1, 0, 0, 0, 1, 0, 1, 0, 0, 0, 0, 0, 1, 1, 1, 0, 0, 0, 0, 1, 0, 0, 1, 0, 1, 1, 0, 0, 1, 0, 0, 0, 0, 1, 0, 0, 1, 0, 0, 0, 0, 0, 1, 1, 0, 0, 1, 0, 0, 1, 1, 0, 0, 0, 1, 1, 1, 0, 1, 0, 1, 1, 0, 0, 0, 0, 1, 0, 1, 0, 0, 0, 1, 1, 1, 1, 0, 1, 0, 0, 0, 1, 1, 1, 1, 0, 0, 0, 0, 0, 0, 1, 1, 1, 0, 0, 0, 0, 0, 1, 0, 1, 1, 0, 0, 0, 1, 0, 1, 0, 1, 1, 0, 0, 0, 0, 0, 1, 0, 0, 1, 0, 0, 1, 0, 0, 0, 1, 0, 1, 0, 0, 0, 0, 0, 0, 0, 1, 1, 0, 1, 0, 1, 1, 1, 0, 1, 0, 1, 0, 0, 1, 1, 1, 1, 1, 0, 0, 1, 1, 1, 1, 0, 0, 1, 1, 0, 0, 0, 0, 1, 0, 0, 1, 1, 0, 1, 1, 0, 1, 0, 1, 1, 1, 0, 0, 0, 0, 1, 1, 0, 1, 1, 1, 0, 1, 1, 0, 1, 1, 0, 0, 1, 0, 0, 1, 0, 1, 1, 0, 1, 1, 1, 0, 0, 1, 1, 1, 1, 1, 0, 0, 1, 0, 0, 0, 0, 1, 1, 1, 0, 1, 0, 0, 1, 0, 1, 1, 0, 1, 1, 0, 1, 1, 0, 1, 1, 1, 0, 1, 1, 1, 0, 1, 1, 1, 1, 0, 1, 1, 0, 1, 0, 0, 1, 1, 0, 1, 1, 1, 0, 0, 1, 0, 0, 0, 0, 1, 0, 0, 0, 1, 0, 1, 1, 0, 0, 0, 1, 0, 0, 1, 0, 1, 0, 1, 1, 1, 0, 1, 0, 0, 1, 0, 1, 1, 1, 1, 1, 0, 0, 1, 1, 1, 0, 1, 1, 1, 0, 0, 0, 0, 0, 1, 0, 0, 1, 1, 1, 1, 0, 0, 0, 0, 1, 0, 0, 0, 0, 1, 0, 1, 1, 0, 0, 1, 0, 0, 1, 0, 1, 1, 1, 0, 0, 1, 1, 0, 0, 0, 0, 0, 1, 1, 1, 0, 1, 1, 1, 1, 1, 1, 0, 1, 0, 0, 1, 1, 0, 1, 1, 0, 1, 0, 0, 0, 1, 0, 0, 0, 1, 1, 1, 1, 0, 0, 1, 0, 1, 0, 0, 1, 0, 0, 1, 1, 1, 1, 1, 1, 0, 1, 1, 1, 1, 1, 0, 1, 0, 1, 1, 1, 1, 0, 0, 1, 0, 0, 1, 0, 1, 0, 1, 0, 0, 1, 0, 0, 0, 0, 1, 1, 0, 0, 1, 0, 0, 1, 1, 0, 0, 1, 1, 0, 0, 1, 1, 1, 0, 0, 1, 0, 1, 0, 1, 0, 0, 0, 1, 1, 1, 1, 0, 1, 1, 0, 1, 1, 1, 1, 1, 0, 0, 0, 0, 0, 1, 0, 0, 0, 0, 0, 0, 1, 0, 1, 0, 0, 0, 1, 1, 1, 0, 1, 0, 1, 0, 1, 0, 0, 0, 0, 0, 1, 0, 0, 0, 0, 0, 0, 1, 0, 0, 1, 0, 0, 0, 0, 1, 1, 0, 1, 1, 1, 0, 0, 1, 0, 0, 1, 1, 0, 0, 1, 0, 0, 1, 1, 0, 1, 0, 1, 0, 0, 0, 0, 0, 1, 1, 0, 0, 1, 0, 0, 0, 1, 0, 1, 1, 1, 0, 1, 0, 1, 0, 1, 0, 1, 0, 0, 1, 0, 1, 0, 0, 1, 1, 1, 1, 1, 0, 1, 1, 0, 0, 1, 1, 0, 1, 1, 0, 0, 1, 0, 0, 0, 1, 1, 1, 1, 1, 0, 0, 0, 0, 0, 0, 1, 0, 0, 1, 0, 0, 1, 1, 1, 1, 1, 1, 1, 1, 1, 0, 0, 1, 1, 0, 1, 1, 1, 1, 1, 0, 1, 0, 1, 1, 0, 0, 1, 0, 0, 1, 1, 1, 1, 1, 0, 0, 0, 1, 1, 1, 1, 0, 1, 1, 0, 1, 0, 1, 0, 1, 1, 1, 0, 1, 0, 1, 1, 0, 0, 1, 0, 1, 0, 0, 1, 0, 1, 0, 0, 0, 0, 0, 1, 0, 0, 1, 0, 1, 0, 1, 0, 0, 1, 1, 1, 0, 0, 0, 0, 0, 0, 1, 1, 1, 1, 1, 0, 0, 0, 0, 0, 0, 1, 0, 1, 1, 0, 1, 0, 1, 1, 1, 0, 1, 0, 1, 0, 0, 0, 0, 1, 1, 0]