#/home/brian/Documents/summer17/Python/VEC/scripts/make_SBM_graphs.py
# GMT Thu Jul 27 21:52:08 2017
# 
0 33 193 40 9 144 146 182
1 193 2 144 139 174 157 176 85 42 191
2 37 7 43 144 179 118 87 159
3 193 67 69 14 16 177 83 84 87 148 125 159
4 66 198 167 137 44 144 19 73 191
5 160 71 137 112 82 157 95
6 160 131 182 146 150 183 22
7 67 81 42 139 157 88 118 119 56 87 26
8 96 164 9 107 44 83 148 185 126
9 197 139 142 87 93 30
10 192 64 99 140 48 52 27
11 101 175 49 62 120 57 27 190
12 161 26 195 131 157
13 65 199 74 172 176 113 178 57 89
14 161 67 102 167 71 16 43 149 151
15 160 67 102 38 84 85 24 125
16 69 102 199 40 105 114 86 119 94 191
17 123 41 23 175 52 21 25 120 153 59
18 96 33 68 193 169 123 156 157
19 52 189 141
20 101 109 50 115 183 89 190
21 124 109 70 89
22 69 198 167 107 82 158 94
23 128 36 133 199 140 109 80 69
24 194 173 78 111 52 183 175 93
25 128 161 113 134 199 57 187
26 69 188 152 124 30
27 128 64 195 165 46 49 59 187 92 31
28 153 178 108 127
29 120 64 66 80 191
30 32 161 163 40 78 112 180 156
31 59 132 115 182 88 61 63
32 197 158
33 96 34 114 149 119 90 123 158 53
34 164 69 198 44 100
35 49 194 98 173 129
36 192 168 198
37 163 100 105 131 151 94
38 129 68 133 72 137 150 154
39 41 173
40 130 69 105 138 162 110 146 83 84 186
41 192 128 48 50 115 187
42 164 139 146 181 118 88 90 158
43 161 136 106 114 83 46 55 186
44 97 102 46 174 83 117 54 90 94
45 70 173 142 183 59 61
46 160 131 164 104 51 117 158
47 48 89 78 182 49
48 165 172 189 93 190
49 132 113 59 57 126
50 176 89 155 62
51 97 68 69 167 168 137 76 81 148 60
52 195 190 127
53 98 131 68 136 152 85 87 88
54 146 117 94 87
55 67 166 143 117 86 124
56 163 164 73 139 174 112 83 149 86 105
57 72 78 176
58 65 70 108 141 114 87 92
59 199 144 145 89 125
60 162 147 107 144 114 85 87 124 125
61 65 171 172 127
62 128 65 171 132 106 188
63 69 134 168 127 173 146 121 187 126
64 103 135 141 180 199 184 126 95
65 132 165 70 74 120 89
66 128 135 72 103 92
67 198 199 163 87 119 191
68 130 136 139 110 79 157 180 122 186 191
69 97 102 188 90
70 128 165 135 176 113
71 160 98 131 181 185 93
72 190 89
73 166 104 105 79 112 85 117
74 113 87 108 176 145 183
75 128 101 170 155 92 190
76 193 179 84 184 123
77 109 127
78 99 195 103 135 173 115
79 130 163 199 112 88 156 190
80 101 103 92
81 196 102 104 139 142 112 114 85
82 129 98 144 87 93
83 98 197 174 139 186
84 166 169 173 131 118 90
85 87 110 86 137 158
86 130 169 138 110 142 118 137 181
87 107 104 139 130 177 180 156 125
88 160 99 168 177 182
89 101 134 178 173 148 126 133
90 198 157 146 117 116 186 125 94 191
91 128 99 141 176 178 127
92 187 108 190
93 128 199 141 187
94 112 161 105 142 147 116 188 95
95
96 105 107 111 112 123
97 193 147 143 148 118 157
98 167 146 110
99 178
100 162 127
101 192 183 151
102 135 119
103 192 173 189
104 107 179 123 159
105 129 179 181
106
107 157 159
108 130 166 120
109 119 178 155 190
110 198 169 174 179 157 117
111 177 184 178 121
112 161 196 154 181
113 128 165 171 153 183
114 150 169 174 147 124 158
115 195 172 145
116 124 191
117 136 123 122 126 149
118 198 166 136 149 119
119 198 146 185 154 188
120 189 183 153
121 132 175 182
122 193 166 179 151
123 197 138 142 124
124 160 152
125 129 164 174
126 165
127 171 141
128 177 175 188
129 138 146 180 149 191
130 193
131 162 187 158
132 150 187 189
133 194
134 186 187
135 199 172 178 153
136 168
137 160 156 186 188 159
138 197 167 161 179 148
139 176 146 181 152
140 182 190
141
142 153
143 163 156 161
144 178 191
145
146 198 185
147 179 190 191
148 164 198 174 151 152
149 191
150
151 192 185
152
153 170
154 177 195
155 189
156 166 186
157 181
158
159 164 188
160 167
161 198 191
162 188 196
163
164 167
165
166
167 196
168
169 179 174 183 180 186
170
171 189
172 175
173 192 187
174
175
176 194
177
178 194 190
179 198
180
181
182 183
183
184 192
185 196 197
186
187
188 198 199
189 190
190
191 193
192
193
194
195
196
197
198
199
[1, 1, 1, 1, 1, 1, 1, 1, 1, 1, 0, 0, 1, 0, 1, 1, 1, 0, 1, 0, 0, 0, 1, 0, 0, 0, 1, 0, 0, 0, 1, 0, 1, 1, 1, 0, 0, 1, 1, 0, 1, 0, 1, 1, 1, 0, 1, 0, 0, 0, 0, 1, 0, 1, 1, 1, 1, 0, 0, 0, 1, 0, 0, 0, 0, 0, 0, 1, 1, 1, 0, 1, 0, 1, 0, 0, 1, 0, 0, 1, 0, 1, 1, 1, 1, 1, 1, 1, 1, 0, 1, 0, 0, 0, 1, 1, 1, 1, 1, 0, 1, 0, 1, 0, 1, 1, 0, 1, 0, 0, 1, 0, 1, 0, 1, 0, 1, 1, 1, 1, 0, 0, 1, 1, 1, 1, 0, 0, 0, 1, 1, 1, 0, 0, 0, 0, 1, 1, 1, 1, 0, 0, 1, 1, 1, 0, 1, 1, 1, 1, 1, 1, 1, 0, 1, 0, 1, 1, 1, 1, 1, 1, 1, 1, 1, 0, 1, 1, 0, 1, 0, 0, 0, 0, 1, 0, 0, 1, 0, 1, 1, 1, 0, 0, 0, 1, 1, 0, 1, 0, 0, 1, 0, 1, 0, 0, 1, 1, 1, 0]