#/home/brian/Documents/summer17/Python/VEC/scripts/make_SBM_graphs.py
# GMT Thu Jul 27 21:51:49 2017
# 
0
1 6
2 17 135
3 130
4 74 94
5
6 36
7 69
8
9 139 132 149 175
10 136
11 145 83
12
13 62 126
14 124 44
15 136 122 170
16 105 146 196 94 151
17 141 86
18 129
19 113 28
20 98 46
21 24 99 166
22 75
23 160 46 182
24 44 46 127
25 64 134
26
27 51
28 141
29 163
30
31 196 94
32 75
33 41 156 189 119
34 132
35 156
36 186 117 150
37 99 68 53 119
38 155 60
39 110 191
40 91 187
41 83
42
43 114
44 50 90
45 60 118 95
46 127 93
47 49 54
48 57 93
49 66
50 196 101
51 198 191
52 104 57 76 166 95
53 136 108
54 113 140
55 187 94
56 62 183
57 170 119
58 163 60
59 99
60 104
61 104 148
62 194 198
63 172
64 195 109 193
65 69
66 99
67 168 77
68
69
70
71 88
72 84
73 82 116
74 181
75 122
76 137 95
77 177 138 185
78
79
80 190 87
81 196
82
83
84
85 157 86 150
86
87 89 154 175
88
89 142
90 131 102
91 157
92 195 149 134
93 158
94 148 125
95 128 115
96
97 179
98 149
99 138
100 133
101 137
102 195
103 136 129
104 197
105 157
106 173 158
107
108 171
109 148
110
111 178
112
113 115 141
114
115
116
117 188 132 138
118 189
119 172 188
120 178 179
121 168
122
123 131
124 140 187 196 157
125 138 126
126 148
127
128
129 183 166
130
131 193
132 175
133 156
134
135
136
137
138
139
140 142
141
142
143 170
144
145
146
147
148
149 150
150 191
151
152 182
153
154
155 195
156
157
158 161
159
160
161 172
162
163
164
165 191
166 184 188
167
168 184 196
169
170
171 195
172
173
174 191
175
176
177
178
179
180
181
182
183
184 191
185
186
187
188
189
190
191
192
193
194 196
195
196
197
198
199
[1, 1, 0, 0, 0, 1, 0, 0, 0, 0, 1, 1, 0, 0, 0, 1, 0, 0, 1, 0, 0, 1, 1, 1, 1, 1, 1, 0, 0, 1, 0, 0, 1, 1, 0, 1, 0, 1, 1, 0, 0, 1, 1, 1, 0, 1, 1, 1, 1, 0, 0, 0, 1, 1, 0, 0, 1, 1, 1, 1, 1, 1, 0, 1, 1, 0, 1, 0, 1, 0, 0, 0, 0, 0, 0, 1, 1, 0, 0, 0, 0, 1, 0, 1, 0, 0, 0, 0, 0, 0, 1, 0, 1, 1, 0, 1, 1, 0, 0, 1, 1, 0, 1, 1, 1, 0, 1, 0, 1, 1, 0, 0, 1, 0, 1, 0, 0, 0, 1, 1, 0, 0, 1, 1, 0, 0, 0, 1, 1, 1, 0, 1, 0, 1, 1, 0, 1, 1, 0, 0, 0, 0, 0, 1, 1, 0, 0, 0, 1, 0, 0, 0, 0, 1, 0, 1, 1, 0, 1, 1, 1, 1, 0, 1, 1, 0, 1, 1, 0, 1, 1, 1, 1, 1, 0, 0, 1, 0, 0, 0, 0, 0, 0, 1, 0, 0, 0, 0, 0, 1, 1, 0, 0, 1, 0, 1, 0, 1, 0, 1]