#/home/brian/Documents/summer17/Python/VEC/scripts/make_SBM_graphs.py
# GMT Thu Jul 27 21:51:56 2017
# 
0 83 10 51
1 195 38 103 131 122 126
2 169 18 51 5 134
3 184 136 178 127
4 144 137 141 77 85
5 20 27 140 189
6 136 178 21
7 113 42 82 158
8 48 195 139 13 62
9 194 155 37 162
10 96 114 58 167
11 160 123 12
12 128 48 80 148 91 190
13 160 166 78 147 84
14 165 15 198 118 119
15 91 146 139
16 33 66 102
17 41 60 93 158 159
18 41 38
19 169 179 62 199
20 139 198 183
21 104 49 177 127
22 24 58 124
23 151
24 96 37 144 86 151
25 40 177 170 198
26 80 146 141 79
27 143 183 184 124 94 159
28 129 37 39 63 187 69
29 185 178
30 32 92 101
31 153 131 177 143
32 178 98
33 144 138 99 59
34 163 108 174 191
35 104 185 82 189 130
36 65 138 107 125 70
37 128 141 56
38 168 195 185
39 199 43 114 117 103
40 161 69 103 137 80 62 165
41 101 125 126 159
42 189 196 173
43 135 104 120 84 152
44 195
45 50 84 86
46 106 181 103
47 67
48 50 156 116
49 98 168 173 110 153
50 160 108 72
51 175 118 154 93
52 96
53 169 132 174 126
54 125 135
55 82 107
56 148
57 153 95
58 110 167
59 136 67 92 112
60 106 157 181
61
62 121
63 190
64 153 185 101 87
65 131 196 102 83 152 92
66 196 102 171 76 150
67 135 77 89 124 125
68
69 96 169 172 78 72 146 83
70 163 103 144 145 86 159 157 127
71 193 132 109 174 79
72 88 187 172
73 84 147 108 109
74 144 188
75 164 117 119
76
77 96 129
78 170 140 146
79 151 141 190
80 112 148 116 190
81 105 123
82 98 102
83 119 175 84 151 121 187
84 161 147 116 121 93
85 96
86 161 176 155
87 104 194
88 104 153 143
89 122 125 127
90 97 122
91 175
92 102 138 94
93 137 172 186 158
94 101 103
95 123 179 121
96 142 175 118
97 98 131 178
98 143 144 150 120 153
99 164 145
100 156
101 129 144
102 194
103 185 126
104 133 113 122 156 125
105 184 145 109
106 181
107
108
109 166
110 185
111 128 170 118
112 120 159
113 192 114 124 157
114 158
115 172 118
116 182
117 164 184 122 157
118
119 189
120
121 161
122 125
123 130 141
124 143
125 156
126 178
127 133 144
128 160 163
129 198 174
130 190 134
131 143
132 179 151
133 171 157
134 154 182 191
135
136 155 171
137
138 181
139 180 177
140 176 186 141
141 169 170 177 146 179 151
142 160
143
144 145
145 173
146
147 155 177
148 160 183 187
149
150 184 159
151
152
153
154 184
155
156 194 179
157
158 194 199
159
160 162
161 186
162 193 176 179 185
163 168
164
165 188
166 183 173
167 173
168
169 174
170
171
172
173
174
175
176
177 191
178 189
179
180 181
181
182
183
184
185
186 191
187
188 191
189
190 196
191
192
193
194 196
195
196 199
197
198
199
[1, 0, 1, 0, 1, 1, 0, 0, 1, 1, 0, 1, 1, 1, 1, 1, 0, 0, 0, 1, 1, 0, 0, 1, 1, 1, 1, 0, 1, 0, 0, 0, 0, 0, 1, 0, 0, 1, 0, 0, 1, 0, 0, 0, 0, 1, 0, 0, 1, 0, 1, 1, 1, 1, 0, 0, 1, 1, 0, 0, 0, 1, 1, 1, 0, 0, 0, 0, 1, 1, 0, 1, 1, 1, 1, 0, 0, 1, 1, 1, 1, 1, 0, 1, 1, 1, 1, 0, 0, 0, 0, 1, 0, 1, 0, 1, 1, 0, 0, 0, 0, 0, 0, 0, 0, 0, 0, 0, 1, 1, 0, 1, 0, 0, 0, 1, 1, 0, 1, 1, 0, 1, 0, 1, 0, 0, 0, 0, 1, 1, 1, 0, 1, 0, 1, 0, 0, 1, 0, 1, 1, 1, 1, 0, 0, 0, 1, 1, 1, 0, 0, 1, 0, 0, 0, 1, 0, 0, 0, 0, 1, 1, 1, 1, 0, 1, 1, 0, 0, 1, 1, 0, 1, 0, 1, 1, 1, 1, 0, 1, 0, 0, 1, 1, 0, 0, 1, 1, 1, 0, 1, 1, 0, 1, 0, 0, 0, 0, 1, 0]