#/home/brian/Documents/summer17/Python/VEC/scripts/make_SBM_graphs.py
# GMT Thu Jul 27 21:51:52 2017
# 
0 135 199
1 1850
2 260 586 120 1433 1690 605 350
3 64 653 142
4 1647
5 1767 370 1842 787 1559 1144
6 68 1163 1772 695 1239 1245 383
7 320 1981 501
8 722
9 1240 145 708 830
10 1227 1106 1267 742
11 1329 510 526 1679
12 1233 698 1851
13
14 571 1194 763 1775
15 665 820 1125
16 1976 851 1531 1150
17 459 244 1223
18 188 861
19 512
20 1465 445
21 550
22 753 835 596 1462 983
23 808 1697 154 47 1631
24 1115 163 542 687
25 873 1519
26 1433 132 1293
27 1665 1036 558
28 1906 1255
29 1969 586 1267
30 328
31 1924 1431
32 1441
33 521 314 1863
34 302 1678
35 953
36 1656 662 1439
37 420 1278
38 1754 157 382
39 848 1298 430 566
40 1720 1475
41 272
42 1426 87
43 593 1676
44 1996 407
45 168 1457 1509
46 1458 188
47 1370 1083 514
48
49
50 1409 1179 667
51 561 1657 103
52 414 1591
53 920 1274 594 1503
54 345 1842
55 497 1478 567
56 1718 1447
57 1840 290 1363 829 1343
58 1357
59 779
60 286 76 221 910 1551
61 1021
62 1776 913 1933
63 1282
64 886 774 451
65 1384 1850 1964 1367
66 1005 621 1142 1463
67 173
68 289 1021 1278
69
70 168 1513 1735
71 90 724
72 1122 355
73 1297 1858 1423
74 100 388
75 1720 742 655
76 1410 982
77 337 811 1253 961
78 272 646 1623
79 773
80 1767 1322 684 1238 378 1276 638
81 1217 1458 1188
82 1122 470
83 1493 1871
84 504 990
85 1240 778 1243 1838 1727
86 1120
87 203 1427 1943
88 102
89 268 949
90
91 987 877
92 685
93 1659 714 1763 644 1167
94 228 1530 1324
95 1905
96 771 1249 915 246
97 1144 1009 1234 436 840
98 355 1292
99 516 1373 1517
100 458
101 1368 524 431 220 1279
102 704 1803 1657 129
103 1216 577 714 1660
104 417 418 1579 1597
105 1137 1733 1291 861 183
106 1092 1732
107 1514 1406
108 968 1700 714 1924
109 135
110 1278 278
111 579 1829 171 812 1013 951 1021
112 886 502 522 947 723 218 1435
113 1087
114 698 1531 924 1054 255
115 865 1964 1757
116 1803 260 230 527
117 777 981 1015
118 1867 1380
119 241 330 220 1415
120 710
121 497 1478 855
122 1824 1568 460 1205 1345
123 1298 131 356 1194 997
124 345 406 719
125 1930
126 1768 1984 1053 511
127 793 978 164 575
128 872 1427 628
129 1585 861
130 1865 660
131 1984 233 1579
132
133 1394 1917 1631
134 161 274 1164 341 1079
135 832 170 302
136 992 1409 707 364
137 1952 332
138 160 322 436 500 1178 1082
139 997 1471
140 1689 439 1852 1223
141 1373 1334
142 1031
143 766
144 744 954 1815
145 1677 407
146 1811 1941 990
147
148
149 465
150 236
151
152 1352 1000 1236
153 408 1914 372 1018 974
154 1394 1069
155 1112 325 1702 1406 1445
156 1444
157 578 1211 462 581
158 264 1065
159 641 1749
160
161 385 756 949
162 1088 321 278 792
163 507 1589 1542
164 1441 747 1228 1296 849 603 1469
165 792 1098 764
166 225
167 1381 1222
168 829
169 1313 1350 1441
170 1489 1031 1318 315
171
172 1498
173 552 843 286
174 1976 1862 1526
175 1508 1574 967 200 1899 1005 494 401 1116
176 248 545 1658 1539 1492
177 770 1843
178 1220 799
179 1953 1138 531
180
181 1004 1525 1662 1775
182 1970 1138 1269 350
183 550
184 1292 1052 1567
185 1037
186 1873 1667 405
187 559
188 1212 1599
189 1140
190 520 1153 1749
191 736 193 1410 304 1302 411
192 228 838 1064 1073 630 217 671
193 517 970 848 1586 1495
194 1480 1139 1076
195 476 1482 963 1812
196 359
197 1957 1214
198 617 1002 1757
199 994 938 676 1874
200 994
201 1545 463 1476 957 877
202 289
203 1990 1805 1967 404 725
204 1480 849 1435 1622
205 658 227 546
206 234 1772 743
207
208 1896 896 1754 1444 1306
209 1329 514 699 676
210 910 598
211 1592 1525
212 1202 1445 662
213 479
214 360 563 852 1133 1631
215 570 853 1326
216 737 251 1740 677
217 1249 1837 310 1050 1822
218 1147
219 1408 1738 1364
220 1296 1121
221 1332 1798
222 649 1101
223 1240 1366
224 1958 910
225 542 973
226 261 375
227 1897 1322
228 1089 230 237 1777
229 865
230
231 1794 1765 679 1097 497 1086
232 1338 1843 594 1077 1678
233 1363 949
234 1569
235 984 1401 247
236 762 636
237 662
238 241 687
239 776 1869 1567
240 1864 511 1804 325 1823
241 1480 1154 1247
242 629 1582
243 1066 1739 1370
244 452
245 936
246 1721
247 1936 1529 596 1534
248 995 998
249 1242 1533
250 1654
251 535
252 1340 1698 1668 1221
253 473 1906 970
254 1048 328 566
255 977 386 1735
256 1518
257 833 802 1122 463
258 281 1779 1430 527
259 1272 1500
260 1192 613 287
261 1576 481 1883
262 368 817 501
263 1704 1105 381 734 1245
264 568 1836
265 1552 998
266 1656 391
267 1903
268 920 371 1593
269 1440 809 1008 1409
270 1945 514 299 1753
271 672 1266 1956 1879
272 1800 1987 1809
273 1560 912 399
274 1666 828
275 737
276 426 1667
277 761 1477
278 1200 1771 718
279 492
280
281 1040 930
282 1616 878 983
283 1251
284 489
285 1738 1723 630 1558
286 460
287 585 1511 1675 953
288 1240 385 786 1818 1809
289
290 1329 1013 1649
291 1209 666 1619 733
292 382
293 657 1138 1209
294 1547 1380
295 482 1783
296 1490 607 1591
297 806
298 1874
299 594 330
300 1342
301 702
302 603
303 1172
304 1297 324
305 1326 623
306 579 710
307 1730 782
308 1949 542 1487
309 1513 1773
310 386 1941 1711
311 1057 339 1108 1638 727
312 891 1802 859 1702
313 1336 1646
314
315 1390 1263
316 928 673
317 1067 918
318 1078
319
320 568 1256
321 443 1445
322 1013 1926
323 984 1754
324 851 1143
325 1426 1734
326 408
327 1200
328 1986 1291 1870 1431
329 1356
330 1671 1235
331 1807
332 992 1442 1731 1412 741 1549 1686
333 649 714 1830
334 611 1988
335 1995 1716 541 917
336 1574 590
337
338
339
340
341 730 700
342 1304 1610 1291 1926
343 1821
344 561 685 401
345 1800 1473 1859
346 455 748 1519 1431 1849 799
347 1158 1415
348 1812
349 1569 1351 1679
350 439 1874 671
351 933 511
352 1304 1498 1990 1270 583
353 974
354 792 848 1618 1763 472
355
356
357 1938 1826
358 1219
359 1452 675 1374
360 994 1732 1257 1621 471 504
361 1813 518
362 710
363 384 1089
364 1255
365 1824 1385 1156
366 1316 618 1267 668 989
367 1686
368
369 1304 1154
370 1908
371 616
372 917 1449
373
374 712 1184 593
375 880 441 780
376 1616 1025 1219 1835
377 659 380
378 800 954 1087
379 1754 635 805
380 1498 1054
381 1531 1652
382 1743 1279
383 940 1853 1359
384 553 820 765
385 735
386 857 565
387 1480 1450 1365
388 660 906
389 1978 708 1709 1766
390 1121
391 789
392 1824 454
393
394 1352
395 715 510 1990
396 1294 587 1309 1022
397 1133 422
398 747 983
399
400 1267 1853 1789
401
402 1864 654
403
404 1952
405 440 1128 971 1309
406 836 953 1490
407 1251 1033 1399 1694
408 776 1274 1709
409 1952 457 797 713 655 1309
410
411
412 1450
413 844 1324 955 540 575
414 515
415 1585
416 1872 819
417 1824 1978 1692
418 1345
419 1217 955 1967
420 954
421 1941
422 1720 583 972 879
423 492
424 532
425
426 1856 1860
427 880
428 1376 744 1229
429 1828
430 649 1617
431 1632 459 551
432
433 1569
434 1843
435
436
437 1681 866
438 522
439
440 1417 683 517
441 466
442 603
443 1193
444 1538 915 1402
445 1921 915 647
446 1470
447 1861
448
449
450 523 472 587 1606 535
451 808 1442 1822
452 510
453 1387
454 897 843 1451 1525
455 822
456 518
457
458 1620 1379
459 1689 1655 887 983 793 1726
460 1691 1878 1317
461 1915 1813 1374 1789
462 592
463 601 1430
464 1706
465 531 1886
466 885 566
467
468 846
469 1656
470 1265 853
471 675 1764 989 1925
472 1912 1109 773
473 1172
474 1008 1810 1491
475 528 1837
476 1902
477
478 1976 583 1566 1743
479 972 1139 916 1878
480 1096 1586 1783
481 1968 1896 1050
482 1568 980 1013
483 958
484 776 762 861 1534 1279
485 513
486 1539 578 899 1886
487 1095 1923 1679
488 1026 996
489 878 798
490 1353 931 940 1665
491 1225 1302
492 1680 971
493 1224 1449 652 876 1329 1142 860 1982
494 1136 1409 887
495 632 1792
496 1306 1558
497
498 819 1027 972 1853 1862
499 1307
500 1337 558
501 1267 1758
502 1429
503
504 1780 687
505 1538 1572
506 1400 1881 1954 1243 1532
507 723 1454
508 1072 778 893 690
509
510 1664 515 1141 536
511 737 898 773 880 620
512 1520 1482
513
514 1352
515 777 1386 591 916
516
517 1347
518 664
519 1824 1544
520 814 845
521 1403 1935
522 1360 1444
523 1721 1542
524 532 806 1229
525
526 1588 733
527 905 643 1767
528 696
529 1114 1154 1751
530 850 598
531 1722 1911
532 582 945 1426 565 695
533
534 550
535 1627 1028 1843 662
536 817 1386 572
537 1114 700 1879
538
539 1921 929 679 681 1998 1777 1266 726 1431 1692
540 677 1085
541 1777
542 1091 552 791 1181
543 603 1476
544 784 1881 1907 773
545 1426 1539 1621
546 960
547 602
548 753 1043 1693
549 1642 1171
550 906 1868 974 1647
551 1001 1139
552 1708
553 1561 1371
554 1737 1231
555 1768 1114 1972 1826 599
556 1765 951
557 745 1205 1519
558
559 1337
560 1714
561 877
562 1646
563 804 1456 1076 1530 987 1850
564 1609 946 1028 1237
565 1645
566 1371 770
567 1707 1527
568 1508 1565 1469
569
570 1020
571 737
572 1275 742
573 956
574 1948 839
575 1410 854 1735
576 800 850
577 1806
578 1116 1396 1526
579 1370 1574
580 679 692 1750 1081 762 1183
581
582 1967
583 1582 1063
584 1464 634
585 590
586 1126 1191 1754 1050
587
588 1539 1980 606
589 1791
590
591 630 1718
592 1448
593 1122 1492 1723
594 1067 927
595 660
596 1284 1067 1084
597 1873 1227
598 951 1183
599 1017
600 610
601 1713 623 1625
602 880 979
603 1493 1752
604 834 1323
605 1955 1941
606 1192 629 758
607 1824 1914 1821 1038
608
609
610 1622
611
612
613 1608 940 1388
614 1332
615 1842 1188
616 1451
617 1517
618 914 811 1853
619 864 1589
620 683 764 1678
621 756 1533 718
622 1009 948 862 1633
623 1983
624 1649 1986
625 1880 694 1615
626 1144 1484 1038
627 1227 1611 1710 1967 857 1052
628 687
629
630 1985
631 1919
632 1777 1908
633 1880 937 1404 1273
634 1749
635 704 945 1627 1874
636 768 1594 661
637 760 1901 1775
638
639 1936 1124 1941
640 1818 1455
641 1327 1228
642 1932
643 1776 899
644 1034 1131
645
646 873
647 1982
648 1432
649
650
651 1552 1573
652
653
654 1193 1264 1395 1833 1946 1019
655 1706 967
656 705 1203
657 983
658
659 673
660 1957 1448 1049
661
662
663 724
664 667 1757
665 1716
666 1396 884 772
667 1105 1179
668 1338 1271
669 1506 1797
670 1409 970
671
672 786 1483 1420
673 1259
674 1305 1666 821
675
676 856 1192
677 1652 1770
678 1845 1263
679 1186 691 820 1565
680 1422
681 800 1708 1039
682 1771 1413 869
683 1341
684 1617 1854 825
685 1306
686 884 1125 765
687 1369
688
689 1736 798
690 1568 804 1980 791
691 1474 885
692 881 1654
693 1000 769 1690 1723
694 1430
695 1758 1426 989
696
697 1244 1540 805
698 1090
699
700
701 772
702 1946
703
704 1778
705 932 1420 1393 1778 925
706
707 1179 1333 1367
708 1986 1753
709 915 1422
710 962 1282 1431
711 1113
712 1448 890 1125 910
713 1871 857
714 1982
715 1185
716
717
718 1167
719 1456 1777 827
720
721
722
723 1160
724 1886
725 1583 1700 1639
726
727 1889
728 1579
729
730 1305
731 1894
732
733 1394 1022 1367
734 1964 1045
735 1251 1093 1086 1761
736 1841 1346
737 1345
738 1400 1341 893
739 1264 1677
740 955 1965 934
741 1162 1564
742 1488 1145 1532
743
744
745 1687
746 1382
747 1333
748
749 1957
750 1213 1621
751 877
752 1796 1108 831
753
754
755 1585
756
757 1405 1351
758 806 797
759 1528 1922
760
761 1487 1508 1102 1621
762 1516 1510
763 768 953
764 1865 1579
765 937 1763 1937
766 1295 1786 1843 1982
767 1870
768 1745 1295
769 1595
770 1637 1623
771 1584
772 1723
773 1896 1428 1245
774 1826 1803 1589
775
776 969 1933 1466
777 1867 1029
778 1658
779 1058 1356 1054 1591
780 1266 1550
781
782 856 836
783 968
784 1231
785
786 1011 1431
787 1038 1677
788 1473 818 1545
789 1432 1048 1189
790 1378
791
792 1894
793
794
795 1477 1078 1951
796 1396
797 1806 1335
798 1859 1966 1945 1117
799 1814 926
800 912
801 907
802 1546
803 1912 1537 1387 1670
804
805
806 1704 1801 1388 1180
807 1787 1820
808 860
809 1302 1869
810 1948
811
812 1404
813 967
814 1498
815 1753 1891 972
816
817 1904 1611
818
819 1608 1899
820 1868 1117 1471
821 953 1839 855
822 841
823 971
824 901
825 1170
826
827 888 1057 1860
828 1129 1213
829 1895
830 1251
831 1019
832 1803 1233 1827 1742
833 998
834 1569
835 1741 1463
836
837 1667 1257 1869 1999 1424 1306
838 852
839 1293 1311
840
841 1129 1514
842 962 1739
843 1815 1477
844 1664 1851 1470 950
845 1001 1115 1119
846 1648
847 1375
848 1041 1278
849 1407 977
850 1592
851 897 1637 935 1906
852
853 1764
854 1195 972 1614
855 1395 1207
856 1489 1590 893
857 1415
858 1210 1119
859
860
861 1709 1591
862 1282 1654
863 1904 880
864 1467
865 1205
866 1639 1897 1782 1021 1278
867 1054
868
869 1475 988 1458
870 1632 995 1063
871 1704 1607 999
872 1985
873 1243 1489
874 1392 1048 1885 1079
875 1550 1071 1491 920 915 1982
876
877
878 1325 1001
879 1712 885
880 1716 888
881 976 1561 1283 1117
882 889 1698
883 1317
884 1867
885
886
887 1604 1325
888 1016 1525
889 897 1677 1033
890 1659 1948 1950 1983
891 1137 1291
892 1371 1724
893 1387 953 1471
894 1638
895
896 1871 1652 1241 1455 1342
897 1688 1305
898 1851
899 945 1940
900 1192 1377
901
902
903
904
905 1516 958 1534
906
907 1683 1701
908
909 1392 1835
910 1025 1383 1404
911 1722 1732
912
913 1812 966
914 1277 983
915 1004
916 943 978 1046 1660
917 1560
918 1624
919
920
921 1312 1521
922 1407
923 1800 1690
924 1760 1046 1119
925 1155
926 1580 1205 1206
927 1431
928 1253
929 1681
930 1056
931 1335
932
933 1392 1085 1798
934 1121 939
935 1832 1993 1453 1725
936 1765
937 1187 1059
938
939 944 1989 1750 1207
940 1913 1412
941 1986
942 1122 1359
943 1344 1122 995 1540 1235
944 1305 1434 1855
945 1684
946
947 1937 1063 991
948 1041 1394 1925
949 1931 1755
950 1488 1898 1163
951
952
953 1883
954 1686
955 1504 1334
956
957 1088
958 1213
959
960
961 1043 1781
962 1040 1049 1677
963
964 1932 1125
965 1852 1886
966 1371
967 1034
968
969 1729
970 1828 1498 1627
971 1054
972 1632
973
974 1071 1085 1599
975
976 1514 1998
977 1747 1236
978 1012 1629
979
980 1656 1592 1939 1483
981 1217 1970 1319
982 1927
983 1076 1945 1722 1151
984 1128
985 1430
986
987 1281
988 1073
989 1469
990 1780 1714
991 1816
992 1309
993 1621
994 1302 1032 1723
995 1737 1289
996 1408 1738
997
998 1805 1973
999 1089 1825
1000 1394 1909
1001
1002 1063
1003 1026 1990
1004 1988 1252
1005 1240
1006 1864
1007 1228
1008
1009 1511
1010 1816 1874 1463
1011 1576 1513
1012
1013 1266
1014
1015
1016 1572 1303
1017 1779
1018
1019
1020 1444
1021 1027
1022 1992 1967
1023
1024 1480 1404
1025 1592
1026 1793
1027 1348 1196
1028 1499
1029 1771 1949
1030 1751 1156 1957 1870 1919
1031
1032 1642 1212 1397
1033
1034 1568 1328
1035 1265 1725
1036 1416 1970 1858 1806
1037
1038
1039
1040 1336
1041 1660
1042 1148 1740
1043 1191
1044 1567
1045
1046
1047 1545 1539
1048 1240 1466
1049 1203 1763
1050 1255
1051 1513
1052
1053 1833 1962
1054 1122 1706
1055 1748
1056 1984 1855
1057 1922
1058 1721 1186
1059 1813
1060 1245
1061 1304 1893
1062 1867
1063
1064 1281
1065
1066 1978
1067
1068 1562
1069
1070 1246
1071
1072 1656 1591 1101 1231
1073 1372 1645 1078
1074 1496
1075
1076 1355
1077 1498
1078
1079 1763 1509
1080
1081 1274 1295 1183 1527
1082 1473
1083 1161
1084 1404 1314 1186
1085
1086
1087 1798
1088 1392 1982
1089 1453 1134
1090 1832 1178
1091 1099 1885
1092
1093 1650 1527
1094 1673
1095 1806
1096 1921
1097
1098 1864
1099
1100 1590
1101
1102 1635
1103
1104
1105 1915 1396
1106 1646 1212 1626 1262
1107
1108 1680 1459
1109 1464 1943 1551
1110
1111 1115 1359
1112 1897
1113 1161
1114 1933 1510
1115 1230
1116 1124
1117
1118 1689 1319 1377 1695
1119 1996 1393
1120 1482
1121 1679
1122 1969 1710 1759
1123 1317
1124
1125
1126 1249 1710
1127 1982
1128 1279 1247
1129
1130 1192 1218
1131 1936 1913
1132 1801 1364 1679
1133
1134 1857
1135 1306
1136
1137
1138 1699
1139 1581 1296 1777
1140
1141
1142 1169 1642
1143
1144 1221 1623
1145 1899
1146 1510
1147 1660
1148 1742 1382
1149 1781
1150 1778
1151 1815
1152
1153 1651
1154 1186 1615
1155 1184 1538
1156 1460
1157 1344
1158 1765
1159
1160
1161
1162 1370
1163
1164
1165 1614 1798
1166 1748 1757 1726 1487
1167 1982 1399
1168 1869
1169 1648 1721 1571
1170 1418
1171 1377 1204
1172 1531
1173 1257
1174
1175
1176
1177 1293 1639
1178
1179
1180
1181 1400
1182 1369
1183 1402
1184
1185
1186 1601 1447
1187
1188 1512 1294
1189 1522
1190 1584 1504
1191 1967
1192 1281 1366
1193
1194 1536 1946
1195
1196 1866
1197
1198 1712
1199 1994
1200
1201
1202 1450 1542
1203
1204 1560 1312
1205 1266
1206 1253
1207 1338
1208
1209
1210
1211 1359
1212 1411 1699
1213
1214 1434 1901
1215 1733
1216
1217 1329
1218
1219
1220 1804 1294
1221
1222 1358
1223 1915
1224 1541
1225 1239
1226 1485
1227 1416 1979
1228 1426 1788
1229 1942 1596
1230
1231 1270 1711
1232
1233 1373
1234 1431
1235 1407 1780 1342
1236
1237 1781
1238 1285 1485
1239 1684 1257
1240
1241
1242 1500 1759
1243 1266 1620 1982
1244 1737
1245 1356
1246
1247 1454
1248
1249 1670 1293
1250
1251 1901
1252 1602 1509
1253
1254 1818
1255
1256 1346
1257 1889
1258 1698
1259 1389
1260 1793 1292 1645
1261 1874 1458
1262
1263 1564 1443 1947
1264 1477 1800 1771 1398
1265 1442 1306
1266
1267 1531
1268 1518
1269
1270 1417 1527 1581
1271 1962 1629 1958
1272 1787
1273
1274 1928
1275 1744 1672 1805
1276
1277 1281 1654
1278 1285
1279
1280 1434
1281
1282
1283
1284 1868
1285 1398
1286
1287
1288 1707
1289 1497
1290
1291
1292 1569 1301
1293
1294 1394 1779
1295
1296
1297 1704 1397
1298
1299 1675 1909
1300 1361
1301 1930
1302 1652
1303
1304
1305 1987
1306
1307
1308 1547
1309 1847
1310 1817 1509
1311
1312 1928 1452 1716 1949
1313 1744
1314
1315 1470 1382 1679
1316 1385
1317 1466 1420
1318 1788
1319 1585
1320 1835 1518
1321 1826
1322
1323 1326
1324 1554 1590
1325 1936 1577 1335
1326
1327
1328 1680
1329 1634 1554 1493
1330 1632 1787 1941 1558
1331 1553
1332
1333 1359 1812
1334
1335 1969 1365
1336 1598
1337 1731
1338 1474
1339 1432 1693 1518
1340
1341 1865
1342
1343 1795 1479
1344
1345
1346
1347
1348 1885 1711
1349 1520 1734
1350 1396
1351 1872 1876
1352
1353 1624 1716
1354
1355 1981
1356 1720 1579
1357 1848 1675 1381
1358 1763 1751
1359
1360 1526
1361 1531
1362 1597
1363 1647 1809
1364 1589
1365 1797
1366
1367 1560
1368
1369
1370 1381 1916
1371 1773
1372 1918
1373 1396
1374 1730 1747
1375
1376 1462
1377
1378 1744
1379 1944 1896
1380 1831 1425 1625 1851
1381
1382 1621
1383 1864 1929
1384 1506 1876
1385
1386
1387 1501
1388 1936
1389 1670
1390
1391 1576
1392
1393 1937
1394 1934
1395 1770
1396
1397
1398
1399
1400
1401
1402 1868 1650
1403 1848 1986
1404
1405 1787 1679
1406 1650
1407
1408 1578
1409
1410
1411
1412
1413
1414 1751
1415 1817
1416 1753 1453
1417 1527
1418 1785 1610 1966
1419 1502
1420 1795 1721 1949
1421 1668
1422 1752 1645
1423 1895
1424
1425
1426
1427
1428 1484
1429 1917
1430
1431 1897 1497
1432 1711
1433
1434 1894
1435
1436 1930
1437
1438 1945
1439 1548
1440
1441 1920
1442 1748
1443 1470
1444
1445 1765
1446 1626
1447
1448 1650
1449
1450 1959 1771
1451 1638 1612 1776 1880
1452 1675 1829
1453
1454
1455 1721
1456 1928
1457
1458
1459 1960 1957
1460
1461 1579 1843 1766 1763
1462
1463
1464 1810
1465 1777 1821
1466
1467 1671
1468 1572 1926 1711
1469 1650
1470
1471
1472
1473
1474 1698 1711
1475 1812
1476 1743 1595
1477
1478
1479 1887
1480 1551
1481 1750
1482 1925 1997 1584
1483
1484
1485 1656
1486
1487 1937 1799
1488
1489
1490 1587 1564
1491 1905 1981 1655
1492 1558
1493
1494 1631
1495 1702 1849
1496 1570
1497
1498 1568
1499 1601
1500
1501 1547
1502 1696
1503
1504 1985
1505
1506
1507 1622
1508 1607 1991
1509
1510 1885
1511
1512
1513 1761 1988 1939
1514
1515
1516
1517
1518
1519 1724
1520 1639 1799
1521
1522 1592 1887
1523 1547
1524
1525
1526
1527 1921 1794
1528 1684
1529
1530
1531
1532
1533
1534 1938 1733
1535
1536
1537 1800
1538
1539
1540
1541 1829 1599
1542 1775
1543
1544
1545
1546
1547 1747 1847
1548
1549
1550
1551
1552
1553
1554
1555 1562 1995
1556
1557
1558
1559 1879
1560 1870
1561
1562
1563
1564 1579
1565
1566 1590
1567 1920
1568
1569
1570 1735
1571
1572 1868
1573 1633
1574 1702
1575
1576 1809
1577
1578
1579 1698
1580 1957
1581 1850 1940
1582 1895
1583 1621
1584 1830
1585 1680
1586 1791
1587 1930
1588
1589 1644 1981
1590
1591
1592
1593
1594
1595
1596 1817
1597
1598 1785
1599 1607
1600
1601
1602 1972
1603 1645 1965
1604
1605
1606
1607 1645
1608 1851
1609
1610
1611 1874
1612
1613 1995
1614
1615
1616
1617
1618
1619 1927
1620 1688
1621
1622
1623
1624 1651 1791
1625 1844
1626
1627
1628 1953 1981
1629
1630 1956
1631 1671 1981
1632
1633
1634
1635
1636 1776
1637 1723
1638 1662
1639 1934
1640 1970
1641
1642
1643 1877 1989
1644
1645 1874
1646
1647 1772
1648
1649
1650
1651
1652
1653
1654
1655
1656
1657 1905 1930 1967
1658
1659
1660
1661 1780
1662 1920
1663
1664 1767
1665 1920 1852
1666
1667 1937
1668
1669
1670
1671
1672
1673 1773
1674 1996
1675 1919
1676
1677
1678 1901
1679
1680
1681 1916 1894
1682
1683 1838
1684 1827 1797 1705
1685
1686
1687
1688
1689
1690 1899
1691
1692
1693 1735
1694
1695
1696
1697 1905
1698
1699
1700
1701
1702
1703 1847
1704 1813
1705
1706
1707 1916 1893 1894
1708
1709 1821
1710
1711
1712
1713
1714
1715
1716 1835 1838
1717
1718
1719
1720
1721
1722
1723 1981 1874
1724
1725
1726 1985
1727 1761
1728
1729
1730
1731 1787 1854
1732
1733
1734
1735
1736 1962
1737 1805
1738 1853
1739
1740 1788
1741
1742 1793
1743 1955
1744
1745
1746
1747 1767
1748
1749
1750
1751
1752
1753
1754
1755
1756
1757 1862
1758 1845
1759
1760 1955 1871
1761
1762
1763
1764
1765
1766
1767 1858
1768
1769
1770 1870
1771
1772
1773 1783
1774
1775
1776
1777
1778
1779
1780 1981
1781
1782
1783
1784
1785 1912
1786 1935
1787 1965
1788
1789 1826 1847
1790
1791
1792
1793
1794
1795
1796
1797
1798
1799 1959 1980
1800 1922
1801
1802 1829
1803
1804
1805
1806
1807
1808
1809
1810
1811
1812
1813
1814
1815
1816
1817
1818
1819 1884
1820
1821
1822 1936
1823
1824
1825 1902
1826
1827 1872 1953
1828
1829
1830 1989
1831
1832
1833
1834
1835
1836
1837
1838
1839
1840
1841
1842
1843
1844 1992
1845
1846
1847
1848
1849
1850
1851
1852
1853
1854
1855 1960
1856 1868
1857
1858
1859 1986
1860
1861 1953 1924
1862
1863
1864
1865
1866
1867
1868
1869
1870
1871
1872
1873
1874
1875
1876
1877 1914
1878
1879
1880
1881 1910
1882
1883
1884
1885
1886
1887
1888
1889
1890
1891
1892 1925
1893
1894
1895
1896
1897
1898
1899
1900
1901 1984
1902
1903 1948
1904
1905
1906
1907
1908
1909
1910
1911
1912 1957
1913 1990
1914
1915
1916
1917
1918
1919
1920
1921
1922
1923
1924
1925
1926
1927
1928 1931
1929
1930
1931
1932
1933
1934
1935
1936
1937
1938
1939
1940
1941
1942 1990
1943
1944 1956
1945
1946
1947 1969
1948
1949
1950
1951
1952
1953
1954
1955 1980
1956
1957
1958
1959
1960
1961
1962
1963
1964
1965
1966
1967
1968
1969
1970 1993
1971
1972
1973
1974
1975
1976
1977
1978
1979
1980
1981
1982
1983
1984
1985
1986
1987
1988 1998
1989
1990
1991
1992
1993
1994
1995
1996
1997
1998
1999
[1, 1, 1, 1, 0, 0, 1, 1, 1, 0, 1, 1, 1, 1, 0, 0, 1, 1, 0, 1, 0, 0, 0, 1, 1, 0, 1, 1, 1, 1, 0, 1, 1, 1, 1, 0, 0, 1, 1, 0, 1, 0, 1, 1, 0, 1, 1, 1, 0, 0, 1, 1, 0, 0, 0, 0, 0, 0, 0, 0, 0, 0, 0, 0, 1, 1, 0, 0, 0, 0, 0, 1, 1, 1, 0, 1, 0, 1, 0, 0, 0, 1, 1, 1, 1, 0, 1, 1, 1, 0, 0, 1, 1, 0, 1, 1, 0, 0, 1, 1, 0, 1, 1, 1, 0, 0, 1, 0, 1, 1, 0, 0, 1, 0, 1, 1, 1, 0, 0, 1, 0, 0, 0, 0, 0, 1, 0, 1, 1, 1, 0, 0, 1, 1, 0, 1, 1, 1, 0, 0, 1, 1, 1, 0, 0, 0, 1, 0, 0, 0, 0, 0, 1, 0, 1, 0, 1, 1, 1, 1, 0, 0, 0, 1, 1, 0, 0, 0, 0, 1, 1, 0, 1, 0, 1, 1, 1, 0, 0, 1, 1, 0, 1, 0, 1, 0, 1, 0, 0, 1, 1, 1, 1, 0, 1, 1, 0, 0, 1, 1, 1, 1, 0, 1, 1, 1, 1, 1, 1, 1, 0, 0, 0, 1, 1, 1, 0, 1, 1, 1, 1, 0, 0, 1, 0, 0, 0, 0, 1, 0, 1, 0, 0, 0, 1, 0, 0, 0, 1, 1, 0, 1, 1, 0, 1, 0, 0, 0, 1, 0, 0, 0, 0, 1, 0, 1, 0, 1, 1, 0, 1, 0, 1, 1, 1, 1, 0, 1, 0, 1, 1, 0, 0, 0, 0, 1, 0, 1, 0, 1, 1, 0, 1, 0, 0, 1, 0, 0, 0, 0, 0, 1, 0, 1, 1, 0, 0, 1, 1, 1, 1, 0, 1, 1, 1, 1, 0, 0, 0, 0, 1, 0, 0, 1, 1, 1, 0, 0, 1, 0, 1, 0, 0, 1, 1, 1, 0, 0, 0, 0, 1, 1, 1, 0, 0, 0, 0, 1, 1, 0, 1, 0, 0, 1, 1, 0, 0, 0, 1, 1, 1, 0, 1, 0, 0, 1, 0, 0, 0, 1, 1, 1, 1, 1, 1, 0, 1, 1, 1, 0, 0, 0, 0, 1, 1, 0, 0, 1, 0, 1, 1, 1, 1, 1, 0, 0, 1, 0, 0, 0, 1, 0, 0, 0, 1, 1, 1, 1, 1, 0, 1, 1, 0, 1, 1, 1, 0, 0, 0, 1, 0, 1, 1, 1, 0, 0, 1, 0, 0, 1, 1, 1, 1, 1, 1, 0, 0, 0, 0, 1, 0, 1, 0, 1, 0, 0, 0, 0, 1, 1, 0, 0, 1, 0, 0, 0, 1, 1, 0, 0, 0, 1, 1, 0, 0, 0, 1, 0, 0, 1, 0, 1, 1, 1, 1, 1, 0, 0, 0, 0, 1, 1, 0, 1, 1, 1, 1, 1, 1, 1, 0, 0, 0, 0, 0, 1, 1, 1, 1, 0, 1, 1, 1, 0, 1, 1, 1, 0, 1, 0, 0, 1, 1, 0, 1, 0, 0, 1, 0, 0, 1, 0, 1, 1, 1, 1, 1, 0, 1, 0, 1, 1, 1, 0, 1, 1, 1, 1, 1, 0, 0, 1, 1, 0, 0, 0, 1, 0, 0, 0, 1, 0, 0, 1, 0, 1, 1, 0, 0, 1, 0, 1, 0, 0, 0, 0, 0, 0, 0, 0, 1, 1, 1, 1, 0, 1, 0, 0, 1, 1, 1, 0, 1, 1, 1, 1, 0, 1, 1, 0, 0, 1, 1, 1, 1, 0, 1, 0, 1, 0, 0, 1, 0, 1, 0, 0, 0, 1, 0, 1, 0, 1, 0, 1, 1, 1, 1, 0, 0, 1, 0, 0, 0, 1, 0, 1, 0, 1, 1, 1, 0, 0, 0, 1, 0, 1, 0, 1, 1, 1, 1, 0, 0, 0, 1, 1, 0, 0, 0, 1, 0, 1, 0, 1, 1, 0, 0, 0, 0, 0, 0, 1, 0, 1, 0, 1, 0, 1, 1, 1, 0, 0, 0, 1, 1, 0, 1, 1, 0, 1, 1, 1, 0, 0, 0, 1, 1, 0, 1, 0, 1, 0, 1, 0, 0, 1, 0, 1, 1, 0, 0, 0, 0, 1, 1, 1, 1, 1, 1, 1, 0, 1, 0, 0, 1, 0, 1, 1, 0, 1, 0, 1, 0, 1, 0, 1, 1, 1, 0, 0, 0, 1, 1, 0, 1, 1, 0, 1, 0, 0, 0, 0, 0, 1, 1, 0, 1, 0, 0, 0, 1, 0, 0, 1, 0, 0, 1, 1, 0, 1, 1, 1, 0, 0, 1, 1, 0, 1, 1, 0, 0, 1, 0, 0, 0, 0, 0, 0, 0, 1, 0, 1, 1, 0, 1, 0, 0, 0, 0, 0, 0, 1, 0, 1, 0, 1, 0, 0, 1, 0, 1, 0, 0, 1, 0, 0, 1, 1, 0, 0, 0, 0, 1, 0, 0, 1, 1, 1, 1, 1, 1, 1, 0, 1, 1, 1, 0, 1, 1, 1, 0, 0, 0, 1, 0, 0, 1, 0, 0, 0, 0, 0, 1, 1, 1, 0, 0, 1, 1, 1, 0, 0, 0, 0, 1, 1, 0, 0, 0, 1, 0, 1, 1, 1, 1, 0, 0, 1, 0, 0, 0, 0, 0, 0, 1, 1, 0, 1, 1, 1, 1, 1, 1, 0, 0, 0, 0, 1, 1, 1, 0, 0, 0, 0, 0, 0, 1, 1, 0, 0, 0, 0, 0, 0, 0, 1, 1, 0, 0, 1, 1, 1, 0, 1, 1, 0, 0, 0, 0, 0, 0, 1, 0, 0, 1, 0, 1, 0, 0, 0, 0, 1, 1, 1, 1, 0, 0, 0, 0, 0, 0, 1, 0, 0, 1, 1, 0, 0, 1, 0, 1, 0, 1, 1, 0, 1, 0, 1, 1, 0, 1, 0, 1, 0, 1, 1, 1, 1, 0, 0, 1, 1, 0, 1, 0, 1, 0, 1, 1, 1, 1, 1, 1, 0, 0, 1, 0, 1, 1, 0, 0, 1, 0, 1, 1, 1, 0, 1, 1, 1, 1, 1, 1, 1, 1, 1, 1, 0, 1, 1, 1, 1, 1, 1, 0, 0, 0, 1, 1, 0, 1, 0, 1, 0, 1, 0, 0, 1, 0, 0, 1, 0, 1, 0, 1, 0, 1, 0, 0, 0, 0, 1, 1, 0, 1, 1, 1, 0, 0, 0, 0, 1, 0, 1, 1, 1, 1, 1, 0, 0, 1, 1, 1, 0, 1, 1, 0, 0, 0, 1, 1, 0, 0, 1, 1, 1, 0, 0, 0, 1, 1, 0, 0, 1, 0, 1, 1, 0, 1, 0, 0, 0, 0, 1, 0, 0, 0, 0, 0, 1, 1, 0, 1, 0, 0, 1, 0, 0, 0, 0, 1, 0, 0, 0, 0, 1, 1, 0, 0, 0, 1, 1, 0, 1, 0, 1, 1, 0, 1, 1, 1, 1, 1, 0, 1, 0, 1, 0, 1, 0, 0, 1, 1, 1, 1, 1, 1, 1, 1, 1, 1, 1, 0, 1, 0, 1, 0, 0, 1, 1, 1, 1, 1, 1, 0, 0, 0, 0, 0, 1, 0, 1, 0, 1, 0, 1, 1, 0, 1, 0, 0, 1, 1, 1, 1, 1, 0, 1, 0, 1, 1, 0, 1, 0, 0, 1, 0, 1, 1, 0, 1, 1, 1, 0, 0, 1, 0, 0, 1, 1, 0, 0, 0, 0, 0, 0, 0, 0, 0, 1, 0, 1, 1, 0, 0, 0, 1, 1, 0, 0, 0, 0, 0, 1, 0, 1, 0, 1, 1, 1, 1, 0, 1, 1, 0, 1, 1, 1, 0, 1, 0, 1, 0, 0, 1, 1, 1, 1, 1, 1, 1, 0, 0, 0, 0, 1, 1, 1, 0, 0, 1, 1, 1, 1, 0, 1, 0, 1, 0, 1, 0, 0, 0, 0, 0, 1, 0, 1, 0, 1, 0, 1, 0, 0, 0, 0, 0, 1, 0, 1, 1, 0, 1, 1, 1, 0, 1, 1, 0, 0, 1, 1, 1, 1, 0, 0, 1, 0, 0, 1, 0, 1, 0, 1, 0, 1, 1, 0, 1, 1, 0, 1, 0, 1, 1, 1, 1, 1, 1, 1, 1, 0, 0, 1, 1, 1, 0, 0, 0, 0, 0, 0, 1, 0, 1, 0, 1, 0, 0, 1, 1, 1, 1, 0, 1, 1, 0, 0, 0, 1, 1, 1, 0, 0, 1, 1, 1, 1, 1, 1, 0, 0, 1, 1, 1, 0, 0, 1, 1, 0, 1, 0, 1, 0, 1, 0, 1, 0, 1, 0, 1, 0, 0, 1, 1, 0, 1, 1, 0, 0, 0, 0, 0, 1, 0, 1, 0, 1, 1, 1, 0, 1, 1, 1, 0, 1, 1, 0, 0, 0, 0, 0, 1, 1, 1, 0, 1, 1, 0, 1, 1, 0, 0, 1, 0, 1, 1, 1, 1, 0, 1, 1, 1, 1, 1, 0, 1, 0, 0, 0, 1, 0, 0, 1, 1, 0, 0, 1, 1, 0, 0, 0, 0, 0, 1, 0, 0, 1, 0, 1, 1, 0, 1, 1, 0, 1, 1, 0, 0, 0, 1, 0, 1, 0, 0, 0, 0, 1, 1, 1, 0, 1, 1, 1, 0, 0, 0, 1, 1, 0, 0, 1, 0, 0, 1, 1, 1, 0, 1, 0, 0, 0, 1, 0, 0, 1, 0, 1, 0, 0, 1, 1, 0, 1, 1, 0, 1, 0, 1, 0, 1, 1, 0, 0, 0, 1, 0, 0, 0, 1, 1, 0, 0, 0, 1, 1, 1, 1, 0, 1, 0, 0, 1, 1, 1, 0, 1, 0, 1, 0, 0, 0, 0, 1, 0, 0, 1, 1, 0, 1, 0, 1, 0, 1, 0, 1, 0, 1, 1, 0, 0, 1, 1, 1, 1, 1, 0, 1, 1, 1, 1, 0, 0, 0, 0, 1, 1, 0, 0, 0, 1, 0, 0, 1, 1, 1, 0, 1, 1, 0, 0, 1, 0, 0, 1, 0, 1, 0, 0, 1, 0, 1, 0, 0, 0, 1, 1, 1, 1, 0, 0, 1, 1, 0, 1, 1, 0, 1, 0, 1, 1, 1, 1, 0, 1, 1, 1, 0, 0, 0, 0, 1, 1, 0, 0, 1, 0, 1, 0, 0, 1, 1, 0, 1, 1, 1, 0, 1, 0, 0, 0, 1, 1, 0, 0, 0, 1, 0, 0, 1, 1, 0, 1, 0, 1, 1, 1, 0, 0, 1, 1, 0, 0, 0, 0, 1, 1, 1, 0, 1, 1, 0, 0, 1, 1, 1, 1, 0, 0, 0, 1, 0, 1, 0, 1, 1, 0, 1, 0, 1, 1, 0, 1, 1, 0, 1, 1, 0, 1, 1, 0, 1, 1, 0, 1, 0, 0, 1, 1, 0, 0, 0, 1, 1, 1, 0, 1, 1, 1, 1, 0, 0, 1, 1, 1, 1, 1, 1, 1, 0, 1, 0, 0, 0, 1, 0, 1, 1, 0, 1, 0, 0, 1, 0, 0, 0, 0, 0, 0, 1, 1, 1, 0, 0, 1, 0, 0, 1, 1, 1, 1, 0, 1, 1, 0, 0, 0, 1, 0, 1, 0, 1, 0, 1, 0, 1, 1, 1, 0, 0, 1, 1, 1, 1, 0, 0, 1, 1, 0, 1, 0, 0, 1, 0, 0, 1, 1, 1, 1, 0, 0, 1, 1, 0, 1, 0, 1, 1, 0, 1, 0, 1, 0, 0, 1, 1, 0, 1, 0, 0, 1, 1, 1, 1, 0, 0, 0, 1, 1, 0, 0, 1, 1, 1, 0, 0, 0, 0, 0, 1, 0, 1, 1, 1, 1, 0, 1, 0, 1, 0, 0, 0, 0, 0, 1, 0, 1, 0, 1, 1, 0, 0, 1, 0, 0, 1, 0, 0, 1, 1, 0, 0, 1, 1, 0, 1, 1, 0, 0, 1, 0, 1, 0, 1, 0, 1, 0, 1, 1, 0, 1, 0, 0, 1, 1, 1, 0, 1, 0, 0, 1, 0, 0, 0, 1, 0, 1, 1, 0, 0, 1, 1, 1, 1, 0, 1, 0, 1, 1, 0, 0, 0, 1, 1, 0, 1, 0, 0, 0, 1, 0, 1, 0, 0, 1, 1, 0, 1, 0, 1, 1, 1, 0, 1, 1, 0, 1, 1, 0, 1, 1, 1, 0, 0, 0, 1, 0, 0, 0, 0, 1, 1, 1, 1, 1, 0, 0, 0, 0, 1]