#/home/brian/Documents/summer17/Python/VEC/scripts/make_SBM_graphs.py
# GMT Thu Jul 27 21:51:47 2017
# 
0
1 178
2 40
3
4 65 27
5 69 86
6
7
8 144 18 52
9
10 130
11 131 95
12 35
13 98 79
14 44
15 51 100 118
16
17 188
18
19
20
21 145 107
22
23 98
24 74
25 40 120 43 131 93
26 159 63
27
28 144 105 133
29 68 38
30 59
31
32 72
33 152 102
34 171 189 39
35 129 155
36 197 142
37 49 43 135
38 168 117
39
40 103
41
42 60
43
44 58
45 126
46
47 150
48
49 183
50 196 173
51 174
52 114
53 83 181 86 93
54
55 65 110
56
57 181
58 156
59 75 63
60 91 147
61 72
62
63
64
65 68 130
66 135
67 88 151
68 85
69 104 105 152 121
70
71 112 90
72 145
73 118
74 89 78 143
75 144
76 140
77 90 175
78 142 135
79 95
80
81 162
82 155
83 178
84
85 147
86
87 153
88
89
90
91 156
92 178
93 132 161
94
95 176 163
96
97 168 130
98
99
100
101 141
102 181 177
103
104
105 116
106
107
108 124
109
110
111
112 132 198
113
114 153
115
116
117
118
119
120 152
121 171
122 169
123
124
125
126
127
128
129
130 197
131
132 187 191
133 145
134 188
135 172
136
137
138 148
139
140 172
141
142
143 175
144 195
145
146 198
147 160 196
148
149 160
150
151
152
153 174 190
154
155 172
156
157 195
158
159
160
161 171 163 188
162 166
163
164
165 184
166
167
168
169
170
171
172
173
174
175
176
177
178
179
180
181
182 186
183
184
185
186
187
188
189 190
190
191
192
193
194
195
196
197
198
199
[1, 1, 1, 0, 0, 0, 1, 0, 1, 1, 0, 1, 0, 1, 1, 1, 1, 1, 1, 1, 0, 1, 1, 1, 0, 1, 0, 0, 1, 0, 0, 1, 1, 1, 1, 0, 0, 1, 0, 1, 1, 0, 1, 1, 1, 0, 1, 0, 0, 1, 0, 1, 1, 1, 0, 0, 1, 1, 1, 0, 1, 1, 0, 0, 0, 0, 0, 1, 0, 1, 0, 0, 1, 1, 0, 0, 0, 0, 0, 1, 0, 1, 0, 1, 1, 0, 0, 1, 1, 0, 0, 1, 1, 1, 0, 1, 0, 0, 1, 0, 1, 0, 1, 1, 1, 1, 1, 1, 1, 0, 0, 1, 0, 0, 1, 1, 1, 0, 1, 1, 1, 1, 0, 0, 1, 0, 0, 1, 1, 0, 0, 1, 1, 1, 1, 0, 0, 0, 1, 0, 0, 0, 0, 0, 1, 1, 0, 0, 1, 0, 1, 0, 1, 1, 1, 0, 1, 1, 1, 0, 0, 1, 1, 1, 0, 0, 1, 0, 0, 0, 0, 1, 0, 0, 1, 0, 0, 1, 1, 1, 0, 1, 0, 1, 0, 0, 0, 0, 1, 1, 1, 1, 1, 1, 1, 1, 0, 0, 0, 0]