#/home/brian/Documents/summer17/Python/VEC/scripts/make_SBM_graphs.py
# GMT Thu Jul 27 21:52:03 2017
# 
0 56 172 170 164
1 102 9 14 146 41 88 191
2 66 164 173 56 132 62 159
3 132 103 141 51 196 159
4 64 194 74 175 48 18 90
5 104 89 163 96
6 132 123 188 101 23
7 194 36 199 137 50 147 20 21 56 89 188
8 139 134 11 110 80 189
9 64 171 33 169
10 88 25 66 170
11 100 133 166 81 77 110 173 72
12 59 107 156 165
13 68 140 146 150 55 153 188
14 196 165 77 46 53 121 24 57 187 133
15 144 191 108 119
16 113 140 108 79 145 146 179 21 89 47 61
17 41 162 130 79
18 64 118 105 43 84 54 100
19 128 160 35 195 171 176 49 115 86 61 94
20 97 66 35 193 75 130 153 186
21 99 106 139 163 58
22 66 170 43 141 54 151 90 155 156
23 70 76 107 44 143 51 54 56
24 164 141 78 48 49 57
25 194 101 38 103 162 78 177 180 185
26 144 168 170 76 110 48 185
27 155 60 95
28 176 34 155 135
29 192 129 69 74 118 30
30 132 71 74 87 80 54 151 59
31 56 81 123 77 59
32 131 103 173 110 143 80 148 121
33 192 176 196 39
34 105 166 65
35 171 155 45
36 130 181 183 155 93 158
37 152 161 140 174
38 162 49 147 116 87 61 191
39 63 116 79
40 60 179 140
41 163 126 146 195 149 94
42 100 157 166
43 101
44 105 63 157 78
45 102 72 170 179 84 148
46 194 199 143 52 84
47 192 150 55 155 95
48 172 141 121
49 162 76 50 63
50 160 96 75 77 144 82 83 63 191
51 137 188 143
52 89 195 97
53 72 60 141 180 92
54 98 131 195 62 63
55 162 198 138 146 89 111
56 138 171 66 85 59 188
57 129 154 134
58 65 194 99 113 158
59 166 170 151 153 189
60 162 130 79 113 153
61 193 162 134 130 142 145 82 88 124
62 74 66 148 152 84 190
63 160 162 169 79 176 153
64 131 69 102 143 148 190
65 137 75 146
66 102 166 177 190 187 124
67 136 176 128 155 86
68 187 102
69 121 186 98
70 194 132 102 182 91 92
71 129 131 109
72 74 77 143 121
73 199 171 174 115 116 88 127
74 131 166 139 143
75 135 158 126
76 133 170 173 109 114 122
77 103 91
78 96 194 195 100 172 111 84 90 92
79 96 197 145 95 127 93
80 124 101
81 139 103 141 149 123 92
82 169 106 97
83 136
84 128 131 178 165 103 143 185 189
85 118 189 182
86 192 108 109 94
87 128 167 111
88 97 117 127
89 108 111 152
90 129 131 196 165 102 178 91 156
91 98 198 109 121
92 134 109 154
93 193 179 183 152
94 117 125 191
95 146
96 128 198 144 113 179 152
97 128 184
98 134 172 120
99 153 114 150
100 107 148
101 194 138 172 149
102 180 164 186
103 148 132 166 141 118 154 157
104 113 146 157 175
105 168 139 188
106 198 172 144 150
107 180 149 185 189
108 163 167 127
109 132 124
110 143
111 133 167
112 123 135
113 192 193 179
114 150 182
115 119 155 151
116 162 138 174 190
117 138 140 166
118 186 188 189
119 183 181
120 168 132 187 124
121 197 133
122 192 131 197 180 157
123 196 134
124 192 170 148 151 185 157
125 164 149
126 153 191
127 136 191
128 130 163 183
129 196 165 173 186
130 161 167
131 177 149 159
132 172
133 149
134 172
135 167
136 166
137 140 141
138 195 167 171 185
139 165 166 168 156
140 195 146
141 180 156 157 190
142 145
143
144 191
145 171 155
146 157
147 155
148 149
149 185
150
151
152
153 199 163
154 177
155
156 187
157 193 185
158 171 197
159 170 182
160
161 162
162
163 199 167 184
164 184 190
165 198
166 175 178 180
167 192
168 180 182
169
170 189
171
172
173 174 182 185
174 176
175 190
176 192 193
177
178
179
180
181 192
182 188
183
184
185
186 198 188 189
187 189 190
188 194
189 198
190 198
191 195
192
193
194 198
195
196
197
198
199
[0, 1, 0, 0, 0, 1, 0, 1, 0, 1, 0, 0, 0, 1, 0, 1, 1, 1, 0, 1, 1, 1, 0, 0, 0, 0, 0, 1, 1, 0, 0, 0, 0, 1, 1, 1, 1, 1, 1, 1, 1, 1, 0, 0, 0, 0, 0, 1, 0, 1, 1, 0, 1, 0, 0, 1, 0, 0, 1, 0, 1, 1, 0, 1, 0, 1, 0, 1, 0, 0, 0, 0, 0, 1, 0, 1, 0, 0, 0, 1, 0, 0, 1, 1, 0, 0, 1, 1, 1, 1, 0, 0, 0, 1, 1, 1, 1, 1, 0, 1, 0, 0, 0, 0, 1, 0, 1, 0, 1, 0, 0, 1, 1, 1, 0, 1, 1, 1, 0, 1, 0, 0, 1, 0, 0, 0, 1, 1, 1, 0, 1, 0, 0, 0, 0, 1, 1, 1, 1, 0, 1, 0, 1, 0, 1, 1, 1, 1, 0, 0, 1, 0, 1, 1, 0, 1, 0, 0, 1, 0, 1, 1, 1, 1, 0, 0, 0, 1, 0, 1, 0, 1, 0, 0, 1, 0, 1, 0, 0, 1, 0, 1, 0, 1, 1, 0, 0, 0, 0, 0, 0, 1, 1, 1, 0, 1, 0, 1, 0, 1]