#/home/brian/Documents/summer17/Python/VEC/scripts/make_SBM_graphs.py
# GMT Thu Jul 27 21:51:46 2017
# 
0 305 1670
1
2
3 1851
4
5 1106
6 1361 1771
7 537 1434 1507 1619 761
8
9 1265 724
10
11 1792
12 1433 254
13
14 954
15 1299
16 108
17 1394 1302
18 125
19
20 801
21 1043
22
23 1642
24 227
25
26
27
28 379 1262 678
29 304
30 1553 337
31 490
32 1479
33 1950 966
34
35
36 1339 404 1957
37
38
39 336
40 552 1611
41 244
42 1248 1632
43
44
45 1016
46 457 724
47 66 1099 692 1994 1591
48 1919
49 1435 79
50 1712 1526
51 672
52
53
54 979
55 139
56 322
57 568 1424 1834
58
59 1899
60
61 1544 1125
62
63 1013
64 1131
65
66 1122 1303
67 492
68 763 814
69
70 112
71 1481
72
73 961 919
74
75 1649 1467
76 1480
77 1324 1364
78
79 1802 1195
80 1291
81 539 437 501
82 105 1495
83
84 657
85 1976
86 505 293
87 306
88 1651
89 516 245
90 712
91 139 1046
92 1762
93 1024 972
94 1987 1629 359
95
96 737
97 583
98 985
99 219 1854
100 868
101 1064 1870
102 738 699 821
103
104 1768 1215
105
106 267 243
107 431
108 1593
109 333
110
111
112
113 1032
114 974
115 1309
116
117
118
119 1267
120 657 1290 1972
121
122 1636
123 936
124
125 1322
126
127 1472
128 1296 571 1019
129
130
131
132
133 888
134 851 1604
135 1699
136
137 1611
138 656
139 1392 1717 230
140
141
142 1200 230
143 595
144
145
146 1698 1477
147
148 1581
149 1024
150 1316 293
151 1135
152
153
154 1945 1829 1925
155 1772
156
157
158
159
160
161 1586 389 1485
162
163 984 881 1444
164 1625
165
166
167 1749
168
169 465
170
171 1756
172 685 534 709
173
174 1962 1516
175 415
176 1547 1244
177 561 1794 414
178 494
179 1197
180 1955 1510 1743 308 1434 607
181 1425 1969 1695
182 365
183
184 1022
185 1763 268
186
187 601 1179 860
188 573 1903
189
190
191 220 743
192
193 865 1638
194
195 1915
196 737 1209 397 469
197 1800
198 324
199
200 1682
201
202 535
203
204 1150
205
206 1536
207
208
209 537 377
210 488 444
211 1573
212
213
214
215 1784 1744
216 901
217
218 1869
219
220 1859
221 1635
222
223 1889
224 1695
225 1656
226 1153 1052
227
228
229 1145
230 393
231 528
232 763 1071
233
234 1787
235 507 292 1510 1903
236 265 890 572 294
237 1938
238
239 581 1654
240 1003
241 1175 878 1159
242 1839
243
244 1574 974
245
246 647
247
248
249
250 1654
251 1073 668 1449
252 1444
253
254
255
256 1965
257 1954
258 433 644
259
260 1830
261
262
263 1067
264 826
265
266
267
268 1002
269 845 646
270 473 1943
271
272 1788
273 288 860 1150
274 1561 1230
275
276 1674 1124
277 1914
278 673
279 1504
280 479
281 373 470 1269
282 332
283 1418
284
285 1377 1670
286
287 373
288
289 330 564 1975
290
291 1439
292 1995
293 1957 821 1447
294
295
296
297
298 977 830
299 893 1590
300 1842
301 688 1227
302
303 1122 676 1759
304 1418
305 1481
306 649
307
308
309
310 1314 1869
311 1514
312 379
313
314 1352 1132 1534
315 1388
316
317 1889
318 635
319 1809
320
321 1296
322
323
324 626
325
326
327
328
329
330
331 1612
332
333 1909
334
335
336 1753 1870
337 1009
338 982
339 591
340 1018
341
342
343
344
345 1607 469 1039
346
347 1419 862
348 1792 1945
349 565
350 1321
351 1915 1597
352 1322 1236
353 576 544 1692
354
355
356
357 1153 413
358 1696 947 1604
359
360 826 1075 484 653 1383
361
362
363 757
364
365 1114
366
367
368
369 719
370 1040 914
371 1827 1751
372 1059
373 1515
374 761
375 1221
376 986 1951
377 907 1677
378 764 1781
379 708
380
381 1520 1348
382
383 410
384 1863
385 1489
386
387 842
388 1578 1555
389 740
390 1261
391 1237 765
392 867
393 750 1662 1741 731
394
395 1114
396
397
398
399 753
400
401 991
402 1600 1417
403 929
404
405 481
406 887
407
408
409 1100 1805
410 414
411
412 1762
413 1700
414
415 932 1309
416
417
418
419
420 1648 1311
421 1986
422
423 1182
424 668
425 488 741 1423
426
427
428
429
430
431 969
432
433 935
434 471
435
436 802
437
438
439 1683 964
440
441
442
443
444
445
446
447 1519 1783
448 1093
449 1309
450 502
451 1672 651 1342
452
453 1177
454
455 1792
456
457 937 763 1270
458 1110
459
460
461 1591
462
463 1585 746
464 1531
465 987
466
467 1593 1980
468 1839 567
469 661
470
471 809 1374 543
472 1728 1625
473
474 1869
475
476
477 1504 1917
478 1285 486
479
480
481
482
483 1607 1431
484 1700
485
486 1601
487 1024 1208 1733
488
489 630
490
491
492
493
494
495
496 1979
497 802 603
498 1614
499 675 1319
500
501 569
502 1520
503
504 584 1283 1478
505 1058 922
506 1690
507
508 656 1454
509 732 1637
510
511 965
512 1810 1261
513
514
515 1083
516 1811
517 1602
518
519
520 1734
521 953 1402
522 1841 1332 887
523 957
524
525
526 1793 1369
527
528
529 1836
530
531
532
533 1930 1900 734
534 1977
535
536 1344 1779
537 1711
538
539
540
541
542 807
543 925
544 1063
545
546
547 1131 684
548 1042 1539
549 1753
550 743
551 1115 1677
552
553
554
555 1080
556
557 569 675
558
559
560 813
561 720 1535
562 1566
563 1129
564 1240
565
566
567 1058
568 1628
569 1763
570 1908
571
572
573 1196
574 1746
575
576 1806
577 1394
578 1847
579 1194
580 1112
581 1615 582
582
583 1228
584
585
586 1464
587 1154
588
589 1261
590 1896
591
592
593 946 1542
594 802
595 771
596 1031
597 1547 1444
598 895
599 1842 1399
600
601
602 1153
603
604 631
605
606 1838
607
608
609
610
611
612
613
614
615 1555 1102 1463
616
617 948
618 1057
619
620 1961 1517
621 847
622 1762
623 1063
624 1039
625
626 1641
627 1036
628
629
630
631
632
633
634 1808 1308
635 1914
636 1933
637
638
639
640
641 1668 814
642
643 1243
644 803
645 1136
646
647
648
649
650 1727
651 1162
652 674 1855
653
654
655
656 697
657
658
659
660 1090 1221
661
662
663
664 1106
665
666
667
668 1604 1039
669
670
671 760
672
673 1393 679
674 1136
675 924
676 1303 854
677
678 1188
679 1861
680
681
682 1800
683
684
685
686 1539
687
688 1950
689
690
691
692 1049 1026 1062
693
694 1466 1676 1805
695
696 1097
697
698 1061
699 1302
700
701 998 1623
702
703 1665 1855
704
705
706
707
708
709 1608 1632 885
710
711
712 1141
713
714
715
716 1202 862
717 1552 1208
718
719 912
720
721
722
723
724 1235 1035
725
726
727
728
729
730
731 1435
732
733
734
735
736
737 1842
738 743
739
740 852
741
742 1467 1574
743 1698
744 1245 1382
745 1457 1719
746
747
748 1485
749
750 1426
751
752
753
754
755
756 1557
757
758
759
760 1210
761 805
762
763
764
765
766
767
768 1852 1949
769
770 1585 1730
771 896
772
773 1732
774 1270
775
776
777
778 1090
779
780
781
782
783
784
785 1716 788 1334 1679
786 1001
787 1860
788
789
790
791 930
792
793
794 1423
795 1224
796
797 1108 1438
798
799
800 1026 1867 972 1582
801
802 1476
803
804 1496
805 1805 1182
806 1225 954
807
808 1280 1217
809
810 1356
811
812
813 1227 1215
814
815
816
817 1627
818
819 1457 1692
820 1313 1201
821
822 1682
823 1878
824 1091
825
826
827 1201
828 1236
829 1805
830
831
832
833
834 1345 1541
835 1910
836 1956
837
838
839 1680
840 1088
841 883
842
843 1682 1654
844 1540
845 1856
846 1060
847
848
849 1646
850 1778
851 1543
852 1160 1108 1187 1502
853 894
854
855
856 1547
857
858
859 1135
860
861 1708
862 934 1663
863
864 1401
865 1775
866
867 1396
868
869 1400
870
871 1443
872
873 1837
874 1091
875
876
877 1849 1519
878 1088 1449
879 1698 1765
880 1782
881
882 1599
883
884 1848
885
886
887 1527
888 1203
889 1112 1956
890 1264 1318
891
892 1762
893
894
895 1980
896
897
898 1677 1894
899
900
901 1896
902
903
904 1498
905 914
906 1269
907
908
909
910
911 1165
912
913
914
915 1351
916
917 1217 1883
918 1235 1692
919
920
921
922
923
924 1556 1277
925 1354
926 1504
927 1981
928
929
930
931 1531 1758
932 985
933
934
935 1867 1219
936
937
938
939 1489
940
941 1606
942
943
944 1881
945 1522
946
947 1970
948 1985
949 1215
950
951 977
952
953 1433
954 1494 1745
955
956 1006
957
958 1490
959
960 1638
961
962
963 1028
964 1569
965
966 1130 1526
967 1467
968 1887
969 992 1695
970 1794
971 1738
972
973
974 1660 1156
975 1649 1963
976
977 1266 1162
978
979 1827
980 1488
981
982 1205
983 1436
984 1711
985 1179
986 1986 1765
987 1404
988 1410
989
990 1876
991
992 1595
993
994
995
996
997 1543
998
999
1000
1001
1002 1561
1003 1284
1004 1046
1005 1975
1006
1007 1561 1068
1008
1009
1010
1011 1124
1012 1845
1013 1716
1014
1015 1160
1016
1017 1809 1509
1018 1996
1019 1530 1095
1020 1078
1021 1343
1022
1023
1024
1025
1026
1027
1028
1029
1030
1031 1454
1032
1033
1034
1035
1036 1462
1037
1038
1039 1697
1040
1041
1042 1984
1043
1044
1045 1746 1979
1046 1895
1047 1422
1048
1049 1563 1117 1135
1050
1051
1052
1053
1054 1650
1055 1570
1056 1603
1057 1335
1058 1517
1059 1192
1060
1061 1688
1062
1063 1714 1311
1064 1099
1065 1999
1066
1067
1068
1069 1328
1070 1338
1071
1072 1625
1073
1074 1921
1075
1076 1488 1279
1077
1078
1079
1080 1779
1081
1082
1083 1408
1084 1378
1085
1086
1087 1843
1088 1587 1335
1089 1129 1801
1090 1149
1091 1430 1999
1092 1372
1093 1586
1094 1474
1095
1096 1201
1097
1098
1099 1538
1100
1101
1102
1103
1104
1105
1106 1418
1107 1509
1108
1109 1153 1378
1110
1111
1112 1556
1113 1121
1114
1115
1116
1117
1118
1119
1120 1407
1121
1122
1123
1124 1437
1125
1126 1144
1127 1996
1128 1306
1129
1130
1131
1132
1133 1819 1980 1783
1134 1934
1135
1136
1137
1138
1139 1302
1140
1141
1142 1720
1143
1144 1335
1145
1146 1179
1147
1148 1490
1149
1150
1151
1152 1549 1519
1153
1154 1308
1155 1389
1156
1157 1810
1158 1672
1159
1160
1161 1768
1162 1867
1163 1194
1164
1165
1166 1691 1286
1167
1168
1169
1170
1171
1172 1242
1173
1174
1175
1176 1736
1177
1178 1624 1558
1179 1848 1478
1180 1402
1181
1182 1860
1183
1184
1185 1880
1186 1940
1187
1188
1189 1578
1190 1443 1863
1191
1192
1193 1910
1194
1195
1196
1197 1292 1317
1198
1199 1881
1200
1201
1202 1917 1398
1203
1204
1205
1206
1207
1208 1272
1209
1210
1211
1212
1213 1228
1214
1215
1216
1217
1218 1809
1219
1220
1221
1222 1239
1223
1224
1225 1641
1226 1500
1227 1691
1228 1587
1229
1230
1231 1872
1232 1733
1233
1234
1235
1236
1237
1238
1239
1240
1241 1738
1242 1532
1243
1244
1245 1469
1246
1247
1248 1426 1366
1249 1784
1250
1251 1273
1252
1253
1254
1255
1256
1257
1258 1716
1259 1521 1828
1260
1261 1518
1262
1263 1451
1264
1265
1266
1267 1281 1749
1268 1790
1269
1270
1271 1333
1272 1350
1273
1274 1786
1275
1276 1385
1277
1278
1279
1280
1281
1282
1283
1284
1285
1286
1287
1288
1289
1290
1291
1292
1293
1294
1295 1336
1296 1584
1297 1449
1298
1299
1300
1301
1302
1303 1903
1304
1305
1306
1307 1609
1308
1309 1543
1310
1311
1312
1313
1314
1315
1316 1882
1317
1318
1319
1320
1321
1322
1323
1324
1325 1528 1802
1326
1327
1328
1329
1330 1375
1331
1332
1333 1696
1334
1335 1389
1336 1572
1337
1338
1339
1340
1341
1342
1343
1344 1916
1345
1346 1588
1347 1746
1348
1349 1352 1857
1350
1351 1642
1352
1353
1354
1355
1356 1726 1823
1357
1358
1359
1360
1361
1362
1363
1364
1365
1366
1367
1368
1369 1718
1370 1649 1894 1823
1371
1372
1373
1374
1375
1376
1377 1569
1378 1678
1379
1380 1763
1381
1382
1383
1384
1385
1386 1866
1387
1388
1389
1390
1391
1392
1393
1394
1395
1396
1397
1398
1399 1613
1400 1962 1875
1401
1402
1403 1923
1404
1405
1406 1485
1407
1408
1409 1661
1410 1986
1411
1412
1413
1414 1546
1415
1416 1726
1417
1418
1419 1531
1420
1421 1517
1422 1764
1423
1424
1425 1997
1426 1891
1427
1428 1684
1429
1430 1518
1431 1445
1432 1891
1433
1434
1435
1436
1437
1438 1638
1439
1440
1441
1442
1443
1444
1445
1446 1699
1447 1638
1448
1449
1450
1451
1452
1453
1454
1455
1456
1457
1458
1459
1460 1769
1461
1462
1463
1464
1465
1466
1467
1468
1469
1470 1486
1471
1472
1473
1474
1475 1858
1476
1477
1478
1479 1598
1480
1481 1855
1482
1483
1484
1485 1502
1486
1487
1488
1489
1490
1491
1492
1493
1494 1607
1495
1496
1497
1498
1499
1500
1501
1502 1716 1799
1503
1504 1954 1703
1505
1506
1507 1693
1508
1509 1902
1510
1511
1512
1513 1940 1741
1514 1558
1515 1930 1991
1516
1517
1518 1592
1519
1520
1521 1593 1927
1522
1523 1535
1524
1525
1526
1527
1528
1529
1530
1531
1532 1624
1533
1534 1921
1535
1536
1537
1538
1539 1945 1605
1540 1551
1541 1648
1542
1543
1544
1545 1751
1546
1547
1548 1849
1549 1701
1550
1551 1903
1552
1553
1554
1555
1556
1557
1558
1559 1938
1560
1561
1562
1563
1564 1837
1565 1916
1566
1567
1568
1569 1889
1570
1571
1572
1573
1574
1575
1576 1891
1577
1578
1579
1580
1581 1619
1582 1873 1998 1969
1583
1584
1585
1586
1587
1588
1589
1590
1591 1807
1592
1593
1594
1595
1596
1597 1858
1598
1599
1600
1601
1602 1875
1603
1604
1605
1606
1607
1608
1609
1610
1611
1612 1817 1857
1613
1614
1615 1897
1616
1617
1618
1619
1620
1621
1622 1977
1623
1624 1693
1625
1626 1816
1627
1628
1629
1630 1957
1631
1632
1633
1634
1635 1747
1636 1756
1637 1739 1990
1638 1957
1639
1640 1863
1641
1642
1643
1644
1645
1646
1647 1708
1648
1649
1650
1651
1652
1653
1654
1655
1656
1657
1658
1659
1660
1661
1662
1663
1664
1665
1666 1935
1667
1668
1669 1923
1670
1671 1871
1672
1673
1674
1675 1928 1957
1676
1677
1678
1679 1778
1680
1681 1816 1958
1682
1683
1684
1685
1686
1687 1900
1688
1689
1690
1691
1692
1693
1694
1695
1696
1697 1997
1698
1699
1700
1701
1702
1703 1843
1704
1705
1706
1707
1708
1709
1710
1711 1876 1949
1712
1713
1714
1715
1716
1717
1718
1719
1720
1721
1722 1916
1723
1724
1725
1726
1727
1728
1729
1730
1731
1732
1733
1734
1735
1736
1737 1888
1738
1739 1838
1740
1741
1742
1743
1744
1745
1746
1747
1748 1918
1749
1750
1751 1944
1752
1753
1754
1755
1756
1757
1758 1997
1759
1760
1761
1762
1763
1764
1765 1981
1766
1767
1768
1769 1796
1770
1771
1772
1773
1774
1775
1776
1777
1778
1779
1780
1781
1782
1783
1784
1785
1786
1787
1788
1789
1790
1791
1792
1793
1794
1795
1796
1797
1798
1799
1800
1801
1802
1803
1804
1805
1806
1807
1808
1809
1810
1811
1812
1813 1875
1814
1815
1816
1817
1818
1819
1820
1821 1993
1822
1823
1824
1825
1826
1827
1828
1829
1830
1831
1832
1833
1834
1835
1836
1837
1838
1839
1840
1841
1842
1843
1844
1845
1846 1920
1847
1848
1849
1850
1851
1852 1948
1853
1854
1855
1856
1857
1858
1859
1860
1861
1862
1863
1864
1865
1866
1867
1868
1869
1870
1871
1872
1873
1874
1875
1876
1877
1878
1879
1880
1881
1882
1883
1884
1885
1886 1971
1887
1888
1889
1890
1891
1892
1893
1894
1895
1896
1897
1898
1899
1900
1901
1902
1903
1904
1905
1906
1907
1908
1909
1910
1911
1912
1913
1914
1915
1916
1917
1918
1919
1920
1921
1922
1923
1924
1925
1926
1927
1928
1929
1930 1997
1931
1932
1933
1934 1996
1935
1936
1937
1938
1939
1940
1941 1986
1942
1943
1944
1945
1946
1947
1948
1949
1950
1951
1952
1953
1954
1955
1956
1957
1958
1959
1960
1961
1962
1963
1964
1965
1966
1967
1968
1969
1970
1971
1972
1973
1974
1975
1976
1977
1978
1979
1980
1981
1982
1983
1984
1985
1986
1987
1988
1989
1990
1991
1992
1993
1994
1995
1996
1997
1998
1999
[1, 1, 0, 0, 1, 0, 1, 1, 1, 0, 1, 1, 1, 1, 1, 1, 1, 1, 1, 0, 1, 0, 1, 0, 1, 1, 0, 0, 1, 0, 1, 1, 1, 1, 0, 1, 0, 1, 0, 1, 0, 1, 1, 1, 0, 0, 0, 0, 1, 1, 1, 1, 0, 0, 1, 1, 1, 1, 0, 1, 0, 0, 1, 0, 0, 0, 0, 1, 1, 0, 0, 1, 0, 1, 0, 1, 0, 1, 1, 1, 1, 0, 0, 0, 1, 1, 0, 1, 1, 1, 1, 1, 0, 1, 0, 0, 1, 1, 1, 0, 1, 1, 0, 1, 1, 0, 1, 1, 1, 1, 1, 1, 0, 0, 1, 1, 0, 0, 0, 0, 1, 0, 0, 1, 0, 1, 1, 0, 1, 1, 0, 0, 0, 1, 1, 1, 1, 0, 0, 1, 0, 0, 1, 1, 0, 1, 0, 0, 0, 1, 0, 0, 1, 0, 1, 0, 0, 0, 1, 0, 0, 0, 0, 1, 1, 0, 0, 1, 0, 0, 1, 1, 0, 1, 0, 1, 1, 1, 0, 0, 0, 0, 1, 1, 1, 0, 1, 1, 0, 0, 0, 0, 0, 0, 1, 0, 1, 1, 0, 0, 0, 1, 1, 1, 1, 0, 0, 1, 1, 1, 1, 1, 0, 0, 0, 1, 1, 1, 0, 0, 0, 0, 1, 1, 0, 0, 0, 1, 0, 1, 1, 0, 1, 1, 1, 0, 0, 1, 1, 0, 0, 1, 0, 1, 1, 1, 0, 0, 1, 0, 0, 1, 1, 1, 1, 0, 0, 0, 0, 1, 1, 0, 1, 0, 0, 0, 1, 1, 0, 1, 0, 1, 1, 1, 0, 1, 1, 0, 0, 0, 0, 0, 0, 0, 0, 1, 0, 0, 1, 1, 1, 0, 0, 0, 0, 0, 0, 0, 0, 0, 1, 1, 1, 0, 0, 1, 1, 0, 0, 0, 1, 1, 1, 1, 0, 0, 1, 1, 1, 0, 1, 1, 1, 0, 1, 1, 1, 1, 1, 1, 1, 0, 0, 1, 1, 0, 1, 1, 1, 1, 0, 0, 1, 0, 1, 1, 1, 0, 1, 1, 0, 0, 1, 1, 0, 1, 0, 0, 1, 0, 0, 0, 0, 0, 0, 1, 0, 1, 0, 1, 0, 1, 0, 0, 1, 1, 0, 1, 0, 1, 1, 0, 1, 1, 0, 0, 0, 1, 1, 0, 0, 0, 0, 1, 1, 1, 1, 1, 1, 1, 0, 1, 1, 1, 1, 0, 1, 1, 1, 1, 1, 0, 0, 0, 1, 1, 1, 0, 1, 1, 1, 0, 0, 1, 1, 1, 1, 1, 1, 0, 0, 1, 0, 0, 1, 1, 1, 0, 0, 1, 0, 1, 1, 1, 1, 0, 0, 1, 1, 1, 1, 1, 1, 0, 1, 0, 0, 1, 1, 0, 0, 0, 1, 0, 0, 0, 0, 1, 0, 1, 0, 1, 1, 0, 0, 0, 1, 0, 1, 0, 0, 1, 1, 1, 0, 0, 1, 1, 1, 0, 1, 0, 1, 0, 1, 0, 0, 1, 0, 0, 1, 0, 1, 1, 0, 0, 0, 1, 0, 1, 1, 1, 0, 1, 0, 0, 0, 0, 1, 0, 1, 0, 1, 1, 1, 1, 1, 0, 1, 1, 1, 1, 1, 1, 0, 1, 0, 1, 0, 1, 1, 0, 1, 1, 1, 0, 1, 0, 1, 1, 0, 1, 0, 1, 0, 0, 0, 0, 1, 0, 1, 0, 0, 1, 1, 1, 0, 0, 1, 0, 1, 1, 0, 0, 0, 1, 1, 1, 0, 1, 1, 0, 0, 1, 0, 1, 0, 0, 0, 0, 1, 1, 1, 1, 1, 1, 1, 1, 1, 1, 0, 1, 0, 1, 0, 1, 1, 0, 0, 0, 1, 0, 0, 1, 0, 1, 0, 0, 1, 0, 0, 1, 0, 1, 1, 1, 1, 0, 1, 0, 0, 0, 0, 0, 0, 1, 0, 0, 0, 0, 0, 1, 0, 0, 0, 1, 1, 0, 1, 0, 0, 0, 0, 0, 1, 1, 0, 1, 0, 0, 1, 1, 1, 1, 0, 1, 0, 1, 1, 0, 0, 0, 1, 0, 0, 0, 0, 0, 1, 0, 1, 0, 1, 1, 0, 0, 1, 0, 1, 0, 0, 0, 0, 1, 0, 0, 0, 0, 1, 0, 0, 1, 0, 0, 1, 0, 0, 0, 1, 0, 1, 1, 1, 1, 0, 1, 0, 1, 0, 1, 0, 1, 0, 0, 0, 0, 0, 0, 0, 1, 0, 1, 1, 0, 1, 0, 1, 1, 0, 1, 0, 1, 1, 0, 1, 1, 0, 1, 0, 0, 1, 0, 0, 1, 1, 1, 0, 0, 0, 0, 0, 1, 0, 1, 0, 0, 1, 1, 1, 0, 0, 1, 0, 0, 1, 1, 0, 1, 1, 1, 1, 0, 0, 0, 0, 0, 1, 0, 0, 0, 1, 1, 1, 1, 1, 0, 1, 0, 0, 0, 0, 0, 1, 0, 0, 1, 1, 1, 1, 1, 1, 0, 0, 1, 1, 0, 1, 1, 0, 1, 1, 0, 1, 0, 0, 1, 0, 1, 1, 1, 0, 1, 1, 1, 1, 0, 1, 0, 1, 1, 1, 0, 1, 0, 0, 1, 0, 1, 1, 0, 0, 1, 0, 0, 0, 1, 0, 0, 0, 0, 1, 1, 0, 1, 1, 0, 0, 0, 1, 0, 1, 0, 1, 0, 0, 1, 1, 1, 1, 0, 1, 1, 1, 0, 1, 0, 1, 1, 1, 1, 0, 1, 0, 0, 0, 1, 1, 0, 1, 1, 1, 1, 0, 1, 0, 0, 0, 1, 0, 0, 0, 0, 1, 1, 0, 1, 0, 0, 1, 1, 1, 1, 0, 1, 0, 1, 0, 0, 1, 1, 1, 0, 1, 1, 0, 0, 1, 0, 0, 0, 0, 0, 0, 1, 1, 1, 1, 1, 0, 1, 1, 1, 1, 1, 1, 0, 1, 0, 0, 0, 0, 0, 0, 1, 1, 1, 1, 1, 1, 0, 1, 0, 1, 1, 1, 1, 0, 0, 0, 1, 0, 0, 1, 0, 1, 1, 0, 0, 0, 1, 1, 1, 0, 0, 1, 0, 1, 0, 1, 0, 0, 1, 0, 0, 1, 1, 1, 0, 1, 1, 0, 1, 1, 0, 0, 0, 0, 0, 0, 1, 1, 0, 1, 0, 1, 1, 0, 1, 1, 0, 0, 1, 0, 0, 0, 0, 0, 1, 0, 1, 0, 0, 1, 0, 1, 0, 1, 0, 0, 0, 1, 0, 0, 1, 0, 0, 1, 0, 0, 0, 1, 0, 0, 1, 1, 0, 1, 0, 0, 1, 1, 1, 1, 1, 0, 0, 0, 1, 1, 1, 0, 0, 0, 0, 0, 1, 1, 1, 1, 0, 1, 0, 0, 1, 0, 1, 1, 0, 1, 0, 1, 1, 1, 1, 0, 0, 0, 0, 0, 0, 1, 0, 1, 1, 1, 1, 0, 0, 0, 0, 0, 1, 0, 0, 1, 0, 0, 0, 0, 0, 0, 0, 0, 1, 0, 0, 0, 0, 1, 1, 1, 1, 0, 0, 0, 0, 1, 0, 0, 1, 1, 0, 1, 0, 0, 0, 1, 0, 1, 1, 0, 1, 0, 1, 1, 0, 0, 0, 1, 1, 0, 0, 1, 1, 0, 1, 1, 0, 1, 1, 0, 0, 1, 1, 0, 1, 0, 0, 1, 1, 0, 1, 0, 1, 1, 0, 0, 0, 1, 1, 1, 1, 0, 1, 1, 1, 0, 1, 1, 1, 0, 1, 1, 1, 1, 1, 1, 1, 0, 0, 0, 1, 0, 1, 0, 1, 1, 1, 1, 0, 0, 1, 0, 0, 0, 0, 1, 0, 1, 0, 1, 1, 1, 0, 1, 1, 0, 0, 1, 0, 0, 1, 0, 0, 0, 1, 0, 0, 0, 1, 0, 0, 1, 1, 0, 0, 0, 1, 1, 0, 1, 1, 1, 1, 0, 1, 0, 0, 0, 0, 1, 1, 0, 0, 0, 1, 0, 1, 0, 0, 1, 1, 0, 1, 1, 1, 1, 1, 0, 1, 0, 0, 0, 0, 0, 0, 0, 1, 0, 1, 1, 1, 1, 1, 1, 1, 0, 0, 0, 0, 1, 1, 1, 0, 1, 1, 1, 0, 1, 1, 0, 1, 1, 1, 0, 0, 1, 0, 1, 0, 0, 0, 0, 0, 0, 1, 1, 0, 0, 1, 1, 1, 1, 0, 1, 1, 1, 0, 1, 1, 1, 1, 1, 0, 1, 1, 1, 0, 1, 1, 1, 0, 0, 0, 1, 0, 0, 1, 0, 0, 0, 1, 1, 0, 1, 0, 0, 0, 0, 0, 1, 1, 1, 0, 1, 0, 0, 0, 0, 1, 0, 1, 0, 0, 0, 1, 0, 0, 0, 0, 0, 1, 0, 1, 1, 1, 0, 1, 0, 0, 1, 1, 0, 1, 1, 0, 1, 0, 1, 0, 0, 1, 0, 1, 1, 1, 0, 1, 0, 0, 0, 1, 1, 0, 1, 1, 1, 0, 1, 1, 1, 1, 0, 0, 0, 0, 0, 1, 0, 1, 0, 0, 0, 0, 0, 1, 0, 1, 1, 0, 1, 1, 0, 1, 0, 0, 1, 0, 1, 1, 0, 1, 0, 1, 0, 0, 1, 1, 0, 0, 0, 0, 1, 0, 1, 1, 1, 1, 1, 0, 1, 0, 0, 1, 0, 1, 0, 1, 0, 0, 0, 0, 0, 0, 1, 0, 0, 0, 0, 1, 0, 1, 1, 1, 0, 1, 1, 0, 1, 0, 1, 0, 1, 1, 0, 1, 0, 1, 0, 1, 0, 0, 1, 1, 0, 1, 1, 1, 1, 1, 0, 0, 1, 1, 1, 1, 1, 0, 1, 1, 0, 0, 1, 0, 0, 1, 0, 0, 0, 1, 0, 1, 1, 1, 1, 1, 1, 0, 1, 0, 1, 1, 0, 0, 1, 0, 0, 1, 1, 0, 0, 0, 0, 1, 1, 0, 1, 0, 1, 1, 1, 1, 0, 1, 1, 0, 0, 1, 0, 1, 0, 0, 0, 1, 0, 0, 1, 1, 1, 1, 1, 1, 0, 1, 1, 1, 0, 1, 1, 1, 0, 1, 1, 0, 0, 0, 0, 1, 0, 0, 0, 1, 0, 0, 1, 1, 0, 1, 1, 1, 0, 1, 0, 1, 0, 1, 0, 0, 0, 1, 1, 0, 1, 0, 0, 0, 1, 0, 1, 0, 1, 0, 1, 0, 0, 0, 0, 1, 0, 0, 1, 1, 0, 1, 0, 1, 1, 0, 0, 1, 0, 0, 1, 1, 0, 0, 1, 1, 0, 1, 0, 1, 0, 0, 1, 1, 1, 1, 1, 0, 0, 1, 1, 1, 1, 0, 0, 1, 1, 1, 0, 1, 1, 0, 1, 1, 0, 0, 1, 0, 0, 1, 0, 0, 1, 0, 1, 1, 1, 1, 1, 0, 0, 0, 1, 0, 0, 0, 0, 1, 1, 1, 0, 1, 1, 1, 1, 1, 0, 0, 1, 0, 0, 0, 0, 0, 1, 0, 1, 0, 1, 1, 0, 1, 0, 0, 1, 1, 0, 0, 1, 0, 1, 1, 1, 1, 0, 0, 1, 1, 1, 0, 1, 1, 1, 0, 0, 1, 0, 0, 1, 0, 1, 0, 0, 1, 1, 0, 0, 0, 0, 0, 1, 0, 0, 1, 1, 0, 0, 1, 1, 0, 0, 1, 0, 1, 1, 1, 1, 1, 1, 0, 0, 1, 1, 1, 1, 0, 1, 0, 0, 1, 1, 0, 0, 1, 1, 0, 1, 1, 1, 0, 1, 1, 0, 0, 1, 1, 0, 0, 1, 0, 1, 0, 1, 0, 0, 0, 0, 0, 1, 0, 1, 0, 1, 0, 1, 0, 0, 1, 1, 1, 0, 0, 1, 1, 0, 1, 1, 1, 0, 1, 1, 0, 1, 1, 1, 0, 0, 1, 1, 1, 0, 0, 1, 1, 1, 0, 1, 1, 1, 1, 1, 0, 1, 0, 0, 0, 0, 1, 1, 0, 1, 0, 0, 1, 1, 1, 1, 0, 1, 0, 1, 0, 0, 1, 0, 0, 1, 0, 0, 0, 0, 0, 1, 1, 0, 1, 1, 1, 1, 0, 1, 0, 0, 0, 1, 0, 1, 0, 1, 0, 0, 0, 0, 1, 1, 0, 0, 0, 1, 0, 1, 1, 0, 1, 1, 0, 1, 0, 1, 0, 0, 0, 1, 0, 0, 0, 1, 0, 1, 0, 1, 0, 0, 0, 0, 0, 1, 0]