#/home/brian/Documents/summer17/Python/VEC/scripts/make_SBM_graphs.py
# GMT Thu Jul 27 21:51:47 2017
# 
0 927
1 858
2 697 1835
3 1010 1798
4 1508
5 580 22
6 166
7 347 1526 239
8 1062
9 1376 881 397
10 776 668
11 1389 30 615
12
13 1480 459
14 1153 1770 1005 819 55 1627
15 684
16 297 430
17
18 523 141
19 1522 1764 1742
20 1322
21
22 638
23
24 1653
25
26 1065
27
28
29
30 1784 50
31
32 1431
33 1381
34 1019
35 1168
36 169
37 733 47
38 1123
39
40
41 1424 659 1140
42
43
44 1760 553 1239
45 491 102
46 843
47
48
49 65 725
50 1416 371
51
52 859 926
53 563 285 150 749
54 1122 907 491 367 1430 1359
55 1898
56 516
57 1473 1490 771 854 745
58 1570 1855
59
60 997 623
61
62
63
64
65 1978 493
66 489 756
67 976
68 1604
69 573 1318 1829
70 765 1422
71 1017 1245 1366 1645
72
73
74 1681 1106
75
76
77 1481
78 168 1662
79 1624 1924 1444 961
80 1842 1831
81 422
82 719
83 1662
84
85 513 1901
86 795 1308 1757
87 544 261
88 1395 183 1717 1925
89
90 1292
91 314 1774 535
92 361 441
93 144
94
95 657
96 1235 1844
97 460 1239
98 1986
99 1298 1772
100 1737 730 652 1828 1079
101 1086
102 986 780 1418
103
104 1441
105 235 788
106 968 1667
107 168 959
108 1279
109 1860
110 125
111 1109
112 636 831
113
114 823
115 193 421
116 945 1794 743
117
118 1825
119 309
120 1708 1020 1125 1077
121
122 627 207
123 539 1733 1590
124 680 361 1252 1524
125
126 592 282
127 1773
128 1215
129 1368 1334
130 1796 645 1109
131
132 990
133
134 474
135 662
136 1915 1278
137
138 514 1508 1671
139 193
140
141
142 900 389
143 1729 941 1069
144 780
145 1667 453 1335
146 1113 1519
147 1365
148 886
149 499
150
151 677
152 766 1815
153 1605
154 1300 741
155 1208 1970 220
156 1010 965 1358
157 1746 268 1806
158 1563 300
159 722 1042 1967
160 809 796
161
162 498 812
163 1624 409 1042 867 1766
164 1775
165 673
166 1135
167 1029 581
168
169 792
170 1544 416 1106
171 1648
172 1227
173
174 1109
175
176 1105 546 1844
177 1965
178 1403
179 884
180 487
181
182 1757
183 1620
184 1410 1947
185 495 1789 645
186 465 1402 299 1382 822
187 706 1444 1446 486 1934 1844
188
189 1370
190 1880 1017 1507 949
191 1108 628 537
192 1869
193 720
194 1293 1502 1399
195 569 870
196 337
197 849
198 726
199 1856 577 466 225
200 1080
201 1909 1974 1519
202 1224
203 586
204 530 331 558 1646 1463
205
206 1589
207 752 582
208 1134
209 1568 1201 1318 617
210
211 882 252 530
212 931
213 995 669
214 434 1171
215 1258 682
216 1544
217
218 659 1861 846 991
219 1233 1484
220
221 1236
222 1373 446
223 976 1977 938 1121
224 748 1269 1511
225 1081
226 1073
227
228 1937 1465 1605 399
229 1686
230 397 806
231 1273 1266 243
232
233 1650
234 319 757 413
235 1862
236
237
238 1108
239 384 1275 284 1511
240 949 1351
241 1132 1829 1343
242
243 1729 534
244 1297 804
245 1439
246 1018 1146
247
248
249
250
251
252 1700 261 1740 1906 502
253 552
254 582
255
256
257
258 1635 1174 1751
259 1181 1103
260 1502
261
262
263 1433 1073
264 517 366
265
266
267
268 1740
269 587
270 1889
271 1050 780 1626
272 941 310
273 703
274
275 880
276 1510
277 416 1460 399
278 365
279 1480 718
280 873 1874 660 749 1582
281 1004
282 1004 1525
283 1985 804 577
284 1491
285 1734
286 1318
287
288 1159
289 1307
290 378
291 991
292 463
293 1433 779
294 1905 559
295 309
296
297 808
298 1688 1846 966
299 1929
300 1842 1227 1527
301
302 1120
303 619
304
305 537 1421
306
307 1176 524 701 903
308 1501 1613
309 395 1678
310
311
312 1201
313
314
315 1977 1618 639
316 1043 1915
317
318 640 1932
319
320 1681
321
322 537 1580
323 1737 346 1788 1953
324 761 525
325 481 1926
326
327
328
329 1082 1067 1189
330 1788 1943
331 883 1447
332
333 435 615
334
335 1296 867
336
337
338 880 845
339
340 1490
341 1184
342
343 1617
344 1557
345 1427 1293
346 381
347 896 1546
348
349 1957
350 753 940
351
352 1026
353
354 1921
355 456
356 1714
357
358
359 1716
360 1225 1647
361
362 1656 566
363 1814
364 911
365 1220 846 1647
366
367 1243 1679
368 1832 825
369
370
371
372
373
374 480 1714 863 1631
375 1138 1695
376 1248 1601 840
377 682
378 497 1293
379 1610 1948
380 467 742
381 1376 1852
382 1900
383
384 1208 478 894
385 1889
386 1858
387
388 1403 1956
389 406 1749
390
391 1753 794
392
393 465 1374
394 1551
395 1867 764
396 1839
397 739 948 1559
398 1823
399
400
401 972
402 1136
403
404 1817 1802
405
406
407
408
409 1068 651
410 539
411 704 1625 629
412
413 1708
414 666 1775 599
415 438
416 704 929 943 1685
417
418
419 1748 1165 981
420 461 557
421
422 761
423 946 580 1314
424 1709 575
425
426 1232
427 1195
428 1403 1963
429
430 888
431 1497
432
433 1517
434
435 1482 1102
436 1103
437 1945
438 1691
439 442
440 1746 782
441 1667 1749 1747
442 505 823 1787
443
444 945 1779
445
446
447 481 1263
448 729
449 1320 450
450 727
451 1184 873
452 1595 1580 1517
453 1437
454 1680 687
455 1877
456 1136 1674 1492 923
457 1143
458
459 1498
460 805 470 519
461 1472 489 1442 584
462
463 507 1447
464
465
466 908
467 1267 638 655
468 1105
469 1723
470 1245
471 1746 1037
472 1132 1607
473 1920 943
474 552
475
476 512
477
478
479 666 1894
480 1739 1877 1055
481 1616 1410 612
482
483 754 1711
484 642 1222
485
486
487 1984 628 1345
488
489
490 1564
491 1392 982
492 885
493
494 1648 1907 1300
495 851
496 1224 761 1636
497 611
498 612 1188 1902
499 689 1951
500 1058 1270 1727
501 1699 1374
502 840 797
503 549
504 1592 848
505 1281 1844
506 1528 527
507 1971
508 1263
509 1680
510 1345 1387 1046
511 1836
512 1779 1582
513 1457 1886
514 1888 963
515
516
517
518
519 1137 1686
520 667 551
521 1921
522 1615
523
524 1530
525 1476 1114
526 1290
527 1392 1674
528 1003
529
530
531
532
533 921
534
535 1657 1441
536
537
538
539
540 1592 1277 1583
541
542 608 1786
543 734
544
545 1629
546 660
547 1864
548 676
549
550 1648 750
551 870
552
553 810 1570
554 601 1265
555
556 658 667
557
558 1842 1079
559 755
560
561 1172
562
563 716
564 1343 1407
565 734
566 1370 1138
567 1898 909
568 763
569
570 575 1803 887
571 1283 844
572
573 1977
574
575 1804 1678
576 1366
577
578 1880
579 1530 948 1647
580 1705 1823 1741
581
582 1222
583
584 1600
585 1809
586
587
588 930
589 1226 1964
590 1256
591 674
592 885
593 1793 1754 1998 1382
594
595 1132 1679
596 1176 1489
597
598
599
600 1626
601 1505 1047
602 1440 612 1622 1878 917
603 1340
604 985
605 957
606 640 1915
607
608 730 627 623
609 891
610 1557 655
611 1504 1644 1337
612 1392 1770
613 1044
614
615 1394 1703
616 1417 1499 1927
617
618 1972
619 1562 1770
620
621 1868
622
623 1665
624 1596
625 821
626
627 717 1583 946 1141
628 789
629
630
631 683
632 1234 644
633 1553
634 1921
635
636
637
638
639 1269
640
641 798
642 1884 1479
643 1829
644 724
645 662 729
646 1741 1565
647 1497
648 1770 1438
649 1794
650
651 1650 1390
652
653 1514
654
655
656 1708
657
658
659 814
660 1924 958 1247
661
662 1453 1052
663
664 1774 1879
665 1064
666 1831
667 1406 855
668 1824 1875
669 1640
670 793
671 1768 1777 1630
672 1749 790
673 1353 1786 1525
674 1585 1743 892
675 1976
676
677
678
679 1525 694
680 1899 1243 1453
681 1840 1702 767
682
683 1986
684
685 1073 1643
686 850
687 824
688 1005
689 1673 1087
690 1441
691 1958
692 800 873 1165 1953
693
694 871
695 862
696 808 1360 843
697 1257
698
699 1827 1134
700 1600 877 1781
701 748
702 906 718
703 1075
704 715 1663
705
706 1792 1411
707 1672 1517
708
709 1335
710
711 1864 1962 1477
712 834 868
713
714 1639
715 1916 951
716 1425 1666
717 1795 1658
718
719 1423
720
721 1280
722 1913
723 1167
724 1529 1411
725
726
727 984 1201 783
728
729 828
730 1620
731 1534
732 1284 846
733 1027
734
735 1059
736 767
737
738 984 1619 1477
739 1056
740
741 1211 1150
742 1853
743
744 1242
745
746 1569 1419
747
748 1154
749
750 1671
751 1688
752 874 1975 1270
753 1640
754 809
755
756
757
758
759 1721
760
761 1205
762
763
764
765 1351
766 1628 964
767 1798 1615 788 1143
768 1412 1751
769 1934
770 1577 834 1467 1204 1077
771
772
773 816 1204 1085
774 994 847
775
776 798
777 1251
778 1781 1311
779
780
781 1900
782
783
784 1807
785
786 927
787
788 859 1340
789
790 1153 942
791 1557
792 1326
793 1810
794
795 873
796 1569
797
798
799 1455
800
801 829
802
803 1032 950
804 1455
805
806 1117
807 1597
808
809 957
810 1010 1906 1157
811 1575
812 1976
813 1531 1572
814 1695
815 1376 1504
816 1600 1476 1838
817
818 1888 1697
819 1120 842
820
821 1160
822 956
823 1521 1757 1317
824
825
826
827 1650 1451
828 863
829
830 1355 1750 1927
831
832 1084
833 1448 1740 1661 902
834 1917
835 941 1934 1887
836
837 1926
838 1134
839
840 1710
841 1396
842 1904 1933
843
844 1967
845 1226
846 1985 1282 1236 1492
847 990
848 1753
849 1001
850
851 1188
852
853
854
855 1599
856 1728
857 862
858
859 1260
860 1571
861
862
863
864
865 1057
866 1432
867 1303
868 1338 876
869 1015
870
871
872 1291
873 1703
874 1232
875 1145 1346 1203
876 1386 1682
877 1444 1972 1225
878
879 1473
880
881 1541
882 1087 1831
883 1549
884
885
886
887 956 1101 1895
888 1968 1141
889 1842
890 1870
891
892
893
894 1778
895 1376 1073
896 1945 1844
897 994 1510 1302
898
899 1648 1640 1948
900
901
902 1212
903 1706
904 1315
905
906
907
908
909 966
910
911 1848
912 1552
913 1180
914 1361
915 1902
916 1801
917
918
919 1148 1899 1868
920
921 1063 1677
922
923 1937
924 1458
925 1393
926
927
928 1345
929 1313 1382
930 1746 1494
931
932 1198
933
934 1016
935 1801 1267 1831
936
937 1093
938 1786 1723
939
940 1867 1287
941 1892
942 1773
943
944 1049 1963
945
946
947
948 1040
949 1238 1855
950
951 1686
952
953
954 1513
955 1281 1650 1908
956
957 1856 1099 1464
958 982
959 1061
960 1472 1028
961 1517
962
963 1271
964
965 1305 1261
966 1258 1054
967 1578
968 1510 1798
969 1360 1641 1926
970
971
972 1615
973 1522 1903
974
975 1686
976 1419
977 1090
978 1058
979
980
981
982
983
984
985 1221
986 1484 1470
987
988
989
990
991 1515
992 1277
993 1048 1530 1284
994
995
996
997
998
999 1121
1000
1001 1433
1002
1003 1535
1004
1005
1006 1803
1007 1464 1821
1008
1009 1464 1877
1010
1011 1352 1061
1012
1013 1534
1014 1697
1015 1425 1525
1016
1017 1172
1018
1019 1724 1634
1020 1023
1021
1022
1023
1024 1224
1025
1026 1864 1105 1687
1027
1028 1864 1658 1836 1943
1029
1030
1031 1330 1602
1032
1033
1034 1925
1035
1036 1384 1838 1223
1037 1668
1038 1881 1372
1039
1040 1984
1041
1042
1043 1643
1044
1045 1361 1555 1150
1046
1047
1048 1554
1049 1114
1050
1051
1052
1053
1054 1675
1055
1056
1057 1466
1058 1160
1059
1060 1247
1061
1062 1146 1847
1063 1589
1064 1742
1065 1369 1903
1066 1403
1067 1907 1301
1068
1069 1895
1070
1071
1072 1854
1073 1781
1074
1075
1076 1310
1077 1637
1078
1079 1649 1782
1080
1081 1400
1082 1698
1083
1084 1220
1085 1309
1086
1087 1296 1608
1088
1089 1849
1090
1091
1092 1936 1976 1357 1797
1093
1094
1095 1841
1096
1097
1098
1099
1100 1737
1101
1102
1103 1498
1104 1626
1105 1633 1538
1106
1107 1420
1108
1109 1311
1110
1111 1112 1978
1112 1729
1113
1114
1115 1700 1271
1116 1433
1117
1118 1359
1119 1206
1120 1337
1121
1122 1811 1901 1869
1123 1688 1962 1452
1124 1486
1125 1707
1126
1127 1419 1220 1342
1128 1425
1129
1130
1131
1132
1133 1798
1134
1135
1136 1791
1137 1332
1138 1538
1139
1140
1141
1142 1636
1143
1144
1145
1146 1638
1147 1530 1316 1906
1148 1523
1149 1753 1203 1358
1150
1151
1152
1153
1154
1155 1800
1156
1157 1540
1158
1159
1160
1161 1265 1762 1351
1162 1418
1163
1164 1795
1165 1868 1185
1166
1167
1168 1704 1934
1169 1403 1823
1170
1171 1485
1172
1173
1174 1553 1619 1419
1175 1546 1404
1176
1177
1178 1552
1179 1296
1180 1568
1181
1182 1396
1183
1184
1185 1188
1186
1187 1891
1188 1880 1249
1189 1812
1190
1191
1192 1212
1193
1194
1195
1196
1197 1800
1198
1199 1434
1200 1289
1201 1618
1202
1203 1598
1204
1205 1912 1850
1206 1574
1207
1208 1846
1209 1988
1210
1211
1212 1646
1213 1659
1214
1215 1410
1216 1815
1217
1218 1937 1410
1219 1345
1220 1456
1221
1222 1469
1223 1820
1224
1225 1530
1226 1488
1227 1480 1660
1228 1269
1229
1230 1633
1231
1232
1233
1234 1662
1235
1236
1237 1293 1847
1238
1239 1422
1240
1241 1285 1934
1242
1243
1244 1634
1245
1246
1247 1585
1248
1249
1250 1411
1251 1297
1252 1257 1606
1253 1591
1254 1780
1255 1761 1477
1256
1257
1258 1506 1755
1259
1260 1842
1261
1262
1263
1264
1265 1621
1266
1267
1268
1269 1329 1445
1270
1271 1441 1781
1272 1812 1695
1273 1647
1274
1275
1276
1277 1834
1278
1279 1860
1280 1318
1281
1282 1529
1283
1284 1468 1473
1285 1352 1703
1286 1546
1287 1469
1288
1289 1709
1290 1313
1291
1292
1293 1587
1294 1700 1740
1295 1960
1296
1297 1660 1862
1298 1364
1299 1603
1300
1301
1302
1303
1304
1305
1306 1497
1307 1985
1308
1309
1310 1799
1311
1312
1313 1506
1314
1315
1316 1893
1317 1831
1318
1319 1568
1320
1321
1322
1323
1324 1998
1325
1326
1327
1328 1998 1622
1329
1330 1785
1331
1332
1333 1972
1334 1413
1335
1336
1337
1338
1339 1502
1340 1939
1341 1931 1844 1747
1342
1343
1344
1345
1346
1347 1935
1348 1568 1771
1349
1350 1537
1351 1352
1352
1353 1749
1354
1355
1356
1357
1358
1359 1935
1360
1361
1362
1363
1364
1365
1366 1453
1367 1658
1368 1725
1369 1734
1370 1842
1371
1372
1373 1525
1374
1375
1376
1377
1378
1379
1380
1381
1382 1593 1862
1383
1384
1385
1386
1387
1388
1389
1390
1391
1392 1791
1393
1394
1395 1916 1868
1396 1777
1397 1437
1398
1399
1400 1739
1401
1402 1465
1403
1404
1405 1489
1406 1518
1407
1408
1409
1410
1411
1412
1413
1414 1834
1415
1416 1523 1999
1417
1418
1419 1575
1420 1494 1710
1421 1660
1422
1423 1850
1424 1799
1425
1426
1427 1861
1428
1429
1430 1724
1431
1432 1932
1433
1434 1978
1435
1436
1437
1438 1782
1439
1440
1441
1442
1443
1444
1445
1446 1930
1447
1448 1977
1449
1450
1451
1452
1453 1712
1454
1455 1646
1456
1457 1755
1458
1459
1460
1461
1462
1463
1464
1465
1466 1651
1467
1468
1469 1951
1470
1471
1472
1473
1474
1475 1871
1476 1830
1477 1636
1478
1479
1480 1719
1481
1482 1946
1483
1484 1913
1485 1657
1486
1487
1488
1489
1490 1700
1491
1492 1861
1493 1532
1494
1495 1568
1496
1497
1498 1758
1499
1500 1763
1501
1502 1851
1503
1504
1505
1506 1750
1507
1508 1692
1509 1933
1510
1511 1807 1684
1512 1587
1513
1514 1665
1515
1516
1517
1518 1884
1519
1520
1521
1522
1523 1827 1943
1524
1525
1526
1527
1528
1529
1530
1531 1606
1532 1825
1533
1534
1535
1536
1537 1782
1538 1837
1539 1744
1540 1641
1541
1542 1600
1543 1912
1544
1545
1546 1787
1547
1548
1549
1550
1551
1552
1553
1554
1555
1556 1617
1557 1952 1736
1558 1725
1559
1560
1561 1772
1562
1563 1643
1564
1565
1566
1567
1568
1569
1570 1652
1571 1816
1572 1890 1975
1573
1574
1575 1859
1576 1892
1577
1578
1579 1975
1580
1581
1582
1583
1584
1585
1586
1587
1588
1589
1590
1591 1620
1592
1593 1899
1594 1703
1595
1596 1903
1597
1598
1599
1600
1601 1841
1602 1754
1603
1604
1605 1977
1606
1607
1608
1609
1610
1611 1670
1612
1613
1614
1615
1616
1617
1618 1646 1729
1619 1813
1620 1748
1621
1622
1623
1624 1957
1625 1870
1626
1627
1628
1629
1630
1631
1632
1633
1634
1635
1636
1637
1638 1822
1639
1640
1641
1642 1950
1643
1644
1645
1646
1647
1648
1649
1650
1651 1917
1652
1653 1694
1654
1655
1656
1657
1658
1659
1660
1661 1964
1662 1839
1663
1664 1890
1665
1666
1667
1668
1669
1670
1671
1672
1673
1674 1776
1675 1955 1908
1676
1677 1844
1678
1679
1680 1957
1681
1682 1861
1683
1684 1864
1685
1686 1844
1687
1688 1807
1689
1690
1691
1692 1763
1693
1694
1695
1696
1697
1698
1699
1700
1701 1946 1870
1702
1703
1704
1705
1706
1707
1708
1709 1957
1710
1711
1712
1713
1714
1715
1716
1717
1718
1719
1720
1721
1722 1738
1723
1724
1725
1726
1727
1728
1729
1730
1731
1732
1733 1982
1734 1860
1735
1736 1954 1846
1737
1738
1739
1740
1741
1742
1743
1744
1745 1887
1746
1747
1748 1855
1749
1750
1751 1807
1752
1753 1958
1754
1755
1756
1757
1758
1759 1934
1760
1761 1807
1762
1763
1764
1765
1766
1767 1841
1768
1769
1770
1771
1772
1773
1774
1775
1776
1777
1778 1781
1779
1780
1781
1782
1783 1861
1784 1961
1785
1786
1787
1788
1789
1790
1791
1792
1793
1794
1795
1796
1797
1798
1799
1800 1947
1801 1850
1802 1827
1803
1804 1885
1805
1806
1807
1808
1809
1810
1811
1812
1813
1814
1815
1816
1817
1818
1819
1820
1821
1822 1872
1823
1824
1825
1826
1827
1828
1829
1830
1831
1832
1833
1834
1835
1836 1861
1837
1838
1839
1840
1841
1842
1843
1844
1845
1846 1892
1847
1848
1849
1850
1851
1852 1891
1853
1854
1855
1856
1857
1858
1859
1860 1969
1861
1862
1863
1864
1865
1866 1876
1867
1868
1869 1942
1870
1871
1872
1873
1874
1875
1876
1877
1878
1879
1880
1881
1882
1883
1884
1885
1886
1887
1888
1889
1890
1891
1892
1893
1894
1895
1896
1897
1898
1899
1900
1901
1902
1903
1904
1905
1906
1907
1908
1909
1910
1911
1912
1913
1914
1915
1916
1917
1918
1919
1920 1923
1921
1922
1923
1924
1925
1926
1927
1928
1929
1930
1931
1932
1933
1934
1935
1936
1937
1938
1939
1940
1941
1942
1943
1944
1945
1946
1947
1948
1949
1950
1951
1952
1953
1954
1955
1956 1974
1957 1989
1958
1959
1960
1961
1962
1963
1964
1965
1966
1967
1968
1969
1970
1971
1972
1973
1974
1975
1976
1977
1978
1979
1980
1981
1982
1983
1984
1985
1986
1987
1988
1989
1990
1991
1992
1993
1994
1995
1996
1997
1998
1999
[0, 1, 1, 0, 0, 0, 1, 1, 0, 1, 0, 1, 0, 0, 1, 0, 1, 1, 1, 1, 0, 1, 0, 0, 0, 0, 1, 0, 0, 1, 1, 0, 0, 0, 1, 0, 0, 1, 0, 1, 1, 0, 1, 1, 1, 1, 1, 1, 1, 0, 1, 1, 1, 1, 1, 0, 0, 0, 1, 0, 1, 1, 0, 0, 0, 1, 0, 0, 1, 0, 1, 1, 1, 0, 0, 1, 1, 0, 0, 0, 0, 0, 1, 0, 1, 1, 1, 0, 1, 0, 0, 0, 1, 1, 0, 1, 1, 1, 1, 0, 1, 0, 1, 1, 0, 1, 1, 0, 1, 1, 1, 1, 0, 0, 1, 1, 1, 0, 0, 1, 0, 1, 1, 0, 1, 1, 0, 0, 1, 1, 1, 1, 0, 0, 0, 1, 0, 0, 0, 1, 1, 1, 1, 0, 1, 1, 0, 1, 0, 1, 1, 0, 0, 1, 0, 0, 0, 0, 0, 0, 0, 1, 1, 0, 0, 1, 1, 0, 0, 0, 1, 0, 0, 0, 1, 1, 0, 1, 0, 1, 0, 0, 1, 1, 1, 1, 1, 0, 0, 1, 1, 1, 1, 1, 1, 0, 1, 0, 0, 0, 1, 0, 0, 1, 0, 0, 1, 1, 1, 0, 0, 0, 1, 1, 1, 1, 0, 0, 0, 1, 0, 0, 1, 0, 0, 0, 0, 1, 1, 1, 1, 0, 1, 0, 0, 1, 1, 1, 1, 0, 1, 1, 1, 0, 0, 1, 0, 0, 1, 1, 0, 1, 0, 1, 1, 1, 1, 0, 0, 0, 1, 0, 0, 0, 0, 0, 1, 1, 0, 1, 1, 1, 0, 0, 1, 1, 1, 1, 0, 0, 1, 0, 0, 0, 0, 1, 0, 0, 1, 0, 1, 0, 1, 0, 0, 1, 1, 1, 0, 1, 0, 0, 0, 1, 0, 1, 0, 1, 1, 1, 0, 0, 0, 0, 0, 0, 0, 0, 0, 0, 0, 0, 1, 1, 0, 1, 1, 1, 1, 0, 1, 0, 1, 1, 0, 0, 0, 1, 1, 1, 0, 1, 1, 1, 0, 1, 1, 1, 0, 0, 1, 0, 0, 1, 1, 1, 1, 0, 0, 1, 0, 1, 0, 1, 1, 0, 0, 1, 1, 0, 0, 1, 0, 1, 1, 0, 0, 1, 1, 1, 0, 1, 1, 1, 0, 1, 0, 0, 0, 1, 1, 0, 0, 1, 1, 1, 0, 1, 0, 1, 1, 1, 1, 1, 1, 1, 1, 1, 1, 0, 1, 1, 1, 0, 0, 0, 1, 1, 1, 1, 0, 1, 0, 1, 1, 0, 1, 1, 0, 0, 1, 1, 0, 1, 1, 1, 0, 1, 0, 1, 0, 1, 1, 0, 1, 0, 1, 1, 1, 0, 0, 1, 1, 1, 0, 1, 1, 1, 1, 0, 1, 0, 1, 1, 0, 1, 0, 0, 0, 0, 1, 0, 1, 1, 1, 1, 1, 1, 0, 0, 1, 1, 1, 1, 1, 1, 0, 1, 0, 0, 1, 1, 0, 1, 0, 1, 0, 0, 1, 1, 1, 1, 0, 0, 0, 1, 1, 1, 1, 0, 1, 0, 1, 1, 0, 0, 0, 1, 1, 1, 1, 1, 1, 1, 0, 0, 1, 1, 1, 1, 0, 1, 0, 1, 0, 0, 0, 1, 1, 1, 0, 0, 1, 0, 0, 1, 0, 0, 1, 0, 0, 1, 1, 0, 1, 0, 1, 0, 0, 0, 0, 1, 1, 1, 1, 0, 0, 0, 0, 0, 1, 0, 0, 0, 1, 1, 1, 0, 1, 0, 0, 1, 1, 1, 0, 1, 1, 0, 0, 0, 0, 1, 0, 1, 1, 1, 1, 0, 0, 0, 1, 1, 1, 1, 1, 1, 0, 1, 1, 0, 0, 0, 1, 0, 0, 1, 0, 0, 0, 1, 0, 1, 0, 1, 1, 1, 1, 1, 1, 1, 0, 1, 0, 0, 1, 0, 0, 0, 0, 0, 0, 1, 1, 1, 0, 1, 0, 0, 1, 1, 1, 0, 1, 1, 0, 0, 0, 1, 1, 0, 0, 1, 1, 1, 1, 1, 0, 1, 0, 1, 0, 1, 1, 1, 1, 1, 1, 0, 1, 1, 1, 1, 1, 1, 0, 0, 1, 0, 1, 1, 0, 0, 1, 1, 1, 0, 1, 1, 1, 1, 0, 1, 0, 0, 1, 0, 0, 1, 1, 1, 0, 0, 0, 1, 0, 1, 1, 1, 0, 0, 0, 0, 0, 1, 0, 0, 0, 0, 0, 1, 1, 0, 0, 1, 0, 0, 1, 0, 0, 1, 0, 0, 0, 1, 1, 1, 1, 0, 1, 1, 0, 0, 1, 1, 0, 0, 0, 0, 1, 0, 1, 0, 1, 0, 1, 1, 1, 1, 0, 0, 0, 1, 0, 0, 0, 0, 0, 0, 0, 0, 1, 1, 0, 0, 0, 1, 1, 0, 1, 1, 1, 0, 0, 0, 0, 1, 0, 0, 1, 0, 1, 0, 0, 0, 0, 1, 1, 0, 1, 0, 0, 0, 1, 1, 0, 0, 0, 0, 1, 1, 0, 1, 1, 1, 0, 1, 1, 0, 1, 0, 0, 0, 1, 0, 0, 0, 0, 1, 1, 1, 0, 1, 1, 1, 1, 0, 0, 0, 0, 0, 1, 1, 0, 1, 0, 1, 1, 1, 1, 1, 0, 1, 0, 1, 1, 1, 0, 0, 0, 1, 0, 1, 0, 1, 1, 0, 0, 0, 0, 0, 1, 1, 0, 0, 1, 0, 0, 1, 1, 0, 1, 0, 1, 1, 0, 0, 1, 1, 0, 1, 1, 0, 0, 1, 1, 0, 0, 1, 0, 0, 1, 0, 0, 0, 1, 1, 0, 1, 1, 1, 1, 1, 0, 1, 0, 1, 1, 1, 1, 1, 0, 1, 0, 0, 1, 0, 0, 1, 0, 1, 1, 0, 1, 1, 0, 1, 1, 0, 1, 1, 0, 1, 1, 1, 0, 0, 1, 1, 0, 0, 0, 0, 0, 0, 1, 0, 0, 1, 1, 1, 1, 0, 1, 1, 1, 1, 0, 1, 1, 0, 1, 1, 1, 1, 0, 0, 1, 1, 1, 0, 0, 0, 0, 0, 1, 1, 0, 1, 0, 0, 0, 0, 1, 1, 0, 1, 1, 1, 1, 1, 0, 1, 0, 0, 0, 1, 1, 1, 0, 1, 0, 1, 1, 0, 1, 0, 0, 1, 0, 0, 0, 1, 1, 0, 1, 0, 0, 0, 0, 1, 1, 0, 0, 0, 0, 0, 1, 1, 0, 0, 0, 1, 1, 1, 0, 1, 1, 0, 1, 0, 1, 1, 0, 1, 1, 1, 0, 0, 0, 1, 0, 0, 1, 0, 0, 0, 1, 0, 0, 1, 1, 1, 0, 1, 0, 0, 0, 1, 0, 1, 1, 1, 1, 0, 0, 0, 0, 1, 0, 1, 1, 1, 1, 0, 1, 0, 0, 1, 1, 1, 0, 1, 1, 0, 0, 0, 0, 1, 1, 1, 0, 0, 1, 0, 0, 0, 1, 0, 1, 0, 0, 1, 1, 1, 1, 1, 1, 1, 0, 1, 0, 1, 1, 1, 1, 0, 0, 0, 1, 0, 0, 1, 0, 1, 1, 1, 0, 0, 0, 1, 1, 1, 1, 0, 1, 1, 1, 1, 0, 0, 1, 1, 1, 1, 0, 1, 1, 0, 0, 0, 0, 0, 1, 0, 1, 1, 0, 1, 1, 0, 0, 0, 0, 1, 0, 1, 0, 1, 1, 0, 1, 0, 1, 0, 0, 0, 0, 0, 0, 1, 0, 0, 0, 1, 1, 1, 0, 0, 1, 1, 0, 0, 1, 0, 0, 0, 0, 0, 0, 1, 0, 1, 1, 1, 0, 1, 0, 0, 1, 1, 0, 1, 1, 1, 1, 1, 0, 1, 0, 1, 0, 0, 1, 1, 1, 0, 0, 1, 1, 0, 1, 1, 0, 1, 0, 1, 0, 0, 1, 0, 1, 0, 0, 0, 1, 0, 1, 0, 0, 1, 0, 0, 0, 0, 0, 1, 1, 1, 0, 1, 1, 0, 0, 1, 0, 0, 0, 0, 0, 0, 0, 0, 1, 0, 0, 0, 0, 0, 1, 0, 1, 1, 0, 1, 1, 1, 0, 0, 0, 0, 0, 0, 0, 1, 0, 0, 0, 1, 1, 0, 1, 0, 1, 0, 1, 1, 0, 0, 0, 1, 1, 1, 0, 1, 0, 1, 0, 1, 0, 1, 1, 1, 1, 1, 0, 0, 1, 0, 0, 1, 1, 1, 1, 1, 0, 1, 1, 1, 1, 1, 0, 0, 0, 1, 1, 1, 0, 0, 0, 0, 0, 0, 1, 0, 0, 1, 0, 1, 0, 1, 0, 0, 1, 1, 1, 1, 1, 1, 0, 1, 1, 1, 1, 0, 1, 1, 1, 1, 1, 0, 1, 0, 0, 1, 0, 1, 1, 0, 1, 0, 1, 0, 1, 0, 0, 1, 1, 0, 0, 1, 1, 0, 0, 0, 0, 0, 1, 1, 1, 1, 1, 0, 0, 1, 0, 0, 0, 0, 0, 0, 1, 1, 0, 1, 1, 0, 0, 1, 0, 0, 1, 1, 1, 0, 1, 1, 0, 0, 0, 1, 1, 0, 0, 0, 1, 0, 0, 0, 0, 1, 0, 0, 1, 0, 1, 0, 0, 1, 0, 1, 0, 0, 0, 0, 1, 0, 0, 0, 0, 1, 0, 1, 1, 1, 0, 1, 1, 1, 0, 0, 1, 0, 1, 0, 1, 1, 0, 1, 1, 0, 1, 1, 1, 1, 1, 1, 1, 0, 1, 0, 0, 1, 0, 0, 0, 1, 1, 1, 0, 0, 0, 1, 1, 0, 0, 1, 1, 0, 1, 0, 0, 1, 0, 0, 0, 0, 1, 0, 1, 1, 0, 0, 1, 0, 0, 0, 1, 1, 0, 1, 1, 0, 1, 0, 0, 0, 0, 0, 1, 1, 1, 1, 1, 0, 0, 1, 0, 1, 0, 1, 0, 1, 0, 1, 1, 1, 1, 1, 0, 1, 0, 0, 1, 1, 0, 0, 1, 1, 1, 0, 1, 0, 1, 1, 0, 1, 0, 1, 0, 0, 1, 1, 1, 0, 0, 1, 1, 1, 1, 1, 1, 0, 0, 0, 1, 0, 0, 0, 0, 0, 1, 1, 0, 0, 0, 1, 0, 0, 0, 1, 0, 0, 1, 0, 0, 1, 0, 0, 1, 1, 0, 0, 0, 1, 1, 1, 0, 1, 0, 1, 0, 0, 1, 1, 1, 0, 1, 1, 1, 1, 0, 1, 0, 0, 0, 1, 1, 0, 0, 1, 0, 0, 0, 1, 0, 0, 0, 1, 0, 1, 0, 1, 1, 1, 0, 0, 1, 1, 0, 1, 0, 1, 1, 1, 1, 1, 1, 0, 0, 1, 0, 0, 0, 0, 1, 1, 1, 1, 1, 0, 0, 1, 0, 0, 1, 0, 0, 1, 0, 1, 0, 0, 1, 1, 0, 0, 0, 1, 1, 1, 0, 0, 1, 0, 1, 1, 1, 1, 0, 0, 0, 0, 0, 0, 1, 0, 0, 0, 1, 0, 1, 0, 0, 0, 0, 0, 1, 1, 0, 1, 0, 0, 1, 0, 1, 1, 1, 1, 1, 1, 1, 1, 0, 1, 1, 1, 1, 1, 1, 0, 1, 0, 1, 1, 1, 1, 0, 0, 1, 1, 1, 1, 0, 0, 0, 0, 0, 1, 0, 1, 0, 1, 0, 0, 0, 0, 1, 1, 1, 1, 0, 0, 1, 1, 0, 0, 0, 0, 0, 0, 1, 0, 0, 1, 1, 1, 0, 0, 0, 1, 0, 1, 1, 0, 1, 1, 0, 1, 0, 0, 1, 0, 0, 0, 0, 0, 1, 1, 1, 1, 1, 0, 0, 1, 1, 0, 0, 1, 1, 1, 1, 0, 1, 1, 1, 1, 1, 0, 1, 1, 1, 1, 0, 0, 0, 1, 1, 1, 0, 1, 1, 1, 1, 1, 0, 0, 0, 0, 0, 0, 1, 0, 0, 0, 0, 0, 1, 1, 0, 0, 1, 1, 1, 1, 0, 1, 1, 0, 1, 1, 0, 1, 0, 1, 0, 1, 1, 1, 0, 1, 0, 0, 1, 1, 0, 1, 1, 1, 1, 0, 0, 1, 0, 1, 0, 0, 0, 0, 0, 0, 0, 1, 0, 0, 0, 1, 0, 0, 1, 1, 0, 1, 0, 1, 0, 1, 1, 0, 1, 0, 1, 1, 0, 1, 1, 0, 1, 0, 1, 0, 1, 1, 1, 1, 1, 0, 1, 1, 1, 1]