#/home/brian/Documents/summer17/Python/VEC/scripts/make_SBM_graphs.py
# GMT Thu Jul 27 21:52:00 2017
# 
0 1824 337 479
1 1632 1474 1226 811 1264 1523 25 1690 1438
2 1074 884 245
3 1220 269 437 1818 123 21
4 1815 1252 1483 1127
5 912 1226 707 618
6 204 443 876 222 625
7 303 1364 118 858 1883 1711
8 326 1484 1936 1173 1210 283
9 1443 260 170 844 56 650 1151
10 484 1722 361 1130 1402 1498 154 510 1535
11 1570 420 1829 1258 610 733
12 193 386 360 403 659 1944 701
13 1900 710 622
14 102 49 1995 721 725 1750 447 607
15 920 1691 390 1079
16 1807 889 455 1553 1495
17 39 1862 1391
18 834 1764 1254 550 1714 1046
19 840 393 1010 342 313 58 570
20 161 676 1039 1400 156 1054
21 96 1602 779 1677 242 771 629 570 446
22 164 1895 1228 1745 468 1244
23 801 483 679 872 1161 1520 1718 521 1225 1596 29
24 1057 455 458 1972 53 1879
25 677 1575 212 246 1758
26 740 325 1511 554 1678 1679 150 1657 894 1119
27 1163
28 1123 324 1032 1289 403 1044 1892 668
29 1209 1551
30 272 1961 1914 1533 894
31 932 661 901
32 1776 97 986 1219 1804
33 445
34 96 1866 492 1267 436 1302 570 700
35 263 527 1659 46 55
36 1666 292 1739 913 818 1661
37 555 131 1515 1713
38 202 763 1292 653 1023
39 736 193 582 102 684 50 883
40 65 1709 1805 1878 1209 1627 1086 1311
41 1824 1545 1581 1779 469 1654 1943 1883 1503
42 105 946 914 1523 659 1334
43 1729 1738 1963 1341 1315
44 729 1883 237 1361 1575
45 1676 375
46 1156 1864 396 755 692 726 1892 1658
47 576 995 1383 458 1260 186 1951
48 1088 641 293 648 339 1205
49 1666 119 1295 1364 310 1431 476 1247
50 930 789 1853 110
51 677 1159 1052 245 1719
52 1664 167 813 594 1210 1213
53 551 1192 1449 1003 110 1907
54 1034 379 692 1621
55 1600 97 1274 1388
56 824 454 1455
57 1632 869 1868 308 502 760
58 387 1476 1575 1482 375 1290 1919 828 189 1119
59 872 179 1493 1995
60 1318 872 1419 76 725 1341
61 1433 1602 268 446 806
62 1033 737 1185 1134 1975
63 482 1061 1030 1543 1896 907 269 1424 1745 255
64 1649 1476 535
65 1978 809 1581 1085 1624 664 729 90 1565
66 1121 1346 1123 1414 1527 989
67 1392 745 690 639
68 1948 782 1286 1726
69 1012 1451 1732 149
70 1535 459 1621 934 703
71 776 968 613 329
72 1856 1610 1426 723 1398 1017
73 609 495 1597 889 1533 1758 1503
74 955 912 1265 1876 1211 1404
75 344 1745 513 373 1535
76 1968 168 1168
77 897 624 562 211 1715 726
78 305 515 92 1245 1151
79 513 809 938 111 1265 533 1046
80 1616 422 1804 1132 528 1233 1492 510
81 1151 1940 1959
82 710 616 780 1357 397 634
83 104 811 1541 854 103
84 1402 1663
85 1379 371 789
86 1325
87 1019 1158 679
88 485 647 1993 650 1079 685 1871 1975 1175 1883
89 1216 480 1988 1541 1415 817
90 523 1100 1181
91 497 675 579 901 1850
92 226 423 1961 1370 1855
93 151 1799
94 736 868 614 747 1647 788
95 452 1733 1866 1355 1294 1788
96 1888 693 1105 658 1684 566 408 1845
97 1414 169 299 1516 1293 1532 1437 1374
98 544 1306 1334
99 1819 225 827 715
100 1808 1930 998
101 921 108 1534 1487
102 458 1933 973 597 1194
103 1138 1933 614
104 680 129 250 620
105 452 326 1977 698 1787
106 1058 268 909 1905 1886 183 569 190
107 1827 425 1144 1810 1304 767
108 802 1220 773 1204 406 1463 1243
109 1315 1637 648 1584 1585 1042 1589 982 695
110 456 236 1010 734
111 1920 742 140 365 146 406 728 378 1630
112 737 1127 1609 1270 1852 381
113 952 1232 888 851 1492 1333 1304 1406
114 1858 1031 300 852 1210 253
115 1129 527 948 1135
116 1308
117 1080 996 1653 862
118 653 419 679 941 493 1295 1586 1639 1084 1567
119 1120 271 1077 1983 1759
120 875 1067 1507 1230 263
121 370 859 1516 981 239
122 1153 811 176 660 1496 1405
123 1314 1916 1737 145 1443 691 407 412
124 1210 1530 1750 735
125 865 1455 848 1395 1080 1852
126 899 1253 743 1544 1267 1044 1557 1944 442 827 1727
127 224 426 846 1584 1371 618
128 1482 1171 1572 163 230
129 1800 1654 222 358
130 1985 138 140 1458 816 1368 1234 1112
131 1188 360 171 594 985
132 1025 749 526
133 392 1478
134 437
135 206 729 675 189 1862
136 1762 523 965 1463
137 176 1268 1091 1532
138 480 275 1834 1619 1844
139 801 141 216 245 280 1244
140 995 1186 277 830 831
141 1177 1863
142 1824 635 1156 1502 1598
143 1865 1275 236 734
144 388 264 808 1896 1108 1588
145 1927 1127
146 1698 358 1967 1362 1689 1627
147 1475 1176 1219 966
148 1664 1148 149
149 769 1028 1621
150 1768 793 1483
151 353 1225 1838 1775 1262 1363 1054 1494 1406
152 712
153 1027 1355 785 1401 379 285
154 1504 1415 265 809 399 1513 699
155 803 660 581 415
156 547 719 583
157 1402 906 1909 1046 422
158 1305 1002 1121 1533 199
159 1674 195 1165
160 1497 1323 669 1393
161 676 357 911 1072 403 1782
162 905 740 381
163 1147 1589
164 1083 1899 1936 1139 1717 1407 799
165 1452 250 340
166 1337 915 1756 1300
167 612 1541 294 1613 593 1878 1687
168 193 549 1898 1176 889
169 1704 461 304
170 1103
171 1280 220 1133 297 1659 1788
172 313 386 1467 340 1220
173 537 259 1158
174 752 1970 738
175 1851 643 469 1782 239
176 1507 1390 1968 1169 1395 1076 1496 571
177 736 937 235 1744 791 1816 987
178 1936 217 1163 316 877
179 537 804
180 1030 380 235 1135 785 311 408 1435 1884
181 538 1306 947 709 1046
182 1592 394 819 1882 1982
183 515 1191 1294 1329 629 733
184 250 427
185 1952 289 1092 1350 1774 529
186 1403 744 393 1451 621 1422 271 1008 1341 1082 1501 479
187 610 379 974 1135 629 1048 1039
188 1825 1724 1230
189 1672 1832 598
190 608 912 1830 566
191 841 394
192 769 361 1489 1687 413 446
193 1514 207 853 1176
194 1870 494 1071
195 395 1334 1401 413 830
196 1424 689 1466 1171 1712
197 450 1722 1996 861 1005
198 1408 737 1314 1073 1485 1329 564 533 1622 444 1374
199 1607 648 1961 1518 1811 1717 828 1853 821
200 1760 995 1253 651 1676 376 1016 1822
201 1195 727 1197 702 599
202 1632 390
203 1817 1262
204 816 1700 1412 831
205 1316 614 1041 471 1405 223
206 1095 612 1310 223
207 217
208 899 742 1766 1934 1903 1407
209 1291 1613
210 1441 1924 837 998 307 276 1400 1844
211 385 425 844 1176 1118
212 288 1444 598 1297 1462
213 1489 908 486
214 997 439 1304 665 543 1180 581
215 537 355 1853
216 1588 1292 1350
217 1841 1828
218 458 353 1634 1883 1125
219 1817 1035
220 1224 908
221 929 1090 1331 1167 1427 1244 281 1436
222
223 1383 1514 1550 784 664 793
224 1658 1627 989 686
225 337 301
226 1440 1059 1479 1512 745 654 1242 507
227 946 947 615
228 1425 1851 1367
229 1113 731 996 1910
230 995 1703 1545 490 1549 303 291
231 895 262 425 1706 1487 666 923 1983
232 1952
233 1625 1878 353
234 1432 369 1250 732 333
235 1619 974 1804
236 966 1833 1168 1171 662
237 1683 1381
238 696 867 579 1638 383
239 909 1998 1613 881 1434
240 1057 835 1927 1161 1868 1172
241 875 606 1574
242 432 460 1318
243 1472 960 1987 584 850 1848
244 1472 1637 1295 816 1210 1179
245 1056 483 740 716
246 736 1824 1702 1865 1263 1111 1272
247 1080 1666 1853 862 455
248 515 1975
249 417 1602 1895 1543 1389 335 1304 1685 482 1944 615
250 1698 713 594 914
251 1066 1397
252 1380 328 747 1421 744 1171 504
253 866 1973 1369 1914 989
254 1866 1933 751 760 827 605
255 1032 1713 1435 1484
256 1157 293 1002 428 1710 786 1082 1951
257 1538 1683 1452 1845
258 1956 1320 762 763 412 734
259 1003 1771 1139 1659 1628
260 1370 1246 1081
261 515 363 1870 1615 1455 699
262 567 1331 774
263 836 1896 1099 1776 593 1842 932
264 949 1078
265 1776 316 1485
266 1656 721 1691 1865
267 673 644 905 650 332 1331 1811 1750 1879 824 638
268 1240 548
269 1256 1097 1874 1654
270 439 535
271 1028 1108 1910
272 1964 973 1714 1877 1948
273 1575 364 1199
274 800 1382 1417 1324 1199 457 1534
275 899 946 771 1628 1278
276 379
277 397 1489 692 1404 1630 1439
278 1569 1570 1572 747 1136 305
279 1091 1480 681 623 1384 346 1146
280 1460 1660 454 1647
281 1984 1515 1950 1867 1868 654 1941 824 350
282 1448 1417 1179
283 449 1251 403 503 831
284 488 962 842 1117 1565
285 1970 1459
286 1482 1016 1074 1238 664 954 1822
287 1428 868 1005 1065
288 1072 806 1677 1040 1178 1883 1724 478
289 1392 644
290 736 1153 773 357 1644 814 1999 1008 1814 1561 1142 1477
291 707 1476 1797 454 650 632 1784 1562 892
292 1593 885
293 551 522 391 1644 1714 1495
294 1668 1805 1652 373 988 925
295 329 434 427 373 1030
296 1930 750 632 1934 855 920 1210
297 450 971 1928 1233 511
298 1146 1102 1591
299 1745 412 1905 1047
300 1345 1108 1421
301 1562 1476 463
302 1729 1218 874 941 1943
303 323 903 392 1077 1398 1946 1853
304 1069 333 1553 1944 1818
305 1984 1031 712 1035 1676 402 827
306 1255 456 1034 1357 1299 951
307 1120 1864 841 1389 1274
308 583 1205 1310 1983
309 1560 1113 466 828 663
310 520 744 541
311 1291 1894
312 1666 1637 1965 354 1661 1147 797
313 969 1295 722 1716 342
314 1443 1254 1642 1816 1533 1503
315 1824 1856 1599
316 544 1523 1908 503
317 1344 1861 606
318 405 638 615
319 1442 936 592 1553 627 893
320 1089 1445
321 1380 1127 969 1103 1938 886 649 346 925
322 1048 947 1725 799
323 528 1431 740
324 604 1429 1705 1466 667
325 678 1350 874 1297 1522 1050
326 1251 1046 1799 400 1109 790 1527
327 1576 1036 1779 1972 886 507 670
328 417 767 983 1879
329 1755 1477 743 1778 1815 1823 828 1093
330 353 923 1844 1535
331
332 1088 496 1891 1070 592 1585 1530 1438 1023
333 1225 1979 367
334 1361 634 1716 1813 774
335 1072 388 1448 1712 1384 1239 1053
336 505 1843 605 501
337 1322 1507 1665
338 449 532 421 367
339 1856 581 500 1950 599 1214
340 1670 1770 1362 793 1949 1919
341 1358 1046 934
342 898 1444 1295 1138 502 984
343 1701 1195 1805 383 1534 1087
344 1719 1204 1527 1112 606
345 360 1673 1751
346 1059 1444 1482 931 852 1784 1084
347 876 1198 370 1239 795 637 1535
348 353 772 774 1739 1646 696 726 1815 376 959
349 865 1571 1732 516
350 1968 1696 765 1726
351 824 1449
352 905 1826 1718
353 1924 968 880 1940 1492
354 1569 923 1057
355 928 1411 1480 1194 1390 623 808 1059 1550 505 1019 829
356 1952 1226 764 1023
357 547 1404
358 1948 1857 735
359 1665 485 684 1036 1814 983 665
360 1924 1510 615 1032 717 624
361 1953 867 1069 943
362 730 1891 1541 1086 1669
363 1328 1171 975
364 1903 589 679
365
366 402 1187 1206 1062 687
367 1981
368 1800 1289 705 1908 593
369 803 1320 1963 432 1588 790 634
370 1251 1235 1780 830
371 1848
372 1700 1674 1741 1390 1745 1412
373 395 1861 1034 1263
374 1928 1745 996 1232
375 1443 1545 1739 1260 1297 631 1656 1785 1019 1114
376 487 1582 1008 1672 1653 1942 378 757
377 420 1939 860
378 1369 1531 902
379 1605 1544
380 1700 1971 1429
381 720 1394 598 1720
382 1136 1675 1252
383 1235 566
384 896 933 902 1288 1916 1597 1093
385 1480 1472 1676 1935
386 1912 1633
387 1826 1284 1706 1974 671
388 1607 1359 401 1138 1972
389 1770
390 981 1941
391 1414 1616 787 1722 1939 1727
392 1569 743 1640 721
393 435 1390 852 1051 1116
394
395 1805 1134 787 1177 851 1212 963
396 1744 1639
397 837 1033 1362 1017 475 606
398 1673 557 498 1493 920 414 1183
399 1442 934 1203 1526 539
400 1712 906 1687 1063
401 917 1078 1503
402 1984 1464 772 679 1612 661 1272 1661
403 806 529
404 1672 1963 1091 1149 767
405 1684 1278 1654 1687 1406 1781
406 1698 1334 1565 1214 831
407 936 1162 1448 755 533 566 828
408 1283 625 419 1982
409 1658 955 1044 1466 1126
410 1968 1042 483 1419
411 1952 715 1093 1354 1963 845 1457 1623 1210
412 1152 714 1647 952 1754 703
413 829
414 900 1286 623 1968 1294 1881 991
415 641 1385 758 961
416
417 1792 432 1013 1180
418 1631 888 538 667 988 1567
419 1937 1306 634
420 643 649 492 1165 730
421 1387 1739
422 577 802
423
424 740 1733 1873 889 1692 797
425 1696 1634 1573 1330 1331
426 649 1012 1165
427 997 1648 1236 1117 478
428 1091 1326
429 1913 1722 893 478
430 772
431 1032 1198 1874 1466 1118 767
432 672 1406 788 1534 510 703
433 1348 613 774 1071 1811 1660 997
434 642 1531 1290 1491 1114 1755 1758
435 839 1386 1655 824 729 991
436 1633 525 1423 847 1788
437 1920 1835 1635
438 1556 1998 1782
439 657 1658 547
440 881 1604 1246 1543
441 721 1339 1644 931 1271
442 1701 926 1782 1915 574
443 1209 1979 1220 1981
444 544 873
445 1858 1925 1830 1639 943 795
446 837 1713 1809 1791
447 648 945 1946 1268
448 1096 985 1414 1265
449 1377 1226 1206 539 540
450 1904 515 710 943 784 998 1020
451 817 770
452 832 1186 1256 912 457 921
453 1289
454 865 584 1784 1550 1714 950 766
455 1837 783 1535 1919
456 1592 1273
457 709 526 1904 952
458 516 1142 1914
459 1705 1746 1766
460 1912 1316 908 799
461 650 1725 694
462 1816 762 882 546 1442
463 1575 746 1323 1586 1651 597 887
464 1496 1315 1562 515 1462
465 896 1594 1715 1612 471
466 1169 511 590 1239
467 529 642 874 829 1477
468 1154 854 1044 1365 1435
469 805 1255 723 1847
470 570 1274
471 1571 1910 1164 820 854 1208 1881
472 1314 1988 1939 600 1817 1212
473 1602 1524 1309 1958 1333
474 1538 1924 813 1615
475 1900 1815 1260 1422 1586 1431 1914 1114 1247
476 653 623
477 1263 842 775 949 1893
478 1857 738 1874
479 1675 1422 1428 1774 1556
480 1804 590 1552 956 1629
481 1702 746 1708 1075 1656 1914
482 488 876 1021
483 576 1153 1316 1416 617 497 602
484 870 1833 1493 1398 1257 857
485 1861 646 853 1018
486 1035 1661 519
487 834 1351 808 617 882 1397 1149
488 1429 1174
489 1328 1774
490 1722 1251 796
491 960 1010 868 1149 695
492 1633 932 1413 556 565 1083
493 1188 1322 1802 654
494 768 853 1743
495 967 1802 621 1303 1055
496 866 1493 1991
497 617 618 1426 531 1114 1308
498 1860 1927 745 1292 1264 1589 1846 1577 1147
499 777 506 775 1669 577
500 576 548 1165
501 548 1061
502 1418 1189 1023
503 1328 806
504 1872 969 747 885
505 544 801 1577 586 561 1079 1914 954
506 1384 1459 1617 1746 1116
507 1089 1147 1308
508 1762 580 1579 1858 1040 1181
509 897 560 1874 1619 888 1755 1374
510 1123 1266 899 1258
511 1771 881 798 1880 1886 1631
512 1592 524
513 1728 1091 999 1225 877 1592 637
514 808 1865 1962 1167 712 1395 1879 1208
515 1856 1348 980 1326 1531 862
516 1954 1905 724 1877
517 913 898 1091 1597
518 1609 1426 1785 1641 671
519 1456 1930
520 1051
521 1462
522 1595 1163 1522 1819 613
523 1004 1314 1677
524 1362 1602
525 1096 1976 1866 1526
526 741 910 657 1651 1993
527 1531 1357
528 1040 1602 1414 1581 1720
529 1313 740 1509 872 1849 858 1596
530 1088 874 850 1143 536 601
531 642 1104 1650 1428 1110 1726
532 808 585 683 623 1747 1915
533 707 1362 1298 630 893
534 1665 1934 1999 753 1556 1975 1375
535 902 1416 1199 596 1493 759 1080 761
536
537 1873
538 914 910 1874 1053
539 1220 817 1453 1137 1139
540
541 1398 1261
542 1964
543 1553 775 1694 967
544 769 1064 1052 873
545 1623
546
547 880 1152
548 1258 1744 1265 662 728 1492
549 1860 1574 1194 1259 1644 1933
550 837 1417 1302 1559 606
551 804 1430 1001 1846 982
552 1568 564 691 1780 1504
553 1440 1474 1541 1203 886 1400 987
554 1955
555 658 1791
556 1768 1097 1509 606
557 1792 1091 1923 623
558 896 1378 1386 1268 1561 1738
559 1841 1755 1655
560 1355 1950
561 762 1898 1779 1850 650 863
562 1936 1724 1563 572
563 1056 1153 1428 1084 1125
564 1489 763 1996
565 1546 1069 1605
566 1911 817 1043 1301
567 1540 1871
568 745 1293 1263
569 1884
570 1120 1786 635 668
571 617 1906 1170 1651 1464
572 1244 1394 677
573 730 828
574 1701 1415 871 1517 1086
575 850 1740 805
576 1201 1833 1777 1042 1693 1918
577 842 1329 792 1466
578 1414 1542 1366 1530 1213 1439
579 1158 1043 1529 892
580 769 1645 1598
581 1634 1891 1470
582 1420 1883 1196
583 1568 1122 1129 591 787 728 665
584 929 1260
585 1729 866 981
586 1609 1548 1518 977 1577
587 1081 964 697
588 933 1992 1322 878 815 1620
589 697 1762 1417
590 1669 1757 849 1876 1469
591 1552 1441 768
592 1963 1811 1877 861
593 1318 877 1882 667
594 1024 1186 1926 1800 1613 1658 1052
595
596 1256 1489 1786 1371 1213 831
597 1280 1646 1392 1403 1597
598 1649 757 1464
599 1924 1415 1352 618 1965 1064 700
600 1262 1489 888 730 1309 639
601 968 1501 977 1110 1245 1214
602 1632 1430
603
604 1066
605 1379 1923 1469
606 1896 1808 1267 1463
607 1507 1449 1550 931 729
608 1538 909
609 1208 1717 1462 737
610 943
611
612 1314 1040 1553 825
613 1921 1634 1456 1525 1879
614 652 1392 1398 1143 1852
615 881 1881 1982
616 984 1634 675 1802
617 1634 902 808 1577 1420
618 1602 1828 1958 1069 1614 1913 1235 630 1988 1311
619 1065 852
620 1349 1670 1358 1775 787 1972 1429 788 819
621 736 1665 1586 1812
622 833
623 1879 1718 1716
624
625 1757
626 1065 1538 847
627 1892 1389 912 1368 731
628 1093 829
629 1412 1030 1707 912 1439
630 1072 876 877 1263 1840
631 1401 1412 1889
632 1624 1508 1399
633 768 1216 1552 699 1117 1470
634 770 1033 1773 1552 658 1048 1746 1659 1818
635 689 1810 921
636 696 1130 684 1822 1575
637 1429
638 1547 1828 1806 1327 947 1211 1278
639 684 1887
640 1843 908 1939 727
641 1080 1223 726
642 1248 1601 1955 1508 1361 1870
643 1024 1191 1725
644 1296 1058 1678
645 1106 1415
646 978 1333
647 850 823
648 1637 681 1418 1934 1813 858
649 1600 1894 1772 693 1751
650 1860 1158 1062 1160 789 772 1885
651 969 1240 1462
652 1507 806 1607 1610 1551 1081
653 1062
654
655 1408 1101
656 1072 809 1981 1759
657 770 1027 1224 1674 1488 1882
658 677 878 1720 1116 1502
659 1159 1324 1039 1236 791 1725
660 1331 1491 1529 1690
661 1433 711 1682
662 1826 807 1937 690 1108
663 988 1324
664 1051 1572 933 1769 1995 1328 977 772 863
665 1952 874 883 671
666 1921 1092 1574 682 1447 1103 917 1572
667 1166 1647 1362 1140 1636 1439
668 1861 1001 1806 1513 1592
669 1843 859 878 1382
670 1104 1375
671 1740 1170 1916
672 1928
673 1819 860 1259
674 1008 981 1706 1549 1573
675 1740
676 1000 1618 1775
677 1448 1135 1233
678 1088 1059 1190 1422 850 1597
679 1997 855
680 792 1306 1366
681 935 917
682 1945 1386 1018 1711
683 1146 898 1446
684 1569 995 1079 1593 1242 1503
685 1088 1059 746 1296 1138
686 1027
687 1792 1095
688 834 1257 1578 715 1426 1071 1042 1269 1097 1871 1858 1938 1279
689 1372 1115
690 1851 1092 1249
691 1099 1278 1087
692 1926 952 1560 1465 1435 1757
693
694 1466 1358
695 1980 1406 1989
696 992
697 968 1934 1582 1690 1493
698 897 1909 1782 713 921 1530
699 1096 1273 1083 1054
700 1730 892 1197
701 1223
702 1064 1489 1298 1534 1759
703 1776 709 936 1273
704 779 1402 1843
705 1647
706 1952 995 1128 747 1295 1848
707 992 1006
708 1000 907 1262
709 1412 1230 1687 1663 1566
710 989
711 1019
712 849 1841
713 878 751 763 1436
714 976 1658 1773
715 740 1510
716 1572 1983
717 1970 1244 934 927
718 1376 1521 1210 969
719 1027 1866 1363 760 1882
720 856 1722 1454
721 1446 1419 1493 829 766
722 1666 970 1167
723 774 1160 729 1726 926
724 1671 873 1259 1173 795
725 1284 810 1335 1422 1071 1080 1688 1431 984 1455
726 1284 818 1593
727 1488 1028 1553 1936 1169 1530 1535
728 1665 802 1765 1130 1044 952
729 1580 1615 1968
730 1158 1256 816
731 931 1831
732 1958 1652 1976 842 1150
733 1831 1352 1967 1488
734 1184 745 1171 1118
735 1485 784 1465 1786
736 1763 1081 1016 1657 861
737 1152 1492 1565
738 1152 1887
739 1344
740 1644 1071 840 862
741 1484 1372
742 1876 1772
743 1378 1974 1498 1946
744 969 1098 975 1494 1610
745 1943 891 1820
746 1205 1254
747 1770 1491
748 1569 1885
749 1033 1319
750 1280 1250 839 1161 1481 826
751 1000 1547 1838 784
752 1354 1767 919
753 1491 991
754 1769 1354 1229 1934 1300 1269 1431 959
755 1436 974
756 1186 1835 1614 1266 1683 955 1181
757 1057 929 1065 1418 1330 1569
758 1194
759 1346 1111 1564 1771
760 1272 1564 991
761 969 1190
762 1920 1283 1133 1859
763 1495 791
764 1440 1997 1183
765 1688 1161 1483 1036
766 1313 1537 1110 1690 1147
767 1510
768 1251 775 1929 1579 1358 1239
769 1795 1734 1329 1175 1816
770 1283 1413
771 1775 1445
772 1554
773 900 967 1997 782 1586 1715
774 1351 1498 1885
775 1357 1629
776 777
777 1760 1569 1860 1828
778 1890 1156 1835 1260 1006 1553
779 1733
780 1957
781 1249 999 1418 1269 1238 1752 1529
782 789 1571 1719
783 1928 1586 1423
784 1891 1970 1588 1334 1438
785 1220
786 1154 1875 997
787 1003 1414 1803 1513 1075 979
788 1660 1904
789 1971 1835 829 1386 1339 861 1919
790 1570 1827 1193 1357
791 1762 1072 1725
792 1040
793 1958
794 1664 1889 1895 1513 1616 1278
795 1120 1022
796 1617 1922 1669
797 1419
798 897 947 1668 982
799 1795 1904 1436
800 1377
801 1726 1915
802 879 1087 926 927
803
804 1289 1764 1661
805 1728 1847 1756 991
806 1484 1202
807 1594
808 1456
809 1730 1676
810 1536 1883 884
811 1612 1124
812 1184 1513 1390 1105 1842 991
813 1344 1152 1986 1773
814 1548 1084 1509
815 1989 1383 1160 1431 1980
816 1256 1154
817 1698 1177 1343
818 1330 1221 1367
819 1668 1014 1798 1929 1262 1969 1006
820 960 1074 1275
821 1984 828
822 1584 1617 992 1445 1677
823 1344 1313 1125 1079 826 1690
824 1419 1672 1550
825 1892 1173 1039
826 1576 1457 1755
827 1475 913 1172 1718
828 834 968 1994 1023
829 1537 1478 1345 1160 1193 1038 1150
830 1129 1670
831 1924 1319 1551 1724 1310
832 1626 1810
833 1284 1999
834 1248 1992 1675 1868 1425
835 1640 1074 892
836 1721 1351
837 1892 1753 1067 1465 1028 1407
838 864 849 1025 1782 1511
839 1483 1869 1455 1210
840 1250 1658 1879
841 955 1363 881 1074 1407
842 1761 1833 974 893 1553 1417
843 1188 1155 884 1654
844 1409 1219 1572 1575 1704 1131 1654 1049
845 1777 1802
846 1389 1141
847 1259 1678
848 1330 1666
849 1413 1543 1484
850 1813 989
851 1400 1684 965
852 1573 1768 1480 1395 1975 1848
853 1058 1205 1079
854 1576 1136 1938 891
855 1407 1331
856 1378 1574 1192 1194 1812 1493 1462 1396
857 1305 1410
858 1856 1464
859 1773 1006 1488 1209 890
860 1474 1997 1974 1464
861 1888 872 1529 954
862 1994 1868 945 1373
863 1025 1395 1172 1818 1084
864 1872 1524 989 1639
865 1391 886 1815
866 1626 1277
867 1185 1829 1446 1228 1748
868 1952 1410 1682 1662
869 1532 1573 1678
870 1683
871 1602 1929 1069 1553 1685 1273
872 1419 1164 984 1854
873 937 1336
874 1964
875 1024 1352 1163 1228 913 1791
876 1567
877 1891 1188 1990 1393 1673 1647 1429
878 1007
879 1035 1631
880
881
882 929 1638 1257 1964 1837
883 1923 1763
884 1260 1175
885 1575 1778 1018 1658
886 1010
887 1952 1226 1367 1373
888 897 1608 1067 1197 1363 921
889 1666
890 897
891 1107 1051 1449
892 1090 966 1319 1698 1079
893 1546 1535
894
895 1564 1867 1980 1750
896 1740 1584 1330 1396 1660
897 936 938 1100 1302
898 1472 1719 1564
899 1570 1963
900 1755
901 1042
902 1848
903 1856 1012
904 1242 979 1722
905 1660 1847
906 907 1502 1967
907 1608 1320 1598 957 1182
908 1633 1570 1453
909 1925 1030 971
910
911 1416 1266 986 935
912 1469 1534 1626 1085
913 1907 982
914 1006 1982
915 1986 1223 999 1166 1843 1806 986 1979 956
916 1290
917 1411 1923
918 1413
919 1410 1539 1686 1750
920 1593
921 1169
922 1221
923 1536
924 1988 1333 1566
925 1347 1223 1129 1967 947
926 1352 1204 1532 1011
927 1968 958 1181 1534
928 1821 1231
929 1252 1350 1774 1672 1043
930 1738 1035 1058 1510
931 1248 1505 1347 1390
932 1309
933 1963 1077 1462 949
934 962
935 1546 939 1849
936 994 1441
937 1884 946 1985
938 1733 1654
939 1628 1389
940 1736 1997 1970 1044 1689 1724
941 1152 1678 1585 1875 1750
942 1640
943 1216 1091 965 1806 1006 1631
944
945 1607 1718
946 1541 1662 1861
947 1781
948 1698 1741 1511
949 1708
950 1089 1483
951 1193 1185 1746 1209
952 1602 1744
953 1349 1094 1389
954 1464 1740
955 1633 1220 1266
956 1344 1246 1523
957 1770 1015
958 1186 1950
959 1161 1508
960 1994 1589
961 977 1711 1881
962 1730 1835 1261 1979
963 1904 1890 1044 1894
964 1440 1168 990 1398
965
966 1075 1548 1199 1151 1149 1919
967 1376 1102
968
969 1572 1606 1164 1143 1084
970 1315 1883 1854
971 1446 1162 1004 1619
972 1774
973 1105 1878 1119 1951
974 1728 1622
975 1529 1442
976 1697 1874 1327
977 1250 1398 1649 1494 1243
978 1201 990
979 1073 1432
980 1537 1062 1246 1175
981 1591 1055
982
983 1383 1006 1396 1820
984 1482 1708
985 1195 1453
986 1063 1152
987 1555 1134
988 1452
989 1317 1927 1553 1555
990 1410 1419 1549 1916
991 1959 1354 1650
992
993 1120 1818 1442 1007
994 1178
995 1041 1522 1551 1118
996 1230 1166
997 1408 1677 1181
998 1154 1263 1466
999 1899
1000 1920 1224 1198 1753
1001 1315
1002 1989 1769 1322 1147
1003 1028
1004 1626 1085
1005 1099 1773 1463 1630
1006 1100 1620 1436
1007 1876 1140 1225
1008 1505 1855
1009 1226 1507
1010 1578 1305
1011 1924 1511 1227 1488 1524 1947
1012 1768 1736 1941 1854
1013 1568 1759
1014 1968 1608 1452
1015 1895
1016 1611 1142 1405
1017 1225 1198 1177
1018 1585 1877 1885
1019 1345 1580 1187 1118
1020 1273 1311
1021 1670
1022 1800 1795 1882
1023 1873
1024
1025 1573 1096 1400
1026 1218 1387
1027 1230 1176 1436
1028 1866
1029 1657 1059 1252 1815
1030 1524 1463 1530
1031 1824 1386 1409
1032 1046
1033 1445
1034 1796 1202 1178
1035 1688
1036
1037 1305 1308 1293 1705
1038
1039 1368 1631
1040 1864
1041 1476 1797 1545 1338 1279
1042 1860 1991
1043 1807
1044 1581 1720 1463 1917 1087
1045 1984 1356 1077 1319
1046 1344 1389
1047 1401 1186 1111
1048 1922 1876 1111 1630
1049 1521
1050 1071
1051 1921 1706 1102 1438
1052 1572 1671
1053 1700 1452
1054 1806 1223
1055 1321 1269 1338 1854
1056 1337
1057
1058 1921 1354 1214
1059 1281 1609 1994 1259 1708 1851
1060 1101
1061 1528 1809
1062 1487 1102 1071
1063 1971
1064 1401
1065
1066 1176 1949 1503
1067 1988 1388 1841 1332
1068 1128
1069
1070 1186 1773 1400 1178 1083 1404
1071 1680 1862 1940 1268 1540
1072 1649 1523 1652 1141
1073 1604 1222
1074 1088 1379 1862
1075 1187 1572 1941 1084
1076 1885 1479
1077 1770 1973
1078 1376
1079 1579 1549 1875 1791
1080 1106
1081 1246
1082 1545 1098 1791
1083 1571 1604
1084 1124 1894 1919
1085 1344 1318 1904 1767 1502
1086 1996 1989
1087 1163 1484
1088 1867 1337 1823 1855
1089
1090
1091 1859 1883
1092 1963 1578
1093
1094 1432 1234 1277
1095 1752 1190
1096 1542
1097 1548 1709
1098 1812 1194
1099 1148 1235
1100 1524 1878 1528 1465
1101 1234 1309
1102 1997 1425 1146
1103 1984 1447 1999 1430 1883 1194
1104 1679
1105 1256 1388 1180
1106 1268 1118 1558
1107 1136 1601 1272
1108 1952 1381 1582
1109 1502 1650 1150 1469
1110 1376 1157
1111 1922 1892 1112 1139 1567
1112 1131 1227 1520
1113 1312 1206
1114 1142 1175 1246
1115 1960 1566
1116 1523 1693
1117 1347 1148 1795 1655
1118 1138
1119 1335
1120 1993
1121 1962 1132 1727
1122 1744 1505 1922 1605
1123 1692 1629
1124 1571 1933
1125 1906 1328 1138 1529
1126 1129
1127 1348 1999 1591
1128 1855 1479
1129 1761 1282 1891
1130 1804 1787 1789
1131 1336 1728
1132 1256 1291 1590 1402 1727
1133 1148
1134 1429 1434 1982
1135 1765 1904
1136 1634 1545
1137 1579 1389 1783 1689 1655
1138 1141
1139 1753
1140 1706 1301
1141 1722
1142
1143
1144 1896 1453 1198 1843 1878 1239 1689
1145 1460 1532
1146 1229 1455 1361
1147 1906 1496 1692
1148 1274 1178 1214
1149 1200 1338
1150
1151 1927 1403
1152 1527 1263
1153 1856 1509 1514
1154 1674 1497
1155 1766
1156
1157 1351
1158 1321 1877 1686
1159 1600 1697 1442 1513 1459 1294 1464
1160 1860 1381
1161 1506 1539 1271
1162 1767
1163 1707 1924 1356 1497
1164 1315 1991 1644 1326 1522 1336
1165 1254
1166 1274 1223
1167 1649 1331 1403
1168 1601 1416 1194
1169 1866
1170 1576 1703 1293
1171 1231
1172 1189 1510 1864 1822
1173 1511 1895 1419 1789
1174 1669 1806
1175 1245
1176 1963 1483 1650 1522
1177 1552 1394 1178
1178 1349
1179
1180 1834 1872 1394
1181 1441 1972 1876
1182 1280
1183 1848 1576 1464
1184 1711
1185 1745 1689 1276
1186 1896
1187 1643
1188 1197 1230
1189 1320 1277 1606
1190 1632 1704 1898 1396 1594
1191 1864
1192 1607
1193 1511 1872 1394 1780
1194 1946
1195 1709 1523 1720
1196 1242 1667
1197 1411 1349 1799 1519
1198 1274
1199
1200 1642 1315 1444 1479
1201 1536 1661
1202 1256 1864 1766
1203 1324
1204 1801 1617 1429 1878 1333
1205 1472 1350 1718
1206
1207 1840 1465 1590
1208 1970 1610
1209 1377 1222 1654
1210 1875
1211 1932 1534 1967
1212 1924 1844
1213 1613
1214 1671 1896 1663
1215 1474 1692
1216 1395 1996
1217 1640 1580 1323 1716 1462
1218 1750
1219 1986
1220 1762 1629
1221 1860 1790
1222 1528 1308 1901
1223 1605 1542 1581 1628
1224 1374
1225 1621
1226 1879
1227 1377 1352 1446
1228
1229 1824 1512 1871 1392
1230 1355 1497 1882
1231 1873
1232 1754 1523
1233 1645 1714 1929 1786 1629
1234
1235 1766 1415 1523 1368
1236 1542 1772 1775 1725 1630
1237 1593 1594
1238
1239 1600 1543 1329 1473
1240
1241 1370 1507 1330
1242 1954 1973
1243 1566 1358
1244
1245
1246 1739 1879 1431 1785
1247 1316 1550 1575
1248 1486 1879
1249 1468
1250 1381 1467
1251 1470
1252 1482 1812 1271
1253 1533
1254 1345 1476 1521 1943
1255 1780
1256 1922
1257 1379 1574 1643
1258
1259 1680
1260 1440 1328 1779
1261 1363 1789
1262 1327 1909
1263
1264
1265 1840
1266 1730 1722
1267 1831
1268 1601
1269
1270 1809 1501 1678
1271 1642 1821 1814 1897 1373
1272
1273 1805 1521
1274 1830 1543 1384 1519
1275 1932 1287 1537
1276 1488
1277 1412
1278 1889 1336 1693
1279 1959
1280 1866 1944
1281
1282 1788 1357
1283 1698 1393 1435
1284 1363 1342
1285 1650
1286 1814
1287 1473
1288 1293 1550
1289 1388 1749
1290
1291 1859
1292 1769 1847 1657
1293 1897 1518 1331 1750
1294 1630 1789 1598
1295 1545 1468
1296 1860 1812 1572
1297 1610 1326 1916 1853
1298
1299 1520 1899 1971
1300 1808 1444
1301 1936 1788 1547
1302 1928 1678 1304
1303 1496 1468 1638 1910
1304 1664 1731
1305 1989 1736 1716
1306 1749 1724 1535
1307 1419
1308
1309 1417 1567
1310
1311 1327 1621 1903 1546
1312 1904 1481 1514 1950
1313
1314 1781
1315 1409 1653 1367 1770
1316 1970
1317 1771
1318 1365 1976 1371
1319 1568 1424 1463
1320 1996 1559
1321 1680 1326
1322 1849
1323 1573 1387 1973
1324 1442 1559 1689
1325
1326 1399 1837 1914
1327 1737
1328 1625 1853
1329 1903
1330 1732
1331 1540 1574 1715 1558 1577 1788
1332 1489
1333 1484
1334
1335 1651
1336 1966 1592 1466
1337 1376
1338 1999
1339 1851
1340 1580 1645
1341
1342
1343
1344 1953 1780
1345
1346 1476 1660
1347 1413 1542 1502
1348
1349 1932 1374
1350 1987 1778
1351
1352 1513 1469 1401
1353 1515 1727
1354 1537 1837
1355 1893 1864
1356 1765
1357 1428 1592
1358 1931
1359 1640 1728 1797
1360
1361
1362 1442
1363 1450 1429 1978
1364 1820 1661 1814
1365 1703
1366 1981
1367
1368
1369 1736 1832 1823
1370
1371 1707 1374
1372
1373 1514 1428
1374 1600 1658
1375 1699 1476 1383 1493 1848
1376 1921
1377 1939
1378 1665
1379 1572 1704 1813 1983
1380 1747 1989 1870
1381 1601 1510 1619 1591
1382 1982 1725
1383
1384
1385 1826 1867 1646
1386 1930 1991
1387
1388 1891 1864
1389 1888
1390
1391 1607
1392 1536 1898 1716
1393 1458 1620 1595
1394 1441
1395 1852
1396 1422
1397
1398 1532
1399 1968 1770 1870
1400 1542 1990 1448
1401 1857
1402
1403 1815
1404 1633 1478 1913
1405 1824 1867 1425 1501
1406
1407 1563
1408 1800 1669
1409 1564
1410 1777 1500
1411
1412
1413 1604 1947 1469
1414
1415
1416 1633 1494 1595
1417 1668 1909
1418 1646
1419 1558 1625
1420
1421
1422 1461 1706 1964 1650
1423
1424 1944
1425 1649 1495
1426
1427 1505 1508
1428 1710
1429 1552 1521 1876
1430 1460 1655 1533
1431 1612 1465
1432 1563 1511
1433 1761 1958 1584 1694
1434 1772 1553 1977 1598
1435 1889 1442
1436
1437 1970
1438 1923
1439 1749
1440 1954 1518
1441
1442 1771
1443 1604
1444 1518
1445 1969
1446 1928 1805 1470
1447
1448 1730 1639 1705
1449
1450 1912 1894 1515
1451 1809
1452
1453 1960
1454 1691
1455
1456 1642 1474
1457 1589
1458 1581
1459 1770 1581 1977 1565
1460 1940
1461 1984 1574 1932 1966
1462 1612 1545 1676 1837 1591
1463
1464
1465 1840
1466
1467 1809 1549
1468 1992 1640 1688
1469 1929 1515 1982
1470 1751
1471 1754
1472
1473 1668
1474 1650 1847
1475 1824 1577 1959
1476 1871
1477 1941
1478 1667 1491 1690 1564 1599
1479 1768 1726
1480
1481 1494
1482 1661 1916
1483 1897
1484 1697
1485 1998
1486 1875 1813
1487 1921
1488
1489 1543 1678
1490
1491 1750
1492 1771
1493 1628
1494 1611 1710 1531 1533
1495 1569
1496 1934
1497 1947
1498
1499
1500 1810
1501 1954 1703
1502 1988
1503 1932 1756
1504 1858
1505 1738 1521
1506 1699 1609
1507
1508 1738 1779
1509
1510 1932 1678
1511 1888 1735 1548 1844
1512
1513
1514 1860
1515 1876 1846
1516 1913 1795 1965
1517 1657
1518
1519 1636 1863 1528 1725
1520 1823 1603
1521 1860 1586
1522 1618
1523 1602 1891 1781
1524 1689
1525 1759
1526
1527 1700 1960
1528
1529 1938
1530
1531
1532 1965 1778 1914
1533 1867 1869 1625
1534 1874
1535 1737
1536 1575 1930
1537 1607 1575
1538 1627
1539
1540 1916
1541 1608
1542 1606
1543 1596
1544 1664 1612
1545
1546
1547 1664 1786
1548 1921 1595 1916
1549
1550 1691
1551 1552
1552 1645 1905 1724
1553 1960 1684
1554 1683
1555 1905
1556
1557 1976 1988 1803 1620
1558 1826 1667 1650 1883
1559 1698 1789 1617 1917
1560
1561 1978
1562 1699
1563
1564 1769 1871
1565
1566 1959 1715
1567 1909
1568 1781
1569 1951
1570 1666 1978 1918
1571 1709 1783
1572 1785
1573 1719
1574
1575
1576 1900
1577
1578 1813
1579 1647
1580 1860
1581
1582 1632
1583
1584 1986 1977 1820
1585 1797
1586 1649
1587 1769
1588 1787
1589 1634 1992 1716
1590 1665 1702
1591
1592 1636 1874 1694
1593
1594 1638
1595
1596 1992
1597 1700 1852
1598 1705
1599 1880
1600 1889 1787
1601
1602 1996
1603 1767 1709 1669
1604 1809 1925
1605 1730
1606
1607 1756
1608
1609
1610
1611 1860
1612 1661
1613 1859
1614 1798 1895
1615 1806 1750 1946 1919
1616
1617 1795
1618
1619 1663
1620
1621 1929
1622
1623
1624 1626
1625 1752 1919
1626 1633 1759
1627 1765
1628
1629
1630 1985 1863
1631 1782 1976
1632 1738
1633 1886
1634 1739 1870
1635 1731
1636 1886
1637 1711 1750
1638 1832
1639
1640 1961
1641 1718
1642
1643 1847
1644 1856 1995
1645 1801 1944
1646
1647 1652
1648
1649 1715
1650
1651 1770 1973
1652 1827 1745 1977 1790
1653 1991
1654
1655
1656 1779 1932
1657 1979
1658 1859
1659
1660
1661
1662
1663
1664 1775
1665 1715
1666 1914
1667
1668 1920 1753 1981
1669 1781 1944
1670
1671 1700
1672 1736
1673
1674 1963
1675 1868 1974 1854
1676
1677
1678 1999
1679
1680 1758
1681
1682 1800
1683 1965 1837
1684
1685 1939 1844 1790
1686 1974
1687 1775
1688
1689 1859
1690
1691
1692
1693 1817
1694
1695
1696 1999
1697 1706
1698 1713 1911 1779
1699 1915
1700 1778
1701 1758
1702 1848
1703
1704
1705 1899
1706 1755
1707 1720 1925
1708
1709 1775
1710
1711
1712 1922 1892 1899 1913
1713 1953
1714 1881
1715 1840
1716
1717
1718
1719 1742
1720 1941
1721 1817
1722 1857
1723
1724 1995
1725
1726 1974
1727 1891 1957 1917
1728
1729
1730 1891 1799 1742
1731 1874 1995
1732 1779
1733 1767
1734
1735
1736 1797 1915 1983
1737
1738 1753
1739
1740 1781 1821
1741
1742 1841
1743
1744
1745
1746
1747 1930
1748
1749
1750 1860
1751 1953
1752
1753
1754
1755 1778
1756 1792 1826 1816
1757
1758
1759
1760 1980
1761 1816
1762 1905 1842
1763
1764
1765
1766
1767
1768
1769 1818
1770
1771
1772
1773
1774 1979
1775
1776
1777 1934
1778
1779 1972 1943
1780 1942 1817
1781 1977
1782
1783 1856 1828
1784
1785
1786 1944
1787 1798 1983
1788
1789
1790 1993
1791
1792
1793 1801
1794 1834
1795 1944
1796 1872
1797
1798 1810
1799
1800
1801 1869
1802 1841
1803
1804 1928 1960
1805
1806
1807
1808
1809
1810 1918
1811
1812 1938
1813
1814 1863 1870
1815
1816 1891 1990 1912
1817
1818 1831
1819
1820
1821 1915
1822
1823 1946
1824
1825 1858
1826
1827
1828
1829 1886
1830
1831 1967
1832
1833 1907
1834 1986
1835
1836
1837 1983
1838
1839
1840
1841
1842
1843
1844
1845 1978
1846
1847
1848 1868
1849
1850
1851
1852 1927
1853
1854 1935
1855
1856
1857 1893
1858
1859 1894 1976
1860
1861 1908
1862 1883
1863
1864
1865
1866 1978
1867 1921
1868
1869 1959 1910
1870
1871 1906
1872 1918
1873
1874 1917
1875
1876 1918
1877
1878
1879
1880
1881
1882
1883
1884
1885
1886 1890
1887 1972
1888
1889 1970 1912
1890
1891 1892
1892
1893
1894
1895
1896
1897
1898
1899 1956
1900
1901 1960
1902
1903
1904
1905 1909
1906 1995
1907
1908
1909
1910
1911
1912 1982
1913
1914
1915
1916
1917
1918
1919
1920
1921 1963
1922
1923
1924
1925 1982
1926
1927
1928
1929
1930
1931
1932
1933
1934 1973
1935
1936
1937 1984
1938
1939
1940
1941
1942
1943
1944
1945
1946
1947 1988
1948
1949
1950
1951
1952
1953
1954
1955
1956
1957
1958
1959
1960
1961
1962
1963
1964 1999
1965 1974
1966
1967
1968
1969
1970
1971
1972 1975
1973
1974
1975
1976
1977
1978
1979
1980
1981
1982
1983
1984 1992
1985
1986
1987
1988
1989 1999
1990
1991
1992
1993
1994
1995
1996
1997
1998
1999
[0, 0, 0, 1, 0, 1, 1, 0, 1, 0, 1, 1, 1, 1, 0, 0, 0, 0, 0, 0, 1, 1, 1, 0, 0, 0, 0, 1, 1, 1, 0, 0, 1, 1, 1, 1, 0, 1, 0, 0, 1, 0, 1, 0, 0, 0, 1, 0, 0, 0, 0, 1, 1, 0, 1, 1, 0, 0, 0, 0, 0, 1, 1, 1, 0, 1, 1, 0, 0, 0, 1, 0, 0, 0, 1, 1, 0, 1, 0, 1, 1, 0, 1, 0, 1, 0, 0, 0, 0, 1, 1, 0, 0, 1, 0, 1, 1, 1, 1, 0, 1, 1, 0, 0, 1, 1, 1, 1, 1, 0, 0, 1, 0, 1, 0, 1, 0, 0, 0, 0, 1, 1, 0, 1, 1, 0, 1, 1, 0, 1, 1, 1, 1, 0, 1, 0, 1, 0, 1, 0, 1, 1, 1, 0, 0, 0, 1, 0, 1, 1, 0, 1, 0, 1, 1, 1, 1, 1, 0, 1, 1, 1, 0, 0, 1, 1, 0, 1, 0, 0, 0, 1, 1, 1, 1, 1, 0, 1, 1, 0, 1, 1, 1, 1, 0, 0, 0, 1, 1, 0, 1, 0, 1, 0, 0, 1, 1, 1, 1, 0, 0, 1, 0, 1, 1, 0, 0, 0, 1, 1, 1, 0, 0, 1, 1, 0, 0, 0, 0, 0, 1, 0, 1, 0, 1, 0, 0, 1, 0, 1, 0, 0, 0, 1, 1, 1, 0, 0, 0, 1, 0, 1, 1, 0, 0, 0, 0, 0, 0, 1, 1, 0, 0, 0, 0, 1, 0, 1, 1, 1, 0, 0, 0, 1, 0, 1, 0, 0, 1, 1, 1, 0, 0, 0, 1, 1, 1, 1, 0, 0, 0, 0, 1, 1, 1, 1, 0, 0, 1, 0, 0, 0, 0, 0, 1, 1, 0, 1, 0, 1, 0, 0, 0, 0, 1, 0, 1, 1, 0, 1, 0, 1, 0, 0, 0, 0, 1, 1, 1, 1, 1, 0, 1, 0, 1, 0, 1, 0, 0, 0, 1, 1, 0, 1, 0, 1, 1, 0, 1, 1, 1, 1, 0, 1, 1, 1, 0, 1, 0, 0, 0, 0, 0, 1, 0, 0, 0, 1, 1, 0, 1, 1, 1, 0, 1, 1, 0, 1, 1, 1, 1, 0, 1, 1, 1, 0, 0, 1, 0, 1, 1, 0, 0, 1, 0, 0, 1, 0, 0, 0, 0, 1, 0, 0, 0, 1, 1, 1, 0, 1, 1, 0, 0, 1, 0, 1, 1, 1, 1, 1, 0, 0, 1, 1, 0, 0, 1, 1, 1, 1, 1, 0, 1, 0, 0, 0, 1, 1, 0, 1, 0, 0, 1, 0, 0, 0, 1, 1, 1, 1, 1, 0, 1, 1, 1, 1, 1, 0, 1, 1, 1, 1, 1, 1, 0, 0, 1, 1, 0, 1, 1, 0, 1, 0, 0, 0, 1, 0, 1, 0, 1, 0, 1, 1, 1, 0, 0, 1, 1, 0, 1, 0, 1, 0, 0, 0, 0, 0, 1, 0, 1, 0, 1, 0, 0, 0, 0, 0, 0, 1, 1, 1, 0, 1, 0, 0, 1, 0, 1, 1, 1, 1, 1, 1, 0, 0, 0, 0, 0, 0, 0, 0, 0, 1, 1, 1, 1, 1, 1, 0, 0, 0, 0, 1, 0, 0, 0, 0, 1, 1, 1, 0, 0, 1, 1, 0, 1, 1, 1, 0, 1, 0, 1, 1, 0, 1, 1, 0, 0, 0, 1, 0, 1, 0, 1, 1, 1, 0, 0, 1, 1, 0, 1, 0, 1, 0, 0, 1, 1, 0, 1, 1, 0, 1, 0, 0, 0, 0, 0, 1, 1, 1, 0, 1, 1, 0, 1, 0, 0, 1, 1, 0, 0, 1, 0, 0, 1, 0, 1, 0, 1, 1, 1, 0, 0, 1, 0, 0, 1, 0, 1, 0, 0, 0, 1, 1, 0, 1, 0, 1, 1, 1, 0, 1, 1, 1, 0, 1, 1, 1, 1, 0, 0, 1, 0, 1, 0, 0, 0, 1, 0, 0, 0, 0, 0, 1, 1, 1, 1, 1, 0, 0, 0, 1, 0, 0, 0, 1, 1, 1, 0, 0, 1, 0, 0, 0, 1, 1, 0, 0, 1, 0, 0, 0, 0, 0, 1, 0, 0, 1, 0, 1, 1, 1, 1, 0, 0, 0, 1, 1, 1, 1, 1, 1, 1, 1, 0, 1, 1, 1, 1, 0, 0, 1, 1, 0, 0, 1, 0, 1, 0, 0, 0, 0, 1, 0, 0, 1, 1, 0, 1, 1, 1, 1, 0, 1, 0, 1, 1, 1, 0, 1, 1, 0, 0, 0, 0, 0, 0, 1, 0, 1, 0, 0, 0, 1, 1, 0, 0, 0, 0, 0, 1, 1, 0, 0, 0, 0, 1, 1, 1, 1, 0, 0, 0, 1, 0, 0, 1, 1, 1, 0, 0, 0, 1, 1, 1, 1, 1, 0, 1, 1, 1, 1, 1, 1, 1, 0, 1, 1, 1, 0, 1, 1, 0, 0, 1, 0, 0, 1, 0, 0, 0, 1, 0, 0, 1, 1, 0, 1, 0, 0, 1, 0, 0, 1, 0, 0, 0, 0, 1, 1, 1, 0, 0, 0, 1, 1, 1, 0, 0, 1, 1, 1, 0, 0, 1, 0, 0, 1, 0, 1, 0, 0, 0, 0, 0, 0, 0, 1, 0, 0, 0, 0, 1, 0, 0, 1, 0, 0, 0, 1, 0, 1, 0, 1, 1, 1, 1, 1, 1, 1, 0, 0, 0, 0, 0, 0, 1, 0, 1, 0, 0, 1, 0, 0, 0, 1, 0, 1, 0, 0, 0, 0, 0, 0, 1, 1, 1, 1, 1, 1, 1, 0, 1, 1, 1, 0, 1, 0, 0, 1, 0, 0, 1, 1, 1, 1, 0, 0, 0, 0, 1, 0, 1, 1, 1, 1, 1, 1, 1, 0, 0, 1, 0, 0, 1, 1, 1, 0, 0, 1, 1, 1, 0, 1, 1, 1, 1, 0, 0, 0, 1, 1, 0, 1, 0, 0, 0, 0, 0, 1, 1, 0, 1, 0, 1, 0, 0, 1, 0, 0, 0, 0, 0, 1, 1, 1, 1, 1, 0, 0, 1, 1, 1, 0, 1, 1, 1, 1, 1, 0, 0, 1, 1, 1, 1, 1, 0, 0, 0, 1, 0, 1, 1, 1, 0, 1, 0, 0, 1, 1, 1, 0, 1, 1, 0, 1, 1, 0, 1, 0, 1, 1, 1, 0, 0, 0, 1, 1, 1, 0, 0, 0, 1, 0, 1, 1, 1, 0, 0, 0, 1, 1, 1, 0, 0, 0, 0, 0, 1, 1, 0, 1, 1, 0, 0, 1, 0, 1, 1, 0, 1, 1, 0, 0, 0, 0, 0, 0, 0, 0, 0, 1, 0, 1, 1, 1, 0, 0, 0, 0, 0, 0, 1, 0, 1, 1, 0, 1, 1, 1, 0, 0, 0, 1, 0, 0, 0, 1, 0, 1, 1, 1, 0, 1, 1, 1, 0, 0, 1, 1, 1, 1, 0, 0, 1, 0, 0, 1, 1, 1, 1, 1, 1, 1, 0, 1, 0, 1, 1, 1, 0, 0, 1, 0, 0, 0, 1, 0, 1, 0, 1, 0, 1, 0, 1, 0, 0, 1, 0, 0, 1, 1, 0, 1, 1, 0, 0, 1, 0, 0, 0, 1, 1, 0, 0, 1, 1, 0, 1, 1, 1, 0, 0, 1, 1, 0, 1, 0, 0, 1, 0, 1, 0, 1, 0, 1, 1, 0, 0, 0, 1, 1, 1, 0, 1, 1, 0, 1, 0, 1, 1, 1, 1, 0, 1, 0, 0, 0, 1, 0, 1, 1, 1, 1, 0, 1, 1, 0, 1, 0, 1, 1, 1, 1, 1, 0, 0, 1, 1, 0, 0, 1, 1, 0, 0, 0, 0, 0, 0, 1, 0, 0, 0, 1, 1, 0, 1, 0, 0, 1, 1, 1, 0, 1, 1, 1, 0, 0, 0, 0, 0, 1, 1, 0, 1, 0, 1, 0, 1, 0, 1, 1, 0, 1, 0, 0, 0, 1, 0, 1, 0, 0, 1, 0, 0, 0, 0, 1, 0, 1, 1, 0, 1, 0, 1, 0, 0, 1, 0, 1, 0, 0, 1, 0, 1, 1, 1, 1, 1, 0, 0, 0, 1, 0, 0, 1, 0, 1, 0, 0, 1, 1, 1, 0, 1, 0, 0, 0, 0, 0, 0, 1, 1, 0, 0, 1, 0, 1, 0, 0, 1, 0, 0, 1, 1, 1, 1, 0, 0, 0, 1, 1, 0, 1, 1, 0, 1, 0, 0, 1, 1, 0, 1, 0, 0, 1, 0, 0, 0, 0, 1, 0, 1, 0, 0, 0, 1, 1, 0, 0, 0, 1, 1, 0, 0, 0, 0, 0, 1, 1, 1, 0, 1, 0, 1, 1, 1, 0, 0, 0, 1, 1, 1, 1, 0, 1, 0, 0, 0, 0, 0, 0, 1, 0, 0, 0, 0, 1, 0, 0, 1, 1, 1, 1, 1, 1, 0, 1, 0, 1, 1, 1, 0, 1, 1, 0, 1, 0, 1, 0, 1, 1, 0, 0, 0, 0, 1, 1, 0, 0, 0, 1, 0, 1, 1, 0, 0, 1, 1, 0, 0, 1, 0, 0, 0, 0, 0, 0, 0, 0, 0, 0, 1, 1, 0, 0, 1, 1, 0, 0, 1, 0, 0, 0, 0, 1, 0, 1, 0, 0, 1, 0, 1, 0, 0, 0, 0, 0, 0, 1, 0, 1, 0, 1, 1, 0, 0, 1, 1, 0, 0, 1, 1, 0, 1, 1, 1, 0, 1, 0, 0, 0, 1, 1, 0, 0, 1, 0, 0, 1, 1, 1, 1, 0, 1, 1, 0, 0, 0, 1, 1, 1, 0, 1, 0, 1, 0, 1, 1, 0, 0, 1, 0, 1, 1, 1, 1, 0, 1, 0, 0, 0, 0, 0, 0, 0, 0, 1, 0, 1, 0, 0, 1, 0, 0, 0, 1, 0, 1, 0, 1, 0, 0, 0, 0, 0, 1, 0, 1, 0, 1, 1, 1, 1, 0, 0, 1, 0, 0, 0, 0, 1, 1, 0, 1, 1, 0, 1, 1, 1, 1, 0, 1, 0, 1, 1, 1, 1, 1, 1, 0, 1, 0, 1, 1, 0, 0, 1, 0, 0, 0, 0, 0, 1, 0, 1, 1, 0, 0, 0, 1, 0, 1, 0, 0, 0, 1, 1, 0, 0, 0, 1, 1, 0, 0, 0, 1, 1, 1, 1, 0, 1, 1, 0, 0, 1, 0, 0, 0, 1, 0, 0, 1, 1, 0, 1, 0, 1, 0, 0, 0, 1, 1, 1, 0, 1, 1, 0, 1, 1, 0, 0, 0, 1, 0, 1, 0, 1, 0, 0, 1, 1, 0, 0, 0, 0, 0, 0, 1, 1, 1, 1, 1, 1, 0, 1, 1, 0, 1, 1, 0, 1, 1, 0, 0, 1, 0, 0, 0, 1, 0, 0, 1, 1, 1, 0, 1, 1, 0, 1, 0, 1, 0, 0, 0, 1, 0, 1, 0, 1, 1, 0, 0, 1, 1, 1, 0, 0, 0, 1, 1, 1, 0, 1, 1, 0, 0, 0, 1, 1, 1, 0, 0, 0, 1, 1, 1, 1, 1, 1, 0, 1, 1, 1, 1, 0, 1, 1, 1, 1, 0, 1, 1, 1, 1, 0, 1, 0, 1, 0, 0, 0, 0, 0, 1, 1, 1, 0, 0, 0, 0, 0, 0, 1, 0, 1, 0, 1, 1, 1, 0, 0, 1, 1, 1, 0, 1, 1, 1, 0, 1, 1, 1, 1, 0, 0, 0, 0, 0, 0, 0, 0, 0, 0, 0, 1, 1, 1, 0, 1, 0, 1, 1, 0, 1, 0, 0, 0, 0, 0, 1, 0, 1, 0, 1, 0, 1, 0, 1, 0, 1, 0, 1, 0, 1, 1, 1, 1, 1, 1, 1, 1, 1, 1, 1, 0, 0, 1, 0, 1, 1, 1, 1, 1, 0, 0, 1, 1, 0, 1, 1, 1, 0, 0, 0, 1, 1, 0, 1, 0, 1, 0, 1, 1, 1, 0, 1, 1, 0, 1, 0, 0, 0, 0, 1, 0, 0, 1, 0, 0, 1, 0, 1, 0, 0, 1, 0, 1, 1, 0, 0, 1, 0, 0, 1, 1, 1, 0, 1, 0, 0, 0, 0, 0, 0, 1, 0, 1, 1, 1, 0, 0, 0, 0, 1, 1, 1, 1, 0, 1, 1, 0, 0, 1, 1, 0, 1, 0, 1, 0, 0, 1, 0, 0, 1, 0, 1, 0]