#/home/brian/Documents/summer17/Python/VEC/scripts/make_SBM_graphs.py
# GMT Thu Jul 27 21:52:03 2017
# 
0 227 454 170 18 398 111 16 401 242 120 94
1 40 95 43 301 475 447
2 388 488 42 493 143 244 36
3 353 387 196 392 238 273 340
4 194 483 174 280 247 24 220
5 135 9 269 370 312 94 127
6 256 433 396 113 18 218 91
7 121 495 269 206 449
8 80 424 459 176 210 374 280 445 318
9 40 462 307 20 121 125
10 67 462 99 337 83 88 122 444
11 137 298 427 492 18
12 386 358 47 48 52 406 376 153 218 382
13 112 260 324
14 449 179 420 110 459
15 166 42 78 445 432 17 221
16 162 386 134 71
17 356 284 108 141 430 73 58 60 29
18 35 456 362 140 173 79 176 434 407 351
19 245 53
20 204 213 489 248 281
21 208 205
22 296 186 78
23 288 352 98 388 112 368 179 249
24 472 348
25 258 37 426 463 467 215
26 34 355 105 83 140 333 112 499 468 406 184
27 225 34 490
28
29 352 198 364 84 59 95
30 316 235 204 187 326
31 449 227 70 231 234 269 142 496 438 444 317 479
32 133 487 395 207 246 247
33 184 217 180 396 350
34 493 348 125 479
35 249 398 479
36 64 314 238
37 163 228 197 208 498 470 185 285 133
38 423 172 107 236 494 470 317 191
39 195 357 200 413 279 91 285
40 164 168 274 404
41 352 105 458 173 46 155 190
42 129 356 293 75 348
43 387 449 252 459 50 259 217 220
44 384
45 470
46 458 468 338 359
47 416 187 434 185 191 255
48 67 294 391 309 191
49 317 167
50 131 137 141 240 276 92
51 483 362 365 462 111 242 373 444
52 496 298 195
53 458 462 242 55 220 254
54 488 321 484 134
55 448 354 91 121 123 159
56 448 101 199 426 402 305 466 479
57 216 89 371 461 281
58 496 146 307 468 412
59 458 260 359 298 108 468 196
60 96 385 227 294 113 168 239 306 351
61 96 97 220 93
62 288 386 388 198 454 231 109 142 112 146 196
63 240 378 382
64 493 110 113 147 153 409
65 288 161 314 468 495
66 464 330
67 385 476 101
68 388 134 327 137 173 472
69 205 230 223
70 200 450 291 406
71 263 201 428 369 185 152 364
72 320 132 462 495 80 437 125 479
73 128 492 238 466 254
74 408 305
75 193 454 233 79 305 93
76 96 266 493 173 245 251 221 95
77 448 355 356 198 334 163 253
78 204 79 186 475
79 260 211
80 128 436 245
81 422 423 361 426 477 223
82 401 109 334 397
83 130 198 296 245
84 146 331 95
85 426 460 133 382 127
86 105 482 92
87 178 431 357 406 487
88 282 462
89 193 298 139 302 464 206 185 154
90 480 195 142 498 317 159
91 195 358 235 344 187 319
92 448 314 146
93 128 323 168 108 493 432 115 478
94 288 198 449 396 493 280
95 493 221
96 97 231 385 242 373 122 447
97 260 485 424 168 338 373 475
98 400 338 454
99 360 292 108 196
100 290 362 301 399 209 275 376 249 127
101 196 297 490 365 177 217
102 345 197 477 246 193
103 259 362 171 244 344 330
104 289 164 420 390 141 368 340 153 186 479
105 168 461 177 274 469 380 445
106 224 336 154 141 287
107 197 397 431 114 149 287 191
108 490 137 298 335 151 122
109 434 210 410 317 254
110 387 292 264 457 142 220
111 130 137 331 334 370 155 254
112 224 295 131 198 199 457 363 238 402 437 384 277
113 363 459
114 386 419 166 294 201 399 497 118 152 219
115 352 485 270 432 465 274 403 472 217 412
116 360 226 470 406
117 290 137 430 338 373 343
118 386 341
119 322 259 201 271 336 244 278 123 446
120 320 296 160 176 439
121 161 131 324 231
122 449 328 333 465 123 254
123 260 170 462 465
124 368 289 394 132 447
125 161 177 253 479
126 435 486 182
127 435 260
128 198 362 474 315
129 401 483 333
130 373
131 288 421 245
132 485 392 468 377 282
133 257 431 175 478
134 310 286 293
135 401 417 398 445
136 176 385 401 190 415
137 331 295 184
138 385 334 375 344 442 317
139 209 171 257
140 400 298 434 430 176 444
141 258 489 242 398 212 313 153
142 160 237 238 473 314
143 169 398 335 147 340 374
144 234
145 482 453 334
146
147 305 194
148 425 310
149 256 289 450 229 193 471
150 320 436 403 412
151 184 368
152 325 294 306 498 499 311 358 255 383
153 427 346
154 418 325 422 296 267 375 357
155 346 369 174
156 425 371 197
157 199 169 338 313 346 220 223
158 424 323 284 237
159 391
160 224 483 169 177 308
161 224 387 327 333 496 347
162 336 452 272 206 337 466 276
163 197 315 302
164 369 173 302 472
165 225 322 263 266 363 428 185
166 357 498
167 202 421 337
168 335 308 313 436
169 289 387 199 333 496 415
170 324 296 399 392 210 252
171 384 226 487 361
172 263 317 185 218 250 382
173 353 481 243 219
174 387 292 487 398 338 430 249
175 256 416 386 487 425 494 293
176 353 322 305 327 469 182 313
177 289 305 242 448 405 373
178 205 207 485
179
180 264 436 492 480
181 237
182 360 270 403 183
183 396 334 211 475 412 415
184 246 380
185 451 200 268 277 216
186 196 278 427 335 464
187 357 269 240 244 281 345 191
188 416 214 389 304 310 441 287
189 408 443
190 288 305 306 217
191 416 291 356 439 248 324
192 208 261 382
193 322 486 471
194 355 305 206
195 287
196 289 427 348
197 357 266 365 497 278 376 421
198 495 286 436 407
199 424 252 363 465 245 476
200 202 399 304 344
201 421 205 408 443
202 293 297 497 338 341
203 484 261 446
204 418 278 494 310 446 411
205 256 212 406 375 265
206 232 254
207 321 290 419 210
208 386 369 248 341
209 306 450 443
210 327 459 404
211 442 294
212 290 325 230 443
213 433 423
214 257
215 257 361 294 393
216 299 273 275 217
217 360
218 480 226 261 267 336 268 329 222 287
219 419 230 487 393 247 285
220 327 397 253
221 322 392 270 436 469 407 379 286
222 413 369 349 279
223 294 299 364 381 406
224 353 424 469 444
225 333 305 473 445 254
226 411 399
227 233 394 301 335 351
228 336 441 283
229 489 266 375 470 279 319
230 419 286
231 313 280 348
232 488 235 485
233 339 444 390
234 272 484 487 361 235 336 379
235 321 303 488 340 413
236 416 364 369 315 317
237 486 471 409 315
238 449 466 483
239 299 331 396 495 305
240 486 435 440 380
241
242 401 328 448
243 360 499 253
244 486 423 446
245 417 462 370 284
246 298 268 435
247 438
248 263 310 408
249 360 292
250 426 395 342
251 483 392 332 437 475 318
252 258 327 329
253 384 333 379
254 483 429 317
255 347 439 367 337 399 311 431
256 395 310 345
257 315 283
258 448 297 397 401
259 452 367 304 498 347 287
260 394 271 338 474
261 322
262 384 490 474 478 295
263 419 423
264 345 469 321
265 418 279 322 469
266 487 488
267 488 330 382
268 367 329
269 363 465 439 351
270 340 396
271 287 435
272 411 439
273 369 428 464
274 415 353
275 277 318 487
276 301
277 422 391 303 440
278 411 388 460 349 336 443 477
279
280
281 484 488 498 376 287
282 354 398 303 474
283 325 294 481 366 372 310
284 295 328 496 466 373 345 447
285 361 372 344 378
286 358 476 351
287 367
288 323
289 449 454 490 377
290 336
291 388 299 367 438 452 399
292 332 338
293 494 347
294 452 299
295 372 308 373 377
296 331 415
297 482 328 459 339 444 318
298 312 474 415
299 393
300 393 450 317
301 432 351
302 481 455 464 413
303 389 428 338 381
304 345 367
305
306 438
307 491
308 483 363 401 360
309 396 390 407
310 460 395 344 498 473 317
311 489 395 346 411
312 390 462 474 444
313 412
314 482 327 335 472
315 361 440
316 363
317
318 411 376
319 368 489 446
320 482 491 474
321 486 345
322
323 424 465 404 406
324 353
325
326 425 452 477 489
327
328 465 346
329 361 487
330 375 431
331 420 346 447
332 476
333
334 335 346
335 462
336 345
337 441
338
339 353
340 458 392
341 456 378 477
342 442 455
343 387 381 415
344 467 376
345
346
347
348 352 432 379 490
349 431
350 425 393
351 363 466
352 482 461 412
353 384 427 387
354 495
355 491 496 404
356 454 456 405 472
357 431
358
359 398
360 390 362
361 364 399 426
362
363 370
364 421 463
365
366 463 446 399
367
368 491 499 403
369 410
370 374 447
371
372
373 400
374 465
375 393
376 419 460 462 464 433 435 382 485
377 447
378 494 471 477
379 490
380 432 496
381 440 421
382 463 425 441
383 416
384
385
386 464
387 495 444
388 483 496 452
389 446
390 458
391
392 417 462
393
394 482 452 438 474
395 406
396
397 466
398 417 403 472
399
400
401 458 473
402
403 420
404 465
405 434
406 439 488
407
408 428 463
409 491
410 450 441
411 421
412
413 460 494
414 442
415 462 499
416 426 467 471
417 459 465
418
419 464 438 441
420
421 435
422 425
423
424
425 494
426
427 490 438
428
429 439
430 448 475 469
431 498 441
432
433
434 495
435 480
436 499
437 492 478
438 452 441
439 486
440
441
442 481
443
444
445
446 467
447
448
449
450
451
452 460 464
453 486
454
455
456 495
457 476 478
458
459
460 481
461
462
463
464
465
466
467
468 490
469
470
471
472 490
473
474
475
476
477
478
479
480
481
482
483 495
484
485
486
487
488
489
490
491
492
493
494
495
496
497
498
499
[0, 0, 0, 0, 0, 0, 1, 0, 0, 0, 0, 0, 1, 0, 0, 0, 1, 0, 0, 0, 1, 1, 0, 0, 0, 1, 0, 0, 1, 0, 1, 0, 1, 0, 0, 0, 0, 1, 1, 1, 0, 0, 0, 0, 0, 1, 0, 1, 1, 1, 0, 0, 0, 0, 1, 0, 0, 1, 0, 0, 0, 0, 0, 1, 0, 0, 1, 0, 0, 1, 1, 1, 0, 0, 0, 0, 0, 0, 0, 0, 0, 1, 0, 0, 0, 1, 0, 1, 0, 1, 1, 1, 0, 0, 0, 0, 0, 0, 0, 0, 1, 0, 1, 1, 0, 0, 1, 1, 0, 0, 0, 0, 0, 0, 1, 0, 1, 0, 1, 1, 0, 0, 0, 0, 0, 0, 1, 1, 0, 0, 0, 0, 0, 1, 1, 0, 0, 0, 1, 1, 0, 0, 0, 0, 1, 1, 0, 0, 1, 1, 0, 0, 1, 0, 1, 0, 1, 0, 0, 1, 0, 0, 1, 1, 1, 1, 1, 1, 0, 0, 0, 1, 1, 0, 0, 1, 0, 0, 1, 0, 0, 0, 0, 0, 0, 1, 0, 1, 1, 1, 0, 1, 1, 1, 0, 1, 0, 1, 0, 0, 1, 1, 1, 1, 1, 1, 0, 1, 1, 1, 0, 1, 1, 1, 1, 1, 1, 0, 1, 1, 0, 0, 1, 1, 0, 0, 1, 0, 1, 1, 1, 0, 0, 0, 1, 1, 1, 1, 0, 0, 1, 1, 0, 0, 1, 0, 1, 1, 1, 0, 1, 0, 0, 0, 0, 1, 1, 1, 0, 1, 0, 1, 0, 1, 0, 1, 1, 1, 1, 0, 0, 1, 1, 1, 0, 1, 0, 1, 1, 1, 0, 1, 0, 1, 0, 1, 0, 1, 0, 0, 1, 1, 0, 1, 1, 0, 0, 0, 0, 1, 1, 0, 1, 1, 1, 0, 1, 0, 0, 0, 1, 1, 0, 0, 0, 1, 1, 1, 0, 1, 0, 1, 1, 0, 0, 1, 1, 0, 0, 1, 1, 0, 0, 0, 0, 0, 1, 1, 0, 0, 0, 1, 1, 0, 1, 1, 0, 1, 0, 1, 1, 0, 0, 0, 0, 0, 0, 1, 1, 0, 0, 1, 0, 0, 1, 0, 1, 1, 0, 1, 0, 1, 1, 0, 0, 1, 1, 0, 1, 1, 0, 1, 1, 1, 0, 0, 1, 0, 0, 1, 0, 1, 0, 1, 0, 1, 0, 0, 0, 1, 0, 0, 0, 0, 0, 0, 1, 0, 1, 0, 1, 1, 0, 1, 1, 0, 1, 0, 1, 1, 0, 1, 1, 1, 0, 1, 1, 0, 1, 1, 0, 1, 0, 1, 0, 1, 0, 0, 1, 1, 1, 1, 1, 1, 0, 0, 1, 0, 0, 0, 1, 1, 1, 1, 0, 1, 0, 0, 0, 0, 1, 0, 0, 1, 1, 0, 0, 1, 0, 0, 1, 1, 0, 0, 0, 0, 0, 1, 0, 0, 1, 1, 0, 0, 1, 0, 1, 1, 1, 1, 0, 0, 0, 0, 1, 0, 0, 1, 1, 0]