#/home/brian/Documents/summer17/Python/VEC/scripts/make_SBM_graphs.py
# GMT Thu Jul 27 21:52:00 2017
# 
0 388 228 169 94 281 446
1 277 158 383
2 272 283 165 438 325
3 450 411 459 134 343
4 226 263 175 466 349 382
5 66 35 39 12 214 407 217 348
6 329 145 437 247 474 218
7 192 34 423 39 386 175 49 185 221
8 258 147 69 339 247 57 379 157 223
9 194 71 461 80 404 24 127
10 325 295 95 199 189 405 347 349 191
11 390 455 139 396 432 466 86 347
12 230 167 140 174 86
13 273 108 370 14 429 337 434 474 412 383
14 198 41 302 333 141 369 440 350 447
15 440 222 190
16 156 202 364 39
17 105 170 21 198 383
18 224 133 199 75 404 212 357
19 490 429 423
20 452 393 235 110 370 280 378
21 331 462 336 467 152 248 95
22 256 185 40 153 255
23 224 134 394 373 379 28
24 225 76 430 112 113
25 384 193 325
26 242 277 71
27 96 241 35
28 416 358 168 268 53
29 292 69 72 170 461 494 328 85 90 379 477
30 362
31 323 190
32 297 212 129
33 104 51 187 300 385
34 389 493 326
35 358 490 93 125
36 453 71 302 404 342 285
37 480 323 420 491 143 146 339 251 222
38 349 151
39 497 167
40 453 332 44 78 499 59
41 290 484 73 365 473 444 124
42 178 259 326
43 489 46 142 439 56 93
44 67 125 328 403 282 410
45 155
46 420 372 460 365 180 308
47 368 232 371 285
48 264 200 187 124 309
49 104 169 232 150 280 381 479
50 218 491 420 310
51 321
52 480 97 98 402 275 372 312
53 215
54 91 326 339 407 472 443 444 349
55 156 66 403 332 446
56 199 280 154 477 222
57 96 325 198 200 304
58 359 443 196 157 243
59 101 490 497 466 254
60 289 487 455 429 321 303 404 61
61 400 139 163 463
62 448 71 92 479
63 270 81 275 494 248 218 380 154
64 249 387 308 421 423
65 91 84 499 399
66 405 496 91
67 144 410
68 209 236
69 199 461 79 337 243 149 247 463 316 414 85
70 167 238 89 121 411 94
71 322 77 461 190 346
72 386 355 189 249 271 351
73 385 270 408 344 220
74 444 290 84 437
75 107 368 211 412 95
76 480 253 222 336
77 134 394 401 377 474
78 473 266 403 409
79 112 294
80 161 195 359 289 400 440 380
81 240 259 389 135 393 491 366 400 436 212 222 95
82 376 83 188 221
83 392 395 365 141 176 499 446
84 432 382 423
85 417 450 371 277
86 296 137 172 246 250 382 319
87 325 168 497 244 279 442 357
88 259 165 104 115 182 293
89 448 323 454 296 427 492 461 499 374 319
90 352 208 298 464 242 147 117 412 350
91 438 136 492 104 182 219
92 266 341 349
93 385 465 276 473
94 130 230 103 455
95 354 297 210 440 250 253 350
96 179 294
97 426 389
98 452 218 222
99 409 244 493 126 271
100 342
101 452 297 469 279 125
102 433 242 235 207
103 296 492 332 104 408
104 421 201 300
105 198
106 451 233 139 109 271 432 186
107 360 306 452 202
108 245
109 321 484 453
110 169 437 273
111 332 470
112 321
113 192 329 479
114 376 361 349
115 473 178 311 167
116 353
117 292 389 456 270 463 436 380 218
118 218 211 230
119 196 298 241 306 404 475
120 337 218 298 292 197
121 390 300 332 469 310 442
122 197 325 390 309
123 135 206 149 246 312 249
124 225 168 492 269 238 175 244 311 280 281 220 479
125 264 464 279
126 484 437 174 479
127 417 374 424 406 253
128 152 154
129 235 329 459 397 496 158
130 320 454 365 493 176 409
131 484 454 392 365 279 189
132 290 229 295 233 403 311
133 449 329 268 334 245 440
134 398 495 369 371
135 363
136 256 204 396
137 385 283 204 176 438 411
138 169 180 174 166
139 464
140 421 295 300 308 214 404
141 357 298 274 343 280
142 338
143 417 197 389 322 336 154 316 346 447
144 488 364 237 205
145 288 225 197 429 303 440 314 431
146 225 164 199 265 396 337 277
147 328 184 280 345 476 477 447
148 224 259 243
149 450 251 477
150 260 295 488 370 439 221
151 434 262 213 293
152 160 240 315
153 228
154 449 456 274 311
155 313 219
156 169 271
157 422
158 293
159 213 293
160 464 331 358
161 456 297 307 404 245
162 436 178 452 302
163 419 199 456 173 270 483
164 225 306 202
165 217 260
166 400 259 382 191
167 230 493 470 445
168 228 264 465 180 374 407 319
169 326 454 392 301 493 191
170 388 265 171 306 218
171 217 386 237 438
172 204 269 231
173 480 241 424 379
174 306 278 185 411
175 444 493 408
176 301 490
177 275
178 391 264 497 191
179 289 244 325 213
180 265 238 310 348 446
181 354 427 316
182 217 482 318
183
184 430
185 419 431 465
186 204 444 332 266
187 488 272 466 470 350
188 376 489
189 230 201 492 237
190 227 265 498 340 376 286
191 353 454 306 219
192 257 258 476 415
193 272 434 411 221
194 496 245 329
195 223
196 323 412 245
197 321 198 294 243
198 483
199 449 422 377 316
200 313
201 238 351
202 233 270 410
203 408 249 490 438
204 469 233 220
205 220 462
206 496 370 389
207 435 430
208 210 285
209 356 330
210 329 316 406
211 230 390 432 305 473 381
212 244 401
213 454 243 458 497 447
214 264
215 485 457 234 331 430
216 268 437
217 428 432 313
218 449 487 340 314 317 318
219 231 264 364 240 255
220 396 497 437 233
221 259 262 488 434 271 309
222 383
223 384 358 359 376 285 286
224 480 268
225 363 447
226 448 369 381
227 302
228 387 374 281
229 244 411 382
230 392 408
231 357
232 487 461 473
233 259 421 300 265 344
234 240 321
235 352 424 297
236 457 258 430 343
237 432 249 254
238 283
239 457
240 353 467 404
241 455 362 428 499 473
242 395 337 345
243 333
244 497 381
245
246 288 259 399 287
247 417 267
248 337 250 494
249 262 330 446
250 298 465 468 458
251 261 331 268 379 414
252 450
253 268 365
254 264 470
255 482 365
256 448 408 287
257 369 418 481
258
259 432 499 489
260 386 316
261 457 420 285 294
262 411
263 308 318 409
264
265 444 351
266 460
267 384 328 457 394 275 476
268 474
269 293 489
270 422 333 272 414
271 387 444 410 443
272 290 403
273 278
274 456 393 496 440 345 478 415
275 393 364 478
276 482 492 403 469 313
277 352 449 393 363 321
278 378 467
279
280 370 285
281 439
282 444 309 311
283 448 301 429 379
284 456 465 306 364 461
285 360 394 328
286 426 303
287 496
288 336 485
289
290 308
291 469
292
293 361 300 344 403 442 382
294 298 431
295 486 338 410
296 320 493 465 310
297 478
298 343 495 317 412
299 368 433 363
300 462 465 310 474
301
302 491 350
303 391 401 377
304 323 310 307
305 376 443 445
306
307 310 487
308 450
309 452 488 462 348
310 327 425 469 347 348 446
311 451
312 416
313 367
314 324 394 447
315 496 418 414
316 386 462 372
317 498
318 409 351
319 451 493 365
320 382
321 452 326 459
322 331
323 431 372
324 397
325 432
326
327 386
328 480 394 373 440
329 359 435 414
330 486 497 428 442
331 449 481 360 372 478
332 424
333 408 430
334 355
335
336 463
337 480 395 474 350 357
338 453
339
340
341 460
342 458 436
343 441 345
344 488
345
346
347 432 493 464
348 448 368
349
350 482 372
351 393 445
352 494 398 441
353 388 405
354 419 478
355 369
356 379
357
358
359 457
360 478 373
361 448 454 392 453
362 382 399
363
364 455 460
365 493
366
367 454 438
368 484
369
370 416 480 498 383
371
372 432 398
373 466
374
375
376 439
377 459
378 457 490 433 406
379 422 495
380
381 455 403
382
383 404 446 411
384 420 424 456
385 444
386 432 438
387 443
388 482
389 494
390 460 437
391 404 429
392 434 446
393
394 475
395
396 486 428 407 408
397 475 487
398
399
400 424
401
402
403 407
404 461 472
405
406 431 452
407 488
408 416 439
409
410
411
412
413
414 463 476
415 422
416 435 479
417 476
418
419 463
420 480
421 453 462 489
422
423 492
424 474
425 465 446 473
426 480 449
427 457
428 429 434
429
430
431 480 461 483
432 473
433
434
435 471
436 485
437
438 466 477
439 497 479
440
441
442 493
443
444 498
445 479
446
447
448 492 462 473
449
450
451 481
452
453
454
455
456 476
457
458
459
460 495 469
461
462
463 484
464
465
466
467
468 496
469 479
470
471
472 477
473 482
474
475
476 480
477
478
479 483
480
481
482
483
484
485 487
486 493
487
488 489 497
489
490 497
491
492
493
494
495
496
497
498
499
[0, 1, 0, 1, 0, 0, 1, 0, 1, 1, 0, 0, 0, 1, 1, 1, 0, 1, 1, 0, 1, 1, 0, 1, 1, 0, 1, 0, 1, 1, 0, 1, 1, 0, 0, 0, 1, 1, 0, 0, 0, 0, 0, 0, 0, 0, 0, 1, 0, 0, 1, 0, 1, 1, 0, 0, 1, 0, 1, 0, 1, 1, 0, 1, 0, 0, 0, 0, 1, 1, 0, 1, 0, 0, 0, 1, 1, 1, 0, 1, 1, 1, 0, 0, 0, 1, 0, 0, 0, 0, 1, 0, 0, 0, 0, 1, 0, 1, 1, 0, 0, 0, 1, 0, 0, 1, 0, 1, 1, 0, 1, 0, 1, 1, 0, 0, 0, 1, 0, 1, 1, 0, 0, 1, 0, 0, 0, 1, 1, 1, 0, 0, 0, 1, 1, 1, 0, 0, 0, 0, 0, 1, 0, 1, 0, 1, 1, 1, 1, 1, 0, 0, 1, 0, 1, 0, 0, 1, 1, 0, 1, 1, 1, 1, 1, 0, 0, 0, 0, 0, 1, 0, 0, 1, 0, 0, 0, 0, 0, 0, 0, 1, 0, 0, 1, 0, 0, 0, 0, 0, 1, 0, 1, 0, 1, 1, 1, 1, 1, 1, 0, 0, 1, 0, 0, 0, 1, 1, 1, 1, 1, 0, 1, 0, 0, 1, 0, 0, 1, 0, 0, 0, 1, 1, 1, 1, 0, 1, 0, 0, 0, 0, 1, 0, 1, 1, 1, 0, 0, 1, 1, 0, 1, 1, 0, 1, 0, 1, 1, 0, 1, 1, 1, 1, 0, 0, 0, 1, 1, 0, 0, 1, 0, 0, 0, 0, 0, 1, 1, 0, 1, 0, 0, 1, 1, 1, 0, 1, 1, 0, 1, 0, 0, 0, 0, 1, 1, 0, 1, 1, 0, 0, 1, 0, 1, 0, 0, 1, 1, 1, 0, 0, 1, 1, 1, 0, 1, 1, 0, 0, 0, 0, 1, 0, 1, 1, 1, 1, 0, 0, 0, 1, 1, 1, 1, 0, 0, 0, 1, 1, 0, 1, 0, 1, 1, 1, 1, 1, 0, 1, 1, 0, 1, 1, 0, 1, 1, 0, 0, 0, 1, 0, 1, 0, 1, 1, 1, 1, 1, 1, 1, 0, 0, 1, 0, 0, 1, 0, 1, 1, 1, 1, 1, 1, 0, 1, 0, 1, 1, 1, 1, 0, 0, 1, 1, 0, 0, 0, 0, 1, 0, 1, 0, 1, 1, 1, 0, 1, 1, 0, 1, 1, 1, 0, 1, 0, 1, 0, 0, 0, 0, 0, 1, 0, 1, 1, 1, 1, 1, 1, 1, 0, 1, 0, 1, 0, 1, 1, 0, 1, 1, 1, 0, 1, 0, 1, 1, 0, 0, 0, 1, 1, 0, 0, 0, 0, 0, 1, 0, 1, 1, 0, 1, 0, 0, 0, 1, 1, 1, 1, 0, 1, 0, 1, 0, 0, 0, 1, 1, 0, 0, 1, 1, 0, 1, 1, 1, 1, 1, 0, 1, 1, 0, 1, 0, 1, 0, 1, 0, 0, 0, 1, 0, 0, 1, 1, 1, 0, 1, 0]