#/home/brian/Documents/summer17/Python/VEC/scripts/make_SBM_graphs.py
# GMT Thu Jul 27 21:51:57 2017
# 
0 433 410
1 208 29 278 439
2 493 302 84 246 60 253
3 170
4 313 13 140 105 201
5 416 224 196 37 358 301 237 272 306 275
6 310 233 171 306 147 374 89
7 417 435 247 305 359
8 425 43 308 134 191
9 459 19 377 120 473 379 221
10 416 185 125 88 119
11 96 81 37 214 301
12 452 21
13 36 41 21 151 188
14 423 487 371 407 345 190
15 24 352 338 171 49
16 412 459 244 445
17 43 134
18 214 448 94 422 165
19 436 124
20 309 326 237 46 447
21 68 333
22 296 347 324 142
23 86
24 344 362 299 250
25 161 69 137 303 467 61 197
26 320 90 158 182
27 347 236 151
28 433 391
29 488 461 431 80 177 47 156
30 310 453 167 83 86 183 124 317
31 256 390 49 369 182 89
32 314
33 353
34 184 321 426 299 235
35 494
36 482 99 132 330 356 474 444 350
37 355 393 367 369 468 186
38 58 463
39 481 316
40 330 254 430
41 68 113 151 314 60
42 96 268 333 325
43 68 302 79 112 50 277 350
44 138 190 446 247
45 226 167 76 159
46 260 431 211 214 311 116 93 254
47 226 356 234 174 399 307 342 216 283
48 176 444 212 302
49 335
50 300 498 79 146 159
51 256 182 210 310 247 127
52 113 266 135 452 353
53 492 462 471 315 156 414
54 108 397 462 341 378 92
55 400 336 188 68 415
56 324 188 406 316 253 62
57 449 451 132 229 79 317
58 321 434 423
59 472 495 135 231
60 129 404 246 346
61 154 323
62 458 459 204 398 465 84 375 91 350
63 328 428
64 472 297 138
65 280 124 266 76 126
66 372 270 262 119
67 417 291 139 369 408 442
68 257 370 84
69 104 406 374 393
70 216 496 412 164 300
71 425 234 178 325 143
72 347 185 90 266 466
73 248 480 378 274
74 184 293 430
75 228 357 488 110 80 116
76 226 332 141 91 222
77 174
78 153 212 85
79 160 122
80 321 162 391 457 426 194 185 155 126
81 304 111
82 480 400 227 132
83 360 211 151
84 170 183
85 465 139 468
86 146 198
87 224 321 469 237 423
88 230 137 304 470 217
89 288 193 168 303
90 290 209 308 310 188
91 112 486 332 365 496 153 218
92 335 429 263
93 410 100 261
94 437 410 455
95 156 333
96 333 372 222 311 138 478
97 496 312 146 181
98 224 421
99 448 230 198 141 319
100 244 447
101 392 441 276 325 303
102 248 305 190 390
103 227 133
104 480 442 244 406
105 144 368 359
106 231 297 333 494 401 369 150 248 254
107 110
108 136 378 244
109 450 492 326 390 471
110 426 235
111 136 420 471
112 195 394 210 443 287
113
114 392 488 479
115 313 356 206
116 481 193 397 275 382
117 208 230
118 172 196 493
119 233 147 499
120 428 206
121
122 152 281
123 255 141 335
124 349
125 299 196
126 164 170 241 307 158
127 308 327
128 224 238 305 275 462 439 255
129 160 386 363 302 336 184
130 304 490 303
131 459 277
132 134 292 297 140 206 302 281 158
133 287
134 484 455
135 163 484 149 342 476 477
136 173 461 210 275 151 187
137 186 469 256
138 162 397 345
139 397 301 439
140 246 166 493 310
141 172 179 236 298 206 175 339 149 249
142 339 163 229
143 380 317
144 293 230 335
145 321 430
146 449 284 428 247 444
147 225 338 462
148 492 303 405 415 156 255
149 163 264 169 463 402 183 335
150 196 221
151 195 327 284
152 353
153 241 419 247
154 440 297 382 229
155 453 326
156 417 202 471
157 190
158 256 257 400
159 404
160 327 494
161 250 403 215
162 293
163 490 381
164 272 440 167
165 499 293
166 473 281
167 481 477
168 315 273
169 176 419 495
170 256 368 346 219 218
171 457 242 319
172 179 292
173 429
174 267 402 245 251
175 474
176 346 283
177 392 273 180 429
178 269
179
180 488 189
181 464
182 193 422 425
183 494 340 314 252 381
184 390 424 223
185 491 455
186 248 308 254
187 369 235 473
188 384
189 192 456
190 428 203 402 412
191 294 265 494 246 412
192 395
193 426
194
195 312 370
196 420 293 447
197
198 457 412 317
199
200 384 299 367
201 257 302 306 216 292 474
202 297 322 321
203 283 294
204 249 347 483
205 418 486 462 317
206 419 313 314
207 352 465 315
208 439 387 437
209 454 453 394
210 363 398 244
211
212 336 316
213 217 491
214 492 334 304 499
215 480 495
216
217 388 457 268 304 340 410
218 482 329 459 236 277
219 278
220 454
221 354
222 347 371 251
223 248 258 288
224
225 270
226 484 498 476
227 456
228 230 391 494 367 499 475
229 429
230 271 371 318
231 454 311 408 441
232 298 316 319
233 471 235 469
234 363 432 448
235 387 337
236 365
237 243 488 499
238 322 499 338 485
239 248 468 375 244 431
240 416 468 461 263
241 475 324 381
242 427 470 446
243 328 408 374
244 429 328 383
245 365
246
247 365 281 349
248 260 278
249 474
250 420 366
251 387 452 342 474
252 256
253 411 300
254 444
255 442 429
256 449 446 330
257 481 353
258 429 349
259 307 319
260
261
262 483 354 334
263 374 422 359
264 498 439
265 295 483 436 398
266
267
268 355 372
269
270 424
271 305 387 303
272 353 498
273 478
274 302 497
275 387 358 486
276 380
277 336 310 281 284 382
278 427 395 305
279
280 300
281 460
282 387
283 428
284 445 432 381 318
285
286 330 295 431
287
288 480 471 309
289 428 373
290 484 445
291 356 329 491 338 311
292 360 394 496
293 434 306
294
295 484 476 477
296 316 453
297 366
298 342
299 376
300
301 315
302 451 364 399 489 475 444
303 417 391
304 441 453 390 439
305 374 423 457 426 430 306
306 465 344
307 445
308 481 336 339
309 420
310
311 315
312 331
313
314 320 483 350
315 373 478
316 394 317 465
317 327
318
319
320 355
321
322 395
323 455 367
324 490
325 331 359 431 330
326 445
327 363 494 376 443
328 392 384
329 400 445 418
330
331 471
332
333 485 438
334 491 421
335 391 462 465
336
337 432
338 406 471 351
339
340 364
341 488 348
342 360 425 370
343 482 394
344 396 438
345 373
346 481 466
347
348 442 372 373
349 381
350 460 497
351 435
352 490
353 489 473
354 467
355
356
357 358
358 457 491
359 428
360 398
361 412
362 434
363 493 439
364
365
366
367
368
369 482 487 441
370 435
371
372 495
373 421 393 472
374 396 464
375 440 489 460
376 481 402
377 380
378 415
379
380
381
382
383 427 397
384 417 490 437
385 399
386 426
387
388 390
389
390
391 424
392 403 407 413 421
393
394 481
395
396
397 485
398
399 466
400
401 415
402 428 475
403
404 481
405 496
406 479
407 409
408 470
409
410 488
411
412 496
413
414 434
415 470
416 483 485
417 429 468 431
418
419
420 468 471
421
422
423
424 450 482
425 474 477
426
427
428
429
430
431
432
433 474
434
435
436 446
437 464
438 462
439
440 452
441 447
442
443 497 493
444 456
445
446
447
448
449
450
451 452
452 458
453
454
455 491
456
457
458
459
460
461 472
462
463 496 497
464
465
466
467 499
468
469
470 495
471
472
473
474
475 498
476 486
477
478
479
480
481 482
482
483
484
485
486
487
488
489
490
491
492
493
494
495
496
497
498
499
[0, 0, 1, 1, 1, 0, 0, 0, 1, 1, 0, 0, 1, 1, 0, 0, 1, 1, 0, 1, 0, 1, 1, 1, 0, 0, 1, 1, 0, 0, 1, 0, 1, 1, 0, 1, 1, 0, 1, 1, 0, 1, 0, 1, 1, 1, 0, 1, 1, 0, 1, 1, 1, 0, 0, 1, 1, 1, 0, 0, 1, 0, 1, 1, 0, 1, 0, 0, 1, 0, 1, 1, 1, 0, 0, 0, 1, 0, 1, 1, 0, 0, 1, 1, 1, 0, 1, 0, 0, 0, 1, 1, 0, 0, 0, 0, 0, 1, 0, 1, 0, 0, 0, 1, 0, 1, 0, 0, 0, 0, 0, 0, 1, 1, 0, 1, 0, 0, 1, 0, 1, 0, 1, 0, 1, 0, 1, 1, 0, 1, 0, 1, 1, 1, 1, 1, 0, 0, 0, 0, 1, 1, 1, 1, 0, 0, 1, 0, 0, 1, 0, 1, 1, 1, 1, 0, 0, 1, 1, 1, 1, 0, 0, 1, 1, 0, 1, 1, 0, 1, 1, 0, 1, 0, 1, 1, 1, 0, 1, 1, 0, 0, 1, 1, 0, 0, 0, 0, 1, 0, 1, 1, 0, 1, 0, 1, 0, 0, 1, 1, 0, 1, 0, 1, 1, 1, 1, 0, 0, 1, 1, 0, 1, 0, 0, 0, 1, 0, 1, 0, 0, 0, 1, 0, 0, 0, 1, 1, 0, 1, 0, 0, 1, 0, 1, 0, 1, 0, 0, 0, 0, 1, 0, 0, 0, 1, 1, 1, 0, 1, 0, 1, 1, 1, 0, 0, 1, 1, 0, 1, 0, 0, 0, 0, 0, 1, 1, 1, 0, 1, 0, 0, 1, 0, 1, 0, 0, 1, 0, 1, 1, 1, 0, 1, 1, 1, 1, 1, 0, 0, 1, 0, 1, 0, 1, 1, 1, 0, 1, 0, 1, 0, 1, 0, 0, 0, 0, 1, 1, 0, 1, 0, 1, 1, 1, 0, 1, 1, 0, 1, 1, 0, 0, 0, 1, 0, 0, 1, 0, 1, 1, 0, 1, 0, 0, 0, 1, 0, 0, 1, 1, 0, 1, 1, 0, 0, 1, 1, 0, 1, 1, 0, 0, 1, 0, 1, 1, 0, 0, 0, 1, 0, 0, 1, 1, 1, 0, 0, 1, 0, 1, 0, 0, 0, 0, 1, 1, 1, 0, 1, 1, 1, 1, 0, 0, 1, 0, 0, 0, 1, 0, 0, 0, 0, 1, 0, 0, 0, 1, 1, 1, 0, 1, 0, 1, 1, 0, 0, 0, 0, 0, 1, 1, 0, 0, 0, 0, 0, 1, 1, 0, 0, 0, 0, 0, 1, 0, 0, 1, 0, 0, 0, 1, 0, 0, 0, 1, 0, 0, 0, 1, 0, 0, 1, 1, 1, 1, 0, 1, 1, 0, 1, 1, 1, 1, 0, 1, 0, 1, 1, 1, 0, 0, 1, 0, 0, 1, 0, 0, 0, 0, 0, 0, 1, 1, 1, 1, 1, 0, 1, 0, 1, 1, 1, 1, 0, 1, 0, 0, 1, 0, 0, 0, 1, 1, 0, 1, 1, 1, 0]