#/home/brian/Documents/summer17/Python/VEC/scripts/make_SBM_graphs.py
# GMT Thu Jul 27 21:51:46 2017
# 
0 1713 3858 4196 637
1 1563 15
2
3 117
4 3922 3332
5 2827
6 2980
7 2516
8 362
9
10 1689 1420
11 2042
12
13
14 2812 1766
15
16
17 706
18
19 1772
20
21
22
23
24 3854
25 1588 2781
26 1340
27 4970 4773
28 1416
29 1752 2364
30
31 808 3600
32
33 2425
34
35
36 1128 321
37 4979 45 1710
38 1486
39 1864 3724 3418 4244
40 2441 1279 1169
41
42 1050 2077
43
44
45 2465
46 3467
47 1528 1684
48
49
50 2658
51 1887 791
52 753 2707
53 4127
54 140
55 92 4444
56
57
58 2737
59 1520 108 3551
60 4317
61
62
63 856
64 2579 893 2167
65
66
67 3715 1660
68 1002 1308
69 1506
70
71 4022
72 1146 3188
73 3790
74
75
76 1445
77
78 1928 2001 2618
79
80 267
81
82 392 2570 2887
83 4721 1894
84
85 3080
86
87
88 1433 1060 1655
89 1998 2031
90 1650
91 3621
92 791
93 2319
94 1526
95
96
97 3779 949 2646
98
99
100 4309
101 604 3910 1895
102 1928
103
104
105 1489
106
107 3300
108
109
110 779
111 3255
112 1294 991
113 4068 1854
114 458 3522
115 1243 4027
116
117 136 3621
118 3986 3524 1334
119 2546 372 2526
120 4417 2620
121 762 247
122
123
124
125 4698
126
127 3048 2633 852 2438
128
129 2869
130 2167 3359
131 732
132
133 977
134
135
136
137 2997
138 1601
139
140 3128 379 4917
141 827 798
142
143 1900
144 159
145
146 1867 2482 4787 2903 2041 3229
147
148
149
150 206
151 642 4518 2790
152 2182
153
154
155
156
157
158 2998
159 3813
160
161 2493 3647
162 4270
163 1385
164 4875
165 4591
166 555
167 3553 2888 2441 2730 172 4401
168
169
170
171 3025 1186 2284
172 4818
173
174 2667
175 4639
176 2187 2527
177
178
179 1503
180
181
182 1293
183
184
185 436 3127
186
187 1667
188 2004
189 1554 862
190
191 2849 4178
192 4842
193 2954
194 2136
195
196
197 2194 1903
198
199
200 260 2316 205 2446
201
202 2854
203
204 3682 4443 1092 1022
205
206 1668
207 3544
208 2204
209
210 4646
211 2173
212 4805 2743
213 3658 3956 1162 2182 2122
214 557
215 4876
216
217 3755
218
219 4040
220
221
222 1752
223 4781
224 4957
225 3351
226 3505 2415
227
228 862 2390 4446
229 4408 425
230 769
231 909
232 475
233 1306 467
234 4193 3306 494
235
236
237
238
239 1956
240 2530
241
242
243 3657 4298 3202
244 4044 1718
245
246 976 1518
247
248 1699 4263
249 849 2588
250 4112
251 3147
252
253 1505
254 804
255
256 876
257 3472
258 3067
259
260 3814 1086
261 364
262 4462
263
264 4705 1606
265 4716
266
267 2324
268
269 3756 2511
270 1536
271
272
273 2530 4351
274 4280 4063
275 1169 2715
276
277
278
279 2653
280 4967
281 4314
282 3080 3925
283 4200 1091
284 3144
285 506
286
287 3229 4326
288 2531
289
290 765 1782
291
292 2315 3611
293
294
295 2832
296 3065 2502 1991
297
298 4594
299 3042
300 1603
301 580 2678
302
303 4950
304 2654
305 3926
306 492
307 555 4580 3349
308 3350
309 809
310 3817
311 2544 3647
312 2961
313 1233 4655 4463
314 4364
315
316 2354 423
317
318
319 1557
320 4529 1834
321
322 4900 1813
323 4639
324 879 3806 3191
325 3995 4916
326 2098 2182 3983
327 922 1814
328 1158
329
330 2573 1175
331
332
333
334 4741
335 1840 747
336 714
337
338
339
340 1025
341 1160 4999
342
343
344 1490 3982
345 541
346
347
348 2394 4980
349 2018
350
351 4195
352 4246 1767
353
354 1888 3371
355 2007
356
357 3393
358
359 1306
360 784 2548
361 4434
362
363 4298
364 4886 2405
365 3188
366 1745 2294
367
368
369 2520 4286
370
371
372 2933
373 4938
374
375 1455
376 2570
377 866
378
379 1920
380 3462
381 3673 2614
382 2379
383
384 836
385 3445
386 2808
387
388
389
390
391 2715
392
393
394 4209 3287
395 3135
396 1425 791
397 4678 4479
398 2832 2686
399 1564
400 3111
401 1080 1115 4324 3365
402
403
404
405 3118
406
407
408 2336 954
409 2304 1336
410 2265 1741
411 3849 4330
412 1903
413 992 1690
414 4663
415
416
417 3210 3331 3178
418 1520
419 1690 1691
420
421 1862
422 844 4615
423 1680
424
425 4275 756
426 1771 4548
427 3173
428 3714 3507
429
430 962
431
432 4554 4860
433 3665
434 2411 4007
435
436 4787
437
438 2808
439
440 1672
441
442 3576
443
444 1257 4669
445 3224 1494
446
447 3081 4148
448
449 4045
450 1917
451
452 1514
453 3089 905
454 2649
455 1002 1461 3477
456
457
458
459 616 4405
460 3646 2607
461 3431
462 3462
463 2132
464 558
465 3287
466 2906 1029
467 1767
468 1648 3335
469 4626
470
471 3972 2431
472 4753
473 2664 4848 654
474 4571 2382
475 503
476 2977
477 4558
478 1432 4086
479 1087 1142 3215
480
481 587
482 1336
483 3654
484
485
486
487 3522 1118 3887
488 1342
489 899 2964
490
491 1123 4823
492
493 3335
494 1937
495 660
496
497 4916
498
499 2343
500 1659 3555 1221
501
502 3166
503 4045
504 675
505 2865 3163 3333 4539
506
507 3714
508
509 1796
510
511 3303
512
513 790 1326
514 3637
515 1612 1602 2652 2813
516
517
518
519
520
521
522
523 4014 1783
524 3685 3183
525 2043 1623
526 3884
527 701
528 3865
529 4284
530
531 3002 4533 1262 567
532 1722 2299 1132
533 2562
534
535 3323
536 4133
537
538
539 887
540
541 2454
542
543 3225
544
545
546
547 4914
548 553 2490
549 4345 1189 1833
550
551
552
553 1032
554 2266 1478
555
556 1645
557 2342
558 2728
559
560 4341 3830
561 4762
562 2460
563 1433
564
565 1231
566 1636
567 3345 4606
568
569 2816
570
571
572 1587
573
574
575
576
577
578
579 1533
580 1473 2278 4997
581 1440
582 1511
583 4643
584 4314 2891 4082 2495
585 689 613
586 2484
587
588 3407
589 3542
590 4374
591 2553 849
592 947
593
594
595 4864 2617
596 627
597
598
599
600 4387 3549
601 2879 3110 4639
602
603 1810 1315 3044 2982 3791
604
605 872 2470
606
607
608 4189
609
610 3813
611
612 729 1501
613 2414
614 3243
615 766
616 3440
617
618 3296 2806
619 3282 1503
620
621
622
623
624 4469
625 2290
626
627 4481 4986
628 3323
629 3005
630
631 3260
632
633 3315
634 4808
635 3589
636 4105 2108 1975
637 2069
638 1117
639
640 968 2863
641 938
642
643 4377 850
644 3983
645 2591
646 4122
647
648 2066 2387 4894
649
650
651
652
653 2448 3585
654 3835 3445
655 3657 3267
656 4279
657
658
659
660
661 1812 4277 4230 2583
662 1880
663
664 2640 3960 1443 4422
665
666 877 4846
667
668 4223
669 840 3730 1197
670 1323 1790
671 676
672
673 2077
674 3418 4469
675
676
677 3131 931
678
679 2026
680 1066
681 3121
682 1580 1589 2110
683 2865 3567
684 4270
685 780
686
687 798
688 4551
689
690
691 3280 3705 1465
692 3388
693
694 2369
695 3546 4547
696
697
698
699 3330
700 3793 4739 4469 2526 1263
701 1413 1647 4261
702 2946 2419
703
704 3328 1210 3253
705
706 1070
707 4928
708
709 1459
710 4874
711
712 1882
713 3127 2581 878 4214
714 1153 4412
715 4673 3260
716
717 1955
718
719
720
721 3651
722 2438
723
724 4440 2588
725 2140
726 2329 4091 878
727 2115 3501
728 1282 3093
729
730 3570
731 1228
732 1095
733
734
735 2430
736 3603
737 2591
738 4681
739 4457 3639
740 793
741 925 2470
742
743 2257
744
745
746 4914
747 1635
748 2145
749 772 2639
750 3213
751 2989
752 1640
753 4197 2798
754
755
756 928 3274
757
758
759 3491
760
761 2669
762
763 1614
764
765
766
767 1216 4502 1847
768 2941 1671
769 817
770
771 885
772
773 3796
774 784
775 1277 854
776
777 3801 3606
778 2418
779 3285
780 4330 4719
781
782 1017 3966
783 1573
784
785 2852
786 4049
787
788 2893 3766 2725
789 4401
790 3639 2580 3105
791
792 4618 3525 2946
793 1914
794 3795
795 4034
796 1937 2855
797 2652 4310 3135
798
799 3681 4995
800
801 1124 4630
802 2762 2262
803
804 1990
805 3028
806 1152 3078
807 1894
808 4227
809 2215
810 2555
811 4253
812
813
814 4638
815 1585
816
817 1509 4382
818 2928 3518 4759
819 2378
820 4419
821
822 2429
823
824 4803 4340
825
826
827 4242
828 3463
829 872
830
831
832 2592 2607
833
834 2903
835 1291
836
837 4247
838 1647
839
840 1270
841 2695
842 1704 3842 1614
843 4478
844
845 2744
846
847
848
849
850 4801
851 969
852
853
854 4821
855 4021
856 4858 4542
857
858 3724 1694
859
860 4248
861 4674
862
863
864
865
866
867 2116 1333 3502 3629
868
869
870 4728
871 1745 4410
872
873
874
875 2976 3932 2420
876 3056 2322 4223
877
878 1983
879
880 2021
881 4067 2533 2254
882 2389
883 2723
884 4559
885 3081
886 2375
887 4857 3411
888
889 1480 2990
890 1407
891 3341
892 1834
893 1839
894 2304 3051 3399
895
896 3753
897 2638
898
899 1207 1057
900 995
901 3014 3621 4574
902 4055 1167
903
904
905 1183 4087
906
907
908
909 3569
910 2514 2820
911 2376
912
913
914 3173
915 1762
916 4628 1487
917 3163 2924
918 4744 4561 4467
919 3615
920 2805
921 4669
922 1146
923
924 1691
925 4968
926
927
928
929 3557
930
931 2988
932
933
934
935 3529
936 4726
937 4650
938
939 3132
940
941
942 4772
943 3229
944
945 4980
946
947
948 2073
949 1138 3259 1182
950 1214
951
952
953 985 4068
954 3868
955 1682 1899 2460 4005 4730
956 3016 1177
957
958
959
960 4099
961
962
963 2405
964 4963
965
966 1454
967 2088
968
969 993 4769
970
971 2470
972 4732
973 2552 2387
974
975 1411
976 2495
977 4201 2583
978 4961 2202 1628 3343
979
980 3516
981
982 3953 2409
983
984 2804
985 1385
986
987 4301
988 3661
989
990
991 4001 3676
992 2581
993 1024 3011
994 1489
995 2865 4228
996
997 1424 3278
998 2510 2174
999 4642 1381
1000
1001
1002 1134
1003 1056
1004 1970
1005 1080 2099
1006
1007 3961 3794 4327
1008
1009 2443 2084
1010 1230 2311
1011 3644 2445
1012 1682 2595
1013 3649 4494 1439
1014 3773 3749 2542 4206
1015
1016
1017 3097
1018
1019 1102
1020
1021
1022 4364 1394
1023 3600 3458 1108
1024 4788 4668 3869
1025
1026
1027 1172
1028 4967
1029 4937
1030
1031 1213
1032 2464
1033
1034
1035 4604 4951
1036
1037 3920
1038
1039 2735
1040 1336 2457
1041
1042 2909
1043
1044
1045 4828
1046 1622
1047
1048 1432 3748
1049
1050 2804
1051 4926
1052
1053
1054 3560 1904 1194
1055 4233 3235 1822
1056 1291
1057
1058 2547 3028 2653
1059
1060 2809 1496
1061
1062 2156
1063
1064 2628 2300
1065 4405
1066
1067
1068 4542
1069 2222
1070 3312 4094
1071
1072
1073
1074 4845
1075 3125
1076
1077
1078
1079 3905 4139 2321
1080 3987 3902 1989
1081 2929 4951
1082 3580
1083 3184 1454
1084 1209
1085 1791
1086 4379
1087
1088
1089
1090
1091 3776 3081 1480
1092 2903
1093 3213
1094 3307
1095
1096
1097
1098
1099 2893
1100
1101 1274
1102 2250
1103 4273 1551
1104
1105
1106 3103
1107 3924
1108
1109 2717
1110
1111 1534 1539 1182 4670
1112 1808 4978
1113 3672 3777 3996
1114
1115
1116
1117
1118
1119 4548
1120 2192 1872 2950
1121
1122
1123
1124
1125 2278
1126 4721 3751
1127
1128 2398 3735
1129 2990
1130 2026
1131
1132
1133
1134
1135
1136
1137 3764
1138
1139 1148
1140 3337 1436
1141 4593
1142 2347
1143 3345
1144
1145
1146
1147
1148 2510
1149
1150
1151
1152 2478
1153
1154 4734
1155 2992 4877
1156 2522
1157
1158 2302
1159 1538 2106
1160
1161 4736
1162 2191
1163
1164
1165 3134
1166 3194 3732
1167
1168 3244 3668
1169 3508
1170
1171 3512
1172
1173
1174
1175
1176 1927
1177
1178 3219
1179
1180 3031
1181 4806
1182 4643
1183
1184 1506
1185
1186 1643 4950
1187 3097 3710
1188
1189 4706
1190 3408 1419
1191
1192
1193 1887
1194 3365 4549
1195 4779
1196 3075
1197 4851 2508 1918
1198 3406
1199
1200 1285 4319
1201 1393
1202 4668 4437 3159
1203
1204 4522 3123 2695
1205 4750
1206 2118
1207 2000 1361 2012 3725
1208 4025
1209 4939 3622
1210 1674
1211 4034
1212 2475
1213
1214 4793
1215
1216 3054
1217
1218 2024 4013
1219
1220
1221 3009
1222 3653
1223 1641 2459 2414
1224
1225
1226
1227
1228
1229
1230
1231 3699
1232 1347
1233
1234
1235 2223
1236 4797
1237
1238
1239
1240 3402 3707 2415
1241 4736
1242 1749
1243 3075 1598
1244 4135
1245 2556
1246 4683
1247
1248 3511
1249 1545 4818 3530
1250
1251 3353
1252
1253 2512
1254
1255 1858 1347 4397
1256
1257
1258 3507 1557
1259 1849
1260
1261 4706
1262
1263
1264 3979 4235 4085
1265 4166 3447
1266
1267
1268 1322
1269 3869
1270
1271 2337
1272
1273 2259
1274
1275 4098
1276
1277 2062
1278
1279 2521 2850
1280
1281 2204 2947 4204 4462
1282 3166
1283 2149
1284 4644
1285 2470
1286
1287 3722
1288 4824
1289
1290
1291
1292 1803 2899
1293 1934 4610 3190
1294 4528 3429 2737
1295 2417 3458
1296 3920
1297 1904 2320 3162 3203
1298 1303
1299 4565
1300
1301
1302
1303
1304 3274
1305 2937 1314
1306 4140
1307 3116
1308 2152 4120
1309
1310
1311
1312
1313
1314 2106
1315 1541
1316 1909
1317 3466
1318 2584
1319
1320 4891
1321
1322 2024
1323 3625 4331
1324 3312 4331
1325 2577
1326
1327 2016
1328 1857
1329 4635 4525
1330 4768
1331 2160
1332
1333
1334 4885
1335
1336
1337
1338 3404
1339 3829
1340 2668
1341 3056
1342
1343 1933 4343
1344 4889
1345 4059
1346
1347
1348 2556 3814
1349 2585 1574
1350
1351
1352
1353 3305
1354
1355
1356 2594 2093
1357
1358 3041
1359
1360 2081 4735
1361 3964
1362
1363
1364
1365
1366
1367 2181
1368 2822
1369 1729 1843
1370 3971
1371
1372 1908
1373
1374 2073
1375
1376
1377 3571 1685
1378 3026
1379 4297
1380
1381
1382 2196
1383 2681 4430
1384 3560 2936 4088
1385 4126
1386 2971
1387 2883
1388 3553
1389
1390 2061
1391
1392
1393
1394 3416 1483
1395
1396 4219
1397 3304
1398
1399 4717 2951
1400
1401 2124
1402 3200 3676
1403
1404 2613
1405 4752
1406
1407 3153 3978
1408
1409
1410 4824
1411 2846
1412 2802
1413
1414 3103
1415 3835
1416 1619
1417
1418 1721
1419
1420 3883 1938
1421
1422
1423
1424 3216
1425
1426 2996
1427 2308
1428 3831
1429 3287
1430 3155
1431 2466 4894
1432
1433
1434
1435 2838
1436 3620
1437
1438 3560 1451
1439 2906 1853
1440 3987 4230
1441
1442 3235
1443 4658
1444 3281 2164 4620
1445 1954
1446
1447
1448
1449 2123 3323
1450 2179 2715
1451
1452
1453
1454
1455 1464
1456
1457 1466
1458
1459
1460 2417
1461
1462
1463
1464
1465 3807
1466
1467 2866 2251 3869 2343
1468 2420
1469
1470 4979
1471
1472 4135
1473 4522
1474 2673 4794
1475
1476 2938
1477
1478
1479 4122
1480 2870
1481
1482
1483 4692
1484 3072 3950
1485
1486 2136 4589 4823
1487
1488
1489
1490 3105
1491
1492 4600 2109
1493 2789
1494 2315
1495
1496 2178 4411
1497
1498
1499 1936
1500
1501
1502 2036
1503 2173
1504
1505
1506
1507
1508
1509 4199
1510
1511 2312 1910
1512
1513 4862
1514
1515
1516 2470
1517
1518 4510
1519
1520
1521 2124
1522
1523
1524
1525
1526 3523 3620
1527
1528 4527
1529 3760
1530
1531 1681 3335
1532 2883
1533 3425 2694 4559
1534 2282
1535
1536 3740
1537 4995 3006 3223
1538 2106 4684 4325
1539 1868 3966
1540
1541 3828
1542
1543
1544
1545
1546 3230
1547
1548 4186
1549
1550 4673
1551
1552
1553 4290
1554
1555 2104
1556
1557
1558
1559
1560 3321 3241 3975
1561
1562
1563 2554
1564 3792
1565 4590
1566
1567 3611 3245 2446 3751
1568 2033
1569 4096
1570 4368 1738
1571 4257
1572
1573 1869
1574 1689 3643
1575 3210
1576 4280
1577
1578 2861
1579 4704
1580
1581
1582
1583 4292
1584
1585 1603 4743
1586 4102
1587 2665
1588
1589
1590
1591
1592
1593
1594 4866
1595
1596 1843 3140
1597
1598
1599
1600 2068
1601 3655
1602
1603 1819 2707
1604
1605 4169 2426
1606
1607
1608
1609 3843
1610
1611
1612 4704 4328
1613
1614 4893
1615
1616
1617
1618
1619
1620 2667
1621
1622 4752
1623
1624
1625 4724
1626 1969
1627 3524
1628 4806
1629 2018
1630 3000 4125 2086
1631
1632
1633 4221 4117
1634
1635
1636 4818
1637
1638 3639
1639 2983
1640 2954 1931
1641
1642
1643 3915
1644
1645 3396
1646
1647
1648
1649 1906
1650
1651 3721 2983
1652
1653 2689
1654
1655
1656 4545
1657 3961 2321
1658
1659
1660 3424 1764
1661
1662 4664 2577 3115
1663
1664 4786
1665
1666 3072 2064
1667 2627 4490
1668 3788
1669 3570 3487
1670 4755
1671 4505
1672
1673 1846
1674
1675 1868
1676
1677 2260
1678 4863
1679 2115
1680
1681 3504
1682
1683 4416 3563
1684
1685 4911
1686 4827
1687
1688
1689
1690 3545
1691
1692
1693 3976 4201 2656 3161
1694 2297
1695 2940 4950
1696
1697 4256 2800 2082
1698 2487
1699
1700 3043
1701
1702 3771
1703
1704 3694
1705 1846
1706 4887
1707
1708 3001 3226
1709 4812
1710 2390
1711
1712 3620 1730 4771 3860 2629
1713 2397
1714
1715 4305 3066 2069
1716
1717
1718 4090 1973
1719 3786
1720 4387
1721 3768
1722 1782
1723 4340 4827 3076 3373
1724 3087
1725 1992
1726 4724
1727
1728 2669 3567
1729 1730
1730 3823
1731 4585
1732
1733
1734
1735
1736 4125
1737
1738
1739 2567
1740 3620 2743
1741
1742
1743 2513
1744
1745
1746
1747
1748
1749 4835
1750 3473 4763
1751
1752 4404
1753 4805
1754 4437 3517
1755
1756 3006
1757 2690 4107
1758
1759 2107 2380
1760 4666 4195
1761
1762 2376
1763 2960 4466
1764 4340
1765
1766
1767 3699
1768 4272
1769
1770 3329 1861
1771 3281
1772
1773 2361
1774
1775
1776
1777 2591
1778
1779
1780 4553
1781 4682 3498 3974
1782 2358
1783 4079
1784 4583
1785 4633 4220 2647
1786
1787
1788
1789 1989 3951
1790
1791
1792 2418
1793 4437
1794 2278
1795 2258 3998 2566
1796
1797
1798
1799 4855
1800 4742
1801 3457 3851
1802 2386
1803 4406
1804
1805 4584
1806
1807 2535
1808 2743
1809 2308
1810 3502 2087
1811 3955 2052
1812 2374
1813 2284 4142 3342
1814 4917
1815 4729 3943
1816
1817
1818
1819 2982
1820 2754
1821
1822
1823
1824
1825
1826 4421 4286
1827 3378
1828
1829
1830 4882
1831 1905
1832 3808 2005
1833 2368
1834
1835 1884 4781
1836
1837 2472
1838 4532 2287
1839 3573
1840 4508
1841 4361
1842 4424
1843
1844
1845
1846 2043 4341 3670
1847
1848 4735
1849 4914
1850
1851 3764
1852
1853 4068
1854 3443
1855
1856 2368 4796
1857
1858
1859 4971 2815
1860
1861
1862
1863
1864
1865
1866 1987 2133
1867 3905
1868
1869 2550
1870
1871
1872
1873
1874
1875 2341
1876
1877 4270
1878 3657
1879 3925
1880 4374
1881
1882
1883 4375
1884 3753 3005
1885
1886
1887
1888 4377
1889
1890
1891
1892
1893 2370
1894 3456
1895 3519
1896 4870
1897
1898 2224
1899 4225
1900
1901
1902
1903
1904 3801
1905
1906 4171
1907
1908
1909
1910 4472
1911 2969
1912 3867
1913 3276
1914
1915 3010
1916 2552
1917 4349 3366
1918
1919
1920
1921
1922
1923 3615
1924
1925
1926 4243
1927 2000
1928 2200
1929 2786
1930
1931
1932
1933 2714 3901
1934
1935
1936 2431
1937 2696 3509
1938
1939
1940 4691 4404 3726
1941 3448
1942
1943
1944
1945
1946 4857 2871
1947 2297 4863 4937
1948
1949 4579
1950 3739
1951
1952 2974
1953
1954
1955 3569
1956 2946 3638
1957
1958 4735
1959
1960 4494
1961 3493
1962
1963 2433
1964 3787
1965 2456 4313 4783 2839
1966 4687
1967
1968
1969
1970
1971 4155
1972
1973
1974
1975
1976 2953 2020
1977
1978
1979 2442 4315 2318
1980
1981
1982
1983 2667 2140
1984 4257 2835
1985
1986 2503
1987 2575
1988 2481 4614
1989 3377
1990 4933
1991
1992 2587
1993 4196
1994 4106
1995
1996
1997 3978 3843 3598
1998
1999 4260 2447
2000 2168 3028 2358
2001 4306 2842
2002 2480
2003
2004
2005
2006
2007
2008 3600 4257 3394
2009 4272
2010 3539 3430
2011 4280
2012
2013
2014
2015
2016 4935
2017
2018 3033 4867
2019
2020 4561 2604
2021 3366 2550
2022 3203 3004 3038
2023 3849 2610 2281
2024 4452
2025 4696
2026
2027
2028 3496
2029
2030 4443
2031 3049 3905
2032
2033
2034 3315 3180
2035
2036 4800
2037
2038
2039
2040 4682 2187 2261
2041
2042
2043 3971
2044 2601 4514
2045 2924 4702
2046
2047
2048 4921
2049 2609
2050
2051 3912
2052 2799
2053 4433
2054
2055 4244
2056 2113
2057
2058
2059 4553 2874 4405
2060 2479
2061 3216 2305
2062
2063
2064
2065 4598 3670
2066 3858 4474
2067
2068 3258
2069 2481 2309
2070 3363 4795
2071
2072 4687
2073 3467
2074 4796 3462
2075
2076 4811
2077
2078
2079 2361
2080 4410
2081
2082 4989
2083
2084
2085 2132 3599
2086
2087
2088
2089 2545
2090 3276
2091 4671
2092
2093
2094
2095 3833 3370
2096 4409
2097
2098 2175
2099 2665
2100 4749
2101
2102
2103
2104 4257 4436
2105 2376 4568
2106 3542
2107 4571
2108 4565
2109
2110
2111
2112
2113
2114
2115
2116 2851 4102
2117
2118 4660
2119
2120
2121
2122 2389
2123 3464 3720 2303
2124
2125 4517
2126 3432
2127
2128 4287
2129
2130
2131
2132
2133 3213
2134 3009
2135
2136
2137 4930
2138
2139 4136 3413
2140
2141
2142
2143
2144
2145 4656
2146 3515
2147 3588
2148 4372
2149
2150
2151
2152
2153 3691
2154
2155
2156 4688
2157 4104 4639 2348 2783
2158
2159 3996
2160
2161
2162 4474
2163
2164
2165 4137
2166
2167
2168 4154
2169
2170 4827
2171
2172
2173 2696 4652 2691
2174 3362
2175
2176
2177
2178 2839
2179 4609 4209 2770 4376 3882
2180
2181 2530 3892
2182
2183 3552 4222
2184
2185 2824
2186
2187
2188
2189 4138
2190 3518
2191
2192
2193
2194 3741 2293 4927
2195 4378 3964
2196
2197 4986
2198 4530 3836
2199
2200
2201 3611
2202 3259 3284
2203
2204 4402 4971
2205
2206 2416
2207
2208
2209 3459
2210 2438
2211
2212 3625 2698 3667
2213 4656
2214 3638
2215
2216
2217 2869 4438
2218 3651
2219 2240 4264 3895
2220 3696 4985
2221 3459
2222
2223
2224
2225 3904 4873 3445 3015
2226 4721 2745
2227 2499
2228
2229 4878
2230
2231
2232 3858
2233 3790
2234
2235 2456 4554 3316 3391
2236
2237
2238 4448
2239 3139
2240
2241
2242 2656
2243
2244 2563
2245 3491
2246
2247
2248
2249 3046
2250
2251 3769
2252 4882
2253
2254
2255
2256
2257 2664 2733 4141
2258
2259
2260
2261
2262
2263
2264 3020
2265
2266
2267 2706 3267
2268
2269
2270 4307 2348
2271 3371
2272
2273
2274
2275
2276 4190
2277
2278
2279
2280 4065
2281
2282
2283 4747
2284
2285 4929
2286
2287 4480
2288 4001 4852
2289 3400
2290
2291 3405
2292
2293
2294
2295 2934
2296
2297
2298
2299 2872 2797 4174
2300 4448
2301
2302 2305
2303
2304 2680 4979
2305 4513 4624 3925 3032
2306
2307 4103
2308
2309 4370
2310
2311
2312 2480
2313
2314 3372
2315
2316
2317 3249 4095
2318
2319
2320
2321
2322 4724 3627
2323
2324
2325
2326 3490 3980
2327
2328
2329
2330 4145
2331
2332
2333
2334 3978 4675
2335
2336 3431
2337
2338
2339 2540
2340 3234 3479
2341
2342 4097 2420 2753
2343
2344 3570
2345 3762
2346
2347
2348 4959
2349 2428
2350
2351
2352 3991 2495
2353 4666
2354
2355
2356 2817
2357
2358 2456
2359 2703
2360
2361 2996
2362 4800
2363 4921
2364
2365
2366 4852
2367
2368 3626 4566
2369 4412 3899 4580
2370
2371 4419
2372 2506
2373 3520
2374
2375
2376 3352 2385
2377 2798
2378
2379
2380
2381
2382 4401
2383
2384
2385
2386
2387
2388 3833
2389 2772
2390
2391
2392 4285
2393
2394
2395 2987 3941
2396 2541
2397 3984 3358 4334
2398
2399
2400
2401
2402 2819
2403
2404 2699
2405 3779 3847
2406
2407
2408
2409
2410
2411 4386
2412 2809 3260
2413
2414 3373
2415 3457 4567
2416
2417
2418
2419 3933
2420
2421
2422 4675
2423 3022
2424 4226
2425
2426
2427
2428
2429
2430
2431
2432
2433 4872
2434
2435
2436
2437
2438
2439
2440 3740 3622
2441 4322
2442 4065
2443
2444
2445
2446
2447
2448 2590
2449 3188
2450 4709
2451 3569 4963
2452
2453
2454
2455 3874 2639
2456 3684 3743
2457
2458
2459
2460
2461 4136
2462
2463
2464
2465
2466
2467
2468 3104 4435
2469
2470 2590
2471
2472 3976 3964
2473 3536 4014
2474
2475
2476
2477 4960
2478
2479
2480
2481
2482
2483 3385
2484 3377
2485 2824
2486 3082 3807
2487
2488
2489 2901
2490
2491 2988 4797 4549
2492
2493 3517
2494
2495
2496
2497
2498
2499
2500
2501 2603 4846
2502
2503 3534
2504
2505
2506
2507 3128 4746
2508
2509
2510
2511
2512 2639
2513
2514
2515 3342
2516
2517
2518
2519
2520
2521
2522
2523
2524 4245 4142
2525 4972 4301
2526
2527 4452
2528 3144 3214
2529 2900
2530
2531
2532
2533 4319 2929
2534
2535
2536
2537
2538
2539 3083 3189
2540
2541 3786
2542 4075
2543 4834
2544 3467
2545
2546 3423 3046
2547
2548 3406
2549
2550 4806 3551
2551
2552
2553 3501 4381
2554
2555 4880 4251
2556
2557
2558 4104
2559
2560 3145
2561 3605
2562 4714
2563 3843
2564 3162
2565 4055
2566
2567
2568
2569
2570 3240 3355 3652
2571 4561
2572
2573 4299 4514
2574
2575 4046
2576 3949
2577
2578
2579
2580
2581
2582
2583 4403 4948 3222
2584 2891
2585
2586
2587
2588 4997 4149
2589
2590 4101
2591 4398
2592 4343
2593
2594
2595
2596
2597 2906
2598 4293
2599 4960 3916 3077
2600 3194
2601
2602
2603 4425
2604 3478
2605
2606 4012
2607
2608
2609 2630
2610 4517
2611 2878
2612 3562 2671
2613
2614 3538
2615
2616 3395
2617
2618
2619
2620
2621
2622
2623 3445 3542
2624 3402 3310
2625
2626
2627 4638
2628 3498
2629 3097
2630
2631
2632
2633 4930 4029
2634
2635 3979
2636 2700 3110
2637
2638 2659
2639
2640 2892
2641 3738
2642
2643 4154
2644 4481 4731
2645
2646
2647 3485
2648
2649 4229
2650 3646
2651 4588
2652 3087
2653
2654
2655
2656
2657
2658
2659
2660 3778
2661 4226
2662
2663
2664
2665 3134
2666 4775
2667
2668 3638
2669 3601
2670 4746 4371
2671
2672 3921
2673 3302
2674 3968
2675
2676
2677
2678 4408
2679
2680
2681
2682 3991
2683
2684
2685 3750
2686 4603
2687
2688
2689 4492
2690 2867
2691
2692 3156
2693 3230
2694
2695 3288 3959
2696
2697 3664
2698
2699
2700 2937
2701
2702
2703 3544 3052
2704
2705 3777 3164 3735
2706
2707
2708 4445
2709
2710
2711
2712 3574 3367
2713
2714 4125
2715 4099 4999 4825
2716 3638
2717
2718
2719
2720
2721
2722 4759
2723 3410
2724
2725
2726
2727
2728
2729
2730
2731 3127
2732
2733
2734
2735
2736 4187
2737
2738 3774
2739 4891
2740 3751
2741
2742
2743
2744
2745
2746 4906
2747 4058
2748 4632
2749 4082
2750
2751 2761
2752 3564
2753
2754 4424
2755
2756
2757 3088 3911
2758
2759
2760
2761
2762 4326
2763
2764
2765
2766
2767
2768
2769
2770
2771
2772
2773
2774
2775
2776
2777 4177 4051
2778
2779
2780 3722
2781
2782 3075 4477
2783 3309
2784 3367
2785
2786 3213 3390
2787
2788 3186
2789
2790
2791
2792
2793
2794 4555
2795 3121 3294
2796 2811 3077
2797
2798 4113
2799
2800 4107 3249
2801 4363
2802
2803 3882
2804 4109 4862
2805
2806 3968
2807
2808 4540 4754
2809 4922 3985
2810
2811 3268
2812
2813
2814
2815
2816
2817
2818
2819 4920 4913
2820
2821
2822
2823
2824 3859 2951
2825
2826 4725
2827
2828 4844
2829
2830 4709
2831
2832 4317
2833 4680
2834
2835 4852
2836
2837 4179
2838
2839
2840
2841 3695
2842 4889 3519
2843 4440 4630
2844 3899
2845
2846
2847 4368
2848
2849
2850
2851
2852
2853 3310
2854
2855
2856
2857 3080
2858
2859
2860 3513
2861
2862
2863 3339
2864
2865
2866
2867 3947
2868 3665
2869 3383
2870
2871
2872 4995
2873
2874
2875
2876
2877
2878
2879 2888
2880
2881 4932
2882 4137
2883
2884 3093
2885
2886
2887
2888 4858
2889
2890
2891 4824
2892
2893
2894
2895 4592
2896 4436
2897 3521
2898
2899
2900
2901
2902
2903
2904
2905
2906
2907 4107
2908
2909 3819 3628
2910
2911
2912 4230
2913 3122 4070
2914 4561 3677
2915
2916
2917
2918
2919
2920
2921
2922
2923 3883
2924
2925 4433
2926
2927
2928 4999
2929
2930 3634
2931
2932
2933
2934
2935
2936
2937
2938 4932
2939 4295
2940 3825
2941 3812
2942 4348
2943
2944
2945 4884
2946
2947
2948
2949
2950
2951
2952
2953
2954 4320 4223
2955 3081
2956 4705
2957
2958
2959
2960
2961 4366
2962 3106
2963
2964
2965 4703 3116 3751
2966 3972
2967
2968 3356
2969 3547 4748 4837
2970 3424
2971
2972 4404
2973
2974
2975 4764
2976
2977
2978
2979 3788
2980
2981 4910
2982
2983
2984
2985
2986
2987
2988
2989
2990
2991
2992
2993
2994
2995
2996
2997 4692
2998
2999
3000
3001
3002 3794
3003
3004
3005
3006 3904
3007
3008
3009
3010
3011 4524
3012
3013
3014
3015 4327
3016
3017 3528
3018
3019
3020
3021
3022
3023 4925
3024
3025
3026 4886
3027
3028
3029
3030
3031
3032 3157
3033 3274
3034
3035
3036
3037 4723
3038
3039
3040
3041 3468
3042 3870
3043 4453
3044
3045 3920
3046
3047 4726
3048 3629
3049
3050
3051 3253
3052
3053
3054
3055
3056
3057
3058
3059 3080
3060 4646
3061
3062 4661
3063
3064 3215
3065
3066
3067 3702
3068
3069 3374 4279
3070
3071
3072 3108
3073
3074
3075 4611
3076 4606
3077
3078
3079
3080
3081
3082 4650
3083 3123
3084
3085
3086 3502 4615
3087
3088 4515
3089
3090 4986
3091
3092 3180
3093 4405
3094
3095
3096
3097
3098
3099
3100
3101 3589
3102
3103
3104
3105
3106
3107
3108 3604
3109
3110 4325
3111
3112
3113 3198
3114 4328
3115 4462
3116
3117 4836
3118 3592
3119
3120 4402
3121 4876
3122
3123 3766
3124 3772
3125
3126
3127
3128 4711
3129 4053
3130
3131 3369
3132
3133 4286 3967
3134 4413
3135
3136 3998 4846
3137
3138 3953
3139
3140
3141
3142
3143
3144 4394 3524
3145
3146
3147
3148
3149 4498
3150
3151
3152
3153
3154 3965
3155 4032
3156
3157 4222
3158
3159 3661
3160
3161
3162
3163
3164
3165
3166
3167
3168 3686
3169
3170
3171 3941 3775
3172
3173
3174
3175 4311
3176
3177 3444 3582
3178 3655
3179
3180
3181 4327
3182
3183
3184 3239
3185
3186
3187
3188
3189 4589
3190
3191
3192 4713
3193
3194
3195
3196 4322
3197
3198 3466
3199
3200
3201 3743 4855
3202
3203
3204
3205
3206 4206
3207 4086
3208
3209 3752
3210 4315
3211 4144 4795
3212 3267 3310
3213 3630 3611
3214
3215
3216
3217
3218 3534
3219 3831
3220
3221
3222
3223
3224
3225
3226
3227
3228
3229
3230 3672 3813
3231
3232 4207
3233
3234 4080 4583
3235 4507
3236
3237
3238 4671
3239
3240
3241
3242
3243
3244
3245
3246
3247
3248
3249
3250 3506
3251 4320
3252
3253
3254 4141
3255
3256
3257
3258
3259
3260
3261
3262
3263
3264
3265 4382
3266 4538
3267
3268 4709 4373
3269
3270 3980
3271 3978
3272 4364
3273
3274
3275
3276
3277 4448 4762
3278
3279
3280
3281 3775
3282
3283
3284
3285
3286 4017 3678
3287 3905
3288 4380
3289
3290 4166
3291
3292 3400
3293
3294 4426
3295
3296
3297
3298
3299
3300 4228
3301
3302 4796
3303
3304 4501
3305 4375
3306
3307
3308
3309 3975
3310
3311
3312
3313
3314
3315
3316 3754 4587
3317 4922
3318 4270
3319
3320
3321
3322
3323
3324
3325 4596 3550
3326
3327
3328
3329 4431
3330
3331
3332
3333
3334
3335
3336
3337
3338
3339
3340
3341 4848
3342
3343
3344 3349
3345 3573
3346
3347
3348
3349
3350 3577 4654
3351
3352
3353
3354 4502
3355
3356
3357
3358
3359
3360
3361
3362
3363
3364
3365 4501
3366 4689 4234
3367 4247
3368
3369
3370
3371
3372
3373
3374
3375 3708
3376
3377
3378 3907
3379
3380
3381 4921
3382 4635 4543
3383
3384 3512 3924
3385 3582
3386
3387 4682
3388
3389
3390
3391
3392
3393 3724 3924
3394
3395
3396
3397
3398
3399
3400
3401
3402
3403
3404
3405
3406
3407 3462
3408
3409
3410
3411
3412
3413
3414 3612
3415
3416
3417 4168
3418
3419
3420
3421 4835
3422 4778
3423
3424
3425
3426
3427 3886
3428
3429 4792
3430 3577
3431 3723 4190 4581
3432
3433
3434
3435
3436 4334 4391
3437
3438 4413 4550
3439
3440
3441 4637 3822 4407
3442 3874
3443
3444
3445
3446
3447
3448
3449
3450
3451 4235
3452 4881
3453
3454
3455 4626
3456
3457
3458 3572
3459
3460 4932
3461 4580 4812
3462
3463
3464
3465
3466
3467
3468
3469
3470
3471
3472
3473 4605
3474
3475
3476
3477
3478
3479
3480
3481
3482
3483
3484
3485
3486
3487 4951
3488
3489
3490
3491 4573
3492
3493 4273
3494
3495
3496 4687
3497
3498 3795
3499 4160
3500
3501
3502
3503
3504 4804
3505
3506 4722
3507 3944
3508
3509
3510
3511
3512
3513 3985
3514
3515
3516
3517 3558
3518
3519
3520
3521 3572
3522
3523
3524
3525 3859
3526
3527
3528
3529
3530 3625
3531
3532 3900
3533
3534 4462
3535
3536
3537 4813
3538
3539
3540
3541
3542
3543
3544
3545 4014
3546
3547 4573
3548
3549
3550
3551
3552
3553
3554 4109
3555
3556 3794
3557
3558 4905
3559
3560
3561
3562
3563
3564 3905
3565 4087
3566
3567
3568
3569
3570
3571 4051
3572
3573
3574
3575 3914
3576 3666
3577
3578
3579
3580 4341
3581
3582
3583 4285
3584
3585
3586
3587
3588 3897
3589 4077
3590
3591
3592
3593
3594
3595
3596
3597 4606
3598
3599
3600
3601
3602 4978
3603
3604
3605
3606
3607
3608
3609
3610 4976
3611 4234 3915
3612
3613
3614
3615 4038
3616
3617
3618
3619
3620
3621
3622
3623 4760
3624
3625
3626 4626
3627 4656
3628 4275
3629 4432
3630 4126
3631
3632
3633
3634 3763
3635
3636 3734
3637
3638
3639
3640
3641
3642
3643
3644 4954
3645
3646
3647
3648 4160
3649
3650
3651
3652 4655
3653 4324
3654
3655
3656 3865
3657
3658 4962
3659
3660
3661
3662
3663
3664
3665
3666
3667
3668
3669
3670 4421
3671
3672
3673
3674
3675
3676
3677
3678
3679
3680
3681
3682
3683
3684
3685
3686
3687
3688 3893
3689
3690
3691
3692
3693 4443
3694
3695
3696
3697
3698 4813
3699
3700 4490
3701 4969 3865
3702
3703
3704 4952
3705
3706
3707
3708 3979
3709
3710
3711
3712 4848
3713
3714 4340 4187
3715
3716
3717
3718
3719 4002 3846
3720
3721
3722
3723 3853
3724 4519
3725
3726
3727
3728 4644
3729
3730
3731
3732
3733
3734
3735
3736
3737
3738
3739
3740
3741
3742
3743
3744
3745
3746
3747
3748
3749
3750
3751 4682
3752
3753
3754
3755
3756
3757
3758
3759
3760
3761
3762 4845
3763
3764 4757 3855
3765
3766 4179
3767 4770
3768
3769
3770 4257
3771
3772 4346 3781
3773 4392
3774
3775
3776 3975
3777
3778
3779
3780
3781 4129 4575
3782 3978
3783
3784
3785
3786 4127
3787
3788 4469
3789 4742
3790 4910
3791
3792
3793
3794
3795
3796
3797 3864
3798
3799
3800
3801
3802
3803
3804
3805 4930 3991
3806
3807
3808
3809
3810
3811
3812
3813
3814
3815 4125
3816
3817
3818
3819 4541
3820
3821
3822
3823
3824
3825 4019
3826
3827
3828
3829
3830
3831
3832
3833
3834
3835
3836
3837 4542
3838
3839
3840
3841
3842 4629
3843 4562
3844 3913
3845
3846 3998
3847
3848
3849
3850
3851 4255
3852 4125
3853
3854
3855
3856
3857
3858
3859
3860
3861
3862
3863
3864
3865
3866
3867
3868
3869
3870
3871
3872
3873
3874
3875
3876
3877 4862
3878
3879
3880
3881
3882
3883
3884
3885
3886
3887
3888
3889
3890 3948
3891 4554
3892 4366
3893
3894 4814
3895
3896
3897 4741
3898
3899
3900 3996
3901
3902 4665
3903 4689
3904
3905
3906
3907 3915 4518
3908 3954 4359
3909
3910
3911
3912
3913 4624 4733
3914
3915 3956
3916 4146 4823
3917
3918
3919
3920
3921
3922
3923
3924
3925
3926
3927
3928
3929 4638
3930 4396
3931
3932 4036
3933
3934 3998
3935 4387
3936
3937
3938
3939
3940
3941
3942
3943
3944
3945 4474
3946
3947
3948
3949 4256
3950 4551
3951
3952
3953
3954
3955
3956
3957
3958
3959
3960
3961 4324
3962 4786
3963
3964
3965
3966
3967 4440
3968 4007
3969
3970
3971
3972
3973
3974
3975
3976 4934
3977
3978
3979
3980
3981 4935
3982 4302
3983
3984
3985
3986
3987
3988
3989
3990
3991
3992
3993
3994 4115
3995
3996 4325
3997
3998
3999
4000
4001
4002 4758
4003 4789
4004
4005
4006
4007
4008
4009
4010
4011
4012
4013
4014
4015
4016
4017
4018
4019
4020
4021
4022
4023
4024
4025
4026
4027
4028
4029
4030 4744
4031
4032 4500
4033
4034
4035
4036
4037
4038 4212
4039
4040
4041
4042
4043
4044
4045
4046
4047 4419
4048
4049
4050 4757
4051
4052
4053
4054 4834
4055
4056
4057
4058
4059 4317
4060
4061
4062
4063 4967
4064
4065 4921
4066
4067
4068
4069
4070
4071
4072
4073
4074
4075
4076
4077 4723
4078
4079
4080
4081
4082
4083
4084
4085
4086
4087
4088
4089
4090 4260
4091 4914 4771
4092 4911
4093
4094 4464
4095
4096
4097
4098
4099 4620
4100
4101
4102
4103 4115
4104
4105 4544
4106
4107
4108
4109 4824
4110 4395 4838
4111
4112
4113 4461
4114
4115
4116
4117
4118
4119
4120
4121
4122
4123
4124
4125 4268 4918
4126
4127
4128
4129 4368 4591
4130
4131
4132
4133
4134
4135
4136
4137
4138
4139
4140 4276
4141
4142
4143
4144
4145
4146 4888
4147 4481
4148
4149
4150
4151
4152 4442
4153 4178
4154
4155 4348
4156
4157
4158
4159
4160
4161
4162 4386
4163
4164
4165
4166
4167 4399
4168
4169
4170
4171
4172
4173
4174
4175
4176
4177
4178 4381
4179
4180
4181
4182
4183
4184
4185
4186
4187
4188
4189
4190
4191 4495
4192 4928 4354
4193
4194
4195
4196
4197
4198
4199
4200
4201
4202
4203
4204 4288
4205
4206
4207
4208 4724
4209 4340
4210
4211
4212
4213
4214 4790
4215
4216
4217
4218 4676
4219 4657
4220 4823
4221
4222
4223
4224
4225
4226 4823
4227
4228
4229
4230
4231
4232
4233
4234
4235 4879
4236
4237 4811
4238
4239
4240
4241
4242
4243
4244
4245
4246
4247
4248
4249
4250
4251
4252
4253
4254
4255 4565
4256 4878
4257 4890
4258
4259
4260
4261
4262
4263
4264
4265
4266
4267
4268
4269
4270
4271
4272
4273
4274
4275
4276 4385 4396
4277
4278
4279
4280 4326
4281 4477
4282 4944
4283
4284
4285
4286
4287
4288
4289
4290 4544
4291
4292
4293
4294
4295
4296
4297
4298
4299
4300
4301
4302 4316
4303
4304
4305
4306
4307
4308
4309
4310
4311
4312
4313
4314
4315
4316
4317
4318
4319
4320
4321
4322
4323
4324
4325
4326
4327
4328
4329
4330
4331
4332
4333 4751
4334
4335
4336
4337
4338
4339
4340
4341
4342 4581
4343 4768
4344
4345
4346
4347
4348
4349
4350
4351
4352
4353
4354
4355
4356
4357
4358 4712
4359
4360
4361
4362
4363
4364
4365 4546
4366
4367
4368
4369
4370
4371 4815
4372
4373
4374
4375
4376
4377
4378
4379
4380
4381
4382
4383
4384
4385 4443
4386 4480
4387
4388
4389
4390
4391
4392 4498
4393
4394
4395
4396
4397
4398
4399
4400
4401
4402
4403
4404
4405
4406 4849
4407 4417
4408
4409
4410
4411
4412
4413
4414
4415
4416
4417
4418
4419 4674
4420
4421
4422 4932 4926
4423 4487
4424 4769
4425
4426 4739
4427
4428
4429
4430 4678
4431
4432
4433
4434
4435
4436
4437
4438
4439
4440
4441
4442
4443
4444
4445
4446
4447
4448
4449
4450
4451
4452
4453
4454 4726
4455
4456
4457
4458
4459
4460
4461 4576
4462
4463
4464
4465
4466
4467
4468
4469
4470
4471
4472
4473
4474
4475
4476
4477
4478
4479
4480
4481
4482
4483
4484 4924
4485
4486
4487
4488
4489
4490
4491
4492
4493
4494
4495
4496
4497
4498
4499
4500
4501
4502
4503
4504
4505
4506
4507
4508 4796
4509
4510
4511
4512
4513
4514
4515
4516
4517
4518
4519 4940
4520
4521
4522
4523 4548 4877
4524
4525 4930
4526
4527
4528
4529
4530
4531
4532
4533
4534
4535
4536
4537
4538
4539
4540
4541
4542
4543
4544 4818
4545
4546
4547
4548
4549
4550
4551
4552
4553
4554
4555
4556
4557
4558
4559
4560
4561
4562
4563
4564
4565
4566
4567
4568
4569
4570
4571
4572
4573
4574
4575
4576
4577
4578
4579
4580 4849
4581
4582
4583
4584
4585
4586
4587 4861
4588
4589
4590
4591
4592
4593
4594
4595
4596
4597
4598
4599
4600
4601
4602
4603
4604
4605
4606 4974
4607
4608
4609 4767
4610
4611
4612
4613
4614
4615
4616
4617
4618 4699
4619 4967
4620
4621
4622 4718
4623
4624
4625
4626
4627
4628
4629
4630
4631
4632
4633
4634 4790
4635
4636
4637
4638
4639
4640
4641
4642
4643
4644
4645
4646
4647
4648
4649
4650
4651
4652
4653
4654
4655
4656
4657
4658
4659
4660 4926
4661 4972
4662
4663
4664
4665
4666
4667
4668
4669
4670
4671
4672
4673
4674
4675
4676 4876
4677
4678
4679
4680
4681
4682
4683
4684
4685
4686
4687
4688 4888
4689
4690
4691 4767
4692
4693
4694
4695
4696
4697 4943
4698
4699 4831
4700
4701 4754
4702
4703
4704
4705
4706
4707
4708
4709
4710
4711
4712 4958
4713
4714
4715
4716
4717
4718 4829
4719
4720
4721
4722
4723
4724
4725
4726
4727
4728
4729
4730
4731
4732
4733
4734
4735
4736
4737
4738
4739
4740
4741
4742
4743
4744
4745
4746
4747
4748
4749
4750
4751
4752
4753
4754 4952
4755
4756
4757
4758
4759
4760
4761
4762
4763
4764
4765
4766
4767
4768
4769
4770
4771
4772
4773
4774
4775
4776
4777
4778
4779
4780 4944
4781
4782
4783
4784
4785
4786
4787
4788
4789
4790
4791
4792
4793
4794
4795
4796
4797
4798
4799 4851
4800 4987
4801
4802
4803
4804
4805
4806 4988
4807
4808
4809
4810
4811
4812
4813
4814
4815
4816
4817
4818
4819
4820
4821
4822
4823
4824
4825
4826
4827
4828
4829
4830
4831
4832
4833
4834
4835
4836
4837
4838
4839
4840
4841
4842
4843
4844
4845
4846
4847
4848
4849
4850
4851
4852
4853
4854
4855
4856
4857
4858
4859
4860
4861
4862
4863
4864
4865
4866
4867
4868
4869
4870
4871
4872
4873
4874
4875
4876
4877
4878
4879
4880
4881
4882
4883
4884
4885
4886
4887
4888
4889
4890
4891
4892
4893
4894
4895
4896
4897
4898
4899
4900
4901
4902
4903
4904
4905
4906
4907
4908
4909
4910
4911
4912 4917
4913
4914
4915
4916
4917
4918
4919
4920
4921
4922
4923
4924
4925
4926
4927
4928
4929
4930
4931
4932
4933
4934
4935
4936
4937
4938
4939
4940
4941
4942
4943
4944
4945
4946
4947
4948
4949
4950
4951
4952
4953
4954
4955
4956
4957
4958
4959
4960
4961
4962
4963
4964
4965
4966
4967
4968
4969
4970
4971
4972
4973
4974
4975
4976
4977
4978
4979
4980
4981
4982
4983
4984
4985
4986
4987
4988
4989
4990
4991
4992
4993
4994
4995
4996
4997
4998
4999
[0, 1, 0, 0, 0, 0, 0, 0, 1, 1, 0, 0, 1, 1, 0, 1, 1, 1, 0, 0, 0, 1, 0, 1, 1, 0, 1, 1, 1, 0, 0, 0, 1, 0, 0, 1, 0, 0, 0, 1, 1, 0, 0, 0, 1, 0, 0, 1, 0, 1, 1, 0, 1, 0, 0, 0, 0, 1, 1, 0, 1, 1, 1, 0, 0, 0, 0, 1, 1, 1, 0, 0, 0, 0, 0, 1, 0, 0, 0, 0, 1, 0, 0, 0, 0, 1, 1, 1, 0, 0, 1, 0, 0, 1, 1, 0, 1, 1, 1, 1, 0, 1, 1, 1, 0, 1, 1, 0, 1, 1, 0, 0, 1, 0, 1, 1, 1, 0, 1, 1, 1, 1, 0, 1, 1, 0, 1, 0, 0, 1, 0, 1, 1, 1, 1, 0, 0, 0, 1, 0, 0, 1, 0, 1, 1, 1, 0, 0, 0, 1, 1, 1, 1, 1, 0, 0, 1, 0, 0, 1, 1, 1, 0, 0, 1, 1, 0, 0, 1, 1, 1, 1, 0, 1, 1, 0, 0, 1, 1, 1, 1, 0, 0, 0, 0, 0, 0, 1, 1, 0, 0, 0, 0, 0, 0, 0, 0, 0, 0, 0, 1, 1, 1, 1, 0, 1, 1, 1, 1, 0, 0, 1, 0, 1, 0, 1, 1, 0, 1, 0, 0, 1, 0, 0, 0, 1, 1, 0, 0, 0, 1, 1, 0, 0, 1, 1, 1, 1, 0, 1, 0, 0, 1, 0, 0, 0, 0, 1, 0, 0, 0, 0, 0, 0, 0, 1, 0, 0, 1, 0, 1, 1, 1, 1, 0, 1, 0, 1, 1, 1, 0, 1, 1, 0, 1, 1, 0, 0, 0, 0, 0, 0, 1, 0, 1, 1, 0, 1, 0, 1, 0, 1, 1, 0, 0, 1, 0, 1, 1, 1, 1, 0, 1, 0, 0, 1, 0, 0, 1, 1, 1, 0, 0, 0, 1, 0, 1, 1, 1, 0, 0, 0, 1, 0, 0, 0, 1, 0, 1, 1, 1, 1, 1, 0, 1, 1, 1, 1, 1, 0, 1, 1, 1, 0, 0, 1, 0, 1, 1, 0, 0, 1, 0, 0, 1, 1, 0, 1, 1, 0, 0, 0, 1, 0, 1, 0, 1, 1, 0, 0, 0, 0, 1, 0, 1, 0, 1, 1, 0, 0, 0, 1, 0, 0, 1, 0, 1, 1, 0, 1, 0, 1, 0, 1, 0, 0, 0, 0, 1, 0, 1, 0, 0, 1, 0, 1, 0, 1, 0, 0, 0, 0, 0, 1, 1, 1, 1, 1, 0, 1, 0, 1, 1, 1, 0, 0, 1, 1, 1, 0, 1, 0, 1, 0, 1, 1, 0, 1, 1, 1, 1, 0, 1, 0, 0, 1, 0, 0, 0, 1, 0, 1, 1, 1, 1, 1, 1, 0, 1, 1, 0, 0, 0, 1, 1, 0, 1, 0, 0, 1, 0, 1, 1, 0, 0, 1, 1, 0, 1, 0, 1, 1, 0, 0, 1, 1, 0, 1, 0, 1, 1, 0, 0, 0, 1, 1, 1, 0, 1, 0, 0, 0, 1, 1, 1, 0, 1, 0, 0, 0, 0, 1, 0, 1, 0, 0, 0, 0, 1, 1, 1, 1, 0, 0, 1, 0, 0, 1, 1, 1, 1, 0, 1, 1, 0, 1, 1, 0, 1, 0, 1, 1, 1, 1, 1, 0, 1, 1, 0, 0, 1, 0, 0, 0, 1, 0, 0, 0, 1, 1, 1, 0, 0, 1, 0, 1, 0, 0, 0, 1, 0, 0, 1, 1, 1, 0, 1, 0, 0, 0, 0, 1, 1, 1, 0, 1, 0, 1, 0, 0, 0, 0, 0, 0, 0, 0, 1, 0, 0, 0, 0, 0, 1, 1, 1, 1, 1, 0, 0, 1, 1, 1, 0, 1, 1, 0, 1, 0, 1, 1, 0, 0, 1, 0, 1, 1, 1, 1, 1, 1, 1, 0, 0, 1, 0, 0, 1, 0, 0, 1, 1, 0, 1, 1, 1, 0, 1, 0, 1, 1, 1, 0, 0, 1, 0, 0, 1, 0, 1, 0, 1, 1, 0, 0, 0, 0, 1, 1, 0, 0, 1, 1, 0, 0, 1, 1, 1, 0, 1, 1, 0, 1, 0, 1, 0, 0, 0, 0, 1, 1, 1, 1, 0, 0, 1, 0, 1, 1, 0, 1, 1, 1, 1, 1, 1, 0, 1, 0, 0, 0, 0, 0, 1, 1, 1, 0, 1, 1, 0, 0, 1, 1, 0, 1, 0, 1, 1, 0, 1, 0, 0, 0, 1, 0, 1, 0, 0, 0, 0, 1, 0, 1, 1, 0, 0, 0, 1, 1, 0, 0, 1, 0, 0, 1, 1, 0, 0, 0, 1, 1, 0, 1, 1, 1, 1, 0, 0, 0, 0, 1, 0, 0, 0, 1, 0, 1, 0, 0, 0, 0, 0, 0, 1, 0, 0, 1, 1, 1, 0, 0, 1, 0, 1, 0, 1, 1, 1, 0, 0, 1, 1, 1, 1, 1, 1, 1, 0, 1, 0, 1, 1, 1, 1, 0, 0, 1, 1, 1, 1, 1, 1, 1, 1, 1, 1, 0, 1, 1, 1, 1, 0, 0, 0, 1, 0, 0, 1, 0, 0, 1, 0, 0, 1, 0, 1, 1, 0, 0, 0, 0, 1, 0, 0, 1, 1, 0, 0, 0, 1, 1, 0, 1, 0, 0, 0, 0, 1, 1, 1, 1, 0, 1, 1, 1, 1, 1, 0, 1, 1, 0, 1, 0, 1, 0, 0, 0, 0, 0, 0, 0, 1, 1, 0, 0, 0, 1, 1, 1, 1, 1, 0, 0, 1, 1, 0, 1, 1, 0, 1, 1, 1, 1, 0, 0, 1, 1, 1, 0, 0, 0, 1, 0, 0, 0, 1, 1, 0, 0, 0, 0, 1, 0, 1, 1, 0, 0, 1, 0, 0, 0, 0, 0, 1, 0, 1, 1, 0, 0, 0, 1, 1, 1, 1, 0, 0, 0, 0, 0, 0, 1, 1, 0, 1, 1, 1, 1, 0, 0, 1, 0, 0, 1, 1, 1, 1, 1, 0, 1, 1, 0, 0, 1, 0, 0, 0, 0, 0, 0, 1, 0, 0, 1, 1, 0, 1, 0, 0, 0, 0, 1, 0, 0, 1, 0, 1, 1, 0, 0, 0, 0, 1, 0, 0, 1, 0, 1, 1, 1, 1, 0, 0, 0, 0, 1, 0, 1, 0, 1, 0, 1, 1, 0, 0, 0, 1, 0, 1, 0, 1, 1, 0, 1, 1, 0, 0, 1, 0, 0, 1, 1, 0, 0, 1, 0, 0, 0, 0, 1, 0, 0, 0, 0, 1, 1, 0, 1, 0, 1, 0, 1, 1, 1, 0, 0, 0, 0, 1, 0, 0, 0, 1, 0, 0, 0, 0, 0, 0, 1, 0, 0, 0, 0, 0, 1, 1, 1, 1, 0, 1, 0, 0, 0, 0, 1, 0, 1, 0, 1, 1, 0, 1, 1, 0, 1, 1, 0, 0, 0, 1, 1, 1, 0, 0, 0, 1, 0, 1, 0, 0, 1, 1, 0, 1, 1, 1, 0, 0, 0, 1, 0, 1, 0, 0, 0, 1, 0, 0, 1, 0, 0, 0, 1, 0, 0, 1, 1, 0, 0, 1, 0, 1, 1, 1, 1, 1, 1, 0, 1, 0, 1, 1, 1, 1, 1, 0, 1, 1, 0, 1, 1, 1, 0, 1, 1, 1, 0, 1, 1, 0, 0, 0, 0, 1, 1, 0, 1, 1, 0, 0, 0, 1, 1, 1, 0, 0, 1, 0, 1, 1, 0, 1, 1, 1, 0, 0, 0, 0, 0, 1, 1, 1, 0, 1, 1, 0, 0, 1, 0, 0, 1, 1, 1, 0, 0, 1, 0, 0, 1, 0, 0, 1, 0, 0, 1, 1, 1, 0, 1, 1, 0, 1, 0, 0, 0, 0, 0, 0, 0, 1, 0, 1, 1, 0, 1, 0, 0, 1, 0, 1, 0, 0, 1, 1, 1, 0, 0, 0, 1, 1, 1, 1, 1, 1, 1, 1, 1, 1, 1, 0, 0, 1, 0, 0, 0, 1, 1, 0, 0, 1, 1, 1, 0, 1, 1, 0, 0, 0, 1, 1, 1, 1, 1, 1, 0, 0, 1, 0, 0, 0, 0, 0, 1, 1, 1, 1, 1, 1, 0, 1, 0, 0, 0, 0, 0, 1, 1, 0, 1, 1, 0, 0, 0, 1, 0, 1, 1, 0, 0, 1, 0, 1, 1, 1, 1, 0, 1, 1, 0, 0, 1, 1, 1, 1, 0, 1, 1, 0, 0, 0, 1, 0, 0, 0, 1, 0, 0, 0, 1, 0, 1, 0, 1, 1, 0, 0, 0, 0, 0, 0, 0, 1, 0, 1, 1, 0, 0, 1, 0, 0, 1, 0, 0, 1, 0, 1, 0, 0, 1, 0, 0, 0, 1, 0, 1, 0, 0, 0, 0, 1, 0, 0, 1, 0, 0, 1, 0, 1, 0, 1, 0, 1, 1, 1, 0, 1, 0, 1, 1, 0, 1, 1, 0, 0, 0, 1, 0, 0, 0, 1, 0, 1, 0, 0, 0, 0, 0, 1, 1, 0, 1, 1, 1, 0, 0, 0, 1, 1, 0, 0, 0, 0, 1, 1, 0, 1, 0, 0, 1, 1, 1, 0, 0, 0, 0, 1, 1, 0, 1, 0, 1, 1, 0, 0, 1, 1, 1, 0, 0, 1, 1, 1, 0, 0, 1, 0, 0, 1, 1, 1, 1, 1, 0, 1, 1, 1, 0, 0, 1, 0, 0, 0, 0, 0, 0, 1, 1, 1, 1, 1, 1, 0, 0, 0, 0, 1, 0, 0, 0, 0, 1, 1, 1, 0, 0, 0, 0, 1, 0, 0, 0, 0, 1, 1, 1, 0, 1, 0, 0, 0, 1, 1, 0, 0, 1, 1, 0, 1, 1, 0, 0, 0, 1, 0, 0, 0, 1, 1, 1, 1, 1, 0, 0, 0, 0, 1, 1, 1, 1, 0, 1, 0, 0, 1, 0, 1, 1, 1, 0, 1, 0, 1, 1, 0, 1, 1, 1, 0, 1, 0, 1, 1, 0, 0, 0, 1, 0, 1, 0, 0, 0, 1, 1, 0, 0, 1, 0, 0, 0, 1, 1, 0, 0, 1, 1, 0, 1, 0, 1, 1, 1, 0, 1, 0, 1, 0, 0, 0, 1, 0, 1, 1, 1, 0, 1, 1, 0, 1, 0, 1, 0, 1, 1, 1, 0, 1, 0, 1, 1, 1, 0, 1, 0, 1, 0, 1, 0, 0, 1, 1, 1, 1, 0, 0, 1, 1, 1, 1, 1, 1, 0, 1, 1, 1, 0, 1, 0, 0, 0, 1, 0, 1, 0, 1, 1, 1, 0, 1, 0, 1, 0, 0, 1, 1, 0, 1, 0, 1, 0, 0, 0, 0, 1, 1, 1, 0, 1, 0, 1, 1, 1, 1, 0, 0, 1, 0, 1, 1, 0, 0, 1, 1, 0, 0, 0, 0, 1, 1, 0, 0, 1, 1, 0, 0, 0, 1, 0, 0, 0, 1, 0, 1, 1, 1, 1, 1, 1, 0, 0, 1, 1, 0, 1, 0, 0, 0, 0, 0, 0, 0, 0, 1, 1, 0, 0, 0, 0, 1, 1, 1, 1, 0, 1, 0, 1, 0, 1, 0, 1, 1, 1, 0, 1, 1, 1, 0, 1, 1, 0, 0, 0, 1, 0, 1, 1, 0, 1, 0, 0, 0, 1, 1, 1, 0, 0, 0, 1, 0, 1, 0, 1, 1, 1, 0, 1, 0, 0, 1, 1, 1, 0, 1, 0, 0, 1, 0, 1, 0, 0, 0, 1, 1, 1, 1, 0, 0, 0, 1, 1, 0, 1, 0, 0, 1, 0, 1, 1, 1, 0, 0, 0, 1, 0, 1, 0, 1, 0, 1, 0, 0, 1, 0, 0, 1, 1, 1, 0, 0, 1, 1, 1, 1, 1, 1, 1, 0, 1, 0, 1, 1, 1, 0, 0, 0, 0, 0, 1, 1, 1, 0, 0, 0, 0, 0, 1, 1, 1, 1, 1, 0, 0, 0, 0, 1, 0, 1, 0, 0, 1, 1, 1, 1, 0, 0, 0, 0, 0, 1, 1, 1, 0, 0, 1, 0, 0, 0, 0, 0, 1, 1, 1, 0, 1, 1, 1, 0, 1, 1, 1, 0, 0, 1, 1, 0, 0, 0, 1, 1, 1, 1, 1, 1, 0, 1, 1, 1, 1, 0, 0, 0, 1, 0, 1, 0, 1, 1, 0, 1, 1, 0, 1, 1, 0, 1, 0, 1, 1, 0, 1, 0, 0, 1, 0, 1, 1, 1, 0, 0, 1, 1, 1, 1, 1, 1, 1, 1, 1, 0, 1, 1, 0, 0, 1, 0, 1, 1, 1, 1, 0, 1, 0, 0, 0, 1, 0, 1, 0, 0, 0, 0, 1, 0, 0, 0, 0, 1, 0, 1, 1, 1, 1, 1, 1, 0, 1, 0, 1, 1, 1, 0, 1, 0, 1, 1, 1, 1, 0, 1, 1, 1, 0, 1, 0, 1, 0, 0, 1, 0, 0, 0, 0, 1, 1, 0, 0, 0, 1, 1, 1, 0, 1, 0, 1, 0, 1, 0, 0, 0, 1, 1, 1, 1, 1, 1, 0, 1, 1, 0, 0, 1, 0, 0, 0, 1, 1, 0, 1, 1, 1, 0, 0, 0, 1, 1, 0, 0, 1, 0, 1, 0, 1, 0, 0, 1, 1, 0, 0, 0, 0, 1, 1, 1, 0, 1, 1, 0, 0, 1, 0, 1, 1, 0, 1, 0, 0, 1, 1, 1, 0, 1, 1, 0, 1, 0, 0, 1, 0, 1, 0, 1, 1, 1, 1, 1, 1, 0, 1, 1, 0, 1, 1, 0, 0, 1, 1, 1, 0, 0, 0, 1, 0, 1, 1, 0, 0, 0, 1, 1, 1, 1, 0, 1, 1, 1, 1, 1, 1, 1, 1, 0, 1, 0, 0, 1, 0, 1, 1, 1, 1, 1, 0, 1, 1, 1, 0, 0, 0, 0, 1, 0, 0, 0, 1, 0, 0, 0, 1, 1, 0, 0, 1, 0, 1, 1, 0, 1, 1, 0, 1, 0, 1, 0, 0, 0, 1, 0, 1, 1, 0, 1, 1, 1, 0, 1, 1, 1, 0, 1, 0, 0, 1, 1, 1, 1, 1, 0, 1, 0, 1, 0, 0, 1, 1, 1, 0, 1, 0, 1, 1, 1, 0, 0, 1, 1, 0, 1, 0, 0, 1, 0, 1, 0, 1, 1, 0, 0, 1, 1, 0, 0, 0, 1, 0, 0, 0, 0, 1, 1, 0, 1, 0, 0, 0, 0, 1, 1, 0, 1, 1, 1, 1, 0, 1, 0, 0, 1, 1, 0, 0, 1, 1, 0, 0, 1, 0, 1, 0, 0, 0, 1, 1, 1, 1, 0, 1, 1, 0, 0, 0, 1, 0, 1, 0, 0, 1, 0, 1, 1, 1, 1, 0, 1, 1, 0, 1, 1, 0, 1, 1, 1, 0, 1, 1, 0, 0, 0, 1, 1, 1, 0, 1, 0, 1, 0, 0, 0, 1, 0, 0, 0, 1, 1, 1, 0, 0, 0, 1, 1, 1, 1, 0, 1, 1, 0, 1, 1, 1, 1, 1, 0, 1, 1, 1, 0, 0, 1, 0, 1, 0, 1, 1, 0, 1, 1, 0, 1, 0, 0, 1, 0, 0, 0, 0, 1, 0, 0, 0, 1, 0, 1, 0, 0, 1, 1, 1, 1, 0, 1, 0, 1, 1, 0, 1, 0, 0, 0, 0, 0, 1, 1, 0, 1, 1, 1, 1, 0, 1, 1, 1, 0, 0, 0, 0, 0, 1, 0, 1, 1, 1, 1, 0, 0, 0, 1, 1, 0, 0, 1, 0, 0, 1, 0, 1, 0, 1, 1, 1, 0, 1, 0, 1, 0, 1, 0, 0, 1, 1, 0, 1, 1, 1, 0, 1, 0, 0, 1, 0, 1, 0, 1, 0, 0, 0, 0, 0, 0, 0, 0, 1, 1, 1, 1, 0, 0, 1, 0, 1, 1, 1, 0, 1, 0, 1, 1, 0, 1, 1, 1, 0, 0, 1, 0, 0, 1, 1, 0, 0, 1, 1, 0, 1, 0, 1, 1, 1, 0, 1, 1, 1, 0, 0, 1, 1, 0, 1, 0, 0, 1, 1, 0, 0, 1, 0, 0, 0, 1, 0, 0, 1, 0, 1, 0, 1, 1, 0, 0, 0, 0, 0, 1, 1, 1, 0, 1, 1, 1, 1, 0, 0, 0, 0, 1, 0, 0, 0, 1, 0, 1, 1, 0, 1, 1, 1, 0, 0, 1, 0, 1, 0, 1, 0, 0, 1, 1, 1, 1, 1, 0, 0, 0, 1, 0, 0, 0, 0, 0, 1, 1, 0, 1, 1, 1, 0, 0, 0, 0, 1, 0, 1, 0, 1, 0, 1, 1, 1, 1, 0, 0, 0, 0, 1, 0, 0, 0, 0, 1, 1, 1, 0, 1, 1, 0, 1, 1, 1, 0, 0, 1, 1, 1, 0, 0, 1, 1, 1, 0, 0, 0, 1, 0, 1, 1, 0, 1, 1, 1, 1, 1, 0, 1, 0, 1, 1, 1, 1, 1, 0, 0, 1, 1, 0, 0, 1, 1, 0, 0, 1, 1, 1, 1, 1, 1, 1, 0, 0, 1, 0, 1, 1, 0, 1, 0, 0, 0, 1, 1, 1, 1, 0, 0, 0, 1, 0, 1, 1, 1, 0, 1, 1, 0, 1, 1, 0, 1, 0, 1, 1, 1, 1, 0, 1, 1, 0, 1, 0, 0, 0, 1, 0, 0, 1, 1, 1, 1, 1, 1, 1, 1, 0, 1, 0, 0, 0, 0, 1, 0, 1, 1, 0, 1, 0, 1, 1, 0, 0, 0, 1, 1, 0, 0, 0, 1, 0, 0, 1, 1, 0, 0, 0, 0, 1, 0, 0, 1, 1, 0, 1, 0, 0, 0, 1, 0, 1, 1, 0, 0, 0, 1, 0, 0, 0, 1, 1, 1, 1, 1, 1, 1, 0, 0, 0, 0, 1, 1, 1, 1, 0, 0, 0, 0, 1, 0, 0, 1, 0, 1, 0, 0, 1, 0, 0, 1, 0, 0, 0, 1, 1, 1, 0, 0, 0, 1, 0, 0, 0, 1, 0, 1, 1, 1, 0, 0, 0, 0, 0, 0, 0, 1, 0, 1, 1, 0, 1, 0, 0, 0, 0, 1, 1, 0, 0, 0, 1, 1, 0, 0, 1, 1, 0, 1, 0, 1, 1, 1, 1, 0, 0, 0, 0, 0, 1, 0, 0, 0, 1, 0, 0, 1, 1, 0, 0, 1, 1, 1, 0, 0, 0, 0, 0, 1, 0, 0, 1, 0, 1, 1, 1, 1, 0, 1, 0, 1, 0, 0, 0, 0, 0, 1, 1, 0, 1, 0, 1, 1, 1, 0, 0, 1, 1, 0, 0, 1, 1, 1, 1, 1, 0, 0, 0, 0, 1, 0, 1, 0, 1, 0, 1, 0, 1, 0, 0, 1, 0, 0, 0, 0, 0, 0, 0, 1, 1, 1, 1, 0, 1, 1, 0, 0, 0, 0, 1, 0, 1, 1, 1, 1, 1, 1, 0, 1, 1, 1, 0, 1, 1, 0, 0, 1, 1, 1, 0, 1, 1, 0, 0, 0, 0, 0, 1, 0, 1, 0, 0, 0, 1, 0, 0, 0, 1, 0, 1, 1, 0, 1, 0, 1, 1, 0, 1, 0, 1, 1, 0, 1, 1, 0, 0, 1, 0, 0, 1, 1, 1, 0, 1, 1, 1, 0, 1, 1, 1, 1, 0, 1, 0, 1, 1, 0, 0, 1, 1, 1, 1, 1, 0, 0, 1, 1, 1, 1, 0, 1, 1, 0, 0, 0, 0, 1, 1, 1, 0, 0, 0, 0, 0, 1, 0, 1, 0, 1, 1, 1, 1, 0, 0, 0, 0, 0, 0, 1, 0, 0, 0, 0, 1, 0, 1, 1, 1, 1, 1, 0, 0, 0, 0, 0, 1, 1, 0, 0, 1, 1, 1, 1, 1, 1, 1, 1, 0, 1, 1, 1, 1, 0, 1, 0, 1, 0, 0, 0, 1, 0, 0, 0, 1, 0, 1, 1, 0, 0, 0, 1, 1, 1, 0, 1, 0, 0, 1, 1, 0, 1, 0, 0, 1, 1, 0, 1, 1, 1, 1, 1, 0, 1, 0, 1, 1, 1, 1, 0, 0, 1, 0, 0, 1, 0, 0, 1, 0, 0, 0, 0, 1, 0, 1, 1, 1, 0, 0, 0, 0, 0, 0, 0, 1, 0, 0, 0, 0, 0, 1, 0, 0, 1, 0, 0, 1, 1, 0, 1, 1, 1, 1, 0, 0, 1, 1, 1, 0, 0, 0, 1, 1, 1, 1, 1, 0, 1, 0, 0, 1, 0, 0, 0, 1, 1, 0, 1, 1, 1, 0, 0, 0, 1, 0, 0, 1, 1, 1, 1, 0, 1, 1, 1, 0, 1, 1, 1, 0, 0, 1, 0, 1, 1, 1, 0, 0, 0, 1, 1, 0, 1, 1, 0, 0, 1, 0, 1, 1, 1, 1, 0, 1, 1, 1, 0, 0, 0, 1, 0, 0, 1, 1, 1, 0, 0, 0, 1, 1, 0, 0, 1, 1, 1, 1, 1, 0, 1, 0, 0, 0, 0, 1, 0, 1, 1, 0, 0, 0, 1, 0, 0, 1, 0, 1, 1, 1, 1, 1, 0, 1, 1, 0, 1, 1, 1, 0, 0, 0, 1, 0, 0, 1, 1, 1, 1, 0, 0, 0, 0, 1, 1, 0, 0, 1, 0, 0, 0, 1, 1, 0, 1, 1, 0, 1, 1, 0, 0, 0, 1, 0, 1, 0, 0, 1, 0, 0, 0, 0, 1, 0, 1, 1, 0, 0, 0, 0, 0, 0, 1, 1, 0, 0, 0, 0, 1, 1, 0, 1, 1, 1, 1, 0, 0, 1, 0, 1, 0, 0, 0, 0, 1, 0, 0, 1, 0, 0, 0, 1, 0, 0, 0, 1, 0, 1, 0, 0, 1, 0, 1, 1, 1, 1, 1, 1, 0, 0, 1, 0, 1, 0, 1, 0, 1, 1, 0, 1, 0, 1, 1, 1, 1, 1, 1, 0, 1, 1, 0, 1, 1, 1, 1, 1, 1, 1, 0, 1, 1, 0, 1, 0, 0, 0, 0, 0, 1, 1, 1, 1, 1, 1, 0, 1, 0, 0, 1, 1, 0, 0, 0, 0, 0, 0, 1, 0, 0, 0, 0, 0, 1, 1, 0, 1, 1, 1, 0, 0, 0, 1, 1, 1, 0, 1, 1, 0, 0, 0, 1, 1, 0, 1, 0, 1, 1, 1, 1, 1, 0, 1, 0, 0, 1, 0, 1, 1, 0, 1, 0, 0, 1, 1, 1, 1, 0, 0, 1, 0, 0, 1, 1, 0, 0, 1, 1, 0, 0, 0, 0, 0, 1, 1, 1, 0, 0, 0, 0, 1, 1, 0, 1, 1, 1, 0, 1, 1, 1, 1, 1, 0, 1, 1, 0, 1, 0, 0, 0, 1, 0, 0, 0, 1, 1, 1, 0, 0, 0, 1, 1, 0, 1, 0, 1, 1, 1, 1, 1, 0, 1, 1, 0, 1, 0, 1, 1, 1, 0, 0, 1, 0, 1, 1, 1, 1, 1, 0, 0, 1, 0, 0, 1, 0, 1, 0, 0, 0, 1, 0, 1, 0, 1, 1, 1, 1, 1, 1, 1, 1, 0, 1, 0, 0, 1, 1, 1, 0, 1, 1, 1, 0, 1, 1, 0, 1, 1, 0, 1, 1, 0, 1, 1, 1, 0, 1, 0, 1, 1, 0, 0, 1, 0, 0, 0, 0, 1, 1, 0, 1, 0, 0, 1, 0, 1, 1, 0, 1, 1, 0, 1, 1, 0, 0, 0, 0, 0, 1, 1, 1, 0, 1, 1, 0, 1, 1, 0, 0, 1, 1, 0, 1, 0, 1, 1, 0, 1, 1, 0, 1, 0, 1, 1, 0, 0, 0, 1, 1, 0, 1, 1, 0, 1, 0, 1, 0, 1, 0, 1, 0, 0, 1, 0, 0, 1, 1, 0, 1, 1, 1, 1, 1, 1, 1, 0, 0, 1, 1, 1, 0, 1, 1, 1, 0, 1, 1, 1, 0, 0, 0, 1, 0, 0, 1, 1, 0, 0, 1, 1, 1, 1, 1, 1, 1, 1, 1, 1, 0, 1, 1, 0, 0, 0, 1, 1, 1, 0, 0, 0, 1, 1, 1, 0, 0, 1, 0, 1, 0, 0, 0, 1, 0, 1, 0, 1, 0, 1, 0, 0, 0, 0, 1, 0, 0, 0, 1, 0, 1, 1, 0, 0, 1, 0, 0, 0, 0, 0, 1, 0, 0, 0, 1, 1, 0, 1, 0, 1, 1, 0, 1, 0, 0, 0, 0, 0, 1, 0, 0, 1, 1, 1, 1, 0, 0, 1, 1, 1, 1, 1, 0, 0, 0, 0, 0, 0, 1, 1, 1, 1, 0, 0, 0, 0, 0, 1, 1, 0, 0, 1, 0, 1, 0, 0, 0, 0, 0, 1, 0, 1, 0, 1, 0, 1, 1, 0, 0, 1, 1, 1, 0, 0, 1, 1, 0, 1, 0, 0, 1, 0, 0, 1, 1, 1, 0, 0, 0, 1, 1, 0, 0, 1, 0, 1, 0, 0, 1, 1, 1, 0, 0, 0, 1, 0, 0, 1, 1, 0, 1, 1, 0, 0, 1, 0, 0, 0, 0, 0, 1, 1, 1, 1, 1, 0, 0, 0, 1, 1, 0, 1, 1, 1, 1, 0, 0, 0, 0, 0, 0, 0, 1, 1, 1, 0, 1, 1, 1, 1, 0, 1, 1, 1, 0, 1, 1, 1, 1, 0, 1, 0, 1, 1, 1, 0, 0, 1, 1, 1, 1, 0, 0, 0, 0, 1, 0, 0, 0, 0, 1, 0, 0, 1, 0, 0, 1, 0, 1, 1, 0, 1, 1, 0, 1, 0, 1, 1, 1, 1, 0, 0, 1, 1, 0, 0, 0, 0, 1, 0, 1, 0, 0, 1, 1, 1, 1, 1, 1, 1, 1, 0, 1, 1, 0, 1, 0, 1, 1, 1, 1, 1, 1, 1, 0, 0, 0, 0, 0, 1, 0, 0, 0, 0, 1, 0, 0, 1, 0, 0, 0, 1, 0, 0, 0, 0, 1, 0, 1, 1, 1, 1, 0, 0, 1, 1, 1, 1, 1, 1, 0, 1, 0, 1, 1, 0, 0, 0, 0, 0, 0, 0, 0, 1, 1, 0, 1, 0, 1, 0, 1, 1, 1, 0, 1, 0, 1, 0, 0, 0, 0, 1, 1, 0, 0, 0, 1, 1, 0, 1, 1, 1, 0, 1, 1, 1, 1, 0, 1, 1, 0, 0, 1, 0, 0, 0, 1, 1, 0, 1, 0, 1, 0, 1, 0, 1, 1, 0, 1, 1, 0, 1, 1, 1, 0, 1, 1, 1, 1, 0, 1, 0, 1, 0, 1, 1, 0, 0, 1, 0, 0, 0, 0, 0, 0, 1, 0, 0, 0, 1, 1, 0, 1, 0, 1, 0, 1, 1, 1, 0, 0, 1, 1, 0, 0, 1, 0, 1, 1, 0, 0, 1, 1, 0, 1, 0, 1, 1, 0, 0, 1, 0, 0, 0, 1, 0, 0, 0, 1, 0, 0, 0, 1, 0, 1, 1, 1, 0, 0, 0, 1, 0, 1, 1, 0, 0, 1, 0, 1, 0, 1, 0, 0, 0, 0, 0, 1, 1, 0, 0, 0, 0, 0, 0, 1, 0, 1, 0, 0, 0, 0, 0, 0, 0, 1, 0, 1, 0, 0, 1, 0, 0, 0, 0, 0, 0, 1, 0, 0, 1, 1, 0, 1, 1, 1, 1, 0, 0, 0, 1, 0, 0, 0, 1, 0, 0, 0, 0, 0, 0, 1, 0, 0, 1, 0, 0, 1, 1, 0, 1, 1, 0, 1, 1, 1, 0, 0, 1, 1, 1, 1, 0, 0, 1, 1, 0, 1, 0, 0, 0, 0, 0, 0, 1, 1, 0, 0, 0, 0, 1, 1, 0, 1, 1, 1, 1, 1, 0, 1, 0, 0, 0, 0, 0, 1, 0, 1, 0, 1, 0, 1, 1, 1, 0, 1, 0, 1, 1, 1, 1, 0, 1, 0, 1, 1, 1, 1, 0, 0, 0, 0, 1, 1, 1, 1, 0, 0, 1, 1, 0, 0, 1, 1, 1, 0, 0, 1, 1, 1, 1, 0, 1, 1, 1, 0, 0, 1, 1, 0, 0, 1, 1, 0, 0, 0, 1, 0, 0, 1, 1, 1, 1, 0, 0, 1, 1, 0, 0, 0, 0, 0, 0, 0, 0, 1, 1, 0, 1, 1, 1, 0, 1, 1, 0, 0, 1, 1, 1, 1, 0, 0, 1, 1, 0, 1, 1, 0, 1, 1, 0, 1, 1, 1, 0, 0, 0, 0, 1, 0, 0, 1, 1, 1, 1, 1, 1, 0, 0, 0, 0, 0, 0, 0, 1, 1, 0, 1, 0, 0, 1, 0, 1, 0, 0, 0, 1, 1, 0, 1, 0, 0, 1, 1, 0, 0, 0, 1, 0, 0, 0, 1, 0, 1, 0, 0, 0, 1, 0, 1, 1, 0, 1, 1, 0, 1, 1, 0, 1, 0, 0, 0, 1, 1, 1, 1, 1, 0, 0, 0, 0, 0, 1, 0, 0, 1, 0, 0, 1, 1, 1, 1, 1, 0, 0, 1, 0, 1, 1, 0, 1, 0, 1, 0, 0, 1, 0, 0, 0, 0, 0, 1, 0, 0, 1, 1, 0, 0, 1, 0, 0, 0, 1, 1, 1, 0, 0, 0, 0, 0, 1, 0, 0, 0, 0, 1, 1, 1, 0, 0, 0, 0, 0, 0, 1, 0, 0, 1, 0, 1, 0, 1, 0, 0, 0, 1, 1, 0, 0, 1, 0, 0, 1, 0, 1, 0, 0, 0, 0, 0, 0, 0, 0, 0, 1, 1, 0, 1, 0, 1, 1, 1, 1, 0, 1, 0, 1, 1, 1, 1, 0, 1, 0, 0, 0, 0, 0, 1, 1, 1, 0, 0, 1, 1, 1, 1, 1, 1, 0, 1, 0, 1, 0, 0, 1, 1, 0, 0, 1, 1, 1, 1, 0, 0, 0, 0, 0, 1, 0, 0, 0, 1, 0, 1, 1, 0, 0, 0, 1, 0, 0, 0, 1, 0, 1, 0, 1, 1, 0, 1, 1, 1, 0, 0, 0, 1, 0, 0, 1, 0, 0, 1, 0, 0, 1, 0, 0, 0, 1, 1, 0, 0, 0, 1, 0, 1, 1, 0, 0, 1, 0, 1, 1, 1, 1, 0, 0, 0, 0, 1, 0, 1, 0, 0, 1, 0, 1, 0, 0, 1, 1, 0, 1, 1, 0, 0, 0, 0, 1, 0, 0, 1, 0, 0, 1, 1, 1, 1, 1, 0, 0, 0, 0, 1, 1, 1, 0, 1, 1, 0, 1, 0, 0, 1, 1, 1, 0, 1, 1, 1, 0, 1, 1, 0, 1, 0, 1, 0, 1, 0, 0, 0, 0, 0, 1, 0, 1, 0, 1, 1, 0, 0, 1, 1, 0, 0, 0, 0, 0, 1, 0, 1, 1, 1, 0, 0, 0, 1, 0, 1, 0, 1, 0, 0, 0, 1, 0, 0, 0, 0, 0, 0, 0, 1, 0, 1, 1, 0, 0, 0, 1, 1, 1, 0, 0, 0, 0, 0, 1, 1, 1, 1, 1, 1, 0, 0, 1, 1, 1, 1, 0, 1, 0, 1, 0, 1, 0, 0, 1, 0, 1, 0, 1, 1, 1, 0, 0, 0, 0, 0, 0, 1, 0, 1, 0, 0, 1, 1]