#/home/brian/Documents/summer17/Python/VEC/scripts/make_SBM_graphs.py
# GMT Thu Jul 27 21:51:57 2017
# 
0 1000 265 178 2243
1 420 710 305 1652 1988 2490
2 2036
3 2304 1473 4964 2573 4721 1395 3127 2335
4 1476 2086 4582 3857 19 2453 91 1183
5 2531 4260 3209 3151 2707 4361 2618 963
6 4657 1777 3678 1775
7 1712
8 947
9 3488 2308 2536 1003 1356 4660 790
10 2149 4625 4581 333 2289 1874 1110 4347 2108 2143
11 2812 4429 3702
12 864 1409 100 266 2711 3226 2077
13 3235 4444
14 920 4214 4942
15
16 640 1216 1039
17 921 1335 1396 3855
18 1715 3237 4685
19 412 4011 1590 3391
20 1614 3935
21 3624 4813 753 2068 1816 1530
22 2145 2484 358 110 1607
23
24 2745 890 243 1990
25 2978 37 1581 910 3639 3327
26 3832 582 2703
27 1537 1314 1947 2877 942
28 4508
29 1224 3289 2682 2127
30 3897 2418 276 4921 4007
31 1107 2323 1101 499
32 3936 4742 61 1262 4495 816 4655 4221
33 134 3626 1995 367 2544 2395 3836
34 3013 1642 4784 4021 2327 3066 4925 3541
35 4930 679
36 225 2831 223 750 879
37 448 2251 3284 1727
38 1692
39 2015 3925 2351
40 2208 2184 3565 3250 1622 1272
41 2948 2990 2130 2163 2228 3220
42 1168 2840 2586 3273 2463
43 2771 1899 4206
44 1586 1119
45 2923 3648 4474 1083 1346
46 2268 1691 884 510 1919
47 4905 1763 1660 4067
48 1322 107 2684 4461
49 586 2514 3527
50 4763 2372
51 779 2942
52 4672 4314 66 1887
53 1317 639
54 1354 4755 2285
55 3168 603 3647
56 4729 1774
57 2116 717 1166 1757
58 4993 3090 3297
59 1664 1761 4548 4679 2378 4749 4818 4438 3679
60 3141 363 2925 562 3764 2964
61 2874 1947
62 4162 1566 1494 1783 1593 1662
63 4346 1826
64 4219
65 4898 2956 2480 2133 726 1245
66 3204 2824 232 4151 4260 3898 4859 4351
67 912 3600 2008 2258 3188 568
68 576 4994 3367 727 2837 3254 311
69 4977 1595 1060 341 4441
70 3808 3848 1176 3988 327
71 4770 995 4741 4043 2062 2480 3474 724 1950
72 4679 3463 4166 3983
73 4825 3747 2540
74 1768 2608 948
75 1735 2537 4948 3509 3673 3547
76 4451 551 236 1809 3061 3293
77 2104 1853 102
78 579 744 3722 1295 721 4724 2618 2203
79 4141 3245 4952 217 991 671
80 544 1409 1896 2700 2192 3507 2074 800
81 1840 137 2363
82 4614 1415 2351 3166 1368 606
83 2097 3706 740 4997 1342
84 4733
85 3467 3740 551
86 818 860 1786 2910 4103
87 1888 2187 2828 2671 2417 1171 1236
88 1570 1358 4358
89 1472 4646 3336 521 2060 4884
90 3585 3336 4266 1615 3216 4818 1875 894
91 3235 2316 4213 3193 4382
92 2784 3236 3593 2039 1650 3575
93 4985 2068 3623
94 3574 4245 3550
95 4926 2366 870 655
96 3857 1138 1715 2453 478
97 1952 3381
98 1664 3504 2695 2213 1175
99 787 563 4979 1188 2055
100 3519
101 4258 3109 3069
102 3445 2154 2030 4245 2711 2491 4125 1278 2943
103 516 4843 4018 1940 2142 311 1534
104 3184 1201 4682 867 3234
105 1191 1836 2104 2266 3997 1022
106 2697 346 1115 1005
107 1794 2410 2477 3342 4095
108 2848 4833 1535 1735
109 2338
110 2786 3075 1772
111 512 2801 465 378 1981 3487
112 2054 4843 3703 4922 3451 540
113 992 3620 4933 2636 2797 3438 1390 3703 3800 4860
114 2442 3132 3038 3502
115 4706 3205 3175 2600 884 2743 4956 2814
116 1630 2022
117 1472 4259 4805 936 2474 2445 659 1205
118 4593 2127 1447
119 2646 2350 4177 4854 4026 1630
120 4521 3251 1918
121 1955 2606
122 4317 3685
123 4517 4150
124 4324 4585 4746 3883 2235 4574
125 4440 3689 3805 822 2879
126 2010 4860 2846 935
127 1920 3490 2739 1742 3811
128 1216 3425 4290 2439 2352 4923 191
129 2155 3092 645
130 3236 2278 1180 3960 1564 4446
131 1745 3291 3717 393
132 193
133 3235 2292 4027 470 3135
134 752 1379 4598
135 3283 4315 4276 4269 2030
136 1475 1155 3171 4662 2686 3455
137 3223 4853 3057
138 1121 2538 2371 4453 4234
139 2913 259 426 3468 4239 2037 758 3351 2554 1051 2933
140 2264 4835 3262 319
141 217 3979 1598 2375
142 3520 4346 2003 1551
143 1409 4325 2341 2502 2860 4825 3941
144 1089 1883 613 3051
145 4880 794 1054
146 941 3350 703
147 3240 1766 236 2885 2262
148 1881 1234 4330
149 3654 2125 3503 3956 1304 1341
150
151 1126 2519
152 3067 4580 233 212 1911 507
153 3624 1257 3475 1525 1422
154 1465 2564 2542
155 1096 4242 3029 2742 1210 4702
156 4206
157 2513
158 1248 4674 2413 4757 1398 509
159 1985 4706 3526 1497 2490 3775
160 2626 4195 528 3064 4795 3644
161 1217 3684 2705 4534 1181 1887
162 3937 4794 3255
163 514 1575
164 3300 553 1299 3796 2069 600
165 1025 4554 3833
166 1212 2001 4978 2554 475 4732
167 2851 4367 2075 2257 3831 1083
168 4688 2020 3981 2374 3231
169 2727 4773 4463
170 4896 402 811 2869
171 4674 1859 1924 332 4851 1429 2230 1496 2137
172 4961 2421 3217 853 662 1465 2586 4031
173 1049 4319 1589 3926 4279
174 2577 3082 4165 2039
175 2049 2109 4540 1085 3465
176 2793 1458 3977
177 352 1570 1189 682 2381 977 3004
178 2146 3294 1079
179 2850 675 1638 2879
180 4993 3650 4964 3818 2131 404 4921
181 1344 866
182 2691 2239 3359
183 1089 1875 2612 3958 1305 4381
184 2764
185 385 3612 4102 3751
186 2210 2339 1861 1643 3921 1012 281 1501
187 709 2407 3369 3161 2238 4261
188 3520 4781 2646
189 4773 3654 1446 298 4655 1714 4325
190 1283 2886 3380 4874 3768 2083 308 4056 1817 2074
191 1985 3650 303 2967
192 1662 3924 533 4086 3494
193 3804 4481 4744 908
194 1260
195 2840 1932 1597 3853
196 1113 1828 2605
197 2368 2377 2076 902
198 2328 4761 1553 335
199 2248 1794 287 405 1301
200
201 297 202 4410 3956 3525
202 4198 4869 3286 2869
203 1955 519 3177 2573 4527 4787
204 4520 1166 4232 1038 4791 2200 602
205 3455
206 580 1492 2148 4391
207 2337 4067 269 2510 727 1531
208 4105 502
209 2248 1344 2642 562
210 4384 4602 4326
211 3209 3572 3751
212 1600 1062 3754 3511 2801 1332 343
213 4928 3379 2757
214 1510 1958 2801 3095 3897 1052 2429
215 2976 2368 1822 4017 1743 3472 3889 1118 783 4542
216 2753 4347 636 485
217 1805 3750 2022 428 3286 3607
218 585 1695 4908 884 681
219 737 2376 1967 4701 4702 799
220 3969 433 801
221 4032 2754 2221 2863
222 742 3043 1460 2725 966
223 3014 1127 4021 1947 1500
224 1064 4467 2870
225 2546 1915 733
226 4433 4775
227 3912 1603 1652 423 2655
228 896 2613 1919
229 2865
230 1521 4405
231 3344 274 2636 2173
232 2683 4460 4823 439
233 3265 2247 2732 3665 4093
234 1408 1792 2436 4359 2549 2715 4191
235
236 4832 4483 2150 2900 4629 700
237 2739 1927
238 4073 4802
239 4896 4517 809 4427 2869 2697 1947 3356 2110 3685
240 2712 3185 4887 3441
241 1472 1473 3719 4425 4364 2806 1434 958 4319
242 3000 1144 2435 4470 4065
243 4108 1164 2520 2459 4252
244 3051 4584 1099 4205 3950 4060
245 1795 2692 3660 3217 2806 3991 4068 1498
246 2496 1801 4113 4786 569 442
247 1346 425 3086 853 3958 1239
248 917 3169 2374 4470 4270
249 275 4209 571 4211 1453
250 4520 1050 1134 3935
251 1349 4521 3115 1136 2293 2518 4120 2201 1466 4764 3557
252 2792 3890 507 1636 4062
253 640 4508
254 2336 529 1764
255 3780 3653 4990 2359
256 1737 1546 2773 1470 4009
257 1620 338 4012 1810 2009
258 400 1721 3400 2269 3197
259 4960 1840 798 1462
260 4196 2164 1557 785
261 2088 348 894
262 1252 4148 3837
263 4448 808 396 1965 1465 3357
264 1784 1954 2084 4653
265 3905 2371 641 2479 2819
266 1832 3364 1530 4845
267 2410 3277 4474
268 2571 1047 4356 1911
269 3464 937 1875 3241 766
270 4010 621 967
271 1963 4787 3445 3111
272 3168 2755 772 3623
273 2459 1132 4197 1525
274 1446 4651 1071 2098 4180 2742 3192 2804 4282 4239 351
275 1715 1335 2630 483
276 3605
277 3169 4074 589 2319
278 3360 4481 4167 2304 2191 3632
279 4388 2412 3166
280 416 1223 1193 3785 3864 1406
281 2657 2011 4994 3869
282 4608 1802 1597 1870 3167
283 4074 1867 2612 3086
284 2763 3548 1605 4509
285 3464 4944
286 3078 3052 3821 1102 4117 2265 2075 1374 735
287 3999 443 1044 3029
288 3138 1732 680 524 1910 1563
289 4312 3157 1510 1951
290 642 348 2827 941 400 3163 1820 4095
291 3770 3995 4494
292 3394
293 683 4668 1885 2787 3189
294 1801
295 1193 1025 1287
296 1801 3754
297 3802 619 1667 1526
298 2354 3542 701
299 4739 3240 2345 2740 790 634 3421
300 4920 2760 3840
301 2786 3557 1482 3787 3159 4733 1413
302 4801 4010 1613 3794 980 3320
303 4647 3503 2645
304 4096 1443 964 2566 363 1612 2500
305 482 3140 1998 2383 662
306 696 3466 1116 1474
307 1000
308 3091 2804
309 1441 1187 2052 3493 4961 4690 4404 3126 1111 1343
310 1233 4770 3644 1077 982
311 2631 940 1974
312 3619 2151 2567 2416 4759 2042 4188
313 2976 2284 4100 3349
314 1972 4772 733 4717
315 1945 4553 1419 3502 2575
316 4603 3081 651 2916 865
317 2212 2149 4523 4206 3892 3333
318 1986 4772 4582 904 3785 1546 2737
319 4456 2709
320 3972 4058 4651 4012 1886
321 2564 2760 1068 4364 2767 3825 3037
322 1893 2599 4327 2992 2837 4825 954 2053 4767
323 4922 1339 4557
324 2048 2341 4945 1457 2677 2166
325 3577 4099 1959
326 4257 2141 3925
327 1505 3307 428 4336 2642 3033 4602
328 3776 3233 2723 356 753
329 3419 1476 3465 1775 4308 4649 891 4543
330 4013 4798 4527
331 3701 1022
332 1700 1733 1863 2515 596 859
333 825 4411 4862
334 2208 560
335 1139 3491
336 3344 2209 4416 4861
337 1763 3045 4007 3692 4053 2615 4574
338 3943 1298 1027 2409
339 2978 2059 3176 1643 4530 3132
340 3689 2826 4901 2925
341 3282 1358
342 4907 651 2206
343 3483 4879
344 4907 1306 651 1453 1753
345 4664 3125 3535
346 2320 4118 2727
347 4963 1286 1639 656 822 2428
348 2563 1587 4755 4987 1756 1693
349 4040 3080 582 4191
350 1894 2153 1835 4784 4242 1555 541
351 1256
352 2276 1601
353 4460 4579 4700
354 2308 2405
355 3388 1479
356 512 3041 3622 1713 1021
357 697 4082 2875 1645 3751
358 2664 3161 2947 4878
359 2530 2836
360 451 1260 4810 4908 943 2448
361 4579 2083 2238 2351
362 962 1416 428 466 1202 4563 3930
363 2305 3554 1828 4838 943
364 4456 2816 2348
365 3408 2313 377
366 3000 2992
367 1898 1045 4298 3103 3210 1982 1759
368 1585 1914 1091 4133
369 2179 4590
370 4137 4122 2030 1703
371 4282 3538
372 4364 4597 3493
373 2130 2659
374 385 2790 3501 974 3728 531 1788
375 1352 4168 3857
376 3491 3926 4559
377 1255 3881 4944 439 2906
378 3954
379 905 1076
380 4607 3988 2517 735
381 1569 2028 4942 3120 3089 1492
382 3354 2043 3295 4039
383 2724 4810 1713 2164 2965 3192 4868
384 1170 3083 4222
385 3563 2605 753 1758
386 440 2915 2347 2962
387 2065 1468
388 2473 2691 621 3030 3302
389 4352 993 2389 446
390 4360 2327
391 908 3436 1717 4409
392 4752 3674 3206
393 897 906 4685 3216 791 4570 1724
394 1547 773 1243
395 429 1486 3485
396 1758
397
398 4834 4667 3570 2526 535
399 2075 3537 2706 4979 1123
400 2050
401 3741 2823
402 3939 3919 1072 3089 658
403 3947 4828 2805
404 3904 3428 3509 985 3421
405 1676 4333 1517 2003 1492 2230 1053
406 3640 4676 2893 1326
407 1616 4364
408 2904 481
409 1192 4633 4002 4938
410 2543
411 1187 756 4551
412 3908 1807 3094 2712 2009 851 4175 4765 479
413 2772 4150 4583
414 4441 2930 2602
415 2752 3042 3525 1416 4458 1816 3674
416 4833 3927 1350 1367
417 1150 4083 1485 2286 662
418 2022 3052 1516 753 789 3129
419 4218 2403 4258
420 1860 555 2764 2740 665
421 1749 3279
422 4299 4471
423 1121 2310 2539 2126 913 2073
424 3360 1997 2166
425 2955 1928 681 778 619 2217 4476
426 4992 1825 1682 1855
427 1776 3200 3171 2524 3311
428 656 2499 4048 2480 4394
429 4568 4728 3818 1531
430 4953 3662
431 2281 3282 1125 4046 4031
432 961 3372 4783 4848 3223 1881
433 4276 3693
434 3266 1027 2692 617 3825 1531
435 4114 2195 916 565 1878 4125
436 4176 4574
437 4859 4533 4238
438 4837
439 3688 1677 1553 3807
440 648 4522 2700 889 1306
441 2793 1050 2245 2486 4309
442 2225 4268
443 1690 1271
444 4482 3592 4872 2058 2712 4190 984 3934
445 1453
446 4369 4298
447 3680 2955 4687 2961 4823 3423
448 2496 1886
449 1592 3512 1338 4026
450 4352 3676 1770 1838 2712 924
451 1991 2729 4462 3896 4602
452 3396 2376 3085 2222 3058 4766
453 3568 4473 3643 4873
454 3185 1884 1998 1751
455 2633 4669 1239
456 1219 3434 4555 2883 3895 2360 3868 2525
457 4961 3841 3154 3981 4085
458 3712 2625 3099 4319
459 537 4379 4342
460 4777 1404
461 906 4316
462 2234 2443
463 3454
464 2145 3763 2052 2910 4391
465 2176 1415 3847 4830
466 2579 3036 1375
467 4746 2306 1469
468
469
470 4771 2573
471
472 2392 1345 4221 4177
473 4188 953 1644 2356 2393
474 4712 4982 2134 4695
475 2340 2798 4543
476 513 547 676 2441 2506 1338
477 2232 1158 2597 830
478 4625 1947 1141 582
479 3347 3099 3958
480 2467 3613
481 2369 3749 3756 3899 1823
482 4018 1051 1637 529
483 4864 582 4470 2799
484 768 4345 758 1102 1879
485 928 3722 3429
486 2449 3324 1005
487 1801 1482 2139 2394 589
488 4388 4207
489 1252 2213 2485 1305 2845 1471
490 1777 2525
491 2682 2252 1418 2039
492 4725 4589 3093 2837 3829
493 2469 902 2539 1644 4434 3252 2837 3735 4116 1370
494 2201 1999
495 4623 1548 629 1983
496 4249 2412 813
497 4328 2972 1532 2021 4726
498 4730 1085
499 1959 1901 1934
500 4162 950 4390 4556 3539 2454 4601 2102 3742
501 3240 3226 3054 4703
502 4201 2475 2204 4723 3126 3996 4061
503 1425 4730 3683
504 4104 4160 3354 3985 4039
505 2013 2095
506 2153 3581 4949 966 863
507 2209 4717 2128 2749
508 3440 3108 2854
509 596 1366
510 2859 3005 1373
511 3466 3045
512 1573 2671 2965 2109
513 3571 3645 4703
514 2528 3494 872 3574 2653 2527
515 3833 3306 4438 2807
516 2977 2010 2916
517 2042 1531 2644 994 791
518 2193 4555 2253 2727
519 1690
520 4602 925 3798 2255
521 3789 3478 3081
522 2656 1008 4282 3576 598
523 3985 3127 3660 2127
524 4001 1843 3221
525 2017 3163 2844 2917
526 632 4794
527 3601 1738 4463
528 992 1024 3859 2613 3964
529 3216 4139
530 578 1105 2375 546 1521 1011 4148
531 4225 594 1006 4529
532 1378 1125
533 2674 3811
534 977 3642 1652 3717 3831
535 3499 3517 831
536 1016 2689 1456 3716 2294
537 2824 773 2255
538 1649
539 3737 2138 4348
540 4356 1190
541 3347 1330 3194 3718
542 4308 4602 2155 2964
543 4359 2924 3923 1396 4694 1239 2106
544 3264 1094 4626 4533 826
545 4899 1349 2886
546 3567 1957 3303
547 1442 3430 3913 2315 815 767
548 3386
549 1729 1655 1174 4663
550 3617
551 1318 4652 2027 3481
552 672 955 4510 1286
553 2976 4180 1368 3345
554 4296 2345 2787
555 4771 1553 2947 2324 3742
556 3027 3213 2251 2751
557 1928 3594 3179 3469 3956 4694 3422
558 666 565 4434 871
559 2487 679
560 3756 1293 4017 1044 917 2718 2485
561 3067
562 3526 3447 793 3483
563 768 4051 3846
564 4368 3828 3510
565 3648 3237 2249 660 1111
566 3803
567 1232 4140 3076
568 801 2468 1028
569 4436 3018 4916
570 3544 2819 2219 3173 3446
571 2277 1478 4678 1491 3802 2778
572 1539 3388
573 3701 4030
574 4988 4302 2870 2494
575 1793 4859 1276 2566
576 2890 580 2719 4894 671
577
578 3301 998 2442 2060 2798 2575 2351 1270 2075 1214 2175
579 1217 3430 1703 2098 3422
580 4512 3219 1055
581 4216 3603 4598 3814
582 3906 3811 4569
583 1159 4565 1318 3133
584 832 665 1315
585 4475
586 819 4316 3309
587 1144 3121 2131 3740 3985
588 4194 2602 997
589 2925 3405
590 706
591 608 4385 1509 2505 4464 3057 4882 1975
592 2736 1769 3610 3772 1316
593 809 1010 671 2007
594 3201 2537 3306 2219 3945 3741
595 3333 4070 3402 1011 938 3262
596 4282 2302
597 3883 3362 4707 4463
598 2148 773 1163 3795 1752 3195 2591
599 4097 994 2628 3372 2157 3453
600 3907 1797 1231
601 2501 3271 3347 4441 3259 3838 4799
602 1825 2670
603 3333 2474 4723 4501 2522 4155 828 3967
604 2712 3049 1971 734 1937
605 3984 1338 659
606 1641 1549 782 1552 3700 3551
607 1379 2275
608 3819 1416 1673 1514 4907 3437 2878 2677 760 3390
609 2240 3840 754 757 3297
610 3489 1082 4693 2389 4441
611 1881 3330 3859 4884
612 3417 3411 3517 3358
613 1337 2498 3283 948
614 2489 3714 4746 1651 3605 4823 3449 3803 3004
615 3097 2610 1314 735
616 4401 4642 2011 4453
617 1088 727 942 1439
618 1088 4802 2277
619 3559 4112 1045 4662 2329 1531
620 4536 2688 3893
621 1697 4590 1438
622 1771 4428 941
623 1344 4258
624 1891 1794 1043
625 2792 3521 4298 2299 3492
626 2368 4834 1588 986
627 1232 3468
628 952 1402 4587
629 4451
630 4237 4110 4045 1400 1146 4188
631 4960 1626 4711 4156 831
632 4705 645 3975 4331 3669
633 2865 3470
634 1246
635 832 1038 881 2521 4602 638
636 2049 4419 1366 2714 828
637 4808 994 3478
638 3291 2727 1462 3551
639 4186 2854
640 1826 2175
641 4872 3050 1645 4589
642 2633 2845 3110
643
644 1720 4294
645 4530 4764
646 2733
647 770 2597 4551 3565 1838 1168
648 1008 2055
649 3624 1521 892 3719
650 3489 1306 827 4238 3299
651 1408 3823 3417 1021 4926 3775
652 1984 1667 4836 2214 4905 687 2473
653 773
654 4992 2649 3813 3438
655 706 1563 3837 3526
656 3745 1924 4273 1364
657 1521 2234 3669 4350
658 2880 2624 673 3925 2262
659 2185 941 3337 4312
660 1993 1100 3480 2009 2266 2687
661 1874
662 4210 3625
663 1448 4549
664 1572 4319
665 2537 1171 4662 4285
666 2433 4131 3718 1554 2932 1813 4535 795
667 4656 4522 3243 2640 4692 1303 2872 3614
668 4875
669 4648 2121 3842
670 1656 1942 3135
671 1827 3910 3367 4429 4399
672 1057 1034 2286 4679
673 3249
674 3040 4001 773
675 1506 4343 1273 4859 2175
676 3133 2086 3213
677 3920 2862 2871
678 4289 4103 3661 4335 825 4924 3549 3007
679 4424 2875 2178
680 2240 3875 773 3238 3761 2936 2693
681 3771 3180 3641
682 1150
683 3553 1636 3621 3607
684 4717 1926
685 890 1813 774 3693
686 3321
687
688 2820 774 3313 983 1752 3899
689 4936 3684 4669
690 2953 4356 2609 895
691 2592 2273
692 2593 836 1285 3726 2613 2971 3228
693 2105 4611 1758
694 4112 3066 2395 2469
695 1185 3298 1253 3304 720 2693
696 4199 3657 4634 4442 2943
697 1436
698 4101 2835 4409 3641 4442 1597
699 3165 1014
700 1018 1349 1637
701 4464 865 4115
702 4360 2654 2358 3877
703 3747 1957 3144 4723 2679 2040
704 3619 2434 1467 3236 4263
705 1774
706 2033 2196 2778 3388
707 833 2284
708 3778 2846 3647
709 4705
710 2369 2087 2089 3790 3792 1521 4436
711 3208 3265 766 1470 3093
712 1441 4450 4483 4778 1590 3900
713 990 1627 3054 2350
714 1717 3426 1629 4390 2453
715 3245 878
716
717 1268 1670 4607
718 2127
719 2844 1470
720 2065 3492 3076 4129
721 4976 4969 1501 2071
722
723 866 4835 4452 4663
724 1169 827 1207 4806
725 1996 3036 4724 3109 1559
726 1482 2502
727 4083 3540 4119 2650 3485
728 3208 1416
729 1562 2823
730 4386 2122 2481 3065 3959 3097 4351
731 4969 3386 1957 3975
732 4864 2545 4562 3509 2863
733 1403 4076 4791
734 1248 1893 4682 4780 3248
735 3170 4132 4691 2942
736 4721 3546
737 3586 4420 2437 1265 4424 3720 3396 3612
738 1303
739 1233 4414
740 3256 1048 838 1521
741 3768 4976 3922 971 1165
742 2036 1343
743 3848 4210 4546
744 4544 803 2852
745 2752 2803 4964 1679 4839
746 3145 2315 2732 2525 3863
747 1032 4748 2388 4529
748 2827 3269 853
749 2034 4613 4919
750 1408 2856 3855 3271
751 2794 2796 1158
752 2232 2994 4099 1186
753 3846 2317 2770
754 4941 1845 2391 3391 3957
755 2864 4763
756
757 1658 3012 2961
758 1865 1291 2228 3128
759 4456 4060 4092 3294
760 3465 3725 1165 3410 3928 1679 1791
761 3665 1351
762 4606 935
763 2883 4423 4362 3819 1468 4522
764 882 2930 2221
765 2537 1986 2026
766 4996 4811 1235 2485 3100
767 3088 1549 1078 3271
768 2535 2442 1963 3474
769 2192 3536 4838 871
770 1665 1605 2922 2795 2802 1173 4823 2078
771 3122 2906 1789
772 4346 1076 2690
773 1254 3789 3729 3323 1578
774 1673 4754 2996 4632
775 2449 3346 1524
776 2667 1565 4269 3479
777 3757 1226 2075 1221 1551
778 4679 1195 3225 1082 2908
779 2177 3626 4255
780 2424 1907 1502
781 2530 1140
782 2913 2137 1694 2165
783 3312 3470
784 3720
785 2392 2595
786 2728 3361 1454
787 2454 3455
788 3626 1166 2064 2834 1278 2750
789 2010 4057 1371 2098
790 1959 4499 4186 3004
791 2288 2504 2031
792 3144 4724
793 1985 3877 1426 2294 4059
794 3826 4797
795 4836 1690 1022
796 1136 1340 2366
797 4000 1559
798 1682 4132
799 1156 2986 977 3063 1305
800 1217 805
801 1696 2279 4457 1230 1629 984 2647 4893
802 3184 1441 4172 3662
803 2179 1367
804 1731 2094
805 3299 3655 3696 2179 3604 3101 1598
806 4831 4963 2759 1007
807 3335 3657 3375 3697 1747 4278
808 1807 1099
809 3352 2163 1609
810 3096 4803
811 4139 3078 1531
812 4952 2261 3974
813 962 938 2388 3580 2666
814 1213
815 2944 3781 1578 4579 2357 3702
816 3313 2650 3820
817 4473 1036 4517
818 4520 3473 1731 1409
819 1184 2441 4658
820 3632 2076 3013
821 1521 1407 1708 2017
822 3472 1306
823 3426 2787 3879 2960 3541 1434
824 1915
825 2824 4539 1740
826 3934
827 2851 4940 3437 3094
828 4069 3558 1364 2461
829 3504 2095
830 4448 2625 2082 3124
831 4043 4871 2729 3307 4465 1844 1628 1321
832 4498 3238
833 3009 1861 1357 4529 2932 4250
834 4033 4778 2412 1933 1903 3059
835 2016 2780 3884 3247 2227 2296 3514 4444
836 4365 3637 2821 1911
837 4603 3742 4775
838 3170 1106
839 1497 4143
840 2993 1026 1452 3330 4326
841 2450 4099 4853
842 4463
843 4867 2348 2331 3356
844 952 1249 3964
845 3553
846 3097 2643 3915
847 4645
848 1330
849 4592 4685 1439
850 3936
851 3739 1258 4755 4959
852 4827 4045 2446
853 3457 2038 4844 2614 3390 2949
854 4449 4998
855 1067 4763 1143
856 2362 3347
857 4577 2159 4453 4071
858
859 4493 1526
860 3370 1718 1511
861 3904 3949 4399
862 3242 4811 2908 1565 4662
863 952 1577 2554 1046
864 2048 1377
865 2613
866 1444 4773 1806 3279 1042 4664 1466 2325
867 975 4055
868 4976 1540 4528 3827 2741 3357
869 2306 4911 4132 1071
870 3647 2069
871 4800 1986 4619 1494
872 3759
873 1522 1747 958
874 2148 3207 4907 2225 3731 2707 3733 1172 1950
875 4560 2280 2166 1398 1447
876 3128 4386 4858 3413 1487
877 4616 2989 4949 1509
878 4508 4956 1573
879 2417 3075
880 3032 1316 3278
881 1056 3809 2833 4596 1116
882 1144 4184 1605 1534
883 4802 4189 3557 1526 4325
884 2625 1541 2637 2288 2740 3259
885 3692 3796 949 1678 3215
886 2914 3816 2800 2964 3674 926
887 3601 3071
888 1156 1132 4332 1680 4820 1494 3134
889 1185 4682 1627 2461
890 2832 3845
891 2029 3753
892 4034 3842 3412 3385 2781
893 4305
894 3366 2087 2262 2845
895 3738 1094
896 4580 4374 3851 3732 1814 3929
897 993 2215 2311 4561 3419 4254 2271
898 1801 1853 3174
899 1251 3749
900 3497 3310 2479 915 2862 2425 3005
901 4678 3532 4174 2673 3572 4186 4830
902 2085 1799 1747 1243
903 2964
904 3939 2510 1520 2718 4735
905 2322
906 3748 2126 3431
907 3642 2795 4202 3662 4799
908 1930 3372 4944 919
909 2746 2588 2965 1630
910 2700 4563 2500 2477
911 3058 4357
912 4822
913 4847
914 3904 3233 1256 1911 4185 3129
915 1507 1685 3599
916 1564 3202 4755 3735
917 3781 4604 3160 4951 3900
918 3585 3538 4019 4237
919 3453 2919
920 2053 3721 2000 3378 4473
921 1947 1460 4951
922 4344 2153 1339 4348
923 2961 2786 4613 2598
924 1616 4108
925 1314 1092 1036 4716 1008 3893
926 3566
927 4412 1638 4150 3871
928 935 1287 2546 2332 2589
929 1304 3402 4146 2502
930
931 3745
932 3590
933 4100 2830 4815
934 2746
935 4419 1740 1069 3347 2521 4956
936 3192 1586 1438
937 4261 3234 1653
938 3960 1674 4854
939 2694 4710 1159 2957 4147 3359
940 4073 2335 3732 1892
941
942 3917 1616 2161 3096 1309 2047
943 4480
944 3633 4535 2630 3127
945 2680 1642 1317 4557
946 2633 2147 4525 3998 4575
947 4353 2710 3851 1206 4153
948 3344 2112 4383
949 4088 3867
950 2480 3993 1541
951 3546 3907
952 2245 3824 4150 4026 4670
953 1260 2564
954 3820 2413 1775
955 3392 2548 3222
956
957 4833 2266 4390
958 2562 4931 2897 2457 4188
959 4793 3058 3669 1055
960 1312 3458 3207 2479 1970 4502 3421 3102
961 4464 4520 2090 2068 3626
962 1401 1860 2229
963 4167 4904 2860 3698 3703 2008
964 2072 3146 2390 2889
965 3333 2502 3176 2058 3376 4819 1529 1786 3771 3484
966 3952 4587 4044
967 2371 4837 4039 3399 4315
968 3233 3202 2411 4233
969 3952 3626 2181
970 3884 4357 2223
971 1940
972 3664 3329
973 1876 4533 2543
974 1514 3375 2670 2461
975 1543 1578 1166 4854 1849 3870
976 1953 4486 4743 1515 1871 4463 1159
977 3776 4311 3316 3575
978 4627 4395 4268 4525 4351
979 4751
980 2625 3562 4470 2807 3608 4313
981 4272 1849 1035 2724
982 1185 1123 1253 3526 2347 2352 4339 4892
983 1443 4398
984 3339 2926 2013 3384 2845
985 4824 4751 3255
986 1441 2667 3719
987 1506 4198 4620 3154 1588 4509 3006
988
989 2202 3063 4311
990 3075 4604
991 2507 1424 2355 1908 4086 2681 4383
992 2824
993 1675 3599 4083 1463 3295
994 2433 4589 4340 4597
995 2808 4012 1518
996 2896 4794 1005 1063
997 4546 2643 3123 1652 1942 4217
998 1824 3011 4770 4829
999 2832 4883 3566 1647
1000 3681 3662 2384 4021 3646
1001 4331
1002 1754 2727 4791
1003 3530 1715 3245
1004 1249 3237 4236 2223 2995 4182 2618 1403
1005 1509 4646 1190
1006 4200 1947 4541 2095
1007 3877 4073 1166 3761 2163 3484
1008 1253 4815 2993 2264
1009 1275 1726
1010 4424 2172 1855
1011 4280 1137
1012 3262 1113 4351 4698 1150 1983
1013 3195 4709 2254
1014 4384 2177 2635 1233 4894
1015 1737 1586 3203 2964 1644
1016 1409 4514
1017 3318
1018 2274 3274 3266 2799 1150
1019 1099 4932
1020 2734 3206
1021 4770 3492 3207 3101
1022 1605 3282 2553 4254
1023 4457 3931 3475
1024 4825 4692 4868 1457
1025 2755 4118
1026 2936 3452 2025
1027 2658 2534 3274 2802 2845
1028 3656 3610 3981 1431
1029 3891 3997
1030 1456 1434
1031
1032 4928 3783 3305 3628 3263
1033 3296 1905 2737 4039
1034 3274 1093 1334
1035 1696 2113 4459 4142 4886
1036 2882
1037 2593 1538 3813 3501 4316 2495
1038 4432 1797
1039 3146
1040 1521 3631 1201
1041 3011
1042 3663
1043 2928 1989 1874 1458 1047 3133 3966
1044 3400 3872 1998
1045 4994 2475 2053 3912 2252 4765 1061
1046 1552 1511 4398
1047 3072 3123 1780
1048 4145 4627
1049 1233 3222 2393
1050 4521 1262 3753
1051 4291 3531 3719
1052 3332 3913 1805 1838 2159
1053 3792 3991
1054 2280 4792 4605 4361
1055 4609
1056 2667 3124 2340 1095
1057 3016 2432 3097
1058 2192 3120 4044 4117
1059 4377 3604 2173 1831
1060 2584 4456 3923 3735
1061 2651 1916 1590 1279
1062 2576 1523
1063 4000 1640 1462 1540
1064 4576 1965
1065 2987 2300 2134 4119
1066 1986 3431 4296 4172 4270 2675 2686
1067 2037 2019 1773 2165
1068 1164
1069 3456 1156 2244 3462 1190 2384 1941 2551 1529
1070 2648 2676
1071 3176 3081 3244 2392
1072 4768 2728 3803 1564 3741
1073 2467 2709
1074 1721 1117 1823
1075 3443 3925
1076 3291 4580 2822 4300
1077 4464 3186 4900 2482
1078 4050 1991 4071 1458
1079 1461 2494
1080 3937 4775 2058 2991 4374 3832 2461
1081 2696 3499 1259
1082
1083 3023
1084 4448
1085 3617
1086 2267 4973
1087 1800 4288 3891
1088 4675 1935
1089 4033 1258 1657 4442 2013
1090 2536 1705 4845 4077
1091 1873 3224
1092 4256 3138 3083 3019 1181 3064 3101 2014
1093 3635 1972
1094 2544 1334 2038
1095 3044
1096 4401 4869
1097 4625
1098 2064
1099 3586 2343 2658 1486 2202
1100 3484 1260 4873 3977
1101 4960 1691 3338 1467 4318 2655
1102 1602 3974 2118 2156 4493
1103 2776 4195 3740 4246
1104 2938 2891 1122
1105 3842 4227 3337 3191 2938 3451
1106 4633 2121 4399
1107 1122 2469 2186 2946 3854
1108 4330 4442 1590
1109 3154 4642 3815
1110 2248 4478 3862
1111 3381 1361 1460 1846 1789
1112 4056 3831 3335
1113 3195
1114 1376 4537
1115
1116 3293 4230
1117 2840 1493 3605
1118 2210 1706 4949 2971 1887
1119 3052 4070
1120 4900 3955 2148
1121
1122 1496 3992 2230
1123 3672 4530 3412 2872 4250 3901
1124 4034 2788 2856 2668 2380 3475
1125 3507 1223
1126 4699 4039 4830
1127 1943 4188
1128 2216 1444 1692 4933 3686
1129 2704 2283 3676
1130 2608 2621 1743
1131 2284 1926
1132 2842 2725 2607
1133 4876
1134 4121 1399
1135 4000 4505 1661
1136 2006 2844 2953 2294 3832 2821
1137 4800 4417 1959 4012 2198 4824
1138 4444
1139 3959 2404
1140 4448 4306 4507 1774
1141 2274 1925 3018 2479 4465 4510 1238 4125
1142 4001 2982 2305 3821 3607 1403
1143 1805 3218 4371 2774 2939 4572
1144 3874 2178 1650 1845
1145
1146 4088
1147 1223
1148 2912 2500 2413
1149 2597 1183
1150 3590 4184
1151 3152 1801 2204
1152 3240 3841 3429 2304
1153 4032 1745 3075
1154 2968 2129
1155
1156 4800 3812 3369 4233 2429 3422
1157 3392 4203 4183
1158 3715 2117 1702 1961 3126 4535 2716
1159 1168 3460 1182
1160 3907 3630 1863
1161 2945 3939 4823
1162 1268 1626 3588
1163 2305 1480 2322 4629 3291
1164 4609 2274 2725 2178 4557 1678 4274 4504 1369 2015
1165 1890 4727
1166 2253 2456
1167 1556 3978 1963 2708 2841
1168 1722 1594
1169 2163 4934 2815
1170 4609 2961 3681
1171 4108
1172 2420 2700 2066 4103
1173 2160 3850
1174 4710 1930 4942 2002 3386
1175 4018 1974 2359
1176 4513 1283
1177 1841 3212 1941 3022
1178 2976 4521 4756 3553
1179 2612 2500 3798 1782
1180 3841 1555 3182
1181 1892 1389 3729
1182 1737 3754 3330 3354
1183 3074 4334
1184 3193 2237
1185 4992 1475 4326 4177 2366
1186 3178 2102
1187 4576 4105 4938
1188 2551
1189 4376 2187 4684 4597
1190 3430 1820 4714 3443 4076 4882 3827
1191 3272 4166
1192 1319 2862 4240 1489 2387 4753
1193 4401 3330 1983
1194 4036 4230 1608 1872 3411 2422 1375
1195 4833 2811
1196 3342 2099 1784 2623 1939 3839
1197 3720 3713 4027
1198 2489 3657 2034 3997 2837
1199 4536 3431
1200 3257
1201 2742 3589 1544 2069 2966 4345 2175
1202 1712 2109 2234
1203 2745 2699
1204 3107 4715 1748 2663
1205 1539 4069 2666 3213 1326 3439 2014
1206 3360 4193
1207 2617
1208 4169 2610 1371 2874
1209 1992 4837 2332 3253 2263
1210 2213 1273 4965 3157
1211 3377 2443 3508 2022
1212 1386 1357 3827 2452 2136 2621
1213 3168 4915
1214 2564
1215 2640 2176 4815
1216
1217 1453 1443 1811 2398
1218 3814 4238 2551 4984 2233 3292 2173 2974
1219 3042 1508 2695 2338 2861 2357 3318
1220 1768 4599 1788 4637 2639
1221 4808 2994 4773 4367
1222 1665 1897 3350 1855
1223 4456 4184 3675 4061
1224 4448 1606 4710 3916 3583
1225 2241 4383 4247
1226 2256 2054
1227 1271 3851 1812 4645 3255
1228 3265 3585 3855 4149 2681 3422
1229 1796 3506 3908 4421 2865
1230 3496 3739 3416 2945
1231 4388 4361 2804 4393 3868
1232 3730
1233 2956 1840 2969
1234 2800 3620 2182 3292
1235
1236 4897 2563 1581 2574 2904 1978
1237 2512 1321 3175
1238 3222 1605
1239 2624 2436 2666 1739 1940
1240 3648 2771 2947
1241 3089 3082 2279
1242 3323 4428 3245 4591
1243 3572 2244 3758
1244 2666 1740 3518 2774
1245
1246 2600 1580 3284 4348
1247 1729 4260 4300 3269
1248 1714 4543 1429
1249 2363 4071
1250 4000 3730
1251 3761 3578 1858 4839
1252 1989 3853 2096 4018 3288
1253 1280 4177 2130
1254 2732
1255 4768 1567
1256 2369 4261 1612 1580 3707
1257 2578 2839 2813 3833
1258 2032 2114 4909
1259 4267 4028
1260
1261
1262 4104 4686 2576 4307 2196 2933 2554 2207
1263 2345 1766
1264 3745 2116 3141 2959
1265 4183 4519 2334 3497
1266 1282 4803 4527 2289 3218 3571
1267 2938 3891 4452 1598 4167
1268 4015 3827 3226 4926
1269 3785 3273
1270 3952 4091 4244 4437
1271 3579 2099 1562 2684
1272 3891 2396
1273 2192 4116 2396
1274 2052 1858 3732 2894
1275 2818 1579 1370 3981
1276 2049 1960 4171 2354 2618
1277 1401 2617
1278 4932 2857 3665 1636
1279 3106 3917
1280 1890 2153 1489 3445 2264 3516 1759
1281 4089 1948 4445 1607
1282 1417 2599 2373 4377
1283 3168 3153 4216 2141
1284 4114
1285 2201 2330 3564 3265
1286 3947 4490 1835 2606 1904
1287 3081 3854 2833 1534 2199 4059 4637 4638
1288 4882 3890 4790 1402 4731 4894
1289 3052 1890 4004 2981 4791
1290 4216 4907 1611 2019 1780
1291 4158
1292 1642
1293 4931 1606 4079
1294 2908
1295 2006
1296 2931 1603
1297 4384 2505 2554 3002
1298 1760
1299 3041 2180 3246
1300 3529 4634 3623 4702 2767
1301 4326 4748 2547 4273 3187
1302 3104 2297 2850 4533 1910
1303 3972 2357 3447 1438
1304 3440 4265 4463
1305 3752 2093 4242
1306 2894 1551 2136
1307 2851 1644 3869 1870 4397
1308 2768 4633 1514 3299 4391
1309 3992 1665 4122 2221
1310 4717 2727
1311 4898 1739
1312 3983 4048 3159 4251 4989
1313 4463
1314 2983 2156 4829
1315 2626 2613 3911
1316 2308 4837 2606 2041 3321 1917
1317 1633 3216 3193 1723
1318 1765
1319 2849 3782 3069 2814
1320 4211 3004
1321 3089 3478 3527 2792 3176 1780 4598 2428
1322 2401 2412
1323 1573
1324 4408 4745 3048 2872 4111
1325 4505 3682 4155 3380 3814
1326 4033 4441 2556 3999
1327 4050 4422 3670 4071
1328 2448 3027 4413
1329 3793 3723 2614 2566
1330 1764 1397 3702 4697
1331 4434 4307 2662
1332 1381
1333 4076 4366
1334 4224 1757
1335 4950
1336 4857 4654
1337 4329 2667 3374 1947 1756
1338 3464 3899
1339 1928 3931 2268 3741 1531
1340 1792 2665 2699 2485
1341 3168 1794 2672 3767 3803
1342 1969 2230
1343 2977 3531 3333 1801 2923
1344 2177 3210 4694 2936 1372
1345 4648 2501 3088 2165
1346 3835 1487 3756
1347 3058 1724 4902
1348 3033 1706 2714 3974
1349 3622 2414 4432 1716
1350 3878 3848 1805 2568 4114 4121
1351 3013
1352 2984 2549
1353 4659 4972
1354 3169
1355 2245
1356 2562
1357 2944
1358 1656 3342 2231
1359 4376 3855 2911
1360 3457 4406 3030
1361 4363 3147 2331 2975
1362 2993 1530 3308 4295
1363 3386 4663
1364 3750 4181 2776 4862 2271
1365 1416
1366 3771 1774 2203 3451
1367 1399 3749 3015
1368 1602 1892 3563 3309
1369 4954 2722 4687
1370 2722 2806
1371 4733
1372 4495 4044 3103
1373 1449 1938
1374 3352 1627 4167
1375 2240 3868
1376 4008 4028
1377 2448 4594 1388
1378
1379 4815
1380 2972 4996 3308
1381 2512 3453 1655
1382 2482 2757 4559
1383 2855 2504 3273 2027 2288 2088 3122 2390 1467
1384 2058 1820 3069 3175
1385 2562 1651 1930 2511
1386 4067 1901 2095
1387 1599
1388 1442 3183 4043 2071
1389 2098 1655
1390 2720
1391 2843 3137 3827
1392 2734 4431 4718 2391 3004 4414
1393 4513 4486 4231 4682 4816 4479
1394
1395 4611 2278 4327 4425 1772 4431 1499
1396 4504 4759 1657
1397 3776
1398 2315 2264 2814
1399 3374
1400 3666
1401 4995 3398 2727 1964 4560 3474
1402 1953 2919 4784 3092 3702 2200 2462
1403 4528 3013 3980 3088 4859
1404 3072
1405 2763 2510 2194 4787 4823 4410 3167
1406 4931 4011 4781 1589 3356 2909
1407 3704 1970 2378 4693
1408 1608 3212 4442
1409 3361 1635
1410 2620 4332
1411 2792 2474 3571
1412 4323 4008 2762 3630 1616 1939 3316
1413 4585 2749
1414 3014 3850 4812 4430 4206 3510 1943 1531 3516
1415 2849 2660 1422 4534 4411 2366
1416 2899 2298
1417 4289 2478
1418 3951
1419 3104 1628
1420 1911 3505 3988 2903 2968 3508
1421 2001
1422 4001
1423 3106 2339 1777 3985 1651 4436 4054
1424 3176 2097 2899 4947 2810
1425 3576 3129 3898 1736
1426 2970 4373 2209
1427 4280 3482 3975
1428 4841 2919 1981 1550 4671
1429 2021 2037 2935 2203
1430 3265 4710 4993 3593 1652 4378 4475 3900 3965
1431 2686 3583
1432
1433 2019
1434 2997 1558
1435 1513 2420
1436 4143 3959
1437 1696 4090 2844 2478
1438 3654 2990 3189 4791 4926
1439 4811 2204 3429
1440 4953 3947
1441
1442 4224 3208 2998 3167
1443 3327 1549
1444 3088
1445 3527
1446 3221 4182 4405
1447 3363 4058 2630
1448 3200 3875 3300 3786 2420
1449 2129 3873 1847
1450 1610 2140 3159
1451 4267
1452 4231
1453 2632 2093 4979 3124
1454 3911
1455 2729 2755
1456 4423 4940 4273 3318 4796
1457 3932 3555
1458 3229
1459 4746 4751
1460 4131 3524 2982 1847 4893
1461 4161 3428 2213 4042 2067
1462 4509 1910
1463 2400 2214 2145
1464 4045
1465 3490 2665 1963 3441
1466 3612 3270
1467 1615 1585 3602 3028 4159
1468 3852 4221
1469 2818 4732 3675 3791
1470 2960 3482
1471 3306 4836 2590 4233
1472 3474
1473 1563
1474 2770 4270
1475 1952 4420 4390 2859 2389
1476 3783 4200 4946 3157
1477 4232 3617 3000 4972 1568
1478 4737 3927 3235 3335
1479 3427 3886
1480 3243 2254 4719 2128 4212 1566
1481 4724
1482 3195 4267
1483 2245 2021 3366 2101
1484 2420 2469 1494
1485 1496 4018 3587 2433
1486 3148 3779 4948 3413
1487 4099 2733 2051 4030 4639
1488 4553
1489 1797 3976 4830 3461
1490 2941
1491 2297 4037 3966 4718
1492 2738 4666
1493 1619 1595 4642 2243
1494
1495 4073 2510 3070 4271
1496 3225 4742
1497 3776 4419 3337 2679 4733
1498 3785 4130 2771 3073
1499 1883 3990
1500 3706 4382
1501 1600 2978 3555 4554 2990 4303 3171 2069 3094 2999 4533
1502 3394 4677 3462 2470 2972
1503 2539 4774 2807
1504 3326 1785 1529 2490 2811 4510
1505 3129 4651
1506 3212 1958
1507 4453
1508 2040 3033 4429 2445
1509 1902 3007 3804 2399
1510 2370 3122
1511 4384 4412
1512 1815 4851 2540 2677 1599
1513 3013 2451 3669 3303
1514 3105 4848 1822
1515 3241 3025 3157 3399
1516 4112 1739 3598
1517 2121
1518 2980
1519 1817 2674 3171 4260
1520 4755 1925
1521 3798
1522 4248 1770 3575
1523 3760 3556 4895
1524 2035 2255
1525 1762 4425 1593 3455
1526 2403 2966 2718
1527 2458 3205 3637
1528 1945 4435 3421
1529 1647 2611 2069
1530 4262
1531 2082
1532 2091 2229 2305
1533 3630 2062 4431
1534 4793 3354 3067 3100 2429
1535 4632
1536 4560 4354 4180 2269 4918
1537 4809 2196 2917 3958
1538 3624 2040 1937
1539 1732 4079
1540 2441 3935 1636
1541 4245 2039
1542 2773 3383
1543 4304 4968 3551
1544 1909
1545 2080 1912 2740
1546 2665 2712 2389 4728
1547 2752 4560 3142
1548 3236 4392 2909 1938 2740 2013
1549 3637 2613 4910 3631 3192 2105 2522 4126
1550 2947 4285
1551 1969
1552 3440 3153 1554
1553 2565 4457 3215 2110 1695
1554 1985 3722 4236 1775 2451 3129
1555 3912 4072
1556 3792 4034 2365
1557 4168 2497 3026 3133
1558 3793 3803 3540 4538
1559 4164 3822 3984 4275 2006 4511
1560 4232 2258 1995
1561 2896 1777 4603 1709
1562 4034 4561 3954 2847
1563 4351
1564 3136 4022 2943
1565 3548 3950 2439
1566 2033 4292
1567 2617
1568 2904 4033 1847 3213
1569 3656 1746 1725 2722
1570 2906
1571
1572 1616 4800 4085 3030
1573 4716 2477 3601 1811 2749
1574 3604
1575 3116 3158 4223
1576 4808 1609 2829 2350 4345 2205
1577 3351 3571
1578 4196 2860 2766 4440 4860 3311
1579 3218 3300 2822 4167
1580 2185
1581 3992 3020 2366
1582 3184 2629 3542
1583 2760 3156
1584 2489
1585 2712 2380
1586 3969 4435 3033
1587 3249 2931 2492 4373
1588 3943 2759 2604 4375
1589 4102 2283 4887 4282 2524
1590 2087 3987
1591 2867 3614 2023
1592
1593 4785 3683 3839
1594 2872 1688 2786 2721
1595 2584 3387 3075
1596 2021 2670
1597 2343 4181
1598 3177 4971 4910
1599 4940 2197 2037
1600 3456 1991 3370 3787 3158 2075
1601 4996 3991
1602 2753 2979 2693 3079 4727
1603 3586 3134
1604 3944
1605 4552 3756 2606 4752
1606 3608 2534 4993
1607 3553 1781
1608 2225 2368
1609 2915 3461 4560 3000
1610
1611 2467 1831 2889 3239 2189 4117
1612 3654 4235 3112 3348
1613 3977 3603 4670 3689 4253 2942 3647
1614 4610 3817 4943 4184 3967
1615 4097 3878 2337 2454
1616 4416 4994 1800 2651
1617 4117
1618 3825 1763 4958 4414 2335
1619 2675 1660 4334 3247
1620 1689 2186 2562 3943
1621 4483 4011
1622 3155 3901 2870
1623 2360 1673 3970 4252
1624 4394 4228
1625 3584 2740 4022 4950
1626
1627 4086
1628 4017 2058 3291
1629 3485 3873
1630 2364 2850
1631
1632 3657 2667 2212 2574 4575
1633 3428 3216 2292 2236 3045
1634 4033 3730 1787 4957
1635 3520
1636 1699 3388 2940 2385 3800 3451
1637 4136 2219 2239
1638 1806 1839 1684 3064 4347 2399
1639 3091
1640 2899 4379 3370 4110
1641 3280 4169 3988
1642 3872 3697 4776 1901 2678 2715 4031
1643 4300 2058
1644 2562 4198 1726 1954
1645 4539 2455
1646 4382
1647 4554 2379 3117
1648 2827 2445 3023
1649 4626 4910
1650 1756 1666 3504
1651 3442 4916 4725 2313 4089
1652 2377 2051 2324
1653 2369
1654 4176 1860 3692
1655 1827 4773 4216 3452
1656 4065 3717 4267 2926 4558 2138 1788
1657 4640 2530 2222 2454 2681
1658 4313
1659 2216 3639
1660 4623 1719 2008 1854
1661 4177 3101
1662 4400 1987 2142
1663 1878
1664 1979 2615
1665 4139 4556 2381 3281 4917
1666 3706 2703
1667 2931 4836
1668 2759 4539 2686 3431
1669 2737 3083 4589
1670 3647 2094 3687
1671 4418 4893 4518
1672 2592 4198 4211 4471 4283 2268
1673 1706 2705 4790 2748
1674 3209 1740 3820
1675 4420 4676 2783
1676 2641 2291 2326 2967
1677 2721 3154
1678 3075 4891
1679 2655
1680 2104 2378
1681 4034
1682 1745 3607 2332 1898
1683 1713
1684 1730 2884 2750
1685 3692 3598 3815
1686 1779
1687 2347 4331 3129
1688 2560 4475
1689 4456 2658
1690 4711 2673 3289 3389
1691 4766 2492 2711
1692 2826 4700
1693 1954 4909 2986 3479
1694 3891 1915
1695 4920
1696 2971 2925
1697 1956 2085 1992 3086 3664
1698 2176 4816 2805
1699 4932 2998
1700 2611 4709
1701 3332 3886 4463
1702 2744 4058 2891
1703 3724 4933 4117
1704 4911 3604 3518 2423
1705 2055 4432 4632 3677 3838
1706 2887 3208 4977 4054 2936
1707 1944 3593 3630 4622 3111
1708 3000 2690 2883
1709 2016 2090
1710 4400 3947
1711 4615 4527
1712 4136 3659 3710 4351
1713 2571 3435
1714 3796
1715 3330 3915 4334 3802 4222
1716 4224 2048 2881 3336 3983 2386
1717 4476 2930
1718 3904 2508 3546 3554
1719 4883 3014
1720 4622 2439
1721 2721
1722 4035 2405 3057 2536 2225
1723 3688 2444 4695
1724 2095 2188 3023
1725 4723 1797 3505 2579 3062
1726 2485 2073 1924
1727 2834 4062 4077
1728 2814 2502
1729 3537 4707
1730 3300 1765
1731 3456 3777 3677
1732 3754 4879
1733 4707 4059
1734 4960 4288 2860 2001 3091 4700 2271
1735 3482
1736 3755 3893
1737 2753 4076 2452
1738 2272 4874 4335 1971 2645
1739 2924 2308
1740 2583
1741 4957 2374
1742 3369 2475 4157
1743 4581 4111 2388 4479
1744 2193 4308 2502 3854
1745 3424 2845
1746 3320 4778 4381
1747 2311 4519 2476 3885 2484 3446
1748 4068 4508 4581 2583
1749 1794 3461 4485 4723 4091
1750 1996 2286 3120 2998 4024 4059
1751 3136 2404
1752 3683 2998 4293
1753 2017 2668 4039
1754 4013
1755 4425 3621
1756 2788 4358 1830 3756 4442 4445
1757 3740 4734 2271
1758 3461 3437 1999 4498 3123 3709
1759 2284 4180 2894
1760 3497 3691 4406 4143
1761 4649 1779 3835
1762 4574 4740 3134
1763 2898 4147 3255 1967
1764 2213 3272 4938 2444
1765 4947
1766 4681 4996
1767
1768 2413
1769 3293 3599
1770 3815 4524 1779 4919
1771 4774
1772 4906 2718 4653
1773 2649 3629 2743 1775
1774 2720 3109 3689
1775 2672
1776 3722 4075
1777 2639 3131 2396
1778 3032 4155 3724
1779 4444 2103
1780 4289 3848 4686
1781 2353 3194 2651 3197
1782 3682 4100 4726
1783 1789 3831
1784 2987 2949 4870
1785 4604 2324 3534
1786 2507 3781
1787
1788 3842 4803 3650 4732
1789 4905 3917 4302 4301 3408 4242 2267
1790 2245 2601 2445 2414 4661 3881 2555 3644
1791 2874 4763 4894 3647
1792 2038 2249 3280 1974
1793 3019
1794 3292
1795 2548 2277
1796 3672 2498 2900
1797 4868 3798 2396
1798 3801 4174 2126 3273
1799 2538 2395 2068
1800 2824
1801 4276 3413
1802
1803 2193
1804 3316 4085 2686
1805 2119 4759 4823 3442 3157 2039
1806 2177 2382 4413
1807 3379 2267 3335
1808 2868 4111
1809 4668 2010
1810 2079 4065 3335
1811 1945 3743 2575
1812 1827 4678 2415
1813 2912 3155 4476
1814 3731 3299
1815 4730 2579
1816 3829 2853 3654 4392 3024 4819
1817 2755 3218 2499
1818 4518
1819 2648
1820 3936 2164
1821 4248
1822 2044
1823 1873
1824 3512 2851
1825 2019 1876
1826
1827 3626 2479 2616 1976 4938
1828 2804 3062
1829 2703 3919
1830 4869 2159
1831 2506 2627 2132 2143
1832 4413 3750
1833 3705 3163 4934
1834 2680 4708 2362 4148 3607
1835 1933
1836 3594 4828
1837 2729 2907 2636 4791
1838 2214 2178 2928 3095
1839 4702 3150 4335
1840 3153 3275 4845
1841 3584 3717
1842 2415 3612 2614 2631
1843 4797 3828 4854 4635 2141
1844 3822
1845 3189 2607
1846 2213 4660 3950 3110
1847 4676 2949 2483 3900
1848 2041 2159 3931 3585
1849 3941
1850 3605
1851 3065 3315 2988
1852 4394 3018
1853 4957
1854 1961 2922 3651
1855 3566 4016 3251
1856 2416
1857 2760 2431
1858 4150
1859 3264 3238 3341 4915 4247
1860
1861
1862 2193 4914 3678
1863 4496 4226
1864 2193 2333
1865 2610 2917 2885
1866 3659
1867 3104 4825 3644 4835
1868 2691 4839
1869 2956 4949 2543
1870 2909
1871 3554 4715 4107
1872 1987 3853
1873 4257 2980 3526 3473 3497 2570 4076 3921
1874 2882 4104 2762
1875 2572 4877 3160 4223 4574 3167
1876 4866 3848 4937 4187
1877 4035 3119
1878 2513 2012
1879 4084 2717
1880 2513 4933
1881 2209 3498 4638 3327
1882 3904 2018 3205
1883 3769 4577
1884 3568 2232 3193 3791
1885 3769 2586 4713
1886 4410 4814
1887 3488 4452 4459 2006 2458
1888 4828 4589
1889 2299 3555
1890 4544 3123 4947 3060 4565 3323
1891 4474
1892 3628 2544 3465
1893 4507 3581 3917
1894 2538 4242 3780 2150
1895 4922 3334 4066 3582 2583
1896 3787 2230
1897 3886 2289 4724 2937 2746
1898 3704 4430 4110
1899 2351 2060 4053 4055
1900 4520
1901 2076 2637
1902 1953 4783 3344 4497 4633
1903 3867 3172 4066 2279
1904 3276
1905 2803 3588
1906 3056 4593 2957 3478 4197
1907 2700 4433 2518 3003 2783
1908 3833
1909 4988 3084 3933
1910 3108 3820 2638 4911 4888
1911
1912 3336
1913 2283
1914 2762 4410
1915 2925 3834 2107
1916 3801 3955
1917 2740 3516
1918 2478 3238
1919 4664 3971
1920 1954
1921 4727
1922 4762
1923 3512 2452
1924 2996 4277
1925 4604 2348 3638
1926 3411
1927 3505 2621
1928 3464
1929 3862 4150
1930 3172 4967 3224 2459
1931 2818 3055 2118 3423
1932 2131 2021
1933 2450 3308 2789
1934 4864 4106 3823
1935 2744 2931
1936 2259
1937 1942 4422
1938 4850 2567
1939 4456 3679
1940 3242 3599 4285
1941 3022
1942 4588 4082 3347 4761
1943 4088 3282 4690
1944 3585 2434
1945 4647
1946 2146 2139 4973 3051
1947 3276
1948 4576 4359 2304 2327 4510
1949 2400 2169 3479
1950
1951 2560 2475 3196 2870
1952 2789 2283 3539 2678
1953 3205 4337 3191
1954 3973 4199 3532 4317 4529 3762 2266
1955 3224
1956 2344 4860 2743 3095 3772
1957 3903 4259 3748 4526 4118
1958 4225 4454 1977
1959 3329 2625 2312 3766 4472 4122 2236 4030
1960 4107 3125
1961 1990 3599 3801 3708
1962 4544 2017 4940 2925 3380 3645
1963 3556 3815 4620 4019
1964 4539 3356 4622 2527
1965 3394
1966 2784 2041 3178
1967 2415 3399 3566
1968 4706 3684 3470 3414
1969 4482 2846 4151 4894
1970 2130
1971 2449 2002 2415 2961 3090 2902 2042
1972 4932 4207 4275 3607 2265
1973 4088 3225 3618 4570
1974 4260 3943 3730 4478
1975 3955
1976 3598 2385 2866 1980 3615
1977 3482 3114 4589
1978 2454
1979
1980 4587 2180 3755 3895 4523
1981 4832 3361
1982
1983 3526 2983 4522 3339 2478 4393
1984 4675 3783 3945 3404 2998
1985 3253 2523
1986 3712 4893 2431
1987 3249 2031
1988 3776 4919 4471
1989 2266 3869
1990 3748 4101 2637
1991 2251 2669 4337
1992 4246
1993 3513 3047
1994 3444
1995 4672 3910 3883 2803
1996 3857 2970 2861
1997 3001 2964 2993
1998 4642 2763 4738 4145 2902 4158
1999 3417 2500
2000 3055
2001 4507 4308
2002 4179 2411 2606 2160 4379 3612
2003 2781 4511
2004 2480 4403
2005 3225 4619 3406 2055
2006 4772 3517
2007 2261
2008 2975 3037 4735
2009 4354 2692 3340 4317 2527
2010 3767
2011 4896 3479 4058 4284
2012 2721
2013 2080 3044 4504 3250 4883
2014 3722
2015 4417 2119 4140 2522
2016 3337
2017 2624 2874
2018 3467
2019 3433 3788 3502 3537 3465 2109
2020 4680 2314 4814
2021 3080 2093
2022 3417
2023 4768 3043 4081 2681 2875
2024
2025 2180
2026 4500
2027 4319
2028 2888 2327
2029 3468 3198
2030 4011 2957 2806
2031 2811
2032 4160 3093
2033
2034 3961
2035 2194 2186
2036 3494 3759 2711 4414
2037
2038 3528 2280 2108 2143
2039 4200 2313 4957 2181
2040 4077 3298
2041 2953 3302
2042 2277 3215 3343
2043
2044 3552 2824 4393 4490 2443 4816 4949 2074
2045 4593 4778 4286
2046 4885
2047 3395 4613 4046 2673 3667
2048 3472 3036
2049 4544 3427 3176 4387 2612
2050 2668 3238 4663
2051 2342 4199 2249 3099
2052 4723
2053 3585 2534
2054 2468 3698
2055 3360 4251
2056
2057 3961 2146 4739 4471
2058 3624
2059 2317 4646
2060 3360 3410 4726 4952
2061 4066 2376 3562 2701 4366 4173 4793
2062 2084 3754 4333 4657 3743
2063 3408 4716 3854 4342 4389
2064 4437 2295
2065 4473 4044 2815
2066 4722 3163 3282
2067 3746 4739 3572 2599
2068 4544
2069 3814 2974
2070 4609 4838
2071 2470 2207
2072 3199 3087
2073 4368
2074 4328 2738 4051 2333
2075
2076 4737 3951
2077 4171
2078 3904 4961 4611 4105 2799 2328
2079 4380 3758
2080 3909 2763 2188 2831 4787 4573
2081 3991 2669 3549
2082 2570 4799
2083 3674 2108 3682
2084 4420 4765 4471
2085 3666 3919
2086 2642 3303
2087 4709 2968 3773
2088 3651 2219 4274 3619 2773 4126
2089 4604
2090 2516 2430
2091 2768 2328
2092 3363 4365 2167
2093 3910 3754 2732 4275 4695
2094 3656 3465 4975 2521 2815 4316 3103
2095 3744 4427 4516 3015 3275 4306 2384 2802
2096 2424 3324 4082
2097 2727 3467 2357 4894
2098 3970 4103 3975 3183 3636
2099 2545 2778
2100 2976 2666 4078 4912 3187 2254
2101 2992 4834 3814 4073 3437 4208 2834 2803 2364 2875 2172
2102 4296 2500
2103 3332 3492 2453
2104 3872
2105 2411 3215 3089 3609
2106 2754 3214
2107 2992 3931 2829 3847
2108 3745 3011 4497 2339 2544 3889 4383
2109 2509 4307 4602 3007
2110 2661
2111 3288 3444 3197 3462
2112
2113 4760 3653
2114 2485
2115 4936 4553 3130 4404
2116 4074 4660 4889 3486
2117 3668 4458 3100 2436
2118 3243 3319
2119
2120 4924 3109 3319
2121 3024 3844
2122 2832 4557
2123 4504 4850 2252 3126 3254
2124 2632 2685
2125 4416 3621 3339 3665 2295 3930 3071
2126 4800 4450 4965 3022
2127 3457 3734 3084 3534 3480 3097 2619
2128 4239 2256 3764 2742 2270
2129 3656 2725 2592
2130 4762
2131 3816 4583
2132 2210 3946 4365 2450
2133 4698 3113 3983
2134 4536 3936 4408
2135 4180
2136 4862 3674 2966
2137 4185 2524 2742
2138 3931 2462
2139
2140 2561 2732 3821 2293 3736
2141 3034
2142 2431 2651 2908
2143 3327
2144 4465
2145 2794 4941 2737 2934 2198
2146 3180 3566
2147 2545
2148 2707 3859 3519
2149 4617 2387 2206 3135
2150 3672 2597 4837
2151 4270
2152 3636 3821
2153 4977 2834 4505
2154 2221 3566 3249 3188 3278
2155 2561 4127
2156 3416 3413 2895
2157
2158
2159 3627
2160 3082 4183 3671 3029
2161 2276
2162 4816
2163 3105 4458 2940
2164 4498 3418
2165 4015 2899 2255
2166
2167 3672 4747
2168
2169 4896 2416 4061
2170 4560
2171 4644 3007
2172 3333 2263
2173 4871 3062 2876
2174 3148 3476
2175 3563 4046 3700 4700
2176 2903
2177 2696 3795 4309
2178 3918 3923 2527
2179 4237
2180 4389
2181 3747 4166 3539 2811 4317 3550
2182 4440
2183 2726
2184 2290
2185 3913 2246 3655
2186 4801 2957 4466 3067
2187 3016 3849 4367 3493
2188 3923 3662
2189 2474 4644
2190 3773 3766 3583
2191 3879 3051 4620 2356 2805
2192 2999
2193 4705 4325
2194
2195
2196 2215
2197 2928
2198 3679
2199 4911 4597
2200 3348
2201 4763 3862 4281
2202 2856 3310
2203 4423 3433 2515 2398 3866 2206
2204 2496 4036 3885 3505 3831
2205
2206 4656 3386 4635
2207 4498 3683 4405
2208 4266 3756 3815
2209 4480 2299 3697
2210 3620 3465 3054 4947
2211 4344 4926
2212 2313 4131 3881
2213 4833 3695
2214 4460 3183 4272 2232
2215 4675 4199 3265 4779 3963 3295
2216 3353 4174
2217 4225 4264 4973 3541 2424
2218 3649 4411 3759
2219 2754 3989 2267 3294
2220 3946 3884
2221 2565 3794 3957 3063
2222 4864 3648 2930 3222
2223 2501 2679
2224
2225
2226 4297 3994
2227
2228 2985
2229 3380 3674 4635 3549
2230 4447
2231 3449 4517
2232 4645 3784 3942 4718 2386 4085
2233 4120 4523 4069
2234 4932 4508
2235 4947 2774
2236 2624 3020 2581
2237 3216 3317
2238 3117 4719 3507 3641 3678
2239 3169 4450 3206 2984 2927 4572 2653
2240 4970 4464 4072 2491
2241 2385 3624 2890 3336 4522
2242 4856 3879
2243 3972 4510 4285
2244 4039 3043
2245 4748 2668 4052 3892 4316 4062
2246 4163 3229
2247 2570 3645 3358
2248 3830
2249 3659 2701
2250 2314 4460 4974
2251 4078 4913 2834 3731 2517 2742 2899 4437
2252 2432 4651 2343 2973 4606
2253 4104 4468
2254 2531 3796 2551
2255
2256 2521 4322 4241
2257 2581
2258
2259 4583 4755 2823
2260 4726 3007
2261 4845
2262 3242 3372 4557 3282 4628 2773 3610 4607
2263 4704 3458 3433 2352
2264 3626 4312
2265 3682
2266 3453 3102
2267 2703
2268 4067 2738 3127
2269 4412
2270 3880 4433 2551
2271 2963 3103
2272 4866 3175 2925 2293 2487
2273 4853 4917
2274 2737 3080 4168 3861
2275 3017 3843
2276 2794 4357 3015
2277 2919 2958 4943 3331
2278 2674 4893 4021
2279 2468 4018 3315 4311 2991
2280 2593 4047 4600
2281 2774
2282
2283 2754 3449
2284 3776 3526 2440
2285 4465 4443 4653
2286 3448 4504 2651
2287
2288 4136 2938
2289 3208 2926
2290 4512 4619
2291 4933 3790
2292 2768 3255 4045
2293 2817 3203 4587 4368
2294 2781
2295 4848 2668 4895
2296 4970 4966 3567
2297 3708 3767
2298 4909 4150
2299 2339 3211 4592 4825 4859
2300 2765
2301 3192
2302 2956 2719
2303 4744 4181
2304 4818
2305 2403 4493
2306 3113 4468 3137
2307 4576 2314 4147 4501 4045
2308 2539 3638 3993 4668
2309
2310 2440 4843 3751
2311 3680 2345 2823
2312 3612 4164
2313 3532 3679
2314 2536 3258
2315 3405
2316 2618
2317 3636 4661 3487
2318 3033 3246
2319
2320 2528 2467 3624 3054 4341 4663
2321 3611
2322 4078 3702 4603 2526
2323 3963 2969 2647 3268
2324 4517 2378 2380 2999 3045
2325
2326 3176 3754 4748 3629 4698
2327 3148
2328 3475
2329 3232 3457 3340 4454
2330 4448
2331 3534 2479 2926 2489 3100 2847
2332 4496 4758 4346 4956
2333 3172 2694 3018 3185
2334 4424 2736 3083 4261
2335 2647
2336 4179
2337 4562
2338
2339 4571 3156
2340 2852 3474 2616 2621
2341 3468 4831
2342
2343 3534 2374
2344 2465 3658 3535
2345 3906 4612 3541 3927
2346 3512 4689 3418
2347 3054
2348 4454
2349 3295 3815
2350 4511
2351 4807 2992 3689
2352 3669
2353 2840
2354 4170 4126
2355 3632 4001 2956 4932
2356 3139 4491 3760 3249 3190
2357 4983 3967
2358 4753 2367
2359 4737 2741
2360 4465 3483 2965
2361
2362 4952 3848
2363
2364 2649 3207
2365 3276 2530 3180
2366 2807
2367 3707
2368 3713 4589 4381
2369 4518 3494 4299 3660 2701 2488
2370 3865 3660 2481
2371
2372
2373 3696 3764
2374
2375 3635 2903
2376
2377 3841 3610
2378 3574 4954
2379 3233
2380 4064 4303
2381 3031
2382 2676 3893
2383 4176
2384
2385 3634 2626
2386
2387 4026 3724 3149
2388
2389 3073 4737 3273
2390 3588 4409
2391 4210 4166 2861 4175
2392
2393
2394
2395 4217
2396
2397 3057 4420
2398 3420 3001
2399 2617 3820
2400 2695 4597 4152 2779 2782
2401 3088 3890
2402 4438
2403 4314 4683
2404 4108
2405
2406
2407 3419 3194
2408
2409
2410 2445 4958
2411
2412 3747 4644 3726
2413 2668
2414 4308
2415 4688
2416 4801 3215
2417
2418 3752 4713 3216
2419
2420 2800 4435 3318 4700
2421 2931 4203
2422 2792 2898
2423 3144 4906 4580
2424 3335 3255
2425 4033
2426 4940 3166 3215
2427
2428 3782 2735
2429 2692
2430 3310
2431 4850 4669 3838
2432 2828 3329
2433 3680 2871 4216
2434
2435
2436 4125
2437 4919
2438 3681 3996 4921 3654 3329
2439 4546 4323
2440 4159
2441 4975
2442
2443 3544 4691
2444 2584 4829
2445 3405 3725
2446
2447 3296 3416 3642 4131 4092
2448 3763
2449 3236 3178 2929 2948 2619
2450 4704 3448 4218
2451
2452 3565 3739 3743
2453 3641 4125 2559
2454 3329 2818 4737 3529 3185 3765 4847
2455 3369 3735
2456 4096 3517
2457 3249 4699 3837
2458
2459 3716
2460 4434 3939
2461 2707
2462 3685 3912 4106 4857
2463 4577 3694
2464 4985
2465 3816 4298
2466 3867 3955 2510
2467 4204 4185 3995
2468 4965 3400 4029
2469 4688 4659 2556
2470 2921 3690
2471 3723 4996
2472 4115 2995 4780
2473 3043 3367 3881 3415
2474 4005 3336 3931
2475
2476
2477 4145 3159
2478 4627 2621 3519
2479 4010
2480 3008 3876 3549
2481 4366 3293
2482 4698 2532
2483 3529 4898
2484 3372 3445
2485 3585 2760 2774 2711
2486 4573 3593 4173 4663
2487 4735
2488 3855
2489 3690 3126
2490 4811 3737
2491 3630 4562 4119 3032
2492 2853 4297 2585 4639
2493 3777 3670
2494 4121 4098 4586
2495 4464 2844 4813
2496 3021 3391
2497 4080 3278
2498 4260
2499 2884
2500 2569 3388
2501 4273 4084 3350
2502 3112 4305 2888 4861
2503 3840 4538 3028 3005 3815
2504 4604 3015
2505 4028
2506 3880 4368
2507
2508 4996 4794 3964 2989
2509 4360 2547 2988 2757
2510 2711 4972 4915 4159
2511 4705 4550 3743
2512 3207
2513 4326 4745 4624 4888
2514 4000 4634 4373 4782
2515
2516 3197
2517 2720 4324 3373 4054
2518 3495
2519 3328 3497 3050 3595 2900 3259
2520
2521 2892 2996
2522 4229 4598 3519
2523 2685 3721
2524 3975
2525 4129 3846
2526 2724 4676 3964 3133 4383
2527
2528 3238
2529 3152
2530 3580
2531 2918 3280 3740 3678
2532 2802 4874
2533 4123
2534
2535 2762 4342
2536 4226 2901 3162 3861
2537 4441 3612
2538 4160 2909
2539 4296 3849 4812
2540 2652 3040 2653
2541
2542 4740 3567
2543
2544
2545 4930 2805
2546 4810
2547 4984 3229
2548 3660
2549 2721 3627 4671
2550 4912 4447
2551 4716
2552 2733
2553 4486
2554 2642 4693
2555
2556 4784 3879 3871
2557 4824 2795
2558 2794
2559 3273 3394 4556
2560 2927 3837 4446
2561 4496 2649
2562
2563 3014 3174
2564 3591 3752
2565 2979 3949
2566 2963 3821
2567 3961 4503
2568 4809 3978 4991
2569 4140 2598 4031
2570 3728
2571 3553 2885 3088 3411
2572 4168 2721 3161
2573 3685 3147 4974
2574 4201
2575 4057 4602
2576 4530
2577 4504 4250
2578 4098 2682
2579
2580 4026 4701 2822
2581 3074 4970 4694 4184
2582 3556 4204 4430 4849 3450 2815
2583 4523 4167 2879
2584 3329
2585 3812
2586 2916
2587 3928 2977 3695
2588
2589 3275 2926 2685 3101 2814
2590 3240 4363 4488 3954 3381
2591 2849 2755 4038 3854 3728
2592 3979
2593 3397 3412 4828
2594 4546 2597 3054
2595 2753 2895
2596 4017 3171
2597 3817
2598 4739 3818 3119 4403 3605 3222 4313 4570
2599 3459 3852 2990
2600 4271
2601 4325 4871
2602 3061
2603 4270 3887 2961 4852 4439 3311
2604
2605 4872 3281 4719
2606 4455
2607 4320 3942 2982
2608 2858 4533
2609 4256 2681 4357 4593
2610 4379
2611 4773 4742 4071
2612 3587 3937
2613 3299 3684 3674 4880
2614 3369 2806 3675 2780
2615 2754 3802 4489
2616 2800
2617
2618 2786 3631 3420
2619 4105 3445
2620 3747
2621 3333 3645 3518
2622 2887
2623 4668 3182 3871
2624 4572 3155
2625
2626 3556 4753 4048 4084 3159 3163
2627 3859
2628 3348 3804
2629 4490 4203
2630 3148
2631 3905 4611 4292 2703 3579
2632 4692
2633 4352 3170 3235 4235 3384 4475 3005
2634 3238
2635
2636 4617
2637 3460 3609 2973
2638 4954 3451
2639 4672 3842 3538 4435 4794
2640 3175 4039 2907 3517
2641 2998
2642 2689 2925 4344 4729
2643 3888 4801 4357
2644 3865
2645 3401 3123 4933
2646 4528 4189
2647
2648 3649 4229 4651 3218
2649 3076 3270 3655 3439
2650
2651 3717
2652 3426 3446
2653 2992 3565
2654 3603 4013
2655 4573
2656 4827 2956
2657 2778 4446
2658 3170 3493 3789 3028 4277 3167
2659 2713 3379 4830
2660 4868 3390
2661 3482 4045
2662 3656 4504 4837 4008
2663 3390 4271
2664 3136 4450 3172
2665 4709
2666 4435
2667
2668 3578 4347
2669 3427 4337 2964 3895 4442
2670 4134
2671 3746 4274
2672 4001 3706 3203
2673 3404
2674 4274 2839
2675 3821 2736 4403 4604
2676 2730
2677 4178 3827
2678 4451 4363 3983
2679 3922 2954
2680 3397 2714
2681 4867 3720 4234
2682 3958
2683 3881 4611 4381 3134
2684 3976 2899 2713 3578
2685 4708 2769 2707
2686 4966 3504 4017
2687 3014
2688 2824 4312 3256 3962 4220 4701
2689 3664 3898 3486
2690 4712 3898
2691
2692 3931
2693 3467 4914
2694 3833 3585
2695 3780 3109 2941
2696 3291
2697
2698 3834
2699 3992 2788
2700 2822 4904 4302 4894
2701 2901
2702 4568 4199
2703 2802
2704 3022 3423
2705 2742
2706 4888 3307 4117
2707 3836
2708 3288 3924
2709 3052
2710 2890 3964 4807
2711 4443 4681 4121
2712 4876 4691
2713 3164 3499 3551
2714 3613 4838
2715 3232 4270
2716 3122
2717 4298 4683 4804 3322
2718 3224
2719 3409
2720 4293 3946 3982
2721 3640
2722 3667 4740
2723 2833
2724 3109 4428
2725 3657 4856
2726 4919
2727 4935 3669
2728 4211 3642 3231
2729 2971
2730 4377 4373
2731 3985 2901 2777
2732 4192
2733 2904 4213 4157 4597
2734 4545 2914 3355
2735 3074
2736 3594
2737
2738 3209 4027
2739 3586 4884 4277 4734
2740 4262 4045 4292
2741 2748
2742 4816 3783
2743 3808 3791 2834 3743
2744 3540
2745 3322 4482
2746 3115 3852 3224
2747
2748 3476 4639
2749
2750 4461 3822 4024 4474 3707
2751 3776 4802 3501 3124 4693
2752 3537 4540
2753 4549 4247
2754 4234 3055
2755 3904
2756 3527
2757 4764
2758 2816 2865
2759 3202 4943
2760 4067 2785 4638
2761 3778 4876 4838 3262
2762 4150
2763 3291
2764 3332 4725 3630
2765 2926 4054
2766 3365
2767 4853
2768 3735
2769 4216 2860 4703
2770 3768 4945
2771 2867
2772 4729 4923 4041
2773 4483 4949 3838
2774 3875 4293 4280
2775 4586 3004
2776 4216 3604
2777 2961 4121
2778 4613 3085
2779 4931 4963
2780 3759
2781 3054 3125 4379
2782
2783 3780 3220 4070
2784 3867 3871
2785 4354 4951
2786 2891 4858
2787
2788 3346 3305
2789 3625 3561
2790 4893 4006
2791 4440 4289 4779 3684
2792 4235 4978
2793 4907 4271
2794 3426
2795 4774 3593 4898 3089
2796 3672
2797 3508 3765
2798 3505 3412
2799 4557 3823
2800 4297 4154 4255
2801 4854 2918
2802 4000 4641
2803 4196
2804 4773 3960 4260 3164
2805 3278 2972
2806 4292 4987
2807
2808 3338 4299 3991 3800 3838
2809 3496 3630 4967
2810 2965
2811 2951 2890 3023 4124
2812 2859 4951 3028 3695
2813
2814 4293 3691 3708
2815 3465 3984 3829
2816 4162
2817 4819 3654
2818 2993 3572 4085
2819 3672
2820 3435 2925
2821 3388 4989 3687
2822
2823 4916
2824 3461 3974 4983 3665
2825 3553 3211 4011
2826 4719
2827 4528
2828 4478
2829
2830 3337 4059 3836
2831 3681 4143
2832
2833 4513
2834 4664 3932
2835
2836 3017 3710
2837 4512 4242 4925
2838 3049 3388
2839 3812 4938
2840 3681
2841 3793 4319 4909 3694
2842 4728
2843 3828 3397
2844 3921
2845 4535 3065
2846 2942 3753
2847
2848 4705 4196 4233 3095 4414
2849
2850 4563 3852
2851 3533
2852 3360 3788 2995 4732
2853 4170 3526
2854 4712 2950
2855 4690
2856 4418 3845
2857 3889
2858 3183 3244 3767
2859 3083 3675
2860 4246
2861 4491 3581
2862 4691 3684
2863 2992 4188 3293
2864 3302 4686 4835
2865 3332 3569
2866 4348 3124 3780 4151
2867 3936
2868 4985 4926 4695
2869 2903
2870 4039
2871 3721 4332 3933
2872 3687 4337 3828
2873 3695
2874 4692
2875 3731 4693
2876 3725
2877 3658 3167
2878 4370 3315 3814
2879
2880 3394
2881 3809 4324 4429 3440 3044
2882 3146 3070
2883 4614 3430 4137 4014 4763
2884
2885
2886 4192 4253 3341
2887 3425 3725 3026 3417
2888 3383
2889 3129 4373
2890 4360 3986
2891 3878 4890 3741
2892
2893 4334 2963 4410 4475 4958
2894 3654
2895
2896 4712 4641
2897 2909 4949 4405 4839
2898 4858 3739
2899 3437
2900 4970
2901 3297 4847 3568 3954
2902 3968 4456 4487
2903 3433 4049 3386
2904 4964
2905 3547
2906
2907
2908 4362
2909 4710
2910 4073
2911 4352 3840 4283 3173
2912 4630
2913 3002 3549
2914 3171
2915
2916 3197 4702
2917 3477 3639 2970
2918 4632 3477
2919 3406
2920 3284 4727
2921 4582 3959 4029 3393
2922 3591 3925 3015
2923 4008 4400 4119
2924 4937
2925 4511
2926 3891
2927 4203
2928 3298 4707
2929
2930 3741
2931 4352 4898 2968 3803
2932 3409
2933 4691 4511
2934
2935 3785 3479
2936 3747 4360 3388
2937 3064 4675
2938 4158
2939 3553 3754 4252 4813
2940 4287 2967
2941 3999 3140
2942
2943 4039
2944 3699 3123
2945 4557
2946 4697
2947 4168
2948 3563 3535
2949 3659 3355
2950 4241 4926
2951 3584 3419 3426
2952 3532 3718
2953 3267 3303 3227
2954 4863 3203
2955 4225 3369 4262
2956 4153 4890
2957
2958
2959
2960 3888 3954 3999
2961 4260 3422
2962
2963 4584 3468
2964
2965 3861
2966 3984 3221
2967 4364 4762 3903
2968 4407
2969 4042
2970 4236 4459
2971 3117
2972 4958
2973
2974
2975 3958
2976
2977 4569 3590
2978 3729
2979 3315 3394 3095
2980 4536 3842
2981 3138 3459 3079
2982 4452 4455 4781
2983 3655 4044 3606 4923
2984 4362
2985 3761
2986 3978 3147 4653
2987 3489
2988 4723
2989 2999
2990 3187
2991 4352 3688
2992 3850
2993 4674 4134
2994
2995 3203 3639
2996 4924
2997 3494 4263
2998 3498 4693
2999
3000 3716 3782 4219 3964
3001 4947 4727
3002 3153
3003
3004 4497
3005
3006
3007 4732
3008 4078
3009 4640 3341
3010 4664 3617
3011 3076 3151
3012 4628 3078
3013 4298
3014 3056 3029
3015 3340
3016 3466
3017 3973 4358 4518 3444 3128
3018 4032 4334
3019 3226 3743
3020 3554
3021 4846
3022 3981 4306 3479
3023 4510
3024 4002
3025 4034 4451 3496 4972 4541
3026 4047
3027 3068
3028 3548 4305 4018 4954
3029 4033 4833 3436 3343 3998
3030 4490 3032
3031 3378 4019 3294 4695
3032 4167 3132
3033
3034 4920 4811 4477
3035 4358
3036
3037 4972 3455
3038
3039 3524
3040 3896 3163
3041 3997 3535 3607
3042 4696
3043 3706
3044 4585 4878 4731
3045 3424
3046
3047
3048 4651 4915 4715
3049
3050 4080
3051 4906 3573
3052 3110 3696 3862
3053 4635 3678
3054 3410
3055
3056 4776
3057 3819
3058
3059 3152 4942
3060
3061 4671
3062 3095
3063 3460
3064
3065 3482 3134
3066 4182
3067 4786
3068 4535 3583
3069 4978 3190
3070 3899
3071 4591 3164
3072
3073 4968 3182 4423
3074 4506 3300
3075 3653
3076 4744
3077 4422
3078 3396 4358 4366
3079 4160 3875
3080 4140
3081 3884
3082 3263
3083 3212
3084 4576
3085 3662
3086 4279
3087 4600
3088 4884 4071 4826
3089 4276 3958
3090 4896
3091
3092 4707 3980 4716 4049 3843 3647
3093 4225
3094 4553 4092
3095 4088 4444
3096 3937
3097
3098
3099 3460 3566
3100 3692 4431 3773
3101 4729
3102
3103 4505 4605
3104
3105 3851
3106 4397
3107 4730 4522
3108 4637 4767
3109 4386
3110 4761 3477
3111 3400 4318
3112 4130 4271 4795 4287
3113
3114 4442 4553 4409
3115 3902
3116 3193 4098 3917
3117 4886
3118 3742
3119 3562
3120 3898
3121 4163
3122 3274
3123
3124 4033
3125 4111
3126 3998
3127 4359 4303 4755
3128 4035 3719 4470
3129 3470 4240 3358
3130 3793
3131 4683
3132
3133 3465
3134 3577
3135 4200
3136 4865
3137 3862
3138 3856
3139 3140 4613 4232 4343 4439
3140 3441 4268 4622 4504
3141
3142
3143 3535
3144 4236 4430 4560 4794 4508
3145 3684 3886
3146
3147 3436
3148 3933
3149 3520 4186
3150 3244
3151 3870
3152
3153 3984 4644 4459
3154 3236
3155 4979 3445 4503
3156 4393
3157
3158
3159 4933
3160 4256 4799 3445
3161 3605
3162 3305 4097
3163 3634 3545
3164 3472 4693
3165 4886 4319
3166
3167 4382
3168
3169 4245 4178 3545
3170
3171 4107 4615 4808 3370 4055 3576
3172 3657 3923 4425
3173 4108
3174 3679
3175 3727 4062
3176
3177 3523 4027
3178 4548
3179
3180 4518 4642 3320 3416
3181
3182
3183 4322 3461 4797 4458
3184
3185 3841 3367 4010
3186 3729 3604
3187 3417
3188
3189 3399 4752 3574 3833
3190 4432 3844
3191 4868 4725
3192 3705
3193 4137 3831
3194 3949 3334
3195 3500
3196 4108
3197 4131 3347 4091 4476
3198
3199 3778
3200 3859 4253 4614
3201 4058 4205 4101
3202 4448 4033 4449 3858 4666 4639
3203 3936 4607
3204 4732
3205
3206 4420 4431
3207 4174
3208 3233
3209 4257 4910
3210 4486
3211 4255
3212 3956 4310
3213
3214 3896 4049 3768
3215 4443 4351
3216 4137
3217 3368 3321
3218 3267 4580 4396 3344
3219
3220 4181
3221
3222 4748 4751 3667
3223 3504 4897
3224 4382 3865
3225 4865
3226 4324 3943 4533 4722 4132 4661
3227
3228 4194
3229 3699 4885
3230 4766
3231
3232 4876 4094 4359
3233 3803 3365 4304 3606 4664 4635 4095
3234 3315 4398
3235 3965 4671
3236 4029
3237 3376 3769 3261
3238 4204 4377
3239 4227 3351
3240 3263
3241 3949
3242 3671
3243
3244 4507
3245
3246 4874 3486
3247 3265 3842 3719
3248 4616 4834 4356
3249 4567 4094
3250 3393 3659
3251 3689 4972 3508
3252 3824 4792 4384
3253 4170
3254 3760
3255 3431 3504 4470
3256 4304
3257 3954 3378 4133
3258 3793
3259 4256 4613 3951
3260
3261 3673 3426
3262 3827 3349 4308
3263 3482 3574
3264 4218 3613
3265
3266 4572 4415
3267
3268 4576 3611
3269 3602 4509
3270 4339 3982 3350
3271 3283 4302
3272
3273 4954
3274
3275 3546
3276 3848
3277 3937
3278 3491 3905 4015 3550
3279 4912 4231
3280 4194 4691 4698
3281 4062
3282 3490 4625 4302 4305 4572
3283
3284 4772
3285
3286 4869 3591 4786 4697
3287 4346
3288 4225 3974 4176
3289 3917
3290
3291 4365 3410
3292 4218
3293 3790
3294 3302 4179 3933
3295 3376
3296 4475
3297 4833 4686 4186
3298 4651 4868
3299
3300 3522 4421 3788 3353
3301 4221
3302 4465
3303 3665 3385
3304
3305 4202
3306 3408 4645
3307 3940
3308 4701
3309 4714
3310
3311 4216
3312 4908 4830
3313 3952
3314 4321 4573
3315 4608 4840
3316 3652
3317 4340 4463
3318 4073 3351
3319 4001 4520
3320
3321 4740 4162
3322
3323 4372 4086
3324
3325 3648 4340
3326
3327 3863
3328 4749
3329 4853
3330 4580 4765
3331 4122 3918
3332
3333 3615
3334 3817 3829 4248 3353
3335 3569
3336 3621 4084
3337
3338 4244
3339 4422
3340
3341 3733
3342 3592 4535 4953
3343 4104 4208 3876
3344 3922
3345 4379 3505 4543
3346 4449 4168 3914 3373 3954
3347 4626
3348 4236 3436
3349 4517 4333 3353
3350 4379
3351 4511
3352 3728
3353 4894
3354 4213
3355 3539
3356 4733
3357 3464
3358 3907
3359 3714 4457 3668 3931
3360 3468 4523 4888
3361 4185
3362 4826 3621
3363 4605
3364 4505 4802
3365 4791 4881
3366
3367 4426 3998
3368 3565 3783
3369 4852 3701
3370 4616 4693
3371 3635
3372 3625 3803
3373
3374
3375 3929 4762
3376 3791
3377 3676 3446 4583
3378 3835 3897
3379
3380 3847 4941 3420
3381 3841 4040 4137
3382
3383
3384 4946 3884
3385
3386 3789
3387 4629
3388 4708
3389 3756 4678 3519
3390
3391 3713 3978 4012
3392 4573
3393
3394 4837 4909
3395 4329 4546
3396 4751 4841
3397 3430 4494
3398 4295
3399 3949
3400 3681 4857
3401 3769
3402 4532
3403 4687
3404 3749
3405 4960 3601
3406 4220
3407
3408 4443 4988
3409 4322
3410 3432 4748
3411 4595
3412
3413
3414 4304 4603 3711
3415 3748 3881
3416 4425 3860
3417 4389
3418
3419
3420
3421 4768 4546
3422
3423 3810 3638
3424
3425 4314 4842
3426 4427 3950 4401 4213 4475
3427 3737 4141
3428
3429 4128
3430 4598
3431 4546 4045
3432 3607
3433 3461 4783 4114
3434 4385 4528 4262 3643
3435 3834 3507 4935
3436 4160 4537
3437
3438
3439 4371 4729
3440 3768 4216 3669 3484 4638
3441
3442 3873 3610
3443 4758
3444 4606
3445 4917
3446 4843 3599
3447 4472
3448
3449 4898 3639 3564 4152
3450 4152
3451 4860 3966
3452 3827
3453
3454 3690
3455 4011
3456 3731 4275
3457 4590
3458 4287
3459 4394
3460
3461 4496 4724
3462 4359 4814 4799
3463
3464 3490 3817
3465
3466 4641 3951 4296
3467 3777
3468 3670
3469 4944 3903
3470 4528 4794 4860
3471
3472
3473 4485 3585
3474 3824
3475
3476
3477 4945
3478 4360
3479
3480 4000 3534
3481 4706 4949
3482 4343 3973
3483 4324
3484 4228 4338
3485 4097 4996
3486 4493
3487 4894
3488 3736 4698
3489 4259
3490 4040 4382
3491 4972 3517 3710
3492
3493 3538
3494 3849 3646
3495 4288 4819 4764 3757
3496 4362 4604
3497
3498
3499 4170 4501
3500
3501 3722
3502 3824 4580
3503
3504
3505 4170 4205
3506 4268 4694
3507
3508
3509 4068
3510 4609 4439
3511
3512 4004 3824 3962
3513 4793 3799 4426 3793
3514
3515 3762
3516 4725 4367
3517 3976
3518 3816
3519 4874 3883
3520 4475
3521 3747 3729
3522 4985 3658 3699 4670
3523 4029
3524 3744 3924 4547
3525 3986
3526 4214
3527 4904
3528 4312 4320 4253
3529 3958 4950 4479
3530 3691
3531 4780
3532 4225
3533
3534 3758
3535 4481
3536 3875 3847 4530 4531 3733
3537
3538 4993 4685 3543
3539 4431
3540 4852
3541
3542
3543 4063 4367
3544 4953
3545 4900
3546
3547 4113
3548
3549
3550 4012
3551
3552 3571
3553 4969
3554 4133 4876 4819
3555 4429
3556
3557 3984
3558 4416 4148 3765 3800 4603
3559 3986
3560 4931
3561 4802 4966 4973
3562
3563 4714 4854
3564 3900 3793
3565
3566 4431 4152
3567 4165
3568 4245
3569
3570 3650 4580 3738
3571
3572 4301
3573 3928 4404 3668 4990
3574 3774
3575 3942
3576 4633
3577 4088
3578 4540 4239 3732
3579 4768
3580 4329 4629
3581 4048
3582
3583 4041 4217
3584 3675 4593
3585 4853
3586
3587 3784 4761 4535
3588 4614 4743 3953
3589 4464 4757 4041
3590 4996 3831
3591 4736 3693
3592 4865 3841 3881 4574
3593 4768 4787
3594
3595 4866 4852
3596 4693
3597 4794 4997 3854
3598 4642 4613 4659
3599 4131
3600 4299 4623
3601 4452 4565 3613
3602 3923 4662
3603 4882 4607
3604
3605 4846
3606 3703
3607 3826 4447
3608 4684 3860
3609 4676 4438 4198 4045 4566
3610 4718 4824
3611 4218 4507 3886
3612
3613
3614 4667 4982
3615
3616 4107 4855
3617 3762 4047 4498
3618 4369 4476
3619
3620 4742
3621
3622 4142
3623 4475
3624 4672 4452 4945
3625 3652 4659
3626
3627 3680 4037 4774
3628 4651 4307 4109
3629 3710
3630 4215 3959
3631 4115
3632 4458
3633 3978 4165 4414
3634 4555
3635
3636 3775
3637 4772 3689
3638 4546
3639 4829
3640 4809 3861 3949
3641 4713
3642
3643 4330 4940
3644 4415
3645 4013
3646
3647 4689
3648 4420
3649
3650 4002 4349
3651
3652 4272 3730 4681
3653 4225 4301
3654 4050 3922
3655 3946 4667
3656
3657 3838
3658
3659 4526
3660 4870
3661 4253
3662
3663 4288 4729 3899 4405
3664 4118
3665
3666 4953 4198
3667 3688 4019
3668 4046
3669 4803 4650
3670
3671 4217
3672 3949
3673
3674 4463 4570
3675 4369 4276
3676
3677
3678 4854 4447
3679 4999 4592 4991
3680
3681
3682 3886
3683 4855 3772
3684 4861
3685 4351
3686 3758
3687
3688 4005 3957
3689 4019 4016 4657
3690 4427
3691 3945 4444
3692
3693 4011 4476
3694 4124
3695 3878 4274 3992 4027
3696 4908
3697 4165
3698 4227
3699 4231 4971 4661 4383
3700
3701 3887
3702
3703 4686 3800
3704
3705 3937 4674 4867 4901 4491
3706 4327
3707 4899 3891
3708 4513
3709
3710 3756 4085 4380
3711 4337
3712 4889 4116
3713 4613 4457 4597
3714 4577 4321
3715 4784 4983
3716
3717 4738 3922
3718
3719 3784 3928 4607
3720 4962 4261
3721 4109
3722 4636 3877
3723 4625
3724
3725 4051 4412
3726 4486
3727 4769 4563
3728
3729 4015
3730 3758 4781 4562
3731
3732
3733
3734 4858
3735
3736 4348 4851
3737
3738 4070
3739 3878 4958
3740 4312 4989
3741
3742
3743
3744 4713
3745
3746
3747 3749
3748 4974
3749 4051
3750 4044
3751 3949 4214
3752
3753
3754 4750
3755 4707 4533
3756 4779
3757
3758 3786 4081
3759 3779 4684 4634
3760 4640 4897 4402
3761 4433
3762
3763 4580 4637
3764
3765
3766 4367
3767 4290
3768
3769
3770 3868 4714 4636
3771 4664
3772 4094
3773
3774
3775 3913
3776 4056
3777 4389
3778
3779 3786
3780 4318
3781 3907 4806 4871 4860 4703
3782
3783 4961 4266
3784
3785 4558
3786 4572 3909
3787
3788
3789
3790
3791 4392
3792
3793
3794 3807 4951
3795 3935
3796 3843
3797
3798 4960 4979
3799 4627 4364
3800 3888 4600
3801 4224
3802 4206
3803 4311 4569
3804
3805 4674
3806 4760
3807
3808
3809 4617 4150
3810
3811 4864 4917 4568
3812
3813
3814 4000 4926
3815 4953
3816 4911 4336
3817
3818 4512 4292
3819 4082 3859
3820
3821 4972
3822 4428 4025
3823
3824 4330
3825 4269
3826 4599 4259
3827
3828
3829 4477
3830
3831 4787
3832
3833 4036
3834
3835
3836 4432
3837
3838 4620
3839 4369
3840 4421
3841 4138
3842 4070
3843 4524 4249
3844
3845
3846 4712 4819
3847 4387 4365
3848 4549 4617 3946
3849
3850 3990 3878
3851 4758
3852
3853 4209 4291 3928
3854
3855 4322
3856 4535
3857
3858 4897 4004
3859
3860
3861
3862 4111 4825
3863 4308
3864
3865
3866 4112
3867 4738 4022
3868 4041 4146
3869
3870 3922 4526
3871 4367
3872 4831
3873 4166
3874 4681 4179
3875
3876 4461 4059 4277
3877 4638
3878 4162
3879 3923
3880
3881 4573
3882
3883
3884 4065 4994 4202
3885 4475 4925
3886 4762 4861
3887 4668
3888 4449
3889 4251
3890 3925
3891 4742
3892 4229 4186
3893
3894 4056
3895 4096 4896 4549
3896 4805
3897 4012
3898 4542
3899 4142 4531
3900 4950
3901 4804
3902
3903 4204 4062
3904
3905 4472
3906
3907 4975 4533
3908 3956 4165
3909
3910
3911 4342
3912 4640
3913 4028
3914 4248 4175
3915 4105 4950
3916
3917 4503
3918 4896 4893
3919
3920 4123 3982
3921 4858 4486
3922
3923
3924 4197 4740 4061
3925 4265 4791
3926 4968 4671 4623
3927
3928 4488 4306
3929 4777 4044
3930 4603
3931 4994
3932 4746 4431
3933 4222
3934
3935 4055 4255
3936
3937
3938 4008 4149
3939 4953
3940
3941 4651 4638
3942 4503 4397 3994
3943
3944 4845
3945 4504 4545
3946
3947 4867 4556 4305
3948
3949 4550
3950
3951 4149
3952 4741 4903 4881
3953 4636
3954 4944
3955 4026
3956
3957
3958
3959 4670
3960
3961
3962
3963
3964 4616
3965 4660 4566
3966
3967 4607
3968 4896 4499 4779
3969
3970
3971 4921 4387 4275
3972 4541
3973 4799
3974 4127
3975 4598
3976 4652 4241
3977
3978 4445
3979 4043
3980 4515
3981
3982
3983 4658
3984 4057
3985 4034 4812 4244
3986 4176
3987 4083
3988 4826
3989 4948 4499 4566
3990 4202
3991
3992 4035
3993 4409 4378
3994
3995 4491
3996 4353
3997 4411
3998 4436
3999 4130 4426 4139 4662
4000 4309
4001
4002 4664
4003
4004 4410 4926
4005
4006 4403
4007
4008 4786
4009 4122 4957
4010 4820
4011 4548
4012
4013 4595 4348
4014 4218
4015
4016
4017 4605
4018 4640 4389 4662
4019
4020
4021
4022 4354
4023
4024 4706 4918
4025
4026 4180 4531 4750 4153
4027 4152
4028 4564
4029 4570
4030 4623
4031 4115
4032
4033
4034 4917
4035 4060
4036 4776
4037 4483
4038
4039 4713
4040
4041 4074
4042 4551
4043 4526
4044 4361 4208
4045
4046
4047 4171 4706
4048 4153
4049
4050 4337
4051
4052 4855
4053
4054
4055 4207 4107 4412 4413
4056
4057
4058
4059
4060 4944 4230
4061 4157
4062 4712
4063 4627
4064
4065
4066 4822
4067
4068
4069
4070
4071 4649 4633
4072
4073
4074 4110
4075 4113
4076 4862
4077
4078
4079
4080 4629
4081
4082 4917 4569
4083
4084 4709 4232
4085
4086 4866
4087 4714 4807
4088 4449
4089 4343
4090
4091 4224
4092
4093 4276
4094
4095
4096
4097
4098
4099
4100 4128 4251
4101
4102
4103 4440
4104 4464 4723 4180 4445
4105 4159
4106 4760
4107 4129 4773 4626
4108 4771
4109
4110 4615
4111 4164
4112
4113 4124 4986
4114
4115
4116
4117 4396
4118 4307 4827 4901
4119
4120 4835
4121 4993 4175
4122
4123
4124 4896 4812 4467 4407
4125
4126
4127
4128 4646
4129
4130 4165 4234
4131 4550 4395
4132
4133 4455
4134 4377
4135
4136
4137 4343
4138 4158 4967
4139
4140
4141 4719
4142
4143 4173
4144 4425 4475 4503
4145 4592 4379
4146
4147 4760
4148 4279
4149
4150
4151
4152 4535 4157
4153 4874
4154
4155 4355
4156 4664 4596
4157
4158 4738
4159 4694
4160
4161 4665 4343
4162 4932 4776 4319
4163 4920 4562 4921
4164 4918
4165 4640
4166
4167
4168 4776
4169 4294
4170
4171 4839 4405
4172
4173
4174 4708
4175
4176 4192
4177 4563
4178
4179
4180
4181
4182
4183 4645
4184 4449 4872
4185
4186 4431
4187 4333
4188
4189
4190 4561
4191 4770 4364 4741
4192
4193 4881
4194
4195
4196 4326
4197 4658 4593
4198
4199
4200 4475
4201 4270
4202
4203 4487
4204 4688 4863
4205
4206 4756
4207
4208 4393
4209
4210 4679
4211 4669
4212
4213 4317
4214
4215
4216
4217 4893
4218 4756 4949
4219
4220 4692 4461
4221
4222 4857 4751
4223
4224
4225
4226
4227 4695 4748
4228
4229
4230 4299 4381
4231 4253
4232
4233 4622
4234
4235 4544
4236
4237
4238
4239
4240
4241
4242 4893
4243 4949 4727
4244
4245 4893 4990
4246 4911 4389
4247
4248
4249 4281
4250
4251
4252 4907
4253
4254
4255 4571
4256 4674
4257 4463
4258
4259
4260 4969 4459 4959
4261 4898 4303
4262 4804
4263 4604
4264 4593 4340 4551
4265
4266
4267 4706
4268 4532
4269
4270 4972
4271
4272
4273 4397
4274 4406
4275 4851 4825
4276 4844 4457
4277 4704 4940 4772
4278
4279 4983
4280 4663
4281 4816 4989
4282 4940
4283
4284
4285
4286 4713 4929
4287 4976
4288 4839
4289 4664 4505
4290
4291
4292
4293
4294 4894
4295
4296 4946
4297
4298
4299 4454
4300
4301
4302
4303 4410
4304 4713
4305
4306
4307 4501 4854
4308
4309 4727
4310
4311
4312 4393 4336 4345
4313
4314
4315 4749 4678
4316
4317 4366
4318 4913 4954
4319
4320
4321
4322
4323 4685
4324
4325
4326
4327
4328 4719 4769
4329
4330
4331
4332 4580
4333
4334 4954
4335 4649
4336 4911
4337
4338 4803
4339
4340 4690 4439 4828
4341 4440
4342 4885 4830
4343
4344
4345 4960
4346
4347 4775 4555 4701 4830
4348 4526
4349
4350
4351
4352
4353
4354
4355
4356 4466 4910
4357 4943
4358 4520 4950
4359
4360 4526
4361
4362 4561
4363
4364 4831
4365
4366 4390 4958
4367 4869
4368 4591
4369
4370 4508
4371
4372
4373 4664
4374 4689
4375
4376
4377
4378 4470 4721
4379 4647 4912
4380
4381
4382 4676
4383
4384
4385 4712 4463
4386
4387
4388
4389
4390 4820
4391
4392
4393
4394
4395 4675
4396
4397 4509
4398
4399 4513 4894
4400 4669
4401 4768 4454 4888
4402 4801 4653
4403
4404 4991 4839
4405 4586
4406
4407
4408
4409 4966 4567
4410
4411 4825
4412 4581 4670
4413
4414
4415 4558 4974
4416
4417 4831 4478
4418
4419 4692
4420 4821 4671
4421
4422 4994 4904 4878
4423 4912
4424
4425 4456
4426
4427
4428 4985
4429
4430
4431
4432 4829
4433 4903
4434 4991
4435
4436 4562
4437
4438 4546
4439
4440
4441
4442
4443
4444
4445 4903
4446 4577
4447
4448
4449
4450
4451 4808
4452 4463
4453 4575
4454
4455 4570
4456
4457 4916
4458 4754
4459 4522
4460
4461
4462 4595
4463 4667
4464
4465 4487
4466
4467
4468
4469
4470
4471
4472
4473
4474
4475 4547 4525
4476 4737
4477
4478
4479
4480
4481 4833
4482 4958 4556
4483
4484 4682
4485
4486
4487
4488 4589
4489
4490 4631
4491
4492 4925
4493 4524
4494 4720
4495
4496
4497
4498 4578
4499
4500
4501
4502
4503
4504
4505
4506
4507 4595 4885
4508
4509
4510
4511
4512
4513
4514
4515
4516
4517 4979
4518
4519
4520 4605
4521 4899
4522
4523
4524
4525
4526
4527 4826
4528
4529 4675 4769
4530 4785 4592 4889
4531
4532
4533
4534
4535
4536 4834
4537 4668
4538
4539
4540 4851
4541
4542
4543 4709 4808 4886
4544 4717
4545 4938 4964
4546
4547
4548
4549
4550
4551 4844
4552
4553
4554 4632 4726
4555
4556
4557
4558
4559
4560 4862
4561
4562 4920
4563
4564 4658
4565 4693
4566
4567 4628
4568
4569 4965
4570
4571
4572
4573 4642
4574
4575
4576
4577 4953
4578
4579 4932
4580 4695 4592
4581
4582
4583
4584
4585
4586 4828
4587 4617
4588
4589
4590
4591
4592
4593
4594 4727
4595 4682
4596 4649 4719
4597 4923
4598
4599
4600
4601
4602 4734
4603
4604
4605 4691
4606
4607
4608
4609
4610
4611 4930
4612
4613 4684
4614
4615
4616
4617
4618 4980
4619
4620
4621
4622
4623 4898
4624
4625 4781 4937
4626 4720
4627
4628
4629 4755
4630
4631
4632
4633
4634
4635
4636
4637
4638 4992 4912
4639 4705
4640
4641 4734
4642 4877
4643
4644
4645
4646 4934
4647 4932
4648
4649 4802
4650 4964
4651 4912
4652
4653 4732
4654 4751
4655
4656
4657
4658
4659
4660
4661
4662
4663 4845
4664
4665
4666
4667
4668
4669
4670 4706
4671
4672
4673
4674
4675
4676 4929
4677
4678
4679
4680
4681
4682
4683
4684
4685
4686
4687 4988
4688
4689 4977
4690
4691
4692 4924
4693
4694
4695
4696
4697
4698 4724
4699
4700
4701
4702
4703 4923
4704
4705
4706
4707 4773
4708
4709
4710
4711
4712
4713
4714
4715 4889
4716
4717
4718
4719
4720 4934
4721
4722
4723
4724
4725
4726
4727
4728
4729
4730
4731
4732
4733
4734
4735
4736
4737
4738
4739
4740
4741
4742 4748
4743
4744
4745
4746
4747 4842
4748
4749 4916
4750 4952
4751
4752
4753 4826
4754 4777 4862
4755
4756
4757
4758
4759
4760
4761
4762
4763
4764
4765
4766
4767
4768
4769
4770
4771 4963
4772
4773
4774
4775
4776
4777
4778 4800 4822
4779
4780
4781
4782
4783
4784
4785 4833
4786
4787
4788
4789
4790
4791
4792
4793
4794
4795
4796
4797
4798 4998
4799 4901 4909
4800
4801
4802 4907
4803
4804 4826
4805
4806
4807
4808
4809
4810
4811
4812
4813 4816
4814 4853
4815
4816
4817 4971 4846
4818 4844 4965
4819
4820
4821
4822
4823
4824
4825
4826 4952
4827
4828
4829
4830
4831
4832
4833 4849
4834
4835
4836
4837
4838
4839
4840
4841
4842
4843
4844 4887
4845
4846
4847
4848
4849
4850 4994
4851
4852
4853
4854
4855
4856
4857
4858
4859
4860
4861
4862
4863
4864
4865
4866
4867
4868
4869
4870
4871
4872
4873
4874
4875
4876
4877
4878 4924
4879
4880
4881
4882
4883 4967
4884
4885 4912
4886 4899
4887
4888
4889 4894
4890
4891
4892
4893
4894
4895 4960 4899
4896
4897
4898
4899 4965
4900
4901
4902
4903
4904
4905
4906
4907
4908
4909
4910
4911
4912
4913
4914
4915
4916
4917
4918
4919
4920 4946
4921 4944
4922
4923
4924 4995
4925
4926
4927
4928
4929
4930
4931
4932
4933
4934
4935
4936
4937
4938
4939
4940
4941
4942
4943
4944
4945
4946
4947
4948
4949
4950
4951 4980
4952
4953
4954
4955 4970
4956
4957
4958
4959
4960
4961
4962
4963
4964
4965
4966
4967
4968
4969
4970
4971
4972
4973
4974
4975
4976
4977
4978
4979
4980
4981
4982
4983
4984
4985
4986
4987
4988
4989
4990
4991
4992
4993
4994
4995
4996
4997
4998
4999
[1, 1, 1, 1, 1, 0, 0, 1, 0, 1, 0, 0, 0, 1, 1, 1, 0, 1, 1, 1, 1, 0, 1, 1, 1, 0, 1, 1, 0, 1, 1, 1, 0, 0, 1, 1, 1, 0, 0, 1, 1, 0, 1, 0, 0, 1, 1, 1, 0, 0, 0, 0, 0, 1, 1, 0, 0, 0, 1, 1, 0, 0, 1, 0, 0, 0, 0, 1, 1, 1, 0, 0, 1, 0, 0, 1, 1, 1, 0, 0, 0, 0, 0, 0, 0, 0, 0, 1, 1, 0, 1, 1, 1, 0, 1, 0, 1, 1, 1, 0, 0, 0, 1, 1, 0, 1, 0, 0, 1, 1, 1, 0, 0, 0, 0, 0, 0, 0, 1, 0, 0, 1, 1, 0, 0, 0, 0, 1, 0, 0, 1, 1, 0, 1, 0, 1, 1, 1, 1, 0, 0, 0, 0, 0, 1, 0, 0, 1, 0, 0, 0, 1, 0, 1, 1, 1, 0, 0, 0, 0, 0, 0, 0, 1, 0, 0, 0, 1, 1, 0, 1, 0, 1, 1, 1, 0, 0, 1, 1, 0, 1, 0, 1, 1, 1, 1, 0, 1, 0, 0, 0, 0, 1, 0, 0, 1, 0, 1, 1, 0, 1, 1, 1, 1, 0, 1, 0, 1, 1, 0, 0, 1, 0, 0, 1, 0, 0, 0, 1, 1, 1, 1, 1, 1, 1, 0, 0, 1, 0, 1, 0, 0, 1, 0, 1, 1, 1, 0, 0, 1, 1, 1, 1, 1, 1, 1, 1, 1, 1, 1, 0, 0, 0, 0, 1, 1, 1, 1, 0, 0, 0, 1, 1, 1, 1, 1, 0, 0, 0, 1, 1, 1, 0, 1, 0, 1, 1, 0, 0, 0, 1, 1, 1, 0, 1, 1, 0, 1, 0, 1, 0, 0, 1, 1, 1, 0, 0, 1, 0, 1, 1, 0, 1, 0, 0, 1, 1, 1, 0, 1, 0, 1, 1, 0, 0, 0, 0, 0, 1, 0, 1, 1, 0, 1, 0, 1, 0, 0, 0, 0, 0, 1, 0, 0, 1, 1, 0, 1, 1, 0, 0, 1, 0, 0, 0, 0, 0, 0, 1, 1, 1, 0, 1, 0, 1, 0, 0, 1, 1, 1, 0, 0, 0, 0, 1, 1, 0, 0, 1, 0, 1, 1, 1, 0, 0, 1, 1, 1, 0, 0, 0, 1, 1, 0, 1, 0, 0, 0, 1, 1, 0, 1, 1, 1, 0, 1, 0, 1, 0, 0, 0, 1, 1, 1, 1, 0, 1, 1, 1, 0, 0, 1, 1, 0, 1, 0, 1, 1, 0, 0, 1, 0, 1, 1, 0, 1, 0, 0, 0, 1, 1, 1, 0, 1, 1, 1, 1, 0, 1, 1, 0, 0, 1, 1, 1, 0, 0, 1, 1, 0, 1, 0, 1, 0, 1, 1, 0, 1, 1, 0, 0, 0, 0, 1, 0, 0, 0, 0, 0, 1, 1, 0, 0, 1, 0, 0, 0, 1, 1, 1, 0, 1, 1, 1, 0, 0, 0, 0, 0, 1, 0, 1, 1, 1, 0, 1, 0, 0, 0, 1, 1, 0, 1, 0, 1, 1, 0, 0, 0, 0, 1, 1, 0, 0, 1, 1, 1, 1, 0, 1, 0, 0, 0, 1, 0, 0, 0, 0, 0, 1, 0, 1, 1, 1, 1, 0, 0, 0, 0, 0, 0, 1, 0, 1, 0, 0, 0, 0, 0, 0, 0, 0, 1, 0, 1, 1, 0, 1, 1, 1, 1, 1, 0, 0, 0, 1, 1, 0, 1, 1, 1, 1, 0, 1, 1, 0, 0, 0, 0, 0, 0, 0, 1, 0, 0, 1, 0, 1, 1, 0, 1, 0, 1, 0, 1, 0, 0, 0, 0, 1, 0, 1, 0, 0, 1, 0, 0, 0, 0, 1, 1, 0, 0, 1, 1, 0, 1, 1, 1, 1, 0, 0, 0, 0, 0, 0, 1, 0, 0, 1, 1, 0, 0, 1, 0, 0, 0, 0, 0, 1, 0, 1, 1, 0, 0, 0, 1, 1, 0, 0, 0, 0, 1, 0, 0, 1, 0, 0, 1, 0, 1, 0, 1, 0, 1, 1, 1, 0, 1, 0, 1, 0, 1, 1, 0, 1, 0, 1, 0, 1, 0, 1, 1, 0, 0, 1, 1, 1, 0, 0, 0, 1, 0, 0, 1, 0, 1, 1, 1, 0, 1, 0, 0, 0, 1, 0, 1, 0, 0, 1, 1, 1, 1, 0, 1, 0, 1, 0, 1, 1, 0, 0, 1, 0, 0, 0, 0, 1, 0, 1, 1, 0, 1, 0, 0, 0, 0, 1, 1, 0, 0, 0, 1, 1, 0, 0, 0, 1, 1, 1, 1, 1, 1, 0, 1, 0, 1, 1, 0, 1, 0, 0, 0, 0, 1, 1, 1, 0, 0, 0, 1, 1, 0, 0, 0, 1, 1, 0, 1, 0, 1, 1, 0, 0, 0, 0, 1, 1, 0, 0, 1, 1, 0, 0, 0, 1, 0, 0, 0, 1, 0, 1, 1, 1, 0, 0, 1, 1, 1, 0, 0, 1, 0, 0, 0, 0, 0, 1, 0, 0, 0, 0, 0, 1, 0, 0, 0, 0, 0, 1, 1, 0, 0, 0, 1, 1, 0, 0, 0, 1, 0, 1, 1, 1, 0, 0, 1, 1, 0, 1, 0, 1, 1, 1, 1, 0, 0, 1, 1, 0, 0, 0, 1, 0, 0, 0, 0, 0, 0, 0, 0, 1, 1, 1, 0, 0, 1, 0, 0, 1, 1, 0, 1, 0, 1, 1, 0, 0, 1, 0, 1, 0, 0, 1, 1, 0, 0, 1, 1, 0, 1, 1, 1, 0, 1, 0, 1, 1, 1, 0, 0, 1, 1, 1, 0, 1, 1, 1, 1, 1, 1, 1, 0, 1, 1, 0, 1, 0, 0, 0, 0, 0, 1, 0, 0, 0, 0, 1, 0, 1, 0, 0, 1, 0, 1, 1, 1, 0, 0, 1, 1, 0, 0, 1, 0, 1, 1, 1, 1, 0, 0, 0, 0, 0, 0, 0, 0, 1, 1, 0, 1, 1, 1, 0, 0, 0, 0, 1, 1, 1, 1, 0, 0, 0, 1, 1, 1, 1, 1, 1, 1, 0, 0, 1, 1, 1, 0, 1, 0, 1, 1, 0, 0, 1, 0, 0, 1, 0, 0, 1, 0, 0, 0, 0, 0, 0, 0, 0, 1, 0, 1, 0, 1, 1, 0, 0, 0, 1, 1, 0, 1, 1, 1, 1, 0, 0, 0, 0, 0, 0, 0, 0, 0, 0, 1, 1, 0, 0, 0, 1, 0, 1, 1, 1, 0, 0, 0, 1, 0, 0, 1, 1, 0, 0, 1, 0, 1, 0, 1, 0, 0, 0, 1, 0, 1, 0, 0, 0, 0, 1, 0, 0, 1, 1, 1, 0, 1, 0, 1, 1, 0, 1, 0, 0, 0, 0, 1, 1, 1, 1, 0, 1, 0, 0, 1, 0, 0, 1, 1, 1, 0, 1, 1, 0, 1, 0, 1, 1, 0, 0, 0, 1, 1, 0, 1, 1, 1, 1, 0, 1, 0, 0, 1, 1, 1, 0, 0, 1, 1, 1, 1, 1, 0, 0, 1, 0, 1, 1, 0, 0, 1, 1, 1, 1, 1, 1, 1, 1, 1, 1, 0, 1, 0, 0, 1, 0, 0, 1, 1, 0, 1, 1, 0, 1, 1, 1, 0, 1, 0, 0, 1, 0, 0, 1, 1, 0, 1, 1, 0, 1, 0, 1, 0, 0, 1, 1, 1, 1, 1, 0, 1, 0, 0, 1, 0, 0, 0, 0, 0, 0, 1, 0, 0, 0, 1, 0, 0, 0, 0, 0, 0, 0, 0, 1, 1, 0, 0, 1, 1, 1, 1, 0, 0, 0, 0, 1, 1, 0, 1, 1, 1, 1, 0, 1, 0, 0, 0, 0, 0, 0, 1, 0, 1, 0, 0, 1, 0, 1, 1, 0, 0, 0, 0, 1, 0, 1, 0, 0, 0, 1, 0, 1, 0, 0, 0, 1, 0, 0, 0, 1, 0, 1, 0, 0, 1, 1, 1, 0, 0, 0, 0, 0, 1, 1, 1, 0, 1, 0, 1, 0, 1, 0, 0, 1, 0, 1, 0, 1, 0, 1, 0, 1, 0, 0, 0, 0, 1, 1, 0, 0, 1, 0, 0, 0, 0, 0, 1, 0, 0, 1, 0, 0, 0, 1, 0, 1, 1, 1, 0, 1, 1, 0, 0, 1, 0, 0, 1, 1, 0, 0, 1, 0, 1, 1, 1, 1, 1, 0, 1, 1, 1, 1, 0, 0, 0, 0, 0, 1, 0, 1, 1, 0, 0, 1, 0, 0, 0, 0, 1, 0, 0, 0, 0, 1, 0, 1, 1, 1, 0, 0, 0, 0, 1, 0, 0, 1, 1, 0, 0, 1, 1, 0, 0, 0, 0, 1, 1, 0, 1, 0, 1, 0, 1, 0, 1, 0, 0, 0, 1, 0, 0, 0, 0, 1, 0, 0, 0, 0, 1, 0, 1, 1, 1, 0, 1, 0, 1, 0, 0, 1, 1, 1, 0, 0, 0, 0, 0, 1, 0, 1, 0, 0, 0, 0, 1, 0, 0, 0, 0, 0, 1, 1, 0, 1, 1, 1, 0, 1, 0, 1, 1, 1, 0, 1, 1, 1, 1, 0, 1, 0, 0, 0, 0, 0, 1, 1, 1, 1, 1, 0, 1, 1, 0, 1, 1, 0, 1, 0, 1, 1, 1, 0, 1, 1, 1, 0, 1, 1, 0, 0, 1, 0, 0, 0, 0, 1, 1, 0, 1, 0, 1, 0, 1, 0, 1, 1, 0, 0, 0, 0, 0, 1, 0, 1, 1, 1, 0, 1, 0, 0, 0, 1, 1, 0, 1, 1, 1, 0, 1, 0, 1, 0, 0, 1, 0, 1, 1, 0, 1, 0, 0, 0, 1, 1, 1, 1, 1, 1, 1, 1, 1, 0, 1, 0, 0, 1, 0, 0, 0, 0, 0, 0, 1, 0, 1, 1, 0, 1, 1, 1, 1, 1, 0, 1, 1, 1, 0, 1, 0, 0, 0, 1, 0, 1, 0, 1, 1, 1, 1, 0, 0, 0, 0, 0, 1, 1, 1, 0, 1, 1, 1, 1, 1, 0, 0, 1, 0, 0, 0, 1, 0, 1, 1, 1, 1, 0, 0, 1, 0, 0, 0, 0, 1, 0, 1, 1, 1, 0, 0, 0, 1, 1, 1, 1, 1, 0, 1, 1, 1, 0, 1, 0, 1, 1, 1, 1, 1, 1, 1, 1, 0, 1, 1, 0, 0, 1, 0, 1, 1, 1, 1, 1, 0, 0, 0, 1, 1, 0, 1, 1, 1, 1, 0, 1, 0, 1, 0, 0, 0, 0, 0, 0, 1, 0, 0, 0, 0, 1, 0, 0, 1, 0, 1, 0, 0, 1, 0, 1, 0, 1, 0, 1, 1, 1, 1, 0, 1, 0, 0, 0, 0, 0, 0, 0, 0, 1, 0, 0, 0, 1, 0, 1, 1, 0, 0, 1, 1, 1, 0, 0, 0, 1, 0, 0, 0, 0, 1, 0, 0, 0, 1, 1, 1, 1, 1, 0, 1, 1, 0, 1, 1, 1, 1, 0, 0, 0, 0, 0, 0, 1, 0, 1, 0, 1, 1, 1, 0, 1, 0, 1, 0, 0, 1, 0, 0, 1, 1, 0, 1, 1, 0, 1, 1, 0, 1, 1, 0, 1, 0, 1, 1, 0, 1, 1, 0, 0, 0, 0, 1, 0, 0, 1, 0, 1, 1, 0, 0, 0, 0, 1, 1, 0, 0, 0, 0, 1, 1, 0, 1, 0, 0, 1, 1, 0, 0, 1, 1, 1, 1, 0, 1, 1, 1, 1, 1, 0, 1, 1, 0, 0, 1, 0, 0, 0, 1, 0, 1, 0, 1, 0, 1, 0, 1, 0, 0, 1, 0, 1, 1, 0, 0, 0, 0, 1, 1, 1, 1, 0, 1, 0, 0, 0, 0, 0, 1, 1, 0, 0, 0, 0, 1, 1, 0, 1, 1, 1, 1, 0, 1, 1, 0, 0, 1, 1, 1, 0, 1, 1, 0, 0, 1, 0, 0, 0, 0, 1, 0, 0, 1, 0, 1, 0, 1, 1, 1, 1, 1, 1, 1, 1, 1, 0, 1, 1, 1, 0, 1, 1, 1, 1, 0, 1, 1, 0, 1, 1, 0, 0, 1, 1, 0, 1, 0, 1, 1, 1, 1, 1, 0, 0, 0, 1, 0, 1, 1, 0, 0, 1, 1, 0, 0, 0, 0, 0, 1, 0, 1, 1, 1, 1, 1, 0, 0, 1, 1, 0, 0, 0, 1, 0, 1, 0, 1, 0, 1, 1, 0, 0, 1, 1, 0, 1, 0, 1, 0, 1, 0, 0, 0, 0, 1, 0, 0, 1, 1, 0, 1, 1, 1, 0, 1, 1, 1, 1, 1, 1, 1, 0, 0, 1, 0, 1, 1, 1, 0, 1, 0, 1, 0, 0, 0, 1, 0, 1, 0, 0, 0, 1, 0, 0, 0, 1, 0, 0, 0, 0, 0, 1, 0, 0, 1, 0, 0, 0, 0, 0, 1, 0, 1, 1, 1, 0, 1, 0, 1, 1, 0, 1, 1, 1, 0, 1, 0, 0, 0, 1, 1, 0, 0, 1, 0, 0, 1, 1, 1, 1, 1, 0, 0, 0, 1, 1, 0, 1, 1, 1, 0, 1, 0, 1, 0, 0, 1, 1, 0, 0, 1, 1, 0, 1, 0, 1, 0, 0, 0, 0, 0, 0, 1, 0, 0, 0, 1, 0, 1, 1, 1, 1, 0, 0, 1, 1, 0, 0, 1, 0, 0, 1, 0, 1, 1, 1, 0, 0, 0, 0, 0, 0, 1, 1, 0, 0, 0, 0, 1, 0, 0, 0, 1, 1, 0, 1, 0, 1, 1, 0, 1, 1, 1, 0, 1, 1, 0, 0, 1, 1, 1, 0, 1, 0, 0, 0, 1, 0, 1, 0, 0, 0, 1, 0, 0, 0, 1, 1, 1, 1, 1, 1, 0, 1, 1, 1, 1, 0, 1, 1, 1, 1, 0, 0, 0, 1, 1, 0, 0, 0, 1, 1, 0, 1, 1, 0, 1, 1, 1, 0, 0, 0, 0, 1, 1, 0, 1, 0, 0, 0, 0, 1, 0, 1, 0, 0, 1, 0, 0, 0, 1, 1, 1, 0, 0, 0, 0, 1, 1, 0, 1, 1, 1, 1, 0, 0, 1, 1, 0, 1, 1, 0, 1, 0, 1, 0, 1, 0, 0, 0, 1, 0, 0, 0, 0, 0, 0, 0, 1, 0, 0, 1, 1, 0, 1, 1, 1, 1, 1, 0, 0, 0, 0, 0, 0, 0, 0, 1, 1, 0, 0, 1, 1, 1, 1, 1, 0, 1, 1, 1, 1, 1, 0, 0, 0, 0, 1, 1, 0, 1, 0, 0, 1, 1, 0, 0, 0, 1, 0, 0, 1, 0, 0, 1, 0, 1, 0, 0, 0, 1, 0, 0, 1, 1, 1, 1, 0, 0, 1, 0, 1, 1, 1, 0, 1, 1, 0, 1, 1, 0, 1, 0, 0, 1, 0, 1, 0, 1, 0, 1, 0, 1, 0, 0, 1, 0, 1, 0, 1, 0, 1, 1, 1, 1, 0, 1, 0, 0, 0, 1, 1, 1, 1, 1, 0, 1, 1, 0, 1, 1, 0, 0, 0, 1, 0, 1, 1, 1, 1, 1, 1, 1, 1, 1, 1, 0, 0, 0, 1, 0, 1, 1, 0, 1, 0, 0, 0, 1, 1, 1, 0, 1, 0, 1, 1, 0, 1, 1, 0, 0, 1, 0, 1, 1, 1, 1, 0, 1, 0, 1, 1, 0, 0, 1, 0, 1, 0, 1, 1, 1, 1, 1, 1, 1, 1, 1, 1, 0, 1, 0, 1, 1, 1, 0, 0, 0, 0, 1, 1, 0, 0, 0, 0, 0, 1, 1, 0, 0, 0, 0, 0, 0, 0, 1, 1, 0, 0, 0, 0, 0, 0, 1, 0, 1, 1, 0, 0, 1, 1, 0, 1, 1, 1, 1, 0, 0, 1, 0, 0, 1, 0, 0, 1, 1, 0, 0, 1, 1, 0, 0, 1, 1, 1, 1, 1, 0, 1, 1, 1, 1, 0, 1, 1, 1, 0, 0, 1, 1, 1, 0, 0, 1, 1, 0, 0, 1, 0, 0, 1, 1, 1, 1, 0, 0, 1, 0, 1, 0, 1, 0, 1, 1, 1, 0, 0, 0, 1, 1, 1, 0, 1, 1, 0, 1, 0, 0, 0, 0, 1, 1, 0, 0, 0, 1, 1, 0, 0, 1, 1, 1, 0, 0, 0, 1, 1, 1, 0, 1, 0, 0, 0, 1, 0, 0, 0, 0, 0, 1, 1, 0, 0, 1, 0, 0, 0, 1, 1, 1, 0, 1, 0, 1, 1, 0, 0, 1, 1, 0, 1, 1, 0, 1, 0, 0, 0, 1, 0, 1, 1, 1, 0, 0, 1, 0, 0, 1, 1, 1, 0, 0, 1, 1, 0, 0, 0, 1, 1, 0, 1, 1, 0, 1, 0, 1, 0, 1, 1, 1, 1, 0, 0, 0, 1, 0, 0, 1, 1, 0, 0, 1, 1, 0, 1, 0, 0, 1, 1, 0, 0, 1, 1, 0, 1, 0, 0, 1, 0, 1, 1, 0, 1, 1, 0, 0, 1, 0, 0, 0, 1, 1, 0, 0, 0, 0, 0, 0, 0, 0, 1, 0, 0, 0, 1, 1, 1, 0, 0, 1, 1, 0, 0, 1, 1, 0, 0, 1, 0, 1, 0, 1, 0, 1, 1, 1, 1, 0, 1, 0, 1, 1, 1, 1, 1, 1, 1, 0, 0, 0, 1, 1, 1, 0, 0, 1, 0, 0, 1, 0, 0, 1, 1, 1, 1, 1, 0, 1, 1, 1, 0, 0, 1, 0, 1, 1, 0, 0, 0, 1, 0, 0, 0, 0, 1, 0, 0, 1, 1, 0, 0, 1, 1, 1, 0, 1, 1, 1, 1, 0, 0, 1, 0, 1, 1, 0, 0, 1, 0, 0, 0, 1, 1, 0, 0, 1, 0, 0, 0, 1, 0, 1, 0, 1, 0, 1, 1, 1, 0, 0, 0, 1, 0, 1, 1, 0, 1, 0, 0, 0, 0, 0, 0, 0, 1, 0, 0, 1, 0, 1, 0, 0, 0, 0, 1, 0, 1, 1, 1, 0, 1, 1, 1, 1, 1, 1, 0, 1, 0, 0, 0, 0, 1, 0, 0, 1, 0, 1, 1, 1, 1, 0, 0, 1, 0, 1, 1, 1, 0, 0, 1, 1, 0, 0, 0, 0, 0, 1, 0, 1, 0, 1, 1, 1, 0, 1, 0, 1, 1, 0, 0, 1, 0, 1, 1, 0, 1, 1, 0, 1, 0, 0, 0, 0, 1, 1, 0, 0, 1, 1, 0, 1, 0, 1, 0, 1, 0, 0, 1, 0, 1, 0, 1, 1, 0, 0, 0, 1, 0, 0, 0, 0, 0, 1, 0, 0, 0, 0, 0, 0, 1, 1, 1, 0, 0, 0, 0, 0, 1, 0, 1, 1, 1, 1, 1, 0, 0, 1, 1, 1, 0, 1, 0, 0, 1, 1, 1, 1, 1, 0, 1, 0, 0, 1, 0, 1, 0, 0, 0, 1, 0, 1, 1, 1, 0, 1, 1, 1, 0, 0, 0, 1, 1, 1, 1, 1, 0, 1, 0, 1, 0, 1, 1, 1, 1, 0, 0, 0, 0, 1, 0, 1, 0, 0, 1, 0, 1, 0, 1, 1, 1, 1, 0, 0, 0, 1, 1, 0, 0, 1, 1, 1, 0, 1, 1, 1, 1, 0, 0, 0, 0, 0, 1, 0, 0, 0, 1, 1, 0, 0, 1, 0, 1, 0, 1, 1, 0, 1, 1, 0, 0, 0, 1, 1, 1, 0, 1, 0, 0, 0, 1, 1, 1, 0, 0, 1, 1, 0, 0, 0, 0, 0, 0, 1, 1, 0, 0, 0, 1, 0, 1, 1, 0, 1, 1, 0, 1, 1, 1, 0, 0, 0, 0, 1, 0, 1, 0, 0, 1, 1, 1, 0, 0, 1, 1, 1, 1, 1, 1, 0, 1, 1, 0, 0, 1, 1, 0, 0, 0, 1, 1, 0, 1, 1, 0, 0, 0, 1, 1, 0, 0, 0, 1, 0, 0, 0, 0, 0, 1, 0, 0, 1, 1, 1, 0, 0, 0, 0, 1, 1, 1, 1, 0, 0, 0, 0, 1, 1, 1, 0, 0, 1, 1, 1, 0, 0, 1, 1, 1, 0, 0, 0, 0, 1, 0, 1, 1, 0, 0, 0, 1, 1, 0, 1, 1, 1, 1, 1, 0, 1, 0, 1, 1, 0, 1, 1, 0, 1, 1, 1, 1, 0, 1, 0, 1, 0, 0, 1, 1, 1, 0, 1, 1, 0, 1, 1, 0, 0, 0, 1, 1, 1, 1, 1, 0, 0, 0, 0, 1, 0, 0, 1, 1, 0, 0, 0, 1, 0, 0, 0, 1, 1, 1, 0, 0, 0, 1, 1, 0, 0, 1, 1, 1, 0, 1, 1, 0, 1, 1, 0, 1, 1, 0, 0, 1, 0, 1, 0, 1, 0, 0, 0, 1, 1, 0, 0, 0, 0, 0, 0, 1, 1, 1, 0, 0, 1, 0, 0, 0, 0, 0, 0, 0, 1, 1, 1, 0, 0, 1, 1, 1, 0, 1, 1, 1, 0, 0, 1, 1, 1, 1, 0, 0, 1, 0, 1, 0, 1, 1, 1, 1, 1, 1, 0, 0, 1, 1, 0, 0, 1, 1, 0, 1, 0, 1, 0, 0, 0, 0, 1, 0, 1, 1, 0, 0, 1, 0, 1, 1, 1, 1, 0, 1, 0, 1, 1, 0, 1, 0, 0, 0, 0, 1, 0, 0, 0, 0, 1, 1, 0, 1, 1, 1, 1, 1, 1, 1, 0, 0, 1, 1, 1, 0, 1, 0, 0, 1, 0, 1, 1, 1, 0, 1, 0, 0, 1, 0, 0, 0, 0, 0, 1, 0, 0, 0, 1, 1, 0, 1, 0, 0, 1, 0, 0, 0, 1, 1, 1, 0, 1, 1, 0, 1, 1, 0, 0, 0, 0, 0, 0, 1, 0, 1, 0, 0, 1, 1, 0, 0, 1, 1, 1, 1, 0, 0, 0, 0, 0, 0, 1, 1, 1, 0, 0, 0, 1, 1, 0, 1, 1, 1, 0, 0, 0, 1, 1, 1, 1, 1, 1, 1, 0, 0, 1, 1, 0, 1, 0, 0, 0, 0, 0, 0, 0, 0, 1, 1, 1, 1, 0, 1, 1, 1, 1, 1, 1, 0, 0, 1, 1, 1, 1, 0, 1, 0, 1, 1, 0, 0, 1, 1, 1, 1, 1, 0, 0, 1, 1, 1, 1, 1, 1, 1, 0, 1, 1, 1, 0, 1, 0, 0, 1, 0, 0, 1, 1, 1, 0, 1, 0, 0, 0, 0, 0, 1, 1, 0, 0, 0, 1, 0, 1, 0, 1, 0, 1, 1, 0, 0, 1, 0, 0, 0, 0, 1, 0, 1, 1, 1, 0, 0, 0, 1, 0, 1, 0, 0, 1, 1, 1, 0, 0, 1, 1, 1, 1, 1, 0, 1, 0, 0, 0, 1, 1, 1, 0, 0, 1, 1, 1, 0, 1, 1, 0, 0, 1, 1, 1, 0, 0, 0, 1, 1, 0, 1, 0, 1, 1, 1, 1, 1, 1, 0, 1, 0, 0, 0, 1, 0, 0, 0, 0, 1, 0, 0, 0, 1, 0, 1, 1, 1, 1, 0, 1, 1, 1, 1, 0, 0, 1, 0, 0, 0, 0, 0, 0, 1, 0, 0, 0, 1, 1, 0, 1, 0, 1, 0, 1, 1, 0, 1, 0, 1, 0, 1, 1, 0, 1, 1, 0, 0, 0, 1, 0, 1, 1, 1, 0, 1, 0, 0, 0, 1, 0, 0, 1, 0, 0, 0, 1, 1, 0, 0, 0, 0, 1, 1, 0, 0, 1, 1, 1, 1, 0, 0, 0, 1, 1, 1, 1, 1, 0, 0, 1, 0, 1, 0, 1, 1, 1, 0, 0, 0, 1, 0, 0, 1, 1, 1, 0, 0, 1, 0, 1, 1, 0, 0, 0, 0, 1, 0, 1, 0, 0, 0, 1, 0, 1, 0, 1, 0, 1, 0, 1, 1, 1, 1, 1, 0, 0, 0, 1, 0, 0, 0, 1, 1, 0, 0, 1, 0, 1, 0, 1, 1, 0, 1, 1, 0, 0, 1, 1, 0, 1, 0, 1, 0, 0, 1, 1, 1, 0, 0, 0, 1, 1, 0, 1, 0, 0, 1, 1, 0, 1, 1, 0, 0, 0, 0, 0, 0, 0, 0, 1, 0, 0, 1, 0, 0, 0, 0, 1, 1, 0, 1, 1, 0, 1, 1, 0, 1, 1, 1, 1, 1, 1, 1, 0, 0, 1, 1, 0, 1, 1, 1, 0, 0, 1, 0, 1, 1, 0, 0, 0, 1, 1, 0, 0, 1, 1, 0, 1, 0, 1, 0, 1, 1, 1, 0, 0, 1, 0, 1, 1, 1, 1, 0, 1, 0, 1, 0, 1, 0, 0, 1, 0, 0, 0, 1, 1, 0, 0, 0, 0, 1, 0, 0, 1, 0, 0, 0, 1, 1, 1, 0, 1, 1, 1, 1, 1, 1, 0, 1, 0, 1, 1, 0, 0, 0, 0, 0, 1, 1, 1, 1, 1, 1, 1, 1, 0, 0, 0, 0, 1, 1, 1, 0, 1, 1, 1, 0, 0, 0, 1, 0, 1, 1, 1, 1, 1, 1, 1, 1, 1, 0, 1, 1, 0, 1, 0, 0, 1, 1, 0, 0, 0, 0, 0, 0, 0, 0, 0, 0, 0, 1, 0, 1, 1, 0, 1, 1, 1, 1, 1, 0, 0, 0, 0, 1, 0, 0, 0, 0, 0, 0, 1, 1, 1, 1, 1, 0, 1, 0, 0, 1, 1, 0, 0, 1, 0, 1, 0, 0, 1, 1, 1, 0, 1, 1, 0, 0, 1, 1, 0, 1, 0, 0, 0, 1, 1, 1, 1, 1, 0, 0, 1, 0, 1, 1, 1, 1, 1, 0, 0, 1, 0, 1, 1, 0, 1, 0, 1, 1, 1, 1, 1, 1, 0, 0, 1, 1, 0, 0, 1, 0, 1, 0, 0, 1, 0, 0, 0, 0, 1, 1, 1, 1, 1, 1, 1, 0, 1, 1, 0, 1, 0, 0, 0, 1, 1, 1, 1, 1, 0, 0, 1, 0, 0, 0, 1, 1, 0, 1, 0, 1, 0, 1, 1, 0, 0, 0, 0, 0, 1, 1, 1, 1, 1, 1, 1, 0, 1, 0, 0, 0, 1, 1, 1, 0, 1, 1, 1, 0, 1, 0, 0, 1, 0, 1, 1, 0, 1, 1, 0, 0, 0, 1, 0, 0, 1, 1, 0, 0, 1, 0, 0, 0, 0, 1, 0, 1, 1, 0, 0, 1, 0, 0, 0, 0, 0, 1, 0, 1, 0, 0, 0, 0, 1, 0, 1, 1, 0, 1, 0, 1, 1, 1, 0, 1, 0, 1, 0, 1, 0, 0, 0, 0, 0, 0, 1, 1, 1, 1, 0, 0, 0, 0, 1, 1, 0, 0, 0, 1, 1, 0, 1, 0, 1, 1, 1, 0, 1, 1, 0, 0, 0, 1, 1, 0, 1, 0, 1, 0, 1, 1, 1, 1, 1, 0, 1, 0, 0, 0, 1, 0, 1, 0, 0, 1, 0, 1, 0, 0, 0, 0, 0, 1, 0, 0, 1, 0, 0, 0, 0, 0, 0, 0, 1, 1, 0, 1, 0, 0, 1, 1, 1, 0, 0, 1, 1, 1, 0, 1, 1, 0, 1, 0, 0, 0, 0, 0, 1, 1, 0, 1, 0, 1, 1, 1, 0, 0, 0, 1, 0, 0, 0, 1, 0, 1, 0, 0, 1, 0, 1, 0, 0, 1, 1, 1, 1, 1, 0, 1, 1, 0, 1, 1, 0, 0, 0, 1, 1, 0, 1, 1, 0, 1, 1, 0, 0, 1, 1, 1, 1, 0, 0, 0, 1, 0, 0, 1, 0, 1, 0, 1, 1, 0, 1, 1, 1, 1, 1, 1, 0, 1, 1, 1, 1, 0, 1, 1, 1, 1, 1, 0, 0, 1, 0, 0, 0, 0, 1, 1, 1, 0, 1, 1, 1, 1, 0, 0, 1, 1, 1, 1, 0, 0, 0, 1, 1, 0, 0, 0, 1, 1, 1, 1, 0, 1, 0, 0, 0, 0, 0, 0, 1, 1, 0, 0, 1, 1, 0, 1, 0, 0, 1, 1, 0, 1, 0, 1, 0, 1, 1, 1, 1, 0, 0, 0, 0, 0, 1, 0, 0, 0, 1, 0, 0, 0, 0, 0, 1, 0, 1, 1, 1, 0, 1, 0, 0, 0, 1, 1, 1, 1, 0, 1, 1, 1, 1, 0, 0, 1, 1, 1, 0, 0, 1, 1, 0, 0, 0, 1, 1, 1, 1, 1, 0, 1, 1, 1, 1, 1, 1, 0, 0, 0, 0, 1, 1, 1, 0, 1, 0, 1, 1, 1, 0, 0, 1, 0, 0, 0, 1, 0, 0, 0, 1, 0, 0, 1, 0, 1, 0, 1, 1, 1, 1, 1, 1, 0, 0, 0, 0, 0, 1, 1, 0, 1, 1, 0, 1, 0, 1, 1, 1, 0, 1, 0, 0, 1, 0, 0, 0, 0, 1, 1, 0, 1, 1, 0, 1, 0, 0, 0, 0, 0, 0, 0, 1, 1, 0, 0, 0, 0, 1, 1, 0, 1, 0, 0, 1, 1, 0, 1, 1, 0, 1, 0, 0, 0, 1, 1, 0, 1, 1, 1, 1, 0, 0, 1, 1, 0, 1, 1, 0, 1, 0, 0, 0, 1, 0, 0, 1, 0, 1, 0, 0, 1, 0, 0, 1, 0, 0, 0, 0, 1, 1, 0, 1, 0, 0, 0, 0, 1, 0, 0, 1, 0, 0, 0, 1, 0, 0, 1, 0, 0, 0, 0, 0, 0, 1, 1, 1, 1, 1, 1, 0, 0, 0, 1, 0, 0, 0, 0, 1, 0, 1, 1, 0, 0, 1, 0, 0, 0, 1, 1, 1, 0, 0, 0, 1, 1, 0, 1, 0, 0, 1, 0, 0, 1, 0, 1, 0, 1, 1, 0, 1, 0, 0, 1, 1, 1, 1, 1, 1, 0, 0, 0, 1, 0, 0, 0, 0, 0, 1, 1, 1, 0, 0, 0, 0, 0, 0, 0, 1, 0, 1, 1, 0, 1, 0, 0, 0, 1, 0, 1, 1, 1, 1, 1, 0, 0, 0, 1, 0, 0, 1, 1, 1, 0, 0, 1, 1, 0, 0, 1, 1, 0, 1, 1, 0, 1, 1, 0, 1, 1, 0, 1, 1, 0, 0, 1, 1, 1, 0, 0, 0, 0, 0, 1, 1, 0, 1, 0, 1, 1, 0, 1, 0, 0, 1, 1, 1, 0, 0, 0, 0, 0, 1, 0, 0, 0, 1, 0, 0, 1, 1, 0, 1, 0, 0, 1, 1, 1, 0, 0, 0, 0, 1, 0, 1, 1, 0, 0, 1, 0, 0, 0, 1, 0, 0, 1, 1, 0, 1, 1, 1, 1, 0, 0, 1, 0, 0, 1, 1, 1, 1, 0, 0, 0, 0, 0, 1, 1, 0, 0, 1, 1, 1, 1, 0, 1, 0, 1, 0, 1, 1, 0, 1, 1, 1, 0, 1, 1, 1, 0, 1, 1, 1, 1, 1, 1, 1, 1, 0, 1, 0, 1, 1, 1, 0, 0, 0, 0, 0, 0, 0, 0, 0, 0, 0, 1, 1, 1, 0, 1, 1, 0, 1, 1, 0, 1, 0, 1, 1]