#/home/brian/Documents/summer17/Python/VEC/scripts/make_SBM_graphs.py
# GMT Thu Jul 27 21:51:50 2017
# 
0 1237 606 175
1 2434 4899 3213
2 1633 2730 4068 1999
3 4520 189
4 1410 3188 3735
5 1104 3336 4794
6 3152 4114 3116 2951
7 1768 3485
8 4984 2769 2695
9
10 699
11 1923 4648 3244 2253 1652 599
12 1334
13
14 3688 689 2370 4468 573
15 219 4860 3935
16 1536 3139 4619 4326
17 136 902
18
19
20 248 509
21 49
22 4988
23 152 690 4981
24 699
25 631 3493 4967
26 1041 1394 3538 3913
27 700
28 4178 3596 861 1509
29
30 4115 1201 3099 3723
31 1256 165
32 1169 1173 2519
33 3368 593 3560 4527
34 1216 2288 2564 2343
35 724
36 1939 541 4662
37 3339 4236 1955
38 715
39 570 269
40 2273 4919 959
41 325 4841 4023 3673 4665 2393
42 4837
43 1411
44 1945 1924
45 4385
46 3675 4023
47 3851 3014 1871
48 4776
49 450 1447 4687
50 4775 744 2700 3023 3351 824 4734
51 3859 2801 538 2403
52
53 1705 4739 3860
54
55 1940
56
57 4332 2573 4566 1389
58 3344 2985 4982 377
59 4806
60
61 1889 2250 2652 3333 2582
62 1930 471
63 1949
64 1123 3879 2084 1798 3751
65 4915 843 4151 2830 1247
66 4353 4569
67 601 3607
68 543
69 616 4931
70 3269
71 3546
72 3819 2910
73
74 1613 1919
75 2728 2750
76
77 4986
78 3498 2927
79 1226 4011 2757
80 4386 397 1910
81 2704
82 4009 4433
83 2800 2833 3067
84 2088
85 2160 2332 1644
86 2372 4844 847
87 2699 3299
88 2352 2634 2384 3987 4500 533 2581
89 2946 1626 1447
90 473 4082
91 293
92 2744
93 576 267
94 1736 1910 3158 4774
95 2018 2755 4973 813 3600 1435 687
96 2184 4559
97 4377 3300 2526
98
99
100 1835
101 2788 1374 2519
102 4305 179
103 2611
104 4152 4225 2901 4270
105 1533
106 3283
107 4356
108 1001 1403 3045
109 737 1511
110 2665 842
111 2170
112 2107
113 1279
114 2262
115 4753 3890 3479
116 4915 1614
117 3027 988
118 896
119 3424 426
120 497
121 384 3392 4511 647
122
123 3721 3394 1740
124 2826 2052 3541
125 1968 4319
126 2761 2402 315 1069 1049
127 3282
128 2952
129 3897 4700
130 1713
131 2964 3565
132 2632 2713 1084 1581 1487
133 4272 3809 1581 4669
134 3730 1685 1487
135 2164 3739 3092
136 3235 174 302
137 1129
138 4616 1858 2358 1495
139 3128 1089
140 4433 1631
141 4802
142 3498 2103
143 4752
144 704 4924
145 4897 3290 2269 2982
146 4115
147 1801 685
148 2249 4375
149 4775
150 3154 422 3839
151 1224
152 3413
153 3161 3707
154 1398
155 2444
156 3144 1105 3421 3534 1805
157 925 4658 771 965 2223
158 1795 3013 1967
159 2859
160 4920 637
161 2145
162 2745 4382
163 1821 3391
164 3084 2413
165 2449 996
166 1025
167 3152
168 2385 2638 3189 870 4879
169 559
170 4984 4489
171 4310
172 3580 4831
173 1650 2331 4663
174
175 3005
176 2474 2946 4110
177 1779 2335
178 4514
179 1311
180 1678 2227 1373 1958 3917
181 916
182 3393 707
183 4985
184 3988 885
185 1068 4164 3089
186 4995 3813 4998 3785 1747 1093
187 2089 650 3933 694
188 4896 3035 3365
189
190 2465 4733
191 1709 1783
192 1185 490 3609
193 1734
194
195 4280 698
196
197 1649 4078
198 4489 4764 1284 4567
199 2635
200 758 4511
201
202 3064 1554
203
204 3948
205 418 4719 4528 3383 3928 698 3387 4250
206 4921 1787 1254
207 285 4967
208 2912
209
210
211 553 3730
212 2456 3578 1210 366
213 2796
214 4440 2843
215 683 591
216 1776 4511
217 2312 4043 1124 1710 3067
218 1914 3938 1965
219 2415 2324 3566
220 1002 4662
221 2229
222 1189
223 4497
224 3223 303
225 1837 2796 1517 1182 4191
226 2106
227 4891 3348 3093
228 4402 839
229
230 4004
231 2237
232
233 2083 3031
234 1617 1249
235 4712
236 950
237 1291
238 1345 2900
239 3358
240
241 771 4471 2574 511
242 4618
243 1127
244
245 4524
246 673 4802
247 1187 1725
248 3068
249 3513 2807
250 3754
251 2616 379 2341 4183
252 3965
253 963 1036
254 3882 4260
255 4947 2300 3759
256 4808
257 4216 4094 3478
258 2306 1955 4932 2090 3180 1823
259 3927
260 2428 3534
261 1496 1241 4022
262 1800 858 2871
263 2268
264 4520 1076 3381 4278
265 3483 751
266 4294
267 481 990 1757
268 3347 3532
269 2719
270 4025 1742
271 2203
272 808 611 2620 1726
273 289 4247
274 744 4415 1047
275 3504
276
277 2229 2758
278
279 4348
280
281
282 2016 3958 3255
283
284 4556
285 3199 333
286 1250 1766 3463
287 4945 4602 525
288 2688 1302 3991
289
290
291 1808
292 3602 3118
293 1234 3812
294 316 1397
295 1929 4798
296 3936 4488 4916 2412 391
297 4073 1372
298 1482
299 528 3179 1924 2815
300 4362 1354 1717
301 4225 1973 4001
302 1539
303 2355 3794 827 3644
304 3132 3645 2655
305 361 1317
306 2000
307 1832 3948
308 3896 2633
309
310 2525
311 4009 1634 1476 2294
312
313 2292 1725
314 2139 1285 2174
315 657 4548
316 2485 1866 1310 1533
317 4323 2747
318 2004
319 969 1946 3844
320 4383
321 1912 4342
322 666 2996
323 4751 4390 3151
324 3233 3684
325 1984 1002
326 3827 2182
327 3179 1908 3003
328 4841
329 1597 1550
330 3936 4170
331 808
332
333 1569 4549 2950 4585 2291
334 2848 3388 2133
335
336 4596 3437
337 3368 2747 2199 1069 2327
338 4464
339 4826 4829 3686 3133
340 4361 1974
341 957 2055
342 4440 858 3829
343 2593 4339
344 2217 3781 2478 3621
345 3786 4695
346 2564 4325 1503
347 4055 4764 1895
348 3852 1643 3956 1974 2807
349 538 3707 1612 949
350 3086
351 4954 366
352 4563
353 1151 3191
354 3036
355 1587 3715 2788
356 3208 809 991 3214 825
357 2272 459 2571 4461 365 4568
358 477 3422 3437
359
360 2176 1465 844
361 1195 1669 1926 1813
362 3088
363 3960 4233
364 1415
365 2827 1691 1846
366
367
368 1232 795 3811 3631
369 1776 3190
370 2368 1284 3658 4592 561 2878
371 3559
372 1303
373
374
375
376 4624 3498
377 4086
378 3978 573 3734
379 523 2864
380 525 1782 4117
381 3978
382
383 4800 1619 2844 3622 2715
384 3656 1054 1750 3119
385 872 3337 4842
386 3712 4372 3871
387
388 3309 3349
389 3859 4133 1751
390
391
392 3800 1590 4167
393 2136 3754 3871
394 2339 2862
395 2856
396 3161 2918
397 3649 1972 2254
398
399 1721 2271
400 3939 772
401 2355
402 414
403 3221 1246
404
405 520 1539
406 3908
407 1064 2931
408 2974
409 1580 3084 4630 1367
410 4232 2391
411
412 4647
413 617 689
414 421
415 1707
416
417 3121 4006 4406
418 4540 926
419 2706 3019 3404 4510
420 3385 2238
421 2448 3421
422 2656 1943
423 1819 3245
424
425 3305 3275
426 3537 3399
427 2297
428
429 2273 3110 3117 3247 1752 4735
430 2160 1056
431 4888 3340 1108
432 2242 1188
433 2516 4197
434 777 4964 2678
435 2097 4471
436 1482 1969 3042 1677 1535
437 4232 3173
438 3935
439 4990
440 2920 1081 4357 3054
441 2565 1375
442 4729 4907
443 4938 2548 2221 3983
444 2961 1324 3222 2454 2879
445 1600 2348 1461
446
447 1707 3742 4606
448 3123 1427
449 4089
450 1919 4823
451 3698
452 2728 1952 2129
453
454 3594 1747
455 3314
456 555 484 3950
457
458 781
459 3675 2260
460 3345 1366
461 4097 2363 748 1595
462 752 4288 3485 4837
463 1112 2449 3632 975
464 1786 1682 3613 2433
465 3657
466 492
467
468 3658
469 837
470 658 3858
471 4059 606
472 3813
473 4889 2026 3602
474 2873 1149
475 1250
476 2139 1140
477 1760 1973
478 4588 3589 1790 517
479 4803 1814
480 945 1411 4334
481 2319
482 4713
483 1039
484 1911 500 1791
485 4096 2826 4900
486
487 1264 1753
488 4648 1157
489 1417 2974 2375
490 656 4554 4178 4871
491 2818
492 793 1947 2438
493 3601
494 2577 4989
495 3154
496 2867 2782
497 3364
498 1288 1294
499 1675 3437
500 2840 1522
501 1617 1373
502
503 3514 3948 2711
504 3106 2994
505 4874
506 1173
507 2385 2906 1213 4025
508
509 3096 1516 3403 3568
510 3137
511 2544 729 3980 3255
512 4671
513 2115 2774 4278
514 656
515 3000 2360 1239 4039 1311
516 4602 2455 2204 3253 1151
517 3255
518 3488 3620
519 723 4717 1927
520 3160
521 913 763 4948 537
522 1731 2309 1063 2508 2802 3483 1950
523 4633 1055
524 1490 1109
525 2085 3175 2570 3511 3991
526
527 4240 2394 3515
528 2800 2339 4184
529 4865 2810 4092
530
531 4809 4254 3753
532 3537 3874 2773
533 1123
534
535 4053
536 2082 2718 974
537 997 2454 1212 2142 4005
538
539 4898 2019 1675
540 2126
541 3597
542 3753
543 2246 2510 1533 4144 1625 3357
544 1163
545 1928
546
547 4256 1176 3143
548
549 692 3229 1751
550 2673
551 4476
552 3178
553 3096 2281 3236 1201
554 4067
555 3303
556 1403 2335
557 3677 1631
558
559 1797 3879
560 2980 908 3474 2798 2514 3603 4958
561 4052 4669
562 2586 862
563 2457 4978 1429 1289
564 1030
565 3361 2474 2725 4142
566 1056 911 4278 569 3449 636
567 998
568 2573 1070
569 808 3243 4622 2453
570 3350
571 4152 3244 2522 4060 878
572
573 3598
574 2834 876
575 1099 1883
576
577 4513 3474
578 2314 4298
579 4065 1172 3533 3943
580 2163
581 2817 4362 3851
582 3882 4238
583 1028 2125
584 3320 1337 765
585 1435
586 2306 4758
587 2493 623
588 2089 966
589 4415
590
591 4198 1734 3336 1099 2993 698
592 1785 2474 1564
593 3580
594 946 2807 3223
595 3752 2081 2211 774
596 3848 4353 4037
597 3494 862
598 748
599 3528 3593
600 2320 2745
601 1680 2870 2839
602 4664 2201 3615
603 2008 4491 3524
604 4321 4305
605 2209 2046 3407
606 3497 2654
607 1808 3857 1013
608 2538 4260
609 4189 4950 2175
610 3375 2255
611 1757 1798
612 1185
613 4249 966
614 2356
615 2458 4243
616 3751 1382 757
617 4595
618 3159
619 2743 4820 1663
620 2056 4073 1929
621
622 1133
623 782
624 1152 2002 2687
625
626 1288
627 3565
628 968 3242 3028 3898
629 3303
630 4439
631 3882 3633 3348 4728 3356
632 4360 1476 4755 3148
633 3929 4209
634 2643 860 4757
635 2899 4021
636 4737 4148 4061 1671
637 2477
638 2486
639 685
640 1849 2275 2732
641 4570 3502
642 1883 2124
643 3936 3281 3010 955 2647
644 692
645 3615 3255 4814 1375
646 1267 3287
647 3740
648 2331 3191
649 1001 1130 1501
650 2768
651 1290 1374 4854
652 4536
653 4811 3797 3493
654 3732
655
656 1608 3424 4325
657
658 716
659 4002 2868 3813
660 2249 1627 4823
661 4904 3675
662
663 2601 2404
664 3576 4172 2590
665 3885
666 1117 4538
667 4012 3775
668 4224 2513 1670
669 2755
670 2955 4479 1542 3535
671 4952
672 3120 2579
673 4616
674 1629 2094
675 3792 3366
676 2786
677 4827 4525
678
679 1816 4873 1053 1886
680 4085
681 2529 4596
682 3336 2802 4109
683 2529
684 1641
685 2099 2250 4191
686 4489 2038 4191
687 2921 889 2582
688
689 4357 3693 807
690
691 2786
692 4270
693
694 4534
695 2498
696 4410 3123 2983
697 4585 2651 2436
698 3880 2512 3094
699
700 4009 3486 3206 1022
701
702 2329 1051 3977
703 1592
704 1977 2234 1171 4554
705 2074 4772 1581 3655
706
707 3796 3769 3908 1919
708 4052
709 4397
710
711 3406
712 4208
713 3669
714 2064 2368 1984 1840
715
716 3573 1310
717 4020 4189
718
719 972 3103
720 3155 2803
721 2744 977 2179
722 2571 3889 4355 4295
723 1363 1046
724 2904 3738 4325
725 3040 4024 3059 1044
726
727 1950
728 3771 4414
729 1315 3172 3397
730 3528 2522 1767 3394 4567
731 2675 3610 1259
732 4924 2357 822
733 3579 996 2070
734 1912 857 2283 4612 4697
735 2806 2814
736 3242
737 1883 4926 3973
738 1968 3304 4838
739 4790 2783
740 1665 1765 1055
741
742 3712 4281 3767 937 4303
743 3611 1175
744 1514 1307 2717
745 1455
746 3346 4950
747 2434
748 1422 1824
749 2933
750 3169 2832 4116 2807 4724 4986 1949
751 3831
752 4926
753
754 2750 1559
755 3683 2141 3910
756 856 1636
757 1981
758
759 4512 3473 4781 4017 3671 3770
760 4809 2322 3423 3589 823
761 2126 2639
762 939 2678 2534 4423
763 3555 4492 4345
764
765 1873 4387 4174
766 1769 4322
767
768 2393 2635 1028
769 4512 3784 4607 4670 777
770 3588 3342 3079
771 4518 2507 3005 3515
772 4273 2510 3681
773
774 3426 1674 3566 2167 3027
775 1334
776 3569
777 2769
778 2584 2276
779 1944 4074 1262
780 4167
781 1059
782 1772
783 1117 3015
784 4461
785 1321 2923 3381
786 1443 1214
787 4650 3875
788
789 3017 979 4599
790 2636 4367
791 809 1167
792 4697 2005
793 2366
794 4997
795 2712 4707
796 4179 2621
797 4361 1667
798 2787 2901
799 1215
800 3710 803 4485 2254
801 3235 1989
802 1307
803 1257
804 2624 3575
805 4651 1579
806 4442
807 4253 1519
808 3555 1033
809 1812
810
811 4131 4596 1391
812 3273 2644 3377 1873 3783
813 3040 4001 3535 2579 2037
814 4200 3355
815 1515 2446
816 4944 4362 2455 4598 1383
817 3267
818 3065 3125
819 996
820 2768 4593
821 1113 4820 4785
822 2916
823 2577 3890 1142
824
825
826 2792 2730 4203 4967
827 3556
828 2925 855
829 4784
830 4482 4295 4045 1393 4915 3453
831
832 2573
833 2960 2733
834 2663
835 3104 3574
836 3565
837 3307
838 849
839 1501
840
841 4972 2781
842
843 1457
844 2252
845 1874 3010 3159
846 4163 3124 2367
847 2625
848 3138 3371 3876 3542
849 3936 4995
850 2438 1039
851 3514
852 2551 1989 2295
853 1475
854 3699 1524 2702
855 4387 3235 4005
856 2240
857 3683
858 4016 1583
859 3289
860 4329 4410 3435 1210
861 1153 4628 2513
862 4432 4865 1777
863
864 3457 4166 1992 3446 4634 926 2015
865 2755 4589
866 2066
867 4268
868
869 3416 4321 2949 2654
870 3676
871 2126 4671
872
873 4672 1917 3333
874 2768
875 3344 3557
876 2451 2206
877 3239
878
879 2958
880 2996
881
882 2672 1555
883
884 3610 1492 3005 4078
885 3707
886 1735
887 3235
888 3959
889
890 3241 4075 2095 4946 3322 3215
891 4737 2543
892 4465 1028
893 1141
894 4801 3429 3039
895
896
897 955
898 1604 3598
899
900
901
902 2022
903 3376 2469 4127
904 2838
905 4867 1797 3017 2291 2808 3557
906 4092
907
908 2752 3138 1046
909 3402 1166
910 4666
911
912 2352 1689 3749 1079
913 1755 3236 3372
914 1604
915 4082
916 4801 4605
917 2869 4165 4959
918 3456 3121
919 3096 2739 2292 4750 966
920
921 1298 3068
922 1652 4725 1015
923 2220
924 2595
925
926 3217 1896
927 2843
928 1006
929 3860 3933
930
931
932 2136 1681
933 4968 4002 4331 4223
934 4991
935
936 2443
937 3593 3461
938 2104 1993 2540
939 2444
940
941 3486
942 4272 2988 4828 2574
943 3004 3294 2375
944 4392 2106 1636
945 2893 4911
946 2617 3718
947 970
948 3648 4986 2474
949 2278
950
951 2432 1613 1989
952 986
953 3642 3035 4901 4373
954 3129
955 2662 3041 3189 3675
956
957 2225 1953
958 3727 3887
959 4687
960
961 2184 1844
962 1858
963 2902
964 989
965
966
967 2364
968 2258 3654
969 3447 1938 3271
970
971 3350
972 3875 4644
973 1462 2526 3933
974
975 3954 2791 4322
976 4088 1943 1919
977 1456 3635
978 2152 3582
979 2403
980 2288 1882 2075 3727
981
982
983 2494
984 4516 2653 1367
985 3157 2983
986 4850 4591
987 3859 1590
988
989 2916 2685 2519
990 3669 4661 4975
991 2042
992 3112 4223
993 3471
994 3819 2278
995 4013
996 4235 2580 3607
997 3394 4500 1245
998 4331 2540
999 1274 1630
1000 3098
1001 3954 3645 1869
1002 3852
1003
1004 1856 4841 3488
1005 1410 4293 1967
1006 1378
1007 4232
1008 3781
1009 2133
1010 2965 1438
1011 2642 4324 1695
1012 1217
1013 1398
1014 1468
1015 3902 4119
1016 3968 1537 3453
1017 4680 2463
1018 3158
1019 3733
1020 4692
1021 2818 2741
1022 2064 1673 3430
1023 3701
1024 3776 2201
1025 1450 4422 2942 4383
1026 4245
1027
1028 3169 2595 1220 3265 1819
1029 3910
1030 3352 3357
1031
1032 1955 2821 2990
1033
1034 3483 1702
1035
1036 2448 2184 4653
1037 4765 1054
1038 1804
1039 1447
1040 1875 2663
1041 3077
1042 4592
1043
1044 4169 1316
1045 2849 1410 2659 2125
1046 1925
1047 3376 1233 4888 1878
1048 3976 1873 3602
1049 3003 3340
1050 1178 2099 1807
1051 3683 1946 4539 3014
1052
1053 3794
1054 2788 3556 3479
1055 4450 3337 1334 1276
1056 1790 3285
1057 3677
1058 3818 4387 4156
1059 4604
1060 3305 4364
1061 4447
1062 3713
1063 4072 4725 3743
1064 2923 4078 2582 2266 4861
1065 2045
1066 3620
1067 4792 1507 4189
1068 2544
1069 1464 3476
1070 1548 3429 2495
1071 4609 4054
1072 2378
1073 3718 2942 2877
1074 2087
1075 3506 2123
1076 3119
1077 1129
1078 2284
1079
1080 1369 4534
1081 1128 4313
1082 2437
1083
1084 4800 4135 2799
1085 2752 1093
1086 1112
1087 2464 2594 4139 4720 4828 2174
1088 3049 3859 4148
1089 4264 4542
1090 1924
1091 1547
1092 2668 2217 1164
1093 3107 4686 1186
1094 2953
1095
1096
1097 3244 2277
1098
1099 1857 3125
1100
1101 2114 2452
1102 4029 1582
1103
1104
1105 4320 3310
1106 2494
1107 2891 3443 2364 4059
1108 3249 3292 1397
1109
1110 1386 4751 3390 3513 4571 1822
1111 2054
1112
1113 2465 4514 2710
1114 2360 2188 1391
1115
1116 1776 3530 3364
1117 4909
1118 4801 2467
1119 1424
1120
1121
1122 1715 1837 3862
1123 2778
1124 2259
1125 2876 3919
1126
1127 3760 4899
1128 2800 4412 4406 2358
1129 3425
1130 2154
1131 2692 4766
1132
1133 4870
1134 1329 1949 4030
1135
1136 4128 4727 1581 4814 3399
1137 4189 2174
1138 4064
1139 1653
1140 4426 1866 2685 1559
1141 1412
1142 2544 3345 2586
1143 2681 1684
1144
1145 1772
1146 3113 1449
1147 1780
1148 4651
1149 3097 4870
1150 4566 2918
1151 2179 2854 3951 1950
1152 2059 1771 4287
1153 4528 3833 4090
1154
1155 3496 1427 3373 2446
1156
1157 2130
1158 2175 3887
1159 4414
1160 4233 1195
1161 1954
1162 2241
1163 4592 2015
1164 2836 1235 4750 3643
1165 3164
1166 2045 2501
1167
1168
1169
1170 3929 3323 4964 1303
1171 3564 3093
1172 1630
1173 2905 4290
1174 1929 4257 4205 2966 4479
1175 4683
1176 4078
1177 2473 2277
1178 2060 2638
1179 4873 4770
1180
1181 4650 3171 3981
1182 3691 3398 4529
1183
1184 3204
1185 1808
1186 2130
1187 2386 4829
1188 2220
1189 3085 4981
1190
1191 3675
1192 3080 4424 3010 2297
1193 1776 4014
1194 3729 3491 2101
1195 4981
1196 2220 3150
1197
1198
1199
1200 3516
1201 3475
1202 4069 3359
1203 4632 4089 2142
1204 3558
1205 3242 1567
1206 4636 2663
1207 2784 2459 4491 3542
1208
1209 2771 4964
1210 4548
1211 4041
1212
1213
1214
1215 3944
1216
1217 4466 2851
1218 3759
1219 2523 4093 3222
1220 1484
1221 3346 3484 4450 4150
1222 4577
1223 1956 3045 4655
1224
1225 4268
1226 1547 3965
1227 3001 2338 2180
1228 2675 3981 3477
1229 3601
1230 2366
1231 3297 4565 1897
1232 3046 4271 4757 4854 4699
1233 4331
1234 2856
1235 1834
1236
1237 3025
1238
1239 4565
1240
1241 2215
1242 1721 1377
1243
1244 1572 4343
1245 1528 2818 4238
1246 3297 3441
1247 1675
1248
1249 4065
1250 3592 2918
1251 3168
1252
1253 2471
1254 4326 2010 1973 1527
1255 3070
1256 4024
1257 1842
1258
1259 1338 4539 4091
1260
1261
1262 4314 4036 1613
1263 4379
1264 3958
1265
1266 3170 3979 1788
1267 3017 2278
1268 2224 4587 2589
1269 4860 2086
1270 1977 4235
1271
1272 2716 1527
1273
1274 1968 4009
1275 2556
1276 3864 2571 4579 3727
1277 1801 2363
1278
1279 3376 2283 4385 2291
1280 2603 3147 4557
1281 4234 1534
1282 3309
1283
1284 4276 2734
1285 3150 4062 3343
1286 1441
1287 3564 3301 1383
1288 2976 2845
1289
1290 2369 2670
1291 1320 2964 2590 3447
1292 2626
1293 1403 1405
1294
1295 1728 2028
1296 2018
1297 1873
1298
1299 3471
1300 2212
1301 4420
1302 1505 3812
1303 3580 4967
1304 1658 1604 1766
1305 2594
1306 4361 3907
1307 3548
1308 3040
1309 1731 4565
1310 3949
1311 2554 3491
1312 1786
1313 3859 2188 3605
1314
1315 4642 4649 2039
1316
1317 4981
1318 3412 4069
1319 1816
1320 3203 3227 2798
1321 3011 3357
1322
1323 1640 1765 2015
1324 1332
1325 2137 2215
1326 3675 3503
1327 2903
1328 1455
1329 1814 4439
1330 4794 4989
1331 3250 1378 3183
1332 4563
1333
1334 3110
1335 4439 2965 4903
1336 3211
1337 3940 3222 4838
1338 2907
1339 1491 2158 2510
1340
1341 2811 4283
1342 3364 4925
1343 1751
1344 1446
1345 4049 4042 4260 4522
1346 4151
1347 2314 2986 3839
1348
1349
1350 1995 4188
1351
1352 2006
1353 4249 3474
1354 3920 1419 4799
1355 3958 2351
1356 2478
1357
1358 2308 1477
1359 2097
1360 2699 3515 4902 4879
1361 4662
1362 1544 3135
1363 3808 3689 2757 3255
1364 1451 1628
1365 4114 4118
1366 2028 3777
1367
1368 4136 4073 2654 4977
1369 4459
1370 1874 4317
1371 3944 1387 2427
1372 4730
1373 1543
1374 3851 4980
1375 2194
1376
1377
1378 4064
1379
1380 3799
1381 2176
1382 3346
1383 1984 2978 3855
1384
1385 3848
1386 2455
1387 4386 3657 4744 4777 2356 1559
1388 1678
1389 4408 2633
1390 2996
1391 1682 3987 3894 1437
1392 4177 3038
1393
1394
1395 3229
1396
1397 2529 3698
1398 3611 4758
1399
1400 4168 2715
1401 2961
1402
1403 4936 3083 2588
1404 4786 4004 4669
1405 2632
1406 2973
1407
1408 1752
1409 3014
1410 3619
1411 3875 3591
1412 3859 4646 3773
1413 4273
1414 1808 3637
1415
1416 4251
1417 3037
1418 4593 3514 2700 4685
1419 4776 1521 1485 1814
1420 2848
1421 4073
1422 2779
1423 1997 3607
1424 4227 3237 1574 1939 3641
1425 3232 3797 3710
1426 2266 4150
1427 1700
1428
1429
1430 4673 4683 4177
1431 4396
1432 2260
1433 2046
1434 4110 3823
1435 3691 4207 1499
1436 3928 1949
1437 4926
1438 2277
1439 1640 2801 3387 4621
1440 3425 2163
1441
1442 2424 3985
1443 4213
1444 2290 4143
1445
1446 3345 3892 2030
1447 2144 4641 3722 3186 1461 2903
1448
1449 3217 4178 1530
1450 2512 3135 3078 3497
1451 3129 4886
1452 3562 3884
1453 3389
1454 4369 3884 4645
1455 3739 2325 2734
1456 4984 4764 2781
1457 4240
1458 4416 3378
1459 1770 4503
1460
1461
1462 4856
1463
1464 4512
1465 3497 3458 2428
1466 2827 1903
1467
1468
1469 4883 2699 4206
1470 4984 3282
1471
1472 1872 3883 1701
1473 3138 4982 3095
1474 1697 4171 4731 2566 3895
1475 2353 4157
1476
1477 3186
1478 2489 4684 3305
1479
1480 3784
1481
1482 4414 1645 2734
1483 2936 2977 4451 3485
1484 3702 3270 3277
1485 3527
1486
1487 3449
1488 3222
1489 2304 1563 1502
1490
1491 4149
1492 1795
1493
1494 2531
1495 1744 2851
1496 1519
1497 1873 2825 4463
1498 4322 3636 4822
1499 3605
1500 4033 3774
1501 4816 3309
1502 4232 1994 2061
1503
1504 3440 2965 1819 1893 4989
1505 2687
1506 2577
1507 1821
1508 4802 2535
1509 3973 4054
1510 4586 3324
1511
1512 2600
1513 2123 3291 2534
1514 3257
1515 4067
1516 2539 4750
1517 4205 2598 2873
1518
1519 4649 2847 3060
1520 4488
1521
1522
1523 4480 3649 4389 3273 1805 2774 4798
1524 1785 3947
1525 4744 2477 3806
1526 1826 3406 1550
1527 4496
1528 2456 1777
1529 3571
1530 3863
1531 2851 3433 1644 3811 3224 2303
1532 4521 4763
1533 3756 2043
1534 4583 2321
1535 3512 3844
1536 4215
1537 3666
1538 3692 3589
1539 2790 1911
1540 4407 2535
1541 2761 4875 1959
1542 3474 4859
1543 4216 3695
1544
1545 3895
1546
1547 2250
1548 3722 4166
1549 1868
1550 4767 1620 1993
1551 4160 1971 2973
1552 4434 2029
1553
1554 3376
1555 2440 2343
1556 3393 4066
1557 3153
1558
1559 4493
1560 2191
1561 1943
1562 4697 3973 1926
1563 3147 4877 4982
1564 4274
1565 2579 1790
1566 2939
1567
1568 3435 4469
1569 4055
1570 4242 3692
1571 4430
1572 4538
1573 2569 4125
1574 2971
1575 3504 4393
1576 3452 4942
1577 2528 2899 4987 1723
1578 2157
1579 1876 2038 2901
1580 4908
1581 2284
1582 4917
1583 1855
1584 4052 2434 2852
1585 4040
1586 4854 3054
1587 3486 3015
1588 4440
1589 3328 4448
1590 3804 3053
1591 3521 3190 3399
1592
1593 2122 1882 2415
1594 4689 2485
1595
1596 3632
1597
1598
1599 4690 2526
1600 1906 2477
1601
1602 2724 4405 1646 4454
1603
1604 1626
1605 3099
1606 3150
1607
1608
1609
1610 1778 4460 4634 2327
1611 2580
1612 2235 1950
1613 4377
1614 1891 2203
1615
1616 2881
1617 3280 2270
1618
1619 3168 2210 4223
1620 2018 4554 4855
1621 4734
1622
1623 3082 1703
1624 3447 2152 3995 4339
1625 3731 4759 4629
1626 1783
1627
1628 3025 3845 3813
1629 3898 2290
1630 1877
1631 1912 1964 2323
1632 3618 4398
1633 4402
1634 3433 2962 3489
1635
1636 3029
1637 4323
1638
1639 3228 2719
1640
1641
1642 1836 1831
1643 4824 3708 2394 3986
1644 4064
1645
1646 4985 3187
1647 2695
1648 3035 1853 4591
1649 4160
1650 4425 4555 4741
1651
1652
1653 2457 4733 4343
1654 1965 3445 4581
1655
1656 3273
1657 3503
1658 4017
1659 2149
1660
1661 1727 3860 2095
1662 2587
1663
1664 4133
1665 3432 2940 2061
1666 4376
1667 2082
1668 3602 2634 3774
1669 2026 4894 3206
1670
1671 2043 2126
1672 4048 2549 3759
1673 3167
1674 3660
1675 1834 4886
1676 2782 4310
1677 2780 2306
1678
1679
1680 4366
1681 4784 4193 1860
1682
1683 4752
1684 4074 4837
1685 2097
1686 1724 4231
1687 2928
1688 2534
1689 4105
1690 3042 1819
1691 2858
1692
1693 3204 2762 4275 2740 4559
1694
1695
1696 3089
1697
1698 2306 3996 4818 2647
1699
1700 4647
1701 4923 2637
1702 2271 2783
1703
1704 4455
1705
1706 4916
1707 2064 4804 2957
1708 4906 2763 2485
1709 4755
1710
1711 4532
1712 1764
1713 2400 4931 4418
1714 4968 3425
1715 3491 3549 4515
1716
1717 3289 2453
1718 3532
1719 3385 4908
1720 3218 3491 2028
1721 1882 1918
1722
1723 2100 3741 2713
1724 1879
1725 2748 4230
1726 4454
1727 4460 4102
1728 1759 3764
1729 3017 2556 2415
1730 4506
1731 3154
1732 2477
1733 2634 3421
1734 2788 3877 4007 4727
1735 3241 2254
1736 1766
1737
1738 2611
1739 3424 3758
1740 3776 1871
1741 1899 3166 2159
1742 3402 2613
1743 1993
1744 2464 1752 4514
1745 4579
1746
1747 3442 2838
1748 3052 2052 2727
1749 4682 4914 4605
1750 3815
1751
1752 3602
1753 4327
1754 2261 3423
1755 4760 3546 3447
1756 4353
1757 1778
1758 4849
1759 1790
1760 2996 3615
1761 3711
1762 1940
1763 4601 4814
1764 2288 4239 3004 3887
1765 3995 2365 3773
1766 1888 2838 4607
1767
1768
1769 3536 2685
1770 3001
1771
1772 4147
1773 4999
1774 2265 2470
1775 3960 2867 4543
1776 4432
1777 4656
1778 4723
1779 2266 3099 4061
1780 2385 4998
1781 2616
1782 2114
1783 1989 4326
1784 2854
1785 4873 4490 3602 3707 4381
1786 2715 3316 2864
1787 4584 2530 3637
1788 2372
1789
1790 4266
1791 2281
1792 3177 2150 3756 2270 3310
1793 2357 2694
1794
1795 3268
1796 1951 2030 4695
1797 2450
1798
1799 4903
1800 4854
1801
1802 4275 3190 3827
1803 3823
1804 2419 3847
1805
1806 2555 2381 2477
1807 4993
1808
1809
1810 1906 2291 3514
1811 4553 2228 3150
1812 3550
1813 2144 3277
1814 2257 4346 2107
1815 3842
1816
1817 2628
1818
1819 4072 3595
1820 3648 1866
1821 3228
1822 4561 3961
1823
1824 4459
1825
1826 1865 1827 4300
1827 1974 4991
1828 2976
1829 3512 2570 2741
1830 3415
1831 4204 2407
1832 2484 3509
1833 4697
1834 2706 3837
1835 3904
1836
1837 2881
1838 4995 4021
1839
1840 2864 2650 2637
1841 3314 2891
1842 4672 2802 3129
1843
1844 4064 1917
1845 3929
1846
1847 4528
1848
1849
1850
1851 2386 4870
1852 2281
1853 4983
1854 2618
1855
1856
1857 4743
1858 3125 3346 2735
1859
1860 4598 4471
1861 3843 3942
1862
1863 2041 3859 2694
1864 2191
1865 3097
1866 3717 3761 2877
1867 1904 4708
1868 4885
1869 3579 4511
1870 4049 3084 2161
1871 2368
1872 2997 2423
1873 4582 3848
1874 2753
1875 4116
1876
1877
1878 2112 2787 3504 2424 4863
1879 3293
1880 4208 2241
1881 3394
1882 4911 3581
1883 2500 1890 4431 3699
1884 2145 2275 4175
1885 3631
1886
1887 3072
1888 3152
1889 1991
1890
1891 3104 4113 3503
1892 3323 4662
1893 2571
1894 4871 4750 4575
1895
1896 4825 4332 4638 4189
1897
1898 2294 2878
1899 2192 4974
1900
1901 4126 4343
1902 3966
1903
1904
1905 3490 2375
1906 3577 2040
1907 4505 2500
1908 4688 2994
1909 2944 3202 3004
1910 3078
1911 3854 4819 4078 2262
1912
1913 2352
1914
1915 2765 4358 2471
1916
1917 2247
1918
1919
1920 2921 3091 4273
1921
1922 4713 4479
1923 3570 4830
1924 4647
1925
1926
1927 3761 4806
1928 2046
1929 2638
1930 4920 2152 3858
1931 3345 2982
1932
1933 2165
1934 3359
1935 3219
1936 4474 4730
1937 4011
1938
1939
1940 3415
1941 4768
1942 4697 4866
1943 4928 3614 4734
1944 2258 2003
1945 2058 2102
1946 2082 3235 2901 3287
1947 2264 2990
1948 3301
1949
1950
1951 2969
1952 2355 3565
1953
1954 2607
1955 3747 4240 2356 3099
1956 2611 2868
1957 2944 2262
1958 4064 4779
1959 3805
1960 2291
1961 4042
1962 2195
1963
1964 4082 3798
1965
1966 3835
1967 4850
1968 4113 3421 3504 3889
1969 3740 4922 2699
1970 2083 3791
1971
1972 4752 4780
1973 2656
1974 4265 4213 4790
1975 4104
1976 2115 4443 2549
1977 2905 3418 3118
1978 4202 3155 3694
1979
1980 4536 3407
1981 2539
1982
1983 4472 2546 3573 4754
1984 2723 4453 3614
1985
1986 2776
1987 3175
1988
1989 3940 3862
1990
1991
1992 2568 2748
1993 2962
1994 2426
1995
1996 4408 2061
1997
1998 3432 2830
1999 3256 3596
2000 4007
2001 2288 3687
2002 2894
2003 3937 3040
2004 4204 2127
2005 2465 3327
2006
2007 2768
2008
2009 4921 2522 4867 3346
2010 2224
2011 3153 4634
2012 3850
2013 3826 2564
2014 3577
2015
2016 2795 3989 2222
2017 4416 4766
2018 2237
2019 2954 3029 4551
2020 4344 4597
2021 3323 4695
2022
2023 4403
2024 4089
2025 2105 2154 3633
2026 3755 4158 4805
2027 2308 4955 3748 2743
2028 4104 3692 4012
2029
2030 3873
2031 4546 2995
2032 4464 2524
2033 3486 4302
2034 2738
2035
2036 3463
2037 4455
2038 2605
2039 3024
2040 4313
2041 4179
2042 3582
2043
2044 4831 2149 3639
2045
2046 4575
2047
2048 4388 2454
2049
2050 2277
2051 2481
2052 4405 2062
2053 2619 4078
2054 4971 2773
2055 4267 4958 4870
2056 2195 2991
2057 4817 3850
2058
2059 4358
2060
2061 2166
2062 4860
2063 4154
2064 3617 2303
2065
2066 4243 4029 2429
2067 4512 4679 2245 4127
2068 2375
2069 2392 3163 2599
2070 2489
2071 2979 2270
2072 3794 4898 2778
2073 2392
2074
2075
2076
2077 4617
2078 2981
2079 3026 4331
2080
2081 2472 2173
2082
2083 4781
2084 2108
2085 4992 2537 2307 2383
2086
2087
2088 4731
2089
2090 3732
2091 3072 2938 4878
2092 3879
2093
2094
2095
2096 2345
2097 2537 3764 3321
2098 3244
2099 3076
2100 4325 2949
2101 3313 4379 2441
2102 3194
2103 4794 3638 3197
2104
2105 2729
2106
2107 4780
2108
2109
2110 3482 2923 2647
2111
2112 3912
2113
2114
2115 3670
2116 3955 2910
2117 3088
2118 2888 4730
2119 4720 3481 4218 2196
2120 2657 4686
2121 2945 3753 3654 3759
2122 2975
2123 4577
2124
2125 2696 2840
2126
2127 2644 4421
2128 4996
2129 4321 2503 3621 2837
2130
2131 4160 2310
2132 4071 2407
2133 2821
2134 4476
2135 2306 2794
2136 3316
2137 3187
2138 4177 2509
2139 2963
2140
2141 3840 2332 2539
2142
2143
2144 2994
2145
2146 3898
2147 2547 4771
2148 3379
2149 2911
2150 4516
2151
2152 3506
2153 2244
2154 4322
2155
2156
2157 4837 3798
2158 4930
2159 3396
2160 4068
2161 3134
2162
2163 4745 2393
2164 2570
2165
2166 2775
2167 2272
2168 4833
2169 2794 3181 3006
2170 4465 3851
2171
2172
2173 2940
2174 2898
2175 4507 4519
2176
2177 2216 4186
2178 2327
2179 4224 4620
2180 2532 2319
2181
2182 3456 4797
2183 4444
2184 2432
2185 2336 2696
2186 3986 4790
2187 4186
2188 3404 2762
2189 3066
2190
2191 2316
2192 3569 4005
2193 3404
2194 2960 3319
2195 3132
2196
2197
2198 2456 3245
2199 3133
2200 3041 3906
2201 4758 3359
2202 4065 4718 2263
2203 2767
2204 2922
2205
2206
2207
2208 2993
2209
2210 2822
2211 4036 3086
2212 2996
2213 3774
2214 2881
2215 3262
2216 2333 4797
2217
2218 4792
2219 4030
2220 2498 3107
2221 4776 2939 3437
2222 3635
2223 2978
2224 4848 3209 2463
2225 4210 3279
2226
2227 4907
2228
2229 3286 4809 3966
2230
2231 4974
2232 2300
2233
2234
2235
2236 3130 3435 2572 4445
2237 4440 4060
2238 4524 3218
2239 4469
2240
2241 2809 4141 3345
2242 3224 3252 3856 2479
2243 2911
2244 4055
2245 4280
2246 4323 3941
2247 4957
2248
2249 3022 4751
2250
2251
2252 4792 4688 2458
2253
2254 3230
2255 2780
2256 2453 3780 3853 4055
2257 4094
2258 4021
2259
2260 3753
2261 4963 3434
2262
2263
2264 2339
2265
2266
2267 4328 2924
2268
2269
2270 4011 2486
2271 4824 3727
2272 4755
2273 4840 4912
2274 3555
2275 3068 4531
2276
2277 4550
2278 4454 3793 3734 2903 3675
2279
2280 2534
2281 3171 3942 2991
2282 2801 3655
2283
2284
2285
2286 2957
2287
2288 3031
2289 3758
2290 4150
2291
2292 3748
2293 4465 4578
2294
2295 4662
2296 3479
2297 4304
2298
2299 2560 4313 3995
2300
2301 3265
2302 4970
2303 4049 4535
2304 3171 3156 3289
2305
2306
2307
2308 2780 3069
2309 4182
2310 3496 3600 4676
2311 3587 3060
2312 2923 3732
2313
2314
2315 3296 2621 4023
2316 3810 3715 4612
2317 2371
2318
2319 3091
2320 2834 4158 3047
2321 4636
2322 4720
2323 3779
2324
2325 4016 3838
2326 4260
2327
2328 2432
2329 2681 4019
2330 4014
2331
2332 3467 3165
2333
2334
2335 2504 2747
2336 3214
2337 2666 4891 4437 2695
2338 3091
2339 4282
2340 3281
2341
2342
2343 3552
2344
2345
2346 2697 2676
2347
2348
2349 4602
2350 3186
2351 2922
2352
2353 3880 4406
2354
2355
2356
2357 3331 3767
2358
2359 4702
2360
2361
2362 4348
2363 3127
2364 3480 2930
2365 2489 3951
2366 3755
2367 2571
2368 2695
2369 4259
2370 3368
2371 4136 4010
2372
2373 3407
2374 3755
2375 2498 2735
2376 4964 3023
2377 4619
2378
2379
2380 4366
2381 3542 2549
2382
2383 3579
2384
2385 4713
2386 3478 3201
2387 4568 2559
2388
2389
2390 2607
2391
2392 4768 2943
2393
2394 4217 3731 3412
2395
2396
2397 4645
2398
2399 2973
2400 2971
2401 4392 4497 4293
2402 4903
2403 3300
2404
2405 4399 4690 4443 4535
2406 3474 4765
2407
2408
2409 4611
2410
2411 3041
2412 3396
2413 4832 3660
2414
2415
2416 3042
2417 4354
2418
2419
2420 2688
2421 4523
2422 3113 4138 4303
2423 3511
2424
2425
2426
2427
2428
2429 4974
2430 3689 3459
2431
2432 2434 4581
2433
2434 2932
2435 3370
2436
2437
2438 3798
2439
2440
2441
2442 4969 3425
2443 4844 4805 3167
2444
2445
2446 3842
2447
2448
2449
2450 4534
2451
2452 4728 3693
2453 3418
2454
2455 2886 4876 4056 2584
2456 3816
2457 3603 3408 3383
2458 4572
2459 3158
2460 3136
2461 2644
2462
2463
2464 4906
2465 4998
2466
2467 4605
2468
2469
2470
2471
2472 3243 4253
2473 3772
2474 4133 3153 4074 4945 2904
2475 3945
2476
2477 3148
2478 3874
2479 2806 4207
2480
2481 3839
2482
2483 2784
2484 3892
2485
2486 4647
2487 3762 3148 3941
2488 2715 3110 4702
2489
2490 4917 2743
2491 2807
2492 3342
2493 2929
2494 3986
2495 4633 4070
2496 4449 4058 4931 3229 3393
2497
2498 4944 4444
2499
2500
2501 4546
2502 4898 4509
2503 2628 3060
2504 4835 3732
2505
2506
2507
2508 4659
2509 4596
2510
2511
2512
2513 4102
2514 2968 4067
2515 4731
2516
2517 3732
2518
2519 4505
2520
2521 4092 3846 4110
2522 4634
2523 4954
2524
2525 3805
2526 3874 3384 3933
2527 3817 3691 3655
2528
2529 3458
2530 4243
2531 4033 4329 3927
2532 2657 3522 3791
2533 2911
2534
2535 4063
2536
2537
2538
2539
2540 3864 3395 2959
2541 4605
2542
2543 3626 4863
2544
2545
2546 3862
2547 3632
2548 4137 3701
2549
2550
2551 3194
2552 3277
2553
2554 3537
2555 3930
2556 4757
2557 3381
2558 3930 2884
2559 4408 4595 2868 3591
2560 3916 3372
2561 3549
2562
2563 3130 4194
2564 3265 3277 3480
2565 3183
2566 3338 4622
2567
2568 3254
2569 3596
2570
2571
2572 3363
2573 3726
2574 3165
2575 3241 3194 2789
2576 4816 3845
2577 4223
2578 4574
2579 4898
2580
2581 4184
2582 2797 4891
2583 4800
2584 2637
2585 2753 2670 3247 4145 4242 3022 4383
2586 3063
2587 4235
2588 3861
2589 4151
2590
2591 4871
2592 4180
2593 3134
2594 4839 3572 3421
2595 3508 3185 4199
2596 2599
2597 2784
2598 4103
2599 3461
2600 3530 2933
2601 2607
2602 4593 4962
2603
2604 4004
2605
2606
2607
2608 4956 4589 3007
2609
2610 4435 4822
2611 4243 4997
2612
2613 3882
2614 2637
2615
2616
2617
2618 3192
2619 4192 4951 4191
2620 3675 4475 4566
2621 3915
2622 3965
2623 3156 2989
2624 4255
2625 3711
2626 4460 4054
2627 4292 2677
2628
2629
2630 3616 3394 2788
2631 3600 4779 2742 3323
2632 3766 3223
2633 3919
2634 4030
2635
2636
2637
2638 4814
2639 3178 4979
2640
2641
2642 3733
2643
2644
2645 4792 2793 2981 3822
2646 3780
2647
2648 3340
2649
2650 4251 4453
2651
2652 2988 3590
2653
2654 3379
2655 3505
2656 4760
2657 2697 4371 4589
2658
2659 3358
2660 4052
2661
2662
2663 4452 3519 2847
2664 4354
2665 4101
2666 3813
2667 2721 3990
2668 4157 4126
2669
2670
2671
2672 3215
2673
2674 4155
2675
2676 4521
2677 4810
2678
2679 2900
2680 4535
2681 3115 2833
2682 3882 3876
2683 3675 3197
2684
2685 3863 2879
2686 4828 3639
2687
2688 3078 4710
2689 3848
2690 3862
2691 3814
2692 4237
2693
2694
2695 3904 3118
2696 3095
2697 4018 4273
2698 2907
2699 4371 3095
2700 4427
2701 3703
2702
2703 4710 4783
2704 4077
2705
2706
2707 3771
2708
2709
2710 3482 3089
2711
2712
2713 3523
2714 3493
2715
2716 3647
2717 4434
2718 4651 3741
2719
2720 4618 3595 4311
2721
2722 3883 4556
2723
2724 3406
2725 3488 3922
2726
2727 3049 3378
2728
2729 3158
2730
2731 3217
2732 4011 2803
2733 3348
2734 3955 2983
2735 4405
2736 3470
2737 4785 3005 2919
2738 4048
2739 4334
2740 3846
2741
2742
2743 3241
2744
2745 3281
2746 4194
2747 3782
2748 3961 3209
2749 2987 3884
2750 3424 4031
2751 2993
2752 4229 2954 4145 4986 4574
2753 3869
2754
2755 3122 3565
2756
2757 4744
2758
2759
2760
2761
2762 3456 2939
2763
2764
2765
2766 3970
2767 4487
2768 3107 3967
2769 3822
2770 2893
2771 2867
2772
2773
2774
2775
2776
2777
2778
2779
2780
2781 3260 4213
2782 3168 2986
2783 4857
2784
2785 3435
2786 2811
2787 3995 4876 3555
2788 4587
2789 3203 3723 4430 3573 3418
2790 4334
2791
2792 2816
2793 4770 2900
2794 3601
2795 4863
2796 3474
2797
2798
2799
2800
2801
2802 3451
2803
2804 3012
2805 3313
2806 2943
2807
2808 2932 3215
2809 3000 4108 2877
2810
2811 4564
2812 4047
2813 3997
2814 3060
2815 4622
2816 3634
2817 4620
2818 3402
2819
2820 4068
2821 3606
2822
2823 4385
2824 3741
2825 3133
2826 3598
2827
2828
2829
2830
2831 3019
2832 4921
2833
2834
2835 3690 3445
2836 4134
2837 3305
2838 4530 4358
2839 3687
2840 3298
2841 4408 4734 2886
2842
2843 3132 4917
2844
2845 3468
2846 3558
2847 3587
2848
2849
2850
2851 4207
2852
2853 3114
2854 4987 4502
2855 3639
2856 3387
2857
2858 4560 3430
2859
2860 3768 3302
2861 3798
2862 3346
2863
2864
2865
2866
2867 4638 3598
2868 3459
2869 4298
2870 3378
2871 2883 3766
2872
2873
2874 3097
2875
2876 3182
2877 2979
2878 3416
2879
2880 4473
2881
2882 4857
2883
2884 3124 3046
2885
2886
2887 3219 4006
2888 3101 4509
2889 3360 4540 2901
2890 4462
2891 4474
2892
2893 3171
2894 3586
2895 3936
2896 4016 3013 4671
2897 3366
2898 3925 4061
2899
2900
2901 3110 3641
2902
2903 3606 4462
2904
2905 4549
2906 4249 3785
2907 3729 3574 3037
2908 3679
2909
2910
2911 4365 4023 3261
2912 3780
2913
2914 4237
2915 3978 3675
2916 4847
2917 3533
2918 4481
2919 3740
2920
2921 4986
2922 4389 4751 4980 4799
2923
2924
2925 4702
2926 4331 4702
2927 3119
2928
2929 4152
2930 3909
2931
2932
2933 4137 4810
2934 4811
2935 4897
2936 4593 4518 3151
2937 3442
2938
2939 3254
2940
2941 4113
2942 3415
2943 3511
2944
2945
2946 3833
2947
2948 4954 3082
2949 3484 4974
2950 3539
2951 3366 4005
2952 4062
2953
2954 4455
2955
2956 4398
2957
2958 4009 3956
2959 4808 3780
2960 4010
2961
2962 3683 2978
2963 3443 3936 4443 3831
2964
2965
2966
2967
2968
2969
2970
2971 4144 3514
2972
2973 4187
2974 3609 4345
2975 2978
2976 4932
2977 3133
2978 4833
2979 3726
2980 4982
2981 3734
2982 3562
2983
2984
2985 3083 3180
2986 3375
2987
2988 4971
2989 3953 4243
2990 4672
2991
2992
2993 3216
2994 4601
2995 4039
2996
2997 4161 3771
2998
2999
3000 4409
3001 4473 3610 4474
3002 3292 3343
3003 4822
3004 3139 4775
3005 4546
3006 4461
3007 3236
3008 4717 4526
3009 3663
3010
3011 3739 4001 3703
3012 3939
3013 4818
3014 4948
3015 3225
3016 4424 4145
3017 4027
3018 4273
3019
3020
3021 3142
3022
3023 4826 3918 3791
3024 3473 3234
3025
3026 4204
3027 4851
3028
3029 4232 3886
3030 4556 3301
3031 4112
3032
3033 3667
3034
3035 3702
3036 3909 4317
3037
3038 4980
3039 4137
3040 3474
3041
3042 4917
3043 4794
3044
3045 3840 4815
3046
3047 4213 3127
3048 4545 4790
3049
3050 4427
3051
3052
3053 4306
3054 4048
3055
3056 3540
3057 3703 4759
3058
3059 3601
3060
3061
3062
3063
3064 4259
3065
3066
3067 4441
3068
3069 4591
3070
3071
3072 3691 4935 3247
3073
3074
3075 3299
3076
3077
3078 4502
3079
3080
3081 4848 4796
3082 3612
3083
3084
3085
3086 4106
3087
3088 4788
3089 3226 3575
3090 4578
3091 3323 4070
3092
3093 4123
3094 3163
3095
3096 3933 3945 3357
3097 4040 4496 4347
3098
3099 3551
3100
3101 3930
3102 3960 3973
3103
3104 3211 3227
3105 4217
3106 4812 3758
3107
3108 3385
3109 4558
3110 3904
3111 4065 4465
3112
3113 4921 4101
3114 3646
3115 3563
3116 3942 3246
3117 4233
3118
3119
3120 3935
3121 4722 4866
3122 4858
3123 4768
3124
3125 4288 4634
3126
3127 4341
3128 4852 3846
3129 4887
3130 4199
3131 4711
3132 4916 4342
3133 3861
3134 3250
3135
3136 4210
3137
3138
3139
3140
3141
3142
3143 4392
3144 3795
3145
3146 3627 4821
3147
3148
3149 3429
3150
3151 3792
3152 3527
3153
3154 3370
3155
3156 3826
3157 4452
3158
3159 4966
3160 4657
3161 3838
3162
3163
3164
3165
3166 3731 3422
3167
3168
3169
3170 3362
3171 3428 4560
3172 4708
3173
3174 3392 4747
3175 4884 4276
3176
3177
3178
3179 3412
3180
3181 4836 3601
3182 4330
3183 4696 3665
3184 4286
3185
3186
3187 4775
3188 3954
3189 4569 4061 4501
3190 4255
3191 4744
3192 4144 4628
3193
3194
3195
3196 4386
3197
3198 3709
3199
3200
3201 4488
3202 3987
3203 3289
3204 4772
3205
3206 3417 3975
3207 3768 4037
3208 3596 3874
3209 3950
3210
3211 4041
3212 4234
3213
3214 4026 3951
3215
3216 3697
3217 3321
3218 3273
3219 4918 4214 3726
3220
3221
3222 4169
3223 4774
3224
3225 4630
3226 3275
3227
3228
3229 3519
3230 3936
3231 4906 3846
3232 4416
3233 4248 3801 4655
3234 3330
3235 3371 4574
3236 4148
3237
3238 3883 4718
3239 4898 4111
3240 4201
3241
3242
3243 3935
3244 3683
3245 3808
3246
3247 3849
3248 4256
3249 4202 4639
3250 4850 4509
3251
3252 4971
3253 4627
3254 4036
3255
3256 4723 3783
3257
3258
3259
3260 3560
3261 3683 4052
3262 4536
3263
3264 3893 4822
3265
3266
3267
3268 4325
3269
3270
3271
3272
3273 3403 3632
3274 4953 4654 4265
3275
3276
3277
3278 4771
3279
3280 4234 4228 4207
3281 3888 3794 4118
3282
3283
3284 4347
3285
3286 4150 3758
3287 3935
3288 4295
3289 4978
3290
3291 3806
3292
3293
3294
3295
3296 3811 3494
3297 3703 4836
3298
3299 4217 4798
3300 3908
3301 4127 3494
3302
3303 3417 4500
3304 4104
3305
3306
3307
3308 4875
3309 4002
3310 3498 3328
3311
3312
3313 4961 4315
3314
3315
3316 3755
3317
3318
3319
3320 4785
3321 4924 4652
3322 3513 4068
3323 4006 3773
3324 3549
3325 4833
3326
3327 4086
3328 4321 4291
3329 4596
3330 4576 4809 3949
3331
3332
3333 4022
3334 4198
3335
3336
3337
3338 3807
3339 4164 3717
3340
3341
3342
3343
3344
3345 4604
3346 3715
3347 4397
3348 4663
3349
3350 3613
3351
3352 3949 4247
3353
3354 4219
3355 4931
3356 4589
3357
3358
3359
3360
3361
3362 3477
3363
3364 4516
3365 4502
3366 4009
3367 3450
3368 3566
3369
3370
3371 3921
3372 3712 3417
3373
3374 4424
3375 3903
3376 3861
3377
3378
3379
3380 4006
3381
3382
3383 3887 4485
3384
3385
3386
3387 4718
3388
3389
3390 4811
3391 4283
3392
3393 3427 3416 4031
3394 4964
3395 4560 3985
3396
3397 4416
3398
3399 4442
3400 4292 4886
3401
3402
3403
3404 3757
3405 3681 4346
3406
3407 4977
3408 4670
3409
3410 4211 3423
3411
3412 4968 4109
3413 4208
3414
3415 4526
3416
3417 4853
3418
3419 3955
3420
3421
3422 3775
3423 3507
3424
3425
3426 4956
3427 3845
3428 3563
3429 3471
3430
3431 4853
3432 3435
3433 4152
3434
3435
3436
3437
3438
3439
3440 4540
3441
3442 4625
3443 4099 4789
3444
3445 4741
3446 4093
3447
3448
3449
3450
3451
3452 3927
3453
3454 3523
3455 3722
3456 4440
3457
3458 3788
3459 4843
3460
3461
3462
3463
3464
3465
3466 3911
3467
3468
3469
3470 3625
3471
3472
3473
3474 4686
3475
3476
3477 4071
3478 3748 4575
3479 3771 3751
3480
3481 4016
3482
3483
3484 3553
3485
3486 4860 4751
3487 4505
3488
3489 4154
3490 4315
3491 4745 3760
3492 4486
3493 4963 3571 4698 3647
3494 3651 3633 4313
3495
3496
3497
3498
3499 3697 4298
3500
3501
3502
3503
3504 4248
3505 4326
3506
3507
3508
3509
3510 4049 4321
3511
3512
3513
3514
3515 4901 3523
3516 4804
3517
3518
3519
3520 3944
3521
3522 4883 4142
3523 4962 3532 4559 4120
3524
3525 3737 4294
3526 4173
3527 4950
3528 3853
3529 3635 4963
3530 3889
3531 4840
3532
3533 4155 4065
3534
3535
3536 4584
3537 3766
3538 4927
3539
3540 3576
3541 4199
3542
3543
3544
3545
3546
3547
3548 4472 4489
3549
3550 3790
3551 4804
3552
3553 4506 4403
3554
3555
3556 4173
3557 3656 4519 4313
3558
3559 4363
3560
3561
3562 4553
3563 3867 4801
3564 4985
3565 4842
3566
3567
3568
3569
3570
3571
3572
3573
3574
3575
3576
3577
3578
3579
3580
3581
3582
3583 4248 3796
3584 4003 4311
3585
3586 4179 4109
3587 4686
3588 4692
3589 3965 4245
3590
3591 3618
3592
3593 3837
3594 3755
3595 4611
3596
3597
3598 4622 3708
3599 4968 3627 4263
3600 4608 4542
3601
3602
3603
3604
3605
3606 4035
3607
3608 4573
3609
3610 3827 4231
3611 4790
3612 4298
3613 3794 3828 3974
3614 4444
3615 4488
3616
3617
3618
3619
3620 4601 4039
3621 4549
3622
3623
3624
3625 3766
3626 4420
3627 4864 3814
3628
3629
3630
3631 4341
3632
3633
3634
3635
3636 4663
3637 4088
3638
3639
3640
3641 4669
3642 4229
3643
3644
3645 4626 4797
3646
3647
3648 4747
3649
3650
3651 4651 4335
3652
3653 4670
3654 3722
3655
3656
3657 4793
3658
3659
3660 4473 4857
3661
3662
3663 4230
3664 4314
3665 4994 4060
3666
3667
3668 3922 3981
3669
3670 4305
3671
3672
3673 3844
3674 4178 3862
3675 4256
3676 4260
3677
3678
3679
3680
3681 4814
3682
3683
3684 4322
3685
3686 3970
3687 4471 3790
3688 4896 4375
3689
3690
3691 3809
3692
3693 4828
3694 4212
3695
3696 4837
3697 4607 4603
3698 3721
3699 4014
3700
3701 4015 4731
3702 4684 4613
3703 4172 4467
3704
3705
3706 3853
3707
3708
3709
3710 4482 4877
3711 3897
3712
3713
3714 4366
3715 4222
3716
3717 4148
3718 4192
3719
3720 4918
3721
3722
3723
3724
3725 4484
3726
3727
3728 3817 4513
3729
3730
3731
3732 4707
3733
3734
3735
3736 4100
3737
3738
3739 4321
3740
3741 3878
3742
3743
3744
3745 4642
3746 4861
3747
3748 4747 3826 4995
3749
3750
3751
3752
3753 4583
3754 4519
3755
3756
3757
3758
3759 3919
3760
3761
3762 4935
3763
3764
3765
3766
3767
3768
3769
3770 3961
3771 4561
3772 3810 4860
3773 4669
3774
3775
3776
3777
3778
3779 4680
3780
3781
3782
3783 4497
3784 4016
3785 4278
3786 4866
3787 4925 4165
3788
3789 4349
3790
3791
3792
3793 4112 4178
3794 4463
3795
3796
3797
3798
3799
3800
3801 4058
3802 4328
3803
3804
3805
3806 4266 4879
3807
3808
3809 4737
3810 4989
3811
3812
3813 4449
3814
3815 4803
3816 4266
3817 4577
3818 4801
3819 3954
3820 4666
3821
3822 3867 4611
3823
3824 3851
3825
3826
3827
3828
3829
3830
3831
3832
3833 4626 4855
3834 4967
3835
3836 4912 4659 4507 4129
3837 4147
3838
3839 4701
3840 4997 4628
3841
3842
3843
3844
3845
3846
3847
3848 4791 4734
3849 4841
3850
3851
3852
3853 4873
3854 4610
3855
3856
3857
3858
3859
3860
3861
3862
3863
3864 3908
3865
3866 4145
3867
3868
3869
3870 4468 4964 4141
3871 4639
3872 4756
3873
3874 4553
3875
3876
3877 4138
3878
3879 4406
3880
3881
3882 4796
3883
3884
3885 4563 4118
3886
3887
3888 4319
3889
3890 3894
3891
3892
3893 4237 4086
3894 4989
3895
3896
3897
3898
3899
3900
3901
3902
3903
3904 4096
3905
3906
3907 4986
3908 4552
3909
3910 4630
3911 4941
3912
3913 4458
3914
3915
3916
3917 3967
3918
3919
3920 4342
3921 3992
3922
3923 4641
3924 4270
3925
3926
3927 4111
3928 4008
3929 4960
3930
3931 4045
3932
3933
3934 4399
3935
3936
3937
3938
3939 4388
3940
3941
3942
3943 4850
3944
3945
3946 4921 4319
3947 4949 4190 4222
3948
3949 4942
3950 4905
3951
3952
3953 4752 4694
3954
3955
3956 4968 4662
3957
3958 4512 4760 4281
3959
3960 4365
3961
3962
3963 4098
3964
3965
3966
3967
3968 4105 4441
3969 4659
3970 4658
3971
3972
3973
3974
3975 4465
3976 4256
3977
3978 4801
3979
3980 4764
3981
3982 4594
3983
3984
3985
3986
3987 4795 4084
3988
3989
3990
3991
3992
3993
3994
3995 4667
3996 4264
3997
3998 4429
3999 4006
4000 4504
4001
4002
4003
4004
4005
4006
4007
4008 4925
4009
4010
4011 4588
4012
4013
4014 4073
4015
4016 4182
4017
4018 4537
4019
4020
4021
4022
4023
4024
4025
4026
4027
4028 4620
4029
4030 4808 4159
4031
4032
4033
4034
4035 4824
4036
4037 4569 4347
4038 4509
4039
4040 4825 4436 4878
4041 4503
4042 4762
4043 4404
4044
4045
4046 4949
4047 4700
4048
4049
4050
4051
4052
4053 4417
4054 4903
4055 4179
4056
4057 4470
4058
4059
4060
4061
4062
4063
4064
4065
4066 4386
4067
4068 4696
4069
4070
4071
4072
4073 4524
4074
4075 4571
4076 4112 4431
4077
4078
4079 4940
4080
4081 4966
4082
4083
4084
4085 4256
4086
4087
4088
4089 4503
4090
4091 4745
4092
4093
4094 4874
4095
4096
4097
4098 4970 4394
4099
4100 4700 4572
4101 4199 4337
4102
4103
4104
4105
4106 4521
4107
4108 4410
4109
4110
4111
4112
4113 4947
4114 4444
4115
4116
4117
4118
4119
4120
4121 4414
4122
4123
4124
4125 4205
4126 4484
4127
4128 4388
4129
4130
4131 4144 4876
4132 4810
4133 4363
4134
4135
4136
4137 4630
4138
4139
4140
4141
4142
4143
4144 4837
4145 4588
4146
4147 4696 4275 4517
4148
4149
4150
4151
4152
4153
4154
4155
4156
4157 4537
4158
4159
4160
4161 4757
4162
4163
4164 4973
4165
4166
4167 4888
4168
4169
4170
4171
4172
4173 4954
4174
4175
4176 4747
4177
4178
4179 4659 4446
4180
4181 4634 4987
4182
4183
4184
4185
4186
4187
4188 4680
4189 4247
4190 4527
4191
4192 4454
4193
4194 4885
4195
4196
4197 4620 4429
4198
4199
4200
4201
4202 4438 4239
4203
4204
4205 4526
4206
4207
4208
4209
4210
4211
4212
4213 4724
4214
4215
4216
4217 4852
4218
4219
4220
4221
4222
4223
4224
4225
4226
4227
4228
4229
4230
4231
4232
4233 4361
4234 4677 4852
4235
4236
4237
4238
4239
4240
4241 4371
4242
4243
4244
4245 4907
4246 4380
4247
4248
4249 4588
4250
4251
4252
4253
4254
4255
4256
4257
4258
4259
4260
4261 4882
4262
4263
4264
4265
4266 4383
4267
4268
4269 4553
4270 4590 4433
4271
4272
4273
4274
4275
4276 4291
4277
4278
4279 4427
4280
4281 4790
4282 4590
4283
4284
4285 4432
4286
4287
4288 4665
4289 4857
4290
4291
4292
4293
4294
4295
4296
4297
4298
4299
4300
4301
4302
4303
4304
4305
4306
4307
4308
4309
4310 4631
4311 4329
4312
4313
4314
4315
4316
4317
4318
4319
4320
4321
4322
4323
4324
4325
4326
4327 4584 4406 4417
4328
4329
4330
4331
4332
4333
4334 4824
4335
4336 4850
4337
4338
4339
4340
4341
4342
4343
4344 4835
4345
4346
4347
4348 4690
4349 4853
4350 4663
4351
4352
4353
4354
4355 4709
4356 4649
4357
4358
4359
4360
4361 4683
4362 4891
4363
4364
4365
4366
4367 4747
4368
4369
4370
4371
4372
4373
4374
4375
4376
4377
4378
4379
4380 4578
4381
4382
4383
4384
4385
4386
4387
4388
4389
4390 4662
4391
4392
4393
4394 4472
4395
4396 4497
4397
4398
4399
4400
4401 4491
4402
4403
4404
4405
4406
4407
4408
4409
4410
4411
4412
4413
4414 4674 4745
4415
4416 4780
4417
4418
4419
4420
4421 4961 4755
4422
4423 4783
4424
4425 4796
4426
4427 4448
4428
4429 4847
4430
4431
4432 4758
4433
4434
4435
4436
4437
4438
4439
4440
4441
4442
4443
4444
4445 4626
4446 4457
4447
4448
4449 4862
4450 4587
4451
4452
4453 4938
4454
4455
4456 4786
4457
4458
4459
4460
4461
4462 4963
4463
4464 4588
4465 4691
4466
4467
4468
4469
4470
4471
4472
4473 4832
4474
4475
4476
4477 4545
4478
4479
4480
4481
4482
4483 4849
4484
4485
4486 4704
4487
4488 4858
4489 4880
4490
4491 4871 4773
4492
4493 4705
4494
4495
4496 4589
4497
4498
4499
4500
4501
4502
4503
4504
4505
4506 4523
4507
4508
4509
4510
4511
4512
4513
4514
4515
4516
4517 4649
4518
4519
4520 4946
4521 4994
4522 4963
4523 4969
4524 4624
4525
4526
4527
4528
4529 4558 4629
4530 4570
4531
4532 4990
4533 4943 4667 4535
4534
4535
4536
4537
4538
4539
4540
4541
4542
4543 4922
4544
4545 4645
4546
4547
4548
4549
4550
4551
4552
4553
4554
4555
4556 4857
4557
4558 4594
4559 4657
4560
4561
4562
4563
4564
4565
4566
4567
4568
4569
4570
4571 4626
4572
4573
4574
4575
4576 4680
4577
4578
4579
4580 4891
4581
4582
4583
4584
4585
4586
4587
4588
4589
4590 4913
4591
4592
4593 4680
4594
4595
4596
4597 4637
4598
4599
4600 4900
4601
4602
4603
4604
4605
4606
4607
4608
4609
4610
4611
4612
4613
4614
4615
4616 4683
4617
4618
4619
4620
4621
4622
4623
4624
4625
4626
4627
4628
4629
4630
4631
4632
4633
4634
4635 4913
4636
4637
4638
4639
4640
4641
4642
4643
4644
4645
4646 4965
4647
4648
4649
4650
4651
4652
4653
4654
4655
4656
4657
4658
4659 4853
4660
4661
4662
4663
4664
4665
4666
4667 4766
4668
4669
4670
4671
4672
4673
4674
4675
4676
4677
4678
4679
4680
4681
4682
4683
4684
4685
4686
4687 4908
4688 4691
4689
4690
4691
4692
4693
4694 4811
4695
4696
4697
4698
4699
4700
4701
4702
4703 4704
4704
4705
4706
4707 4717
4708
4709
4710 4766
4711
4712
4713
4714 4786
4715 4774
4716
4717 4773
4718
4719
4720
4721
4722
4723
4724
4725
4726
4727 4953
4728
4729
4730
4731 4810 4889
4732
4733
4734
4735
4736
4737
4738
4739
4740
4741 4883
4742
4743
4744
4745
4746
4747
4748
4749
4750
4751
4752
4753
4754
4755
4756
4757
4758
4759
4760
4761
4762
4763
4764
4765
4766
4767
4768
4769
4770
4771
4772
4773
4774
4775
4776
4777
4778
4779
4780 4803
4781
4782
4783
4784
4785 4871
4786
4787 4981
4788
4789
4790
4791
4792
4793
4794 4852
4795
4796
4797
4798
4799
4800
4801
4802
4803
4804
4805
4806
4807
4808
4809
4810
4811
4812
4813 4874
4814
4815
4816
4817
4818
4819
4820
4821
4822
4823
4824
4825
4826
4827 4834
4828
4829
4830
4831
4832
4833
4834
4835
4836
4837
4838
4839
4840
4841
4842
4843
4844
4845
4846
4847
4848
4849
4850
4851
4852
4853
4854
4855
4856 4973
4857
4858
4859
4860
4861
4862
4863
4864
4865
4866
4867
4868
4869
4870
4871
4872
4873 4896
4874
4875
4876
4877
4878
4879
4880
4881
4882
4883
4884
4885
4886
4887
4888
4889
4890
4891
4892
4893
4894
4895
4896
4897
4898
4899
4900
4901
4902
4903
4904
4905
4906
4907
4908
4909
4910
4911
4912
4913
4914
4915
4916
4917
4918 4989
4919
4920
4921
4922
4923
4924
4925
4926
4927
4928
4929
4930
4931
4932
4933
4934
4935
4936
4937
4938
4939
4940
4941
4942
4943
4944
4945
4946
4947
4948
4949
4950
4951
4952
4953
4954
4955
4956
4957
4958
4959
4960
4961
4962
4963
4964
4965
4966
4967
4968
4969
4970
4971
4972
4973
4974
4975 4987
4976
4977
4978
4979
4980
4981
4982
4983
4984
4985
4986
4987
4988
4989
4990
4991
4992
4993
4994
4995
4996
4997
4998
4999
[0, 1, 0, 0, 0, 1, 1, 1, 1, 1, 0, 1, 1, 1, 1, 1, 1, 1, 1, 0, 0, 1, 0, 1, 0, 0, 0, 1, 1, 0, 0, 0, 0, 1, 1, 1, 1, 0, 1, 1, 1, 1, 1, 1, 0, 1, 1, 1, 0, 1, 1, 1, 0, 0, 0, 0, 1, 1, 0, 1, 0, 0, 0, 0, 1, 0, 0, 0, 0, 0, 1, 1, 1, 1, 1, 0, 0, 0, 0, 0, 0, 0, 1, 1, 1, 0, 1, 0, 1, 1, 1, 1, 1, 1, 0, 0, 0, 1, 0, 0, 1, 1, 0, 0, 0, 0, 1, 0, 0, 1, 1, 1, 0, 1, 0, 1, 0, 0, 1, 0, 1, 0, 0, 1, 1, 0, 1, 1, 0, 0, 0, 0, 0, 0, 0, 0, 1, 1, 1, 0, 1, 0, 0, 0, 1, 0, 0, 0, 1, 1, 1, 1, 1, 1, 1, 1, 0, 0, 0, 1, 0, 0, 0, 0, 0, 0, 0, 1, 0, 1, 1, 1, 1, 0, 1, 0, 1, 1, 0, 0, 0, 1, 1, 1, 1, 0, 0, 0, 1, 0, 0, 1, 1, 1, 0, 1, 1, 0, 1, 1, 0, 0, 1, 0, 0, 1, 1, 0, 1, 0, 1, 0, 1, 0, 0, 0, 0, 0, 1, 1, 1, 0, 1, 0, 0, 0, 0, 0, 0, 1, 1, 0, 1, 1, 0, 0, 1, 0, 1, 0, 1, 0, 1, 1, 0, 0, 0, 0, 0, 1, 1, 1, 0, 0, 0, 0, 1, 0, 0, 0, 0, 0, 0, 1, 0, 1, 1, 1, 0, 1, 0, 0, 1, 0, 1, 0, 1, 0, 1, 1, 1, 0, 1, 1, 1, 1, 1, 0, 0, 1, 0, 0, 1, 1, 0, 0, 0, 0, 1, 1, 1, 0, 1, 0, 0, 1, 1, 1, 0, 0, 1, 1, 0, 0, 0, 1, 0, 1, 1, 1, 0, 0, 1, 1, 0, 1, 0, 1, 1, 1, 0, 1, 1, 1, 1, 0, 0, 1, 0, 1, 1, 0, 0, 1, 0, 1, 0, 1, 1, 1, 0, 1, 1, 0, 1, 1, 0, 1, 0, 1, 1, 1, 1, 1, 1, 1, 1, 0, 0, 0, 1, 0, 1, 0, 1, 1, 0, 0, 1, 1, 0, 1, 0, 1, 0, 1, 1, 1, 1, 1, 0, 1, 1, 1, 0, 1, 1, 0, 0, 1, 0, 0, 0, 0, 1, 0, 1, 0, 1, 0, 1, 1, 0, 1, 0, 1, 0, 1, 1, 0, 0, 0, 1, 1, 0, 0, 0, 0, 1, 1, 0, 1, 0, 1, 1, 0, 0, 1, 1, 0, 1, 0, 0, 0, 1, 0, 1, 1, 0, 0, 1, 1, 0, 1, 0, 1, 1, 0, 1, 1, 1, 0, 1, 0, 1, 0, 0, 1, 1, 0, 0, 0, 0, 1, 0, 0, 0, 0, 0, 0, 1, 1, 0, 1, 0, 1, 1, 1, 0, 1, 1, 0, 0, 0, 1, 0, 1, 1, 1, 0, 0, 0, 0, 0, 0, 0, 0, 0, 1, 0, 0, 0, 0, 0, 0, 0, 1, 0, 1, 0, 0, 1, 1, 1, 1, 0, 0, 0, 1, 0, 1, 0, 0, 1, 0, 1, 1, 1, 1, 0, 0, 1, 0, 0, 0, 0, 0, 1, 0, 0, 1, 1, 0, 0, 0, 1, 1, 1, 0, 1, 0, 1, 0, 1, 0, 1, 0, 1, 1, 1, 1, 1, 1, 1, 1, 1, 1, 0, 1, 0, 1, 1, 0, 1, 1, 0, 0, 1, 0, 1, 1, 1, 1, 1, 0, 1, 0, 0, 0, 1, 0, 0, 0, 0, 0, 0, 0, 1, 0, 1, 0, 1, 1, 0, 0, 0, 0, 1, 0, 0, 0, 1, 0, 1, 0, 0, 1, 0, 0, 1, 1, 0, 1, 1, 1, 0, 0, 0, 0, 0, 0, 0, 1, 0, 0, 0, 1, 0, 0, 0, 0, 1, 0, 0, 0, 0, 0, 1, 0, 1, 1, 1, 0, 1, 0, 1, 1, 1, 1, 0, 0, 0, 1, 1, 0, 1, 0, 0, 1, 1, 1, 1, 1, 1, 1, 0, 0, 0, 1, 1, 1, 0, 0, 1, 0, 1, 0, 1, 1, 0, 1, 0, 1, 0, 1, 0, 1, 1, 1, 1, 0, 1, 1, 0, 1, 1, 1, 0, 0, 1, 0, 1, 1, 0, 1, 0, 0, 1, 1, 0, 1, 1, 1, 0, 1, 0, 0, 1, 1, 1, 1, 0, 1, 1, 1, 1, 1, 1, 0, 0, 1, 1, 1, 1, 0, 0, 1, 0, 0, 1, 0, 0, 0, 0, 1, 1, 0, 0, 1, 1, 1, 0, 0, 0, 1, 1, 0, 1, 1, 1, 1, 1, 1, 1, 1, 0, 1, 1, 1, 1, 0, 1, 1, 0, 0, 0, 1, 1, 1, 0, 0, 1, 0, 0, 0, 1, 0, 0, 1, 0, 0, 1, 1, 0, 1, 0, 1, 0, 1, 0, 0, 0, 1, 0, 1, 0, 0, 0, 1, 1, 0, 0, 0, 0, 0, 0, 0, 0, 1, 0, 0, 1, 1, 0, 1, 0, 0, 1, 0, 0, 1, 1, 1, 1, 1, 1, 1, 1, 0, 1, 1, 1, 0, 0, 1, 0, 0, 0, 1, 0, 0, 0, 0, 0, 0, 1, 1, 0, 1, 1, 0, 0, 0, 0, 0, 1, 0, 1, 1, 0, 0, 1, 1, 0, 1, 0, 1, 0, 1, 1, 1, 1, 1, 1, 0, 1, 0, 1, 0, 0, 0, 0, 1, 1, 1, 1, 1, 1, 1, 0, 0, 0, 1, 1, 1, 0, 1, 0, 0, 0, 0, 0, 1, 1, 1, 1, 1, 1, 1, 0, 0, 0, 0, 1, 0, 1, 0, 0, 1, 1, 1, 1, 0, 0, 1, 0, 0, 0, 1, 1, 0, 0, 1, 0, 1, 0, 0, 1, 0, 1, 1, 1, 1, 0, 1, 0, 1, 1, 1, 1, 1, 1, 1, 1, 0, 1, 0, 1, 0, 1, 1, 0, 1, 1, 1, 0, 0, 1, 1, 0, 1, 0, 1, 0, 1, 0, 0, 1, 1, 1, 1, 1, 0, 1, 0, 1, 0, 1, 0, 1, 1, 0, 1, 0, 1, 0, 0, 0, 1, 0, 0, 1, 0, 1, 0, 0, 0, 1, 1, 1, 1, 0, 1, 1, 0, 0, 0, 1, 1, 1, 0, 1, 1, 0, 1, 1, 0, 1, 1, 1, 0, 0, 1, 1, 0, 0, 1, 1, 0, 1, 1, 1, 1, 0, 0, 0, 0, 1, 0, 1, 0, 1, 0, 0, 1, 0, 0, 0, 0, 0, 1, 0, 0, 0, 1, 1, 1, 1, 1, 1, 1, 0, 0, 1, 1, 0, 1, 0, 1, 1, 1, 0, 0, 0, 0, 1, 0, 1, 0, 1, 1, 1, 1, 1, 0, 0, 1, 1, 1, 1, 0, 0, 0, 0, 1, 0, 0, 0, 0, 1, 0, 0, 0, 1, 0, 0, 1, 0, 1, 0, 1, 1, 0, 1, 1, 0, 0, 0, 1, 1, 1, 1, 1, 1, 0, 0, 0, 1, 1, 0, 1, 1, 0, 0, 0, 1, 1, 1, 0, 1, 1, 1, 0, 0, 0, 1, 0, 0, 0, 1, 0, 1, 0, 0, 1, 1, 1, 0, 1, 0, 0, 0, 1, 1, 1, 0, 0, 0, 1, 1, 1, 0, 1, 0, 1, 0, 1, 0, 0, 1, 1, 1, 0, 0, 1, 0, 0, 0, 1, 0, 0, 0, 0, 1, 1, 0, 0, 0, 1, 0, 0, 0, 1, 0, 1, 0, 0, 0, 1, 0, 1, 1, 1, 0, 1, 0, 0, 0, 0, 1, 0, 0, 1, 1, 1, 1, 1, 1, 1, 1, 1, 0, 0, 1, 1, 1, 1, 0, 0, 1, 1, 0, 1, 1, 1, 0, 0, 1, 1, 1, 1, 0, 1, 1, 1, 0, 0, 1, 0, 1, 0, 1, 0, 1, 1, 0, 1, 1, 1, 1, 0, 0, 1, 0, 1, 0, 0, 1, 1, 1, 0, 0, 1, 1, 1, 0, 1, 1, 1, 1, 1, 0, 1, 0, 1, 1, 0, 1, 1, 1, 0, 0, 0, 0, 1, 0, 0, 1, 1, 0, 1, 0, 1, 0, 1, 1, 0, 1, 0, 0, 0, 1, 1, 0, 0, 1, 1, 0, 0, 0, 0, 0, 0, 0, 1, 0, 0, 1, 0, 0, 1, 1, 0, 1, 1, 1, 1, 0, 0, 1, 0, 1, 1, 0, 0, 0, 1, 1, 1, 0, 1, 1, 1, 1, 1, 1, 0, 0, 1, 0, 0, 1, 1, 0, 1, 1, 0, 1, 1, 1, 1, 0, 0, 0, 1, 0, 1, 0, 0, 1, 1, 0, 0, 0, 0, 0, 1, 1, 1, 1, 1, 0, 1, 1, 0, 0, 1, 1, 0, 1, 0, 0, 0, 1, 0, 1, 1, 0, 0, 0, 0, 0, 0, 0, 1, 0, 1, 1, 0, 0, 1, 1, 1, 0, 1, 1, 1, 0, 0, 0, 1, 0, 1, 1, 1, 1, 0, 0, 1, 1, 0, 1, 0, 0, 0, 0, 0, 1, 0, 0, 1, 0, 1, 1, 1, 0, 1, 0, 0, 1, 0, 1, 0, 0, 1, 0, 0, 0, 1, 0, 0, 1, 0, 0, 1, 0, 1, 0, 0, 0, 1, 0, 0, 0, 0, 0, 1, 0, 0, 0, 0, 1, 0, 0, 1, 1, 1, 0, 1, 1, 1, 0, 1, 1, 1, 0, 0, 1, 0, 0, 1, 1, 1, 0, 1, 0, 0, 0, 1, 1, 0, 1, 1, 0, 1, 0, 0, 0, 1, 0, 0, 0, 0, 0, 1, 0, 1, 1, 0, 0, 1, 0, 1, 1, 0, 0, 0, 1, 0, 0, 0, 0, 1, 0, 1, 0, 1, 1, 0, 0, 1, 0, 1, 1, 0, 1, 1, 0, 1, 1, 1, 1, 1, 1, 1, 0, 1, 1, 0, 0, 0, 1, 1, 0, 1, 1, 1, 1, 0, 1, 1, 1, 1, 1, 0, 0, 1, 1, 0, 0, 0, 1, 1, 1, 0, 1, 0, 1, 1, 1, 0, 0, 1, 0, 1, 1, 1, 1, 1, 1, 1, 0, 0, 1, 1, 0, 1, 0, 0, 1, 0, 1, 1, 0, 1, 0, 0, 0, 0, 1, 0, 1, 0, 0, 0, 1, 0, 1, 0, 0, 0, 1, 1, 1, 0, 0, 0, 1, 0, 1, 0, 0, 1, 0, 1, 1, 0, 1, 0, 0, 1, 1, 0, 0, 0, 1, 1, 1, 0, 1, 0, 1, 1, 0, 1, 0, 1, 0, 0, 0, 1, 0, 0, 1, 0, 0, 1, 0, 1, 0, 0, 0, 1, 1, 0, 1, 0, 1, 1, 0, 0, 1, 0, 0, 1, 1, 1, 1, 1, 1, 0, 1, 0, 1, 1, 1, 0, 0, 1, 0, 0, 1, 0, 1, 1, 1, 1, 1, 1, 1, 0, 0, 0, 1, 0, 0, 1, 1, 1, 1, 0, 0, 0, 1, 1, 0, 0, 1, 1, 0, 1, 1, 0, 1, 0, 1, 1, 0, 0, 1, 0, 0, 1, 0, 0, 0, 1, 1, 0, 0, 0, 1, 1, 1, 0, 1, 1, 1, 0, 0, 1, 1, 0, 0, 0, 1, 1, 1, 0, 0, 0, 0, 0, 0, 0, 0, 1, 1, 1, 0, 1, 1, 1, 1, 1, 1, 0, 0, 1, 0, 0, 1, 1, 1, 0, 0, 0, 0, 1, 0, 1, 0, 1, 1, 0, 0, 0, 0, 1, 0, 1, 0, 1, 1, 0, 1, 1, 0, 0, 1, 1, 0, 0, 1, 0, 1, 0, 1, 1, 1, 0, 0, 1, 1, 0, 0, 0, 0, 1, 1, 0, 1, 0, 1, 1, 0, 1, 0, 0, 0, 0, 0, 1, 0, 0, 1, 0, 0, 1, 1, 0, 0, 1, 1, 0, 1, 1, 0, 1, 1, 1, 1, 0, 0, 1, 0, 0, 0, 0, 1, 1, 0, 0, 0, 1, 1, 1, 0, 0, 0, 1, 0, 0, 1, 1, 0, 0, 1, 1, 1, 0, 0, 1, 1, 1, 1, 0, 0, 1, 1, 1, 0, 1, 1, 1, 1, 1, 0, 0, 0, 1, 0, 0, 0, 1, 0, 1, 0, 0, 1, 1, 1, 0, 1, 0, 1, 1, 0, 0, 0, 0, 1, 1, 1, 0, 0, 1, 0, 0, 1, 1, 0, 0, 1, 1, 0, 0, 0, 0, 0, 1, 1, 0, 0, 0, 0, 0, 0, 1, 0, 1, 1, 1, 0, 0, 0, 0, 0, 1, 0, 0, 1, 1, 0, 1, 1, 0, 1, 1, 1, 0, 0, 0, 0, 0, 1, 0, 0, 1, 1, 1, 1, 1, 1, 1, 0, 1, 0, 1, 0, 0, 0, 1, 0, 1, 0, 1, 0, 1, 0, 0, 1, 1, 0, 1, 0, 0, 0, 1, 1, 0, 0, 1, 0, 0, 0, 1, 1, 0, 0, 0, 0, 1, 0, 1, 0, 0, 1, 0, 0, 0, 0, 1, 1, 1, 0, 1, 1, 1, 0, 0, 0, 1, 0, 1, 0, 0, 0, 0, 1, 0, 0, 1, 1, 0, 0, 0, 1, 1, 1, 0, 0, 0, 1, 0, 1, 1, 1, 1, 0, 1, 0, 0, 1, 0, 1, 1, 0, 1, 1, 1, 0, 0, 1, 0, 0, 1, 0, 0, 1, 1, 1, 1, 1, 0, 0, 0, 0, 0, 1, 0, 0, 1, 0, 1, 0, 1, 0, 1, 0, 1, 1, 0, 1, 1, 0, 0, 0, 0, 1, 1, 0, 1, 0, 1, 0, 0, 0, 1, 0, 0, 1, 1, 1, 1, 1, 1, 0, 0, 0, 1, 1, 0, 1, 1, 1, 0, 0, 1, 1, 0, 1, 1, 1, 0, 0, 1, 0, 0, 1, 0, 0, 0, 1, 0, 0, 0, 1, 1, 0, 0, 1, 1, 1, 1, 0, 1, 1, 1, 0, 0, 0, 1, 1, 0, 1, 0, 1, 1, 0, 0, 1, 0, 1, 1, 1, 0, 0, 1, 1, 0, 1, 1, 0, 1, 1, 0, 0, 0, 1, 0, 0, 0, 0, 1, 1, 1, 0, 1, 1, 1, 0, 0, 1, 1, 1, 0, 1, 1, 1, 0, 0, 0, 0, 0, 1, 0, 0, 0, 0, 0, 1, 0, 1, 1, 1, 0, 0, 0, 0, 0, 1, 1, 1, 1, 0, 0, 1, 1, 1, 0, 1, 0, 0, 1, 0, 1, 0, 1, 1, 1, 0, 1, 0, 1, 1, 1, 1, 1, 0, 0, 0, 0, 0, 1, 0, 0, 1, 1, 0, 1, 1, 0, 1, 0, 1, 1, 1, 0, 0, 1, 0, 1, 1, 1, 0, 0, 1, 1, 1, 0, 0, 0, 0, 1, 1, 1, 0, 1, 1, 0, 1, 1, 0, 1, 1, 1, 0, 0, 1, 0, 0, 1, 1, 1, 1, 1, 0, 1, 0, 0, 1, 1, 1, 0, 1, 0, 1, 0, 0, 1, 1, 0, 1, 1, 1, 0, 1, 1, 0, 0, 1, 1, 1, 0, 0, 1, 0, 0, 1, 1, 0, 1, 1, 1, 0, 1, 0, 0, 0, 1, 1, 1, 0, 1, 0, 0, 0, 1, 0, 0, 1, 1, 1, 1, 1, 0, 0, 1, 1, 1, 0, 0, 0, 0, 0, 0, 0, 1, 1, 0, 0, 0, 1, 0, 1, 1, 0, 0, 1, 1, 0, 1, 1, 0, 1, 0, 0, 0, 1, 1, 0, 0, 1, 0, 0, 0, 0, 0, 0, 1, 0, 0, 1, 0, 0, 1, 0, 0, 0, 0, 1, 1, 0, 0, 0, 1, 1, 0, 1, 1, 1, 1, 1, 1, 0, 1, 1, 0, 0, 0, 1, 1, 0, 0, 1, 0, 1, 1, 0, 0, 1, 0, 0, 1, 0, 0, 0, 1, 1, 0, 0, 1, 1, 0, 1, 0, 0, 0, 1, 0, 1, 1, 1, 1, 0, 0, 1, 0, 1, 0, 0, 1, 0, 0, 0, 1, 0, 0, 0, 1, 1, 1, 1, 0, 1, 1, 1, 0, 1, 1, 0, 0, 0, 1, 1, 1, 1, 0, 0, 0, 1, 1, 1, 1, 1, 1, 0, 1, 0, 1, 1, 0, 1, 0, 0, 1, 0, 1, 0, 1, 0, 0, 0, 1, 1, 0, 0, 0, 0, 0, 0, 0, 1, 0, 1, 0, 1, 1, 1, 1, 1, 0, 1, 1, 1, 0, 0, 0, 1, 1, 1, 0, 0, 1, 1, 0, 0, 1, 0, 1, 0, 1, 0, 0, 1, 0, 1, 1, 1, 0, 0, 0, 0, 0, 1, 0, 1, 1, 1, 1, 1, 1, 1, 1, 1, 1, 0, 0, 0, 0, 0, 0, 1, 1, 1, 0, 0, 1, 0, 0, 0, 0, 0, 1, 0, 1, 1, 1, 0, 0, 1, 0, 0, 0, 0, 0, 0, 0, 0, 0, 1, 0, 0, 0, 0, 0, 0, 0, 1, 1, 1, 0, 0, 0, 1, 0, 1, 0, 0, 0, 1, 1, 1, 0, 1, 0, 1, 1, 1, 1, 1, 0, 1, 0, 1, 0, 0, 0, 1, 1, 1, 1, 0, 1, 1, 0, 1, 1, 0, 0, 0, 1, 1, 0, 1, 0, 1, 0, 1, 0, 1, 1, 1, 0, 1, 1, 1, 0, 1, 0, 1, 1, 1, 1, 0, 0, 0, 0, 0, 0, 1, 1, 0, 1, 1, 1, 0, 1, 0, 1, 0, 1, 1, 1, 0, 1, 0, 1, 1, 0, 1, 1, 1, 1, 1, 0, 1, 1, 1, 0, 0, 1, 0, 0, 0, 0, 0, 1, 1, 0, 1, 1, 0, 0, 0, 1, 1, 0, 1, 0, 1, 0, 1, 1, 1, 0, 1, 0, 0, 1, 1, 0, 1, 1, 1, 0, 1, 1, 1, 1, 1, 1, 0, 0, 1, 1, 0, 1, 0, 0, 0, 1, 0, 1, 1, 1, 0, 0, 1, 0, 0, 1, 0, 0, 0, 1, 0, 0, 0, 1, 1, 0, 0, 0, 0, 1, 0, 1, 0, 1, 1, 0, 1, 0, 0, 1, 1, 1, 1, 0, 1, 1, 0, 0, 1, 0, 1, 1, 1, 0, 1, 0, 0, 1, 1, 1, 1, 1, 0, 0, 1, 0, 0, 1, 0, 1, 0, 0, 0, 0, 0, 0, 1, 0, 0, 0, 1, 0, 1, 0, 0, 0, 1, 1, 0, 0, 0, 0, 1, 0, 0, 1, 0, 1, 1, 0, 1, 0, 0, 1, 0, 0, 1, 0, 0, 1, 1, 1, 1, 1, 1, 0, 1, 1, 1, 0, 1, 1, 1, 0, 0, 0, 0, 0, 0, 0, 1, 1, 0, 0, 1, 1, 1, 0, 1, 0, 0, 1, 0, 0, 1, 0, 0, 1, 1, 1, 0, 0, 0, 0, 1, 0, 1, 1, 0, 0, 0, 0, 1, 0, 0, 1, 1, 0, 1, 0, 0, 1, 0, 1, 1, 0, 0, 1, 0, 0, 0, 1, 0, 1, 0, 1, 1, 0, 0, 0, 0, 0, 0, 1, 1, 0, 1, 1, 1, 1, 1, 1, 0, 1, 1, 0, 0, 0, 1, 1, 1, 0, 0, 1, 1, 0, 1, 0, 0, 0, 0, 0, 0, 1, 0, 0, 1, 0, 1, 1, 1, 0, 1, 1, 1, 1, 1, 1, 1, 1, 1, 0, 0, 0, 1, 1, 1, 0, 0, 0, 1, 1, 1, 1, 1, 0, 1, 0, 0, 1, 0, 0, 1, 0, 0, 0, 0, 1, 1, 1, 1, 0, 0, 0, 0, 0, 1, 1, 0, 0, 1, 1, 1, 0, 0, 1, 1, 0, 0, 1, 0, 0, 1, 0, 0, 0, 1, 0, 0, 1, 1, 0, 1, 1, 0, 1, 0, 0, 1, 0, 0, 1, 0, 0, 0, 0, 0, 0, 1, 0, 1, 1, 0, 0, 0, 0, 1, 1, 1, 0, 0, 1, 1, 0, 0, 0, 1, 0, 0, 0, 1, 0, 1, 1, 1, 0, 0, 0, 1, 0, 0, 0, 1, 1, 1, 1, 0, 0, 0, 0, 1, 0, 0, 0, 0, 1, 1, 0, 0, 0, 1, 1, 1, 0, 0, 1, 1, 0, 1, 1, 0, 0, 0, 1, 1, 1, 1, 1, 0, 1, 0, 0, 1, 0, 1, 0, 1, 1, 0, 1, 0, 0, 0, 1, 1, 0, 1, 1, 1, 1, 0, 0, 1, 0, 1, 1, 0, 1, 1, 1, 1, 1, 0, 1, 1, 1, 0, 1, 1, 1, 0, 0, 1, 1, 1, 0, 1, 0, 1, 0, 0, 0, 0, 1, 1, 1, 1, 0, 1, 1, 1, 1, 1, 1, 0, 1, 0, 0, 0, 1, 1, 0, 0, 1, 0, 0, 1, 0, 0, 0, 1, 0, 1, 0, 0, 0, 0, 1, 1, 0, 0, 0, 0, 0, 1, 0, 0, 0, 0, 1, 0, 1, 1, 1, 0, 1, 1, 1, 0, 0, 1, 1, 1, 1, 0, 0, 0, 0, 1, 0, 0, 1, 1, 1, 1, 1, 0, 0, 1, 0, 0, 1, 1, 1, 0, 0, 0, 0, 0, 1, 1, 1, 0, 1, 1, 0, 0, 0, 1, 0, 0, 0, 1, 1, 1, 1, 1, 1, 1, 1, 0, 1, 1, 0, 1, 0, 1, 0, 0, 0, 1, 0, 1, 1, 0, 0, 1, 1, 1, 1, 1, 1, 1, 1, 1, 1, 0, 1, 1, 0, 0, 0, 1, 1, 1, 0, 0, 0, 1, 1, 0, 1, 1, 0, 0, 0, 1, 1, 0, 0, 1, 1, 0, 0, 0, 0, 0, 1, 1, 1, 1, 1, 1, 0, 1, 0, 0, 0, 0, 1, 0, 0, 1, 0, 1, 0, 0, 0, 1, 1, 0, 1, 1, 0, 0, 1, 1, 0, 1, 1, 1, 1, 0, 1, 0, 0, 1, 1, 0, 1, 1, 0, 1, 1, 0, 0, 1, 1, 0, 0, 0, 0, 0, 1, 1, 1, 1, 1, 0, 1, 0, 1, 0, 0, 1, 1, 0, 1, 1, 0, 1, 1, 1, 0, 0, 1, 1, 1, 0, 1, 0, 1, 1, 0, 1, 1, 1, 1, 0, 1, 1, 1, 0, 0, 0, 1, 0, 0, 0, 1, 1, 0, 1, 0, 0, 0, 0, 0, 1, 0, 1, 0, 0, 0, 1, 0, 0, 0, 0, 1, 0, 0, 0, 0, 1, 1, 1, 0, 0, 0, 0, 1, 1, 1, 0, 1, 1, 0, 0, 0, 1, 1, 0, 0, 1, 1, 1, 1, 1, 0, 1, 0, 1, 0, 0, 1, 1, 0, 0, 0, 0, 1, 0, 0, 0, 0, 0, 1, 0, 0, 1, 1, 1, 0, 0, 1, 0, 1, 1, 0, 1, 1, 1, 0, 1, 1, 1, 0, 1, 0, 0, 0, 0, 1, 1, 1, 1, 0, 1, 0, 1, 0, 1, 0, 0, 0, 1, 1, 0, 1, 1, 1, 0, 0, 0, 1, 1, 0, 0, 1, 0, 0, 1, 0, 1, 1, 0, 1, 1, 0, 0, 0, 0, 1, 0, 0, 1, 0, 0, 0, 1, 0, 1, 1, 1, 1, 1, 1, 1, 1, 1, 0, 1, 1, 0, 1, 0, 1, 0, 1, 1, 1, 1, 0, 1, 1, 1, 0, 0, 1, 0, 1, 1, 1, 0, 1, 0, 1, 1, 0, 1, 0, 0, 1, 0, 1, 0, 1, 0, 0, 0, 1, 1, 0, 1, 1, 0, 1, 0, 1, 0, 1, 0, 1, 0, 0, 1, 0, 1, 1, 0, 1, 1, 0, 0, 1, 1, 1, 0, 0, 1, 1, 0, 0, 1, 1, 1, 0, 1, 0, 1, 0, 1, 0, 1, 1, 1, 1, 0, 0, 1, 1, 0, 1, 1, 1, 1, 0, 1, 0, 1, 0, 1, 1, 0, 0, 1, 0, 1, 1, 1, 0, 0, 0, 1, 1, 0, 1, 1, 0, 0, 0, 0, 1, 1, 1, 0, 1, 1, 0, 1, 1, 0, 0, 1, 1, 0, 0, 1, 1, 0, 1, 0, 1, 1, 1, 1, 0, 0, 0, 0, 1, 1, 0, 0, 0, 0, 0, 1, 0, 0, 1, 1, 1, 0, 1, 0, 0, 0, 0, 1, 0, 0, 1, 0, 1, 0, 0, 1, 1, 1, 1, 1, 1, 1, 1, 1, 0, 0, 0, 0, 0, 0, 0, 0, 1, 1, 1, 1, 1, 1, 1, 1, 0, 1, 0, 0, 0, 1, 1, 1, 1, 1, 1, 0, 1, 0, 0, 1, 0, 1, 1, 0, 0, 0, 1, 1, 1, 1, 1, 1, 1, 1, 0, 0, 1, 0, 0, 0, 0, 1, 0, 1, 0, 0, 0, 1, 0, 0, 0, 1, 1, 0, 1, 0, 0, 0, 1, 1, 1, 0, 0, 0, 0, 0, 0, 0, 0, 0, 0, 1, 0, 0, 1, 0, 1, 1, 1, 1, 1, 0, 0, 0, 0, 0, 0, 0, 0, 0, 0, 0, 0, 1, 1, 1, 1, 0, 1, 1, 1, 0, 0, 0, 1, 0, 1, 0, 1, 1, 0, 1, 1, 0, 1, 1, 0, 1, 0, 0, 1, 0, 1, 0, 1, 1, 1, 0, 0, 0, 0, 0, 0, 1, 0, 0, 1, 0, 1, 0, 1, 0, 1, 1, 0, 1, 1, 0, 1, 0, 0, 1, 0, 1, 0, 1, 1, 1, 0, 1, 0, 0, 1, 0, 0, 1, 1, 0, 1, 0, 0, 0, 0, 1, 0, 0, 1, 0, 1, 0, 1, 0, 1, 1, 0, 1, 1, 0, 0, 1, 1, 1, 1, 0, 0, 1, 0, 1, 1, 0, 0, 1, 1, 1, 1, 1, 1, 1, 1, 0, 0, 0, 1, 1, 1, 0, 0, 1, 1, 0, 0, 1, 1, 1, 1, 0, 1, 0, 1, 0, 0, 0, 1, 1, 0, 1, 1, 1, 1, 0, 0, 0, 0, 1, 0, 0, 1, 1, 1, 0, 1, 1, 1, 0, 1, 0, 1, 1, 0, 0, 0, 0, 0, 1, 0, 1, 0, 0, 0, 0, 1, 0, 0, 0, 1, 0, 1, 0, 0, 0, 1, 0, 1, 1, 0, 0, 1, 1, 0, 1, 0, 0, 0, 0, 0, 1, 0, 0, 1, 0, 0, 1, 0, 0, 1, 1, 0, 0, 1, 0, 0, 0, 1, 1, 0, 0, 1, 0, 1, 1, 0, 1, 1, 0, 1, 1, 1, 1, 1, 0, 1, 0, 1, 1, 1, 1, 0, 1, 1, 1, 0, 0, 1, 0, 0, 0, 0, 1, 1, 0, 1, 1, 1, 1, 0, 1, 1, 1, 1, 1, 0, 1, 0, 1, 1, 0, 0, 1, 0, 1, 0, 0, 0, 1, 0, 1, 1, 0, 0, 0, 0, 1, 0, 1, 1, 1, 0, 1, 0, 1, 0, 0, 0, 0, 0, 0, 1, 0, 0, 1, 1, 1, 1, 1, 1, 1, 1, 0, 1, 1, 0, 1, 1, 0, 1, 1, 0, 1, 1, 1, 0, 0, 1, 0, 0, 0, 0, 1, 0, 1, 1, 0, 1, 1, 0, 0, 1, 0, 1, 1, 0, 1, 0, 1, 1, 1, 0, 0, 0, 0, 0, 0, 0, 1, 1, 1, 0, 1, 1, 0, 0, 0, 1, 1, 0, 0, 0, 0, 1, 1, 0, 0, 0, 0, 1, 1, 1, 1, 1, 0, 1, 0, 0, 0, 1, 1, 0, 0, 0, 1, 0, 0, 1, 0, 0, 0, 1, 0, 0, 1, 1, 1, 1, 0, 0, 1, 0, 1, 0, 0, 1, 1, 0, 1, 0, 0, 1, 0, 0, 0, 0, 0, 1, 0, 1, 0, 1, 0, 1, 1, 1, 1, 1, 0, 0, 0, 1, 0, 0, 1, 0, 0, 0, 1, 0, 0, 0, 1, 0, 0, 0, 1, 1, 0, 0, 0, 0, 0, 0, 0, 0, 0, 1, 1, 1, 1, 0, 0, 1, 1, 0, 0, 1, 1, 1, 0, 1, 0, 1, 0, 1, 1, 0, 0, 1, 1, 0, 1, 0, 0, 1, 1, 1, 0, 0, 1, 1, 1, 1, 0, 1, 0, 1, 0, 0, 0, 1, 0, 1, 1, 0, 1, 0, 0, 0, 0, 1, 1, 0, 1, 1, 0, 1, 1, 1, 0, 0, 1, 1, 0, 0, 1, 0, 1, 0, 1, 1, 1, 1, 0, 1, 0, 1, 1, 1, 1, 1, 0, 0, 0, 1, 1, 0, 0, 0, 1, 1, 1, 1, 0, 0, 0, 1, 1, 0, 1, 0, 0, 1, 1, 1, 0, 0, 0, 1, 1, 1, 0, 1, 0, 0, 0, 0, 1, 1, 1, 1, 0, 0, 1, 0, 0, 1, 1, 1, 0, 0, 1, 0, 1, 0, 0, 0, 1, 1, 1, 0, 1, 0, 1, 0, 0, 1, 0, 0, 1, 1, 0, 0, 1, 0, 1, 0, 0, 1, 1, 1, 1, 1, 0, 1, 0, 0, 0, 0, 0, 0, 0, 1, 0, 1, 0, 1, 0, 0, 1, 0, 0, 1, 1, 1, 0, 0, 0, 0, 1, 0, 1, 1, 1, 0, 0, 1, 0, 0, 0, 1, 1, 0, 1, 0, 0, 0, 1, 0, 1, 0, 1, 1, 1, 1, 1, 0, 0, 1, 1, 0, 1, 1, 0, 0, 1, 0, 0, 1, 0, 0, 0, 0, 1, 0, 0, 1, 0, 0, 1, 1, 0, 1, 0, 1, 0, 1, 0, 1, 0, 1, 0, 0, 1, 0, 0, 0, 1, 1, 1, 0, 0, 0, 1, 0, 0, 1, 0, 1, 0, 0, 0, 0, 0, 0, 0, 0, 0, 0, 1, 0, 0, 1, 0, 1, 0, 0, 1, 1, 0, 0, 1, 0, 0, 0, 1, 1, 0, 1, 1, 0, 1, 1, 0, 0, 1, 1, 1, 0, 1, 0, 1, 1, 1, 0, 1, 0, 1, 1, 1, 0, 1, 1, 0, 1, 1, 1, 1, 0, 0, 0, 1, 0, 0, 1, 0, 0, 0, 0, 1, 0, 0, 0, 1, 0, 0, 1, 1, 0, 0, 0, 0, 1, 1, 1, 0, 0, 1, 1, 0, 0, 1, 1, 1, 0, 0, 0, 1, 0, 1, 1, 0, 0, 0, 0, 0, 1, 1, 0, 1, 0, 1, 1, 1, 1, 1, 0, 1, 1, 0, 1, 0, 0, 0, 1, 0, 0, 1, 0, 1, 0, 1, 1, 0, 0, 0, 1, 0, 1, 0, 0, 0, 1, 0, 0, 1, 0, 1, 1, 1, 0, 0, 1, 1, 0, 0, 1, 1, 1, 0, 0, 0, 1, 1, 0, 0, 1, 1, 1, 1, 0, 0, 1, 1, 0, 1, 0, 1, 0, 1, 0, 0, 0, 0, 0, 0, 0, 1]