0 153 161 205 206 318 
1 49 202 250 278 
2 5 120 129 181 193 269 375 705 
3 139 159 212 
4 39 
5 214 296 
6 7 59 80 83 226 
7 10 26 91 
8 45 171 192 290 300 312 
9 152 174 209 252 265 
10 160 171 234 
11 157 171 230 276 331 448 
12 47 54 105 107 
13 63 107 254 274 
14 96 249 
15 146 
16 27 43 45 160 163 197 
17 233 244 249 251 259 407 
18 181 271 
19 39 101 653 940 990 
20 
21 72 109 111 213 236 300 330 
22 28 55 76 137 223 288 
23 76 101 102 145 205 920 
24 105 116 215 264 
25 102 121 183 218 
26 517 
27 70 119 128 142 284 814 
28 152 175 262 325 575 
29 136 667 
30 218 253 329 655 
31 63 169 428 908 
32 80 141 198 290 
33 54 73 96 177 240 809 
34 68 261 567 947 
35 39 287 841 
36 75 119 
37 103 207 274 
38 82 470 
39 197 
40 134 174 189 211 962 
41 111 118 126 185 249 493 
42 48 54 167 178 232 570 
43 53 119 161 163 201 202 299 
44 129 168 506 855 
45 261 308 673 
46 58 77 167 172 
47 57 130 225 230 243 824 
48 195 210 258 
49 162 255 
50 
51 71 120 136 173 280 
52 278 303 473 641 
53 71 242 738 
54 292 
55 298 
56 58 106 176 215 228 
57 101 122 174 771 
58 124 134 135 220 244 250 
59 200 283 
60 251 290 308 
61 62 944 
62 175 289 324 435 
63 238 
64 155 229 262 273 307 525 
65 74 457 
66 136 
67 73 197 221 881 
68 110 145 308 320 330 477 
69 250 374 
70 96 118 190 205 
71 89 106 129 135 161 
72 80 206 223 257 
73 273 492 604 
74 181 218 
75 108 490 792 
76 77 106 230 295 324 
77 293 331 370 509 636 
78 127 185 186 190 
79 115 316 991 
80 170 269 
81 171 211 256 
82 267 331 
83 133 215 247 374 
84 131 171 
85 175 314 
86 148 156 195 200 218 277 278 279 
87 136 171 930 
88 133 
89 101 151 385 965 
90 224 320 
91 175 278 579 
92 154 405 707 
93 175 195 198 219 222 322 653 
94 199 
95 151 
96 100 165 191 217 228 280 
97 127 246 257 687 
98 239 277 747 
99 227 238 295 745 
100 162 184 289 297 366 
101 283 
102 169 206 222 294 329 
103 171 330 610 719 
104 152 231 320 983 
105 224 322 739 
106 211 232 282 314 679 
107 139 494 858 
108 151 221 
109 173 178 179 191 365 
110 149 179 202 205 790 
111 259 310 
112 146 555 
113 224 253 294 
114 132 
115 262 285 
116 
117 177 315 325 
118 181 209 242 
119 308 733 
120 237 885 
121 130 271 
122 274 414 727 890 
123 173 448 
124 302 343 647 
125 181 200 
126 202 283 
127 477 
128 154 268 349 486 
129 148 221 824 
130 206 693 937 
131 213 235 
132 242 253 812 
133 145 156 179 329 
134 196 271 
135 171 238 320 626 642 
136 469 657 
137 146 278 
138 157 251 
139 197 741 798 
140 258 490 
141 215 725 
142 356 782 817 843 949 
143 146 165 197 792 
144 316 
145 149 161 240 404 
146 211 222 722 
147 217 231 236 304 363 599 
148 172 
149 183 304 
150 173 246 302 
151 278 546 
152 212 
153 170 213 237 
154 424 453 
155 254 
156 274 289 979 
157 268 303 571 
158 227 237 877 
159 198 279 
160 164 276 
161 329 
162 644 
163 471 
164 186 245 690 
165 173 394 
166 287 
167 190 293 295 326 591 
168 330 
169 176 299 496 
170 218 
171 655 
172 
173 
174 271 
175 213 236 
176 
177 697 
178 202 229 985 
179 253 982 
180 237 391 930 
181 187 196 
182 243 325 354 
183 217 266 300 318 
184 224 259 364 
185 
186 800 
187 291 
188 274 288 
189 537 920 
190 238 265 320 
191 304 909 
192 240 282 321 480 
193 276 592 
194 286 
195 231 287 923 
196 244 405 941 
197 220 263 269 317 700 
198 210 248 264 276 
199 208 988 
200 332 
201 284 924 
202 210 267 290 297 388 
203 316 
204 234 
205 464 682 
206 691 
207 242 678 
208 223 327 342 
209 
210 276 578 
211 232 239 779 
212 281 282 812 
213 235 273 540 647 
214 255 
215 661 
216 257 268 314 319 819 
217 287 309 
218 271 393 
219 251 389 
220 444 
221 586 
222 246 452 
223 287 289 
224 232 719 
225 323 
226 272 497 
227 318 731 
228 244 269 
229 
230 260 356 674 789 
231 268 317 776 
232 695 930 
233 
234 249 271 
235 
236 
237 246 
238 534 
239 244 327 
240 273 280 
241 275 
242 585 
243 361 
244 276 
245 265 326 
246 272 427 
247 253 481 
248 490 
249 256 285 
250 
251 270 675 775 
252 255 
253 731 
254 270 
255 289 
256 812 
257 948 
258 
259 356 371 516 
260 615 674 
261 
262 778 
263 327 514 538 
264 324 757 
265 331 387 982 
266 454 687 709 
267 288 
268 302 
269 
270 296 297 798 
271 302 516 
272 326 985 
273 318 326 
274 
275 280 411 
276 
277 874 997 
278 
279 302 335 
280 610 780 828 
281 
282 285 
283 322 683 
284 
285 671 
286 288 322 734 
287 
288 302 324 
289 
290 670 
291 296 307 
292 506 
293 855 
294 
295 
296 
297 964 
298 326 
299 
300 328 453 
301 713 956 
302 380 648 
303 679 
304 
305 
306 321 
307 
308 309 
309 
310 
311 742 
312 
313 680 
314 
315 636 
316 
317 323 942 
318 
319 
320 
321 326 850 
322 
323 
324 812 
325 597 
326 
327 
328 348 502 693 
329 357 623 
330 888 916 
331 
332 
333 349 473 525 531 550 595 
334 386 483 
335 336 341 442 527 552 560 590 
336 416 542 582 
337 471 515 
338 357 
339 398 462 604 617 810 
340 406 521 
341 515 596 610 
342 399 546 600 
343 455 502 612 615 
344 424 
345 473 
346 561 642 659 
347 367 453 491 540 590 619 628 765 933 
348 398 
349 889 944 
350 423 471 495 513 
351 477 492 625 
352 497 508 548 567 617 
353 379 518 781 
354 364 500 547 553 
355 413 428 635 
356 367 393 554 564 587 618 
357 487 492 804 
358 561 586 
359 397 426 513 548 629 
360 369 445 461 529 
361 381 527 639 
362 549 601 
363 437 487 
364 368 543 613 624 
365 428 516 637 
366 404 409 483 565 589 
367 591 
368 407 670 
369 371 443 640 642 
370 479 607 645 664 
371 436 
372 409 412 547 585 650 
373 390 
374 413 418 460 492 667 
375 460 499 514 628 712 
376 401 434 502 599 645 
377 409 434 455 465 644 953 
378 498 632 652 
379 509 594 
380 400 590 611 
381 391 410 419 532 536 622 
382 
383 628 806 
384 578 938 
385 456 516 
386 419 535 574 652 865 886 
387 428 469 587 610 
388 488 562 984 
389 523 585 627 
390 475 566 569 
391 450 474 507 531 
392 577 
393 479 813 
394 550 593 654 
395 417 473 535 
396 399 491 532 
397 515 533 665 
398 464 550 552 624 
399 621 627 
400 437 506 570 
401 448 460 503 
402 450 498 567 657 662 
403 522 525 584 646 790 967 
404 506 585 
405 467 619 862 
406 407 435 559 727 
407 461 471 552 613 661 
408 418 456 541 580 587 596 647 
409 612 659 938 
410 437 525 934 
411 412 504 
412 513 646 
413 419 517 590 
414 579 735 
415 424 
416 419 426 439 513 558 
417 507 517 568 599 630 632 
418 426 558 634 733 
419 489 499 537 578 
420 461 534 575 600 836 
421 837 
422 521 947 
423 582 
424 505 527 576 
425 435 627 644 
426 439 461 502 538 542 654 
427 450 561 
428 527 
429 552 623 664 
430 443 472 512 550 555 996 
431 513 521 522 592 608 
432 450 
433 515 548 594 649 725 
434 
435 464 533 
436 477 516 
437 538 549 600 602 
438 452 
439 478 
440 
441 624 
442 504 
443 
444 451 529 714 
445 525 637 
446 
447 456 522 615 771 
448 476 
449 575 614 
450 551 646 654 
451 467 476 478 630 631 638 975 
452 524 530 563 634 
453 662 
454 634 654 
455 512 612 627 660 938 
456 501 545 603 655 
457 498 533 
458 501 547 644 
459 521 591 623 642 711 
460 467 480 603 
461 473 
462 485 572 578 661 663 
463 586 588 
464 491 578 
465 630 
466 565 566 625 641 713 
467 485 608 
468 646 
469 522 976 
470 502 556 
471 606 632 
472 618 716 
473 597 659 
474 482 992 
475 599 857 
476 480 504 543 625 932 
477 555 936 
478 545 576 578 838 
479 652 662 
480 571 588 637 641 
481 537 590 650 
482 512 556 567 646 654 655 
483 543 653 
484 570 575 
485 486 658 856 
486 
487 502 557 569 
488 542 594 602 
489 548 715 779 
490 491 538 581 658 719 
491 505 623 
492 622 663 780 
493 
494 
495 614 811 823 
496 528 536 
497 563 641 695 
498 561 729 
499 591 
500 598 649 
501 915 
502 738 
503 617 715 
504 531 538 598 951 
505 
506 552 600 
507 563 600 
508 619 623 843 
509 527 563 566 654 
510 571 609 779 783 884 
511 
512 615 869 
513 
514 715 
515 518 551 911 
516 621 631 812 
517 531 557 
518 572 654 
519 616 626 967 
520 
521 547 594 637 
522 716 
523 548 606 615 633 756 
524 836 
525 604 782 
526 527 
527 735 
528 548 
529 949 
530 547 593 624 653 
531 545 633 
532 587 862 
533 652 
534 659 
535 625 664 669 837 
536 571 
537 719 
538 773 
539 625 978 
540 590 
541 
542 554 
543 578 
544 574 647 753 827 
545 578 584 654 659 750 
546 591 632 
547 605 611 857 
548 632 931 
549 594 636 764 
550 
551 
552 607 663 853 
553 590 639 647 653 656 991 
554 927 
555 604 612 652 
556 638 
557 592 641 650 
558 
559 570 630 653 
560 641 
561 689 
562 568 
563 
564 
565 
566 695 704 
567 593 
568 606 642 
569 577 973 
570 596 
571 
572 602 728 
573 601 618 
574 612 751 
575 650 815 
576 650 
577 578 632 897 
578 
579 
580 583 
581 626 
582 597 644 656 990 
583 593 607 
584 606 
585 
586 782 
587 612 
588 
589 850 
590 
591 
592 632 
593 
594 625 663 
595 645 650 
596 647 
597 
598 641 
599 609 
600 628 
601 655 
602 
603 625 650 
604 633 
605 626 
606 664 665 844 
607 
608 972 
609 
610 647 
611 721 
612 
613 
614 
615 
616 
617 
618 
619 
620 
621 
622 
623 625 
624 627 884 
625 639 
626 
627 628 640 
628 648 
629 
630 
631 
632 644 877 
633 
634 652 
635 701 
636 
637 
638 660 
639 
640 
641 
642 690 738 800 
643 
644 662 
645 
646 
647 653 
648 663 
649 
650 
651 798 
652 
653 673 788 
654 
655 
656 
657 827 
658 
659 
660 847 
661 
662 
663 
664 665 
665 
666 877 
667 774 963 
668 
669 670 700 711 838 856 
670 672 857 
671 811 862 981 987 
672 689 824 825 848 
673 706 813 899 963 
674 878 935 956 
675 778 779 925 966 
676 
677 713 750 800 
678 888 
679 822 959 981 
680 729 917 
681 683 787 793 
682 705 890 915 964 995 
683 811 857 904 
684 742 820 891 
685 744 790 877 883 960 
686 752 846 933 936 973 975 995 
687 796 825 836 863 916 948 
688 694 782 903 
689 843 
690 827 902 908 915 943 
691 746 822 824 882 958 
692 720 726 784 
693 755 856 862 971 
694 726 887 989 
695 827 
696 783 992 
697 885 954 
698 712 726 917 
699 816 822 845 
700 987 
701 904 
702 752 850 
703 718 910 965 
704 847 963 
705 740 744 750 888 900 981 990 
706 947 990 
707 910 972 
708 725 782 961 984 
709 813 846 905 951 
710 771 853 
711 860 879 
712 877 
713 745 
714 747 808 897 945 
715 719 821 
716 990 
717 
718 775 843 846 901 
719 726 795 797 908 923 977 
720 935 954 983 
721 785 849 900 920 
722 731 963 
723 741 768 860 
724 
725 
726 728 811 924 982 
727 
728 744 793 960 
729 788 920 939 
730 865 949 
731 816 858 901 
732 733 886 950 958 
733 796 926 
734 743 
735 754 871 
736 778 784 810 912 
737 755 793 939 
738 918 
739 804 877 888 922 
740 807 862 926 970 
741 950 
742 794 984 
743 
744 881 
745 831 965 
746 875 927 943 979 
747 928 
748 913 927 
749 973 
750 826 910 948 957 
751 810 931 983 
752 
753 755 796 995 
754 790 934 
755 841 
756 783 
757 
758 891 
759 766 
760 765 
761 779 905 936 
762 775 887 895 941 993 
763 943 
764 777 998 
765 773 963 
766 852 909 926 
767 
768 777 922 
769 
770 
771 900 960 982 
772 
773 782 969 
774 802 937 957 
775 780 793 983 
776 850 855 988 993 
777 873 933 969 984 998 
778 982 
779 910 991 
780 901 
781 807 901 
782 790 857 
783 981 
784 798 858 932 
785 884 905 934 941 
786 839 965 
787 
788 915 
789 825 938 948 959 
790 833 925 960 987 
791 803 978 
792 
793 847 980 997 
794 990 
795 841 974 
796 891 963 985 987 
797 817 858 915 994 
798 914 922 
799 904 
800 835 842 888 922 927 
801 914 
802 
803 
804 870 
805 825 961 
806 822 832 878 
807 890 
808 
809 907 920 
810 859 936 
811 967 
812 870 914 956 
813 814 831 886 
814 888 
815 824 934 989 
816 
817 896 
818 865 
819 
820 
821 984 
822 883 
823 878 950 
824 941 
825 990 
826 941 995 
827 833 875 941 
828 886 966 
829 907 908 
830 934 949 
831 872 
832 907 
833 890 988 
834 969 
835 859 873 890 905 906 931 993 
836 871 
837 
838 841 
839 905 933 
840 852 859 975 
841 
842 950 
843 935 
844 923 
845 914 966 
846 
847 
848 865 948 
849 
850 948 
851 977 
852 971 991 
853 870 965 
854 936 974 
855 891 975 
856 
857 858 
858 859 874 925 946 
859 979 
860 
861 866 
862 950 963 
863 935 
864 874 910 971 
865 867 929 988 
866 
867 937 
868 918 929 
869 
870 885 937 981 
871 928 983 
872 885 918 928 
873 
874 984 
875 884 
876 963 
877 961 
878 985 
879 911 959 
880 949 976 
881 928 988 
882 920 
883 929 
884 910 
885 996 
886 
887 917 
888 945 
889 
890 924 927 
891 
892 962 
893 
894 975 
895 900 926 933 993 
896 911 
897 932 
898 929 
899 
900 992 
901 940 941 
902 954 979 
903 926 928 
904 956 
905 975 986 
906 958 994 
907 
908 966 988 
909 921 970 
910 939 
911 
912 975 
913 915 920 
914 941 947 
915 976 
916 
917 965 
918 
919 927 
920 958 970 
921 
922 947 994 998 
923 
924 989 
925 980 
926 
927 
928 982 
929 989 995 
930 
931 
932 984 
933 
934 
935 
936 955 
937 
938 959 983 998 
939 954 
940 990 
941 983 997 
942 
943 
944 948 986 996 
945 
946 
947 982 
948 958 986 
949 950 
950 
951 
952 978 
953 
954 
955 989 
956 
957 959 967 
958 
959 
960 970 
961 985 
962 
963 970 
964 991 
965 
966 970 
967 986 
968 
969 
970 
971 
972 984 
973 
974 984 
975 
976 
977 988 993 
978 
979 
980 
981 
982 
983 
984 992 
985 
986 988 
987 
988 
989 
990 
991 
992 
993 
994 
995 
996 997 
997 
998 
999 
[0, 0, 0, 0, 0, 0, 0, 0, 0, 0, 0, 0, 0, 0, 0, 0, 0, 0, 0, 0, 0, 0, 0, 0, 0, 0, 0, 0, 0, 0, 0, 0, 0, 0, 0, 0, 0, 0, 0, 0, 0, 0, 0, 0, 0, 0, 0, 0, 0, 0, 0, 0, 0, 0, 0, 0, 0, 0, 0, 0, 0, 0, 0, 0, 0, 0, 0, 0, 0, 0, 0, 0, 0, 0, 0, 0, 0, 0, 0, 0, 0, 0, 0, 0, 0, 0, 0, 0, 0, 0, 0, 0, 0, 0, 0, 0, 0, 0, 0, 0, 0, 0, 0, 0, 0, 0, 0, 0, 0, 0, 0, 0, 0, 0, 0, 0, 0, 0, 0, 0, 0, 0, 0, 0, 0, 0, 0, 0, 0, 0, 0, 0, 0, 0, 0, 0, 0, 0, 0, 0, 0, 0, 0, 0, 0, 0, 0, 0, 0, 0, 0, 0, 0, 0, 0, 0, 0, 0, 0, 0, 0, 0, 0, 0, 0, 0, 0, 0, 0, 0, 0, 0, 0, 0, 0, 0, 0, 0, 0, 0, 0, 0, 0, 0, 0, 0, 0, 0, 0, 0, 0, 0, 0, 0, 0, 0, 0, 0, 0, 0, 0, 0, 0, 0, 0, 0, 0, 0, 0, 0, 0, 0, 0, 0, 0, 0, 0, 0, 0, 0, 0, 0, 0, 0, 0, 0, 0, 0, 0, 0, 0, 0, 0, 0, 0, 0, 0, 0, 0, 0, 0, 0, 0, 0, 0, 0, 0, 0, 0, 0, 0, 0, 0, 0, 0, 0, 0, 0, 0, 0, 0, 0, 0, 0, 0, 0, 0, 0, 0, 0, 0, 0, 0, 0, 0, 0, 0, 0, 0, 0, 0, 0, 0, 0, 0, 0, 0, 0, 0, 0, 0, 0, 0, 0, 0, 0, 0, 0, 0, 0, 0, 0, 0, 0, 0, 0, 0, 0, 0, 0, 0, 0, 0, 0, 0, 0, 0, 0, 0, 0, 0, 0, 0, 0, 0, 0, 0, 0, 0, 0, 0, 0, 0, 1, 1, 1, 1, 1, 1, 1, 1, 1, 1, 1, 1, 1, 1, 1, 1, 1, 1, 1, 1, 1, 1, 1, 1, 1, 1, 1, 1, 1, 1, 1, 1, 1, 1, 1, 1, 1, 1, 1, 1, 1, 1, 1, 1, 1, 1, 1, 1, 1, 1, 1, 1, 1, 1, 1, 1, 1, 1, 1, 1, 1, 1, 1, 1, 1, 1, 1, 1, 1, 1, 1, 1, 1, 1, 1, 1, 1, 1, 1, 1, 1, 1, 1, 1, 1, 1, 1, 1, 1, 1, 1, 1, 1, 1, 1, 1, 1, 1, 1, 1, 1, 1, 1, 1, 1, 1, 1, 1, 1, 1, 1, 1, 1, 1, 1, 1, 1, 1, 1, 1, 1, 1, 1, 1, 1, 1, 1, 1, 1, 1, 1, 1, 1, 1, 1, 1, 1, 1, 1, 1, 1, 1, 1, 1, 1, 1, 1, 1, 1, 1, 1, 1, 1, 1, 1, 1, 1, 1, 1, 1, 1, 1, 1, 1, 1, 1, 1, 1, 1, 1, 1, 1, 1, 1, 1, 1, 1, 1, 1, 1, 1, 1, 1, 1, 1, 1, 1, 1, 1, 1, 1, 1, 1, 1, 1, 1, 1, 1, 1, 1, 1, 1, 1, 1, 1, 1, 1, 1, 1, 1, 1, 1, 1, 1, 1, 1, 1, 1, 1, 1, 1, 1, 1, 1, 1, 1, 1, 1, 1, 1, 1, 1, 1, 1, 1, 1, 1, 1, 1, 1, 1, 1, 1, 1, 1, 1, 1, 1, 1, 1, 1, 1, 1, 1, 1, 1, 1, 1, 1, 1, 1, 1, 1, 1, 1, 1, 1, 1, 1, 1, 1, 1, 1, 1, 1, 1, 1, 1, 1, 1, 1, 1, 1, 1, 1, 1, 1, 1, 1, 1, 1, 1, 1, 1, 1, 1, 1, 1, 1, 1, 1, 1, 1, 1, 1, 1, 1, 1, 1, 1, 1, 1, 1, 1, 1, 1, 1, 1, 1, 1, 1, 1, 1, 1, 1, 1, 1, 1, 1, 1, 1, 1, 1, 2, 2, 2, 2, 2, 2, 2, 2, 2, 2, 2, 2, 2, 2, 2, 2, 2, 2, 2, 2, 2, 2, 2, 2, 2, 2, 2, 2, 2, 2, 2, 2, 2, 2, 2, 2, 2, 2, 2, 2, 2, 2, 2, 2, 2, 2, 2, 2, 2, 2, 2, 2, 2, 2, 2, 2, 2, 2, 2, 2, 2, 2, 2, 2, 2, 2, 2, 2, 2, 2, 2, 2, 2, 2, 2, 2, 2, 2, 2, 2, 2, 2, 2, 2, 2, 2, 2, 2, 2, 2, 2, 2, 2, 2, 2, 2, 2, 2, 2, 2, 2, 2, 2, 2, 2, 2, 2, 2, 2, 2, 2, 2, 2, 2, 2, 2, 2, 2, 2, 2, 2, 2, 2, 2, 2, 2, 2, 2, 2, 2, 2, 2, 2, 2, 2, 2, 2, 2, 2, 2, 2, 2, 2, 2, 2, 2, 2, 2, 2, 2, 2, 2, 2, 2, 2, 2, 2, 2, 2, 2, 2, 2, 2, 2, 2, 2, 2, 2, 2, 2, 2, 2, 2, 2, 2, 2, 2, 2, 2, 2, 2, 2, 2, 2, 2, 2, 2, 2, 2, 2, 2, 2, 2, 2, 2, 2, 2, 2, 2, 2, 2, 2, 2, 2, 2, 2, 2, 2, 2, 2, 2, 2, 2, 2, 2, 2, 2, 2, 2, 2, 2, 2, 2, 2, 2, 2, 2, 2, 2, 2, 2, 2, 2, 2, 2, 2, 2, 2, 2, 2, 2, 2, 2, 2, 2, 2, 2, 2, 2, 2, 2, 2, 2, 2, 2, 2, 2, 2, 2, 2, 2, 2, 2, 2, 2, 2, 2, 2, 2, 2, 2, 2, 2, 2, 2, 2, 2, 2, 2, 2, 2, 2, 2, 2, 2, 2, 2, 2, 2, 2, 2, 2, 2, 2, 2, 2, 2, 2, 2, 2, 2, 2, 2, 2, 2, 2, 2, 2, 2, 2, 2, 2, 2, 2, 2, 2, 2, 2, 2, 2, 2, 2, 2, 2, 2, 2, 2, 2, 2, 2, 2, 2, 2, 0]