0 8 21 26 
1 4 17 19 20 21 22 27 42 
2 
3 7 14 16 27 
4 8 15 25 29 95 
5 7 16 21 23 52 59 79 85 
6 9 10 12 16 17 18 24 29 72 
7 9 21 25 32 34 
8 16 22 39 41 85 
9 13 20 23 29 63 
10 24 27 67 
11 16 29 
12 16 20 21 27 59 
13 24 28 30 31 
14 24 
15 20 35 
16 17 19 29 30 
17 21 23 25 29 30 
18 19 54 91 92 
19 20 25 29 87 
20 23 29 82 
21 31 
22 32 45 
23 56 
24 30 
25 27 32 
26 48 82 
27 48 53 93 
28 31 47 84 
29 32 97 
30 32 88 
31 93 
32 
33 42 44 46 48 51 56 63 90 96 
34 54 
35 41 42 44 47 55 83 
36 43 57 88 
37 40 53 56 
38 41 48 49 54 58 95 
39 53 56 61 
40 45 53 56 57 61 
41 60 
42 55 57 58 59 63 94 
43 46 51 56 89 
44 52 53 55 62 
45 49 63 
46 51 54 
47 55 60 62 
48 56 59 84 
49 64 
50 53 54 55 63 64 84 
51 56 62 76 94 
52 64 
53 
54 90 
55 61 62 
56 58 65 
57 61 63 
58 59 92 
59 69 
60 64 86 
61 
62 
63 65 
64 80 
65 
66 77 80 82 87 89 92 
67 76 77 90 98 
68 85 89 
69 88 95 
70 74 75 91 92 
71 73 77 81 90 96 97 
72 
73 77 81 87 91 
74 83 87 94 
75 85 87 92 
76 79 98 
77 78 91 
78 82 84 88 91 95 98 
79 
80 83 86 91 
81 92 
82 83 87 90 
83 90 
84 88 93 95 98 
85 98 
86 92 93 
87 89 93 94 96 
88 
89 96 
90 95 
91 94 
92 
93 96 
94 
95 96 
96 98 
97 
98 
99 
[0, 0, 0, 0, 0, 0, 0, 0, 0, 0, 0, 0, 0, 0, 0, 0, 0, 0, 0, 0, 0, 0, 0, 0, 0, 0, 0, 0, 0, 0, 0, 0, 0, 1, 1, 1, 1, 1, 1, 1, 1, 1, 1, 1, 1, 1, 1, 1, 1, 1, 1, 1, 1, 1, 1, 1, 1, 1, 1, 1, 1, 1, 1, 1, 1, 1, 2, 2, 2, 2, 2, 2, 2, 2, 2, 2, 2, 2, 2, 2, 2, 2, 2, 2, 2, 2, 2, 2, 2, 2, 2, 2, 2, 2, 2, 2, 2, 2, 2, 0]