0 3 25 28 36 37 40 51 54 72 73 76 86 
1 6 25 42 48 63 70 87 104 166 
2 8 19 27 29 32 46 56 82 86 98 99 
3 21 24 30 39 42 43 46 81 87 91 99 128 160 
4 118 163 
5 26 38 67 71 76 83 95 
6 31 34 79 94 177 
7 18 20 23 30 
8 16 37 49 51 55 58 62 
9 43 50 191 192 
10 31 68 81 93 100 
11 28 37 66 73 77 
12 22 24 34 50 57 87 166 
13 32 50 54 86 99 146 
14 34 45 74 
15 17 59 94 96 
16 27 32 59 61 68 88 94 97 158 
17 46 52 71 76 123 149 
18 23 47 51 52 63 81 
19 25 27 65 92 125 130 
20 68 70 71 88 90 
21 23 40 65 75 93 
22 28 32 41 69 72 82 92 172 
23 41 68 
24 37 55 64 91 114 
25 99 
26 33 59 69 95 140 175 
27 28 33 67 96 148 
28 34 43 50 66 69 89 
29 56 63 95 173 
30 37 46 84 
31 52 65 71 87 89 
32 37 41 43 68 82 84 99 
33 55 71 87 91 
34 47 69 
35 39 40 74 82 93 98 111 
36 38 59 80 
37 61 73 94 
38 39 78 79 84 162 
39 88 139 
40 65 74 87 99 
41 69 79 
42 57 74 
43 49 61 69 76 172 
44 53 174 
45 57 62 
46 47 59 62 70 92 
47 59 70 75 89 
48 180 
49 63 80 83 187 
50 61 69 193 
51 66 69 81 97 179 
52 72 74 82 86 
53 62 67 70 
54 59 
55 59 67 83 95 98 
56 59 60 66 68 76 94 
57 76 92 139 
58 66 73 
59 79 82 
60 
61 85 87 
62 66 85 87 93 
63 72 84 90 
64 65 84 122 
65 76 83 123 155 
66 67 76 82 
67 74 79 168 
68 86 
69 82 96 
70 111 
71 74 75 79 173 
72 82 
73 82 84 
74 76 84 95 172 189 
75 76 99 
76 83 84 
77 85 88 145 
78 
79 81 92 
80 92 94 103 
81 91 
82 87 98 
83 93 114 138 176 
84 94 
85 113 
86 92 94 
87 
88 95 140 167 
89 92 
90 130 168 
91 
92 195 
93 159 
94 159 
95 153 167 
96 157 159 
97 122 173 
98 
99 
100 105 134 148 179 181 189 
101 102 108 120 
102 105 114 119 123 127 129 136 161 
103 122 134 175 181 189 190 199 
104 115 141 
105 129 155 
106 107 117 126 144 167 170 198 
107 110 146 147 163 173 187 188 192 
108 110 144 163 175 177 
109 134 142 147 166 167 170 186 
110 127 134 141 180 187 
111 161 170 177 185 
112 115 122 144 165 166 170 179 187 
113 151 164 188 
114 128 145 169 
115 150 166 174 
116 132 150 154 
117 146 160 172 189 
118 139 163 168 173 192 195 
119 127 196 
120 141 161 183 
121 124 197 
122 131 162 170 181 
123 125 143 144 152 167 187 
124 140 178 
125 140 147 152 172 173 197 
126 153 156 158 162 
127 156 157 171 186 189 
128 145 
129 130 167 182 196 
130 144 146 152 159 174 
131 140 147 186 188 197 
132 133 140 141 170 176 
133 190 196 
134 143 173 
135 149 151 154 164 169 178 191 
136 152 159 176 189 
137 158 182 193 
138 157 181 183 
139 199 
140 153 162 164 172 179 186 194 
141 160 
142 144 146 159 163 168 173 
143 
144 150 152 179 181 189 
145 161 166 181 192 
146 156 162 163 171 180 182 
147 169 174 178 190 191 194 195 
148 163 175 178 179 189 
149 163 169 182 188 196 
150 159 163 164 177 194 
151 
152 155 156 177 180 189 
153 170 175 186 199 
154 
155 167 
156 167 177 187 190 192 
157 189 190 196 
158 192 
159 185 194 196 198 
160 163 176 195 
161 167 176 182 
162 199 
163 187 
164 171 172 174 
165 169 182 
166 183 197 
167 177 182 190 197 
168 
169 191 
170 172 181 186 199 
171 173 
172 188 
173 
174 176 179 185 
175 188 193 
176 187 188 
177 179 192 
178 179 
179 182 190 
180 190 
181 184 
182 
183 
184 186 187 
185 188 
186 189 196 
187 
188 189 197 
189 
190 193 194 198 
191 194 198 
192 198 
193 196 
194 
195 
196 
197 
198 
199 
[0, 0, 0, 0, 0, 0, 0, 0, 0, 0, 0, 0, 0, 0, 0, 0, 0, 0, 0, 0, 0, 0, 0, 0, 0, 0, 0, 0, 0, 0, 0, 0, 0, 0, 0, 0, 0, 0, 0, 0, 0, 0, 0, 0, 0, 0, 0, 0, 0, 0, 0, 0, 0, 0, 0, 0, 0, 0, 0, 0, 0, 0, 0, 0, 0, 0, 0, 0, 0, 0, 0, 0, 0, 0, 0, 0, 0, 0, 0, 0, 0, 0, 0, 0, 0, 0, 0, 0, 0, 0, 0, 0, 0, 0, 0, 0, 0, 0, 0, 0, 1, 1, 1, 1, 1, 1, 1, 1, 1, 1, 1, 1, 1, 1, 1, 1, 1, 1, 1, 1, 1, 1, 1, 1, 1, 1, 1, 1, 1, 1, 1, 1, 1, 1, 1, 1, 1, 1, 1, 1, 1, 1, 1, 1, 1, 1, 1, 1, 1, 1, 1, 1, 1, 1, 1, 1, 1, 1, 1, 1, 1, 1, 1, 1, 1, 1, 1, 1, 1, 1, 1, 1, 1, 1, 1, 1, 1, 1, 1, 1, 1, 1, 1, 1, 1, 1, 1, 1, 1, 1, 1, 1, 1, 1, 1, 1, 1, 1, 1, 1]