0 41 
1 
2 91 
3 17 37 
4 18 27 71 
5 23 59 
6 35 70 80 93 
7 35 75 94 
8 65 
9 57 80 174 
10 45 69 88 
11 27 42 
12 19 44 55 78 194 
13 40 46 190 
14 55 144 
15 46 
16 41 
17 
18 23 57 86 
19 49 52 62 65 
20 37 
21 36 
22 49 67 85 
23 91 
24 
25 32 35 
26 87 
27 34 75 
28 69 72 
29 34 82 
30 82 
31 97 
32 94 192 
33 36 47 98 126 
34 
35 
36 43 90 184 
37 62 75 
38 
39 41 55 70 147 
40 56 69 
41 76 87 
42 85 87 
43 58 60 81 117 
44 45 
45 89 90 
46 52 
47 65 
48 
49 
50 94 
51 86 
52 
53 89 
54 62 94 
55 87 117 
56 81 130 
57 93 170 
58 
59 89 
60 90 
61 81 
62 86 
63 
64 
65 
66 
67 89 95 97 
68 80 
69 82 
70 
71 
72 
73 
74 
75 
76 
77 
78 88 
79 
80 
81 
82 
83 112 
84 
85 95 166 
86 
87 88 117 
88 187 
89 95 139 
90 158 
91 166 
92 
93 
94 
95 
96 
97 
98 108 
99 
100 197 
101 106 123 191 
102 132 
103 122 
104 
105 114 170 184 
106 122 197 
107 124 125 
108 
109 160 
110 148 
111 167 185 186 
112 147 
113 142 191 
114 
115 141 
116 173 
117 138 144 169 
118 
119 123 139 
120 185 
121 124 196 
122 139 176 185 187 
123 152 
124 157 
125 130 173 176 
126 131 
127 
128 167 175 
129 166 
130 147 
131 
132 137 
133 
134 174 
135 146 
136 143 151 178 
137 164 196 
138 150 167 176 
139 188 
140 161 182 
141 169 
142 
143 
144 147 156 
145 
146 153 175 178 
147 168 169 
148 171 
149 179 
150 
151 166 
152 182 187 
153 170 
154 
155 
156 197 
157 
158 192 
159 178 
160 
161 
162 176 
163 172 
164 
165 173 
166 
167 
168 190 
169 
170 186 199 
171 172 
172 
173 179 190 193 
174 
175 
176 
177 
178 
179 
180 187 
181 192 
182 
183 
184 199 
185 
186 
187 
188 193 
189 
190 
191 
192 193 
193 
194 198 
195 
196 
197 
198 
199 
[0, 0, 0, 0, 0, 0, 0, 0, 0, 0, 0, 0, 0, 0, 0, 0, 0, 0, 0, 0, 0, 0, 0, 0, 0, 0, 0, 0, 0, 0, 0, 0, 0, 0, 0, 0, 0, 0, 0, 0, 0, 0, 0, 0, 0, 0, 0, 0, 0, 0, 0, 0, 0, 0, 0, 0, 0, 0, 0, 0, 0, 0, 0, 0, 0, 0, 0, 0, 0, 0, 0, 0, 0, 0, 0, 0, 0, 0, 0, 0, 0, 0, 0, 0, 0, 0, 0, 0, 0, 0, 0, 0, 0, 0, 0, 0, 0, 0, 0, 0, 1, 1, 1, 1, 1, 1, 1, 1, 1, 1, 1, 1, 1, 1, 1, 1, 1, 1, 1, 1, 1, 1, 1, 1, 1, 1, 1, 1, 1, 1, 1, 1, 1, 1, 1, 1, 1, 1, 1, 1, 1, 1, 1, 1, 1, 1, 1, 1, 1, 1, 1, 1, 1, 1, 1, 1, 1, 1, 1, 1, 1, 1, 1, 1, 1, 1, 1, 1, 1, 1, 1, 1, 1, 1, 1, 1, 1, 1, 1, 1, 1, 1, 1, 1, 1, 1, 1, 1, 1, 1, 1, 1, 1, 1, 1, 1, 1, 1, 1, 1]