0 49 
1 39 
2 45 61 165 
3 14 
4 
5 66 89 
6 145 150 
7 19 96 
8 18 23 40 
9 31 59 121 
10 48 
11 66 
12 41 53 57 63 
13 
14 50 51 
15 21 64 
16 
17 195 
18 
19 34 42 111 
20 50 60 136 
21 
22 
23 35 64 
24 34 63 136 
25 
26 
27 
28 43 
29 32 62 
30 
31 40 
32 33 58 
33 
34 
35 
36 
37 
38 112 
39 
40 
41 
42 
43 
44 
45 
46 
47 
48 
49 132 
50 93 
51 112 146 
52 
53 
54 195 
55 
56 
57 
58 
59 
60 
61 64 
62 
63 
64 
65 
66 102 120 
67 
68 91 
69 76 107 
70 109 
71 102 123 126 174 
72 89 
73 
74 75 77 100 
75 
76 79 
77 144 
78 93 116 119 
79 86 92 97 
80 120 
81 105 107 
82 
83 120 
84 
85 
86 
87 94 
88 
89 
90 124 
91 103 
92 
93 106 
94 115 
95 
96 123 
97 111 120 153 
98 107 
99 
100 
101 
102 116 
103 
104 
105 
106 
107 
108 
109 181 
110 142 
111 167 
112 120 
113 119 
114 
115 177 
116 127 
117 124 
118 
119 
120 
121 
122 
123 131 
124 
125 
126 
127 193 
128 
129 
130 183 
131 
132 183 187 192 193 
133 142 148 
134 176 
135 193 
136 183 
137 140 166 182 
138 176 179 
139 
140 178 
141 195 
142 193 
143 
144 167 
145 
146 
147 
148 168 184 
149 
150 192 
151 157 170 
152 173 177 180 
153 161 187 
154 171 
155 169 179 192 
156 
157 
158 
159 182 185 
160 173 
161 
162 179 
163 
164 
165 
166 180 
167 183 
168 194 
169 
170 
171 
172 
173 187 
174 
175 
176 
177 
178 196 
179 
180 
181 191 
182 
183 
184 
185 187 
186 196 
187 
188 
189 194 
190 
191 
192 
193 
194 
195 
196 
197 
198 
199 
[0, 0, 0, 0, 0, 0, 0, 0, 0, 0, 0, 0, 0, 0, 0, 0, 0, 0, 0, 0, 0, 0, 0, 0, 0, 0, 0, 0, 0, 0, 0, 0, 0, 0, 0, 0, 0, 0, 0, 0, 0, 0, 0, 0, 0, 0, 0, 0, 0, 0, 0, 0, 0, 0, 0, 0, 0, 0, 0, 0, 0, 0, 0, 0, 0, 0, 1, 1, 1, 1, 1, 1, 1, 1, 1, 1, 1, 1, 1, 1, 1, 1, 1, 1, 1, 1, 1, 1, 1, 1, 1, 1, 1, 1, 1, 1, 1, 1, 1, 1, 1, 1, 1, 1, 1, 1, 1, 1, 1, 1, 1, 1, 1, 1, 1, 1, 1, 1, 1, 1, 1, 1, 1, 1, 1, 1, 1, 1, 1, 1, 1, 1, 2, 2, 2, 2, 2, 2, 2, 2, 2, 2, 2, 2, 2, 2, 2, 2, 2, 2, 2, 2, 2, 2, 2, 2, 2, 2, 2, 2, 2, 2, 2, 2, 2, 2, 2, 2, 2, 2, 2, 2, 2, 2, 2, 2, 2, 2, 2, 2, 2, 2, 2, 2, 2, 2, 2, 2, 2, 2, 2, 2, 2, 2, 2, 2, 2, 2, 0, 0]