0 3 4 16 22 23 30 33 39 172 
1 3 10 22 37 
2 5 30 32 38 62 
3 5 7 20 25 
4 17 22 35 183 
5 12 23 24 165 
6 9 17 28 31 40 148 
7 18 52 
8 15 16 18 19 27 36 141 
9 14 17 20 43 124 171 
10 36 109 121 
11 30 31 
12 14 15 27 30 36 100 
13 17 18 19 22 23 38 58 124 
14 15 24 85 121 
15 17 20 26 30 39 114 
16 22 39 82 129 
17 28 33 65 82 111 
18 29 30 94 173 193 
19 41 
20 78 
21 25 27 32 35 99 194 
22 28 34 55 181 
23 
24 34 90 
25 26 64 
26 27 28 80 
27 43 73 185 186 189 
28 32 34 
29 69 135 136 162 
30 31 79 125 136 189 
31 156 186 
32 39 154 
33 36 41 
34 88 132 
35 110 161 
36 54 106 186 
37 83 
38 139 
39 82 154 
40 49 50 71 72 76 
41 59 63 74 76 
42 50 52 71 168 
43 50 55 
44 55 58 71 121 
45 48 51 72 75 78 181 
46 49 52 67 69 87 
47 56 72 
48 63 79 
49 66 150 
50 56 75 78 79 88 
51 127 
52 79 133 144 188 193 
53 60 71 72 199 
54 56 70 96 133 199 
55 78 169 
56 61 62 66 67 70 
57 62 66 71 73 79 102 127 179 
58 61 77 
59 78 120 185 
60 66 79 182 
61 64 67 72 
62 
63 158 
64 72 75 88 
65 132 
66 67 70 74 76 78 118 
67 71 169 
68 79 
69 77 95 119 146 153 185 
70 101 
71 74 85 172 
72 120 126 143 174 178 
73 76 
74 90 
75 
76 108 
77 83 109 152 
78 
79 87 184 
80 83 110 114 
81 90 98 
82 119 177 
83 84 88 101 119 164 
84 108 180 188 
85 88 102 
86 101 116 168 
87 96 100 112 
88 139 
89 94 96 99 101 103 152 
90 94 107 
91 114 
92 105 110 111 116 117 118 141 
93 100 108 111 124 
94 99 105 116 117 
95 99 104 
96 98 103 105 106 
97 101 107 109 114 159 191 
98 102 150 156 161 
99 104 108 111 113 117 118 121 
100 190 
101 105 185 
102 108 
103 105 109 112 113 154 162 
104 
105 
106 110 
107 115 
108 110 184 
109 
110 111 113 148 153 181 
111 118 
112 116 
113 117 118 119 
114 116 
115 177 
116 147 
117 
118 132 140 
119 133 169 181 
120 131 133 135 138 156 198 
121 124 127 140 151 153 
122 173 
123 137 153 156 166 
124 148 150 157 186 190 193 
125 136 157 159 
126 136 154 
127 136 146 153 158 
128 130 132 142 
129 133 136 152 153 189 
130 142 153 
131 137 142 151 
132 134 143 155 157 
133 150 
134 146 
135 137 141 154 
136 145 158 167 
137 143 147 149 155 179 
138 146 147 182 184 
139 148 157 
140 149 
141 157 
142 197 
143 156 
144 
145 161 
146 158 
147 159 183 
148 153 156 
149 155 
150 157 158 188 
151 
152 
153 154 
154 156 
155 196 
156 
157 
158 159 
159 
160 164 168 175 
161 178 185 
162 167 171 188 
163 199 
164 172 174 183 186 191 198 199 
165 166 189 192 
166 169 172 
167 171 178 
168 171 179 183 190 193 194 197 
169 172 176 
170 190 
171 173 180 183 192 198 
172 179 181 
173 185 192 194 196 
174 194 
175 177 185 199 
176 178 183 195 
177 182 184 195 198 
178 187 191 
179 181 194 
180 186 193 
181 
182 185 193 
183 188 194 
184 
185 187 190 194 
186 189 
187 190 192 
188 
189 199 
190 191 
191 
192 
193 
194 
195 196 
196 
197 
198 
199 
[0, 0, 0, 0, 0, 0, 0, 0, 0, 0, 0, 0, 0, 0, 0, 0, 0, 0, 0, 0, 0, 0, 0, 0, 0, 0, 0, 0, 0, 0, 0, 0, 0, 0, 0, 0, 0, 0, 0, 0, 1, 1, 1, 1, 1, 1, 1, 1, 1, 1, 1, 1, 1, 1, 1, 1, 1, 1, 1, 1, 1, 1, 1, 1, 1, 1, 1, 1, 1, 1, 1, 1, 1, 1, 1, 1, 1, 1, 1, 1, 2, 2, 2, 2, 2, 2, 2, 2, 2, 2, 2, 2, 2, 2, 2, 2, 2, 2, 2, 2, 2, 2, 2, 2, 2, 2, 2, 2, 2, 2, 2, 2, 2, 2, 2, 2, 2, 2, 2, 2, 3, 3, 3, 3, 3, 3, 3, 3, 3, 3, 3, 3, 3, 3, 3, 3, 3, 3, 3, 3, 3, 3, 3, 3, 3, 3, 3, 3, 3, 3, 3, 3, 3, 3, 3, 3, 3, 3, 3, 3, 4, 4, 4, 4, 4, 4, 4, 4, 4, 4, 4, 4, 4, 4, 4, 4, 4, 4, 4, 4, 4, 4, 4, 4, 4, 4, 4, 4, 4, 4, 4, 4, 4, 4, 4, 4, 4, 4, 4, 4]