0 33 45 201 346 1234 
1 36 1390 
2 55 430 482 530 1190 1806 
3 76 119 120 159 357 
4 33 72 105 226 317 753 1229 
5 148 199 1887 
6 76 
7 597 1955 1976 
8 45 235 568 1804 
9 51 150 218 225 239 459 
10 711 
11 77 84 146 397 
12 15 377 1510 
13 33 105 269 284 629 654 1168 1756 
14 102 151 1167 
15 193 245 282 976 
16 1530 
17 241 
18 30 121 251 
19 68 135 227 323 388 806 1118 1718 
20 144 167 727 1188 
21 148 311 424 
22 238 385 1760 
23 346 
24 190 346 
25 188 324 350 
26 104 147 282 325 357 587 1268 1759 1990 
27 133 703 
28 261 654 
29 76 
30 54 144 234 1581 
31 160 229 
32 252 310 379 
33 154 291 300 1735 
34 81 141 280 518 876 
35 266 310 351 
36 278 957 
37 151 282 311 328 753 
38 161 
39 119 128 313 
40 52 55 56 109 111 398 
41 74 241 581 1728 1748 
42 60 227 239 325 1712 
43 165 204 255 379 394 1732 
44 110 182 336 380 
45 203 352 359 
46 213 322 1801 
47 58 94 96 201 342 
48 222 
49 338 
50 67 254 273 346 1570 1838 
51 
52 235 1928 
53 78 279 1911 
54 108 161 224 1462 
55 1976 
56 122 156 214 361 1269 1928 
57 199 205 947 
58 217 368 1478 
59 74 1285 
60 166 
61 85 86 356 372 1647 1865 
62 
63 101 224 240 371 
64 192 
65 229 400 713 
66 149 239 1435 
67 127 830 1633 
68 169 185 370 1986 
69 209 392 
70 
71 112 247 299 359 559 933 1330 
72 151 239 1003 1193 
73 302 1359 
74 274 
75 175 262 1505 
76 79 84 298 397 1241 
77 389 
78 156 355 356 
79 158 1423 
80 84 283 370 
81 393 445 
82 303 
83 337 
84 285 384 562 
85 99 323 486 
86 100 234 287 
87 809 1185 
88 259 1270 1541 
89 312 329 486 
90 1107 
91 108 317 
92 325 363 
93 215 224 242 296 
94 164 216 319 1989 
95 103 1849 
96 110 276 324 999 
97 110 223 313 419 
98 201 203 289 1116 
99 301 
100 1515 1516 1836 
101 289 290 
102 224 
103 357 1990 
104 831 1384 
105 106 325 380 539 907 1977 
106 227 1284 
107 176 
108 249 964 1879 
109 
110 186 335 375 1697 
111 140 156 294 319 1173 
112 1803 
113 600 
114 232 294 304 353 
115 135 1607 
116 680 1378 
117 336 337 
118 335 372 
119 
120 122 139 160 251 366 
121 156 267 288 340 1288 1896 
122 
123 
124 902 
125 181 1041 
126 
127 144 389 
128 187 317 
129 151 396 1744 
130 258 297 304 340 
131 195 747 1212 
132 147 375 800 1811 
133 230 
134 268 382 681 1908 
135 275 1665 
136 276 277 
137 163 382 603 
138 232 938 
139 383 394 
140 391 1926 
141 209 329 397 595 834 1276 
142 302 360 1520 
143 288 1026 
144 
145 150 201 334 361 
146 342 477 
147 337 1247 
148 681 1116 
149 242 
150 190 
151 359 1493 
152 949 1309 1985 
153 169 188 331 829 880 
154 321 772 
155 764 1659 
156 
157 190 222 1437 1693 
158 179 351 1095 1147 
159 389 1015 1080 
160 310 
161 290 1115 
162 362 1344 1504 1996 
163 757 
164 385 555 830 1378 
165 
166 187 636 
167 241 281 1524 1680 1773 
168 211 301 
169 193 199 229 592 1359 
170 197 322 376 663 1534 
171 
172 218 261 358 811 948 1945 
173 189 277 1675 
174 1420 
175 179 282 851 1644 
176 203 234 286 319 1123 
177 873 1330 1861 1987 
178 317 1083 1832 
179 239 247 257 362 1784 
180 240 272 392 
181 334 1745 
182 213 851 
183 
184 615 616 1026 1605 
185 247 389 1230 
186 266 545 
187 255 
188 1485 
189 824 1104 1143 
190 255 273 848 
191 225 248 284 968 
192 299 1502 1759 
193 350 
194 234 291 363 1592 
195 257 334 1859 
196 716 1014 1987 
197 335 748 964 
198 
199 247 309 
200 589 
201 314 648 1152 
202 392 1491 
203 204 399 1255 1723 
204 337 
205 352 1233 
206 1719 
207 225 314 555 1580 1727 
208 1243 
209 217 1302 
210 371 1520 
211 278 1225 
212 
213 539 563 1609 
214 243 264 347 387 1077 
215 252 1308 1772 
216 389 
217 251 595 1154 
218 
219 281 367 386 587 
220 278 674 
221 301 
222 336 
223 
224 276 
225 
226 232 262 1589 
227 232 773 
228 1596 
229 345 1982 
230 358 375 
231 254 396 
232 264 292 965 1088 
233 
234 235 245 379 744 
235 646 
236 311 
237 384 1151 
238 362 1382 
239 285 884 
240 
241 279 1668 1831 
242 
243 
244 295 
245 351 
246 1061 
247 352 
248 307 323 
249 1795 
250 
251 278 292 667 
252 279 923 
253 258 318 378 
254 846 962 1504 
255 351 352 649 
256 
257 
258 378 1900 
259 340 1352 
260 1751 1814 
261 308 
262 
263 978 
264 1076 1185 
265 757 
266 1920 
267 773 
268 342 684 
269 322 
270 329 1909 
271 283 1092 
272 313 695 1078 
273 
274 
275 386 1531 
276 
277 283 297 1207 1455 1976 
278 794 1240 
279 364 1751 
280 321 366 397 1283 
281 1441 
282 292 380 1396 
283 
284 
285 414 1582 
286 296 
287 
288 397 484 
289 
290 306 338 
291 307 334 336 337 343 1402 1981 
292 309 335 1562 
293 353 
294 731 1693 
295 437 
296 1305 
297 353 382 
298 806 
299 1725 
300 1308 
301 1283 
302 394 
303 347 
304 358 467 
305 1988 
306 367 1598 
307 
308 344 378 
309 332 
310 389 1207 
311 827 970 1132 
312 1299 1583 1855 
313 575 
314 1125 1658 
315 365 472 
316 718 
317 359 1522 
318 380 773 
319 344 364 649 
320 
321 376 
322 360 
323 1456 1755 
324 
325 
326 1986 
327 
328 336 351 1454 1497 
329 456 
330 1196 
331 386 575 1203 1312 1478 1945 
332 1089 
333 899 1170 
334 
335 
336 
337 402 
338 
339 341 396 
340 
341 855 
342 
343 
344 1066 
345 359 
346 365 
347 1666 
348 
349 370 1684 1947 
350 1122 1151 1720 
351 544 
352 
353 1201 
354 
355 530 
356 387 
357 376 
358 
359 1495 
360 1156 1484 1694 
361 1048 1991 
362 1010 1140 1562 
363 625 1913 
364 
365 1094 1152 
366 1458 
367 1051 1133 
368 1283 
369 383 
370 
371 956 1426 1623 
372 
373 387 531 955 1249 
374 780 
375 1652 1822 1904 
376 489 
377 726 1250 1316 
378 526 685 1809 
379 
380 
381 422 615 
382 395 
383 391 1213 1428 1885 
384 723 
385 
386 398 603 702 
387 1078 
388 
389 438 1078 
390 
391 
392 904 
393 
394 
395 677 
396 445 1455 
397 
398 
399 680 
400 447 507 670 767 778 1082 
401 744 1754 
402 648 751 1768 
403 462 608 738 793 
404 507 566 591 
405 
406 511 715 
407 681 755 1052 
408 748 981 
409 1170 
410 634 703 1791 
411 489 
412 488 695 
413 765 775 
414 456 526 607 621 671 1908 
415 526 
416 669 763 1373 1378 
417 643 
418 652 716 727 1194 1706 
419 610 614 
420 462 983 
421 488 640 665 678 759 1864 
422 533 614 738 931 
423 613 624 1522 
424 446 470 
425 426 598 646 1354 
426 632 
427 535 617 631 
428 754 
429 611 795 799 
430 450 588 1882 
431 556 559 611 719 721 
432 1673 
433 480 574 707 728 791 
434 
435 444 742 
436 642 718 754 
437 608 734 762 1196 
438 1057 
439 1175 
440 581 611 985 
441 497 534 544 
442 567 706 
443 645 
444 1230 
445 457 652 
446 460 485 568 590 708 709 793 1470 
447 452 470 526 590 654 
448 524 
449 483 694 1068 1721 
450 695 1585 
451 500 1524 
452 538 640 732 
453 637 1063 1375 
454 516 571 582 652 1002 1209 1866 
455 643 753 
456 1818 
457 611 737 1316 
458 513 514 730 1336 
459 544 696 
460 463 703 746 
461 725 
462 736 
463 485 704 1245 
464 
465 716 1048 1311 1949 
466 467 495 580 724 792 1326 
467 521 693 
468 475 767 785 943 1221 
469 480 1839 
470 530 761 1199 1363 1673 
471 561 657 700 1302 
472 474 726 790 
473 592 649 691 767 1822 
474 677 752 1555 
475 797 
476 550 
477 518 712 1168 
478 631 769 1780 
479 642 770 
480 603 1595 
481 594 1177 1537 
482 514 532 761 956 1298 
483 609 1688 
484 641 1593 
485 1724 
486 669 948 
487 708 
488 545 592 622 930 
489 550 578 764 
490 765 
491 575 1464 
492 581 1685 1713 
493 547 563 622 667 1169 1974 
494 935 
495 645 790 1591 1638 1760 
496 611 775 1299 
497 501 659 
498 799 
499 559 590 615 726 755 1067 
500 747 787 1344 
501 566 651 710 
502 644 708 1565 
503 787 1316 
504 
505 548 626 763 
506 573 641 721 776 
507 770 1087 
508 584 683 
509 
510 521 537 646 781 1346 
511 1150 
512 589 715 
513 584 695 
514 748 
515 706 1018 1024 1854 
516 550 707 1569 
517 1445 
518 543 550 1336 
519 564 813 
520 630 753 
521 533 820 
522 1140 1709 
523 568 
524 700 767 1743 
525 591 795 1306 
526 1082 
527 588 694 
528 652 
529 537 1143 1290 
530 549 561 600 665 730 732 1013 
531 
532 645 687 
533 595 1561 
534 684 773 
535 553 561 627 1144 
536 766 
537 541 550 637 
538 768 794 1193 1728 
539 757 812 
540 651 1831 
541 547 611 766 
542 552 793 
543 661 688 875 1728 
544 580 
545 1065 
546 770 1456 
547 
548 623 
549 601 
550 593 608 613 710 
551 606 655 1163 
552 652 1058 
553 631 
554 741 1303 
555 577 867 
556 613 792 1140 1410 
557 567 615 788 793 
558 649 671 747 
559 1721 1989 
560 724 756 
561 756 911 1837 
562 
563 582 1588 
564 726 762 
565 711 740 771 1729 
566 705 
567 591 
568 710 1401 
569 674 768 
570 1658 
571 1830 
572 601 616 715 740 747 1594 1654 
573 656 773 
574 774 1047 1347 
575 
576 
577 590 647 
578 626 
579 704 
580 620 
581 637 683 1321 1879 
582 778 909 1219 
583 662 1660 
584 773 1500 
585 744 780 1378 
586 775 1565 1963 
587 742 846 
588 691 724 775 1391 
589 601 717 764 838 
590 698 
591 670 1096 1305 
592 775 
593 749 
594 
595 606 614 1654 1819 
596 702 777 1298 1838 
597 692 
598 1771 
599 
600 612 754 
601 799 
602 686 725 1466 1870 
603 611 933 981 
604 609 610 1354 1780 
605 1911 
606 715 1992 
607 1126 
608 
609 1302 
610 780 
611 
612 1667 
613 637 688 720 726 1829 1882 
614 
615 1933 
616 1303 
617 1681 
618 789 1259 
619 628 1240 
620 647 660 729 765 
621 689 
622 755 1988 
623 
624 742 
625 693 
626 699 757 1897 
627 788 905 
628 743 995 
629 714 1279 
630 638 774 
631 
632 664 718 
633 797 
634 899 936 1906 
635 718 1981 
636 714 1221 1785 
637 
638 740 1189 
639 701 
640 688 961 1066 1570 1814 
641 926 1080 
642 
643 741 782 
644 681 769 
645 714 1412 
646 760 794 1837 
647 665 675 682 740 773 
648 650 675 
649 686 
650 740 1353 1720 
651 760 
652 707 1260 
653 785 1057 1286 
654 759 1605 
655 781 1427 1504 1550 1659 
656 785 1037 
657 
658 782 1922 
659 709 778 1029 
660 753 1984 
661 1757 
662 671 1743 
663 
664 674 1368 1465 1751 
665 938 
666 671 1306 
667 893 
668 723 1264 1687 
669 1574 
670 776 959 1570 1615 
671 1854 
672 761 
673 
674 714 1790 
675 
676 1108 
677 1370 1441 
678 
679 
680 1927 
681 700 1046 
682 
683 1939 
684 756 1177 
685 
686 700 711 1309 
687 815 
688 743 
689 
690 762 
691 727 795 1500 
692 
693 742 1681 
694 703 1791 
695 1539 1542 
696 1331 
697 
698 
699 
700 
701 
702 740 755 
703 791 
704 867 
705 842 1364 
706 755 1172 
707 734 
708 724 906 
709 755 762 
710 1017 
711 735 
712 
713 752 925 940 1907 
714 
715 754 1816 
716 1197 1353 
717 1609 
718 
719 1475 
720 
721 
722 752 
723 765 
724 780 
725 
726 1625 
727 744 1905 
728 
729 
730 797 858 
731 1196 
732 1113 1257 1639 
733 774 
734 
735 791 
736 776 1766 
737 1974 
738 1467 1516 
739 770 1584 
740 1038 
741 752 1597 1694 
742 791 
743 
744 779 790 
745 1299 
746 991 
747 
748 937 
749 763 
750 
751 
752 
753 1868 
754 
755 1106 
756 1760 
757 1151 1390 
758 
759 
760 1074 
761 772 
762 
763 941 1927 
764 
765 820 
766 
767 797 1608 
768 775 
769 906 
770 784 1553 
771 1846 
772 
773 1901 
774 
775 
776 1787 
777 
778 
779 1414 1755 
780 795 
781 1244 1768 
782 
783 1527 
784 
785 
786 
787 1064 1816 
788 
789 1062 
790 
791 
792 1154 
793 
794 
795 1953 
796 1275 
797 984 
798 
799 1361 
800 821 1006 1105 1923 
801 914 1050 1100 1680 
802 1059 1754 
803 950 1000 1537 
804 1020 1102 1604 
805 907 1070 1141 1155 
806 1097 
807 943 1731 
808 851 915 1029 1081 1140 
809 877 1083 1107 1123 1569 
810 1129 1149 1186 
811 993 1127 
812 965 967 
813 874 932 1174 
814 829 846 
815 944 969 974 1565 1587 
816 836 852 1322 1779 
817 962 1162 
818 988 
819 1031 
820 982 
821 912 982 996 1078 
822 
823 1026 1145 
824 950 991 1114 1487 
825 869 1103 1121 1196 
826 955 1078 1137 1141 
827 975 988 1031 
828 988 1084 1212 1506 
829 900 1143 1486 1881 
830 890 924 996 
831 846 1052 1069 1150 
832 965 
833 948 1521 
834 1002 
835 1002 1010 1095 1473 1698 
836 951 1016 1181 1226 
837 1975 
838 954 978 1009 1139 
839 862 971 980 1063 1181 1566 
840 995 
841 1029 1403 
842 1089 1182 
843 940 
844 1105 1164 
845 965 1077 1196 1435 1951 
846 994 1073 
847 848 1131 1512 1627 
848 957 1022 1067 
849 1156 
850 947 1050 1175 1474 1898 
851 900 1012 1873 
852 865 1193 1282 
853 
854 1179 
855 942 1013 1370 1996 
856 925 1541 1750 
857 890 1098 
858 952 1181 
859 935 1079 1190 
860 
861 937 1185 
862 
863 976 1741 
864 924 
865 908 993 1044 1081 1108 1116 1188 1692 
866 869 1119 
867 967 1139 
868 909 935 1035 1111 1588 1641 
869 956 987 1129 1165 
870 905 1090 1132 1179 
871 1038 
872 884 992 1060 1082 1107 1186 
873 1104 1994 
874 975 1015 1028 1648 
875 906 941 1013 1101 1119 1374 
876 1064 
877 1194 
878 979 1185 
879 1092 1137 
880 1056 
881 1020 1078 1087 
882 969 1198 
883 1685 
884 
885 933 956 
886 922 983 
887 1031 
888 942 1022 
889 930 1024 1053 1927 
890 
891 1558 
892 942 
893 1034 
894 1011 1322 
895 
896 
897 1183 
898 
899 990 1185 
900 1142 
901 938 1899 
902 906 994 1037 1045 1085 
903 958 1000 1013 1129 
904 1009 1047 
905 
906 910 956 1094 
907 1059 1075 1183 
908 986 1018 1086 1116 1709 
909 
910 
911 1788 
912 990 1167 
913 1194 
914 
915 991 1111 1148 1149 
916 1174 1216 1726 
917 934 942 
918 1109 
919 1005 1189 
920 955 1156 
921 936 1146 1159 1167 1289 
922 925 1025 1056 1070 
923 1041 
924 994 
925 1011 1198 1341 
926 1026 1141 1940 
927 
928 1124 
929 1333 1961 
930 1042 1060 1444 1851 
931 996 1172 
932 937 1215 1804 
933 982 1036 1080 1498 
934 1152 
935 1153 
936 1072 1442 
937 1187 1195 
938 
939 966 
940 948 1066 1448 
941 1423 
942 1006 
943 1155 
944 970 1053 1879 
945 1023 1581 
946 1122 1126 
947 980 1143 1422 
948 1146 1193 
949 971 1998 
950 1048 1090 1124 
951 967 1061 1309 
952 1097 
953 1003 1037 
954 1367 1683 1823 
955 1662 1969 
956 963 1026 1038 1039 1516 
957 
958 1162 1987 
959 1026 1080 1163 1188 1202 
960 1074 1151 1271 
961 1532 
962 1744 1851 
963 1020 
964 974 
965 1096 
966 
967 1093 
968 1191 1745 
969 1013 1052 1192 
970 1598 
971 1125 
972 1022 1433 
973 1015 
974 1079 1091 1126 1149 1963 
975 1051 1161 1853 1954 
976 1172 
977 989 1176 
978 1098 
979 1090 
980 1112 1194 
981 1615 
982 1039 1053 1060 1084 1127 
983 997 1161 1725 
984 991 1095 
985 1091 
986 
987 1453 
988 
989 1322 
990 1041 
991 
992 
993 1076 
994 
995 1013 1126 
996 1025 1044 
997 1000 1101 
998 1300 1755 
999 1472 
1000 1077 1106 
1001 
1002 1047 1101 
1003 1521 
1004 1170 1402 
1005 1161 1186 
1006 1690 
1007 1062 1919 
1008 1159 1375 1687 
1009 1022 1414 
1010 1043 1648 
1011 1134 1217 
1012 1072 1076 1106 1199 
1013 
1014 1049 1103 
1015 1056 
1016 1095 
1017 1027 1033 1345 
1018 1186 
1019 1104 
1020 1105 1139 
1021 1095 1194 
1022 1144 1469 
1023 1082 1129 1461 
1024 1605 
1025 1151 
1026 1031 
1027 1107 1187 1362 
1028 1056 1115 1236 1362 
1029 1055 1135 
1030 1103 
1031 1122 
1032 1161 1669 1699 
1033 
1034 1375 
1035 1501 
1036 1148 
1037 1571 
1038 1314 1351 1808 1971 
1039 1121 
1040 1147 
1041 
1042 1876 
1043 1045 1198 
1044 1049 
1045 
1046 1094 1125 1496 
1047 
1048 1993 
1049 1977 
1050 1135 1182 1719 
1051 1182 
1052 1104 1141 
1053 1078 1123 1168 
1054 1959 
1055 1169 
1056 1190 1191 1720 
1057 1184 
1058 1283 1506 
1059 1593 1859 
1060 1087 1135 
1061 1080 
1062 1151 
1063 1096 1108 1118 1148 
1064 1188 1275 1401 
1065 1224 
1066 
1067 1078 
1068 1116 
1069 
1070 1196 
1071 1208 
1072 1452 
1073 1890 
1074 1112 1172 
1075 1296 
1076 1097 
1077 1108 1460 
1078 1186 
1079 1101 
1080 1100 
1081 1175 
1082 1123 1766 
1083 
1084 
1085 
1086 1159 1371 
1087 
1088 1117 1128 1177 1808 
1089 1264 
1090 
1091 1152 1796 
1092 
1093 
1094 
1095 1160 1186 1861 1906 
1096 1190 
1097 
1098 
1099 1107 1613 
1100 1112 1180 1502 1825 
1101 
1102 1130 1915 
1103 1107 1424 1459 1920 
1104 1178 
1105 1130 
1106 
1107 1119 
1108 1193 1254 1820 
1109 1193 1692 
1110 1139 
1111 
1112 1385 
1113 
1114 1193 1705 
1115 
1116 
1117 1170 
1118 
1119 1191 1556 
1120 
1121 
1122 1154 
1123 1127 
1124 
1125 1323 
1126 1746 
1127 1717 
1128 1992 
1129 1146 1827 
1130 
1131 
1132 1141 1202 
1133 1772 
1134 
1135 
1136 
1137 1806 
1138 
1139 
1140 1427 
1141 
1142 1864 
1143 1164 
1144 1602 1643 
1145 1278 
1146 1159 
1147 1150 1173 1184 
1148 
1149 
1150 
1151 
1152 
1153 
1154 
1155 
1156 
1157 
1158 
1159 1573 
1160 
1161 1194 1826 
1162 
1163 
1164 
1165 
1166 
1167 1880 
1168 
1169 
1170 1198 
1171 1184 1820 
1172 
1173 1191 
1174 
1175 1185 
1176 1184 
1177 
1178 1340 
1179 1193 1281 
1180 
1181 1419 
1182 1183 1363 
1183 1642 
1184 1917 
1185 1832 
1186 
1187 
1188 1645 
1189 1224 
1190 1560 
1191 1949 
1192 1433 
1193 1721 
1194 1938 
1195 
1196 
1197 1729 
1198 1553 
1199 1836 
1200 1451 
1201 1316 1371 
1202 1245 1373 1391 
1203 1324 1358 1439 1628 
1204 1235 1321 1813 
1205 1263 1271 1371 1372 1427 1481 1567 
1206 1345 1562 1578 
1207 1245 
1208 1216 1373 1440 
1209 1357 1460 1798 
1210 1392 1422 1494 1566 
1211 1493 1592 
1212 1313 1371 1443 1592 1593 
1213 1310 1982 
1214 1404 1427 1505 
1215 1241 1262 1416 1417 1537 
1216 
1217 1411 1424 
1218 1366 1565 
1219 1281 1329 1356 
1220 1333 
1221 1560 1593 
1222 1228 
1223 1351 
1224 1425 1479 1587 
1225 
1226 1323 1407 
1227 1303 1381 1434 1473 1593 
1228 1518 1826 
1229 1306 1383 1567 
1230 1357 1424 1573 
1231 1303 1590 
1232 1248 1266 1293 1349 1351 1435 1475 
1233 1459 
1234 1305 
1235 1543 
1236 1245 1534 1572 1592 
1237 1385 1928 
1238 1381 1389 1865 
1239 1527 
1240 1325 1567 
1241 1394 1405 1543 1807 1962 
1242 1366 1429 1787 1821 1961 1962 
1243 1591 
1244 1363 1841 1982 
1245 1386 1445 1467 
1246 1585 1653 1918 
1247 1345 1541 
1248 1252 1533 
1249 1382 1404 
1250 1428 1453 1820 
1251 1332 1433 
1252 1329 1614 1946 
1253 1535 1987 
1254 1274 1276 1350 1354 1383 1429 
1255 1377 1561 
1256 1305 1359 1403 
1257 1293 
1258 1371 1512 
1259 1766 
1260 1399 1495 1555 1769 
1261 1441 
1262 1289 1484 1514 
1263 1435 1706 
1264 1318 1409 1412 
1265 1281 1531 
1266 1402 1526 1527 1575 
1267 1341 1847 
1268 1427 1477 1501 1564 
1269 1332 
1270 1448 1567 
1271 
1272 
1273 1380 1454 1522 1562 1576 1817 
1274 1312 1831 
1275 1480 1552 
1276 1296 1449 1494 
1277 1348 1394 
1278 1456 1459 1491 1511 
1279 1294 1418 1578 
1280 
1281 1338 1420 1421 1556 
1282 1448 1544 
1283 1304 1364 
1284 1358 1489 1570 
1285 
1286 
1287 1378 1380 1436 1567 
1288 
1289 1320 1400 
1290 1459 1485 
1291 1431 
1292 1528 
1293 1365 1549 1578 
1294 1354 
1295 1359 1473 1726 1898 
1296 
1297 
1298 1382 
1299 
1300 1609 
1301 1407 
1302 1306 1336 1354 1518 1560 1804 
1303 1493 1600 1668 
1304 1587 
1305 1340 1946 
1306 1565 1693 
1307 1507 
1308 1346 1383 1897 1918 
1309 1318 1408 1545 
1310 1407 1416 1442 1468 1952 
1311 1565 
1312 1514 1550 
1313 1324 
1314 1399 1746 
1315 1444 1544 1695 
1316 
1317 
1318 1527 1827 1862 
1319 1320 1434 1460 1518 1978 
1320 1519 
1321 1564 
1322 1486 1596 
1323 1326 1551 
1324 1328 1480 
1325 1706 
1326 1759 
1327 
1328 1494 
1329 1370 
1330 1579 
1331 1360 1749 
1332 1434 1478 
1333 1575 
1334 1478 
1335 1472 
1336 1366 1568 
1337 1465 1497 1975 
1338 1409 1583 
1339 1344 
1340 1370 
1341 
1342 1420 
1343 1372 1453 1554 
1344 1536 
1345 1368 1516 1525 
1346 
1347 
1348 1390 1587 
1349 
1350 
1351 1480 1487 1488 1503 1528 
1352 1413 1583 
1353 1370 1427 1513 1535 
1354 1548 1584 1587 
1355 1400 1480 1906 
1356 1521 1947 
1357 1529 1651 
1358 1460 
1359 1746 
1360 
1361 1496 1585 
1362 
1363 1369 1444 
1364 1411 1476 1554 
1365 1454 1528 1542 
1366 1547 1934 
1367 1538 1546 
1368 1444 1523 1565 
1369 1593 
1370 
1371 
1372 
1373 1530 
1374 1476 
1375 1439 1544 
1376 1379 1560 
1377 1417 1524 
1378 
1379 1416 1434 
1380 1521 
1381 1594 
1382 1477 
1383 1489 
1384 1450 
1385 1494 1541 
1386 1434 1597 
1387 1537 1841 1994 
1388 1583 
1389 
1390 1531 
1391 1432 1482 1503 
1392 1434 
1393 1568 
1394 1412 1418 
1395 1437 1511 
1396 1579 
1397 1452 1485 1587 
1398 1545 
1399 1544 
1400 
1401 1529 
1402 
1403 
1404 1519 1566 1617 1999 
1405 1529 1569 1592 1742 
1406 1511 
1407 1484 1584 
1408 1470 
1409 1464 1504 1515 1519 1564 1838 
1410 1441 1491 1576 
1411 1413 
1412 
1413 1564 1582 
1414 1447 1545 1579 
1415 
1416 
1417 1562 
1418 
1419 
1420 1501 1505 1576 
1421 1554 
1422 1496 1534 
1423 
1424 
1425 
1426 1449 1507 
1427 1785 
1428 
1429 1491 1591 
1430 
1431 
1432 1487 1500 1557 
1433 1464 
1434 1446 1902 
1435 1483 1507 1518 
1436 
1437 
1438 
1439 1510 1556 1717 
1440 
1441 1508 
1442 1525 
1443 1486 
1444 
1445 1572 1589 
1446 1448 1591 
1447 1594 
1448 
1449 1538 
1450 1511 1537 
1451 
1452 1944 
1453 1456 
1454 1483 1528 
1455 1591 
1456 1517 
1457 
1458 1519 1578 
1459 1475 1492 
1460 1583 
1461 1539 1626 
1462 
1463 1502 1525 
1464 1533 
1465 
1466 1487 
1467 
1468 
1469 
1470 1995 
1471 
1472 1982 
1473 1542 1585 1597 
1474 1553 
1475 
1476 1796 
1477 1488 1646 
1478 1583 
1479 
1480 1533 1603 1982 
1481 1521 1542 1549 
1482 1521 1526 1535 1773 
1483 1875 
1484 1563 
1485 1760 
1486 
1487 1496 
1488 1536 1842 
1489 
1490 1689 
1491 1497 
1492 1496 1594 
1493 1513 1526 1582 
1494 1498 1541 
1495 
1496 1523 
1497 
1498 1509 1532 
1499 
1500 
1501 1541 
1502 
1503 1734 1764 
1504 
1505 
1506 1585 1978 
1507 
1508 
1509 1692 1732 
1510 1547 
1511 
1512 
1513 
1514 1579 
1515 1815 
1516 1931 
1517 
1518 
1519 
1520 1802 
1521 
1522 1530 
1523 1567 
1524 
1525 1932 
1526 
1527 
1528 1552 1557 
1529 1577 
1530 1578 1598 
1531 
1532 
1533 
1534 1545 1579 
1535 
1536 1597 
1537 
1538 1572 
1539 1658 
1540 
1541 
1542 1878 
1543 
1544 1886 
1545 1578 
1546 
1547 
1548 1910 
1549 
1550 
1551 1597 
1552 1566 
1553 
1554 
1555 
1556 
1557 
1558 1806 
1559 
1560 
1561 
1562 1594 
1563 
1564 1573 
1565 
1566 
1567 1584 
1568 
1569 
1570 1798 
1571 
1572 1585 1828 1864 
1573 
1574 
1575 
1576 
1577 1942 
1578 
1579 
1580 
1581 
1582 1593 1999 
1583 
1584 
1585 
1586 
1587 1588 
1588 1596 
1589 
1590 1772 
1591 
1592 
1593 
1594 
1595 1878 
1596 1711 
1597 
1598 
1599 
1600 1661 1762 1909 
1601 1758 
1602 1672 1934 
1603 1636 1998 
1604 
1605 
1606 1814 
1607 1644 1709 1765 1809 1870 
1608 1782 1884 1970 
1609 1650 1876 1971 
1610 
1611 1656 1674 1699 1990 
1612 1818 1898 
1613 1769 1783 
1614 1737 1869 1956 
1615 1631 1632 1935 1988 
1616 1645 1927 1969 1992 
1617 1890 
1618 
1619 1796 1832 1852 
1620 1771 1787 1823 
1621 1724 1890 1916 
1622 1714 1835 
1623 1730 1732 
1624 1868 
1625 
1626 1649 1821 
1627 1644 1720 1765 1943 
1628 1865 1969 
1629 
1630 1668 1670 1770 1916 1941 1989 
1631 1764 1857 
1632 1658 1804 1930 
1633 1918 1984 
1634 
1635 1713 1735 
1636 1666 
1637 1857 1860 1862 1892 
1638 1879 
1639 1826 1836 1923 1924 
1640 1642 1701 1864 1930 1969 1979 
1641 1671 1683 1728 1930 
1642 1654 1731 
1643 1760 
1644 1874 1977 
1645 1872 1936 
1646 1680 1758 1814 1895 1985 
1647 
1648 1934 1981 1998 
1649 1737 1780 1945 
1650 1833 1918 
1651 
1652 1746 1942 
1653 1862 1992 
1654 1831 
1655 1664 1878 
1656 1692 
1657 1662 1703 1724 1937 
1658 1987 
1659 1766 1942 
1660 1820 1996 
1661 1805 
1662 1934 1945 1973 
1663 1824 
1664 1697 1745 
1665 1841 
1666 1832 1909 
1667 1680 1727 1845 
1668 1999 
1669 
1670 1853 
1671 1831 1908 1923 
1672 1739 
1673 1712 1917 1997 
1674 1686 1712 1876 
1675 1942 
1676 1717 1926 
1677 1683 1980 
1678 1990 
1679 1982 
1680 1731 1790 
1681 1682 1688 1807 1999 
1682 1866 1887 1908 1963 1995 
1683 1932 
1684 1860 1926 
1685 1795 1882 1905 
1686 1797 1823 1859 1896 
1687 
1688 1758 
1689 
1690 1703 1873 
1691 1755 
1692 1798 1817 
1693 1967 1991 
1694 1779 
1695 1732 1800 
1696 1741 1760 1781 
1697 1715 
1698 1949 
1699 1753 1815 
1700 1701 1706 1796 
1701 1813 1996 
1702 1703 
1703 1803 1841 1940 
1704 
1705 1862 1889 
1706 1764 1819 1931 
1707 1792 1929 1970 
1708 1711 1996 
1709 1933 
1710 1800 1992 
1711 1729 1753 
1712 1910 1955 
1713 1752 1794 1836 1899 1916 1977 
1714 1826 1859 1900 
1715 1891 1960 
1716 
1717 
1718 1807 1816 
1719 1728 1814 
1720 1822 1825 1931 
1721 1810 1867 1919 
1722 1728 1968 
1723 1851 
1724 1993 
1725 1957 1982 
1726 1839 1934 1957 1996 
1727 1797 1888 1955 1972 1998 
1728 1832 1956 
1729 1887 1971 
1730 1774 1824 1881 1900 1969 
1731 
1732 
1733 
1734 1798 
1735 1885 
1736 1756 1834 1963 
1737 1778 
1738 1765 
1739 1870 1885 
1740 
1741 1944 
1742 
1743 1888 1894 
1744 1913 
1745 
1746 1827 1950 
1747 1972 
1748 
1749 1908 
1750 1754 1943 1967 
1751 
1752 1979 
1753 
1754 1764 1847 1974 
1755 1839 
1756 1879 1896 1911 
1757 
1758 1846 1887 
1759 1792 1794 1850 1990 
1760 1770 
1761 1877 1884 
1762 1927 
1763 1895 1931 1996 
1764 1899 
1765 1840 
1766 1893 
1767 1837 1902 1948 
1768 
1769 1966 1967 
1770 1860 1893 1920 1970 
1771 1943 
1772 
1773 1901 1933 1979 
1774 1824 
1775 
1776 1808 
1777 1940 
1778 1832 1920 
1779 1824 1976 
1780 1784 1851 1931 
1781 1830 1883 1906 1938 
1782 
1783 1857 1885 1899 1908 
1784 1797 1868 1877 1992 
1785 1857 
1786 1910 1947 
1787 1962 
1788 1791 1810 1821 1943 
1789 1850 1900 
1790 1889 1965 
1791 
1792 1888 
1793 1913 
1794 1938 
1795 1887 1897 
1796 1935 
1797 
1798 1802 
1799 1820 
1800 1829 1871 
1801 1831 1837 
1802 
1803 1813 1845 
1804 1981 
1805 
1806 1858 1930 
1807 
1808 1922 
1809 1866 1914 
1810 
1811 
1812 1939 1984 
1813 1946 
1814 1863 
1815 1831 1848 1895 
1816 1829 
1817 
1818 
1819 1835 
1820 1987 
1821 1911 1972 
1822 1908 
1823 
1824 1847 1893 
1825 1912 
1826 
1827 
1828 1867 1895 
1829 1872 1892 
1830 1970 
1831 1930 1962 
1832 
1833 
1834 
1835 1861 
1836 1919 1921 1941 1943 
1837 1932 1953 
1838 
1839 
1840 
1841 
1842 1897 
1843 1912 
1844 
1845 
1846 1887 1956 
1847 1911 
1848 
1849 1967 
1850 1922 1956 
1851 1854 1887 
1852 1955 
1853 
1854 1855 1942 
1855 1885 
1856 1870 
1857 1876 
1858 1885 
1859 
1860 1911 
1861 
1862 
1863 
1864 1882 
1865 
1866 1945 1964 
1867 1900 1953 
1868 1878 1964 
1869 
1870 
1871 
1872 
1873 1878 1895 
1874 1967 1994 
1875 1963 1998 
1876 
1877 1936 
1878 
1879 1986 
1880 
1881 1983 
1882 1911 
1883 
1884 1919 1934 1977 
1885 
1886 
1887 1960 
1888 
1889 1919 1961 1981 
1890 
1891 1937 
1892 
1893 
1894 1921 
1895 1988 
1896 
1897 
1898 1915 1935 
1899 
1900 1974 
1901 
1902 
1903 1928 
1904 1936 
1905 1975 1977 1989 
1906 1916 
1907 
1908 1998 
1909 
1910 1917 
1911 1970 
1912 
1913 1959 
1914 1942 
1915 
1916 1939 
1917 
1918 1975 
1919 1940 1964 
1920 
1921 1965 
1922 
1923 
1924 
1925 1953 
1926 
1927 
1928 1959 
1929 1990 
1930 1995 
1931 
1932 
1933 1985 
1934 
1935 1973 
1936 
1937 
1938 1950 
1939 
1940 1989 1991 1998 
1941 1958 1964 
1942 
1943 
1944 
1945 
1946 
1947 
1948 
1949 
1950 
1951 
1952 1957 
1953 
1954 
1955 
1956 1965 
1957 
1958 
1959 
1960 
1961 
1962 
1963 
1964 
1965 
1966 
1967 1973 
1968 
1969 
1970 
1971 
1972 
1973 
1974 
1975 
1976 
1977 1992 
1978 
1979 
1980 
1981 
1982 
1983 1991 
1984 
1985 1996 
1986 
1987 
1988 
1989 
1990 
1991 
1992 
1993 
1994 
1995 
1996 
1997 
1998 
1999 
[0, 0, 0, 0, 0, 0, 0, 0, 0, 0, 0, 0, 0, 0, 0, 0, 0, 0, 0, 0, 0, 0, 0, 0, 0, 0, 0, 0, 0, 0, 0, 0, 0, 0, 0, 0, 0, 0, 0, 0, 0, 0, 0, 0, 0, 0, 0, 0, 0, 0, 0, 0, 0, 0, 0, 0, 0, 0, 0, 0, 0, 0, 0, 0, 0, 0, 0, 0, 0, 0, 0, 0, 0, 0, 0, 0, 0, 0, 0, 0, 0, 0, 0, 0, 0, 0, 0, 0, 0, 0, 0, 0, 0, 0, 0, 0, 0, 0, 0, 0, 0, 0, 0, 0, 0, 0, 0, 0, 0, 0, 0, 0, 0, 0, 0, 0, 0, 0, 0, 0, 0, 0, 0, 0, 0, 0, 0, 0, 0, 0, 0, 0, 0, 0, 0, 0, 0, 0, 0, 0, 0, 0, 0, 0, 0, 0, 0, 0, 0, 0, 0, 0, 0, 0, 0, 0, 0, 0, 0, 0, 0, 0, 0, 0, 0, 0, 0, 0, 0, 0, 0, 0, 0, 0, 0, 0, 0, 0, 0, 0, 0, 0, 0, 0, 0, 0, 0, 0, 0, 0, 0, 0, 0, 0, 0, 0, 0, 0, 0, 0, 0, 0, 0, 0, 0, 0, 0, 0, 0, 0, 0, 0, 0, 0, 0, 0, 0, 0, 0, 0, 0, 0, 0, 0, 0, 0, 0, 0, 0, 0, 0, 0, 0, 0, 0, 0, 0, 0, 0, 0, 0, 0, 0, 0, 0, 0, 0, 0, 0, 0, 0, 0, 0, 0, 0, 0, 0, 0, 0, 0, 0, 0, 0, 0, 0, 0, 0, 0, 0, 0, 0, 0, 0, 0, 0, 0, 0, 0, 0, 0, 0, 0, 0, 0, 0, 0, 0, 0, 0, 0, 0, 0, 0, 0, 0, 0, 0, 0, 0, 0, 0, 0, 0, 0, 0, 0, 0, 0, 0, 0, 0, 0, 0, 0, 0, 0, 0, 0, 0, 0, 0, 0, 0, 0, 0, 0, 0, 0, 0, 0, 0, 0, 0, 0, 0, 0, 0, 0, 0, 0, 0, 0, 0, 0, 0, 0, 0, 0, 0, 0, 0, 0, 0, 0, 0, 0, 0, 0, 0, 0, 0, 0, 0, 0, 0, 0, 0, 0, 0, 0, 0, 0, 0, 0, 0, 0, 0, 0, 0, 0, 0, 0, 0, 0, 0, 0, 0, 0, 0, 0, 0, 0, 0, 0, 0, 0, 0, 0, 0, 0, 1, 1, 1, 1, 1, 1, 1, 1, 1, 1, 1, 1, 1, 1, 1, 1, 1, 1, 1, 1, 1, 1, 1, 1, 1, 1, 1, 1, 1, 1, 1, 1, 1, 1, 1, 1, 1, 1, 1, 1, 1, 1, 1, 1, 1, 1, 1, 1, 1, 1, 1, 1, 1, 1, 1, 1, 1, 1, 1, 1, 1, 1, 1, 1, 1, 1, 1, 1, 1, 1, 1, 1, 1, 1, 1, 1, 1, 1, 1, 1, 1, 1, 1, 1, 1, 1, 1, 1, 1, 1, 1, 1, 1, 1, 1, 1, 1, 1, 1, 1, 1, 1, 1, 1, 1, 1, 1, 1, 1, 1, 1, 1, 1, 1, 1, 1, 1, 1, 1, 1, 1, 1, 1, 1, 1, 1, 1, 1, 1, 1, 1, 1, 1, 1, 1, 1, 1, 1, 1, 1, 1, 1, 1, 1, 1, 1, 1, 1, 1, 1, 1, 1, 1, 1, 1, 1, 1, 1, 1, 1, 1, 1, 1, 1, 1, 1, 1, 1, 1, 1, 1, 1, 1, 1, 1, 1, 1, 1, 1, 1, 1, 1, 1, 1, 1, 1, 1, 1, 1, 1, 1, 1, 1, 1, 1, 1, 1, 1, 1, 1, 1, 1, 1, 1, 1, 1, 1, 1, 1, 1, 1, 1, 1, 1, 1, 1, 1, 1, 1, 1, 1, 1, 1, 1, 1, 1, 1, 1, 1, 1, 1, 1, 1, 1, 1, 1, 1, 1, 1, 1, 1, 1, 1, 1, 1, 1, 1, 1, 1, 1, 1, 1, 1, 1, 1, 1, 1, 1, 1, 1, 1, 1, 1, 1, 1, 1, 1, 1, 1, 1, 1, 1, 1, 1, 1, 1, 1, 1, 1, 1, 1, 1, 1, 1, 1, 1, 1, 1, 1, 1, 1, 1, 1, 1, 1, 1, 1, 1, 1, 1, 1, 1, 1, 1, 1, 1, 1, 1, 1, 1, 1, 1, 1, 1, 1, 1, 1, 1, 1, 1, 1, 1, 1, 1, 1, 1, 1, 1, 1, 1, 1, 1, 1, 1, 1, 1, 1, 1, 1, 1, 1, 1, 1, 1, 1, 1, 1, 1, 1, 1, 1, 1, 1, 1, 1, 1, 1, 1, 1, 1, 1, 1, 1, 1, 1, 1, 1, 1, 1, 1, 1, 1, 1, 1, 1, 1, 1, 1, 1, 1, 1, 1, 1, 1, 1, 1, 1, 1, 1, 1, 1, 1, 1, 1, 1, 1, 1, 1, 1, 1, 2, 2, 2, 2, 2, 2, 2, 2, 2, 2, 2, 2, 2, 2, 2, 2, 2, 2, 2, 2, 2, 2, 2, 2, 2, 2, 2, 2, 2, 2, 2, 2, 2, 2, 2, 2, 2, 2, 2, 2, 2, 2, 2, 2, 2, 2, 2, 2, 2, 2, 2, 2, 2, 2, 2, 2, 2, 2, 2, 2, 2, 2, 2, 2, 2, 2, 2, 2, 2, 2, 2, 2, 2, 2, 2, 2, 2, 2, 2, 2, 2, 2, 2, 2, 2, 2, 2, 2, 2, 2, 2, 2, 2, 2, 2, 2, 2, 2, 2, 2, 2, 2, 2, 2, 2, 2, 2, 2, 2, 2, 2, 2, 2, 2, 2, 2, 2, 2, 2, 2, 2, 2, 2, 2, 2, 2, 2, 2, 2, 2, 2, 2, 2, 2, 2, 2, 2, 2, 2, 2, 2, 2, 2, 2, 2, 2, 2, 2, 2, 2, 2, 2, 2, 2, 2, 2, 2, 2, 2, 2, 2, 2, 2, 2, 2, 2, 2, 2, 2, 2, 2, 2, 2, 2, 2, 2, 2, 2, 2, 2, 2, 2, 2, 2, 2, 2, 2, 2, 2, 2, 2, 2, 2, 2, 2, 2, 2, 2, 2, 2, 2, 2, 2, 2, 2, 2, 2, 2, 2, 2, 2, 2, 2, 2, 2, 2, 2, 2, 2, 2, 2, 2, 2, 2, 2, 2, 2, 2, 2, 2, 2, 2, 2, 2, 2, 2, 2, 2, 2, 2, 2, 2, 2, 2, 2, 2, 2, 2, 2, 2, 2, 2, 2, 2, 2, 2, 2, 2, 2, 2, 2, 2, 2, 2, 2, 2, 2, 2, 2, 2, 2, 2, 2, 2, 2, 2, 2, 2, 2, 2, 2, 2, 2, 2, 2, 2, 2, 2, 2, 2, 2, 2, 2, 2, 2, 2, 2, 2, 2, 2, 2, 2, 2, 2, 2, 2, 2, 2, 2, 2, 2, 2, 2, 2, 2, 2, 2, 2, 2, 2, 2, 2, 2, 2, 2, 2, 2, 2, 2, 2, 2, 2, 2, 2, 2, 2, 2, 2, 2, 2, 2, 2, 2, 2, 2, 2, 2, 2, 2, 2, 2, 2, 2, 2, 2, 2, 2, 2, 2, 2, 2, 2, 2, 2, 2, 2, 2, 2, 2, 2, 2, 2, 2, 2, 2, 2, 2, 2, 2, 2, 2, 2, 2, 2, 2, 2, 2, 2, 2, 2, 2, 2, 2, 2, 2, 2, 2, 2, 2, 2, 3, 3, 3, 3, 3, 3, 3, 3, 3, 3, 3, 3, 3, 3, 3, 3, 3, 3, 3, 3, 3, 3, 3, 3, 3, 3, 3, 3, 3, 3, 3, 3, 3, 3, 3, 3, 3, 3, 3, 3, 3, 3, 3, 3, 3, 3, 3, 3, 3, 3, 3, 3, 3, 3, 3, 3, 3, 3, 3, 3, 3, 3, 3, 3, 3, 3, 3, 3, 3, 3, 3, 3, 3, 3, 3, 3, 3, 3, 3, 3, 3, 3, 3, 3, 3, 3, 3, 3, 3, 3, 3, 3, 3, 3, 3, 3, 3, 3, 3, 3, 3, 3, 3, 3, 3, 3, 3, 3, 3, 3, 3, 3, 3, 3, 3, 3, 3, 3, 3, 3, 3, 3, 3, 3, 3, 3, 3, 3, 3, 3, 3, 3, 3, 3, 3, 3, 3, 3, 3, 3, 3, 3, 3, 3, 3, 3, 3, 3, 3, 3, 3, 3, 3, 3, 3, 3, 3, 3, 3, 3, 3, 3, 3, 3, 3, 3, 3, 3, 3, 3, 3, 3, 3, 3, 3, 3, 3, 3, 3, 3, 3, 3, 3, 3, 3, 3, 3, 3, 3, 3, 3, 3, 3, 3, 3, 3, 3, 3, 3, 3, 3, 3, 3, 3, 3, 3, 3, 3, 3, 3, 3, 3, 3, 3, 3, 3, 3, 3, 3, 3, 3, 3, 3, 3, 3, 3, 3, 3, 3, 3, 3, 3, 3, 3, 3, 3, 3, 3, 3, 3, 3, 3, 3, 3, 3, 3, 3, 3, 3, 3, 3, 3, 3, 3, 3, 3, 3, 3, 3, 3, 3, 3, 3, 3, 3, 3, 3, 3, 3, 3, 3, 3, 3, 3, 3, 3, 3, 3, 3, 3, 3, 3, 3, 3, 3, 3, 3, 3, 3, 3, 3, 3, 3, 3, 3, 3, 3, 3, 3, 3, 3, 3, 3, 3, 3, 3, 3, 3, 3, 3, 3, 3, 3, 3, 3, 3, 3, 3, 3, 3, 3, 3, 3, 3, 3, 3, 3, 3, 3, 3, 3, 3, 3, 3, 3, 3, 3, 3, 3, 3, 3, 3, 3, 3, 3, 3, 3, 3, 3, 3, 3, 3, 3, 3, 3, 3, 3, 3, 3, 3, 3, 3, 3, 3, 3, 3, 3, 3, 3, 3, 3, 3, 3, 3, 3, 3, 3, 3, 3, 3, 3, 3, 3, 3, 3, 3, 3, 3, 3, 3, 3, 3, 3, 3, 3, 3, 3, 3, 3, 3, 4, 4, 4, 4, 4, 4, 4, 4, 4, 4, 4, 4, 4, 4, 4, 4, 4, 4, 4, 4, 4, 4, 4, 4, 4, 4, 4, 4, 4, 4, 4, 4, 4, 4, 4, 4, 4, 4, 4, 4, 4, 4, 4, 4, 4, 4, 4, 4, 4, 4, 4, 4, 4, 4, 4, 4, 4, 4, 4, 4, 4, 4, 4, 4, 4, 4, 4, 4, 4, 4, 4, 4, 4, 4, 4, 4, 4, 4, 4, 4, 4, 4, 4, 4, 4, 4, 4, 4, 4, 4, 4, 4, 4, 4, 4, 4, 4, 4, 4, 4, 4, 4, 4, 4, 4, 4, 4, 4, 4, 4, 4, 4, 4, 4, 4, 4, 4, 4, 4, 4, 4, 4, 4, 4, 4, 4, 4, 4, 4, 4, 4, 4, 4, 4, 4, 4, 4, 4, 4, 4, 4, 4, 4, 4, 4, 4, 4, 4, 4, 4, 4, 4, 4, 4, 4, 4, 4, 4, 4, 4, 4, 4, 4, 4, 4, 4, 4, 4, 4, 4, 4, 4, 4, 4, 4, 4, 4, 4, 4, 4, 4, 4, 4, 4, 4, 4, 4, 4, 4, 4, 4, 4, 4, 4, 4, 4, 4, 4, 4, 4, 4, 4, 4, 4, 4, 4, 4, 4, 4, 4, 4, 4, 4, 4, 4, 4, 4, 4, 4, 4, 4, 4, 4, 4, 4, 4, 4, 4, 4, 4, 4, 4, 4, 4, 4, 4, 4, 4, 4, 4, 4, 4, 4, 4, 4, 4, 4, 4, 4, 4, 4, 4, 4, 4, 4, 4, 4, 4, 4, 4, 4, 4, 4, 4, 4, 4, 4, 4, 4, 4, 4, 4, 4, 4, 4, 4, 4, 4, 4, 4, 4, 4, 4, 4, 4, 4, 4, 4, 4, 4, 4, 4, 4, 4, 4, 4, 4, 4, 4, 4, 4, 4, 4, 4, 4, 4, 4, 4, 4, 4, 4, 4, 4, 4, 4, 4, 4, 4, 4, 4, 4, 4, 4, 4, 4, 4, 4, 4, 4, 4, 4, 4, 4, 4, 4, 4, 4, 4, 4, 4, 4, 4, 4, 4, 4, 4, 4, 4, 4, 4, 4, 4, 4, 4, 4, 4, 4, 4, 4, 4, 4, 4, 4, 4, 4, 4, 4, 4, 4, 4, 4, 4, 4, 4, 4, 4, 4, 4, 4, 4, 4, 4, 4, 4, 4, 4, 4, 4, 4, 4, 4, 4, 4, 4, 4, 4, 4, 4, 4, 4]