0 99 
1 1415 
2 
3 20 127 252 
4 295 932 1582 
5 
6 190 1094 
7 323 1000 1358 
8 312 1872 
9 
10 88 127 
11 276 665 1309 
12 44 1054 
13 87 123 
14 242 364 1544 
15 
16 116 240 697 792 1518 
17 189 1261 1681 1836 
18 171 304 359 872 
19 318 359 377 
20 883 
21 123 215 
22 122 
23 33 324 
24 33 
25 224 
26 330 1427 
27 146 320 649 
28 1203 
29 330 
30 162 394 1932 
31 355 413 
32 392 
33 1128 
34 694 1851 
35 122 
36 
37 367 1402 
38 228 255 271 
39 80 
40 150 284 
41 64 383 805 903 
42 112 212 236 
43 191 466 
44 781 1638 
45 146 349 365 
46 380 
47 211 
48 113 128 233 287 289 
49 243 266 502 735 
50 101 
51 221 273 
52 122 194 918 1153 
53 122 
54 65 
55 65 
56 93 173 297 353 1531 
57 1651 
58 219 389 1295 
59 205 573 
60 208 
61 245 297 
62 
63 154 1687 
64 256 
65 227 
66 
67 
68 493 512 1169 
69 343 971 
70 149 393 713 
71 
72 
73 174 177 926 
74 279 323 
75 88 217 324 
76 
77 326 
78 339 524 
79 270 
80 238 347 664 904 
81 183 
82 1078 
83 98 1144 
84 
85 199 
86 87 388 880 
87 152 181 
88 334 
89 101 270 
90 1793 
91 
92 328 
93 306 388 852 940 1515 
94 145 213 1973 
95 130 
96 298 1577 
97 164 180 358 431 1058 
98 393 1017 
99 123 
100 151 
101 
102 197 238 
103 250 620 
104 241 
105 386 
106 
107 221 
108 1116 
109 128 229 
110 
111 248 308 342 
112 
113 472 
114 227 368 
115 368 
116 
117 992 
118 232 
119 280 638 
120 610 1708 
121 152 
122 360 898 1906 
123 371 527 
124 
125 165 
126 298 1102 1136 
127 134 157 363 
128 1432 
129 1985 
130 172 554 1998 
131 736 
132 629 
133 210 
134 
135 316 647 
136 
137 338 513 
138 249 299 331 361 
139 
140 
141 234 
142 150 352 1453 
143 
144 420 1960 
145 
146 153 
147 
148 342 351 1909 
149 210 1850 
150 1949 
151 1003 
152 921 
153 193 1121 1976 
154 
155 
156 368 1276 
157 
158 
159 
160 166 492 1953 
161 237 
162 190 
163 317 
164 295 
165 192 
166 362 
167 387 
168 308 357 1078 
169 233 
170 
171 
172 251 
173 394 
174 
175 
176 1799 
177 1803 1975 
178 
179 870 1354 
180 1259 
181 
182 1898 
183 189 1034 
184 
185 
186 386 
187 
188 249 
189 
190 
191 
192 1995 
193 362 602 
194 
195 
196 215 243 
197 330 
198 
199 214 
200 
201 289 556 837 
202 
203 250 385 
204 560 1174 1643 
205 
206 
207 310 
208 335 
209 228 
210 
211 318 
212 
213 369 384 
214 
215 
216 320 1532 1767 
217 
218 353 370 
219 793 
220 323 
221 
222 295 302 
223 
224 
225 308 
226 270 
227 1356 
228 264 
229 392 
230 247 1315 
231 1396 
232 
233 
234 
235 379 1213 1924 
236 
237 355 
238 
239 304 395 771 
240 373 1955 
241 
242 
243 
244 
245 1689 
246 251 291 300 327 
247 
248 754 
249 
250 270 279 353 
251 588 
252 315 
253 
254 1471 
255 366 
256 1454 
257 
258 324 1355 
259 
260 314 
261 
262 310 881 1102 1701 
263 406 
264 320 1291 1445 
265 
266 305 
267 
268 
269 375 
270 333 754 
271 390 452 1724 
272 294 1440 
273 
274 
275 
276 1277 
277 1122 
278 354 1288 
279 
280 
281 
282 329 1654 
283 
284 
285 289 322 
286 
287 787 
288 
289 643 1162 1234 
290 298 596 1666 
291 
292 828 
293 
294 
295 345 
296 
297 
298 
299 
300 1361 
301 1670 
302 
303 
304 1350 
305 361 661 
306 
307 
308 998 1300 
309 
310 
311 851 
312 
313 324 1371 
314 
315 
316 810 
317 
318 
319 
320 
321 
322 
323 
324 385 1962 
325 338 
326 
327 688 
328 
329 
330 
331 1274 1341 
332 726 
333 
334 
335 
336 1051 
337 
338 
339 1255 1491 
340 1410 
341 
342 1931 
343 
344 357 
345 
346 
347 
348 1138 1354 
349 
350 
351 
352 1273 
353 
354 
355 1613 
356 
357 1871 
358 
359 1757 
360 
361 392 
362 389 
363 373 1800 
364 1609 
365 1095 
366 
367 390 1133 1719 
368 395 
369 
370 
371 
372 378 
373 1934 
374 616 
375 
376 
377 
378 
379 
380 1829 
381 
382 
383 
384 
385 
386 
387 
388 1363 
389 1074 
390 542 
391 
392 1202 1595 
393 
394 
395 
396 438 1653 
397 1937 
398 1466 
399 1699 
400 
401 
402 429 763 786 
403 506 512 696 
404 645 
405 732 753 
406 514 688 740 
407 1497 
408 425 435 583 713 
409 504 641 746 
410 510 
411 1676 
412 719 785 1918 
413 515 
414 789 
415 778 
416 
417 525 762 840 
418 590 1104 
419 441 648 
420 507 
421 423 589 
422 1441 
423 1788 
424 744 1270 
425 467 520 563 
426 604 668 1049 
427 450 725 1518 
428 683 1742 
429 1871 
430 471 565 586 629 1004 
431 536 1591 
432 896 
433 536 
434 617 630 1933 
435 
436 769 
437 876 
438 572 618 
439 646 
440 777 
441 
442 634 
443 625 1629 
444 1069 1581 
445 
446 1999 
447 554 584 671 754 
448 
449 518 647 650 669 1337 
450 476 659 884 1363 
451 639 
452 1329 1567 
453 1584 
454 682 719 747 1072 
455 728 
456 712 
457 1049 
458 635 
459 1497 
460 654 
461 
462 1015 
463 742 
464 679 1804 
465 
466 710 
467 473 546 
468 944 
469 1530 
470 
471 997 
472 596 606 644 
473 
474 
475 518 707 772 
476 
477 524 711 
478 1230 
479 968 1009 
480 
481 1135 
482 
483 494 579 608 
484 792 
485 731 
486 
487 541 892 
488 724 748 
489 695 
490 1038 1680 
491 530 
492 708 
493 705 749 
494 581 794 1049 
495 514 623 
496 
497 1350 
498 503 654 
499 510 740 
500 734 
501 764 
502 685 1380 
503 1122 1553 1889 
504 519 753 
505 533 
506 718 
507 522 
508 753 
509 799 1942 
510 1471 
511 1791 
512 
513 
514 
515 601 
516 
517 721 
518 1221 
519 
520 
521 649 737 1313 
522 1524 1732 
523 649 787 1788 
524 788 
525 613 625 1662 
526 
527 580 712 
528 
529 
530 800 
531 724 
532 929 
533 
534 
535 711 1226 
536 
537 552 769 
538 
539 
540 768 
541 928 
542 
543 652 1260 
544 645 961 
545 
546 
547 669 1038 
548 1685 
549 634 
550 551 
551 598 
552 
553 772 
554 
555 
556 
557 674 825 1001 
558 631 
559 581 
560 1326 
561 767 
562 
563 772 1382 
564 
565 636 
566 
567 
568 
569 
570 588 
571 
572 613 782 
573 
574 
575 1686 
576 583 622 1588 
577 583 
578 761 1738 
579 589 652 776 
580 581 
581 762 
582 
583 766 1631 
584 
585 664 679 
586 
587 
588 
589 
590 1298 
591 603 706 1287 
592 910 1078 
593 656 733 
594 774 
595 
596 
597 
598 673 
599 630 1734 
600 646 699 706 884 1316 
601 1266 
602 690 1995 
603 664 767 
604 
605 
606 717 
607 1542 
608 
609 
610 1786 1882 
611 
612 
613 
614 669 
615 1273 
616 
617 
618 790 
619 
620 665 
621 766 1864 
622 699 
623 715 
624 
625 
626 701 1061 1973 
627 709 
628 
629 677 680 831 
630 758 1631 
631 662 680 731 1645 
632 
633 
634 
635 
636 1206 
637 
638 
639 
640 1632 
641 1869 
642 
643 1787 
644 693 714 
645 
646 666 
647 676 1789 
648 
649 798 
650 1824 
651 1958 
652 1762 1992 
653 714 
654 
655 702 863 
656 792 
657 707 721 805 1138 
658 681 757 
659 
660 
661 864 
662 
663 
664 1257 
665 1143 1440 
666 768 
667 757 
668 691 
669 
670 1578 
671 
672 774 832 
673 
674 
675 
676 685 1711 
677 718 
678 
679 682 1149 
680 774 1518 
681 736 1225 
682 745 772 
683 
684 
685 724 
686 688 708 757 
687 697 
688 
689 
690 
691 
692 
693 1987 
694 
695 1596 
696 
697 766 
698 799 1357 
699 
700 
701 
702 
703 
704 894 1454 
705 1293 
706 998 
707 
708 784 
709 
710 
711 1843 
712 
713 928 
714 
715 
716 876 
717 816 
718 856 
719 
720 1997 
721 
722 
723 
724 1440 1784 
725 
726 
727 
728 756 1771 
729 
730 
731 797 
732 
733 743 
734 
735 
736 1047 
737 1928 
738 
739 1044 
740 
741 
742 
743 
744 
745 
746 757 
747 
748 
749 
750 767 775 
751 1427 
752 
753 
754 
755 
756 1335 
757 
758 1416 
759 
760 
761 1902 
762 
763 
764 1267 
765 
766 
767 
768 
769 
770 
771 
772 
773 
774 1571 
775 
776 
777 1880 
778 
779 
780 
781 
782 
783 
784 
785 1755 
786 
787 1172 
788 
789 
790 1975 
791 798 
792 
793 
794 
795 
796 
797 
798 1799 
799 
800 830 885 1016 1432 
801 808 969 1199 1417 
802 976 1304 
803 1137 
804 1044 1076 1178 
805 
806 1182 1361 
807 
808 
809 835 1102 1748 1895 
810 1113 
811 1057 1099 1645 
812 1145 
813 1064 1175 
814 980 1067 1078 1086 1173 
815 1155 
816 869 931 
817 1150 1182 1678 
818 889 1045 1186 
819 831 1190 
820 1097 1242 
821 871 1793 
822 
823 944 
824 941 1109 
825 853 856 1038 1083 
826 886 1076 
827 1879 
828 1025 
829 981 
830 1067 
831 893 1011 1143 1196 
832 882 890 
833 876 980 1029 1072 1101 
834 837 
835 1068 
836 932 
837 989 1003 1123 
838 856 
839 1716 
840 849 1080 
841 935 1381 1681 
842 1707 
843 1185 1319 
844 920 948 
845 
846 939 1056 1514 
847 857 1055 
848 1007 
849 1041 1604 
850 874 
851 944 1027 1068 1085 1823 
852 
853 
854 977 
855 
856 
857 929 
858 1076 1468 
859 976 1454 
860 1101 
861 
862 891 1068 1131 1907 
863 1746 
864 
865 1047 
866 944 
867 1056 
868 
869 
870 
871 1042 1514 
872 882 1034 
873 1140 1145 
874 
875 1048 
876 
877 970 987 1092 1183 
878 
879 914 1639 
880 
881 942 
882 996 
883 1068 1076 1168 
884 
885 1033 
886 1147 1264 
887 
888 1035 1195 
889 1634 
890 1974 
891 1057 
892 
893 1033 
894 
895 1874 
896 
897 1085 1163 
898 1167 1198 
899 1042 
900 1067 
901 
902 
903 1670 
904 
905 1176 
906 1057 
907 1491 
908 
909 
910 959 
911 1141 
912 962 983 1095 
913 
914 1096 
915 
916 1121 1567 
917 1864 
918 
919 
920 
921 1156 1157 1861 
922 1018 1556 
923 
924 1148 
925 1176 1392 
926 961 
927 1036 
928 
929 1181 
930 
931 1153 
932 
933 
934 1121 
935 939 1061 
936 948 1030 1187 
937 970 1303 
938 
939 1531 
940 1027 1160 1272 1940 
941 
942 
943 
944 1194 
945 1024 
946 959 
947 1041 
948 
949 
950 1748 
951 1161 
952 
953 
954 
955 1161 
956 1056 
957 1018 
958 
959 1712 
960 
961 
962 1128 1375 
963 
964 1102 1116 
965 
966 1002 
967 1628 
968 
969 1006 1073 
970 1138 
971 1121 
972 
973 1012 
974 
975 1034 
976 1728 
977 
978 1016 1121 1215 
979 1009 1037 
980 
981 
982 1017 1156 
983 1076 1168 1192 
984 1047 
985 1914 
986 
987 1069 1282 
988 
989 1260 
990 1118 1137 
991 1022 
992 
993 1016 1125 
994 
995 
996 1122 
997 1029 1112 
998 1042 1058 1160 1545 1858 
999 
1000 1168 
1001 1129 
1002 1528 
1003 
1004 
1005 1157 
1006 
1007 
1008 1116 
1009 1159 
1010 1137 1142 
1011 
1012 
1013 
1014 1404 1413 1991 
1015 1073 1076 
1016 1019 1866 
1017 1102 
1018 1081 
1019 
1020 
1021 1054 1080 1101 1141 1186 
1022 1479 1692 
1023 
1024 1142 1637 
1025 
1026 1099 
1027 1171 
1028 
1029 
1030 1616 
1031 
1032 1135 
1033 1043 1569 
1034 1093 
1035 1072 1081 1199 
1036 1516 
1037 
1038 
1039 
1040 
1041 1102 1157 1897 
1042 1106 
1043 
1044 
1045 
1046 1141 1187 
1047 
1048 1194 
1049 1123 
1050 1158 
1051 
1052 
1053 1120 
1054 
1055 
1056 1122 
1057 
1058 1170 
1059 1197 1623 
1060 1686 
1061 1601 
1062 
1063 1193 
1064 
1065 
1066 1294 1408 
1067 1297 
1068 1490 
1069 1381 
1070 
1071 
1072 
1073 
1074 
1075 1857 
1076 
1077 
1078 
1079 
1080 
1081 
1082 
1083 
1084 
1085 
1086 1117 1137 
1087 1508 
1088 
1089 
1090 
1091 
1092 1477 
1093 
1094 
1095 
1096 1315 
1097 
1098 1150 1189 
1099 1101 1172 
1100 
1101 
1102 1226 
1103 
1104 1181 
1105 
1106 
1107 1116 
1108 
1109 1283 
1110 1342 
1111 
1112 1138 
1113 
1114 
1115 
1116 
1117 
1118 
1119 
1120 1134 1199 
1121 
1122 1826 
1123 
1124 1164 
1125 
1126 
1127 1199 
1128 1206 1608 1848 
1129 
1130 1409 
1131 
1132 1262 
1133 
1134 1660 
1135 1317 
1136 
1137 1726 
1138 
1139 1140 
1140 
1141 
1142 
1143 1661 
1144 
1145 
1146 
1147 
1148 
1149 1730 
1150 
1151 
1152 1652 
1153 
1154 
1155 
1156 
1157 
1158 
1159 1162 1658 
1160 1814 
1161 
1162 
1163 
1164 
1165 
1166 
1167 
1168 
1169 
1170 
1171 1186 
1172 
1173 1179 
1174 
1175 
1176 
1177 
1178 
1179 1285 
1180 
1181 1737 
1182 
1183 1562 1591 
1184 
1185 
1186 
1187 
1188 
1189 
1190 
1191 
1192 
1193 
1194 
1195 
1196 
1197 
1198 
1199 
1200 1280 
1201 1301 1367 
1202 1557 
1203 1339 1531 1807 
1204 1280 
1205 1292 1590 1596 
1206 1261 1270 
1207 
1208 
1209 
1210 1260 
1211 1523 
1212 1514 1906 
1213 1528 
1214 
1215 
1216 
1217 
1218 
1219 
1220 
1221 
1222 1552 
1223 
1224 1440 1596 
1225 1337 
1226 1382 
1227 1320 
1228 1426 
1229 1372 1552 
1230 1249 1592 1637 
1231 1485 1565 
1232 
1233 1632 
1234 
1235 1294 1329 1987 
1236 1259 1285 1320 1486 
1237 1484 
1238 1560 
1239 1514 1573 
1240 1410 1521 
1241 1430 1567 
1242 1392 1470 1584 
1243 1284 1458 
1244 1325 1373 
1245 1274 1317 1444 1595 
1246 1425 
1247 
1248 
1249 1535 
1250 
1251 
1252 
1253 1257 1569 
1254 1350 
1255 
1256 1432 1562 
1257 1508 
1258 
1259 1328 
1260 1337 1487 1742 
1261 
1262 1414 1482 1579 
1263 
1264 1395 
1265 1595 
1266 1329 
1267 1315 
1268 
1269 1465 1869 
1270 1286 1368 
1271 1525 1536 
1272 1596 1752 
1273 1491 1509 
1274 
1275 1677 
1276 1308 
1277 1413 1998 
1278 1439 
1279 1305 
1280 1433 1568 
1281 
1282 
1283 
1284 
1285 
1286 1457 1937 
1287 
1288 1295 
1289 1443 
1290 1579 
1291 
1292 1556 
1293 1504 
1294 1342 
1295 
1296 
1297 
1298 
1299 
1300 1434 1490 1523 
1301 1422 1596 
1302 1535 
1303 1562 
1304 
1305 1585 
1306 1514 1581 
1307 1357 1562 
1308 1532 
1309 1582 1831 
1310 1394 1408 
1311 
1312 
1313 
1314 
1315 
1316 
1317 
1318 1381 
1319 
1320 1352 1595 
1321 
1322 1843 
1323 1551 1632 
1324 1582 
1325 
1326 1413 
1327 1361 
1328 
1329 
1330 1394 1479 1567 1966 
1331 1430 1842 
1332 1581 1973 
1333 1463 
1334 1912 
1335 
1336 1409 1494 
1337 
1338 
1339 1483 1531 
1340 1510 1931 
1341 1617 
1342 
1343 
1344 
1345 
1346 1825 
1347 1547 
1348 
1349 
1350 
1351 1497 
1352 
1353 
1354 
1355 
1356 1598 
1357 1525 
1358 
1359 
1360 
1361 1537 1575 1928 
1362 
1363 1397 1484 
1364 1506 
1365 
1366 1425 
1367 1460 
1368 
1369 
1370 1458 1885 
1371 1453 
1372 
1373 1597 
1374 1496 1522 1838 
1375 1738 
1376 1526 
1377 1394 
1378 1814 
1379 
1380 1388 1403 1515 
1381 1437 1442 
1382 1562 
1383 1493 
1384 1504 
1385 1530 
1386 1514 1572 
1387 
1388 1390 1407 1586 
1389 
1390 
1391 1453 
1392 1481 
1393 1426 1485 
1394 
1395 1480 1581 
1396 1438 
1397 1490 1538 
1398 1631 
1399 
1400 
1401 1471 
1402 
1403 
1404 1445 
1405 
1406 1446 
1407 
1408 
1409 1566 
1410 1485 
1411 
1412 1523 
1413 1532 1613 
1414 
1415 
1416 1497 
1417 1479 
1418 
1419 
1420 1437 
1421 
1422 
1423 1516 
1424 1556 1615 
1425 1540 1683 
1426 
1427 
1428 1470 
1429 1479 
1430 1531 
1431 1557 
1432 1569 
1433 
1434 1516 
1435 
1436 
1437 
1438 
1439 1482 
1440 1526 
1441 1545 
1442 1589 
1443 
1444 
1445 1873 
1446 1451 1579 
1447 1601 
1448 1533 
1449 
1450 
1451 1606 
1452 1459 
1453 1850 
1454 1543 
1455 
1456 1569 
1457 
1458 1473 
1459 
1460 1469 1579 
1461 
1462 
1463 1476 1670 
1464 
1465 1553 
1466 
1467 
1468 1581 
1469 
1470 
1471 
1472 
1473 1503 
1474 1509 
1475 
1476 
1477 
1478 
1479 1528 
1480 
1481 
1482 
1483 
1484 
1485 
1486 1546 
1487 
1488 1547 
1489 1546 1578 
1490 
1491 1523 
1492 
1493 
1494 
1495 
1496 1515 
1497 
1498 1562 
1499 1855 
1500 
1501 
1502 
1503 
1504 
1505 
1506 1522 
1507 1581 
1508 
1509 
1510 
1511 
1512 1857 
1513 
1514 1597 
1515 
1516 
1517 
1518 
1519 
1520 
1521 
1522 
1523 
1524 
1525 
1526 1529 
1527 
1528 1991 
1529 1948 
1530 
1531 1561 
1532 
1533 
1534 1590 1749 
1535 
1536 
1537 
1538 
1539 
1540 
1541 1807 
1542 1570 
1543 
1544 1671 
1545 
1546 
1547 
1548 
1549 1588 
1550 
1551 
1552 1573 
1553 
1554 
1555 
1556 
1557 
1558 
1559 
1560 
1561 
1562 
1563 
1564 1565 
1565 
1566 
1567 
1568 1739 
1569 1594 
1570 1853 
1571 
1572 
1573 
1574 
1575 1944 
1576 
1577 
1578 1739 
1579 
1580 
1581 
1582 
1583 
1584 
1585 
1586 
1587 
1588 
1589 
1590 
1591 
1592 
1593 
1594 1871 
1595 
1596 
1597 
1598 
1599 1954 
1600 
1601 
1602 1786 1860 1921 
1603 1834 
1604 1696 1847 1855 1959 
1605 
1606 
1607 
1608 1726 
1609 1777 1911 
1610 
1611 1696 
1612 
1613 
1614 1819 
1615 
1616 1831 1913 
1617 1843 
1618 
1619 1623 
1620 1821 
1621 
1622 1649 1685 1721 1821 1834 1904 
1623 1733 
1624 
1625 
1626 1840 
1627 1741 1874 1953 
1628 
1629 1711 1923 
1630 
1631 1699 
1632 1653 1676 1681 1796 
1633 1966 
1634 1759 1999 
1635 1687 
1636 
1637 1639 
1638 
1639 1842 
1640 1816 1836 1936 
1641 1855 1986 
1642 
1643 
1644 
1645 
1646 
1647 1671 1745 1845 1891 1965 
1648 1876 
1649 1773 
1650 1768 1820 1896 1949 1961 
1651 1873 
1652 1754 1794 1888 
1653 
1654 
1655 1921 1944 
1656 
1657 
1658 
1659 
1660 1721 
1661 1966 
1662 1942 
1663 1746 1989 
1664 
1665 
1666 
1667 1820 1859 
1668 
1669 1860 
1670 1956 
1671 1727 1743 1747 
1672 1814 
1673 
1674 1711 1800 
1675 1809 
1676 
1677 1922 
1678 
1679 1951 
1680 
1681 1800 
1682 1810 
1683 
1684 1685 1720 1727 
1685 1713 
1686 
1687 1812 
1688 1756 1824 
1689 1816 
1690 1879 1915 
1691 1896 
1692 
1693 1878 
1694 1851 
1695 
1696 1738 
1697 
1698 
1699 1726 
1700 1731 
1701 1806 1969 
1702 1934 
1703 
1704 1751 
1705 1863 1884 
1706 1965 
1707 1941 
1708 1846 
1709 
1710 1970 
1711 1921 
1712 
1713 
1714 1975 1983 
1715 
1716 1741 1771 
1717 1803 
1718 1731 1748 1908 
1719 1734 
1720 1967 
1721 
1722 1907 
1723 1926 
1724 
1725 
1726 
1727 
1728 
1729 1732 1787 1791 1997 
1730 
1731 1901 
1732 
1733 
1734 
1735 1858 
1736 1743 
1737 1869 
1738 1988 
1739 
1740 1779 1853 1897 
1741 
1742 1805 
1743 1903 
1744 1836 1918 
1745 
1746 1939 
1747 
1748 
1749 1779 
1750 1762 1875 1900 
1751 1827 
1752 
1753 1807 
1754 1877 
1755 
1756 
1757 1991 
1758 1997 
1759 
1760 1795 1820 1967 
1761 1936 
1762 
1763 1913 
1764 
1765 
1766 
1767 1875 
1768 
1769 
1770 1834 
1771 
1772 1962 
1773 1812 
1774 1857 
1775 1854 1952 
1776 1861 
1777 
1778 
1779 
1780 
1781 
1782 1917 
1783 1935 
1784 1807 1902 
1785 
1786 
1787 
1788 
1789 
1790 1809 1911 1913 
1791 
1792 1843 
1793 
1794 1937 1961 
1795 
1796 1957 
1797 
1798 
1799 1824 
1800 
1801 
1802 
1803 1889 1890 
1804 1971 
1805 
1806 1814 
1807 
1808 1900 
1809 1902 
1810 
1811 
1812 
1813 
1814 1828 
1815 
1816 
1817 
1818 
1819 
1820 
1821 1979 
1822 
1823 
1824 
1825 
1826 
1827 
1828 
1829 1866 
1830 
1831 
1832 
1833 
1834 
1835 
1836 
1837 
1838 
1839 1916 
1840 1914 1928 
1841 
1842 1915 
1843 
1844 1867 
1845 
1846 1921 
1847 
1848 
1849 
1850 1855 
1851 
1852 
1853 1946 1978 
1854 
1855 
1856 1957 
1857 
1858 1937 
1859 1995 
1860 1874 
1861 1953 
1862 
1863 
1864 
1865 1891 1920 
1866 
1867 
1868 
1869 
1870 1898 1925 1978 
1871 
1872 
1873 1952 
1874 
1875 
1876 
1877 
1878 1892 1937 
1879 
1880 
1881 
1882 
1883 1944 
1884 
1885 
1886 
1887 
1888 
1889 
1890 
1891 1936 
1892 
1893 
1894 
1895 1897 1983 
1896 
1897 
1898 
1899 
1900 
1901 1939 
1902 
1903 
1904 
1905 1988 
1906 
1907 
1908 
1909 1963 
1910 
1911 1998 
1912 1944 
1913 
1914 
1915 
1916 1952 
1917 
1918 
1919 
1920 
1921 
1922 
1923 1979 
1924 
1925 
1926 
1927 
1928 
1929 1934 
1930 
1931 
1932 
1933 
1934 
1935 1999 
1936 
1937 1960 
1938 
1939 
1940 
1941 1982 
1942 1973 
1943 
1944 
1945 
1946 
1947 
1948 1966 
1949 
1950 
1951 
1952 1974 
1953 
1954 
1955 1967 
1956 
1957 
1958 
1959 
1960 
1961 
1962 
1963 
1964 
1965 
1966 
1967 
1968 
1969 
1970 
1971 
1972 
1973 
1974 
1975 
1976 
1977 
1978 
1979 
1980 
1981 
1982 
1983 
1984 
1985 
1986 
1987 
1988 
1989 
1990 
1991 
1992 
1993 
1994 
1995 
1996 
1997 
1998 
1999 
[0, 0, 0, 0, 0, 0, 0, 0, 0, 0, 0, 0, 0, 0, 0, 0, 0, 0, 0, 0, 0, 0, 0, 0, 0, 0, 0, 0, 0, 0, 0, 0, 0, 0, 0, 0, 0, 0, 0, 0, 0, 0, 0, 0, 0, 0, 0, 0, 0, 0, 0, 0, 0, 0, 0, 0, 0, 0, 0, 0, 0, 0, 0, 0, 0, 0, 0, 0, 0, 0, 0, 0, 0, 0, 0, 0, 0, 0, 0, 0, 0, 0, 0, 0, 0, 0, 0, 0, 0, 0, 0, 0, 0, 0, 0, 0, 0, 0, 0, 0, 0, 0, 0, 0, 0, 0, 0, 0, 0, 0, 0, 0, 0, 0, 0, 0, 0, 0, 0, 0, 0, 0, 0, 0, 0, 0, 0, 0, 0, 0, 0, 0, 0, 0, 0, 0, 0, 0, 0, 0, 0, 0, 0, 0, 0, 0, 0, 0, 0, 0, 0, 0, 0, 0, 0, 0, 0, 0, 0, 0, 0, 0, 0, 0, 0, 0, 0, 0, 0, 0, 0, 0, 0, 0, 0, 0, 0, 0, 0, 0, 0, 0, 0, 0, 0, 0, 0, 0, 0, 0, 0, 0, 0, 0, 0, 0, 0, 0, 0, 0, 0, 0, 0, 0, 0, 0, 0, 0, 0, 0, 0, 0, 0, 0, 0, 0, 0, 0, 0, 0, 0, 0, 0, 0, 0, 0, 0, 0, 0, 0, 0, 0, 0, 0, 0, 0, 0, 0, 0, 0, 0, 0, 0, 0, 0, 0, 0, 0, 0, 0, 0, 0, 0, 0, 0, 0, 0, 0, 0, 0, 0, 0, 0, 0, 0, 0, 0, 0, 0, 0, 0, 0, 0, 0, 0, 0, 0, 0, 0, 0, 0, 0, 0, 0, 0, 0, 0, 0, 0, 0, 0, 0, 0, 0, 0, 0, 0, 0, 0, 0, 0, 0, 0, 0, 0, 0, 0, 0, 0, 0, 0, 0, 0, 0, 0, 0, 0, 0, 0, 0, 0, 0, 0, 0, 0, 0, 0, 0, 0, 0, 0, 0, 0, 0, 0, 0, 0, 0, 0, 0, 0, 0, 0, 0, 0, 0, 0, 0, 0, 0, 0, 0, 0, 0, 0, 0, 0, 0, 0, 0, 0, 0, 0, 0, 0, 0, 0, 0, 0, 0, 0, 0, 0, 0, 0, 0, 0, 0, 0, 0, 0, 0, 0, 0, 0, 0, 0, 0, 0, 0, 0, 0, 0, 0, 0, 0, 0, 0, 0, 0, 1, 1, 1, 1, 1, 1, 1, 1, 1, 1, 1, 1, 1, 1, 1, 1, 1, 1, 1, 1, 1, 1, 1, 1, 1, 1, 1, 1, 1, 1, 1, 1, 1, 1, 1, 1, 1, 1, 1, 1, 1, 1, 1, 1, 1, 1, 1, 1, 1, 1, 1, 1, 1, 1, 1, 1, 1, 1, 1, 1, 1, 1, 1, 1, 1, 1, 1, 1, 1, 1, 1, 1, 1, 1, 1, 1, 1, 1, 1, 1, 1, 1, 1, 1, 1, 1, 1, 1, 1, 1, 1, 1, 1, 1, 1, 1, 1, 1, 1, 1, 1, 1, 1, 1, 1, 1, 1, 1, 1, 1, 1, 1, 1, 1, 1, 1, 1, 1, 1, 1, 1, 1, 1, 1, 1, 1, 1, 1, 1, 1, 1, 1, 1, 1, 1, 1, 1, 1, 1, 1, 1, 1, 1, 1, 1, 1, 1, 1, 1, 1, 1, 1, 1, 1, 1, 1, 1, 1, 1, 1, 1, 1, 1, 1, 1, 1, 1, 1, 1, 1, 1, 1, 1, 1, 1, 1, 1, 1, 1, 1, 1, 1, 1, 1, 1, 1, 1, 1, 1, 1, 1, 1, 1, 1, 1, 1, 1, 1, 1, 1, 1, 1, 1, 1, 1, 1, 1, 1, 1, 1, 1, 1, 1, 1, 1, 1, 1, 1, 1, 1, 1, 1, 1, 1, 1, 1, 1, 1, 1, 1, 1, 1, 1, 1, 1, 1, 1, 1, 1, 1, 1, 1, 1, 1, 1, 1, 1, 1, 1, 1, 1, 1, 1, 1, 1, 1, 1, 1, 1, 1, 1, 1, 1, 1, 1, 1, 1, 1, 1, 1, 1, 1, 1, 1, 1, 1, 1, 1, 1, 1, 1, 1, 1, 1, 1, 1, 1, 1, 1, 1, 1, 1, 1, 1, 1, 1, 1, 1, 1, 1, 1, 1, 1, 1, 1, 1, 1, 1, 1, 1, 1, 1, 1, 1, 1, 1, 1, 1, 1, 1, 1, 1, 1, 1, 1, 1, 1, 1, 1, 1, 1, 1, 1, 1, 1, 1, 1, 1, 1, 1, 1, 1, 1, 1, 1, 1, 1, 1, 1, 1, 1, 1, 1, 1, 1, 1, 1, 1, 1, 1, 1, 1, 1, 1, 1, 1, 1, 1, 1, 1, 1, 1, 1, 1, 1, 1, 1, 1, 1, 1, 1, 1, 1, 1, 1, 1, 1, 1, 1, 1, 1, 1, 1, 1, 1, 1, 1, 1, 1, 1, 2, 2, 2, 2, 2, 2, 2, 2, 2, 2, 2, 2, 2, 2, 2, 2, 2, 2, 2, 2, 2, 2, 2, 2, 2, 2, 2, 2, 2, 2, 2, 2, 2, 2, 2, 2, 2, 2, 2, 2, 2, 2, 2, 2, 2, 2, 2, 2, 2, 2, 2, 2, 2, 2, 2, 2, 2, 2, 2, 2, 2, 2, 2, 2, 2, 2, 2, 2, 2, 2, 2, 2, 2, 2, 2, 2, 2, 2, 2, 2, 2, 2, 2, 2, 2, 2, 2, 2, 2, 2, 2, 2, 2, 2, 2, 2, 2, 2, 2, 2, 2, 2, 2, 2, 2, 2, 2, 2, 2, 2, 2, 2, 2, 2, 2, 2, 2, 2, 2, 2, 2, 2, 2, 2, 2, 2, 2, 2, 2, 2, 2, 2, 2, 2, 2, 2, 2, 2, 2, 2, 2, 2, 2, 2, 2, 2, 2, 2, 2, 2, 2, 2, 2, 2, 2, 2, 2, 2, 2, 2, 2, 2, 2, 2, 2, 2, 2, 2, 2, 2, 2, 2, 2, 2, 2, 2, 2, 2, 2, 2, 2, 2, 2, 2, 2, 2, 2, 2, 2, 2, 2, 2, 2, 2, 2, 2, 2, 2, 2, 2, 2, 2, 2, 2, 2, 2, 2, 2, 2, 2, 2, 2, 2, 2, 2, 2, 2, 2, 2, 2, 2, 2, 2, 2, 2, 2, 2, 2, 2, 2, 2, 2, 2, 2, 2, 2, 2, 2, 2, 2, 2, 2, 2, 2, 2, 2, 2, 2, 2, 2, 2, 2, 2, 2, 2, 2, 2, 2, 2, 2, 2, 2, 2, 2, 2, 2, 2, 2, 2, 2, 2, 2, 2, 2, 2, 2, 2, 2, 2, 2, 2, 2, 2, 2, 2, 2, 2, 2, 2, 2, 2, 2, 2, 2, 2, 2, 2, 2, 2, 2, 2, 2, 2, 2, 2, 2, 2, 2, 2, 2, 2, 2, 2, 2, 2, 2, 2, 2, 2, 2, 2, 2, 2, 2, 2, 2, 2, 2, 2, 2, 2, 2, 2, 2, 2, 2, 2, 2, 2, 2, 2, 2, 2, 2, 2, 2, 2, 2, 2, 2, 2, 2, 2, 2, 2, 2, 2, 2, 2, 2, 2, 2, 2, 2, 2, 2, 2, 2, 2, 2, 2, 2, 2, 2, 2, 2, 2, 2, 2, 2, 2, 2, 2, 2, 2, 2, 2, 2, 2, 2, 2, 2, 2, 2, 2, 2, 2, 2, 2, 2, 3, 3, 3, 3, 3, 3, 3, 3, 3, 3, 3, 3, 3, 3, 3, 3, 3, 3, 3, 3, 3, 3, 3, 3, 3, 3, 3, 3, 3, 3, 3, 3, 3, 3, 3, 3, 3, 3, 3, 3, 3, 3, 3, 3, 3, 3, 3, 3, 3, 3, 3, 3, 3, 3, 3, 3, 3, 3, 3, 3, 3, 3, 3, 3, 3, 3, 3, 3, 3, 3, 3, 3, 3, 3, 3, 3, 3, 3, 3, 3, 3, 3, 3, 3, 3, 3, 3, 3, 3, 3, 3, 3, 3, 3, 3, 3, 3, 3, 3, 3, 3, 3, 3, 3, 3, 3, 3, 3, 3, 3, 3, 3, 3, 3, 3, 3, 3, 3, 3, 3, 3, 3, 3, 3, 3, 3, 3, 3, 3, 3, 3, 3, 3, 3, 3, 3, 3, 3, 3, 3, 3, 3, 3, 3, 3, 3, 3, 3, 3, 3, 3, 3, 3, 3, 3, 3, 3, 3, 3, 3, 3, 3, 3, 3, 3, 3, 3, 3, 3, 3, 3, 3, 3, 3, 3, 3, 3, 3, 3, 3, 3, 3, 3, 3, 3, 3, 3, 3, 3, 3, 3, 3, 3, 3, 3, 3, 3, 3, 3, 3, 3, 3, 3, 3, 3, 3, 3, 3, 3, 3, 3, 3, 3, 3, 3, 3, 3, 3, 3, 3, 3, 3, 3, 3, 3, 3, 3, 3, 3, 3, 3, 3, 3, 3, 3, 3, 3, 3, 3, 3, 3, 3, 3, 3, 3, 3, 3, 3, 3, 3, 3, 3, 3, 3, 3, 3, 3, 3, 3, 3, 3, 3, 3, 3, 3, 3, 3, 3, 3, 3, 3, 3, 3, 3, 3, 3, 3, 3, 3, 3, 3, 3, 3, 3, 3, 3, 3, 3, 3, 3, 3, 3, 3, 3, 3, 3, 3, 3, 3, 3, 3, 3, 3, 3, 3, 3, 3, 3, 3, 3, 3, 3, 3, 3, 3, 3, 3, 3, 3, 3, 3, 3, 3, 3, 3, 3, 3, 3, 3, 3, 3, 3, 3, 3, 3, 3, 3, 3, 3, 3, 3, 3, 3, 3, 3, 3, 3, 3, 3, 3, 3, 3, 3, 3, 3, 3, 3, 3, 3, 3, 3, 3, 3, 3, 3, 3, 3, 3, 3, 3, 3, 3, 3, 3, 3, 3, 3, 3, 3, 3, 3, 3, 3, 3, 3, 3, 3, 3, 3, 3, 3, 3, 3, 3, 3, 3, 3, 3, 3, 3, 4, 4, 4, 4, 4, 4, 4, 4, 4, 4, 4, 4, 4, 4, 4, 4, 4, 4, 4, 4, 4, 4, 4, 4, 4, 4, 4, 4, 4, 4, 4, 4, 4, 4, 4, 4, 4, 4, 4, 4, 4, 4, 4, 4, 4, 4, 4, 4, 4, 4, 4, 4, 4, 4, 4, 4, 4, 4, 4, 4, 4, 4, 4, 4, 4, 4, 4, 4, 4, 4, 4, 4, 4, 4, 4, 4, 4, 4, 4, 4, 4, 4, 4, 4, 4, 4, 4, 4, 4, 4, 4, 4, 4, 4, 4, 4, 4, 4, 4, 4, 4, 4, 4, 4, 4, 4, 4, 4, 4, 4, 4, 4, 4, 4, 4, 4, 4, 4, 4, 4, 4, 4, 4, 4, 4, 4, 4, 4, 4, 4, 4, 4, 4, 4, 4, 4, 4, 4, 4, 4, 4, 4, 4, 4, 4, 4, 4, 4, 4, 4, 4, 4, 4, 4, 4, 4, 4, 4, 4, 4, 4, 4, 4, 4, 4, 4, 4, 4, 4, 4, 4, 4, 4, 4, 4, 4, 4, 4, 4, 4, 4, 4, 4, 4, 4, 4, 4, 4, 4, 4, 4, 4, 4, 4, 4, 4, 4, 4, 4, 4, 4, 4, 4, 4, 4, 4, 4, 4, 4, 4, 4, 4, 4, 4, 4, 4, 4, 4, 4, 4, 4, 4, 4, 4, 4, 4, 4, 4, 4, 4, 4, 4, 4, 4, 4, 4, 4, 4, 4, 4, 4, 4, 4, 4, 4, 4, 4, 4, 4, 4, 4, 4, 4, 4, 4, 4, 4, 4, 4, 4, 4, 4, 4, 4, 4, 4, 4, 4, 4, 4, 4, 4, 4, 4, 4, 4, 4, 4, 4, 4, 4, 4, 4, 4, 4, 4, 4, 4, 4, 4, 4, 4, 4, 4, 4, 4, 4, 4, 4, 4, 4, 4, 4, 4, 4, 4, 4, 4, 4, 4, 4, 4, 4, 4, 4, 4, 4, 4, 4, 4, 4, 4, 4, 4, 4, 4, 4, 4, 4, 4, 4, 4, 4, 4, 4, 4, 4, 4, 4, 4, 4, 4, 4, 4, 4, 4, 4, 4, 4, 4, 4, 4, 4, 4, 4, 4, 4, 4, 4, 4, 4, 4, 4, 4, 4, 4, 4, 4, 4, 4, 4, 4, 4, 4, 4, 4, 4, 4, 4, 4, 4, 4, 4, 4, 4, 4, 4, 4, 4, 4, 4, 4, 4, 4, 4, 4, 4, 4, 4, 4]