0 37 343 
1 1249 
2 834 
3 616 
4 762 
5 733 
6 
7 132 646 
8 361 821 880 
9 57 
10 
11 862 
12 122 524 
13 197 
14 
15 947 
16 192 611 768 
17 189 337 
18 
19 54 
20 
21 305 964 
22 
23 
24 
25 552 
26 1816 
27 211 
28 1392 
29 
30 
31 473 
32 
33 810 
34 202 855 
35 605 
36 244 512 813 
37 166 
38 1928 
39 
40 761 
41 
42 98 206 
43 321 374 
44 
45 898 
46 
47 125 237 
48 
49 306 993 
50 658 
51 1231 
52 775 
53 705 
54 
55 1769 
56 735 
57 929 
58 658 
59 209 
60 205 
61 
62 
63 
64 
65 254 591 937 
66 
67 706 
68 698 
69 941 
70 337 555 
71 156 533 
72 293 
73 684 
74 
75 884 
76 920 
77 1475 
78 272 
79 
80 588 801 956 
81 603 840 
82 514 
83 297 
84 
85 
86 350 699 
87 231 
88 1288 
89 
90 431 722 
91 
92 398 588 
93 541 
94 
95 
96 
97 123 305 615 
98 
99 
100 510 826 896 
101 689 
102 475 517 539 
103 409 763 823 
104 562 588 
105 923 
106 
107 
108 
109 520 729 
110 
111 324 
112 989 
113 
114 
115 196 
116 197 
117 
118 473 715 1986 
119 726 921 
120 
121 497 774 
122 364 523 983 1121 
123 
124 311 769 
125 618 643 
126 
127 1247 
128 1300 
129 
130 780 
131 458 
132 337 
133 
134 970 
135 
136 185 
137 593 
138 
139 
140 
141 180 636 
142 
143 780 
144 
145 795 
146 
147 
148 533 
149 
150 
151 430 
152 
153 525 623 1040 
154 
155 233 528 
156 
157 567 734 
158 643 
159 
160 596 
161 475 591 
162 371 418 670 
163 442 
164 
165 
166 
167 748 
168 1816 
169 
170 421 1306 
171 248 417 548 672 
172 
173 
174 765 799 838 
175 255 412 
176 
177 354 
178 
179 297 617 1776 
180 593 977 
181 606 
182 903 
183 1643 
184 190 
185 951 
186 
187 1829 
188 
189 225 437 
190 
191 
192 796 
193 390 
194 815 917 
195 869 
196 428 
197 1982 
198 
199 792 
200 
201 
202 
203 241 
204 698 910 
205 214 763 
206 891 
207 596 
208 
209 
210 
211 
212 512 
213 
214 1044 1120 
215 989 
216 
217 
218 
219 688 
220 
221 
222 936 
223 
224 
225 
226 294 1871 
227 257 
228 882 
229 711 
230 236 453 715 876 
231 789 
232 312 612 
233 776 
234 820 916 
235 915 
236 866 
237 
238 
239 
240 
241 1121 
242 329 
243 
244 382 396 
245 
246 611 
247 440 
248 866 
249 683 
250 1705 
251 
252 
253 1388 
254 456 
255 
256 1241 
257 
258 298 372 547 1685 
259 
260 922 
261 
262 369 580 617 
263 1847 
264 
265 
266 614 
267 796 
268 334 
269 771 
270 
271 954 
272 
273 681 701 969 
274 
275 562 993 
276 1011 
277 
278 
279 
280 591 
281 1591 
282 1558 
283 528 811 
284 869 
285 473 477 726 951 
286 
287 755 
288 
289 
290 
291 
292 565 
293 635 
294 546 
295 
296 881 
297 333 403 753 
298 353 
299 531 721 
300 944 
301 
302 
303 462 
304 
305 332 
306 984 
307 447 
308 
309 561 
310 
311 337 774 
312 
313 
314 508 
315 497 955 
316 639 
317 473 796 870 
318 
319 
320 468 
321 391 
322 
323 645 880 
324 
325 376 442 
326 456 
327 
328 1463 
329 416 
330 956 1709 1836 
331 
332 1539 
333 
334 372 621 
335 379 
336 
337 542 
338 730 
339 448 
340 455 648 706 803 817 
341 
342 
343 1611 
344 
345 608 
346 409 898 
347 547 880 
348 
349 574 658 
350 
351 751 
352 471 
353 
354 
355 971 
356 933 
357 359 
358 
359 
360 
361 
362 927 
363 
364 
365 
366 
367 899 
368 
369 863 
370 
371 589 
372 
373 635 670 
374 725 
375 
376 777 
377 
378 396 1557 
379 
380 
381 855 
382 825 1592 
383 631 
384 415 
385 
386 
387 639 1073 
388 
389 
390 523 
391 868 
392 523 715 
393 
394 843 
395 796 
396 977 
397 
398 1467 
399 
400 870 
401 
402 
403 446 871 
404 417 692 
405 
406 732 
407 
408 1939 
409 
410 652 
411 
412 568 
413 
414 
415 
416 
417 
418 443 
419 
420 
421 
422 
423 650 827 957 
424 
425 
426 
427 
428 
429 
430 616 
431 637 973 
432 827 
433 532 571 
434 
435 655 994 
436 
437 
438 814 
439 
440 
441 956 
442 517 736 
443 
444 
445 720 
446 
447 
448 
449 1169 
450 823 
451 
452 
453 
454 997 
455 
456 
457 
458 
459 
460 
461 482 
462 614 636 760 
463 557 1082 
464 
465 815 
466 488 
467 
468 
469 895 1209 
470 770 
471 
472 
473 
474 
475 1484 
476 
477 805 
478 556 
479 
480 
481 543 1981 
482 505 
483 789 
484 767 
485 1814 
486 633 912 1353 
487 626 
488 728 763 
489 558 759 
490 
491 561 686 
492 
493 940 
494 
495 
496 
497 530 
498 983 
499 932 
500 
501 
502 
503 646 
504 884 
505 
506 938 
507 903 
508 
509 
510 
511 
512 
513 546 583 
514 567 1673 
515 
516 723 791 
517 922 
518 
519 610 1804 
520 851 934 
521 786 895 
522 
523 773 
524 679 
525 983 
526 
527 
528 
529 694 
530 692 926 931 
531 
532 713 770 
533 
534 
535 
536 938 
537 
538 
539 
540 
541 1868 
542 1321 
543 
544 650 
545 
546 
547 
548 614 
549 730 927 964 
550 
551 
552 
553 
554 662 1918 
555 
556 
557 
558 
559 
560 635 
561 963 
562 
563 
564 
565 721 
566 1028 
567 619 
568 
569 968 1563 
570 
571 959 
572 1800 
573 873 
574 
575 
576 886 1131 1483 
577 
578 747 
579 
580 
581 
582 
583 653 1701 
584 
585 
586 
587 
588 742 
589 843 
590 684 
591 943 
592 
593 777 
594 
595 
596 
597 
598 
599 1561 
600 
601 603 
602 
603 
604 693 
605 
606 960 
607 
608 
609 
610 
611 931 
612 773 
613 
614 681 
615 
616 
617 
618 883 900 
619 1243 
620 816 
621 740 
622 813 883 
623 749 
624 644 
625 
626 
627 
628 
629 
630 
631 721 
632 633 
633 
634 880 
635 
636 
637 1153 
638 
639 724 887 
640 
641 
642 
643 
644 676 
645 
646 651 
647 
648 
649 814 
650 967 984 
651 
652 
653 
654 
655 822 
656 
657 
658 1928 
659 
660 
661 802 
662 724 
663 
664 886 987 998 
665 716 
666 
667 
668 
669 
670 
671 
672 
673 
674 1306 
675 
676 
677 883 
678 
679 
680 683 
681 
682 
683 
684 
685 
686 
687 
688 
689 953 1089 
690 
691 1671 
692 
693 
694 1078 
695 
696 
697 
698 984 
699 
700 
701 
702 
703 
704 
705 
706 
707 
708 
709 
710 
711 714 
712 
713 
714 
715 
716 
717 
718 
719 
720 
721 892 1327 
722 
723 1552 
724 1129 
725 
726 996 
727 
728 870 
729 
730 
731 
732 
733 
734 
735 1144 
736 
737 1083 
738 
739 
740 
741 
742 
743 
744 
745 1306 
746 945 
747 
748 
749 786 
750 
751 1642 
752 992 
753 
754 906 
755 773 
756 885 
757 
758 894 
759 
760 
761 
762 869 
763 
764 
765 
766 977 1279 1768 
767 
768 
769 
770 1739 
771 
772 
773 983 
774 
775 
776 890 
777 
778 
779 952 
780 805 
781 
782 825 
783 
784 
785 790 1037 
786 
787 
788 
789 803 
790 
791 
792 972 998 
793 
794 882 
795 
796 894 
797 
798 
799 
800 
801 
802 
803 848 
804 
805 894 
806 
807 881 1769 
808 
809 
810 1563 
811 
812 
813 
814 
815 
816 
817 991 
818 
819 
820 
821 
822 
823 
824 
825 
826 969 
827 1282 
828 
829 856 934 
830 
831 
832 
833 
834 839 
835 986 
836 
837 
838 
839 1453 
840 
841 863 
842 
843 
844 
845 
846 
847 
848 
849 
850 
851 
852 
853 962 
854 913 
855 
856 
857 
858 
859 1734 
860 1553 
861 
862 
863 
864 
865 
866 
867 
868 
869 
870 
871 
872 
873 
874 
875 
876 
877 1810 
878 976 
879 1921 
880 
881 891 
882 
883 886 
884 
885 
886 
887 
888 
889 
890 
891 
892 
893 
894 916 
895 
896 
897 
898 1729 
899 
900 
901 
902 904 
903 
904 
905 
906 
907 
908 
909 
910 978 
911 
912 
913 1939 
914 
915 
916 
917 1164 
918 
919 976 
920 
921 
922 
923 
924 
925 
926 1047 
927 
928 
929 
930 958 
931 
932 
933 
934 
935 
936 
937 1988 
938 977 
939 1918 
940 
941 
942 987 
943 1690 
944 
945 
946 
947 
948 
949 
950 
951 
952 
953 
954 
955 
956 
957 
958 
959 
960 
961 1583 
962 1030 1637 
963 
964 
965 
966 
967 
968 
969 
970 
971 
972 1914 
973 
974 
975 
976 
977 
978 
979 
980 
981 
982 
983 
984 1558 
985 992 
986 
987 
988 
989 
990 
991 1437 
992 1660 
993 
994 
995 
996 
997 
998 
999 
1000 
1001 1268 1453 1823 
1002 1298 1800 1826 
1003 1514 
1004 1788 
1005 1093 1128 
1006 
1007 1843 
1008 1238 
1009 1878 
1010 1205 1570 1843 
1011 1709 
1012 1192 
1013 
1014 1373 
1015 
1016 1260 
1017 
1018 
1019 1059 1580 
1020 
1021 
1022 
1023 1452 1846 
1024 
1025 1268 
1026 1305 
1027 
1028 1414 1488 
1029 1291 1570 1667 
1030 1119 1222 1504 1791 
1031 
1032 1959 
1033 1390 1634 
1034 1474 1876 1897 
1035 1071 1505 
1036 1418 
1037 
1038 
1039 
1040 1436 1595 
1041 1616 
1042 
1043 
1044 1454 
1045 1456 
1046 
1047 1194 1905 
1048 1572 
1049 1596 
1050 1325 1349 
1051 1865 
1052 
1053 
1054 
1055 
1056 1268 
1057 1632 1634 1682 
1058 1996 
1059 1932 
1060 1466 1550 
1061 1378 
1062 
1063 1328 
1064 1276 1953 
1065 1905 
1066 1176 
1067 
1068 
1069 
1070 1074 
1071 
1072 1252 
1073 
1074 
1075 
1076 
1077 1871 
1078 
1079 1296 1753 
1080 1328 1527 
1081 1344 1850 
1082 
1083 1148 
1084 1389 1765 
1085 1116 1895 
1086 1602 
1087 1665 1695 
1088 
1089 1679 
1090 1585 
1091 1648 1950 
1092 
1093 1462 
1094 
1095 
1096 
1097 1147 1261 
1098 
1099 1714 
1100 1749 1823 
1101 
1102 1894 
1103 
1104 1840 1869 
1105 
1106 1666 
1107 
1108 1588 1988 
1109 1529 1681 
1110 
1111 
1112 1126 1765 
1113 1858 
1114 1569 1933 
1115 
1116 
1117 1470 
1118 
1119 
1120 
1121 
1122 
1123 
1124 1250 1924 
1125 1157 1892 
1126 1789 
1127 1166 1734 
1128 
1129 1364 1450 
1130 
1131 1446 1765 
1132 1889 
1133 1378 
1134 1509 
1135 1973 
1136 
1137 1381 1874 
1138 1616 1857 
1139 1512 1579 
1140 1684 
1141 
1142 1187 1200 1693 
1143 
1144 
1145 1212 1952 
1146 
1147 1746 
1148 1439 
1149 
1150 1527 
1151 1249 1484 
1152 
1153 1430 1768 
1154 
1155 
1156 1720 
1157 
1158 1354 
1159 1569 
1160 1298 1379 
1161 
1162 1632 
1163 1173 
1164 
1165 1819 
1166 1281 
1167 
1168 
1169 1825 
1170 1172 1220 
1171 
1172 1961 
1173 1969 
1174 
1175 1186 
1176 1271 
1177 1736 
1178 1989 
1179 
1180 1276 
1181 1215 
1182 
1183 
1184 
1185 1781 
1186 1617 
1187 1805 
1188 1962 
1189 
1190 1512 
1191 
1192 1299 
1193 
1194 
1195 
1196 1659 
1197 1934 
1198 
1199 1332 
1200 1501 1782 
1201 1689 
1202 
1203 
1204 
1205 
1206 1863 
1207 
1208 1424 1466 
1209 
1210 
1211 
1212 1419 1488 
1213 
1214 1253 
1215 1529 
1216 1942 
1217 1785 
1218 
1219 
1220 1576 1771 
1221 
1222 
1223 1823 
1224 1982 
1225 1507 
1226 
1227 
1228 
1229 1919 1952 
1230 1533 
1231 1344 
1232 1397 1675 
1233 
1234 1757 1771 1851 
1235 
1236 
1237 
1238 1963 
1239 
1240 1347 1653 
1241 
1242 1535 
1243 
1244 1340 
1245 1965 
1246 1516 
1247 1398 
1248 1440 1934 
1249 
1250 1287 1456 1696 
1251 1692 1866 
1252 
1253 1702 1763 
1254 
1255 
1256 
1257 
1258 1346 1616 
1259 
1260 
1261 
1262 
1263 
1264 
1265 1817 1853 
1266 1620 1768 
1267 
1268 
1269 1915 
1270 
1271 
1272 1343 
1273 1351 
1274 
1275 
1276 
1277 1580 
1278 
1279 
1280 1335 1857 
1281 
1282 
1283 
1284 1356 
1285 
1286 
1287 
1288 
1289 
1290 
1291 
1292 1582 1835 
1293 
1294 1372 
1295 1845 1852 
1296 1496 
1297 
1298 
1299 
1300 
1301 1607 
1302 1747 1862 
1303 1664 
1304 1858 
1305 1553 
1306 1430 
1307 1774 
1308 
1309 
1310 
1311 
1312 1336 1651 
1313 1873 
1314 
1315 1928 
1316 
1317 
1318 
1319 
1320 1360 
1321 
1322 1513 
1323 
1324 1745 
1325 
1326 
1327 
1328 1441 
1329 1453 1755 1847 
1330 1756 
1331 
1332 1664 
1333 
1334 1698 1992 
1335 1395 
1336 1536 1660 
1337 
1338 1602 1979 1990 
1339 
1340 
1341 1385 
1342 1866 
1343 
1344 
1345 1671 
1346 
1347 
1348 
1349 
1350 1512 1553 1561 
1351 1656 1726 
1352 
1353 
1354 1718 1732 1808 
1355 1495 1712 
1356 1495 1584 
1357 1717 
1358 1774 
1359 
1360 
1361 
1362 1745 
1363 1520 1615 
1364 1560 1715 
1365 
1366 1443 
1367 1926 
1368 1733 
1369 
1370 1426 
1371 
1372 1612 
1373 1680 
1374 
1375 
1376 1950 
1377 
1378 
1379 
1380 1420 
1381 
1382 
1383 1479 
1384 1434 
1385 1623 
1386 
1387 1444 
1388 
1389 
1390 1744 1864 1930 
1391 1595 
1392 
1393 1576 1892 
1394 1959 
1395 
1396 
1397 
1398 1929 
1399 1872 
1400 
1401 1943 
1402 
1403 1449 1800 
1404 
1405 
1406 1723 1766 
1407 1732 
1408 
1409 
1410 1522 
1411 
1412 
1413 
1414 1517 
1415 
1416 
1417 
1418 
1419 
1420 1655 
1421 1422 
1422 
1423 
1424 1468 
1425 
1426 
1427 
1428 1762 
1429 
1430 
1431 1486 
1432 1552 
1433 
1434 1801 1975 
1435 
1436 
1437 
1438 
1439 1741 
1440 1615 
1441 
1442 
1443 
1444 1563 1880 
1445 
1446 1513 1763 
1447 1760 1847 
1448 1598 
1449 1660 1681 
1450 1931 
1451 1528 
1452 1911 
1453 
1454 
1455 
1456 
1457 1998 
1458 1808 1847 
1459 
1460 
1461 
1462 
1463 1650 1694 
1464 1492 1915 
1465 
1466 
1467 1542 1966 
1468 1473 1908 1931 
1469 1646 
1470 1823 
1471 
1472 
1473 1744 1879 
1474 1742 1812 
1475 1812 
1476 
1477 
1478 
1479 1798 1990 
1480 
1481 1552 1782 
1482 
1483 
1484 
1485 
1486 
1487 1953 
1488 
1489 
1490 1867 
1491 1507 1679 
1492 1596 
1493 1816 
1494 
1495 
1496 
1497 1681 
1498 1643 1685 
1499 1714 
1500 1855 
1501 
1502 
1503 
1504 1741 
1505 
1506 
1507 
1508 
1509 
1510 
1511 
1512 1789 
1513 
1514 
1515 
1516 
1517 1791 
1518 
1519 
1520 1940 
1521 
1522 
1523 
1524 1863 
1525 1694 
1526 
1527 
1528 1936 
1529 
1530 1937 1987 
1531 
1532 
1533 1952 
1534 1745 
1535 1989 
1536 1595 1754 
1537 
1538 
1539 
1540 
1541 
1542 
1543 
1544 
1545 
1546 
1547 
1548 
1549 1721 
1550 1605 1927 
1551 
1552 
1553 
1554 
1555 1942 
1556 
1557 
1558 1613 
1559 
1560 1989 
1561 
1562 
1563 
1564 
1565 1601 
1566 
1567 
1568 
1569 1980 
1570 1799 
1571 
1572 
1573 
1574 
1575 1934 
1576 1742 
1577 
1578 
1579 1747 
1580 
1581 
1582 
1583 
1584 
1585 1684 
1586 
1587 1849 
1588 1882 
1589 
1590 1926 
1591 
1592 
1593 1924 
1594 
1595 
1596 
1597 
1598 
1599 1672 1768 
1600 
1601 
1602 
1603 
1604 
1605 
1606 
1607 1650 
1608 1903 
1609 1776 
1610 
1611 
1612 
1613 
1614 1709 1774 1855 
1615 
1616 
1617 
1618 
1619 
1620 
1621 
1622 1658 1791 
1623 
1624 
1625 
1626 1694 
1627 1920 
1628 
1629 1655 1838 
1630 
1631 1828 
1632 
1633 
1634 1975 
1635 
1636 
1637 
1638 
1639 
1640 
1641 1752 
1642 
1643 
1644 
1645 1910 
1646 
1647 1888 
1648 
1649 1704 1740 
1650 
1651 
1652 1980 
1653 
1654 
1655 1855 
1656 
1657 1744 
1658 1843 
1659 
1660 
1661 1830 
1662 1676 
1663 
1664 
1665 
1666 
1667 1695 1913 
1668 1857 
1669 
1670 
1671 
1672 
1673 
1674 
1675 
1676 
1677 
1678 
1679 1715 
1680 
1681 
1682 
1683 
1684 1807 
1685 
1686 1761 1976 
1687 
1688 
1689 
1690 
1691 
1692 
1693 
1694 
1695 
1696 
1697 1907 
1698 1789 
1699 
1700 
1701 
1702 
1703 1726 
1704 
1705 
1706 
1707 1911 
1708 
1709 1831 
1710 1757 
1711 1738 
1712 1993 
1713 1778 1918 
1714 1902 
1715 
1716 1835 
1717 
1718 
1719 
1720 1764 1873 
1721 
1722 
1723 
1724 1842 
1725 
1726 
1727 1821 
1728 
1729 
1730 
1731 
1732 
1733 1747 
1734 
1735 
1736 1894 
1737 1739 
1738 
1739 1832 1872 
1740 
1741 
1742 
1743 
1744 
1745 
1746 
1747 
1748 
1749 
1750 
1751 
1752 
1753 
1754 
1755 
1756 
1757 
1758 
1759 
1760 1916 1963 
1761 
1762 
1763 1784 
1764 
1765 
1766 
1767 
1768 
1769 
1770 
1771 
1772 
1773 
1774 
1775 1943 
1776 
1777 
1778 
1779 
1780 
1781 
1782 1980 
1783 
1784 
1785 1843 
1786 
1787 
1788 1991 
1789 1819 
1790 
1791 
1792 
1793 1823 1959 
1794 
1795 
1796 1964 
1797 
1798 
1799 
1800 1843 
1801 
1802 1835 
1803 
1804 
1805 
1806 
1807 
1808 
1809 
1810 
1811 
1812 
1813 
1814 
1815 
1816 
1817 
1818 
1819 
1820 
1821 
1822 
1823 
1824 
1825 
1826 
1827 
1828 1936 1990 
1829 
1830 
1831 
1832 
1833 
1834 
1835 
1836 1916 
1837 
1838 
1839 1895 
1840 
1841 1856 1940 1978 
1842 
1843 
1844 
1845 
1846 1898 
1847 
1848 
1849 
1850 
1851 
1852 1970 
1853 
1854 
1855 
1856 
1857 
1858 1960 
1859 
1860 
1861 
1862 
1863 1938 
1864 
1865 
1866 
1867 
1868 
1869 
1870 1873 
1871 
1872 
1873 1881 
1874 1981 
1875 
1876 
1877 
1878 
1879 
1880 
1881 
1882 1947 
1883 
1884 
1885 
1886 
1887 
1888 
1889 
1890 
1891 
1892 
1893 
1894 
1895 
1896 
1897 
1898 1995 
1899 
1900 
1901 
1902 
1903 
1904 
1905 
1906 
1907 
1908 
1909 
1910 
1911 
1912 
1913 
1914 
1915 
1916 1960 
1917 
1918 
1919 1978 
1920 
1921 
1922 
1923 
1924 
1925 
1926 
1927 1971 
1928 
1929 
1930 1938 
1931 
1932 
1933 
1934 
1935 
1936 
1937 
1938 
1939 
1940 
1941 
1942 
1943 
1944 
1945 
1946 
1947 
1948 
1949 
1950 
1951 
1952 
1953 
1954 
1955 
1956 
1957 
1958 
1959 
1960 
1961 
1962 
1963 
1964 
1965 
1966 
1967 
1968 
1969 
1970 
1971 
1972 
1973 
1974 
1975 
1976 
1977 
1978 
1979 
1980 
1981 
1982 
1983 
1984 
1985 
1986 
1987 
1988 
1989 
1990 
1991 
1992 
1993 
1994 
1995 
1996 
1997 
1998 
1999 
[0, 0, 0, 0, 0, 0, 0, 0, 0, 0, 0, 0, 0, 0, 0, 0, 0, 0, 0, 0, 0, 0, 0, 0, 0, 0, 0, 0, 0, 0, 0, 0, 0, 0, 0, 0, 0, 0, 0, 0, 0, 0, 0, 0, 0, 0, 0, 0, 0, 0, 0, 0, 0, 0, 0, 0, 0, 0, 0, 0, 0, 0, 0, 0, 0, 0, 0, 0, 0, 0, 0, 0, 0, 0, 0, 0, 0, 0, 0, 0, 0, 0, 0, 0, 0, 0, 0, 0, 0, 0, 0, 0, 0, 0, 0, 0, 0, 0, 0, 0, 0, 0, 0, 0, 0, 0, 0, 0, 0, 0, 0, 0, 0, 0, 0, 0, 0, 0, 0, 0, 0, 0, 0, 0, 0, 0, 0, 0, 0, 0, 0, 0, 0, 0, 0, 0, 0, 0, 0, 0, 0, 0, 0, 0, 0, 0, 0, 0, 0, 0, 0, 0, 0, 0, 0, 0, 0, 0, 0, 0, 0, 0, 0, 0, 0, 0, 0, 0, 0, 0, 0, 0, 0, 0, 0, 0, 0, 0, 0, 0, 0, 0, 0, 0, 0, 0, 0, 0, 0, 0, 0, 0, 0, 0, 0, 0, 0, 0, 0, 0, 0, 0, 0, 0, 0, 0, 0, 0, 0, 0, 0, 0, 0, 0, 0, 0, 0, 0, 0, 0, 0, 0, 0, 0, 0, 0, 0, 0, 0, 0, 0, 0, 0, 0, 0, 0, 0, 0, 0, 0, 0, 0, 0, 0, 0, 0, 0, 0, 0, 0, 0, 0, 0, 0, 0, 0, 0, 0, 0, 0, 0, 0, 0, 0, 0, 0, 0, 0, 0, 0, 0, 0, 0, 0, 0, 0, 0, 0, 0, 0, 0, 0, 0, 0, 0, 0, 0, 0, 0, 0, 0, 0, 0, 0, 0, 0, 0, 0, 0, 0, 0, 0, 0, 0, 0, 0, 0, 0, 0, 0, 0, 0, 0, 0, 0, 0, 0, 0, 0, 0, 0, 0, 0, 0, 0, 0, 0, 0, 0, 0, 0, 0, 0, 0, 0, 0, 0, 0, 0, 0, 0, 0, 0, 0, 0, 0, 0, 0, 0, 0, 0, 0, 0, 0, 0, 0, 0, 0, 0, 0, 0, 0, 0, 0, 0, 0, 0, 0, 0, 0, 0, 0, 0, 0, 0, 0, 0, 0, 0, 0, 0, 0, 0, 0, 0, 0, 0, 0, 0, 0, 0, 0, 0, 0, 0, 0, 0, 0, 0, 0, 0, 0, 0, 0, 0, 0, 0, 0, 0, 0, 0, 0, 0, 0, 0, 0, 0, 0, 0, 0, 0, 0, 0, 0, 0, 0, 0, 0, 0, 0, 0, 0, 0, 0, 0, 0, 0, 0, 0, 0, 0, 0, 0, 0, 0, 0, 0, 0, 0, 0, 0, 0, 0, 0, 0, 0, 0, 0, 0, 0, 0, 0, 0, 0, 0, 0, 0, 0, 0, 0, 0, 0, 0, 0, 0, 0, 0, 0, 0, 0, 0, 0, 0, 0, 0, 0, 0, 0, 0, 0, 0, 0, 0, 0, 0, 0, 0, 0, 0, 0, 0, 0, 0, 0, 0, 0, 0, 0, 0, 0, 0, 0, 0, 0, 0, 0, 0, 0, 0, 0, 0, 0, 0, 0, 0, 0, 0, 0, 0, 0, 0, 0, 0, 0, 0, 0, 0, 0, 0, 0, 0, 0, 0, 0, 0, 0, 0, 0, 0, 0, 0, 0, 0, 0, 0, 0, 0, 0, 0, 0, 0, 0, 0, 0, 0, 0, 0, 0, 0, 0, 0, 0, 0, 0, 0, 0, 0, 0, 0, 0, 0, 0, 0, 0, 0, 0, 0, 0, 0, 0, 0, 0, 0, 0, 0, 0, 0, 0, 0, 0, 0, 0, 0, 0, 0, 0, 0, 0, 0, 0, 0, 0, 0, 0, 0, 0, 0, 0, 0, 0, 0, 0, 0, 0, 0, 0, 0, 0, 0, 0, 0, 0, 0, 0, 0, 0, 0, 0, 0, 0, 0, 0, 0, 0, 0, 0, 0, 0, 0, 0, 0, 0, 0, 0, 0, 0, 0, 0, 0, 0, 0, 0, 0, 0, 0, 0, 0, 0, 0, 0, 0, 0, 0, 0, 0, 0, 0, 0, 0, 0, 0, 0, 0, 0, 0, 0, 0, 0, 0, 0, 0, 0, 0, 0, 0, 0, 0, 0, 0, 0, 0, 0, 0, 0, 0, 0, 0, 0, 0, 0, 0, 0, 0, 0, 0, 0, 0, 0, 0, 0, 0, 0, 0, 0, 0, 0, 0, 0, 0, 0, 0, 0, 0, 0, 0, 0, 0, 0, 0, 0, 0, 0, 0, 0, 0, 0, 0, 0, 0, 0, 0, 0, 0, 0, 0, 0, 0, 0, 0, 0, 0, 0, 0, 0, 0, 0, 0, 0, 0, 0, 0, 0, 0, 0, 0, 0, 0, 0, 0, 0, 0, 0, 0, 0, 0, 0, 0, 0, 0, 0, 0, 0, 0, 0, 0, 0, 0, 0, 0, 0, 0, 0, 0, 0, 0, 0, 0, 0, 0, 0, 0, 0, 0, 0, 0, 0, 0, 0, 0, 0, 0, 0, 0, 0, 0, 0, 0, 0, 0, 0, 0, 0, 0, 0, 0, 0, 0, 0, 0, 0, 0, 0, 0, 0, 0, 0, 0, 0, 0, 0, 0, 0, 0, 0, 0, 0, 0, 0, 0, 0, 0, 0, 0, 0, 0, 0, 0, 0, 0, 0, 0, 0, 0, 0, 0, 0, 0, 0, 0, 0, 0, 0, 0, 0, 0, 0, 0, 0, 0, 0, 0, 0, 0, 0, 0, 0, 0, 0, 0, 0, 0, 0, 0, 0, 0, 0, 0, 0, 0, 0, 0, 0, 0, 0, 0, 0, 0, 0, 0, 0, 0, 0, 0, 0, 0, 0, 0, 0, 0, 0, 0, 0, 0, 0, 0, 0, 0, 0, 0, 0, 0, 0, 0, 0, 0, 0, 0, 0, 0, 0, 0, 0, 0, 0, 0, 0, 0, 0, 0, 0, 0, 0, 0, 0, 0, 0, 0, 0, 0, 0, 0, 0, 0, 0, 0, 0, 0, 0, 0, 0, 0, 0, 0, 0, 0, 0, 0, 0, 0, 0, 0, 0, 0, 0, 0, 0, 0, 0, 0, 0, 1, 1, 1, 1, 1, 1, 1, 1, 1, 1, 1, 1, 1, 1, 1, 1, 1, 1, 1, 1, 1, 1, 1, 1, 1, 1, 1, 1, 1, 1, 1, 1, 1, 1, 1, 1, 1, 1, 1, 1, 1, 1, 1, 1, 1, 1, 1, 1, 1, 1, 1, 1, 1, 1, 1, 1, 1, 1, 1, 1, 1, 1, 1, 1, 1, 1, 1, 1, 1, 1, 1, 1, 1, 1, 1, 1, 1, 1, 1, 1, 1, 1, 1, 1, 1, 1, 1, 1, 1, 1, 1, 1, 1, 1, 1, 1, 1, 1, 1, 1, 1, 1, 1, 1, 1, 1, 1, 1, 1, 1, 1, 1, 1, 1, 1, 1, 1, 1, 1, 1, 1, 1, 1, 1, 1, 1, 1, 1, 1, 1, 1, 1, 1, 1, 1, 1, 1, 1, 1, 1, 1, 1, 1, 1, 1, 1, 1, 1, 1, 1, 1, 1, 1, 1, 1, 1, 1, 1, 1, 1, 1, 1, 1, 1, 1, 1, 1, 1, 1, 1, 1, 1, 1, 1, 1, 1, 1, 1, 1, 1, 1, 1, 1, 1, 1, 1, 1, 1, 1, 1, 1, 1, 1, 1, 1, 1, 1, 1, 1, 1, 1, 1, 1, 1, 1, 1, 1, 1, 1, 1, 1, 1, 1, 1, 1, 1, 1, 1, 1, 1, 1, 1, 1, 1, 1, 1, 1, 1, 1, 1, 1, 1, 1, 1, 1, 1, 1, 1, 1, 1, 1, 1, 1, 1, 1, 1, 1, 1, 1, 1, 1, 1, 1, 1, 1, 1, 1, 1, 1, 1, 1, 1, 1, 1, 1, 1, 1, 1, 1, 1, 1, 1, 1, 1, 1, 1, 1, 1, 1, 1, 1, 1, 1, 1, 1, 1, 1, 1, 1, 1, 1, 1, 1, 1, 1, 1, 1, 1, 1, 1, 1, 1, 1, 1, 1, 1, 1, 1, 1, 1, 1, 1, 1, 1, 1, 1, 1, 1, 1, 1, 1, 1, 1, 1, 1, 1, 1, 1, 1, 1, 1, 1, 1, 1, 1, 1, 1, 1, 1, 1, 1, 1, 1, 1, 1, 1, 1, 1, 1, 1, 1, 1, 1, 1, 1, 1, 1, 1, 1, 1, 1, 1, 1, 1, 1, 1, 1, 1, 1, 1, 1, 1, 1, 1, 1, 1, 1, 1, 1, 1, 1, 1, 1, 1, 1, 1, 1, 1, 1, 1, 1, 1, 1, 1, 1, 1, 1, 1, 1, 1, 1, 1, 1, 1, 1, 1, 1, 1, 1, 1, 1, 1, 1, 1, 1, 1, 1, 1, 1, 1, 1, 1, 1, 1, 1, 1, 1, 1, 1, 1, 1, 1, 1, 1, 1, 1, 1, 1, 1, 1, 1, 1, 1, 1, 1, 1, 1, 1, 1, 1, 1, 1, 1, 1, 1, 1, 1, 1, 1, 1, 1, 1, 1, 1, 1, 1, 1, 1, 1, 1, 1, 1, 1, 1, 1, 1, 1, 1, 1, 1, 1, 1, 1, 1, 1, 1, 1, 1, 1, 1, 1, 1, 1, 1, 1, 1, 1, 1, 1, 1, 1, 1, 1, 1, 1, 1, 1, 1, 1, 1, 1, 1, 1, 1, 1, 1, 1, 1, 1, 1, 1, 1, 1, 1, 1, 1, 1, 1, 1, 1, 1, 1, 1, 1, 1, 1, 1, 1, 1, 1, 1, 1, 1, 1, 1, 1, 1, 1, 1, 1, 1, 1, 1, 1, 1, 1, 1, 1, 1, 1, 1, 1, 1, 1, 1, 1, 1, 1, 1, 1, 1, 1, 1, 1, 1, 1, 1, 1, 1, 1, 1, 1, 1, 1, 1, 1, 1, 1, 1, 1, 1, 1, 1, 1, 1, 1, 1, 1, 1, 1, 1, 1, 1, 1, 1, 1, 1, 1, 1, 1, 1, 1, 1, 1, 1, 1, 1, 1, 1, 1, 1, 1, 1, 1, 1, 1, 1, 1, 1, 1, 1, 1, 1, 1, 1, 1, 1, 1, 1, 1, 1, 1, 1, 1, 1, 1, 1, 1, 1, 1, 1, 1, 1, 1, 1, 1, 1, 1, 1, 1, 1, 1, 1, 1, 1, 1, 1, 1, 1, 1, 1, 1, 1, 1, 1, 1, 1, 1, 1, 1, 1, 1, 1, 1, 1, 1, 1, 1, 1, 1, 1, 1, 1, 1, 1, 1, 1, 1, 1, 1, 1, 1, 1, 1, 1, 1, 1, 1, 1, 1, 1, 1, 1, 1, 1, 1, 1, 1, 1, 1, 1, 1, 1, 1, 1, 1, 1, 1, 1, 1, 1, 1, 1, 1, 1, 1, 1, 1, 1, 1, 1, 1, 1, 1, 1, 1, 1, 1, 1, 1, 1, 1, 1, 1, 1, 1, 1, 1, 1, 1, 1, 1, 1, 1, 1, 1, 1, 1, 1, 1, 1, 1, 1, 1, 1, 1, 1, 1, 1, 1, 1, 1, 1, 1, 1, 1, 1, 1, 1, 1, 1, 1, 1, 1, 1, 1, 1, 1, 1, 1, 1, 1, 1, 1, 1, 1, 1, 1, 1, 1, 1, 1, 1, 1, 1, 1, 1, 1, 1, 1, 1, 1, 1, 1, 1, 1, 1, 1, 1, 1, 1, 1, 1, 1, 1, 1, 1, 1, 1, 1, 1, 1, 1, 1, 1, 1, 1, 1, 1, 1, 1, 1, 1, 1, 1, 1, 1, 1, 1, 1, 1, 1, 1, 1, 1, 1, 1, 1, 1, 1, 1, 1, 1, 1, 1, 1, 1, 1, 1, 1, 1, 1, 1, 1, 1, 1, 1, 1, 1, 1, 1, 1, 1, 1, 1, 1, 1, 1, 1, 1, 1, 1, 1, 1, 1, 1, 1, 1, 1, 1, 1, 1, 1, 1, 1, 1, 1, 1, 1, 1, 1, 1, 1, 1, 1, 1, 1, 1, 1, 1, 1, 1, 1, 1, 1, 1, 1, 1, 1, 1, 1, 1, 1, 1, 1, 1, 1, 1, 1, 1, 1, 1, 1, 1, 1, 1, 1, 1, 1, 1, 1, 1, 1, 1, 1, 1, 1, 1, 1, 1, 1, 1, 1, 1, 1, 1, 1, 1, 1, 1, 1, 1, 1, 1, 1, 1, 1, 1, 1, 1, 1, 1, 1, 1, 1, 1, 1, 1, 1, 1]