0 518 1364 1541 1948 2078 4534 
1 337 1340 1650 1927 2297 2454 2741 4289 
2 732 743 882 1029 1162 1409 1740 2200 2707 4014 
3 482 876 
4 1132 1182 1566 1769 1954 
5 703 817 1009 1227 1522 4338 
6 164 299 556 557 1576 1806 
7 1631 1680 1711 
8 1774 
9 1001 1845 2342 
10 574 772 790 978 1520 1933 
11 417 556 1115 1617 
12 487 807 1804 
13 282 1515 1727 2362 2405 2584 
14 581 1758 1855 1956 1982 
15 1182 1281 1768 1977 3512 4754 
16 531 1993 
17 2419 
18 461 2050 
19 363 1746 2261 
20 480 814 995 2075 2299 2436 
21 410 2277 
22 378 755 
23 301 
24 133 414 2429 
25 359 721 745 
26 1049 1791 2290 2404 2440 
27 1464 2084 2147 
28 1492 
29 305 950 1521 1938 2105 2292 4309 
30 96 464 770 2380 4642 
31 636 973 1416 1454 
32 765 1334 2297 
33 209 1630 
34 304 1173 1363 2233 2319 2953 
35 2237 3048 
36 1268 1331 4962 
37 381 1105 1214 1656 1712 
38 1167 1274 2128 
39 586 681 897 1587 2024 
40 747 1039 1993 2379 
41 2026 3417 3896 
42 666 1107 2038 
43 66 386 1184 1394 1503 
44 1154 1305 1443 1889 
45 395 1001 2316 
46 266 771 1800 2006 2132 
47 2105 4065 
48 176 1565 1941 
49 
50 772 2072 2264 3136 
51 2311 2751 
52 640 953 1092 4036 
53 856 1641 1871 
54 1603 
55 2092 2280 2378 4790 
56 441 2209 
57 2399 3945 
58 121 1392 4582 
59 480 2477 
60 454 1623 
61 122 1019 1423 1545 2257 4473 
62 120 150 1034 
63 1429 2258 2266 3521 
64 266 680 718 1707 1951 2082 2212 2288 2397 
65 1736 2259 2735 
66 289 1016 
67 578 1377 2394 
68 157 359 411 642 770 1373 1412 
69 83 166 219 1837 
70 116 276 928 1204 1481 2041 
71 125 841 1789 2383 2819 4274 
72 981 1176 1618 1641 1967 2209 4642 
73 1265 
74 924 1548 1732 
75 695 1706 2071 2325 
76 247 1267 2257 
77 216 249 359 603 1720 
78 1866 
79 1240 2193 
80 862 1280 2027 2364 
81 1012 1149 1310 
82 406 530 769 1068 2247 
83 120 827 1575 1981 
84 571 817 823 1568 
85 
86 453 655 1963 2322 2383 
87 938 2490 
88 648 1813 2153 2326 2367 
89 468 1131 1496 
90 529 565 1301 1438 
91 1081 
92 922 927 2035 
93 1435 2200 2243 2366 2519 
94 951 1622 1811 2335 4559 
95 848 1211 2120 2374 2663 
96 1065 1831 2101 2163 
97 689 1264 2054 2350 
98 311 1056 1331 
99 346 1171 1676 1867 2391 2828 
100 462 1495 1724 2069 
101 606 670 866 
102 1297 1651 
103 1181 
104 1635 1990 2028 2726 3068 
105 
106 239 277 285 3917 
107 
108 2260 
109 
110 414 604 627 
111 1050 1052 1100 1561 
112 933 1011 1551 1707 
113 122 1117 1487 
114 672 1079 1569 
115 1307 1787 1934 
116 573 1725 
117 1264 1698 
118 711 2504 
119 285 295 1423 1530 
120 1437 1657 
121 426 579 1422 1528 1847 1857 1906 2246 3973 
122 340 864 1479 
123 1166 2312 2968 3386 3969 
124 1134 1775 2306 3628 4740 4927 
125 942 1158 2467 
126 541 796 1432 1562 
127 1938 4482 
128 
129 731 1781 1873 3689 
130 2071 
131 2232 
132 1725 1906 2319 
133 619 845 1107 1208 2094 
134 1981 
135 435 871 1282 
136 1914 1994 2241 2425 
137 
138 529 2019 
139 
140 421 641 2435 3389 
141 210 1122 2344 2432 
142 165 723 1465 2305 2467 
143 309 629 811 971 1102 2353 
144 1617 3989 4385 
145 1198 1853 4892 
146 1410 2360 3081 4192 
147 662 
148 727 1046 1636 1745 
149 889 
150 675 968 1081 2443 
151 
152 1388 1551 
153 1330 1973 
154 1455 1505 
155 287 912 2283 
156 948 1444 1750 4257 
157 202 547 2247 2314 
158 1651 
159 216 624 804 1304 
160 871 1834 4960 
161 982 1943 1999 2401 2419 
162 1099 1465 1606 1795 1892 1935 
163 880 1239 2271 4726 
164 546 748 2131 2148 
165 919 1128 1458 1642 1882 2025 
166 900 1145 2068 2143 2217 
167 626 975 1038 1500 2379 
168 1298 4883 
169 561 1368 1725 2334 2380 
170 946 1091 1293 2114 2401 3831 
171 877 1425 1858 
172 716 725 1146 1483 2104 
173 
174 889 902 1101 3372 3583 
175 542 768 1253 2188 2461 2683 
176 280 2455 
177 1436 1983 
178 676 
179 316 2459 2762 
180 693 797 1489 2440 
181 1279 1533 1864 2274 
182 778 861 929 1306 1691 
183 1374 1476 1846 2345 
184 459 565 1696 1720 
185 
186 1356 2011 
187 526 827 2018 2478 3528 
188 2241 
189 509 1368 2223 
190 254 1644 1650 2348 2468 2494 3284 
191 253 1566 2056 
192 1241 
193 505 732 1148 
194 477 1265 1529 1581 1650 3369 4823 
195 951 1525 2337 
196 211 853 2240 2262 2355 2431 
197 437 439 4852 
198 665 721 1226 1971 2465 
199 703 1393 
200 1910 
201 225 649 1614 2246 2368 
202 1671 4183 4241 
203 1933 3664 
204 1609 1848 2364 
205 384 2019 2476 
206 1239 2844 
207 
208 529 
209 316 511 1559 1718 1815 1913 2239 
210 1142 1863 
211 
212 728 1988 
213 1184 
214 
215 279 1231 3520 
216 264 753 1111 1148 1315 1401 1858 
217 1531 1637 
218 927 1224 1415 1941 
219 1410 1962 2396 
220 1153 
221 694 1699 2009 2156 
222 746 1483 1592 4562 
223 886 1511 3269 
224 
225 724 1182 1567 2107 2125 3719 
226 1160 2134 2749 
227 246 695 2110 
228 2186 
229 392 1320 2345 
230 581 3220 
231 2295 
232 390 
233 726 838 1083 1499 2330 
234 284 449 464 508 591 1364 1807 
235 1105 1190 2366 3365 
236 528 684 997 1637 1781 
237 765 1166 2157 4132 
238 972 1872 2431 
239 375 410 2775 
240 414 1016 1855 
241 1209 1522 1796 2009 2255 2420 
242 
243 1951 1993 
244 2142 2361 
245 1377 2009 2415 2600 
246 2152 2431 
247 731 1561 2343 
248 1169 2108 2275 
249 1329 1580 
250 2305 
251 896 
252 305 1028 2193 
253 401 461 1082 
254 1396 1807 3234 
255 1880 2002 2181 
256 277 736 796 852 963 973 978 1421 
257 1916 2051 
258 806 1493 1884 
259 1821 2035 2223 
260 487 620 3932 
261 1492 2190 2419 
262 267 
263 1010 
264 
265 759 1527 2399 3940 
266 792 1023 1505 2101 2146 
267 297 440 895 1780 2135 2422 
268 1857 4922 
269 821 846 
270 606 1534 1983 2327 2420 2428 
271 2186 3877 
272 1949 2023 
273 697 1171 1837 
274 401 668 2100 2320 
275 1668 
276 
277 591 4280 
278 1270 2016 
279 321 1229 
280 
281 374 757 1248 1360 1640 2641 2835 3791 
282 999 1274 1611 2019 
283 901 1703 
284 1932 2148 
285 611 1546 1980 2019 
286 
287 447 530 1169 1416 1681 1866 2142 
288 1305 1432 1599 1733 
289 466 625 4772 
290 3435 
291 954 4909 
292 
293 296 336 421 1038 
294 665 774 1233 1643 1652 2901 3885 
295 1039 2208 
296 1375 2251 
297 531 538 874 2308 
298 677 884 
299 408 1528 1537 1622 1714 
300 1137 2022 
301 2498 
302 1826 2355 
303 558 1397 4719 
304 666 763 2205 3155 
305 3245 
306 326 1908 
307 897 3701 
308 1329 
309 510 996 3842 
310 775 1046 1729 2195 
311 1298 2629 
312 796 1123 
313 1839 
314 1110 1626 
315 1288 
316 357 792 2125 
317 741 1130 2113 
318 487 1832 1859 
319 1332 1344 4299 
320 728 
321 379 4024 
322 1072 
323 756 1686 2149 2600 3388 
324 837 1105 
325 393 2017 2079 2190 2317 
326 340 866 1789 2931 
327 334 4615 
328 618 2397 
329 392 568 910 1047 
330 2088 
331 836 1385 1806 
332 1106 1254 1740 1775 
333 365 769 1276 1348 1469 1604 2247 
334 427 918 2135 2381 
335 942 
336 1062 1271 2472 2702 
337 
338 1388 1877 
339 911 1522 2032 
340 1576 
341 1162 1535 2163 2409 2966 
342 545 1737 1989 
343 938 1008 2209 
344 702 777 873 2053 2180 
345 633 1406 1481 1864 3179 3758 
346 989 1750 2051 
347 483 1550 2032 
348 785 1305 1857 2378 
349 389 1122 1195 1232 1553 1931 1945 
350 431 661 
351 2402 
352 1621 1864 
353 1179 1365 
354 1961 
355 494 598 1146 2158 
356 1033 1394 2363 3117 
357 471 701 884 914 1309 1901 
358 1737 1865 2427 
359 1195 1485 
360 1233 1767 2761 
361 1425 1933 
362 2465 
363 466 628 862 1316 1398 1647 3638 
364 2227 
365 1872 3278 
366 1577 1855 1910 
367 4026 
368 439 
369 1447 1839 
370 1079 1217 2087 2148 4048 
371 667 885 
372 709 
373 811 1163 
374 1364 1386 1534 
375 1211 3491 3908 4740 
376 840 1704 1895 4163 
377 432 744 
378 2497 2880 
379 616 1151 1395 1810 2107 2333 3888 
380 894 4048 
381 3521 
382 400 1384 1972 4736 
383 424 
384 723 746 795 1754 
385 1449 2307 
386 608 930 1264 1382 1781 
387 4861 
388 1510 1711 2491 
389 412 1056 1070 1904 1949 
390 472 951 1234 
391 3649 
392 756 
393 613 
394 1683 1982 
395 702 1315 1490 1750 1966 
396 1692 1753 
397 
398 1029 
399 554 830 971 1464 2349 2351 
400 1062 1746 
401 1080 
402 764 824 1538 1758 
403 877 1949 2090 
404 773 1328 1475 1828 4891 
405 1182 1635 
406 857 969 1669 2036 2179 
407 418 1436 
408 1056 
409 482 1354 
410 436 
411 449 620 1187 
412 917 
413 1149 1438 
414 919 3094 3881 
415 2648 3909 4534 
416 869 1108 1900 
417 1142 1236 2351 3551 
418 1018 1067 1995 
419 635 1137 1510 
420 790 1804 2559 
421 1553 2086 
422 728 861 1628 1650 1764 1834 
423 1274 1973 2109 2350 
424 1285 1431 1643 
425 2445 
426 2062 2224 
427 1022 1166 1722 2030 
428 503 521 769 1244 1276 2462 2656 3267 4932 
429 2905 4855 
430 4530 
431 502 792 1511 1584 
432 1136 2094 
433 1111 1510 1790 1923 2756 
434 2308 
435 1879 2273 
436 
437 1352 2287 
438 532 616 1043 1404 1750 2467 
439 1184 1402 1455 1532 
440 1793 
441 1112 1991 2194 
442 560 1492 2406 4707 
443 
444 725 876 1067 
445 956 1417 1459 1848 2487 2684 3739 
446 658 1028 4810 
447 1902 2403 3924 3980 
448 579 1191 1358 1805 2069 2298 
449 2460 
450 646 
451 2393 
452 747 
453 
454 2300 2432 3261 
455 
456 668 1919 
457 1131 1507 1912 1917 1999 4476 
458 1141 
459 464 1402 4914 
460 781 1117 4396 
461 1008 1098 1116 1338 2305 
462 547 1666 2857 
463 611 1362 1562 2255 
464 959 1586 2233 
465 
466 1144 1290 2242 
467 624 755 1315 2308 
468 
469 639 680 715 1565 2267 2285 
470 
471 989 1355 1384 2353 2440 3029 
472 1086 1226 1449 1745 
473 633 918 1963 4543 
474 1066 2321 2330 2344 
475 1727 2153 2345 
476 1393 1808 
477 2129 
478 2356 
479 534 936 1247 1364 2118 2344 
480 1058 
481 681 1377 1842 
482 520 2079 2156 2393 
483 2086 
484 1325 2205 
485 1290 1799 2128 3038 
486 2152 
487 
488 4572 
489 1054 1352 
490 833 1245 2204 4939 
491 2743 4661 
492 1601 1832 2377 2433 
493 1472 2395 2417 
494 2046 2134 3605 
495 1248 3203 
496 1759 1854 2161 2231 
497 988 1117 1432 
498 1453 1908 2363 2958 
499 904 985 2186 
500 1622 2386 2871 
501 1601 
502 971 2324 
503 2406 
504 4957 
505 912 2062 2423 
506 717 
507 832 4635 
508 1149 
509 778 1470 
510 598 
511 1547 1784 
512 1393 2042 2101 2439 4625 
513 1262 1437 2103 
514 1341 4143 
515 570 696 1519 2128 
516 1695 1724 2045 2076 4681 
517 1730 4386 
518 837 1324 
519 1345 1711 
520 1417 1447 
521 838 846 1495 2447 2468 
522 1032 
523 1199 1578 2411 3407 4374 
524 1054 2147 
525 1067 1279 
526 1914 2020 
527 1970 2181 
528 986 1310 1558 1695 1933 
529 1763 2053 
530 864 967 1636 2490 2748 3250 
531 726 3769 
532 
533 1942 2077 2303 
534 775 1598 1811 2145 2691 
535 1188 1916 
536 1166 
537 739 1542 1649 
538 2463 
539 1008 1022 1160 2462 
540 1767 
541 700 1927 3604 
542 2314 
543 
544 809 1228 2078 2133 2274 2284 
545 632 1876 2146 
546 919 4171 
547 718 894 1160 
548 943 2285 
549 1138 2118 3233 
550 2381 3009 
551 1009 1496 1669 2294 2484 
552 1241 1785 1952 2390 
553 1836 2317 
554 736 2280 
555 1030 2148 
556 1628 1714 1746 1925 
557 1583 1642 
558 613 1691 1829 
559 587 1390 1877 2158 
560 583 1013 1749 2397 
561 2410 
562 827 831 1556 
563 2027 
564 
565 649 2382 
566 1115 
567 1081 1217 1533 1577 1797 2375 
568 851 1804 
569 1361 
570 
571 1647 1934 2288 
572 1298 1414 2002 
573 1939 1983 
574 1678 3422 
575 1512 
576 
577 
578 
579 1776 
580 1801 
581 661 2570 
582 1283 1802 2153 
583 590 991 1717 
584 2201 2260 
585 619 1711 1882 2498 
586 1782 
587 785 2022 
588 713 1726 
589 2642 
590 
591 606 767 
592 1235 2186 
593 698 744 1795 1973 
594 659 864 1669 2449 
595 753 1132 1903 2005 2175 
596 2305 2466 
597 806 
598 1919 2280 
599 746 1551 
600 871 1314 1833 2001 2143 4054 
601 605 828 993 1110 2276 3868 4951 
602 792 1340 2195 
603 1569 1896 2037 2111 2138 
604 862 1475 2257 
605 
606 1318 2364 
607 1851 
608 987 
609 
610 2442 
611 1004 
612 753 756 1803 2008 2064 2274 
613 659 1297 2167 
614 816 1554 2046 
615 680 1134 3181 
616 1324 4701 
617 1493 1668 
618 1226 1886 2184 
619 1649 
620 714 2157 4321 
621 
622 1565 1778 2435 4821 
623 1538 
624 2245 
625 
626 1901 
627 1069 
628 823 1638 1856 2346 
629 1269 1410 1901 2268 
630 971 1854 
631 1970 2209 2352 
632 2037 2371 3698 
633 
634 898 1530 2398 
635 694 
636 1559 1642 2038 
637 658 997 1292 1389 1476 1572 2071 
638 
639 1124 
640 2235 
641 1183 1928 
642 1467 1557 2122 
643 885 2130 3247 
644 2359 
645 1675 2005 
646 712 1400 
647 1087 1338 1656 4001 4960 
648 1750 
649 789 1928 
650 1654 1927 
651 
652 871 2385 3595 
653 1787 2331 
654 875 946 1002 2369 
655 867 1002 2049 
656 2119 4051 
657 841 1488 1737 1798 
658 1799 
659 1578 
660 
661 724 914 2885 
662 1070 1117 2407 
663 1249 1312 
664 2021 
665 1054 1662 3630 4920 
666 741 1734 2069 2795 
667 986 1345 2164 2195 
668 1372 1633 2091 2157 
669 4672 
670 1811 2530 
671 
672 965 1320 1336 1756 4563 
673 728 966 
674 898 1436 4072 4651 4853 
675 854 1040 2384 2560 
676 1467 2366 3964 4478 
677 776 1112 1132 3901 
678 988 2340 
679 785 1532 2055 2147 
680 1046 2590 4255 
681 862 2069 2493 
682 860 
683 1440 2154 
684 1251 1533 2328 
685 822 1389 2398 
686 852 1202 2312 
687 1105 1862 2184 4262 
688 2151 2634 
689 1052 1968 2007 
690 987 1375 1599 4245 
691 983 1096 1545 1843 2285 
692 1113 1125 1212 2211 
693 1511 2301 3805 
694 1215 1993 2785 
695 1104 1785 
696 934 1102 1168 1262 
697 829 1144 1331 2014 2158 4983 
698 821 1221 2304 
699 1086 
700 716 1118 1273 1770 1994 
701 2360 4420 
702 1319 1783 1968 2447 
703 
704 2102 
705 742 898 1625 1744 2269 
706 1106 1946 
707 1193 
708 2181 2481 4690 
709 1163 1495 1652 3433 
710 
711 748 1048 1679 2320 
712 
713 981 
714 1835 
715 1321 2101 
716 4953 
717 1488 2412 2472 3177 
718 943 2447 3542 
719 
720 1114 1416 2030 
721 
722 1296 2017 2196 
723 1378 
724 1649 
725 1659 2063 
726 1596 2023 
727 1564 1691 1828 2186 2379 
728 1083 1324 3299 
729 
730 1650 1729 2376 4858 
731 1489 1902 2053 2368 
732 
733 1546 1616 1998 
734 
735 1009 1906 
736 867 
737 1209 1390 1490 
738 1928 2145 2244 2274 
739 810 
740 967 980 1238 2211 
741 840 1385 1450 4579 
742 1560 2122 
743 908 1121 1793 
744 907 2288 
745 1179 1243 
746 1171 1294 1601 4632 
747 1517 1616 2274 
748 3557 
749 
750 
751 806 975 1142 2003 4571 
752 802 1574 
753 
754 1588 2825 
755 
756 841 1585 
757 2321 2375 
758 963 1707 
759 1635 4091 
760 1514 1741 1849 1973 
761 885 1359 2422 4874 
762 1112 1846 
763 
764 880 
765 1226 
766 1454 1459 1718 2183 2204 2878 
767 846 1064 3070 
768 
769 1978 
770 1617 1658 2191 2326 
771 1513 1825 2492 
772 1079 2239 3621 
773 860 1210 1553 1560 3545 3964 
774 3634 
775 
776 855 
777 1326 1372 1733 2261 2360 
778 
779 1462 2186 2312 
780 948 1294 1712 
781 1191 1802 
782 1424 
783 896 1807 2381 2410 
784 995 1027 2949 
785 1681 2024 2350 2582 3743 
786 979 1261 1806 2471 4288 
787 849 1564 
788 1063 
789 1612 1640 2260 3222 
790 1170 
791 1692 1934 1982 2285 
792 952 1460 1557 2038 2437 2459 
793 905 1299 1606 1685 2073 2077 2483 
794 1019 
795 
796 1469 1735 
797 1231 2287 2336 2410 
798 
799 2035 
800 1597 2280 
801 1143 2484 3069 
802 1125 1127 
803 819 1787 2021 
804 
805 877 1826 2331 
806 1371 1737 1916 
807 
808 1321 
809 1078 1949 
810 955 2302 
811 1015 1371 1582 2851 3242 
812 1391 1974 2360 
813 988 2289 
814 
815 1913 
816 
817 1179 1496 1952 
818 1650 1947 2160 2341 
819 828 2315 
820 1095 1581 1597 2183 
821 
822 992 3195 
823 1315 1335 2195 2474 
824 1217 2237 2304 
825 1423 4795 
826 1569 2248 
827 
828 3202 
829 2059 2478 
830 1293 2007 
831 4661 
832 844 2311 
833 1109 1969 
834 1588 1645 2081 
835 1789 
836 1158 2090 2483 
837 1534 
838 988 1047 1553 2034 2458 
839 1471 1974 
840 3020 
841 941 1407 4532 
842 1311 1932 2242 
843 936 966 1370 1855 
844 1583 3971 4171 
845 1562 2347 
846 885 1152 
847 1349 
848 905 3076 3237 
849 1449 1461 4036 
850 1815 1844 2242 
851 
852 1811 2722 
853 1662 1848 
854 1272 
855 1017 1245 1302 
856 877 1349 1814 2048 3254 
857 1539 
858 2051 
859 861 1089 1227 4372 
860 1777 1868 2237 2244 
861 1014 2652 
862 1213 1797 4999 
863 1627 1836 
864 1588 
865 1560 1816 
866 1925 2034 2102 2379 3303 3458 
867 999 1112 2059 
868 1367 1972 
869 1133 2289 
870 1301 2150 2265 
871 1356 2195 
872 1220 3966 
873 1159 2870 
874 4908 
875 1183 1204 2060 2143 
876 1909 1969 2050 2256 
877 1507 2246 2904 4981 
878 1498 
879 2016 2244 
880 1729 1820 1958 
881 1679 1769 2102 2174 
882 
883 
884 2238 4451 
885 931 1278 
886 1842 2410 4234 
887 
888 1261 
889 945 1833 2300 2334 2386 2450 3712 
890 2229 2811 
891 1505 1708 
892 3046 
893 4073 
894 948 1673 2042 2273 
895 
896 2333 
897 2345 2390 
898 1053 
899 1696 2195 2478 
900 1269 2377 2470 
901 1152 1591 1798 4507 
902 974 2051 
903 1652 2330 
904 
905 916 1562 2150 
906 1267 
907 
908 1905 2318 
909 2013 
910 1014 2155 2211 2463 
911 973 2494 2701 3117 4132 
912 1254 2730 2749 4951 
913 2084 2396 
914 1565 2023 2253 2393 
915 1262 
916 1561 2432 
917 3971 4760 
918 1020 1141 1255 1450 1668 2294 3021 
919 1374 1661 1670 1928 
920 3785 
921 2250 2395 4429 
922 1725 1783 
923 1618 1646 2564 4664 
924 2020 2235 
925 1926 2097 2393 
926 1741 
927 947 998 1722 2390 
928 
929 1901 2035 
930 1552 2144 
931 1181 
932 1580 2172 
933 1141 1822 1898 
934 1442 2163 
935 1174 2092 
936 1187 1413 
937 3416 
938 1054 1160 1355 1405 4319 
939 1161 1799 2489 
940 
941 946 1811 1907 2297 
942 971 
943 969 1816 3902 
944 1457 1815 
945 1726 
946 1013 
947 
948 1304 1455 2358 2373 
949 1693 
950 
951 1498 1978 1979 
952 1773 1931 2344 2372 
953 
954 989 1321 1471 
955 3597 
956 1143 1797 2003 4923 
957 1888 
958 1159 1501 2354 2491 
959 996 1444 1950 
960 2459 
961 1332 
962 2266 2460 
963 1110 1159 2106 4036 
964 1536 4711 
965 2162 
966 1035 2301 
967 1311 1380 
968 4351 
969 2011 4389 
970 1383 1864 
971 1025 2212 2293 
972 987 1142 1400 
973 3057 
974 1318 2477 
975 
976 1632 1670 2236 
977 1241 1360 1849 2116 
978 1144 1311 1527 2153 2333 4364 
979 3875 
980 1725 2273 
981 1426 1746 2533 
982 1040 1975 2374 
983 1574 2147 
984 3853 4906 
985 1139 
986 1243 1723 
987 1796 2083 2467 
988 
989 1312 1795 3082 3251 3978 
990 1682 2313 
991 
992 1313 
993 1020 1742 
994 1657 2283 
995 1692 
996 1913 2402 4440 
997 1026 1871 2070 
998 1148 
999 1197 1201 2409 
1000 4809 
1001 1002 1910 2449 
1002 1393 3648 
1003 1093 2353 
1004 
1005 1574 4208 
1006 1634 2698 
1007 2088 2287 
1008 2019 
1009 1601 4389 
1010 4336 
1011 1930 
1012 1806 2887 
1013 2395 4479 
1014 1470 
1015 1945 
1016 1118 2221 
1017 1631 3978 4420 
1018 4120 
1019 2458 
1020 4022 
1021 1139 1172 1319 1409 1648 1809 2322 
1022 1424 2201 
1023 1164 1725 1731 2225 
1024 1324 1745 4523 
1025 1754 
1026 1049 1284 1995 
1027 2059 3462 
1028 
1029 
1030 1521 1558 
1031 2180 4260 
1032 2000 2006 3299 4384 
1033 1465 1536 1814 1962 4126 
1034 1946 
1035 1323 1688 1886 2365 
1036 1596 1604 
1037 1073 1187 1757 
1038 1995 
1039 1679 
1040 1513 
1041 1734 1777 2237 
1042 2347 3121 
1043 2186 2228 
1044 1796 2070 
1045 1076 1315 1972 2002 2127 
1046 3944 
1047 1488 4116 
1048 1419 2081 
1049 1748 
1050 2364 
1051 2307 
1052 1073 1707 2464 
1053 
1054 2250 
1055 2486 
1056 1094 1141 3323 4543 
1057 
1058 1691 1761 
1059 1530 2179 
1060 1772 3282 
1061 1247 1471 2429 
1062 1078 1369 1456 1559 2121 
1063 2026 3253 
1064 1950 2454 
1065 1387 1899 
1066 
1067 
1068 1874 2878 
1069 2472 
1070 1557 4090 
1071 3479 3545 
1072 2234 
1073 1242 2561 
1074 2385 
1075 1498 4932 
1076 1933 
1077 1284 2221 
1078 1391 1426 1452 
1079 1160 1395 1676 2368 
1080 1590 2115 2260 
1081 
1082 
1083 
1084 1497 2222 3677 
1085 
1086 1119 1236 
1087 1182 1428 
1088 1157 3574 4796 
1089 2037 2328 2482 
1090 1971 
1091 1129 1449 1490 
1092 
1093 1964 2045 
1094 1913 
1095 2270 
1096 1287 
1097 1443 
1098 1813 2150 2326 2442 
1099 1247 1853 
1100 4947 
1101 1274 1786 2296 
1102 1560 2164 
1103 1132 1143 1504 1505 
1104 1250 2056 2808 
1105 1214 1716 
1106 
1107 1167 1545 2190 
1108 
1109 1192 1925 1939 4512 
1110 3659 
1111 1183 
1112 1162 2380 
1113 1771 
1114 
1115 1137 1284 2216 2245 
1116 1605 1773 
1117 4849 
1118 1366 2039 
1119 1145 1438 1723 1930 
1120 
1121 1977 
1122 1482 1836 
1123 2098 
1124 1398 2372 
1125 
1126 1646 
1127 1319 1819 1862 3431 
1128 3976 
1129 1233 1857 1908 3071 
1130 1432 
1131 1165 1293 2440 4209 4590 
1132 
1133 
1134 1491 1924 3872 
1135 1486 
1136 2147 2424 
1137 1352 1649 
1138 1992 2759 
1139 1188 
1140 1389 1523 1606 2253 
1141 4206 
1142 1218 1400 1636 1793 4511 
1143 1171 1245 1390 2054 2238 3387 
1144 1182 1414 2357 
1145 2166 2463 3423 
1146 1438 2051 
1147 2216 2314 
1148 1297 2173 
1149 1566 1678 4879 
1150 1509 3515 
1151 
1152 1545 2839 4245 
1153 1707 2017 
1154 2416 4194 4595 
1155 1186 1739 2201 
1156 1524 2106 2300 
1157 1286 2259 2936 
1158 1876 1965 2231 3619 
1159 1780 1891 
1160 1816 3952 
1161 1813 2021 
1162 
1163 2679 
1164 1348 
1165 2049 2107 
1166 
1167 1382 
1168 1957 2497 
1169 1269 2431 
1170 1906 
1171 1415 1976 2319 3534 
1172 1424 1468 2100 2199 
1173 1401 4523 
1174 1638 1981 1986 
1175 1829 2041 2135 2969 
1176 1464 
1177 
1178 3613 
1179 
1180 
1181 1912 4127 4268 
1182 1223 1470 2074 2083 
1183 1692 
1184 2208 
1185 1289 
1186 
1187 1230 2470 2496 
1188 1739 3655 
1189 1694 1988 
1190 2072 2095 2226 3484 
1191 1573 
1192 2125 
1193 
1194 2430 3509 
1195 2360 2382 
1196 2005 2365 2619 3007 
1197 
1198 1444 1584 3243 
1199 2142 2390 
1200 2336 4509 
1201 1212 1281 
1202 1786 
1203 2379 
1204 3354 
1205 1795 2112 
1206 1322 
1207 
1208 1797 1969 
1209 1241 1683 
1210 1718 
1211 2026 
1212 
1213 1265 1544 1723 
1214 1290 
1215 
1216 1309 
1217 1728 
1218 1640 1883 2732 2914 
1219 1371 
1220 2317 
1221 1326 1498 1845 2803 
1222 2038 2252 2378 2897 
1223 1524 2498 
1224 1540 1642 2247 
1225 
1226 1717 2152 
1227 4231 
1228 2021 
1229 2006 2811 
1230 1779 4495 
1231 1295 1326 
1232 
1233 1728 2537 
1234 2085 4002 
1235 2426 
1236 
1237 
1238 1884 2225 
1239 
1240 1492 2026 
1241 1517 2234 2327 
1242 1361 
1243 1582 2028 
1244 1745 
1245 1700 2045 
1246 
1247 
1248 
1249 3201 
1250 3095 4654 
1251 1472 2140 
1252 1340 1595 2038 2242 
1253 1734 
1254 1991 
1255 1631 2483 
1256 1884 1885 2040 
1257 1767 
1258 1343 2150 2223 2449 
1259 2375 
1260 2175 2329 
1261 2059 2305 
1262 1827 
1263 1306 
1264 1626 
1265 1465 3070 
1266 2198 2389 2403 
1267 1452 1601 1789 3138 
1268 1435 1926 2227 2269 
1269 1357 
1270 2269 2751 
1271 4666 
1272 2274 2431 
1273 1438 
1274 
1275 1752 
1276 4463 
1277 
1278 3897 
1279 1346 1458 2261 2472 
1280 1419 
1281 2417 
1282 1599 2088 2092 2136 
1283 1932 
1284 2271 2429 
1285 1870 2094 2123 
1286 1327 1385 
1287 1459 2152 2153 
1288 1425 1653 1714 2221 2485 
1289 1776 2080 
1290 
1291 
1292 1678 2090 2437 
1293 
1294 1604 1872 2835 
1295 2709 
1296 1766 2227 
1297 
1298 1557 4770 
1299 
1300 
1301 1755 4747 
1302 1778 2104 3933 
1303 1812 3851 
1304 1858 1997 2362 4916 
1305 1553 
1306 4786 
1307 2165 2784 
1308 
1309 3076 
1310 
1311 1616 
1312 1578 1850 2229 
1313 2061 3252 
1314 1629 1962 
1315 2394 
1316 1674 1743 2555 
1317 2134 2389 2774 3123 
1318 1930 2670 
1319 
1320 3073 
1321 1456 2393 
1322 2292 
1323 1330 
1324 1686 1944 2209 2250 3929 
1325 2093 2326 
1326 
1327 1433 1669 1950 3066 
1328 2003 
1329 
1330 
1331 1499 1752 2070 2367 
1332 1560 2391 
1333 1747 
1334 1481 1809 
1335 
1336 
1337 1761 
1338 1568 1874 2094 2106 2473 3147 
1339 1539 
1340 1602 
1341 2127 2155 
1342 
1343 1403 
1344 
1345 1700 2419 2472 
1346 
1347 3646 
1348 1582 4210 
1349 1551 1940 
1350 1772 
1351 1493 2337 2826 
1352 1651 
1353 1556 1918 
1354 1565 3622 
1355 1435 
1356 2354 
1357 1371 1668 1726 1762 
1358 
1359 
1360 1843 
1361 1777 
1362 
1363 1475 2484 
1364 1379 2257 2403 4305 
1365 1446 1613 1924 2121 2447 
1366 4375 
1367 
1368 2033 4374 
1369 2737 
1370 1452 2271 
1371 1437 1836 4744 
1372 1421 1721 1964 2384 3844 
1373 1581 
1374 
1375 1624 3115 
1376 1451 1519 2339 
1377 1862 
1378 1422 2020 3586 
1379 2409 2480 
1380 1400 1679 
1381 1628 
1382 1753 3536 
1383 1871 
1384 
1385 1390 
1386 1882 2253 
1387 2482 
1388 1752 2160 2175 
1389 1695 1833 
1390 1459 1866 1915 2013 2482 
1391 1686 2443 4551 
1392 1775 1913 2348 
1393 1817 
1394 1780 
1395 1755 1948 2212 
1396 2247 2282 2487 
1397 1569 
1398 1673 
1399 1942 
1400 1868 
1401 2502 3286 
1402 4920 
1403 1962 2236 
1404 
1405 1501 1567 1635 1718 1888 2219 2359 
1406 1580 1905 4755 
1407 1465 2075 2214 
1408 1609 1971 
1409 2107 2338 2462 
1410 
1411 1430 1700 1798 2430 3194 
1412 1525 1926 2387 
1413 1547 
1414 1673 
1415 1574 4529 
1416 1816 1975 3889 
1417 1579 1616 1909 2305 
1418 
1419 1696 2304 4078 
1420 1484 1551 
1421 1549 2357 
1422 
1423 4091 
1424 1542 1866 2070 2227 3428 
1425 1496 2105 
1426 
1427 1929 2032 2120 
1428 1563 
1429 1444 2357 
1430 2350 4111 
1431 4383 
1432 1644 
1433 2346 4117 
1434 1642 2308 3668 
1435 1748 
1436 1562 2133 
1437 3689 
1438 
1439 
1440 1572 1833 2131 3754 4523 
1441 2247 
1442 1927 
1443 1740 2123 
1444 1662 1781 1945 
1445 
1446 
1447 2079 
1448 2953 
1449 1476 2411 
1450 1946 2051 2352 
1451 1831 2412 3569 
1452 1494 2311 
1453 1708 1738 
1454 3729 
1455 2388 2621 
1456 1957 2208 2417 
1457 
1458 2202 2524 4264 
1459 1604 2847 
1460 1573 3422 
1461 
1462 2997 
1463 1622 
1464 
1465 2106 
1466 2033 
1467 1758 
1468 1518 2492 
1469 4706 
1470 2093 2354 
1471 1972 
1472 1992 
1473 
1474 2221 
1475 
1476 2066 2271 
1477 2277 
1478 1663 2645 4192 
1479 1579 
1480 1901 2471 
1481 1795 1857 2499 
1482 1573 2167 2405 2417 
1483 2423 
1484 2162 
1485 2153 2963 
1486 1784 
1487 2062 2973 2983 4997 
1488 1893 
1489 4396 
1490 1835 1941 
1491 1716 2683 
1492 
1493 
1494 1741 
1495 1672 1753 1924 2354 
1496 2423 4539 
1497 
1498 
1499 1511 2581 
1500 
1501 1614 1628 
1502 2182 
1503 1911 
1504 1922 2323 2935 3714 
1505 2072 2349 
1506 
1507 
1508 1765 2109 
1509 1575 2465 
1510 2398 
1511 
1512 1938 2406 
1513 2708 
1514 2126 2238 2306 3832 
1515 
1516 
1517 
1518 3720 
1519 2072 2493 
1520 1651 4511 
1521 
1522 2110 2125 2340 
1523 1526 1847 4796 
1524 
1525 1550 4630 
1526 1638 
1527 
1528 1534 4143 
1529 2762 3784 
1530 
1531 1892 2227 4209 
1532 
1533 1927 
1534 1741 1811 
1535 2931 
1536 1894 2454 
1537 1616 
1538 2212 
1539 
1540 1576 2329 
1541 3100 4126 4453 
1542 1906 
1543 
1544 1827 2631 
1545 2031 2282 
1546 1570 1747 
1547 1608 
1548 1989 2296 2421 
1549 2091 2412 
1550 
1551 2202 2398 
1552 2355 4605 
1553 1604 2164 2412 
1554 1609 4354 
1555 1556 1965 
1556 1639 
1557 1688 1988 
1558 
1559 
1560 2463 
1561 2123 2148 
1562 
1563 1949 2316 2415 3567 
1564 2216 2308 2968 
1565 1750 1780 2440 
1566 2354 
1567 1674 2117 2457 
1568 2130 4423 
1569 1653 1759 1947 3531 4177 
1570 
1571 1778 1963 2481 
1572 2468 
1573 1967 2218 
1574 1895 2321 2332 4174 
1575 
1576 2098 
1577 1778 1831 2186 4053 4851 
1578 
1579 
1580 
1581 2043 3241 
1582 2280 
1583 2054 2377 4995 
1584 
1585 1886 
1586 
1587 
1588 2124 
1589 2410 2430 
1590 1637 1955 
1591 1623 3183 
1592 2438 
1593 2467 
1594 2041 2413 
1595 1766 
1596 1743 
1597 2082 
1598 
1599 
1600 1952 
1601 
1602 1738 2610 
1603 
1604 1752 2185 2644 
1605 1699 
1606 4405 
1607 2241 3077 
1608 1652 
1609 1915 2402 
1610 1726 
1611 1870 2125 
1612 2268 4868 
1613 3154 
1614 4633 
1615 
1616 3303 
1617 1847 2137 
1618 1626 1708 1882 1932 
1619 2133 2885 
1620 1944 2323 4614 
1621 
1622 1776 1983 2263 2428 
1623 
1624 2094 2638 
1625 1886 2036 2110 
1626 
1627 2112 2392 
1628 2230 2244 
1629 1953 
1630 2007 2012 2134 2275 
1631 
1632 
1633 2364 
1634 
1635 
1636 1862 
1637 1789 3564 
1638 1847 2147 2323 
1639 3776 
1640 1808 1874 1992 3294 3464 
1641 1865 
1642 2108 2333 
1643 
1644 3598 
1645 
1646 4011 
1647 2060 
1648 1847 
1649 1951 
1650 2387 2413 4373 
1651 
1652 2124 2134 
1653 1848 
1654 4215 
1655 
1656 3100 
1657 
1658 1669 1950 
1659 4688 
1660 2257 
1661 2452 2793 
1662 2068 4607 
1663 
1664 2057 2823 
1665 
1666 
1667 2053 2061 2697 
1668 4673 
1669 2277 2420 
1670 1716 
1671 
1672 2837 
1673 1741 
1674 1938 1987 2045 
1675 2254 2666 
1676 3044 
1677 
1678 1725 2152 
1679 2343 
1680 1776 1893 2360 
1681 
1682 2795 
1683 
1684 
1685 
1686 
1687 1844 
1688 2276 
1689 
1690 2409 2479 
1691 1862 2386 
1692 2208 
1693 1711 4472 
1694 2284 2633 
1695 2472 
1696 2057 
1697 
1698 
1699 
1700 
1701 2116 
1702 4309 
1703 1826 2482 
1704 1859 3758 
1705 1721 1841 2387 
1706 4583 
1707 1885 
1708 2277 
1709 1791 
1710 
1711 2053 2100 
1712 
1713 2497 
1714 
1715 2102 
1716 1880 
1717 3256 
1718 2071 2151 2256 
1719 2140 
1720 2083 2109 2183 2253 
1721 1941 2146 2444 4737 
1722 2282 2291 
1723 1803 2142 
1724 1846 
1725 
1726 1883 1927 1931 2295 4107 
1727 3468 
1728 2273 
1729 2096 
1730 2285 
1731 1983 2295 2373 
1732 1887 
1733 1884 2045 2420 
1734 2148 4407 
1735 4093 
1736 
1737 2109 
1738 2058 
1739 2099 2201 
1740 2068 2454 
1741 3372 4020 
1742 2490 4716 
1743 1991 2063 2308 
1744 2177 3018 
1745 3332 
1746 2069 2249 
1747 1813 
1748 
1749 
1750 1793 2070 
1751 2160 
1752 1803 2217 2324 2417 
1753 3784 
1754 2309 
1755 
1756 
1757 1785 
1758 
1759 2373 
1760 2355 2751 
1761 
1762 2137 
1763 2414 
1764 
1765 1796 2729 
1766 3277 
1767 2459 
1768 
1769 
1770 2482 
1771 1811 
1772 2054 
1773 
1774 2105 2292 2370 
1775 
1776 
1777 2394 3436 4712 
1778 1830 
1779 
1780 2564 
1781 
1782 
1783 1791 1926 1939 2208 
1784 1997 
1785 1810 2114 2427 2452 
1786 
1787 2487 3759 
1788 2327 4266 
1789 
1790 
1791 
1792 1824 2195 2612 
1793 2034 
1794 1847 
1795 1816 1848 4040 
1796 2062 
1797 2051 
1798 1989 2078 
1799 2104 4500 
1800 1855 
1801 1816 
1802 1881 
1803 2231 
1804 1843 
1805 2198 2491 
1806 2272 
1807 
1808 
1809 2401 
1810 2120 2442 
1811 3731 
1812 1821 2379 
1813 
1814 
1815 
1816 
1817 1824 2100 
1818 
1819 
1820 
1821 1941 3005 
1822 2057 
1823 
1824 2184 
1825 
1826 1989 2066 
1827 2305 3834 
1828 2167 
1829 
1830 2203 4055 
1831 2402 2434 
1832 3713 
1833 2040 2136 
1834 1894 2046 
1835 2235 
1836 1893 2174 2183 
1837 
1838 2330 
1839 2120 2276 2424 
1840 
1841 2010 4711 
1842 2348 
1843 
1844 2032 
1845 
1846 2146 2726 
1847 2445 
1848 2150 
1849 1947 4608 
1850 1896 2032 
1851 
1852 2075 2433 3983 
1853 1952 
1854 
1855 
1856 
1857 
1858 1927 2310 
1859 2331 
1860 2668 
1861 2000 
1862 2259 2888 4138 
1863 1870 1926 
1864 1971 
1865 1983 2015 2105 
1866 2811 4146 
1867 
1868 
1869 4590 
1870 
1871 2170 
1872 4837 
1873 
1874 1923 1946 
1875 1917 3607 
1876 3552 
1877 2028 
1878 
1879 1920 2177 
1880 
1881 
1882 2226 2305 2428 
1883 
1884 2105 
1885 1957 2239 2282 
1886 2061 2212 4367 
1887 2034 
1888 2012 
1889 1938 
1890 2080 
1891 2341 
1892 1988 
1893 
1894 3333 
1895 3497 
1896 
1897 3351 
1898 3791 
1899 
1900 
1901 
1902 2329 
1903 3638 
1904 2311 2977 
1905 2456 2477 
1906 2027 
1907 2326 2430 2458 
1908 1920 
1909 
1910 3961 
1911 2339 2441 
1912 2033 
1913 2071 
1914 2427 
1915 
1916 2406 2458 
1917 1929 4403 
1918 
1919 
1920 1927 
1921 
1922 
1923 2378 2405 3724 
1924 
1925 
1926 1971 
1927 4815 
1928 
1929 2477 2731 
1930 2176 
1931 
1932 2185 2454 
1933 4927 
1934 2035 2108 
1935 2039 2423 2452 
1936 2391 
1937 3038 
1938 3258 
1939 4812 
1940 2169 2235 2405 2408 
1941 
1942 
1943 2576 
1944 
1945 
1946 2136 2372 
1947 1956 3773 
1948 
1949 
1950 
1951 1977 2045 
1952 2178 2298 
1953 
1954 2012 2373 3869 
1955 
1956 
1957 
1958 2407 2470 
1959 2048 4209 
1960 
1961 2162 
1962 2163 2284 3916 
1963 2293 
1964 
1965 2172 
1966 2181 2216 
1967 2417 
1968 2399 2460 
1969 2334 
1970 2236 
1971 2436 
1972 
1973 
1974 4478 
1975 2087 2437 
1976 
1977 2467 
1978 2469 
1979 2335 2504 4075 
1980 2397 
1981 4204 
1982 
1983 2032 
1984 2519 
1985 
1986 4482 
1987 2350 2500 2601 3791 
1988 3162 
1989 
1990 2309 2363 4730 
1991 2032 2203 2463 
1992 2008 4090 
1993 3792 
1994 
1995 
1996 2027 
1997 2242 
1998 3863 
1999 2493 4177 
2000 2475 
2001 
2002 2106 2126 2333 
2003 2176 
2004 
2005 2201 2384 2388 2407 
2006 2022 
2007 
2008 2292 3216 
2009 
2010 
2011 2187 
2012 2347 
2013 2347 
2014 2267 
2015 2259 
2016 2044 
2017 4035 4467 
2018 2069 
2019 2226 
2020 2127 
2021 2408 
2022 2157 2289 4930 
2023 
2024 4169 
2025 4488 
2026 4936 
2027 
2028 
2029 4155 
2030 2070 3711 
2031 2208 
2032 
2033 
2034 3919 
2035 
2036 
2037 2149 2365 3346 
2038 
2039 
2040 4855 
2041 
2042 2224 
2043 
2044 2301 
2045 4809 
2046 2230 
2047 2371 
2048 
2049 
2050 3034 4082 
2051 3545 4651 
2052 2378 4911 
2053 
2054 2105 
2055 
2056 
2057 
2058 3192 
2059 4661 
2060 
2061 3309 
2062 3235 
2063 
2064 2204 3908 
2065 2082 2749 
2066 4220 
2067 2352 2422 2470 
2068 2381 
2069 2466 4982 
2070 3097 
2071 2093 
2072 2368 
2073 
2074 2114 4426 
2075 
2076 2267 
2077 2569 
2078 
2079 
2080 
2081 2126 2284 
2082 
2083 2327 
2084 4066 
2085 
2086 2161 2936 
2087 
2088 3838 
2089 
2090 2640 
2091 2921 
2092 2248 
2093 4823 
2094 3415 
2095 4784 
2096 
2097 2176 
2098 3933 
2099 2439 2806 
2100 3590 
2101 
2102 
2103 2106 2167 
2104 
2105 2158 2477 2488 
2106 2228 4671 
2107 
2108 2269 2326 2422 
2109 
2110 4910 
2111 2229 
2112 3933 4084 
2113 4150 
2114 
2115 2918 
2116 3112 
2117 2193 
2118 
2119 
2120 2332 
2121 
2122 
2123 2498 2822 
2124 4098 
2125 
2126 2425 
2127 
2128 3184 
2129 2412 
2130 3277 
2131 2266 2279 
2132 2490 
2133 2381 
2134 2331 
2135 2384 2589 
2136 2203 2248 
2137 2441 
2138 
2139 2351 2355 
2140 2265 
2141 
2142 2411 
2143 
2144 2451 
2145 2434 
2146 3851 
2147 
2148 
2149 
2150 4889 
2151 2471 3919 
2152 
2153 2222 
2154 
2155 
2156 2622 
2157 2580 
2158 
2159 
2160 2320 2516 2957 
2161 
2162 4842 
2163 
2164 2231 
2165 2361 
2166 2581 
2167 
2168 
2169 2194 
2170 
2171 2390 
2172 2239 2282 3947 
2173 
2174 2460 
2175 2257 2480 
2176 2328 4401 
2177 
2178 2195 
2179 
2180 2432 
2181 
2182 
2183 2232 
2184 
2185 
2186 
2187 
2188 
2189 
2190 
2191 
2192 2267 
2193 2291 
2194 
2195 
2196 
2197 
2198 2430 
2199 
2200 
2201 3034 
2202 
2203 
2204 
2205 2479 
2206 2399 
2207 
2208 2389 
2209 4831 
2210 
2211 3042 
2212 
2213 
2214 
2215 
2216 
2217 2316 4268 
2218 
2219 
2220 
2221 
2222 
2223 2377 3525 
2224 
2225 2259 
2226 
2227 
2228 
2229 
2230 
2231 3474 
2232 2373 
2233 2347 
2234 
2235 
2236 2281 2345 
2237 
2238 
2239 4581 
2240 2476 
2241 2479 
2242 2327 
2243 
2244 2381 4007 
2245 
2246 2285 
2247 
2248 
2249 2434 2945 
2250 
2251 
2252 2275 
2253 3672 
2254 
2255 2275 
2256 
2257 
2258 2483 4366 
2259 
2260 4263 
2261 
2262 2375 4544 
2263 
2264 2384 3227 
2265 3253 
2266 2372 
2267 
2268 
2269 
2270 2356 
2271 2387 
2272 2377 
2273 
2274 
2275 4844 
2276 
2277 
2278 
2279 2409 3582 
2280 
2281 3647 
2282 2347 
2283 
2284 
2285 2473 
2286 
2287 
2288 2368 
2289 2435 
2290 
2291 3030 
2292 
2293 2453 
2294 2398 
2295 2407 
2296 
2297 
2298 
2299 2325 
2300 2368 
2301 
2302 2411 3240 
2303 
2304 
2305 2453 
2306 
2307 
2308 2441 
2309 
2310 2452 
2311 
2312 
2313 
2314 4061 
2315 2470 2483 
2316 2401 
2317 
2318 
2319 3829 
2320 2337 
2321 
2322 2998 4492 
2323 
2324 
2325 4436 
2326 3153 
2327 2420 
2328 
2329 
2330 2469 
2331 
2332 
2333 
2334 4880 
2335 2336 3158 
2336 4495 
2337 
2338 
2339 2423 
2340 4863 
2341 
2342 2419 
2343 2374 
2344 
2345 4295 
2346 3028 3409 
2347 
2348 2453 4874 
2349 
2350 
2351 
2352 
2353 
2354 
2355 
2356 2710 3680 
2357 
2358 
2359 
2360 
2361 
2362 2460 3715 
2363 
2364 
2365 
2366 
2367 2477 2480 
2368 3634 4305 
2369 3362 4345 
2370 4315 
2371 3118 4386 4458 
2372 4573 
2373 
2374 3215 
2375 
2376 
2377 
2378 
2379 
2380 
2381 
2382 
2383 
2384 
2385 2433 
2386 
2387 
2388 2468 
2389 
2390 
2391 4266 
2392 
2393 
2394 
2395 
2396 
2397 
2398 
2399 
2400 
2401 
2402 
2403 
2404 
2405 
2406 
2407 
2408 4324 
2409 
2410 
2411 
2412 3123 3170 
2413 
2414 2468 
2415 
2416 2446 
2417 
2418 
2419 
2420 4896 
2421 3471 
2422 
2423 3122 
2424 
2425 3007 
2426 2449 3461 
2427 
2428 
2429 2481 
2430 2491 
2431 
2432 2552 
2433 4293 
2434 
2435 
2436 
2437 
2438 
2439 4142 
2440 3555 
2441 
2442 
2443 
2444 2457 
2445 
2446 
2447 2463 3303 
2448 
2449 
2450 
2451 3587 
2452 2492 3984 
2453 
2454 
2455 4994 
2456 
2457 
2458 3134 
2459 
2460 
2461 
2462 
2463 2715 
2464 3747 
2465 
2466 
2467 4197 
2468 
2469 
2470 
2471 
2472 
2473 
2474 
2475 
2476 4403 
2477 
2478 
2479 3886 
2480 
2481 
2482 
2483 3119 
2484 
2485 
2486 
2487 
2488 
2489 
2490 4914 
2491 
2492 
2493 
2494 
2495 4332 
2496 
2497 
2498 
2499 2569 
2500 3238 4283 
2501 4641 
2502 2550 2928 4001 
2503 2844 4741 
2504 2735 2805 3843 3849 4236 4304 4425 
2505 4191 
2506 2647 3490 
2507 3730 4978 
2508 2513 2682 3851 4033 
2509 2523 2548 2930 3029 
2510 2629 
2511 4459 4719 4783 
2512 4591 4918 
2513 3156 3756 
2514 4696 4889 
2515 2524 3067 3522 4426 
2516 2962 3621 
2517 2547 3885 4608 4993 
2518 3451 3656 4849 
2519 2953 3031 4098 
2520 
2521 
2522 3510 4208 4564 
2523 2888 3054 3175 3207 3393 4231 4526 
2524 2674 2945 3127 3359 4614 4761 4980 
2525 2808 
2526 
2527 3008 3898 4119 4717 
2528 3300 4285 4442 4491 4577 
2529 3410 3999 
2530 3032 3387 3473 4908 
2531 2595 2751 
2532 2610 4185 4222 4536 
2533 2754 3229 4185 
2534 3115 4047 
2535 2963 3241 3458 4983 
2536 2976 3099 3305 4211 4673 
2537 2946 
2538 2653 
2539 2617 3278 3308 3484 3927 4315 4870 
2540 3373 4110 4608 
2541 2649 
2542 2840 4559 4958 
2543 2848 3229 4328 4573 4742 
2544 2930 3552 4159 4295 4674 
2545 2587 2717 3439 3970 
2546 4416 4802 
2547 2607 3070 3452 4011 4069 4449 
2548 2652 3550 4739 4881 
2549 4121 4614 
2550 2751 3324 3465 4952 
2551 4314 4622 4829 
2552 3539 3959 4507 
2553 4904 
2554 2625 2731 2887 2953 3865 4635 4886 
2555 4010 
2556 
2557 4202 4954 
2558 3434 4215 4450 4902 
2559 3702 
2560 3272 4287 4567 
2561 2675 3021 3085 3130 4267 
2562 3131 4477 
2563 3114 3608 
2564 3836 4088 4237 
2565 2938 4971 
2566 2981 3278 4136 
2567 2720 
2568 3104 
2569 3184 4554 
2570 4586 
2571 3098 3165 3833 
2572 3565 3757 
2573 2628 4009 4240 
2574 2800 
2575 2831 4114 4291 4732 
2576 3562 
2577 3136 4160 4768 4930 
2578 3659 4053 4613 4775 
2579 3010 3252 3527 4015 4910 
2580 3212 3752 4228 4950 
2581 
2582 3274 3646 4269 4997 
2583 4713 
2584 2914 3620 3973 4105 4195 4625 4696 
2585 3134 4357 4842 
2586 2836 2854 4965 
2587 2768 3086 4335 
2588 3650 
2589 3270 4942 
2590 3045 3621 4657 4843 
2591 3139 3523 4467 
2592 2699 4861 
2593 4939 
2594 3675 3814 
2595 
2596 3531 
2597 2959 3590 3951 3958 4185 
2598 2883 3325 3466 4378 4668 
2599 2818 2824 3601 3656 3899 4563 
2600 2821 
2601 3184 
2602 2816 2904 3179 3765 4080 4972 
2603 3614 4863 
2604 
2605 2611 2712 3871 4297 4360 
2606 3670 
2607 3279 3301 4224 4558 
2608 2623 2962 
2609 2763 4208 4829 4883 4927 
2610 3284 3882 4471 4491 4527 
2611 2701 4503 4915 
2612 3724 3763 3983 4143 4534 
2613 2824 4059 4947 
2614 3028 3643 
2615 3033 3140 3669 4140 4576 4761 4794 
2616 3362 3617 3656 4297 4338 4530 
2617 3795 4047 4299 
2618 2809 3286 3654 4307 4528 4944 
2619 3875 4136 4294 4337 
2620 2897 3574 3652 3656 4102 
2621 3070 3180 
2622 3093 3628 3744 3795 4316 
2623 3207 3638 4628 4635 4775 
2624 3540 3958 4316 
2625 
2626 2791 3604 4081 4473 4635 
2627 4132 4724 
2628 3352 3827 4324 
2629 3899 4176 4379 
2630 4209 
2631 
2632 3470 3548 4551 
2633 3054 3451 4045 4371 4910 
2634 4845 4882 
2635 3203 3721 3798 
2636 3677 3835 4071 
2637 3808 4041 4168 4350 4513 
2638 4497 4612 
2639 3660 3802 4189 4600 4722 4854 4986 
2640 2785 2947 4028 4820 4840 
2641 2750 2981 3340 3467 3720 4028 
2642 2945 
2643 2737 3647 3799 
2644 2729 4033 4423 4686 
2645 2948 4471 4546 
2646 3157 3358 4576 
2647 2910 4928 
2648 2863 3672 4537 4545 4597 4672 4920 
2649 2751 3554 
2650 2902 4927 
2651 4158 4465 
2652 3791 3810 4745 4909 
2653 4711 4857 
2654 3186 4404 
2655 3794 4996 
2656 3484 3925 4240 4355 
2657 3320 4869 
2658 3058 
2659 2854 
2660 3218 
2661 3589 4509 
2662 2884 2935 3900 4563 
2663 
2664 2745 2798 3439 3552 4094 4192 
2665 4272 4494 4645 
2666 3243 
2667 3548 3880 4376 
2668 
2669 3591 4454 4618 
2670 3678 4554 
2671 3324 
2672 2695 3946 3987 
2673 3386 3778 
2674 4003 4835 
2675 2821 3386 3917 4851 
2676 
2677 3914 4351 4678 
2678 2716 3225 3435 3661 3869 4298 4649 4823 
2679 2730 4202 4250 
2680 3106 3174 3607 3858 4894 
2681 3385 4117 
2682 4119 
2683 3095 3353 3516 4755 4975 
2684 3186 3777 4481 4818 
2685 4097 4138 4805 
2686 3236 3731 
2687 3402 4582 
2688 2727 2998 3515 3887 
2689 3460 4927 
2690 
2691 3043 3813 
2692 2890 3640 4138 4611 
2693 2708 3146 
2694 2840 3872 4597 4855 
2695 2807 3908 
2696 4007 
2697 2915 2983 
2698 3774 4720 
2699 2828 2968 2986 4444 4464 
2700 2895 3150 4440 4466 
2701 3045 3277 4271 
2702 4119 4257 4704 
2703 3105 3203 3650 4003 
2704 4073 4870 4954 
2705 2848 3296 
2706 3785 4875 
2707 3297 3685 3895 4209 4243 
2708 3025 
2709 3054 3450 3747 
2710 
2711 3143 3253 3962 
2712 2786 2796 3620 
2713 3564 
2714 
2715 4024 4104 4912 
2716 2856 4065 
2717 2764 3096 4049 
2718 2833 3027 4793 
2719 4406 
2720 3428 4164 
2721 2914 
2722 3214 4726 4764 4888 
2723 3811 4583 
2724 3810 4461 
2725 3781 3979 
2726 
2727 2836 3005 3160 3923 4306 
2728 2777 3267 3491 4009 
2729 3593 4898 
2730 2824 3320 3427 3967 4247 
2731 3665 
2732 2871 3045 3117 4652 
2733 4112 
2734 2759 3207 3316 
2735 4035 4452 4511 4628 
2736 3499 
2737 3519 4065 4783 
2738 3147 4277 4655 
2739 2914 4037 4045 4447 
2740 2933 3262 
2741 2835 3197 3459 3488 3524 4140 
2742 2756 3398 3464 3722 4925 
2743 4266 
2744 2781 
2745 
2746 2750 4045 4126 4206 4486 4845 
2747 2967 2987 4378 
2748 4857 
2749 3029 3239 3432 
2750 
2751 3008 3686 4419 
2752 3336 3500 3556 4880 
2753 4603 4727 
2754 3568 3637 3768 4047 
2755 4615 
2756 2838 3813 4322 4383 4895 
2757 2952 3024 3455 4599 
2758 2969 3631 4881 
2759 3205 4920 
2760 2975 3204 3651 4140 
2761 4094 
2762 3311 
2763 3166 3271 
2764 2968 
2765 3197 4180 4566 
2766 2888 4775 
2767 3250 3502 4237 4269 4402 
2768 3119 
2769 2859 3195 3256 
2770 2921 4125 4361 
2771 3675 4698 4955 
2772 3469 4176 
2773 3054 4445 
2774 3877 4432 4454 
2775 2955 4509 
2776 3361 4060 
2777 4810 
2778 3582 3720 
2779 3401 
2780 3168 3351 
2781 2912 
2782 3336 
2783 3960 
2784 3235 4053 4539 4685 
2785 3228 3601 4296 
2786 4287 
2787 3251 3442 4026 4163 4943 4971 
2788 3814 
2789 3281 3906 4502 4510 4631 
2790 2882 4406 4409 
2791 3388 3920 
2792 2927 2930 3209 4139 4632 
2793 3588 4293 4944 
2794 3251 3591 4623 4746 
2795 3387 3785 3950 4146 4324 4688 4996 
2796 3583 4226 4693 
2797 2867 3038 4242 4913 
2798 3343 4083 4258 4557 
2799 2966 3640 3872 4915 
2800 3209 3809 4651 
2801 3553 
2802 3991 
2803 3181 4367 
2804 3726 4596 
2805 3436 4150 4427 4637 
2806 2970 3204 3357 
2807 3600 3610 3625 
2808 2847 
2809 3687 
2810 3076 3410 
2811 2817 
2812 2882 3556 4539 4880 
2813 4220 
2814 3375 4418 
2815 3227 3727 4275 4413 4655 
2816 4437 
2817 4160 4843 
2818 3697 
2819 3921 4014 
2820 4186 4317 4763 4961 
2821 4989 
2822 2930 3722 4741 4837 
2823 4138 
2824 
2825 3429 3917 4064 4620 
2826 3414 
2827 3166 3763 4352 
2828 3476 3482 
2829 
2830 3223 3720 
2831 3067 4757 4791 
2832 3346 4100 
2833 3383 3739 4739 
2834 3946 4147 
2835 3228 3509 4183 4316 4701 4739 4757 
2836 3498 
2837 3531 4146 4214 
2838 2843 
2839 3298 4315 4627 4772 
2840 2869 3020 3219 4619 
2841 2950 4364 4507 
2842 3997 
2843 2977 3169 3395 3562 
2844 3423 4636 
2845 3704 4918 
2846 3543 3595 3787 4123 
2847 4928 
2848 2914 3135 4767 
2849 3376 4769 
2850 4372 4730 
2851 3076 3175 
2852 4662 
2853 3295 
2854 2868 3203 3376 4201 4778 4939 
2855 
2856 3096 3260 
2857 2974 3172 3494 3947 
2858 3111 3314 3454 4125 4682 4691 
2859 3041 4012 4409 
2860 3329 3725 3849 3968 4802 4814 
2861 3530 4830 
2862 2896 3390 3706 3821 4476 
2863 
2864 3699 4321 
2865 3070 3486 
2866 2917 3640 3794 
2867 3431 
2868 4720 
2869 3006 4883 4915 
2870 3435 4002 4513 4586 
2871 2922 3824 
2872 3211 3519 3832 3958 
2873 2874 3222 4485 4672 4767 
2874 3944 4131 4381 
2875 
2876 2905 3394 3600 3965 4635 4721 4946 
2877 4360 4431 
2878 3019 
2879 3505 3753 3807 3946 4299 4508 
2880 3513 
2881 3085 3554 
2882 3207 3385 4408 
2883 
2884 3662 4138 4594 
2885 3653 4713 
2886 3596 
2887 3535 3578 4338 
2888 3059 3578 3716 3778 
2889 3996 4527 
2890 
2891 3374 3605 3675 4659 4687 
2892 3097 3246 
2893 2931 4452 4517 4737 
2894 3909 4653 
2895 3843 
2896 3227 4203 4774 
2897 4560 
2898 2935 4143 4160 4263 
2899 4004 4022 
2900 3637 
2901 3612 
2902 2982 3664 4356 4927 
2903 3704 4050 
2904 4598 4657 4725 4864 
2905 4821 
2906 
2907 2978 3213 3326 4746 
2908 2935 2954 3218 3383 4448 
2909 3086 3553 4868 
2910 4727 4760 
2911 
2912 3861 
2913 3011 3351 4770 
2914 3774 
2915 4600 
2916 3808 
2917 3583 4981 
2918 3635 4086 
2919 3145 3665 
2920 3930 
2921 2942 3256 3552 3895 3972 
2922 3947 4160 
2923 3261 3949 4078 4290 4359 4592 4608 
2924 3759 
2925 3855 
2926 
2927 3876 4027 
2928 4107 
2929 4010 
2930 4048 4992 
2931 
2932 3074 4808 
2933 3912 4161 4784 
2934 3413 
2935 4184 4308 4520 4669 
2936 4244 4562 
2937 
2938 3140 3506 4059 4896 
2939 2943 4247 
2940 3065 3287 3321 4162 4830 
2941 3024 3160 3802 4507 
2942 
2943 3184 4545 4743 
2944 3457 4677 4712 
2945 3749 3933 4359 
2946 4156 
2947 3057 3233 4775 
2948 3255 3909 4129 4263 
2949 3417 3804 4370 4389 4917 
2950 4233 4400 
2951 3643 3996 4668 
2952 3163 3486 
2953 4151 4964 
2954 3160 3548 
2955 3239 
2956 3243 3267 4135 4156 4333 
2957 3968 3979 4770 
2958 3102 3809 4702 
2959 3026 3145 4675 4970 
2960 3356 3477 3764 3958 4839 
2961 3154 3244 3506 3802 
2962 3187 4078 
2963 
2964 3236 3502 4133 4593 
2965 4579 
2966 3267 3459 4247 
2967 3087 4282 
2968 3055 3456 4245 4785 4880 
2969 3393 
2970 3416 3666 4692 
2971 3134 3525 3984 4254 
2972 3082 3929 4572 
2973 4904 
2974 3027 3179 3956 4078 4755 4895 
2975 3094 3741 4358 
2976 4364 4448 4743 
2977 3269 4019 4299 
2978 3522 4341 4348 
2979 3844 4586 
2980 4077 
2981 
2982 3689 4538 
2983 4646 4929 
2984 3334 3451 3608 4136 4848 
2985 3963 4059 4331 
2986 
2987 3679 4152 
2988 
2989 
2990 3629 4478 
2991 3960 4085 4133 
2992 3139 3151 3437 3822 3824 4318 
2993 3109 3241 3863 
2994 4478 
2995 3590 3803 
2996 4209 4295 
2997 3851 4934 
2998 3180 4124 4405 4622 4905 
2999 3567 
3000 3333 3888 4988 
3001 3227 3564 
3002 3073 4275 
3003 
3004 3238 3334 3615 3973 4969 
3005 3437 4018 4135 
3006 3576 
3007 3286 
3008 4110 4651 
3009 4904 
3010 
3011 3220 
3012 3148 
3013 3781 3861 3938 4111 
3014 4858 
3015 3296 4915 
3016 3399 3400 3997 4989 
3017 3248 3577 4215 4746 
3018 3781 4680 
3019 3395 3405 4199 
3020 
3021 4863 
3022 4617 
3023 3254 
3024 3366 3756 4514 
3025 
3026 
3027 3678 4320 
3028 3213 3366 4443 4672 
3029 3172 3762 3940 4157 
3030 
3031 4353 
3032 3916 4385 
3033 4057 4517 
3034 3836 
3035 3463 
3036 4714 4756 
3037 3453 
3038 3106 3289 
3039 4961 
3040 4040 4238 4480 4572 
3041 3436 4118 4207 4397 
3042 4991 
3043 3231 3339 4642 4847 
3044 3503 3624 4253 
3045 3281 3775 
3046 4499 
3047 3331 
3048 3253 4872 4883 
3049 4196 4494 
3050 3890 4212 4664 4738 
3051 3208 3243 3567 
3052 3164 3262 4238 
3053 4535 
3054 3581 3587 3838 4401 
3055 3400 4957 
3056 4268 
3057 4202 
3058 4111 4405 
3059 4434 
3060 3299 
3061 3367 3563 3658 4713 4873 
3062 3333 3518 3521 4101 4287 
3063 3487 4880 
3064 3103 3311 3477 3917 4907 
3065 3697 4282 4345 4890 
3066 3615 3984 4230 
3067 3338 
3068 4231 
3069 
3070 3404 
3071 4179 4823 
3072 4941 
3073 4092 
3074 3815 4395 
3075 3278 3609 3779 4028 4152 
3076 3785 
3077 3791 3890 4352 
3078 4660 
3079 4013 4553 4897 
3080 3166 3381 3788 4239 4347 4737 
3081 3213 3255 3409 4030 4675 4759 4806 
3082 3694 3836 4477 4486 4817 4921 
3083 3767 3934 4252 4443 
3084 3897 3956 
3085 
3086 3912 3926 4652 4755 4991 
3087 3614 3770 4272 
3088 
3089 3746 4956 
3090 4172 4388 4748 
3091 3770 4358 
3092 4170 4844 
3093 4463 
3094 4741 
3095 3286 4675 
3096 4242 
3097 3661 3805 4054 4238 4680 
3098 4231 4895 4903 
3099 4162 4637 
3100 3375 4111 
3101 4391 
3102 3744 4658 
3103 3991 4380 
3104 4333 
3105 4039 
3106 3152 
3107 4649 4709 
3108 4790 
3109 4860 
3110 3798 4358 4662 
3111 3462 3532 3673 3782 3820 4753 
3112 3742 4381 4479 4956 
3113 3209 
3114 3654 
3115 3136 3774 4041 
3116 3256 
3117 4885 4949 
3118 3706 4098 4933 
3119 4329 
3120 3609 4673 
3121 4476 4543 4605 4769 
3122 3436 4071 4523 
3123 3204 3684 3881 4043 4222 
3124 3636 4587 
3125 4068 4219 4335 
3126 3848 4765 
3127 3838 4199 4555 
3128 
3129 3984 4062 
3130 
3131 3758 4479 
3132 
3133 3715 3734 4137 
3134 3647 4778 
3135 4049 
3136 3530 
3137 3200 3863 
3138 3146 3199 3285 4784 
3139 4229 4988 
3140 3939 4126 4221 
3141 4390 
3142 4670 
3143 4224 
3144 3497 4241 
3145 3254 4683 
3146 3500 
3147 3271 3985 
3148 4566 4822 4857 
3149 4339 4961 
3150 3956 4483 
3151 3202 4466 4649 
3152 3458 4155 4659 
3153 3156 4454 
3154 3254 3743 4855 
3155 3246 4136 4611 
3156 3392 4086 4826 
3157 
3158 
3159 3332 
3160 4951 
3161 3518 4780 
3162 4389 4484 
3163 3338 4850 
3164 3569 4211 4827 
3165 3780 4981 
3166 3913 4185 4491 4532 4545 4654 4694 
3167 
3168 3767 3982 4027 4249 
3169 3521 3927 3957 4082 4496 4572 
3170 3288 3519 
3171 3406 3846 
3172 3244 3357 3528 4329 4827 4830 4885 4896 
3173 3827 4327 4421 4667 4987 
3174 3970 4549 
3175 
3176 4238 4902 
3177 3239 3402 4931 
3178 4217 
3179 3351 3810 3921 4763 
3180 4590 
3181 4658 
3182 3356 4846 
3183 3698 4478 
3184 
3185 3780 4580 
3186 3675 3926 4142 
3187 4579 4934 4973 
3188 4387 
3189 3962 4792 4859 
3190 3328 
3191 3270 3930 
3192 3636 4454 
3193 
3194 3231 3551 4258 4586 
3195 3765 
3196 4726 4916 
3197 3212 4936 
3198 3613 3619 4088 4299 4682 
3199 
3200 3208 4110 
3201 3717 
3202 4202 
3203 3996 4722 
3204 4792 
3205 
3206 3762 
3207 3313 3603 4525 
3208 3390 3585 
3209 
3210 4235 4536 
3211 3755 4627 4643 
3212 4205 
3213 4452 
3214 3437 4668 
3215 4744 
3216 3864 
3217 3279 
3218 3300 3818 4286 
3219 4845 
3220 
3221 4660 
3222 3395 4083 4589 4836 
3223 3675 
3224 3368 4169 4225 4494 4506 4745 
3225 3389 3669 4959 
3226 3241 4474 
3227 3511 4144 4946 
3228 3798 3877 4068 4978 
3229 3332 4380 4654 
3230 3372 4805 
3231 4160 4822 
3232 3575 3939 4225 
3233 3323 
3234 4934 
3235 3504 3785 3980 
3236 4001 4211 
3237 3889 4338 4484 4626 
3238 3406 3465 4083 
3239 4467 
3240 4608 4632 
3241 4011 4662 4890 
3242 3804 
3243 
3244 3844 
3245 3565 3673 3915 4990 
3246 3670 4709 
3247 3661 4024 
3248 4424 
3249 4562 4857 4963 
3250 3640 3889 
3251 4099 4579 
3252 
3253 3311 3651 4050 4130 4442 
3254 3645 3960 4674 4722 
3255 3770 3800 4387 4930 
3256 4048 4361 4874 
3257 
3258 3423 4647 4985 
3259 3307 3456 3813 4282 4521 
3260 4459 4660 4999 
3261 4657 
3262 4201 4296 4673 
3263 3789 3954 
3264 3386 
3265 3718 3982 4858 
3266 3743 3764 3902 
3267 4261 
3268 3526 3537 
3269 4535 
3270 3773 4200 4401 4680 
3271 
3272 3690 4254 
3273 3655 
3274 3519 4186 4995 
3275 4963 
3276 3563 4510 4782 
3277 3346 4351 4576 
3278 3517 4574 
3279 4791 
3280 4561 4904 
3281 3744 3930 
3282 
3283 3454 
3284 
3285 3916 4784 
3286 4078 4780 4831 
3287 4049 
3288 4840 
3289 
3290 3581 
3291 3448 4221 
3292 3499 4018 4184 
3293 4462 
3294 3821 
3295 3462 3486 3850 
3296 
3297 3875 3897 4225 4873 
3298 4272 4302 4638 
3299 3803 3858 3878 
3300 3890 4036 
3301 4434 4553 4990 
3302 3314 4281 4518 4533 
3303 
3304 4985 4988 
3305 3552 
3306 
3307 3662 4480 
3308 3848 
3309 4257 4708 
3310 
3311 4924 
3312 4169 
3313 3906 
3314 4135 4170 4549 
3315 
3316 4056 4777 
3317 4254 4386 
3318 
3319 3329 3400 3702 
3320 3823 4029 4207 
3321 3486 
3322 3523 3530 3909 
3323 3638 4770 
3324 
3325 4238 4781 
3326 3478 3528 4504 4808 
3327 3497 3570 4805 
3328 4237 
3329 4232 4462 4898 4997 
3330 4693 
3331 
3332 4528 
3333 
3334 3589 
3335 3894 
3336 4783 
3337 3432 4501 4530 
3338 3601 
3339 3667 3982 4431 
3340 3342 4344 
3341 4076 
3342 3801 4960 
3343 3497 
3344 3442 4300 4313 4879 
3345 3873 4621 4914 
3346 3436 4494 
3347 3505 4161 4363 4987 
3348 3766 4109 4443 4787 4862 
3349 4450 
3350 
3351 3809 3856 4088 4633 4716 
3352 3870 4122 
3353 
3354 3618 
3355 4114 4424 
3356 3806 4101 4483 
3357 3643 3776 4254 
3358 3986 4186 4477 4609 4919 
3359 4811 
3360 4073 4722 4809 4926 
3361 3398 4136 
3362 4163 
3363 3502 4193 
3364 3581 3925 4561 
3365 3418 
3366 3854 4447 
3367 4329 4907 
3368 3498 4797 
3369 
3370 4027 4063 4788 
3371 3493 4965 
3372 3615 3939 4275 4276 4999 
3373 4204 
3374 
3375 3848 
3376 3414 3722 4071 4576 4770 
3377 3738 
3378 3821 
3379 3403 
3380 3933 
3381 3493 3943 
3382 4368 4618 
3383 3720 
3384 4273 
3385 4116 4457 4617 4814 
3386 4551 4636 
3387 3394 3917 
3388 3918 4693 
3389 3949 4083 4373 
3390 
3391 3752 4315 4853 
3392 4531 4572 
3393 3677 4147 4166 
3394 3639 3990 4668 
3395 3936 4117 4149 4647 
3396 3770 3971 
3397 4200 4760 
3398 3560 
3399 
3400 3546 3945 3992 4467 
3401 3821 4520 4644 4698 4749 4795 
3402 
3403 
3404 3758 4887 
3405 3596 3623 4788 
3406 4503 4521 
3407 3533 
3408 
3409 4127 
3410 4015 
3411 4114 4841 
3412 4424 4853 
3413 4032 4743 
3414 3757 4161 
3415 4509 
3416 4327 4951 
3417 3884 4092 
3418 3443 
3419 
3420 4885 
3421 
3422 3882 4800 4833 
3423 4200 
3424 
3425 3967 4175 4894 
3426 
3427 4518 4710 4768 
3428 4755 
3429 4532 
3430 3468 4559 4863 
3431 3538 4524 
3432 
3433 4694 4739 
3434 3570 4151 
3435 3933 4663 
3436 3545 3925 
3437 4263 4702 
3438 4807 4912 4942 
3439 3642 4189 
3440 4731 
3441 
3442 3558 3780 
3443 3762 4492 4600 
3444 3685 4151 
3445 4084 4282 
3446 3789 4555 
3447 3616 
3448 3989 
3449 3538 4393 
3450 4100 4723 
3451 3805 4610 4906 4992 
3452 
3453 4136 4306 
3454 4137 4286 4569 
3455 3945 4582 
3456 4163 4195 
3457 4709 
3458 3602 3828 4675 4739 
3459 4727 4862 4916 
3460 3843 
3461 4532 
3462 3754 4033 4537 4584 
3463 
3464 3487 3571 4993 
3465 
3466 3658 4834 
3467 3530 3592 3634 4628 
3468 3809 4092 4591 
3469 3477 
3470 4536 
3471 4310 4530 4707 4735 
3472 3599 3730 4597 
3473 
3474 3885 4734 
3475 4577 
3476 3534 3611 
3477 4290 
3478 
3479 3619 3779 4714 
3480 3881 4106 4936 
3481 4006 
3482 4003 4010 4504 
3483 3869 
3484 3982 4437 
3485 4922 4942 
3486 4101 4356 4523 
3487 4649 4686 4919 
3488 4656 4822 
3489 3549 4689 
3490 4611 4991 
3491 3937 
3492 3615 4023 4772 
3493 3505 4471 
3494 3560 4217 4386 
3495 4650 
3496 3760 3766 3878 3945 
3497 4046 4358 4419 4456 
3498 
3499 4383 
3500 4978 
3501 4152 4780 
3502 4849 
3503 3869 
3504 4244 4398 4754 4976 
3505 3694 3874 4584 4605 
3506 
3507 4066 4819 
3508 3724 
3509 3636 4739 4985 
3510 3647 4375 4616 
3511 3644 4679 
3512 3658 4126 4196 
3513 4039 4966 4993 
3514 4252 
3515 4382 4558 
3516 
3517 
3518 4831 
3519 3743 
3520 
3521 3620 
3522 4095 4963 
3523 3549 4609 4783 4959 
3524 4090 
3525 3584 3777 4181 4629 
3526 4235 4527 4593 4690 
3527 4015 4187 4932 
3528 4894 4976 
3529 3877 4127 4811 
3530 3585 3938 
3531 3935 4631 4835 
3532 
3533 3913 4100 4540 
3534 3924 4306 
3535 4136 4500 4596 4796 
3536 3914 4377 
3537 4144 
3538 4598 4769 4938 
3539 4087 
3540 3847 
3541 3755 4131 
3542 3851 3861 
3543 
3544 3982 
3545 4104 4335 4382 4482 
3546 
3547 4082 4397 
3548 3620 4076 4624 
3549 4095 
3550 4036 4128 4785 
3551 3973 4856 4943 
3552 4037 4530 
3553 3988 4174 
3554 3755 
3555 3894 
3556 4627 
3557 3776 
3558 4063 
3559 3757 4318 4653 
3560 3837 4278 4639 
3561 3965 4564 
3562 
3563 3704 3947 4334 
3564 3678 4128 4387 
3565 3951 
3566 4848 
3567 3589 4325 
3568 4308 
3569 
3570 3576 3577 
3571 4797 
3572 
3573 3582 
3574 3733 4039 
3575 
3576 
3577 4552 
3578 4567 
3579 4036 4989 
3580 4995 
3581 3584 3847 4372 
3582 4515 4572 4804 
3583 3607 
3584 3620 3690 3916 4246 
3585 4024 4036 4342 4597 4876 
3586 3725 
3587 4051 
3588 
3589 4088 4525 
3590 3760 4159 4202 
3591 3761 
3592 4602 
3593 4038 
3594 4043 4706 
3595 3944 4601 4749 
3596 3628 4818 
3597 
3598 3762 4015 4462 
3599 3641 3832 3962 4748 4865 4913 
3600 3627 4481 
3601 4101 
3602 
3603 3837 3970 4549 
3604 
3605 
3606 3756 3909 4128 
3607 4561 
3608 4695 
3609 
3610 4763 
3611 
3612 
3613 3948 4062 
3614 4132 4522 
3615 
3616 
3617 3688 3710 4042 
3618 4328 
3619 4147 4581 4978 
3620 3929 4206 4764 
3621 3918 4070 4466 4471 4764 
3622 3639 
3623 4497 
3624 3907 
3625 
3626 3678 3980 4072 4269 
3627 4490 4508 
3628 4235 
3629 3695 4269 4333 4741 
3630 4369 
3631 3796 4114 
3632 
3633 3677 4023 4081 4082 
3634 3816 4449 4844 
3635 3706 3730 3872 4139 4170 4270 4518 
3636 4058 
3637 4357 4889 
3638 4298 
3639 4703 4894 4992 
3640 3756 4987 
3641 4656 
3642 4042 4329 
3643 4390 
3644 4477 4995 
3645 3681 4146 4732 
3646 3782 4325 4591 
3647 4755 
3648 3839 4442 
3649 3829 4235 
3650 4600 
3651 4887 
3652 3755 
3653 3849 4967 
3654 4358 
3655 4654 4987 
3656 4358 
3657 
3658 
3659 4116 4627 4670 4719 
3660 
3661 3774 4847 
3662 4014 4568 
3663 
3664 3980 4061 
3665 4725 
3666 3797 4898 
3667 4321 4546 4666 
3668 
3669 
3670 4662 
3671 3714 4815 
3672 4698 4992 
3673 
3674 3681 4802 
3675 4390 4838 
3676 4338 
3677 4077 4547 
3678 3830 4110 4493 4633 
3679 
3680 
3681 4446 4846 
3682 
3683 3826 4670 4708 
3684 3819 3966 
3685 3713 4442 4538 
3686 4139 4569 
3687 4138 
3688 
3689 3971 4447 
3690 
3691 3868 3894 4990 
3692 4125 
3693 
3694 4617 4699 
3695 
3696 4331 
3697 4087 
3698 4633 4960 
3699 4245 
3700 3874 4125 4216 4717 
3701 4184 4778 
3702 4699 
3703 4546 4846 
3704 
3705 3916 4017 4154 4966 
3706 4710 
3707 
3708 4081 4481 4700 
3709 4242 4362 4792 
3710 4074 4540 4740 
3711 4759 
3712 4918 
3713 4434 4749 4762 4904 
3714 3764 3920 3980 4593 4837 
3715 
3716 3778 4049 
3717 3801 4387 4477 4754 
3718 3852 
3719 
3720 3854 
3721 3882 
3722 4593 4851 
3723 4236 
3724 
3725 
3726 4092 4776 
3727 3915 3950 3959 
3728 4949 
3729 4289 
3730 4628 4697 4714 
3731 
3732 4749 
3733 4249 4278 4383 4423 
3734 4337 
3735 
3736 3899 4184 
3737 4084 
3738 4693 
3739 4348 4702 4785 
3740 
3741 4539 4778 4847 
3742 4017 4351 
3743 4060 4228 4585 4742 
3744 3948 
3745 3769 3812 3820 4086 
3746 3957 4726 4843 
3747 3832 
3748 4206 
3749 
3750 4042 4630 4760 4873 
3751 
3752 
3753 3898 4069 4936 
3754 4754 
3755 4616 4634 4932 
3756 
3757 
3758 4423 
3759 4217 4227 
3760 4625 
3761 
3762 
3763 
3764 
3765 4351 4448 4558 4853 
3766 
3767 4194 4594 
3768 4518 4869 
3769 4234 4753 4881 
3770 4691 
3771 3941 4527 
3772 4327 4406 
3773 4616 
3774 
3775 
3776 
3777 3822 4075 4772 
3778 4570 4668 
3779 3937 4097 4304 
3780 
3781 
3782 3887 3968 4068 4161 4908 
3783 4164 4655 
3784 
3785 3881 4326 4411 4545 
3786 4362 4658 
3787 3856 4235 
3788 4427 4774 
3789 4346 4836 4880 
3790 4475 
3791 3957 
3792 3922 
3793 4148 4258 4462 4741 
3794 4250 4752 
3795 3869 4495 
3796 3908 
3797 
3798 4064 4597 
3799 3984 4330 4758 4949 
3800 4238 
3801 3934 
3802 4241 
3803 4595 
3804 
3805 4307 4679 
3806 
3807 3857 4398 4674 
3808 4193 4900 
3809 
3810 4053 4190 
3811 
3812 4374 4857 
3813 
3814 4011 
3815 3864 3927 3958 4127 4792 
3816 3942 
3817 4652 
3818 4206 4584 
3819 
3820 
3821 4317 4611 
3822 4608 
3823 4147 4327 
3824 4007 4025 4645 
3825 3966 4788 4976 
3826 4440 
3827 
3828 
3829 
3830 4204 4743 
3831 4561 4789 4919 
3832 
3833 
3834 4464 
3835 4373 
3836 4067 4683 
3837 4192 4333 4604 
3838 4082 
3839 4973 
3840 
3841 
3842 4046 4627 
3843 4643 4773 
3844 3923 4071 4522 4533 
3845 3992 4065 4918 
3846 3994 4575 
3847 4519 
3848 4311 4657 4777 4967 4984 
3849 4752 
3850 3956 4399 
3851 4355 4755 
3852 
3853 
3854 4523 4665 
3855 4143 
3856 
3857 4252 4537 
3858 3977 4347 
3859 4674 
3860 
3861 4279 4914 
3862 4189 
3863 4070 4853 
3864 4013 
3865 4889 
3866 
3867 4214 4745 
3868 4117 
3869 3939 4044 4611 
3870 4914 
3871 
3872 3903 4628 4687 
3873 4195 4634 4639 4878 
3874 3924 
3875 4770 
3876 4185 
3877 4413 
3878 
3879 3993 4699 
3880 4404 
3881 4258 
3882 3901 4484 4687 4847 
3883 4733 
3884 4154 
3885 
3886 
3887 4682 
3888 4903 
3889 3918 3984 
3890 3941 4870 
3891 
3892 4163 4166 4682 
3893 4058 4099 
3894 4950 
3895 4163 4909 
3896 4974 
3897 4095 4347 4775 
3898 
3899 
3900 
3901 4521 4610 
3902 4205 4568 4862 
3903 4143 
3904 
3905 4297 4363 4481 4582 
3906 4085 
3907 4315 4372 4585 
3908 4706 
3909 3960 4033 4801 
3910 
3911 4041 4211 4772 
3912 4822 
3913 4070 4097 
3914 3926 
3915 4502 
3916 4163 4200 
3917 4693 
3918 
3919 
3920 
3921 
3922 3947 4127 4387 4551 
3923 3986 4888 
3924 
3925 4364 4786 
3926 4392 
3927 
3928 3995 4780 4864 
3929 3930 4815 4970 
3930 4442 
3931 
3932 4374 4672 
3933 4295 4731 
3934 3989 4530 
3935 4219 
3936 4586 
3937 4201 4401 4746 
3938 4616 4735 
3939 4460 4613 
3940 4377 4722 
3941 
3942 4369 
3943 4397 4678 4728 
3944 4602 
3945 4361 
3946 4359 4818 4835 
3947 
3948 4129 4304 
3949 4212 
3950 3967 4467 4486 
3951 4987 
3952 
3953 4456 4967 
3954 
3955 4704 
3956 4374 4732 4855 
3957 4923 
3958 4246 
3959 4450 4757 
3960 4386 
3961 4332 4551 
3962 4547 4806 
3963 
3964 4951 
3965 4110 4128 
3966 4167 
3967 4538 4757 
3968 4217 4545 
3969 
3970 4267 
3971 
3972 4273 4929 
3973 4499 4823 4917 
3974 4400 4981 
3975 4160 
3976 4573 4917 
3977 4104 4385 
3978 4191 4718 
3979 4156 
3980 
3981 
3982 
3983 
3984 4101 4485 4757 
3985 
3986 4260 
3987 4113 4895 
3988 4338 
3989 
3990 4052 
3991 4588 4695 
3992 4059 4080 4234 
3993 4136 4788 
3994 4102 
3995 4646 
3996 4986 
3997 
3998 4508 4763 4807 
3999 4314 
4000 4073 4580 4861 
4001 4695 4866 
4002 4185 
4003 4402 
4004 4240 4954 
4005 4602 
4006 4608 
4007 4541 
4008 4169 
4009 4763 
4010 
4011 4043 4658 
4012 4048 4478 
4013 4399 
4014 4729 
4015 4248 
4016 4173 4216 
4017 4806 
4018 
4019 4095 
4020 4552 
4021 4869 
4022 4185 4768 4884 
4023 4166 4260 4388 4627 4927 4992 
4024 
4025 
4026 4834 
4027 4035 4747 
4028 4153 4238 
4029 4565 4836 
4030 
4031 4304 4477 4712 
4032 4660 
4033 4296 4938 
4034 4697 
4035 4451 4805 
4036 4191 4822 
4037 
4038 
4039 
4040 
4041 4375 
4042 4183 
4043 
4044 
4045 4544 
4046 4141 
4047 4193 
4048 
4049 4286 4390 
4050 4411 4695 
4051 4370 4767 
4052 
4053 4512 4677 
4054 4181 4497 4854 
4055 4327 
4056 
4057 4452 
4058 
4059 4221 
4060 
4061 4499 4524 
4062 4198 
4063 4572 4683 
4064 
4065 
4066 4113 4679 4711 
4067 
4068 4743 
4069 
4070 
4071 
4072 4105 4224 4746 
4073 4363 
4074 
4075 4375 
4076 4545 
4077 4185 
4078 4578 
4079 
4080 4132 
4081 4213 4972 
4082 4788 4860 
4083 
4084 4477 4651 
4085 4209 4644 
4086 4206 
4087 4547 
4088 4544 4552 
4089 4304 
4090 4676 4938 
4091 4429 
4092 
4093 
4094 4358 4647 
4095 4785 
4096 4490 4952 
4097 
4098 4779 
4099 4508 4518 4818 
4100 
4101 
4102 4125 
4103 
4104 
4105 
4106 4529 
4107 4727 
4108 
4109 4434 
4110 4276 4514 4547 
4111 4170 
4112 
4113 4327 4338 
4114 4844 
4115 4501 4589 
4116 
4117 
4118 4306 
4119 
4120 4452 4681 4736 
4121 
4122 4457 
4123 
4124 4925 
4125 4603 
4126 4137 
4127 4806 4911 
4128 4204 
4129 4770 4821 
4130 
4131 
4132 4434 4745 
4133 
4134 
4135 4678 
4136 
4137 4475 4504 
4138 4830 
4139 4314 4494 4589 
4140 4250 4382 4970 
4141 
4142 4195 4678 4738 
4143 
4144 
4145 4601 
4146 
4147 4271 
4148 
4149 4151 4415 
4150 4309 4542 
4151 4320 4469 
4152 4332 
4153 4828 
4154 4762 
4155 
4156 
4157 
4158 4482 
4159 
4160 4516 
4161 
4162 4410 4677 
4163 4854 
4164 4823 4828 
4165 4761 4965 
4166 
4167 
4168 
4169 4184 4857 
4170 4174 
4171 
4172 4273 
4173 4520 
4174 4362 4985 
4175 4279 4347 
4176 4314 4584 
4177 4417 4886 
4178 4863 
4179 
4180 4303 4709 
4181 4464 4718 4739 
4182 
4183 4351 4385 
4184 
4185 
4186 
4187 4623 
4188 
4189 
4190 4209 4405 
4191 4412 4736 
4192 
4193 4205 
4194 4307 
4195 
4196 
4197 4573 4758 4992 
4198 
4199 4354 4457 4557 
4200 4469 
4201 4752 
4202 4403 4440 
4203 
4204 
4205 
4206 
4207 4236 4509 4612 
4208 4260 4561 
4209 4510 
4210 
4211 4618 4842 
4212 4305 
4213 4932 
4214 
4215 4652 
4216 
4217 4265 
4218 
4219 4545 
4220 4893 
4221 
4222 4784 
4223 4324 
4224 
4225 4671 
4226 4794 
4227 4990 
4228 
4229 4753 
4230 4715 4950 
4231 4438 4777 4787 4813 
4232 4570 
4233 4624 4965 
4234 4248 4675 
4235 4641 
4236 
4237 
4238 
4239 4465 
4240 
4241 
4242 4490 
4243 4275 4552 4701 4747 
4244 4467 4901 
4245 4734 4861 
4246 4934 
4247 
4248 4850 
4249 
4250 4466 
4251 4746 
4252 
4253 
4254 4636 
4255 4739 4745 
4256 4766 
4257 4608 4854 
4258 4966 4997 
4259 4409 
4260 
4261 4321 4603 
4262 
4263 4664 
4264 4923 
4265 4304 4461 4696 
4266 4496 4713 
4267 4642 
4268 
4269 4748 4852 
4270 
4271 
4272 
4273 
4274 
4275 4603 4670 4929 
4276 4951 
4277 
4278 4653 
4279 4471 
4280 4417 
4281 4841 4940 
4282 
4283 
4284 
4285 4947 
4286 
4287 4687 
4288 
4289 4562 
4290 
4291 
4292 
4293 
4294 
4295 
4296 4320 4787 
4297 4614 
4298 
4299 4526 4542 
4300 
4301 
4302 4305 4326 
4303 
4304 
4305 4732 
4306 4583 
4307 
4308 4813 
4309 
4310 
4311 4758 
4312 4624 
4313 
4314 
4315 4555 
4316 4428 
4317 
4318 4920 
4319 4586 
4320 4731 4960 
4321 4881 
4322 4629 
4323 
4324 4431 4641 
4325 
4326 4792 
4327 4616 
4328 4946 
4329 4496 
4330 4506 
4331 
4332 4573 
4333 
4334 4546 4661 4682 
4335 4603 4782 4997 
4336 
4337 4488 4833 
4338 
4339 
4340 4923 
4341 
4342 
4343 4388 4801 4929 
4344 
4345 
4346 4879 
4347 
4348 4539 4752 
4349 4426 4536 4785 
4350 
4351 4553 4619 4942 4959 
4352 
4353 
4354 4896 
4355 
4356 
4357 
4358 4805 
4359 
4360 
4361 4524 4880 
4362 
4363 
4364 
4365 4961 
4366 
4367 
4368 4487 
4369 
4370 4547 4787 4856 
4371 
4372 4855 
4373 4536 
4374 4770 
4375 4503 
4376 
4377 4429 
4378 4875 
4379 4459 4539 4852 
4380 
4381 
4382 4458 4805 
4383 4819 
4384 
4385 4422 
4386 
4387 4528 
4388 4394 
4389 4427 
4390 
4391 
4392 
4393 4875 
4394 4414 4773 4853 
4395 
4396 4454 
4397 
4398 4985 
4399 4587 4734 4740 
4400 4928 
4401 
4402 4532 4969 
4403 
4404 
4405 4640 4945 
4406 
4407 4589 4804 
4408 
4409 4952 
4410 
4411 4865 
4412 4631 4802 4943 
4413 4940 
4414 
4415 
4416 
4417 
4418 
4419 
4420 
4421 
4422 
4423 4838 
4424 4553 4565 
4425 
4426 4860 
4427 
4428 
4429 
4430 
4431 
4432 
4433 4892 
4434 4437 4847 4969 
4435 4813 
4436 
4437 
4438 4507 4537 
4439 4551 4726 
4440 
4441 4546 4698 4904 
4442 
4443 4733 
4444 4480 4676 
4445 4501 
4446 
4447 
4448 
4449 4474 
4450 
4451 
4452 
4453 
4454 
4455 4825 
4456 4477 4949 
4457 4780 4787 
4458 4574 4687 4842 4848 
4459 4489 4510 4527 
4460 
4461 4913 
4462 4861 4866 
4463 
4464 4710 4909 
4465 
4466 4693 
4467 
4468 4756 
4469 
4470 4931 
4471 4750 
4472 
4473 4642 
4474 4581 4667 
4475 
4476 4839 
4477 
4478 
4479 
4480 4495 
4481 
4482 4998 
4483 4897 
4484 
4485 
4486 
4487 4960 
4488 4696 
4489 
4490 
4491 4706 4898 
4492 4979 
4493 
4494 4883 
4495 4664 
4496 4598 
4497 4806 
4498 
4499 4971 
4500 4745 4755 
4501 
4502 4700 
4503 
4504 4628 4879 
4505 
4506 4540 4922 
4507 4640 4801 
4508 
4509 4558 4836 
4510 4733 
4511 
4512 4611 4729 4749 
4513 4901 
4514 
4515 4719 
4516 4547 
4517 
4518 4718 
4519 
4520 
4521 
4522 4709 
4523 4747 4993 
4524 
4525 
4526 4551 4896 
4527 
4528 
4529 4665 
4530 4871 
4531 
4532 
4533 
4534 
4535 4943 
4536 
4537 
4538 4817 
4539 4683 
4540 
4541 
4542 4869 
4543 
4544 4893 
4545 4759 
4546 4748 
4547 
4548 
4549 4702 
4550 4583 
4551 4879 
4552 4858 
4553 
4554 
4555 
4556 4664 
4557 
4558 4932 
4559 
4560 4768 
4561 
4562 
4563 4830 
4564 4854 
4565 4819 
4566 
4567 
4568 4791 
4569 
4570 
4571 
4572 
4573 4717 
4574 4775 
4575 
4576 
4577 4612 
4578 
4579 4779 4850 
4580 
4581 
4582 
4583 4799 
4584 4683 4904 
4585 
4586 
4587 
4588 
4589 
4590 4772 
4591 4714 
4592 
4593 
4594 
4595 
4596 4767 4866 
4597 4611 
4598 
4599 
4600 
4601 
4602 
4603 
4604 
4605 4656 4778 4881 
4606 4716 
4607 
4608 
4609 4626 4941 
4610 4725 
4611 
4612 
4613 
4614 
4615 4850 4998 
4616 4916 
4617 
4618 
4619 
4620 4892 
4621 
4622 4738 
4623 
4624 4995 
4625 4909 
4626 4635 4690 
4627 
4628 
4629 
4630 
4631 
4632 
4633 
4634 4776 
4635 
4636 
4637 4825 
4638 
4639 4774 
4640 
4641 
4642 4669 
4643 4651 
4644 
4645 
4646 4714 4920 
4647 
4648 4757 4832 
4649 
4650 4657 
4651 
4652 4735 
4653 4812 
4654 4940 
4655 
4656 
4657 
4658 
4659 
4660 
4661 4798 
4662 4971 
4663 4756 
4664 
4665 
4666 4861 
4667 
4668 4883 
4669 
4670 4911 
4671 
4672 4788 4834 
4673 
4674 
4675 
4676 4701 
4677 
4678 
4679 
4680 4963 
4681 4749 
4682 
4683 
4684 4837 
4685 4936 
4686 4776 4854 
4687 
4688 
4689 4808 
4690 
4691 4773 
4692 
4693 
4694 4856 
4695 4701 
4696 
4697 
4698 
4699 4736 
4700 
4701 4838 
4702 
4703 4711 
4704 
4705 
4706 
4707 
4708 
4709 
4710 
4711 4879 
4712 4754 4996 
4713 
4714 4821 
4715 
4716 4981 
4717 
4718 
4719 4880 
4720 
4721 
4722 
4723 
4724 
4725 
4726 4752 
4727 
4728 
4729 
4730 4735 
4731 4928 
4732 4734 4920 
4733 
4734 4757 4774 
4735 4956 
4736 
4737 4791 
4738 
4739 
4740 
4741 
4742 
4743 4955 
4744 4971 4980 
4745 4886 
4746 
4747 
4748 
4749 4901 
4750 
4751 4831 
4752 
4753 4890 
4754 
4755 
4756 4869 
4757 4784 
4758 
4759 
4760 4799 
4761 4794 
4762 
4763 4814 
4764 
4765 
4766 
4767 4783 
4768 4860 4926 
4769 4783 
4770 
4771 4879 
4772 4857 
4773 
4774 
4775 
4776 4961 
4777 
4778 
4779 
4780 
4781 4885 
4782 
4783 
4784 
4785 
4786 4898 
4787 
4788 
4789 
4790 
4791 4924 
4792 
4793 4822 
4794 
4795 
4796 
4797 
4798 
4799 
4800 4839 4934 
4801 4950 
4802 
4803 
4804 
4805 
4806 
4807 4886 
4808 
4809 
4810 
4811 
4812 
4813 4972 
4814 
4815 
4816 
4817 
4818 4895 
4819 
4820 
4821 4973 
4822 4843 4912 
4823 
4824 4869 
4825 
4826 4956 
4827 4972 
4828 
4829 
4830 
4831 
4832 4857 
4833 
4834 4957 
4835 
4836 
4837 
4838 
4839 
4840 4941 
4841 4909 
4842 
4843 
4844 
4845 
4846 
4847 
4848 
4849 
4850 
4851 
4852 4984 
4853 
4854 
4855 
4856 
4857 
4858 
4859 
4860 
4861 
4862 
4863 
4864 
4865 
4866 
4867 
4868 
4869 4885 
4870 4919 
4871 
4872 
4873 
4874 
4875 4976 
4876 4918 
4877 
4878 
4879 
4880 4887 
4881 
4882 4969 
4883 4989 
4884 
4885 
4886 
4887 
4888 
4889 
4890 
4891 
4892 
4893 
4894 4998 
4895 
4896 
4897 
4898 
4899 
4900 
4901 
4902 
4903 
4904 4961 
4905 
4906 
4907 
4908 
4909 
4910 4994 
4911 
4912 
4913 
4914 4959 
4915 
4916 
4917 
4918 
4919 
4920 
4921 
4922 
4923 
4924 
4925 
4926 
4927 
4928 
4929 
4930 
4931 
4932 
4933 
4934 
4935 
4936 
4937 
4938 
4939 4969 
4940 
4941 
4942 
4943 
4944 
4945 
4946 
4947 
4948 4984 
4949 
4950 
4951 
4952 
4953 
4954 
4955 
4956 
4957 
4958 
4959 
4960 
4961 
4962 
4963 
4964 
4965 
4966 
4967 
4968 
4969 
4970 
4971 
4972 
4973 
4974 
4975 
4976 
4977 
4978 
4979 
4980 
4981 
4982 
4983 
4984 
4985 
4986 
4987 
4988 4995 
4989 
4990 
4991 
4992 
4993 
4994 
4995 
4996 
4997 
4998 
4999 
[0, 0, 0, 0, 0, 0, 0, 0, 0, 0, 0, 0, 0, 0, 0, 0, 0, 0, 0, 0, 0, 0, 0, 0, 0, 0, 0, 0, 0, 0, 0, 0, 0, 0, 0, 0, 0, 0, 0, 0, 0, 0, 0, 0, 0, 0, 0, 0, 0, 0, 0, 0, 0, 0, 0, 0, 0, 0, 0, 0, 0, 0, 0, 0, 0, 0, 0, 0, 0, 0, 0, 0, 0, 0, 0, 0, 0, 0, 0, 0, 0, 0, 0, 0, 0, 0, 0, 0, 0, 0, 0, 0, 0, 0, 0, 0, 0, 0, 0, 0, 0, 0, 0, 0, 0, 0, 0, 0, 0, 0, 0, 0, 0, 0, 0, 0, 0, 0, 0, 0, 0, 0, 0, 0, 0, 0, 0, 0, 0, 0, 0, 0, 0, 0, 0, 0, 0, 0, 0, 0, 0, 0, 0, 0, 0, 0, 0, 0, 0, 0, 0, 0, 0, 0, 0, 0, 0, 0, 0, 0, 0, 0, 0, 0, 0, 0, 0, 0, 0, 0, 0, 0, 0, 0, 0, 0, 0, 0, 0, 0, 0, 0, 0, 0, 0, 0, 0, 0, 0, 0, 0, 0, 0, 0, 0, 0, 0, 0, 0, 0, 0, 0, 0, 0, 0, 0, 0, 0, 0, 0, 0, 0, 0, 0, 0, 0, 0, 0, 0, 0, 0, 0, 0, 0, 0, 0, 0, 0, 0, 0, 0, 0, 0, 0, 0, 0, 0, 0, 0, 0, 0, 0, 0, 0, 0, 0, 0, 0, 0, 0, 0, 0, 0, 0, 0, 0, 0, 0, 0, 0, 0, 0, 0, 0, 0, 0, 0, 0, 0, 0, 0, 0, 0, 0, 0, 0, 0, 0, 0, 0, 0, 0, 0, 0, 0, 0, 0, 0, 0, 0, 0, 0, 0, 0, 0, 0, 0, 0, 0, 0, 0, 0, 0, 0, 0, 0, 0, 0, 0, 0, 0, 0, 0, 0, 0, 0, 0, 0, 0, 0, 0, 0, 0, 0, 0, 0, 0, 0, 0, 0, 0, 0, 0, 0, 0, 0, 0, 0, 0, 0, 0, 0, 0, 0, 0, 0, 0, 0, 0, 0, 0, 0, 0, 0, 0, 0, 0, 0, 0, 0, 0, 0, 0, 0, 0, 0, 0, 0, 0, 0, 0, 0, 0, 0, 0, 0, 0, 0, 0, 0, 0, 0, 0, 0, 0, 0, 0, 0, 0, 0, 0, 0, 0, 0, 0, 0, 0, 0, 0, 0, 0, 0, 0, 0, 0, 0, 0, 0, 0, 0, 0, 0, 0, 0, 0, 0, 0, 0, 0, 0, 0, 0, 0, 0, 0, 0, 0, 0, 0, 0, 0, 0, 0, 0, 0, 0, 0, 0, 0, 0, 0, 0, 0, 0, 0, 0, 0, 0, 0, 0, 0, 0, 0, 0, 0, 0, 0, 0, 0, 0, 0, 0, 0, 0, 0, 0, 0, 0, 0, 0, 0, 0, 0, 0, 0, 0, 0, 0, 0, 0, 0, 0, 0, 0, 0, 0, 0, 0, 0, 0, 0, 0, 0, 0, 0, 0, 0, 0, 0, 0, 0, 0, 0, 0, 0, 0, 0, 0, 0, 0, 0, 0, 0, 0, 0, 0, 0, 0, 0, 0, 0, 0, 0, 0, 0, 0, 0, 0, 0, 0, 0, 0, 0, 0, 0, 0, 0, 0, 0, 0, 0, 0, 0, 0, 0, 0, 0, 0, 0, 0, 0, 0, 0, 0, 0, 0, 0, 0, 0, 0, 0, 0, 0, 0, 0, 0, 0, 0, 0, 0, 0, 0, 0, 0, 0, 0, 0, 0, 0, 0, 0, 0, 0, 0, 0, 0, 0, 0, 0, 0, 0, 0, 0, 0, 0, 0, 0, 0, 0, 0, 0, 0, 0, 0, 0, 0, 0, 0, 0, 0, 0, 0, 0, 0, 0, 0, 0, 0, 0, 0, 0, 0, 0, 0, 0, 0, 0, 0, 0, 0, 0, 0, 0, 0, 0, 0, 0, 0, 0, 0, 0, 0, 0, 0, 0, 0, 0, 0, 0, 0, 0, 0, 0, 0, 0, 0, 0, 0, 0, 0, 0, 0, 0, 0, 0, 0, 0, 0, 0, 0, 0, 0, 0, 0, 0, 0, 0, 0, 0, 0, 0, 0, 0, 0, 0, 0, 0, 0, 0, 0, 0, 0, 0, 0, 0, 0, 0, 0, 0, 0, 0, 0, 0, 0, 0, 0, 0, 0, 0, 0, 0, 0, 0, 0, 0, 0, 0, 0, 0, 0, 0, 0, 0, 0, 0, 0, 0, 0, 0, 0, 0, 0, 0, 0, 0, 0, 0, 0, 0, 0, 0, 0, 0, 0, 0, 0, 0, 0, 0, 0, 0, 0, 0, 0, 0, 0, 0, 0, 0, 0, 0, 0, 0, 0, 0, 0, 0, 0, 0, 0, 0, 0, 0, 0, 0, 0, 0, 0, 0, 0, 0, 0, 0, 0, 0, 0, 0, 0, 0, 0, 0, 0, 0, 0, 0, 0, 0, 0, 0, 0, 0, 0, 0, 0, 0, 0, 0, 0, 0, 0, 0, 0, 0, 0, 0, 0, 0, 0, 0, 0, 0, 0, 0, 0, 0, 0, 0, 0, 0, 0, 0, 0, 0, 0, 0, 0, 0, 0, 0, 0, 0, 0, 0, 0, 0, 0, 0, 0, 0, 0, 0, 0, 0, 0, 0, 0, 0, 0, 0, 0, 0, 0, 0, 0, 0, 0, 0, 0, 0, 0, 0, 0, 0, 0, 0, 0, 0, 0, 0, 0, 0, 0, 0, 0, 0, 0, 0, 0, 0, 0, 0, 0, 0, 0, 0, 0, 0, 0, 0, 0, 0, 0, 0, 0, 0, 0, 0, 0, 0, 0, 0, 0, 0, 0, 0, 0, 0, 0, 0, 0, 0, 0, 0, 0, 0, 0, 0, 0, 0, 0, 0, 0, 0, 0, 0, 0, 0, 0, 0, 0, 0, 0, 0, 0, 0, 0, 0, 0, 0, 0, 0, 0, 0, 0, 0, 0, 0, 0, 0, 0, 0, 0, 0, 0, 0, 0, 0, 0, 0, 0, 0, 0, 0, 0, 0, 0, 0, 0, 0, 0, 0, 0, 0, 0, 0, 0, 0, 0, 0, 0, 0, 0, 0, 0, 0, 0, 0, 0, 0, 0, 0, 0, 0, 0, 0, 0, 0, 0, 0, 0, 0, 0, 0, 0, 0, 0, 0, 0, 0, 0, 0, 0, 0, 0, 0, 0, 0, 0, 0, 0, 0, 0, 0, 0, 0, 0, 0, 0, 0, 0, 0, 0, 0, 0, 0, 0, 0, 0, 0, 0, 0, 0, 0, 0, 0, 0, 0, 0, 0, 0, 0, 0, 0, 0, 0, 0, 0, 0, 0, 0, 0, 0, 0, 0, 0, 0, 0, 0, 0, 0, 0, 0, 0, 0, 0, 0, 0, 0, 0, 0, 0, 0, 0, 0, 0, 0, 0, 0, 0, 0, 0, 0, 0, 0, 0, 0, 0, 0, 0, 0, 0, 0, 0, 0, 0, 0, 0, 0, 0, 0, 0, 0, 0, 0, 0, 0, 0, 0, 0, 0, 0, 0, 0, 0, 0, 0, 0, 0, 0, 0, 0, 0, 0, 0, 0, 0, 0, 0, 0, 0, 0, 0, 0, 0, 0, 0, 0, 0, 0, 0, 0, 0, 0, 0, 0, 0, 0, 0, 0, 0, 0, 0, 0, 0, 0, 0, 0, 0, 0, 0, 0, 0, 0, 0, 0, 0, 0, 0, 0, 0, 0, 0, 0, 0, 0, 0, 0, 0, 0, 0, 0, 0, 0, 0, 0, 0, 0, 0, 0, 0, 0, 0, 0, 0, 0, 0, 0, 0, 0, 0, 0, 0, 0, 0, 0, 0, 0, 0, 0, 0, 0, 0, 0, 0, 0, 0, 0, 0, 0, 0, 0, 0, 0, 0, 0, 0, 0, 0, 0, 0, 0, 0, 0, 0, 0, 0, 0, 0, 0, 0, 0, 0, 0, 0, 0, 0, 0, 0, 0, 0, 0, 0, 0, 0, 0, 0, 0, 0, 0, 0, 0, 0, 0, 0, 0, 0, 0, 0, 0, 0, 0, 0, 0, 0, 0, 0, 0, 0, 0, 0, 0, 0, 0, 0, 0, 0, 0, 0, 0, 0, 0, 0, 0, 0, 0, 0, 0, 0, 0, 0, 0, 0, 0, 0, 0, 0, 0, 0, 0, 0, 0, 0, 0, 0, 0, 0, 0, 0, 0, 0, 0, 0, 0, 0, 0, 0, 0, 0, 0, 0, 0, 0, 0, 0, 0, 0, 0, 0, 0, 0, 0, 0, 0, 0, 0, 0, 0, 0, 0, 0, 0, 0, 0, 0, 0, 0, 0, 0, 0, 0, 0, 0, 0, 0, 0, 0, 0, 0, 0, 0, 0, 0, 0, 0, 0, 0, 0, 0, 0, 0, 0, 0, 0, 0, 0, 0, 0, 0, 0, 0, 0, 0, 0, 0, 0, 0, 0, 0, 0, 0, 0, 0, 0, 0, 0, 0, 0, 0, 0, 0, 0, 0, 0, 0, 0, 0, 0, 0, 0, 0, 0, 0, 0, 0, 0, 0, 0, 0, 0, 0, 0, 0, 0, 0, 0, 0, 0, 0, 0, 0, 0, 0, 0, 0, 0, 0, 0, 0, 0, 0, 0, 0, 0, 0, 0, 0, 0, 0, 0, 0, 0, 0, 0, 0, 0, 0, 0, 0, 0, 0, 0, 0, 0, 0, 0, 0, 0, 0, 0, 0, 0, 0, 0, 0, 0, 0, 0, 0, 0, 0, 0, 0, 0, 0, 0, 0, 0, 0, 0, 0, 0, 0, 0, 0, 0, 0, 0, 0, 0, 0, 0, 0, 0, 0, 0, 0, 0, 0, 0, 0, 0, 0, 0, 0, 0, 0, 0, 0, 0, 0, 0, 0, 0, 0, 0, 0, 0, 0, 0, 0, 0, 0, 0, 0, 0, 0, 0, 0, 0, 0, 0, 0, 0, 0, 0, 0, 0, 0, 0, 0, 0, 0, 0, 0, 0, 0, 0, 0, 0, 0, 0, 0, 0, 0, 0, 0, 0, 0, 0, 0, 0, 0, 0, 0, 0, 0, 0, 0, 0, 0, 0, 0, 0, 0, 0, 0, 0, 0, 0, 0, 0, 0, 0, 0, 0, 0, 0, 0, 0, 0, 0, 0, 0, 0, 0, 0, 0, 0, 0, 0, 0, 0, 0, 0, 0, 0, 0, 0, 0, 0, 0, 0, 0, 0, 0, 0, 0, 0, 0, 0, 0, 0, 0, 0, 0, 0, 0, 0, 0, 0, 0, 0, 0, 0, 0, 0, 0, 0, 0, 0, 0, 0, 0, 0, 0, 0, 0, 0, 0, 0, 0, 0, 0, 0, 0, 0, 0, 0, 0, 0, 0, 0, 0, 0, 0, 0, 0, 0, 0, 0, 0, 0, 0, 0, 0, 0, 0, 0, 0, 0, 0, 0, 0, 0, 0, 0, 0, 0, 0, 0, 0, 0, 0, 0, 0, 0, 0, 0, 0, 0, 0, 0, 0, 0, 0, 0, 0, 0, 0, 0, 0, 0, 0, 0, 0, 0, 0, 0, 0, 0, 0, 0, 0, 0, 0, 0, 0, 0, 0, 0, 0, 0, 0, 0, 0, 0, 0, 0, 0, 0, 0, 0, 0, 0, 0, 0, 0, 0, 0, 0, 0, 0, 0, 0, 0, 0, 0, 0, 0, 0, 0, 0, 0, 0, 0, 0, 0, 0, 0, 0, 0, 0, 0, 0, 0, 0, 0, 0, 0, 0, 0, 0, 0, 0, 0, 0, 0, 0, 0, 0, 0, 0, 0, 0, 0, 0, 0, 0, 0, 0, 0, 0, 0, 0, 0, 0, 0, 0, 0, 0, 0, 0, 0, 0, 0, 0, 0, 0, 0, 0, 0, 0, 0, 0, 0, 0, 0, 0, 0, 0, 0, 0, 0, 0, 0, 0, 0, 0, 0, 0, 0, 0, 0, 0, 0, 0, 0, 0, 0, 0, 0, 0, 0, 0, 0, 0, 0, 0, 0, 0, 0, 0, 0, 0, 0, 0, 0, 0, 0, 0, 0, 0, 0, 0, 0, 0, 0, 0, 0, 0, 0, 0, 0, 0, 0, 0, 0, 0, 0, 0, 0, 0, 0, 0, 0, 0, 0, 0, 0, 0, 0, 0, 0, 0, 0, 0, 0, 0, 0, 0, 0, 0, 0, 0, 0, 0, 0, 0, 0, 0, 0, 0, 0, 0, 0, 0, 0, 0, 0, 0, 0, 0, 0, 0, 0, 0, 0, 0, 0, 0, 0, 0, 0, 0, 0, 0, 0, 0, 0, 0, 0, 0, 0, 0, 0, 0, 0, 0, 0, 0, 0, 0, 0, 0, 0, 0, 0, 0, 0, 0, 0, 0, 0, 0, 0, 0, 0, 0, 0, 0, 0, 0, 0, 0, 0, 0, 0, 0, 0, 0, 0, 0, 0, 0, 0, 0, 0, 0, 0, 0, 0, 0, 0, 0, 0, 0, 0, 0, 0, 0, 0, 0, 0, 0, 0, 0, 0, 0, 0, 0, 0, 0, 0, 0, 0, 0, 0, 0, 0, 0, 0, 0, 0, 0, 0, 0, 0, 0, 0, 0, 0, 0, 0, 0, 0, 0, 0, 0, 0, 0, 0, 0, 0, 0, 0, 0, 0, 0, 0, 0, 0, 0, 0, 0, 0, 0, 0, 0, 0, 0, 0, 0, 0, 0, 0, 0, 0, 0, 0, 0, 0, 0, 0, 0, 0, 0, 0, 0, 0, 0, 0, 0, 0, 0, 0, 0, 0, 0, 0, 0, 0, 0, 0, 0, 0, 0, 0, 0, 0, 0, 0, 0, 0, 0, 0, 0, 0, 0, 0, 0, 0, 0, 0, 0, 0, 0, 0, 0, 0, 0, 0, 0, 0, 0, 0, 0, 0, 0, 0, 0, 0, 0, 0, 0, 0, 0, 0, 0, 0, 0, 0, 0, 0, 0, 0, 0, 0, 0, 0, 0, 0, 0, 0, 0, 0, 0, 0, 0, 0, 0, 0, 0, 0, 0, 0, 0, 0, 0, 0, 0, 0, 0, 0, 0, 0, 0, 0, 0, 0, 0, 0, 0, 0, 0, 0, 0, 0, 0, 0, 0, 0, 0, 0, 0, 0, 0, 0, 0, 0, 0, 0, 0, 0, 0, 0, 0, 0, 0, 0, 0, 0, 0, 0, 0, 0, 0, 0, 0, 0, 0, 0, 0, 0, 0, 0, 0, 0, 0, 0, 0, 0, 0, 0, 0, 0, 0, 0, 0, 0, 0, 0, 0, 0, 0, 0, 0, 0, 0, 0, 0, 0, 0, 0, 0, 0, 0, 0, 0, 0, 0, 0, 0, 0, 0, 0, 0, 0, 0, 0, 0, 0, 0, 0, 0, 0, 0, 0, 0, 0, 0, 0, 0, 0, 0, 0, 0, 0, 0, 0, 0, 0, 0, 0, 0, 0, 0, 0, 0, 0, 0, 0, 0, 0, 0, 0, 0, 0, 0, 0, 0, 0, 0, 0, 0, 0, 0, 0, 0, 0, 0, 0, 0, 0, 0, 0, 0, 0, 0, 0, 0, 0, 0, 0, 0, 0, 0, 0, 0, 0, 0, 0, 0, 0, 0, 0, 0, 0, 0, 0, 0, 0, 0, 0, 0, 0, 0, 0, 0, 0, 0, 0, 0, 0, 0, 0, 0, 0, 0, 0, 0, 0, 0, 0, 0, 0, 0, 0, 0, 0, 0, 0, 0, 0, 0, 0, 0, 0, 0, 0, 0, 0, 0, 0, 0, 0, 0, 0, 0, 0, 0, 0, 0, 0, 0, 0, 0, 0, 0, 0, 0, 0, 0, 0, 0, 0, 0, 0, 0, 0, 0, 0, 0, 0, 0, 0, 0, 0, 0, 0, 0, 0, 0, 0, 0, 0, 0, 0, 0, 0, 0, 0, 0, 0, 0, 0, 0, 0, 0, 0, 0, 1, 1, 1, 1, 1, 1, 1, 1, 1, 1, 1, 1, 1, 1, 1, 1, 1, 1, 1, 1, 1, 1, 1, 1, 1, 1, 1, 1, 1, 1, 1, 1, 1, 1, 1, 1, 1, 1, 1, 1, 1, 1, 1, 1, 1, 1, 1, 1, 1, 1, 1, 1, 1, 1, 1, 1, 1, 1, 1, 1, 1, 1, 1, 1, 1, 1, 1, 1, 1, 1, 1, 1, 1, 1, 1, 1, 1, 1, 1, 1, 1, 1, 1, 1, 1, 1, 1, 1, 1, 1, 1, 1, 1, 1, 1, 1, 1, 1, 1, 1, 1, 1, 1, 1, 1, 1, 1, 1, 1, 1, 1, 1, 1, 1, 1, 1, 1, 1, 1, 1, 1, 1, 1, 1, 1, 1, 1, 1, 1, 1, 1, 1, 1, 1, 1, 1, 1, 1, 1, 1, 1, 1, 1, 1, 1, 1, 1, 1, 1, 1, 1, 1, 1, 1, 1, 1, 1, 1, 1, 1, 1, 1, 1, 1, 1, 1, 1, 1, 1, 1, 1, 1, 1, 1, 1, 1, 1, 1, 1, 1, 1, 1, 1, 1, 1, 1, 1, 1, 1, 1, 1, 1, 1, 1, 1, 1, 1, 1, 1, 1, 1, 1, 1, 1, 1, 1, 1, 1, 1, 1, 1, 1, 1, 1, 1, 1, 1, 1, 1, 1, 1, 1, 1, 1, 1, 1, 1, 1, 1, 1, 1, 1, 1, 1, 1, 1, 1, 1, 1, 1, 1, 1, 1, 1, 1, 1, 1, 1, 1, 1, 1, 1, 1, 1, 1, 1, 1, 1, 1, 1, 1, 1, 1, 1, 1, 1, 1, 1, 1, 1, 1, 1, 1, 1, 1, 1, 1, 1, 1, 1, 1, 1, 1, 1, 1, 1, 1, 1, 1, 1, 1, 1, 1, 1, 1, 1, 1, 1, 1, 1, 1, 1, 1, 1, 1, 1, 1, 1, 1, 1, 1, 1, 1, 1, 1, 1, 1, 1, 1, 1, 1, 1, 1, 1, 1, 1, 1, 1, 1, 1, 1, 1, 1, 1, 1, 1, 1, 1, 1, 1, 1, 1, 1, 1, 1, 1, 1, 1, 1, 1, 1, 1, 1, 1, 1, 1, 1, 1, 1, 1, 1, 1, 1, 1, 1, 1, 1, 1, 1, 1, 1, 1, 1, 1, 1, 1, 1, 1, 1, 1, 1, 1, 1, 1, 1, 1, 1, 1, 1, 1, 1, 1, 1, 1, 1, 1, 1, 1, 1, 1, 1, 1, 1, 1, 1, 1, 1, 1, 1, 1, 1, 1, 1, 1, 1, 1, 1, 1, 1, 1, 1, 1, 1, 1, 1, 1, 1, 1, 1, 1, 1, 1, 1, 1, 1, 1, 1, 1, 1, 1, 1, 1, 1, 1, 1, 1, 1, 1, 1, 1, 1, 1, 1, 1, 1, 1, 1, 1, 1, 1, 1, 1, 1, 1, 1, 1, 1, 1, 1, 1, 1, 1, 1, 1, 1, 1, 1, 1, 1, 1, 1, 1, 1, 1, 1, 1, 1, 1, 1, 1, 1, 1, 1, 1, 1, 1, 1, 1, 1, 1, 1, 1, 1, 1, 1, 1, 1, 1, 1, 1, 1, 1, 1, 1, 1, 1, 1, 1, 1, 1, 1, 1, 1, 1, 1, 1, 1, 1, 1, 1, 1, 1, 1, 1, 1, 1, 1, 1, 1, 1, 1, 1, 1, 1, 1, 1, 1, 1, 1, 1, 1, 1, 1, 1, 1, 1, 1, 1, 1, 1, 1, 1, 1, 1, 1, 1, 1, 1, 1, 1, 1, 1, 1, 1, 1, 1, 1, 1, 1, 1, 1, 1, 1, 1, 1, 1, 1, 1, 1, 1, 1, 1, 1, 1, 1, 1, 1, 1, 1, 1, 1, 1, 1, 1, 1, 1, 1, 1, 1, 1, 1, 1, 1, 1, 1, 1, 1, 1, 1, 1, 1, 1, 1, 1, 1, 1, 1, 1, 1, 1, 1, 1, 1, 1, 1, 1, 1, 1, 1, 1, 1, 1, 1, 1, 1, 1, 1, 1, 1, 1, 1, 1, 1, 1, 1, 1, 1, 1, 1, 1, 1, 1, 1, 1, 1, 1, 1, 1, 1, 1, 1, 1, 1, 1, 1, 1, 1, 1, 1, 1, 1, 1, 1, 1, 1, 1, 1, 1, 1, 1, 1, 1, 1, 1, 1, 1, 1, 1, 1, 1, 1, 1, 1, 1, 1, 1, 1, 1, 1, 1, 1, 1, 1, 1, 1, 1, 1, 1, 1, 1, 1, 1, 1, 1, 1, 1, 1, 1, 1, 1, 1, 1, 1, 1, 1, 1, 1, 1, 1, 1, 1, 1, 1, 1, 1, 1, 1, 1, 1, 1, 1, 1, 1, 1, 1, 1, 1, 1, 1, 1, 1, 1, 1, 1, 1, 1, 1, 1, 1, 1, 1, 1, 1, 1, 1, 1, 1, 1, 1, 1, 1, 1, 1, 1, 1, 1, 1, 1, 1, 1, 1, 1, 1, 1, 1, 1, 1, 1, 1, 1, 1, 1, 1, 1, 1, 1, 1, 1, 1, 1, 1, 1, 1, 1, 1, 1, 1, 1, 1, 1, 1, 1, 1, 1, 1, 1, 1, 1, 1, 1, 1, 1, 1, 1, 1, 1, 1, 1, 1, 1, 1, 1, 1, 1, 1, 1, 1, 1, 1, 1, 1, 1, 1, 1, 1, 1, 1, 1, 1, 1, 1, 1, 1, 1, 1, 1, 1, 1, 1, 1, 1, 1, 1, 1, 1, 1, 1, 1, 1, 1, 1, 1, 1, 1, 1, 1, 1, 1, 1, 1, 1, 1, 1, 1, 1, 1, 1, 1, 1, 1, 1, 1, 1, 1, 1, 1, 1, 1, 1, 1, 1, 1, 1, 1, 1, 1, 1, 1, 1, 1, 1, 1, 1, 1, 1, 1, 1, 1, 1, 1, 1, 1, 1, 1, 1, 1, 1, 1, 1, 1, 1, 1, 1, 1, 1, 1, 1, 1, 1, 1, 1, 1, 1, 1, 1, 1, 1, 1, 1, 1, 1, 1, 1, 1, 1, 1, 1, 1, 1, 1, 1, 1, 1, 1, 1, 1, 1, 1, 1, 1, 1, 1, 1, 1, 1, 1, 1, 1, 1, 1, 1, 1, 1, 1, 1, 1, 1, 1, 1, 1, 1, 1, 1, 1, 1, 1, 1, 1, 1, 1, 1, 1, 1, 1, 1, 1, 1, 1, 1, 1, 1, 1, 1, 1, 1, 1, 1, 1, 1, 1, 1, 1, 1, 1, 1, 1, 1, 1, 1, 1, 1, 1, 1, 1, 1, 1, 1, 1, 1, 1, 1, 1, 1, 1, 1, 1, 1, 1, 1, 1, 1, 1, 1, 1, 1, 1, 1, 1, 1, 1, 1, 1, 1, 1, 1, 1, 1, 1, 1, 1, 1, 1, 1, 1, 1, 1, 1, 1, 1, 1, 1, 1, 1, 1, 1, 1, 1, 1, 1, 1, 1, 1, 1, 1, 1, 1, 1, 1, 1, 1, 1, 1, 1, 1, 1, 1, 1, 1, 1, 1, 1, 1, 1, 1, 1, 1, 1, 1, 1, 1, 1, 1, 1, 1, 1, 1, 1, 1, 1, 1, 1, 1, 1, 1, 1, 1, 1, 1, 1, 1, 1, 1, 1, 1, 1, 1, 1, 1, 1, 1, 1, 1, 1, 1, 1, 1, 1, 1, 1, 1, 1, 1, 1, 1, 1, 1, 1, 1, 1, 1, 1, 1, 1, 1, 1, 1, 1, 1, 1, 1, 1, 1, 1, 1, 1, 1, 1, 1, 1, 1, 1, 1, 1, 1, 1, 1, 1, 1, 1, 1, 1, 1, 1, 1, 1, 1, 1, 1, 1, 1, 1, 1, 1, 1, 1, 1, 1, 1, 1, 1, 1, 1, 1, 1, 1, 1, 1, 1, 1, 1, 1, 1, 1, 1, 1, 1, 1, 1, 1, 1, 1, 1, 1, 1, 1, 1, 1, 1, 1, 1, 1, 1, 1, 1, 1, 1, 1, 1, 1, 1, 1, 1, 1, 1, 1, 1, 1, 1, 1, 1, 1, 1, 1, 1, 1, 1, 1, 1, 1, 1, 1, 1, 1, 1, 1, 1, 1, 1, 1, 1, 1, 1, 1, 1, 1, 1, 1, 1, 1, 1, 1, 1, 1, 1, 1, 1, 1, 1, 1, 1, 1, 1, 1, 1, 1, 1, 1, 1, 1, 1, 1, 1, 1, 1, 1, 1, 1, 1, 1, 1, 1, 1, 1, 1, 1, 1, 1, 1, 1, 1, 1, 1, 1, 1, 1, 1, 1, 1, 1, 1, 1, 1, 1, 1, 1, 1, 1, 1, 1, 1, 1, 1, 1, 1, 1, 1, 1, 1, 1, 1, 1, 1, 1, 1, 1, 1, 1, 1, 1, 1, 1, 1, 1, 1, 1, 1, 1, 1, 1, 1, 1, 1, 1, 1, 1, 1, 1, 1, 1, 1, 1, 1, 1, 1, 1, 1, 1, 1, 1, 1, 1, 1, 1, 1, 1, 1, 1, 1, 1, 1, 1, 1, 1, 1, 1, 1, 1, 1, 1, 1, 1, 1, 1, 1, 1, 1, 1, 1, 1, 1, 1, 1, 1, 1, 1, 1, 1, 1, 1, 1, 1, 1, 1, 1, 1, 1, 1, 1, 1, 1, 1, 1, 1, 1, 1, 1, 1, 1, 1, 1, 1, 1, 1, 1, 1, 1, 1, 1, 1, 1, 1, 1, 1, 1, 1, 1, 1, 1, 1, 1, 1, 1, 1, 1, 1, 1, 1, 1, 1, 1, 1, 1, 1, 1, 1, 1, 1, 1, 1, 1, 1, 1, 1, 1, 1, 1, 1, 1, 1, 1, 1, 1, 1, 1, 1, 1, 1, 1, 1, 1, 1, 1, 1, 1, 1, 1, 1, 1, 1, 1, 1, 1, 1, 1, 1, 1, 1, 1, 1, 1, 1, 1, 1, 1, 1, 1, 1, 1, 1, 1, 1, 1, 1, 1, 1, 1, 1, 1, 1, 1, 1, 1, 1, 1, 1, 1, 1, 1, 1, 1, 1, 1, 1, 1, 1, 1, 1, 1, 1, 1, 1, 1, 1, 1, 1, 1, 1, 1, 1, 1, 1, 1, 1, 1, 1, 1, 1, 1, 1, 1, 1, 1, 1, 1, 1, 1, 1, 1, 1, 1, 1, 1, 1, 1, 1, 1, 1, 1, 1, 1, 1, 1, 1, 1, 1, 1, 1, 1, 1, 1, 1, 1, 1, 1, 1, 1, 1, 1, 1, 1, 1, 1, 1, 1, 1, 1, 1, 1, 1, 1, 1, 1, 1, 1, 1, 1, 1, 1, 1, 1, 1, 1, 1, 1, 1, 1, 1, 1, 1, 1, 1, 1, 1, 1, 1, 1, 1, 1, 1, 1, 1, 1, 1, 1, 1, 1, 1, 1, 1, 1, 1, 1, 1, 1, 1, 1, 1, 1, 1, 1, 1, 1, 1, 1, 1, 1, 1, 1, 1, 1, 1, 1, 1, 1, 1, 1, 1, 1, 1, 1, 1, 1, 1, 1, 1, 1, 1, 1, 1, 1, 1, 1, 1, 1, 1, 1, 1, 1, 1, 1, 1, 1, 1, 1, 1, 1, 1, 1, 1, 1, 1, 1, 1, 1, 1, 1, 1, 1, 1, 1, 1, 1, 1, 1, 1, 1, 1, 1, 1, 1, 1, 1, 1, 1, 1, 1, 1, 1, 1, 1, 1, 1, 1, 1, 1, 1, 1, 1, 1, 1, 1, 1, 1, 1, 1, 1, 1, 1, 1, 1, 1, 1, 1, 1, 1, 1, 1, 1, 1, 1, 1, 1, 1, 1, 1, 1, 1, 1, 1, 1, 1, 1, 1, 1, 1, 1, 1, 1, 1, 1, 1, 1, 1, 1, 1, 1, 1, 1, 1, 1, 1, 1, 1, 1, 1, 1, 1, 1, 1, 1, 1, 1, 1, 1, 1, 1, 1, 1, 1, 1, 1, 1, 1, 1, 1, 1, 1, 1, 1, 1, 1, 1, 1, 1, 1, 1, 1, 1, 1, 1, 1, 1, 1, 1, 1, 1, 1, 1, 1, 1, 1, 1, 1, 1, 1, 1, 1, 1, 1, 1, 1, 1, 1, 1, 1, 1, 1, 1, 1, 1, 1, 1, 1, 1, 1, 1, 1, 1, 1, 1, 1, 1, 1, 1, 1, 1, 1, 1, 1, 1, 1, 1, 1, 1, 1, 1, 1, 1, 1, 1, 1, 1, 1, 1, 1, 1, 1, 1, 1, 1, 1, 1, 1, 1, 1, 1, 1, 1, 1, 1, 1, 1, 1, 1, 1, 1, 1, 1, 1, 1, 1, 1, 1, 1, 1, 1, 1, 1, 1, 1, 1, 1, 1, 1, 1, 1, 1, 1, 1, 1, 1, 1, 1, 1, 1, 1, 1, 1, 1, 1, 1, 1, 1, 1, 1, 1, 1, 1, 1, 1, 1, 1, 1, 1, 1, 1, 1, 1, 1, 1, 1, 1, 1, 1, 1, 1, 1, 1, 1, 1, 1, 1, 1, 1, 1, 1, 1, 1, 1, 1, 1, 1, 1, 1, 1, 1, 1, 1, 1, 1, 1, 1, 1, 1, 1, 1, 1, 1, 1, 1, 1, 1, 1, 1, 1, 1, 1, 1, 1, 1, 1, 1, 1, 1, 1, 1, 1, 1, 1, 1, 1, 1, 1, 1, 1, 1, 1, 1, 1, 1, 1, 1, 1, 1, 1, 1, 1, 1, 1, 1, 1, 1, 1, 1, 1, 1, 1, 1, 1, 1, 1, 1, 1, 1, 1, 1, 1, 1, 1, 1, 1, 1, 1, 1, 1, 1, 1, 1, 1, 1, 1, 1, 1, 1, 1, 1, 1, 1, 1, 1, 1, 1, 1, 1, 1, 1, 1, 1, 1, 1, 1, 1, 1, 1, 1, 1, 1, 1, 1, 1, 1, 1, 1, 1, 1, 1, 1, 1, 1, 1, 1, 1, 1, 1, 1, 1, 1, 1, 1, 1, 1, 1, 1, 1, 1, 1, 1, 1, 1, 1, 1, 1, 1, 1, 1, 1, 1, 1, 1, 1, 1, 1, 1, 1, 1, 1, 1, 1, 1, 1, 1, 1, 1, 1, 1, 1, 1, 1, 1, 1, 1, 1, 1, 1, 1, 1, 1, 1, 1, 1, 1, 1, 1, 1, 1, 1, 1, 1, 1, 1, 1, 1, 1, 1, 1, 1, 1, 1, 1, 1, 1, 1, 1, 1, 1, 1, 1, 1, 1, 1, 1, 1, 1, 1, 1, 1, 1, 1, 1, 1, 1, 1, 1, 1, 1, 1, 1, 1, 1, 1, 1, 1, 1, 1, 1, 1, 1, 1, 1, 1, 1, 1, 1, 1, 1, 1, 1, 1, 1, 1, 1, 1, 1, 1, 1, 1, 1, 1, 1, 1, 1, 1, 1, 1, 1, 1, 1, 1, 1, 1, 1, 1, 1, 1, 1, 1, 1, 1, 1, 1, 1, 1, 1, 1, 1, 1, 1, 1, 1, 1, 1, 1, 1, 1, 1, 1, 1, 1, 1, 1, 1, 1, 1, 1, 1, 1, 1, 1, 1, 1, 1, 1, 1, 1, 1, 1, 1, 1, 1, 1, 1, 1, 1, 1, 1, 1, 1, 1, 1, 1, 1, 1, 1, 1, 1, 1, 1, 1, 1, 1, 1, 1, 1, 1, 1, 1, 1, 1, 1, 1, 1, 1, 1, 1, 1, 1, 1, 1, 1, 1, 1, 1, 1, 1, 1, 1, 1, 1, 1, 1, 1, 1, 1, 1, 1, 1, 1, 1, 1, 1, 1, 1, 1, 1, 1, 1, 1, 1, 1, 1, 1, 1, 1, 1, 1, 1, 1, 1, 1, 1, 1, 1, 1, 1, 1, 1, 1, 1, 1, 1, 1, 1, 1, 1, 1, 1, 1, 1, 1, 1, 1, 1, 1, 1, 1, 1, 1, 1, 1, 1]