0 75 167 
1 758 1349 2482 
2 595 1039 1161 4025 
3 984 1283 
4 418 1136 
5 76 
6 
7 497 1363 3081 
8 240 473 
9 1052 1068 
10 749 1097 1382 
11 510 1087 
12 292 515 1665 
13 830 935 1654 
14 875 1349 1437 
15 1130 
16 1467 
17 588 924 965 982 1085 1286 
18 206 334 520 661 670 964 
19 391 1318 1538 2144 
20 22 2876 3496 
21 233 1389 1689 4397 
22 4613 
23 362 678 1401 1686 3062 
24 52 261 559 1256 
25 879 2434 3103 
26 290 969 
27 454 561 682 1091 
28 856 
29 166 1660 2181 
30 1116 1487 1504 
31 436 518 
32 820 1326 2467 4079 
33 213 455 492 907 1004 1470 
34 216 1366 
35 379 1073 1660 
36 136 338 1051 1138 4501 
37 968 993 1587 
38 593 1206 
39 279 1070 1373 1650 1652 2467 
40 312 396 880 
41 295 589 605 867 1350 
42 306 3167 4339 
43 194 1474 
44 171 707 1542 1564 
45 459 501 872 1029 4919 
46 75 93 817 879 1166 1635 1913 
47 937 984 4587 
48 1257 1620 
49 267 821 
50 677 1624 
51 1022 1276 1569 
52 213 611 
53 177 407 1338 1413 
54 341 801 967 1237 1651 4821 
55 243 397 408 
56 323 552 957 972 1289 
57 433 434 793 1358 3738 
58 429 544 882 991 1394 1415 3347 
59 393 
60 553 921 
61 3469 
62 718 
63 335 925 2963 
64 329 437 1392 4871 
65 1076 4097 
66 286 547 1360 1707 
67 83 126 1124 1470 1541 1828 1888 
68 183 217 996 1543 
69 1293 1850 
70 
71 1706 4621 
72 239 1224 1419 3047 
73 376 727 1192 
74 135 300 4733 
75 1142 1382 1462 
76 190 
77 214 710 1439 1525 
78 743 1340 1495 1518 4438 
79 4917 
80 169 
81 892 1056 2438 4968 
82 190 840 
83 415 588 1227 1279 
84 
85 3735 
86 313 589 746 795 871 
87 853 1645 3275 
88 205 1370 3764 
89 286 1005 1185 1586 1958 
90 872 1404 1501 
91 605 4386 
92 434 849 
93 1027 4510 
94 95 1320 3043 
95 260 515 
96 364 537 1188 
97 118 902 915 
98 523 1269 
99 
100 208 1074 1237 2144 
101 387 737 815 
102 1532 3235 
103 223 1044 1389 
104 1002 1052 1110 1594 
105 601 736 3226 
106 112 880 
107 191 587 948 1336 1566 
108 1074 1108 1268 
109 1633 1656 
110 813 2159 
111 4293 
112 347 3765 
113 668 1455 
114 1211 
115 594 1148 
116 818 826 1462 1484 2212 3362 4728 
117 250 399 698 821 1477 1647 4347 
118 1118 1288 1321 4502 
119 1473 
120 949 1481 
121 402 
122 946 1435 1575 1665 
123 570 1048 1658 3766 3858 
124 1557 
125 500 535 1001 1039 1196 3346 
126 1264 
127 3387 4216 
128 3135 3147 
129 1286 1516 4197 
130 
131 805 1512 2884 
132 382 
133 252 315 640 1025 3724 
134 372 1259 2048 
135 279 379 1006 1635 4840 
136 529 1432 1620 
137 379 409 443 999 1583 
138 2815 
139 746 879 1371 1541 
140 172 269 
141 1000 1444 
142 171 1247 
143 619 668 1175 1225 1551 3088 
144 145 195 497 566 4965 
145 418 859 886 1550 
146 933 1133 
147 3174 
148 
149 172 879 1398 
150 255 1389 2092 2122 4717 
151 897 1075 1476 
152 240 1792 
153 887 1113 
154 243 415 1039 1610 
155 1154 
156 520 529 1445 1576 4754 
157 492 534 4845 
158 736 946 2828 
159 675 3670 
160 1561 
161 404 1159 1250 1410 
162 940 
163 1195 1639 
164 528 878 959 1284 
165 755 1375 1430 
166 680 765 1351 1498 
167 522 831 4608 
168 176 528 1242 1387 1587 4291 
169 318 460 786 1065 1302 1391 2584 2935 3587 
170 1252 
171 258 976 
172 484 771 997 1382 
173 400 824 4145 
174 337 661 3268 
175 192 439 1209 3283 
176 677 1370 1788 3564 3907 
177 1639 3907 
178 186 280 653 1412 3541 
179 856 897 935 1518 
180 327 433 4149 
181 374 
182 284 328 491 1463 2129 
183 2081 
184 
185 309 808 
186 459 3335 
187 647 
188 238 948 
189 288 575 1017 1466 4570 
190 191 1051 1358 2205 2791 
191 228 1055 
192 304 536 857 2489 4305 
193 508 572 722 1485 
194 933 998 2921 3780 
195 1065 1333 1479 
196 277 833 1015 
197 324 649 664 2106 
198 485 564 723 904 
199 410 1211 2662 
200 298 486 669 1215 
201 757 966 
202 642 733 1267 3427 
203 1545 
204 511 1066 1270 2214 3625 
205 519 938 1309 
206 
207 265 611 998 1587 3785 4653 
208 537 1337 1801 
209 262 
210 857 1155 1912 
211 528 1634 1886 
212 481 527 539 784 1221 1231 1580 1613 
213 534 927 1064 1091 1648 
214 926 1381 1426 1593 
215 663 1228 
216 1592 3123 
217 813 1214 4574 
218 418 1120 1260 1623 
219 580 686 966 4359 
220 577 1006 
221 507 520 686 768 3869 
222 248 529 687 942 1182 2197 
223 720 775 
224 535 
225 470 1141 2801 3975 
226 1074 2052 
227 671 872 1150 
228 682 
229 591 816 918 1046 1067 
230 771 826 
231 384 434 717 1420 4666 
232 1279 2187 
233 414 906 964 3062 
234 312 353 1198 
235 498 1641 3924 
236 677 950 1065 
237 520 1327 1444 1500 
238 375 1615 3467 3675 
239 263 276 2046 4154 
240 
241 1089 1570 4867 
242 243 1256 
243 260 496 
244 574 
245 833 
246 251 974 1001 1096 1552 
247 887 
248 355 486 662 994 2964 
249 852 1800 
250 425 1146 
251 682 1131 
252 1333 
253 1213 1357 
254 263 1158 1438 3975 
255 509 639 1140 
256 1099 3923 
257 1051 1399 1454 1542 1632 1637 
258 309 563 
259 633 730 1074 3131 3529 
260 539 1127 1418 
261 1061 1187 1382 4853 
262 829 
263 1324 
264 611 1603 
265 319 683 
266 882 
267 449 885 1503 
268 381 576 
269 337 377 785 2711 
270 455 505 
271 379 508 550 985 
272 546 1483 4413 4806 
273 279 
274 1023 1212 4307 
275 771 1515 1665 
276 689 1340 1369 
277 377 900 1182 1327 
278 291 513 1030 1161 
279 285 468 976 
280 1072 1278 1356 
281 301 927 1264 1422 
282 508 559 1244 1496 
283 690 921 1525 1538 1602 
284 749 
285 622 
286 
287 1331 
288 1301 2045 
289 1401 
290 383 1442 
291 2542 3003 
292 499 694 1255 3110 
293 1144 
294 358 362 608 1289 
295 1013 1067 
296 775 1102 1557 2847 
297 524 647 649 1108 3408 
298 336 558 
299 682 733 2931 
300 536 1162 1540 1620 4654 
301 675 1093 
302 4361 
303 1078 
304 679 
305 654 1151 1431 1495 4014 
306 469 1313 1691 
307 884 1226 1395 
308 401 778 1638 1691 
309 977 1511 
310 
311 717 1334 
312 833 916 2921 4200 
313 602 
314 1183 1459 1546 
315 493 1369 1567 
316 772 1166 1192 1200 1306 1519 
317 795 826 2018 2865 
318 
319 779 1501 
320 2642 
321 454 919 1647 
322 367 
323 466 1067 3628 
324 1331 1450 4071 
325 356 729 1045 1364 2345 4978 
326 762 4874 
327 643 710 1202 
328 
329 563 1432 4434 
330 344 610 1430 3481 3683 
331 887 1424 1500 
332 1601 
333 1286 2061 
334 671 
335 350 784 916 
336 491 
337 376 438 455 1226 1381 
338 
339 391 878 1085 1478 4566 
340 398 
341 589 
342 1492 1574 4467 
343 953 
344 475 1030 1550 2249 3775 
345 384 1309 
346 1184 1186 1248 2404 
347 399 815 2891 
348 461 916 1225 2670 
349 412 1100 
350 1165 1597 3078 4411 
351 437 453 796 1211 1426 4302 
352 979 1375 
353 890 1019 1620 
354 1307 
355 871 4762 
356 418 431 869 975 1139 
357 639 2217 
358 972 1131 1330 
359 1018 1161 1446 3544 
360 657 
361 1000 1856 
362 877 890 
363 1088 
364 
365 455 491 535 2516 4080 
366 877 1148 1532 1538 
367 551 1558 
368 608 4031 4844 
369 1608 1612 
370 913 1406 2997 
371 462 578 664 4868 
372 1227 1409 
373 763 968 2563 
374 411 1255 2582 2955 
375 890 1588 1634 
376 469 617 665 
377 1435 
378 951 1021 1597 1609 4003 4159 
379 546 
380 528 719 730 1501 
381 1482 1505 
382 1686 3925 
383 1016 1287 
384 712 743 1245 1591 1645 
385 449 1142 4713 4843 
386 552 910 937 972 1172 1433 
387 873 3116 4938 
388 3853 
389 
390 699 
391 746 786 1001 1547 1616 2679 
392 878 1760 
393 962 1022 1484 
394 559 909 1477 4232 
395 872 2846 
396 687 963 
397 985 4029 
398 613 1694 
399 537 886 1095 1330 
400 
401 496 629 1152 1565 4671 
402 1294 
403 1240 1396 1453 
404 846 
405 1263 1583 
406 1381 
407 824 841 3042 4360 
408 589 1462 2621 
409 540 716 
410 681 1054 4155 
411 461 934 
412 564 1491 
413 472 949 1327 3816 
414 768 3888 
415 950 
416 1216 
417 935 1120 1438 
418 774 1226 
419 861 1481 
420 
421 1286 
422 761 1449 1466 
423 1211 1283 3788 
424 474 533 872 
425 1250 1595 1618 
426 835 1371 
427 676 1345 3414 
428 749 1031 1192 1376 
429 1041 1572 3039 
430 984 
431 796 1614 2183 
432 534 824 1189 
433 1278 4023 
434 2191 
435 527 528 983 
436 1612 
437 1012 1084 1449 
438 721 1977 
439 1479 
440 1053 1084 1601 1963 
441 682 723 
442 511 775 994 1084 3763 
443 1657 
444 505 755 884 2458 
445 1051 1452 
446 
447 557 779 
448 2870 4514 
449 968 1088 3982 
450 1170 
451 713 820 1074 1397 3433 
452 1170 
453 1043 1342 4755 
454 640 705 1087 1099 1577 
455 3068 4512 
456 711 1465 1633 
457 667 690 1455 1513 2431 
458 567 1094 3470 4144 
459 951 1089 1660 
460 1450 
461 590 662 901 1386 
462 671 960 1762 2316 3595 4292 
463 2163 
464 758 1425 4956 
465 779 1059 1339 1557 
466 
467 4067 
468 748 1084 1120 
469 938 1054 1056 
470 1592 
471 
472 801 878 1301 
473 671 1054 1062 
474 1215 
475 694 703 
476 746 935 
477 1116 
478 1632 4858 
479 634 980 1116 1292 2487 4069 
480 814 1415 4762 
481 780 1120 1512 1528 4182 4775 
482 515 
483 795 
484 
485 731 
486 1249 1552 
487 1039 1120 
488 585 693 
489 912 1519 3711 
490 914 1486 
491 3024 
492 1847 4643 
493 1537 1608 3446 
494 
495 523 551 660 1590 2962 
496 1343 
497 
498 931 
499 
500 902 1633 
501 607 760 790 
502 764 784 971 1096 1501 1575 1973 
503 775 811 1411 1417 1523 1574 3591 
504 701 
505 769 1265 1278 1554 
506 1277 1285 
507 
508 1422 3893 
509 1098 4705 
510 752 1000 2432 
511 1204 4040 
512 706 1143 1555 
513 1592 
514 4787 
515 647 
516 1059 1496 
517 977 1634 1676 4066 
518 1636 4171 
519 712 3911 
520 920 924 1469 
521 1323 1420 3231 
522 708 712 1566 1567 
523 1222 
524 1291 
525 
526 
527 
528 931 
529 1544 
530 
531 559 1138 1492 1650 2189 3031 4183 
532 723 757 966 1204 
533 586 4986 
534 1222 1560 1619 3558 
535 891 1387 
536 630 
537 1496 2459 
538 1036 
539 906 1023 1569 
540 950 
541 678 862 1489 
542 
543 4164 
544 675 710 1229 
545 936 1079 1426 
546 755 1565 
547 1805 4318 
548 1481 
549 
550 4252 
551 1147 2037 
552 
553 3048 4624 
554 1345 1541 
555 787 1116 1562 
556 1409 
557 723 1449 1593 1650 
558 1395 2125 2134 3719 
559 884 
560 933 1034 1644 
561 
562 1526 1836 
563 1665 
564 964 
565 705 1442 2744 
566 2181 
567 1389 1562 2535 
568 819 3414 
569 1170 1174 1237 1469 
570 963 1438 2774 
571 731 4375 
572 2849 
573 660 702 1265 1320 
574 1372 3273 
575 656 799 1407 
576 629 
577 1559 1657 
578 1606 3746 3779 
579 705 
580 591 684 1660 3264 
581 1045 1351 1441 
582 761 991 1653 2170 
583 602 1047 1187 1506 2485 2678 4307 
584 974 1128 1367 
585 1123 4743 
586 922 1017 4995 
587 597 816 
588 
589 650 1074 3302 
590 1514 1530 3559 
591 670 2768 
592 
593 733 1198 1578 4759 
594 
595 732 854 4172 
596 1209 1302 1550 
597 890 
598 1131 1446 
599 693 713 
600 3517 
601 772 4524 
602 1398 
603 1264 1278 
604 804 
605 715 770 899 1117 1472 4667 
606 1060 1205 1431 1584 
607 674 1041 1226 
608 1253 3083 
609 1060 4280 
610 728 872 928 
611 1615 2975 3523 
612 
613 1062 1162 
614 1035 4888 
615 1612 4369 4469 
616 
617 853 2060 
618 1429 1535 1569 
619 824 
620 980 1506 3156 
621 627 3742 
622 3406 
623 639 713 
624 882 1121 1226 1658 3432 
625 1098 1167 
626 1071 1388 1633 4064 
627 761 1336 1465 4553 
628 721 1155 
629 831 1520 
630 1207 1275 1344 1360 4128 
631 1544 
632 
633 741 765 964 
634 2380 4794 
635 1110 
636 1115 2293 
637 1271 1390 1490 
638 1298 
639 943 
640 856 1051 
641 
642 739 
643 
644 658 996 1290 1345 
645 1408 1467 1533 3146 
646 1045 1215 
647 2965 
648 1128 3980 
649 688 1481 
650 2285 
651 1034 1230 
652 
653 1380 2326 
654 
655 1600 
656 752 932 3911 
657 1056 3247 
658 716 757 896 1577 
659 1226 1331 1658 1976 2470 
660 1085 1166 4439 
661 1361 4172 
662 1058 4042 
663 776 1265 1509 
664 
665 1294 
666 
667 
668 723 751 1300 1481 
669 1307 4612 
670 858 1162 1442 
671 
672 1421 1607 
673 
674 874 
675 1480 1675 2811 
676 1272 
677 1045 1157 1262 1524 4184 
678 702 
679 922 1513 
680 1131 
681 796 1649 2924 4272 
682 891 
683 812 1021 4942 
684 930 1562 
685 1191 1545 
686 732 1104 1134 1381 1640 
687 1157 
688 1822 3314 
689 706 1649 
690 1172 1597 
691 764 4161 
692 
693 1155 
694 913 3502 
695 1023 2384 
696 891 1189 1400 4376 
697 
698 1086 1374 1496 
699 1663 4165 
700 808 1097 1641 1879 
701 887 1129 1582 
702 809 2766 
703 1569 4094 
704 3747 4471 
705 1565 1590 1675 
706 1505 
707 925 1415 1512 2360 4268 
708 
709 1607 4558 
710 1338 2043 
711 801 4275 
712 883 937 1015 
713 4983 
714 768 998 1136 
715 1112 1419 1525 1528 
716 1117 1420 
717 805 897 1555 3119 4243 
718 1038 1072 1522 
719 1363 
720 994 1121 
721 731 1545 3793 
722 4469 4693 
723 920 1006 1015 1302 
724 963 1597 
725 2510 2646 2941 4510 
726 772 955 1004 1317 
727 
728 4492 
729 1308 
730 
731 945 1616 3457 
732 
733 1305 1537 
734 
735 750 1098 4693 
736 
737 924 4051 
738 2861 
739 1435 1457 1530 3045 
740 763 1446 1481 3646 
741 1258 1515 1555 
742 1054 1213 
743 1488 2714 4853 
744 1279 3950 
745 829 1220 
746 3073 
747 
748 1053 1591 
749 971 1082 
750 996 1385 1556 1776 
751 845 
752 1404 1546 1584 
753 1172 1240 1625 
754 1072 1203 
755 1147 3106 
756 997 1474 2546 
757 
758 2238 4543 
759 1033 1141 1224 
760 822 917 1397 1487 2916 
761 4918 
762 968 1132 
763 773 902 929 2538 
764 868 
765 2170 
766 822 871 1381 1456 2604 
767 
768 1434 
769 4974 
770 988 1502 
771 862 905 2215 2759 
772 1290 1447 
773 974 1458 1843 
774 1393 1404 1414 2745 
775 1541 1560 
776 1060 2860 
777 1104 1695 4145 4804 
778 925 1106 1478 1537 
779 2892 3720 
780 782 1418 1652 4968 
781 
782 1182 
783 4214 
784 1107 
785 1521 3412 
786 908 3135 
787 
788 992 1145 
789 1212 
790 1374 3064 4053 
791 1089 1222 1311 1427 1627 
792 1075 1332 1534 2672 
793 1012 1153 1247 1581 2451 
794 
795 1009 3607 
796 926 2185 
797 
798 1130 1405 
799 1106 1532 
800 1517 
801 1265 
802 
803 1215 
804 955 
805 2259 2754 
806 922 2118 
807 
808 1412 1442 
809 4506 
810 
811 1150 2595 4714 
812 1283 1528 
813 961 
814 823 3604 
815 870 967 1119 1230 1396 2447 
816 
817 1120 
818 1551 4975 
819 1688 1709 4113 
820 1474 1582 
821 1175 1279 1476 1502 1694 3191 
822 1019 1648 3164 3469 4631 
823 1125 1223 
824 1636 
825 1102 
826 
827 937 
828 829 1340 1377 
829 
830 2273 2748 
831 1042 1137 1253 1423 3353 
832 894 
833 1599 4379 
834 
835 846 1585 
836 1332 1514 
837 1391 2867 
838 952 1190 1193 
839 1084 1191 1586 2407 
840 1347 
841 1227 3121 
842 
843 
844 3112 4291 
845 1255 
846 1233 
847 932 1393 
848 914 1156 3416 
849 1055 1200 1583 2998 
850 1393 
851 
852 1142 1360 2738 
853 1547 2975 4870 
854 931 940 
855 4821 
856 1161 1194 3244 
857 1382 4683 
858 
859 
860 1665 
861 1329 
862 1061 2903 2990 
863 905 1120 1568 3352 
864 
865 1384 
866 2160 
867 931 
868 881 4424 
869 
870 1435 
871 1270 1311 1313 1588 4883 
872 1120 1604 1630 
873 1042 1219 
874 1329 1418 
875 1063 1229 1454 
876 
877 1482 
878 949 2423 
879 1340 2479 3888 4864 
880 1106 1506 1568 4643 
881 2082 2142 
882 2284 4620 
883 969 1140 1485 4963 
884 1147 1587 1633 
885 4289 
886 1478 1610 
887 1152 1266 1468 1549 1570 1847 
888 1112 
889 
890 1027 1454 
891 1033 
892 1256 
893 1199 1250 
894 1043 
895 1274 
896 1094 1582 
897 
898 2995 
899 
900 1568 
901 1138 
902 1057 1716 2742 
903 1517 1533 
904 1086 1417 
905 
906 1185 
907 1009 1269 1534 
908 1095 2824 
909 969 1449 4332 
910 1492 
911 1169 1831 
912 1347 2416 2543 2771 
913 1494 
914 1311 1385 2899 3139 3829 
915 
916 
917 1103 
918 1124 2369 
919 
920 1161 3644 
921 
922 1494 
923 1099 
924 1011 1163 
925 954 
926 1954 
927 
928 961 1560 
929 1414 1664 
930 967 2206 2625 
931 1007 1273 2581 3841 
932 1499 1522 3494 
933 1352 
934 
935 1237 1335 
936 1183 1300 3642 
937 1104 1559 1600 
938 1344 1402 1494 4433 
939 1052 1622 
940 1007 1285 
941 1431 
942 1549 1587 
943 
944 1168 3081 4556 
945 1979 2542 3611 4259 
946 1340 1604 1614 
947 1378 
948 1248 
949 1224 1226 1372 2079 
950 1224 4035 
951 1290 2512 
952 
953 1241 1383 1607 2665 
954 3506 
955 1173 1943 
956 3236 
957 
958 960 1233 1564 
959 1152 3299 
960 1486 4001 4703 
961 1473 2506 
962 1294 
963 3979 
964 
965 1408 1506 1569 3982 
966 996 1132 1283 
967 1595 2332 2809 4039 
968 1927 
969 3180 4433 4501 4824 4831 
970 3261 4517 
971 1005 1778 2636 
972 
973 1478 
974 
975 1625 2121 2986 
976 3655 3876 
977 1079 1502 2390 
978 1037 1131 1451 1744 
979 3036 
980 2824 
981 3843 
982 2215 
983 
984 1009 1474 
985 1393 1802 
986 1038 1706 
987 4214 
988 1567 2146 
989 4751 
990 1272 1429 
991 
992 1138 1220 1315 1420 1628 
993 1035 1096 1385 1405 
994 1339 
995 
996 2034 2680 
997 
998 1181 1184 1523 1649 
999 4420 4604 
1000 1515 2450 
1001 1270 1377 1539 
1002 1311 1603 
1003 4706 
1004 1224 2062 
1005 1263 
1006 4326 
1007 1198 1224 1625 
1008 1599 2708 3916 
1009 1262 1422 
1010 
1011 1218 1520 1548 2538 
1012 1070 1580 
1013 2025 
1014 1983 
1015 1946 
1016 1172 1503 
1017 1341 1407 
1018 1120 1185 1261 1522 1841 
1019 1065 
1020 1147 2409 
1021 1403 1650 
1022 1353 1475 
1023 1476 3264 
1024 1065 1197 3560 3738 
1025 1104 1587 
1026 1446 
1027 1593 1630 
1028 
1029 1594 
1030 
1031 
1032 1620 
1033 1604 1628 4586 
1034 3336 3767 
1035 1092 1583 1591 4460 
1036 
1037 
1038 1118 1248 1501 
1039 1099 3816 
1040 1490 1810 
1041 1556 1608 
1042 1590 1647 
1043 
1044 
1045 
1046 1301 
1047 1292 1664 4103 
1048 1232 1637 1657 
1049 1091 1464 
1050 1952 3110 
1051 2334 2365 2713 
1052 1534 3994 
1053 
1054 1335 
1055 1314 1654 2719 4314 
1056 1057 4490 
1057 1146 1155 1494 1558 3929 
1058 1232 1308 
1059 1391 1560 
1060 
1061 1347 2650 
1062 1100 1282 1530 4122 
1063 
1064 4378 
1065 1295 4200 
1066 
1067 
1068 
1069 1104 1457 2384 4428 
1070 
1071 
1072 1152 1425 1454 4857 
1073 2301 4605 
1074 1658 
1075 
1076 3385 
1077 1562 
1078 1473 4146 
1079 1106 
1080 
1081 1256 1468 
1082 1247 1669 
1083 
1084 4299 
1085 1152 2824 4428 
1086 2340 
1087 1343 1508 
1088 3381 
1089 2055 
1090 1359 
1091 1570 1652 
1092 1448 1499 4035 
1093 
1094 
1095 1120 1758 
1096 1210 1235 1326 3964 
1097 
1098 1165 1308 
1099 1378 1632 2928 
1100 1522 
1101 1278 1408 
1102 1193 1463 
1103 
1104 1525 1556 
1105 1244 1665 2143 
1106 1287 1488 
1107 1233 
1108 1380 
1109 
1110 2579 
1111 1309 4492 
1112 
1113 1364 1609 
1114 1471 
1115 
1116 1121 3608 
1117 3073 4266 
1118 
1119 1383 1536 2300 
1120 1341 4075 
1121 1404 1441 
1122 1623 2595 
1123 1346 
1124 1259 1480 
1125 1240 1289 1313 4570 
1126 1148 1226 
1127 1224 1584 
1128 
1129 
1130 1311 
1131 3372 4969 
1132 1203 1496 
1133 1317 
1134 
1135 4137 
1136 1229 1366 
1137 2122 
1138 1457 3712 
1139 1161 1651 
1140 1241 
1141 1374 4753 
1142 1631 
1143 3138 
1144 1579 4072 
1145 
1146 3285 
1147 1312 
1148 4161 
1149 3125 
1150 
1151 1254 
1152 
1153 1184 
1154 4443 
1155 
1156 
1157 
1158 
1159 
1160 
1161 1194 4155 
1162 1448 1526 
1163 3267 
1164 1533 
1165 1195 
1166 1499 1574 1601 
1167 1278 1294 2438 
1168 1259 3692 
1169 1291 1324 3430 
1170 3160 4988 
1171 1577 
1172 1386 
1173 1325 3537 
1174 
1175 4204 
1176 3325 
1177 4569 
1178 
1179 1350 1461 
1180 1258 1260 1593 
1181 
1182 2399 3314 
1183 1659 
1184 1573 3512 
1185 1499 1557 2566 3807 4218 
1186 
1187 1221 2481 
1188 1558 
1189 1624 
1190 1226 1340 1446 
1191 1537 1543 
1192 1216 
1193 3192 
1194 1224 
1195 1609 3768 
1196 3683 
1197 
1198 1315 1580 
1199 1562 3119 3299 
1200 1332 1511 
1201 1638 2711 4039 
1202 3326 
1203 1305 
1204 
1205 2339 
1206 2142 
1207 1577 
1208 1492 1507 3042 
1209 1534 
1210 
1211 
1212 2091 4532 
1213 1244 1327 
1214 1304 1602 4666 
1215 4007 
1216 
1217 
1218 1329 1408 2132 
1219 3593 4576 
1220 1859 3752 
1221 
1222 3457 
1223 1348 1561 
1224 1395 
1225 2400 3432 
1226 3571 
1227 4121 
1228 1612 1613 2948 3256 
1229 1344 
1230 1483 
1231 4015 
1232 1325 4721 
1233 1645 
1234 
1235 1500 1639 2606 
1236 
1237 1262 1471 
1238 
1239 
1240 
1241 
1242 1496 1542 
1243 1513 2842 
1244 1269 1375 1402 3540 
1245 
1246 1396 
1247 1920 
1248 1454 1547 
1249 
1250 
1251 1453 
1252 
1253 
1254 
1255 1323 1622 2638 3963 4412 
1256 1622 1915 
1257 1419 
1258 
1259 4777 
1260 1561 
1261 1294 2115 2557 
1262 
1263 2303 
1264 
1265 
1266 3972 
1267 3875 
1268 1875 
1269 
1270 1458 3656 4904 
1271 1562 
1272 
1273 1345 1348 1388 1599 
1274 1342 3131 3536 
1275 
1276 2641 4603 
1277 3420 
1278 2076 
1279 1585 
1280 
1281 1369 
1282 1380 1477 2791 
1283 
1284 1578 
1285 1576 1854 
1286 1341 
1287 1398 2571 
1288 1650 
1289 3701 
1290 1493 4071 
1291 
1292 3033 
1293 
1294 1957 
1295 
1296 
1297 3336 
1298 
1299 
1300 1504 
1301 1574 4837 
1302 4792 
1303 
1304 1465 
1305 1614 
1306 4213 
1307 1321 2623 
1308 3727 4044 4346 
1309 
1310 
1311 1590 2308 
1312 1613 2510 4597 
1313 4972 
1314 
1315 2916 
1316 
1317 
1318 1362 
1319 
1320 1493 1526 
1321 
1322 
1323 
1324 
1325 1344 1561 4726 
1326 1407 4287 
1327 2069 
1328 3149 
1329 4182 
1330 1458 3335 4772 
1331 2711 
1332 
1333 1636 
1334 3225 
1335 1595 
1336 2090 
1337 1488 4416 
1338 
1339 
1340 
1341 
1342 1392 1551 4133 
1343 1394 
1344 1492 2186 3827 
1345 1506 1509 3859 
1346 1655 
1347 1779 2589 
1348 1459 
1349 
1350 1652 2232 3446 
1351 1642 
1352 
1353 1902 
1354 2098 
1355 2218 3300 
1356 1655 
1357 4072 
1358 1521 2674 
1359 2335 
1360 
1361 1401 1654 
1362 1641 
1363 
1364 1517 3657 
1365 
1366 
1367 
1368 4949 
1369 
1370 
1371 
1372 
1373 2442 
1374 
1375 1418 2182 
1376 
1377 
1378 3284 
1379 
1380 
1381 2808 
1382 
1383 1484 1551 3262 4374 
1384 2281 
1385 1538 3680 4160 
1386 1518 
1387 
1388 
1389 
1390 1977 
1391 4216 
1392 1450 
1393 1539 
1394 
1395 
1396 
1397 
1398 1506 
1399 1881 2015 
1400 
1401 
1402 
1403 1491 2341 
1404 
1405 
1406 
1407 
1408 1572 
1409 
1410 3150 
1411 1478 4259 4320 
1412 
1413 
1414 
1415 3521 
1416 3396 
1417 
1418 
1419 1504 
1420 2851 
1421 
1422 1489 
1423 4296 4809 
1424 
1425 1556 
1426 
1427 2184 3635 4752 
1428 1525 
1429 1522 
1430 3122 
1431 1566 2048 
1432 1554 
1433 1585 3326 
1434 1493 1587 1721 3095 3211 
1435 
1436 
1437 2040 
1438 1514 1598 
1439 1513 4903 4964 
1440 1467 1546 
1441 
1442 
1443 1545 1573 
1444 1867 3797 
1445 2388 
1446 3043 
1447 2528 
1448 1485 
1449 
1450 2453 
1451 2294 
1452 1625 4120 
1453 
1454 
1455 
1456 1538 4619 
1457 
1458 
1459 
1460 4979 
1461 1881 2301 
1462 
1463 2800 
1464 
1465 
1466 
1467 1584 
1468 1481 
1469 1545 
1470 
1471 1507 1541 1631 
1472 1533 1608 
1473 
1474 
1475 1513 
1476 2695 3421 
1477 1616 1886 
1478 
1479 4932 
1480 1496 1604 2188 
1481 3126 
1482 1559 2472 
1483 2112 
1484 
1485 
1486 
1487 
1488 3373 3919 
1489 1509 
1490 
1491 4816 
1492 1998 
1493 
1494 
1495 2783 
1496 1583 2592 
1497 2723 4494 
1498 1595 3999 
1499 1647 
1500 3884 
1501 
1502 2601 
1503 4295 
1504 1618 
1505 
1506 3136 4220 
1507 
1508 1611 4895 
1509 4118 4364 
1510 3119 
1511 
1512 3770 
1513 
1514 
1515 
1516 3589 
1517 
1518 
1519 
1520 3342 3807 
1521 
1522 2062 4095 
1523 3250 
1524 
1525 2415 
1526 
1527 
1528 
1529 
1530 4784 
1531 1598 
1532 2850 
1533 3472 
1534 1653 1781 
1535 1714 3285 
1536 1645 
1537 1649 
1538 
1539 2229 
1540 1642 
1541 
1542 
1543 4505 
1544 
1545 4177 
1546 
1547 1559 1833 
1548 4005 
1549 
1550 1660 1878 3037 4943 
1551 
1552 4886 4988 
1553 
1554 
1555 2790 4038 
1556 
1557 3249 
1558 3874 
1559 2535 
1560 
1561 1621 
1562 
1563 2302 
1564 1600 3588 
1565 
1566 3132 
1567 
1568 1696 2695 
1569 2955 
1570 
1571 2032 
1572 
1573 
1574 1615 
1575 
1576 2878 3274 
1577 3905 
1578 3066 4543 
1579 
1580 1591 2685 
1581 
1582 
1583 4923 
1584 
1585 2309 
1586 3423 
1587 
1588 
1589 1618 
1590 
1591 3906 
1592 2616 
1593 
1594 2878 3412 4554 
1595 2828 
1596 4688 
1597 
1598 
1599 
1600 
1601 
1602 
1603 2449 2471 
1604 3718 
1605 
1606 2971 
1607 
1608 3510 
1609 
1610 
1611 
1612 3201 
1613 
1614 
1615 
1616 3084 
1617 3461 4004 
1618 1625 2290 
1619 
1620 
1621 
1622 2668 3338 
1623 
1624 
1625 
1626 4048 
1627 3690 4693 
1628 
1629 3826 
1630 
1631 
1632 
1633 
1634 
1635 3650 3696 
1636 4945 
1637 
1638 
1639 
1640 
1641 
1642 1984 2530 
1643 
1644 
1645 3915 
1646 4723 
1647 
1648 
1649 2337 3813 
1650 
1651 
1652 
1653 
1654 
1655 3315 
1656 
1657 
1658 
1659 
1660 1827 
1661 
1662 
1663 
1664 
1665 
1666 2061 2789 
1667 3051 3270 3318 4292 
1668 1872 2297 3261 
1669 1961 2598 2768 
1670 1823 1914 1945 3240 3726 
1671 2289 
1672 1994 2062 2250 2665 2756 2918 2921 
1673 2773 
1674 2650 4735 
1675 3124 
1676 
1677 2153 2372 2648 3119 3247 
1678 1950 3151 3328 
1679 2083 
1680 4814 
1681 1901 2037 
1682 1699 2863 2956 3163 3175 3297 4650 
1683 2005 2261 2444 2656 2676 2765 
1684 1927 3224 3333 
1685 1862 
1686 2049 2294 2364 2553 
1687 1712 2333 2959 3213 3254 
1688 2890 
1689 2359 2625 2636 
1690 1785 2635 
1691 2114 3223 
1692 
1693 2417 2889 3269 
1694 1822 1943 2989 3313 
1695 1702 1809 2188 2829 
1696 1873 1961 2768 4294 
1697 1821 3082 
1698 
1699 1735 
1700 1927 2728 3786 
1701 2295 3253 3661 
1702 2035 2112 2533 2704 3227 3260 4873 4946 
1703 1868 2249 2860 
1704 2275 3226 
1705 3365 
1706 1925 2846 
1707 1709 1980 2119 2272 3225 
1708 2081 2186 3019 3317 
1709 1860 2542 2701 2800 2802 2972 
1710 1734 
1711 3261 3294 
1712 1845 2525 
1713 3247 3297 4504 
1714 1979 2151 2833 3242 
1715 2040 4749 
1716 2634 
1717 2530 2896 3312 
1718 2367 2437 2581 2824 3132 
1719 1804 2037 2085 2375 
1720 1914 2333 2643 
1721 2206 2676 2836 3017 
1722 2706 3044 3254 
1723 2102 2481 2492 2719 
1724 2312 3072 3154 
1725 1746 1991 
1726 2682 2796 
1727 3147 3635 
1728 2318 2440 3014 
1729 2036 2731 
1730 1807 2116 2148 2254 2679 
1731 2670 3069 3328 
1732 2424 2444 2788 2819 4581 4730 
1733 1900 2212 4384 
1734 2759 
1735 1878 
1736 1918 2132 
1737 2429 2766 
1738 2544 3144 4984 
1739 2167 3096 3307 
1740 1790 2151 2417 
1741 2671 
1742 1943 
1743 
1744 2725 2774 2964 
1745 2011 2407 3106 4824 
1746 2244 2792 3028 
1747 1867 2254 3006 
1748 2204 2667 2842 4190 
1749 2095 2623 2795 
1750 3199 
1751 2150 3018 4792 
1752 2291 2776 3077 
1753 2846 
1754 2151 3591 
1755 2868 3050 3080 
1756 2161 2270 2398 2951 3133 3273 3302 
1757 2119 2651 2655 2865 3687 3832 4516 4658 
1758 2855 2921 
1759 1825 2364 2877 2929 
1760 1778 1907 2059 2213 2328 2471 2811 3235 4791 
1761 2893 
1762 2157 2313 2701 
1763 2799 
1764 2112 2177 2309 2348 2704 
1765 2194 2392 2715 
1766 1845 2138 2290 2855 
1767 2694 3242 
1768 1874 2575 2940 3081 
1769 1869 2295 2888 
1770 2221 2477 2848 
1771 1880 2360 2680 
1772 1975 2489 
1773 1926 2054 3279 
1774 2424 3249 
1775 2696 4716 
1776 3133 
1777 1870 3219 3846 
1778 2077 2189 3040 3210 4671 
1779 2654 
1780 2257 2290 2745 3163 3908 4176 
1781 2990 4256 
1782 2573 2721 2839 3009 
1783 
1784 1860 2259 2814 
1785 2235 2355 3091 3287 
1786 2027 3824 
1787 1909 2291 3194 3207 3915 
1788 2523 2950 2957 3094 
1789 2758 
1790 4320 
1791 2110 2523 2717 2951 
1792 2930 3137 4312 
1793 2085 
1794 1995 2182 2255 2658 3321 4735 
1795 2059 2104 2178 2194 4533 
1796 
1797 1857 2014 2272 
1798 
1799 2793 3288 4374 4545 
1800 1965 2329 2503 2821 3206 
1801 2843 3321 
1802 1974 2738 
1803 2194 2758 2793 3310 3395 
1804 2036 2476 3809 
1805 2310 3035 
1806 1843 2883 
1807 3567 
1808 2666 4107 
1809 1952 2617 3460 3802 4064 
1810 1837 
1811 3165 
1812 1982 2938 3254 
1813 2370 2751 3255 
1814 2063 4052 
1815 1871 2031 2537 2730 
1816 2004 
1817 2364 
1818 
1819 2125 
1820 2624 3185 
1821 1912 2161 2165 
1822 2882 
1823 2843 3897 
1824 2773 2832 2859 
1825 
1826 2715 3328 
1827 1993 2120 2300 3326 
1828 2811 2910 
1829 1910 2826 2909 2925 3232 3262 4078 
1830 
1831 2155 3240 4781 
1832 
1833 1949 1981 1990 2461 2679 3172 3307 
1834 2358 2993 
1835 1943 2405 2543 2651 2752 3422 
1836 1913 2092 2786 2997 3041 
1837 1967 3186 
1838 
1839 
1840 2215 2392 2803 
1841 2001 2965 
1842 2278 2501 3201 
1843 2469 
1844 3016 3182 3601 
1845 2347 
1846 2715 
1847 2165 2547 2686 3284 4356 
1848 2464 2599 2951 
1849 2107 2480 2839 3126 
1850 2682 2805 
1851 2068 2443 
1852 3068 4138 
1853 1925 2628 
1854 2996 3195 
1855 2751 
1856 1889 2171 
1857 2091 2925 3070 
1858 2109 2691 3154 3174 4887 4912 
1859 2031 2307 2527 2636 
1860 2165 3256 3290 
1861 2936 3147 
1862 1944 2470 2883 3029 
1863 1911 2047 2769 3242 
1864 2743 2925 
1865 4786 
1866 2158 2210 2519 
1867 2423 2798 2883 
1868 1980 
1869 2236 2383 3308 
1870 2805 
1871 1925 
1872 3198 4188 
1873 2140 
1874 1988 2572 3469 
1875 3139 
1876 3505 
1877 3027 
1878 2420 2865 
1879 2996 3081 3987 
1880 2923 3863 
1881 2217 
1882 2151 3301 
1883 2160 2198 2657 3181 3255 4373 
1884 2397 
1885 2096 2345 2793 
1886 2592 
1887 1982 2512 2714 3073 
1888 2022 2395 2432 2577 2578 3493 
1889 1999 3022 
1890 1984 2676 
1891 2196 2302 2438 2881 2979 3102 3272 
1892 2199 2732 
1893 1920 1974 2073 2094 3071 4269 
1894 2349 2883 3103 
1895 2416 2958 3017 
1896 2461 
1897 2052 3101 
1898 2258 2819 
1899 3127 
1900 2135 2138 2607 2698 2753 2951 4212 
1901 2672 2942 2963 
1902 
1903 2704 3142 3307 
1904 
1905 1988 
1906 1992 
1907 3095 3448 
1908 2299 2755 
1909 2389 
1910 2318 
1911 2223 2244 2306 3770 
1912 2679 2814 3241 
1913 2060 3227 
1914 2603 
1915 2327 2817 
1916 2571 2585 
1917 2382 2447 2499 2633 2847 
1918 2629 2804 
1919 
1920 2119 
1921 1980 2557 2812 
1922 4460 
1923 2124 
1924 2041 2523 2572 2766 
1925 2178 2422 3047 3135 
1926 1933 2031 2111 2389 4007 
1927 2834 
1928 2213 2259 2261 2619 2990 
1929 2197 2355 3108 3188 3305 4867 
1930 2321 2933 
1931 2003 2520 3169 3882 4497 
1932 2582 2679 2715 
1933 2641 2905 
1934 3151 3323 
1935 2302 4747 
1936 3093 
1937 2099 
1938 2515 4817 
1939 2197 2326 3227 
1940 2818 
1941 
1942 2449 
1943 2141 2359 2568 2844 3256 3870 
1944 3307 
1945 2743 2758 4886 
1946 
1947 2013 2532 
1948 2520 
1949 2173 2827 3299 4469 
1950 3155 
1951 2052 2102 2155 2977 3017 
1952 2236 
1953 2209 
1954 1971 2824 
1955 2024 2231 
1956 2010 3005 
1957 3170 
1958 2733 2890 3002 3598 
1959 2258 2295 
1960 2811 
1961 2747 3150 
1962 2522 2605 2867 
1963 2253 2348 2646 2669 
1964 2931 
1965 2511 3111 
1966 2634 
1967 2141 3002 3219 
1968 2226 
1969 2403 2647 2675 2745 3192 
1970 2081 2590 2592 4973 
1971 2140 2758 2790 
1972 2744 3166 3212 4233 
1973 2753 
1974 
1975 2275 2618 2914 3041 4114 
1976 3020 3064 3124 
1977 2569 2834 4270 
1978 2795 3228 
1979 3008 
1980 2064 2266 2710 4731 
1981 2095 3260 
1982 2825 3183 
1983 4665 
1984 
1985 2652 
1986 2110 2328 3157 
1987 1991 
1988 3922 4058 
1989 2726 
1990 2165 3109 3313 4384 
1991 2220 2248 2501 3177 3386 
1992 2017 
1993 2135 2136 2163 2203 3024 
1994 3975 
1995 2789 3883 
1996 2107 2769 
1997 2232 4140 4779 
1998 2721 
1999 2566 
2000 2106 3257 3721 3985 
2001 2962 
2002 2499 2658 4019 
2003 2474 3464 4373 
2004 2462 2482 2804 
2005 2450 2776 
2006 
2007 2778 
2008 2056 2711 
2009 2176 2386 2782 3022 4518 
2010 2467 
2011 2175 2206 2547 
2012 2971 3198 
2013 2269 2311 2360 
2014 2253 2543 
2015 2332 2763 3198 4152 
2016 2277 2416 3102 3321 
2017 2149 2296 2701 2846 
2018 2350 4319 
2019 2377 3045 3186 
2020 2822 
2021 2527 
2022 
2023 3232 
2024 
2025 3966 
2026 4129 
2027 2392 2555 3222 3269 
2028 2409 2412 3589 4851 
2029 3014 
2030 2037 3066 
2031 2114 2604 2690 4355 
2032 2191 2231 2350 2772 3064 
2033 3129 
2034 2253 2620 
2035 2313 4786 
2036 3246 4966 
2037 3019 3249 
2038 3205 3222 
2039 2317 2714 2744 2993 4870 
2040 2182 2288 2464 3449 
2041 2332 2485 
2042 2342 3012 
2043 2351 2839 
2044 2084 2277 
2045 2096 2316 2679 4583 
2046 2344 3182 
2047 2292 2551 2629 2959 3156 
2048 2691 3295 
2049 
2050 2190 2801 2835 4905 
2051 2150 2566 2701 3739 
2052 2843 4957 
2053 2523 2967 4060 
2054 2358 
2055 3064 
2056 2395 2738 
2057 2182 2531 
2058 2350 2606 2812 2818 4279 
2059 2197 2277 2840 3314 4049 4700 
2060 2296 2633 2918 3135 3281 
2061 
2062 2544 
2063 2670 4492 
2064 2969 3010 
2065 2909 3029 3094 3097 3832 
2066 3102 3112 
2067 2561 2714 
2068 
2069 2609 
2070 
2071 2434 2805 
2072 2750 3178 3690 4245 
2073 3198 3978 
2074 2791 
2075 2279 2491 2697 3109 
2076 2871 2915 3107 
2077 2079 3317 
2078 
2079 2841 
2080 
2081 2211 3256 
2082 
2083 
2084 2417 2660 3087 
2085 2194 2360 2635 2729 2829 2891 
2086 2305 2852 
2087 2661 2857 
2088 2155 2608 3531 
2089 2694 2919 
2090 
2091 
2092 2860 
2093 3181 
2094 2138 2667 2993 
2095 
2096 2299 2544 3260 
2097 2583 2682 2713 2948 3116 3183 3262 
2098 2109 
2099 2457 3010 
2100 2377 2448 2811 2974 3321 4568 
2101 2267 2490 3091 3099 
2102 2675 2983 3266 
2103 2455 
2104 2427 3224 4933 
2105 2606 3036 
2106 2935 
2107 2434 2869 3205 
2108 2694 3030 3039 
2109 2465 2937 3006 3019 3256 3320 
2110 2209 2675 2867 3250 
2111 2313 2334 3194 3228 
2112 2515 3310 
2113 2564 3296 
2114 3281 
2115 2335 2483 
2116 
2117 3292 
2118 
2119 3573 
2120 2583 
2121 3801 
2122 3005 3247 
2123 2646 
2124 2231 2932 2943 3035 
2125 
2126 2373 2485 4029 
2127 2751 2978 3008 
2128 2253 2428 2671 2962 3168 
2129 2544 3199 3614 
2130 2134 2492 
2131 2354 2362 2861 
2132 2305 2323 
2133 2265 2307 2404 3118 3186 3191 
2134 2144 2172 3106 3197 4688 
2135 3329 
2136 2593 
2137 
2138 
2139 2452 2912 
2140 2206 2216 
2141 3048 3190 
2142 
2143 2665 
2144 2229 2287 4577 
2145 2613 
2146 3059 
2147 2371 
2148 2589 2736 3144 3543 
2149 2731 2997 3081 3242 4571 
2150 2267 2377 2640 2697 
2151 2267 2452 3269 3298 3515 
2152 2671 2718 3355 
2153 2293 2451 2973 
2154 2637 3219 
2155 2580 2841 
2156 2191 2746 2863 
2157 3259 
2158 2201 2284 3140 
2159 
2160 3704 
2161 2695 2815 2888 2998 
2162 2748 3050 
2163 2943 2947 3318 3541 
2164 2955 
2165 2384 
2166 2748 3161 4593 
2167 2340 3207 
2168 2187 
2169 3273 3763 
2170 2417 3226 3229 3327 
2171 
2172 3014 3056 
2173 2255 3069 
2174 2675 2897 4793 
2175 2293 2382 2517 2522 
2176 2345 2951 3186 
2177 3680 
2178 2998 
2179 3411 
2180 3854 
2181 2227 
2182 2197 2397 2763 
2183 2378 2465 2487 2939 
2184 
2185 2809 3187 3285 
2186 2200 2221 2335 2524 2567 2666 
2187 2199 2304 2477 2872 
2188 2402 2581 2750 3254 
2189 4389 
2190 3122 3395 
2191 
2192 2822 2899 4429 
2193 2566 2672 2735 2845 
2194 4658 
2195 
2196 2325 2769 3075 
2197 2903 3203 
2198 2234 2254 
2199 2795 
2200 2644 3307 
2201 3257 
2202 2947 2986 
2203 2355 2988 3237 
2204 2521 2744 3215 
2205 4073 
2206 2566 3034 
2207 2220 3134 4639 
2208 2759 2918 
2209 2340 3614 
2210 3170 
2211 2401 4720 
2212 
2213 2961 3126 3233 4176 4659 
2214 2963 4439 
2215 2225 2642 
2216 2548 2651 2721 2769 2848 
2217 3327 
2218 2259 2610 2797 2905 3300 3802 
2219 2931 
2220 3144 
2221 2397 3052 4299 
2222 2498 2560 2819 3179 3193 4605 
2223 
2224 2309 2490 
2225 2469 4572 
2226 2284 3116 
2227 2261 2476 2796 
2228 2628 2868 3018 3972 4577 
2229 
2230 
2231 2398 2546 2687 
2232 2958 
2233 2451 2549 3313 
2234 2963 3290 4287 
2235 2270 
2236 2374 2741 4444 
2237 3060 
2238 2908 3006 
2239 
2240 2504 2848 2867 2997 3276 
2241 2294 2742 2747 3069 3159 
2242 2507 2822 3033 3217 
2243 3205 3241 3268 
2244 2839 2854 
2245 2542 2766 
2246 2363 2630 2814 3265 
2247 2369 2456 2898 3174 
2248 2308 2949 2967 3022 
2249 2748 
2250 2641 2664 
2251 2331 2769 3197 3283 
2252 2458 3175 4182 
2253 2742 2743 2863 
2254 3040 
2255 2536 2679 3126 
2256 2974 
2257 2695 2777 3293 4806 
2258 2510 2589 2844 
2259 3236 
2260 2713 3488 3862 
2261 2286 2686 
2262 2818 
2263 2412 2447 2718 
2264 2694 2908 3095 
2265 2443 3221 3300 3423 
2266 2663 2687 
2267 
2268 2373 2558 2942 4629 
2269 2584 2804 3221 
2270 2690 
2271 2430 2875 4497 
2272 2888 3103 3136 
2273 2439 2882 3416 
2274 2960 3231 
2275 
2276 2921 
2277 2316 2559 2583 
2278 
2279 2326 2805 3287 4841 
2280 2497 2831 2916 2955 3322 
2281 2348 2848 
2282 2638 4626 
2283 
2284 2725 3560 
2285 3063 
2286 2367 2904 
2287 
2288 2458 
2289 2413 
2290 
2291 2536 2700 2939 4920 
2292 2517 3084 
2293 
2294 3031 
2295 2754 
2296 2891 
2297 4200 
2298 
2299 
2300 3256 
2301 
2302 2378 3252 
2303 2582 4328 
2304 2364 
2305 
2306 3134 3187 
2307 2405 2860 
2308 2444 2797 2937 
2309 2902 2995 
2310 
2311 2379 
2312 2634 
2313 2915 3214 
2314 2426 3031 3230 3281 
2315 2425 2687 2931 
2316 2507 2777 2796 
2317 2338 3202 
2318 
2319 3026 
2320 
2321 2364 2370 2467 
2322 2360 2838 
2323 3236 
2324 2601 
2325 2356 2823 
2326 3131 
2327 2360 3239 3313 3828 4034 
2328 
2329 2806 2861 3572 
2330 2542 2544 2588 2743 
2331 2829 2893 4149 
2332 4830 
2333 
2334 3237 3398 
2335 2411 3066 
2336 2376 3223 3230 3257 
2337 
2338 
2339 3213 
2340 3062 
2341 
2342 2364 2473 2670 2694 
2343 2846 3149 
2344 2634 
2345 
2346 2495 2628 2635 2655 3326 
2347 2380 2608 2611 3213 3388 
2348 2655 2785 2923 3170 
2349 2544 2607 
2350 
2351 3123 3257 
2352 
2353 
2354 
2355 2529 2960 3138 3262 
2356 2592 3217 
2357 2450 2695 2851 
2358 2658 
2359 2957 4040 4242 
2360 3137 
2361 
2362 2424 
2363 2608 3313 
2364 2590 
2365 2531 2587 4541 
2366 3519 
2367 2588 3326 
2368 
2369 2742 
2370 2582 3047 3147 
2371 
2372 
2373 2454 3271 
2374 
2375 2541 
2376 4597 
2377 2705 2810 3000 
2378 2402 2524 3036 3516 
2379 2997 
2380 2494 3312 
2381 2435 2763 2884 
2382 3176 3290 3605 
2383 2964 3210 
2384 
2385 2524 3301 3520 
2386 2726 3044 4109 
2387 4202 
2388 2392 
2389 2990 3138 4527 
2390 2896 
2391 3045 
2392 3071 4206 
2393 2752 2948 3002 
2394 3026 3278 
2395 3265 3450 
2396 2723 3121 
2397 
2398 2400 2816 3195 
2399 2499 2939 3011 3117 3282 
2400 2457 2460 2584 
2401 2641 3023 3182 
2402 4453 
2403 2630 4332 
2404 4304 4841 
2405 
2406 2491 3287 
2407 4062 
2408 2423 
2409 2579 2937 
2410 4542 
2411 
2412 2485 2941 4370 
2413 2617 2920 3056 
2414 
2415 2501 2530 
2416 2682 3225 
2417 2543 2578 2685 2702 2970 
2418 3074 
2419 2464 3146 
2420 4667 
2421 2573 3191 
2422 2493 2774 
2423 
2424 2629 
2425 2454 2784 
2426 2473 3184 
2427 3112 3265 
2428 3331 
2429 2548 4541 
2430 2651 3008 3237 4401 
2431 3247 
2432 2435 2812 
2433 2597 3249 3829 
2434 3231 
2435 2593 2867 2889 3079 3293 3298 3607 3681 4491 
2436 
2437 2678 2773 3099 
2438 3089 3208 3314 
2439 2529 
2440 
2441 3080 
2442 3318 
2443 
2444 2471 2633 3205 
2445 2713 
2446 2961 3241 3741 
2447 2640 2902 2979 
2448 
2449 3281 
2450 
2451 2975 
2452 3269 
2453 3187 3684 
2454 
2455 2655 3077 
2456 2540 3044 4941 
2457 4800 
2458 2924 3020 4754 
2459 
2460 
2461 3140 3218 
2462 2468 4748 
2463 3310 
2464 3705 
2465 2788 
2466 3056 
2467 3801 
2468 2871 
2469 2759 2833 
2470 3169 4011 
2471 2549 
2472 2705 2722 
2473 4085 
2474 2891 3922 4288 4684 
2475 3190 4709 
2476 4829 
2477 2755 2757 3251 4911 
2478 2676 2708 3285 
2479 
2480 3182 
2481 2489 3083 
2482 
2483 2872 
2484 2494 2680 3624 
2485 2634 3169 
2486 
2487 2953 
2488 2822 3005 
2489 2660 2745 2968 
2490 2900 3971 
2491 
2492 3163 
2493 3033 
2494 
2495 4779 
2496 
2497 2982 3610 
2498 2675 
2499 
2500 2541 3093 3306 3765 
2501 2526 
2502 3554 
2503 2676 3025 
2504 2524 
2505 
2506 2866 
2507 2608 3258 
2508 2836 2926 3193 
2509 
2510 2748 
2511 
2512 3820 
2513 2978 3126 
2514 2530 2711 2938 3095 
2515 4196 
2516 4532 
2517 2559 2805 3122 
2518 
2519 
2520 2526 2681 3011 
2521 2606 3054 3226 
2522 3000 
2523 3007 3273 
2524 3184 
2525 4890 
2526 3243 
2527 2853 
2528 3145 
2529 4979 
2530 2603 2659 3079 3275 
2531 3104 3307 
2532 2815 3136 
2533 2774 2998 
2534 
2535 2609 
2536 2608 3066 
2537 2554 2643 
2538 3232 
2539 4986 
2540 2843 3764 4420 
2541 3267 
2542 
2543 3173 
2544 
2545 2752 3296 
2546 2713 
2547 4755 
2548 2566 3033 
2549 
2550 2861 3029 3117 3758 
2551 2647 
2552 3164 3580 3948 
2553 4685 
2554 2882 
2555 2737 
2556 2806 3015 
2557 2572 2679 3896 
2558 
2559 3140 3581 
2560 2582 3998 
2561 2723 2838 
2562 2971 3307 3331 4021 4818 
2563 3046 3280 
2564 
2565 3340 4444 
2566 
2567 2946 
2568 2582 
2569 3256 3278 
2570 2737 2793 2814 2973 3237 
2571 4541 
2572 2602 3004 3108 3136 
2573 2689 2977 3118 
2574 2635 2781 3073 
2575 
2576 2640 2926 
2577 2640 2694 3251 
2578 2990 
2579 2752 3207 
2580 2703 2954 3785 
2581 
2582 
2583 2891 3085 
2584 3170 3276 4458 
2585 2887 2970 
2586 3123 
2587 3080 
2588 2713 2718 4165 
2589 
2590 3139 3171 3295 
2591 2896 3061 3233 
2592 3000 3092 
2593 2698 2764 3080 
2594 4577 
2595 
2596 3313 
2597 
2598 3040 3364 
2599 2733 
2600 2611 3611 
2601 
2602 3295 3652 
2603 3085 
2604 3330 
2605 3062 4942 
2606 3022 3108 
2607 2791 3232 
2608 3138 3527 3672 
2609 2807 2949 
2610 
2611 2822 2845 
2612 2655 
2613 3154 3172 
2614 2875 
2615 
2616 2901 3154 
2617 4404 
2618 2842 2921 2960 
2619 
2620 
2621 2869 2949 3331 
2622 
2623 3000 
2624 
2625 2992 
2626 4173 
2627 3055 3138 
2628 2848 2973 3136 
2629 
2630 
2631 2698 2919 
2632 2719 
2633 
2634 
2635 3034 3038 
2636 3449 4389 
2637 2908 3319 3332 
2638 2862 
2639 3038 
2640 
2641 2833 3163 
2642 2791 3212 
2643 2644 2648 
2644 2708 2835 3295 
2645 2736 2763 2907 
2646 
2647 2805 3040 
2648 2746 2970 
2649 3005 3053 
2650 3021 
2651 2835 3934 
2652 3182 4509 
2653 2675 2779 3264 
2654 
2655 4065 
2656 3031 3162 
2657 3228 3316 
2658 2782 4920 
2659 2752 
2660 3191 
2661 2782 2908 3075 
2662 3086 
2663 2812 3900 
2664 2758 3472 
2665 2694 2763 2997 
2666 2889 
2667 3079 4678 
2668 
2669 2733 3093 3153 
2670 
2671 2826 2985 2988 
2672 3044 4680 
2673 2696 2827 
2674 
2675 
2676 2948 2969 
2677 2703 2751 2921 2923 
2678 
2679 
2680 4660 4919 
2681 
2682 2928 2933 3079 3159 
2683 2712 4195 
2684 3253 
2685 2918 
2686 2837 3166 
2687 2737 4589 
2688 2837 2853 4164 
2689 3306 
2690 
2691 2841 
2692 
2693 
2694 2773 3925 
2695 2720 
2696 
2697 
2698 3150 3519 
2699 2820 2960 3102 
2700 2855 
2701 2715 3089 3238 
2702 
2703 
2704 3169 
2705 2829 
2706 3200 
2707 
2708 4557 
2709 3293 3572 
2710 4059 4716 
2711 2764 3079 3244 
2712 2992 3411 
2713 3024 3300 4832 
2714 3164 
2715 
2716 
2717 2742 
2718 3360 
2719 3413 
2720 
2721 2755 
2722 2786 
2723 2787 
2724 3283 
2725 3233 4837 
2726 2748 3193 
2727 2935 3078 3231 3280 
2728 
2729 2767 2838 
2730 4334 
2731 
2732 3010 3240 
2733 2747 
2734 3113 
2735 
2736 
2737 2861 
2738 2868 
2739 2951 
2740 2969 
2741 3122 3313 3662 
2742 
2743 
2744 3216 
2745 2873 3024 
2746 2927 2973 3086 3978 
2747 3244 
2748 
2749 2823 3232 4192 
2750 
2751 2915 
2752 3120 
2753 3040 
2754 3280 3539 3736 
2755 
2756 
2757 3114 3170 
2758 3027 3322 
2759 
2760 3058 
2761 3123 
2762 2795 
2763 4268 
2764 3163 3830 
2765 
2766 
2767 3372 
2768 3449 
2769 
2770 2839 4752 
2771 2949 3242 4366 
2772 
2773 2830 
2774 
2775 
2776 
2777 3198 
2778 4180 
2779 2854 
2780 2916 
2781 
2782 3049 
2783 
2784 3792 4523 
2785 3137 
2786 3008 
2787 2939 2973 
2788 4050 
2789 
2790 2906 
2791 
2792 3290 3723 
2793 3111 
2794 
2795 
2796 2811 2922 
2797 2965 2992 
2798 3124 
2799 
2800 
2801 
2802 
2803 3023 4847 
2804 2850 
2805 
2806 4084 4662 
2807 
2808 
2809 3928 
2810 
2811 3078 
2812 3183 3770 
2813 3043 3314 4670 
2814 3199 
2815 
2816 2903 3196 3624 
2817 
2818 2941 4553 
2819 
2820 2975 3160 
2821 
2822 4910 
2823 
2824 
2825 
2826 
2827 2952 
2828 
2829 3548 
2830 2857 
2831 
2832 
2833 4191 4807 
2834 3053 
2835 3060 
2836 2954 
2837 
2838 3083 
2839 3107 
2840 4793 
2841 2875 
2842 
2843 2852 2910 
2844 
2845 3163 
2846 2901 
2847 2964 
2848 3201 3311 
2849 3119 4493 
2850 2871 3037 3038 3088 3121 
2851 2968 
2852 3237 
2853 
2854 3165 
2855 3043 
2856 3313 3923 4349 
2857 3125 
2858 
2859 2909 3032 
2860 
2861 2987 
2862 2907 3022 
2863 
2864 3325 4922 
2865 
2866 3163 
2867 2950 
2868 2870 3199 4228 
2869 2944 3009 
2870 3124 3236 4234 
2871 3301 
2872 
2873 
2874 3238 
2875 3164 4237 
2876 3171 3179 
2877 
2878 3219 3309 
2879 2893 2981 
2880 3027 
2881 
2882 3227 
2883 2977 3231 4508 
2884 
2885 
2886 3049 
2887 4870 
2888 
2889 3005 
2890 3010 3147 3279 
2891 3232 3457 
2892 2912 
2893 
2894 2962 3168 4892 
2895 
2896 2926 
2897 3303 
2898 4237 
2899 
2900 3105 
2901 3038 3202 
2902 
2903 
2904 3046 3252 
2905 
2906 
2907 
2908 
2909 2955 3068 3174 
2910 
2911 
2912 3126 
2913 4055 
2914 
2915 4673 
2916 2985 3027 3032 3181 3203 
2917 3240 
2918 2966 
2919 
2920 3223 
2921 3022 3217 
2922 3216 3310 
2923 3230 
2924 
2925 3280 
2926 3024 
2927 
2928 3267 
2929 
2930 2941 
2931 3082 3245 
2932 3239 3328 
2933 
2934 
2935 
2936 
2937 3098 
2938 
2939 
2940 
2941 
2942 3186 
2943 
2944 3049 3279 4133 
2945 3101 
2946 3585 
2947 3142 
2948 3033 
2949 
2950 
2951 2952 
2952 3242 3920 
2953 3064 3235 
2954 3194 3221 
2955 
2956 
2957 3124 3266 
2958 3499 
2959 
2960 3019 3082 
2961 2962 3279 
2962 
2963 
2964 
2965 
2966 
2967 4541 
2968 
2969 3670 
2970 3297 
2971 3674 
2972 
2973 
2974 
2975 
2976 
2977 
2978 3572 4260 
2979 
2980 4158 
2981 
2982 
2983 4442 
2984 3328 
2985 
2986 3051 
2987 
2988 3276 
2989 3141 
2990 3345 
2991 
2992 
2993 3234 
2994 
2995 
2996 3252 
2997 
2998 
2999 
3000 3137 
3001 
3002 3304 
3003 3036 
3004 
3005 
3006 
3007 3295 
3008 3054 
3009 
3010 
3011 
3012 
3013 3280 
3014 3059 
3015 3080 3202 
3016 
3017 3329 
3018 3213 3875 4967 
3019 3112 
3020 
3021 
3022 3132 
3023 3067 
3024 
3025 
3026 3049 
3027 3279 
3028 
3029 4635 
3030 3202 
3031 
3032 
3033 4916 
3034 3311 
3035 3729 
3036 3138 
3037 3240 3606 4054 
3038 3051 
3039 
3040 3130 4948 
3041 
3042 
3043 3193 4895 
3044 4311 
3045 
3046 
3047 3375 4141 
3048 3663 3714 4076 
3049 
3050 
3051 4000 
3052 4872 
3053 
3054 
3055 
3056 3135 
3057 
3058 3605 
3059 3600 
3060 
3061 
3062 
3063 
3064 3283 3571 
3065 3185 
3066 
3067 3212 
3068 3304 3306 
3069 3517 4781 
3070 
3071 
3072 3175 4929 
3073 
3074 4353 
3075 3126 
3076 4141 
3077 
3078 
3079 
3080 
3081 3180 
3082 
3083 3196 
3084 
3085 
3086 4420 
3087 
3088 3305 
3089 3304 
3090 3273 3314 
3091 3250 3252 
3092 3101 
3093 
3094 
3095 
3096 
3097 
3098 3190 3928 
3099 3450 
3100 4773 
3101 
3102 3108 3274 
3103 4903 
3104 
3105 4365 
3106 3306 3945 
3107 4073 
3108 
3109 3175 4347 
3110 
3111 
3112 
3113 3167 
3114 3700 
3115 3121 
3116 4919 
3117 
3118 
3119 3171 3295 4368 
3120 4409 
3121 
3122 4200 
3123 
3124 
3125 
3126 4880 
3127 
3128 
3129 3298 
3130 3171 
3131 
3132 
3133 
3134 
3135 4371 
3136 
3137 3237 
3138 
3139 
3140 
3141 4307 
3142 
3143 3294 
3144 
3145 
3146 3519 
3147 
3148 
3149 3156 
3150 3200 3318 
3151 
3152 
3153 4899 
3154 
3155 4729 
3156 
3157 
3158 3404 3859 
3159 4229 
3160 
3161 
3162 4253 
3163 
3164 3190 
3165 
3166 3314 3448 
3167 
3168 4716 
3169 3812 
3170 
3171 3593 4696 
3172 3293 3437 
3173 
3174 
3175 3882 
3176 3184 4081 
3177 3204 
3178 3218 
3179 3186 
3180 3189 
3181 
3182 
3183 3910 
3184 
3185 
3186 
3187 
3188 3602 
3189 3258 
3190 
3191 3235 3280 
3192 
3193 
3194 
3195 
3196 
3197 
3198 4232 
3199 
3200 
3201 
3202 3287 
3203 4055 
3204 
3205 4717 
3206 3232 
3207 3210 3968 
3208 4121 
3209 3646 
3210 3868 
3211 
3212 
3213 
3214 
3215 3218 
3216 
3217 3285 
3218 
3219 
3220 3245 
3221 
3222 4181 
3223 
3224 4444 
3225 
3226 
3227 
3228 
3229 
3230 
3231 3881 4226 
3232 
3233 
3234 
3235 
3236 
3237 
3238 3308 
3239 3763 4803 
3240 
3241 3261 
3242 
3243 4393 
3244 
3245 
3246 3289 
3247 
3248 
3249 3314 
3250 3548 
3251 
3252 4067 
3253 
3254 4741 
3255 
3256 
3257 
3258 4727 
3259 
3260 
3261 
3262 
3263 4079 
3264 
3265 
3266 
3267 
3268 
3269 
3270 
3271 
3272 
3273 
3274 
3275 
3276 
3277 
3278 3597 
3279 3283 
3280 
3281 3302 3822 
3282 
3283 4026 
3284 
3285 
3286 
3287 3302 
3288 
3289 3497 4502 4989 
3290 
3291 
3292 4038 
3293 3734 
3294 3362 
3295 
3296 
3297 
3298 
3299 
3300 
3301 
3302 
3303 
3304 
3305 
3306 4741 4816 
3307 
3308 
3309 4092 
3310 4000 
3311 
3312 
3313 
3314 
3315 
3316 
3317 
3318 
3319 
3320 
3321 
3322 4437 
3323 
3324 
3325 
3326 
3327 
3328 
3329 
3330 
3331 
3332 4446 4511 
3333 3396 3607 4652 
3334 3989 4702 4735 
3335 4633 
3336 3839 
3337 3832 
3338 3443 4373 
3339 3744 3770 4230 4949 
3340 3667 4420 4902 4937 
3341 3597 4332 4853 
3342 3658 4043 4102 4389 
3343 3675 3807 4624 
3344 4394 4490 
3345 3610 4004 4740 
3346 3428 3553 4402 4469 
3347 3433 4844 
3348 4971 4977 
3349 3933 
3350 3933 4115 4860 
3351 
3352 4195 4701 
3353 3623 
3354 3479 3814 4448 
3355 3774 3842 4523 4549 
3356 3921 3930 4083 4768 4885 4954 
3357 3661 4793 
3358 3933 4640 
3359 
3360 3799 4190 
3361 3536 4373 4419 4860 
3362 3831 3981 
3363 3415 3831 4166 4350 4354 
3364 3677 3845 
3365 4005 4138 
3366 3377 3628 4892 
3367 4461 
3368 3830 
3369 3778 4258 4463 
3370 3617 4166 4278 4290 4607 4910 
3371 4923 
3372 3394 3837 4255 4450 
3373 3425 3649 4630 
3374 3686 4649 
3375 3749 4419 4577 
3376 3398 
3377 4298 
3378 3844 4040 4616 4944 
3379 3454 3541 3794 3997 4532 
3380 4208 4611 
3381 3976 4097 
3382 3528 3803 4035 4038 4054 4685 
3383 4310 4705 
3384 3547 4990 
3385 3703 3772 3937 4151 
3386 3630 4457 
3387 3404 3558 4284 
3388 3736 4052 4263 4427 
3389 3552 3734 
3390 4264 4948 
3391 3603 4111 4253 4611 
3392 4049 4197 
3393 4058 4386 4925 
3394 3756 4064 
3395 4119 4525 
3396 3747 3756 3773 3949 4333 4431 4580 4675 4824 
3397 3535 4661 
3398 3493 
3399 3963 
3400 3555 3981 4071 4088 
3401 3910 
3402 3454 4049 4800 
3403 4455 4583 4916 
3404 4685 4739 4931 
3405 3514 3968 4161 
3406 3829 3999 4031 4109 4294 4492 
3407 3983 4804 4829 4972 
3408 4560 4704 4880 
3409 4722 
3410 3927 3959 4046 4756 4934 
3411 4563 
3412 
3413 3617 3910 
3414 3568 
3415 4749 
3416 
3417 4312 
3418 3666 4021 4424 
3419 3665 4464 
3420 4445 4632 4659 4753 4786 4934 
3421 3456 3534 
3422 3445 3697 3977 4080 
3423 3505 3799 4651 
3424 3442 4105 4950 
3425 
3426 
3427 3541 4186 4190 4966 
3428 4056 4551 4702 
3429 3770 4190 4742 
3430 3694 4040 
3431 3694 4127 4580 
3432 3828 4315 
3433 3900 4989 
3434 4819 
3435 3918 4633 4689 
3436 3447 3757 4562 
3437 3828 3875 3975 4657 4962 
3438 3946 4671 4806 
3439 4167 
3440 3941 4965 
3441 3788 3870 
3442 3650 4086 
3443 3835 3842 
3444 4102 
3445 3546 
3446 3505 3774 4136 
3447 3535 3844 4080 4587 
3448 3530 4377 
3449 
3450 4907 
3451 
3452 3673 3929 4043 4153 
3453 4341 
3454 3875 4040 4213 
3455 4563 
3456 3576 3737 3862 4724 
3457 4139 4406 
3458 3638 3828 4659 4869 
3459 4048 
3460 3985 4927 
3461 4348 4464 4640 4830 
3462 3719 
3463 4924 
3464 
3465 3680 4110 4356 4512 
3466 4224 4277 
3467 4528 4740 
3468 3702 4291 4888 4970 
3469 4152 4680 
3470 3849 4628 4690 4822 4902 
3471 4357 4914 
3472 3643 4374 4522 4620 
3473 3634 4008 4099 4240 4890 
3474 4240 4406 
3475 
3476 3499 3916 4088 4537 
3477 4291 4427 4721 
3478 3515 
3479 3616 3747 4017 4028 
3480 3562 3746 3815 3992 4435 4526 
3481 4658 
3482 3629 
3483 3687 
3484 4180 4236 4784 4837 
3485 4103 4253 4771 
3486 3614 4274 
3487 4377 4862 
3488 
3489 4033 4340 4822 4856 
3490 3777 3805 4471 
3491 3656 3658 4703 
3492 3546 3625 4073 4322 4571 4731 
3493 4511 
3494 3778 4139 4250 
3495 4666 4810 
3496 3845 4037 4103 4203 4731 4807 
3497 4161 4736 
3498 3921 4056 4351 4383 
3499 3561 
3500 3586 4201 
3501 3940 4623 4898 
3502 4490 
3503 4026 
3504 3837 4060 4976 
3505 3979 4540 
3506 3819 4007 4523 4936 
3507 3531 4910 
3508 3554 3592 3878 4062 4167 4592 
3509 4383 4447 
3510 
3511 4826 
3512 3984 4036 4148 4332 4834 
3513 4160 4371 4766 
3514 3667 3853 4214 4215 4725 
3515 4008 4035 4085 
3516 3838 4383 4821 
3517 4526 4804 
3518 3989 4221 
3519 3679 3796 4232 4503 
3520 4294 4624 
3521 3767 3805 4369 
3522 3856 4048 4855 
3523 4060 4395 4661 4985 
3524 3743 4143 4701 
3525 4164 4599 
3526 
3527 4569 
3528 
3529 3700 4472 
3530 4132 4179 4209 4588 
3531 
3532 3988 4010 
3533 3607 4251 4326 4520 
3534 4663 
3535 3694 4229 4440 
3536 3688 3897 
3537 3843 4251 4971 
3538 3914 4028 4691 
3539 4405 4950 
3540 4865 
3541 4156 
3542 4285 4699 
3543 3980 
3544 
3545 4242 4554 
3546 4149 
3547 4358 
3548 3970 4091 4912 4983 
3549 3686 4662 4665 4707 4879 
3550 3672 4005 4009 4489 4507 4777 
3551 3552 3889 4958 
3552 3628 4468 4474 4594 4716 
3553 3904 
3554 
3555 3639 4747 4850 4946 4973 
3556 4243 4399 
3557 3678 4375 4551 4776 4814 
3558 4313 4632 4711 
3559 3624 3741 3873 4276 4469 
3560 4334 4509 
3561 3594 3962 4408 4477 
3562 3942 
3563 
3564 3648 
3565 4656 
3566 3826 3984 4225 4521 4587 
3567 4014 4105 4226 4304 4561 4645 4774 4961 
3568 3596 3800 
3569 3743 4410 4901 
3570 3650 4326 4760 
3571 4510 4700 
3572 3990 4286 4782 4941 
3573 3705 4406 4678 
3574 3809 3929 
3575 
3576 3801 3939 
3577 4754 4850 
3578 4000 4591 
3579 3762 4240 
3580 4070 4607 
3581 3727 4382 
3582 4521 
3583 4237 4353 4988 
3584 3594 3753 4300 4683 4756 
3585 4470 4473 4879 
3586 4455 
3587 
3588 3668 3948 4469 
3589 3617 3688 3830 
3590 4188 4733 
3591 3665 3729 
3592 3978 4011 4612 4784 
3593 3896 4489 4654 
3594 3683 3706 4113 
3595 4130 
3596 4183 
3597 4570 
3598 4299 4390 4527 4914 
3599 4081 4261 4833 
3600 3652 4336 4682 
3601 3916 4435 
3602 3677 4197 
3603 4173 4958 
3604 4544 4681 4909 
3605 4372 
3606 3847 3973 
3607 4123 4168 4203 4373 4895 
3608 4098 4206 4474 4650 
3609 4221 
3610 3784 4767 
3611 3707 3750 4111 
3612 3667 3787 3887 3899 3953 3986 4264 4930 
3613 3979 4698 
3614 4723 
3615 3898 4601 
3616 4160 4180 
3617 4111 4249 4716 4975 
3618 4311 4434 4534 
3619 3621 4167 4851 
3620 4234 
3621 4197 4207 4986 
3622 4661 
3623 3874 4034 4061 4109 4547 4708 4799 
3624 
3625 
3626 4439 4467 
3627 3689 
3628 3745 4595 
3629 
3630 
3631 4895 
3632 
3633 4119 4624 4884 4935 4969 
3634 3794 4108 4379 4981 
3635 4671 
3636 4468 4584 
3637 4866 
3638 3852 4141 
3639 
3640 3678 3953 4136 
3641 
3642 4382 
3643 4066 4151 
3644 3685 4463 
3645 3941 4128 4684 
3646 4595 
3647 4179 
3648 4046 
3649 3678 3754 4441 4651 
3650 3866 3902 4041 4851 4901 
3651 4123 4386 
3652 3956 4043 4357 4750 4922 
3653 3751 4335 
3654 
3655 3996 4463 4971 
3656 
3657 4051 4117 4462 4969 
3658 4228 4410 4599 
3659 3808 3863 4332 4460 4758 
3660 
3661 4337 
3662 4467 4756 4808 
3663 3769 3900 
3664 
3665 4171 4186 4393 4671 4803 
3666 4641 4805 
3667 4815 
3668 3995 4803 
3669 4132 4403 4433 4736 
3670 3913 4247 4774 4933 
3671 3796 3906 
3672 3752 3846 4343 
3673 3842 4557 4814 4853 
3674 3769 3915 4076 4388 4549 4696 4763 
3675 4101 4325 
3676 4987 
3677 4619 
3678 3734 4753 4903 
3679 3767 4344 4553 
3680 3939 
3681 
3682 3796 4036 4091 4298 
3683 4216 4578 
3684 4724 
3685 3915 4196 4928 
3686 4123 4136 
3687 3955 4153 4677 4868 
3688 
3689 4346 4673 
3690 3993 
3691 4179 4358 4712 
3692 4388 
3693 3939 4823 
3694 4012 4251 4492 
3695 4707 4836 
3696 3777 3949 3984 4213 
3697 3992 4123 4981 
3698 3819 3933 4102 4791 
3699 4272 
3700 4195 
3701 4395 4569 
3702 3786 4334 4361 4597 4895 
3703 4177 4966 
3704 3731 4073 4647 
3705 4114 4549 4776 
3706 4213 4323 
3707 3785 3862 4249 4396 
3708 3998 4099 4142 4370 4712 4804 4849 
3709 4100 4273 4635 
3710 4517 4964 
3711 4913 
3712 4201 4240 4697 
3713 4544 4587 
3714 3870 3914 3955 
3715 4045 4398 4448 4664 
3716 4534 
3717 4729 4979 
3718 4445 4879 
3719 3926 4768 4834 
3720 
3721 4454 4534 4751 
3722 3813 4111 4444 4605 4770 4855 
3723 
3724 3778 4541 
3725 4132 4391 
3726 
3727 4289 4316 4762 
3728 4256 4411 4515 
3729 3748 3802 3909 4263 4419 4530 
3730 4171 4552 
3731 3740 4766 
3732 4159 4212 4246 4747 
3733 
3734 4161 
3735 4058 4707 
3736 4099 4476 
3737 4128 
3738 4203 4323 4535 4804 4950 
3739 
3740 4767 
3741 4287 
3742 
3743 
3744 4314 
3745 3884 3919 4231 
3746 4078 4341 
3747 3781 3825 3924 
3748 3763 4080 4812 
3749 
3750 
3751 4107 4957 
3752 4948 
3753 4243 
3754 4435 4605 
3755 4394 
3756 3964 4164 4654 
3757 4192 4866 
3758 
3759 3970 4075 
3760 
3761 3988 4550 4661 4840 
3762 4659 4988 
3763 4538 4621 4786 
3764 4351 
3765 4931 
3766 4718 4912 
3767 4937 
3768 4343 
3769 3923 3924 4098 4152 4255 4356 
3770 4199 4337 4524 
3771 3882 4383 4625 4972 
3772 3908 
3773 3972 
3774 4297 
3775 4869 4957 
3776 
3777 4389 
3778 4124 4521 
3779 4689 
3780 3913 4083 4164 
3781 4697 4891 
3782 4363 
3783 3928 3973 4193 4638 
3784 3820 4431 4776 
3785 4525 4547 4808 
3786 4164 4558 4795 4892 
3787 4221 4748 
3788 3835 4309 4382 4398 
3789 
3790 3825 3975 4081 4307 4807 
3791 3968 4021 4157 4527 
3792 3972 4100 4514 4566 
3793 3934 4274 4316 4537 
3794 4820 
3795 4827 4960 
3796 3920 4982 
3797 
3798 3936 4025 4325 
3799 4867 4919 
3800 4493 
3801 3945 
3802 4509 4616 4620 
3803 4117 4429 
3804 4006 4469 4764 4801 
3805 4176 
3806 3929 4385 
3807 4584 
3808 3899 4403 
3809 
3810 3925 4255 4349 4622 4949 
3811 3914 4589 
3812 4731 4820 
3813 
3814 4507 4570 
3815 3859 4328 4643 
3816 3823 4103 
3817 4230 
3818 4185 4310 
3819 4782 
3820 4640 4717 
3821 4843 4924 
3822 
3823 4850 
3824 
3825 4403 4497 4995 
3826 4485 4585 
3827 4199 4456 4718 4981 
3828 4162 4462 4996 
3829 4565 
3830 4240 4598 
3831 3920 3979 4290 
3832 
3833 4159 4682 4890 
3834 4077 
3835 4936 
3836 4405 4812 
3837 4880 
3838 
3839 4602 4630 4892 
3840 
3841 4480 4831 
3842 4064 4104 
3843 4000 4047 4886 
3844 4662 4921 
3845 4220 
3846 3995 
3847 4108 4578 4803 4919 4977 
3848 
3849 4046 4407 4457 4625 
3850 4048 4502 4984 
3851 4697 4938 
3852 3878 4504 
3853 
3854 4047 4397 4948 
3855 4008 
3856 4039 4635 
3857 4230 4283 4805 4966 
3858 3892 
3859 4099 
3860 4554 4805 
3861 4320 4378 4481 4527 4865 
3862 4123 
3863 
3864 4971 
3865 4340 4494 4532 
3866 4640 
3867 
3868 4181 
3869 4881 4898 
3870 
3871 4396 
3872 4125 
3873 4361 
3874 4182 4250 4332 
3875 4130 4743 
3876 4126 4264 
3877 4054 4276 4375 
3878 4544 
3879 4520 4572 
3880 3972 4047 4981 
3881 4109 4847 
3882 4961 
3883 3991 4429 4538 4890 
3884 4170 4958 
3885 4168 4189 4442 4892 
3886 4140 4559 4720 
3887 4769 4781 
3888 3903 4688 4723 
3889 4019 4119 4346 
3890 4352 4856 
3891 4062 
3892 3896 
3893 4582 4833 
3894 3985 4480 4558 
3895 
3896 3923 4386 4774 4855 
3897 4529 
3898 4481 4779 
3899 4124 4349 
3900 
3901 
3902 
3903 4014 
3904 4155 
3905 
3906 4428 
3907 
3908 
3909 
3910 4608 
3911 
3912 4508 4630 4694 
3913 3980 4542 4550 4727 
3914 4250 4851 
3915 4083 
3916 
3917 
3918 4427 4797 
3919 
3920 4617 
3921 4356 4873 
3922 
3923 3956 4382 
3924 4358 
3925 3965 4225 4619 
3926 4719 
3927 4042 4254 4403 4603 
3928 4335 4695 4970 
3929 4086 4149 4402 
3930 4000 4772 
3931 4061 4908 
3932 4349 4371 
3933 4828 
3934 4891 
3935 4639 4823 
3936 
3937 4252 4678 
3938 3974 4773 4978 
3939 
3940 
3941 
3942 4159 4277 
3943 4095 4558 
3944 4162 
3945 
3946 4131 4274 4803 
3947 
3948 4392 
3949 4813 
3950 3992 4323 4874 
3951 4876 
3952 3959 4095 4547 
3953 4160 
3954 4348 4679 4851 
3955 4759 
3956 4280 
3957 4357 4706 
3958 4083 
3959 4541 
3960 4170 4318 4638 4705 
3961 4204 4581 4700 
3962 4726 4836 
3963 4897 
3964 3993 
3965 4263 4326 
3966 
3967 4930 
3968 
3969 4318 
3970 
3971 4417 4811 
3972 4710 4848 
3973 4668 
3974 4457 4947 
3975 4471 4663 4828 4854 
3976 4290 
3977 4199 
3978 
3979 4381 4850 
3980 4165 4329 
3981 4058 4138 4653 4716 
3982 4698 4725 
3983 4190 4530 4669 
3984 4218 
3985 4697 4856 
3986 4471 
3987 4282 
3988 4026 4802 4906 
3989 4540 4788 
3990 4228 4356 4606 
3991 
3992 4171 4630 
3993 4305 
3994 4115 4691 4987 
3995 
3996 
3997 
3998 4209 4401 
3999 4331 4817 4942 4972 
4000 4967 
4001 4104 4128 
4002 4140 
4003 4134 4161 
4004 4838 
4005 4085 4829 4980 
4006 4577 
4007 4308 4487 4864 
4008 4213 4468 
4009 4185 4591 
4010 4593 
4011 4209 4963 
4012 
4013 4018 4350 4971 
4014 4868 
4015 4615 4878 
4016 4568 4598 
4017 4427 
4018 4497 
4019 4115 4550 4945 
4020 4995 
4021 4248 
4022 
4023 
4024 4220 
4025 
4026 4190 
4027 
4028 
4029 4791 4835 
4030 4093 
4031 
4032 4556 
4033 
4034 4906 
4035 4238 4717 4945 
4036 
4037 4082 4691 
4038 4201 4747 4958 
4039 4205 4755 4989 
4040 4099 
4041 4381 4475 4697 4763 
4042 
4043 4068 4224 4588 
4044 4137 4279 4498 4499 
4045 4189 4488 
4046 
4047 4275 
4048 4443 4686 
4049 4892 4946 4987 
4050 4282 
4051 4266 4360 4609 
4052 
4053 4740 
4054 4531 4586 4840 
4055 4974 
4056 4071 4304 
4057 
4058 4902 
4059 4395 
4060 4138 4432 4987 
4061 4439 4506 
4062 
4063 4125 4800 
4064 
4065 4647 
4066 
4067 4513 4784 4979 
4068 
4069 4613 4778 4993 
4070 4769 
4071 4457 4499 
4072 4332 
4073 4142 
4074 4111 4684 
4075 4402 4781 
4076 
4077 
4078 4345 4723 
4079 4560 
4080 
4081 4359 
4082 4581 4839 
4083 4198 4347 4553 
4084 
4085 4117 4862 
4086 4630 4772 
4087 4808 
4088 4784 
4089 4320 4632 4799 
4090 4762 
4091 4293 
4092 4677 4803 
4093 4166 4465 
4094 4221 4458 4478 
4095 4309 
4096 4960 
4097 
4098 4199 4623 4816 4853 
4099 4261 4577 4613 4635 
4100 4748 
4101 
4102 4577 4713 
4103 4209 4326 
4104 
4105 4385 4530 
4106 
4107 4902 
4108 4873 
4109 4323 4377 4454 
4110 4628 4767 
4111 4138 4524 4528 
4112 4986 
4113 
4114 4273 
4115 4729 4782 4931 
4116 4209 4502 4506 
4117 4156 
4118 4210 4304 
4119 4227 4292 
4120 
4121 4321 
4122 4956 
4123 4487 
4124 4756 
4125 4674 4888 
4126 4751 4817 
4127 4181 4238 
4128 4228 4940 4996 
4129 
4130 4316 4414 
4131 4766 
4132 
4133 4818 
4134 
4135 4780 4878 
4136 4343 4472 4631 
4137 4442 
4138 4388 
4139 
4140 4438 
4141 4315 4836 4885 
4142 4533 
4143 
4144 
4145 
4146 4321 
4147 4684 
4148 
4149 4415 
4150 4156 4447 
4151 4627 
4152 4459 4569 4736 
4153 4824 
4154 4341 4590 4605 4645 4943 
4155 4288 4428 
4156 4946 
4157 4213 4348 
4158 4453 4680 4791 4805 
4159 4367 
4160 4305 4979 
4161 4536 
4162 4661 4828 
4163 4304 4745 
4164 4769 
4165 
4166 4231 
4167 
4168 
4169 
4170 4512 4809 4835 4868 
4171 4537 
4172 4416 
4173 4378 4564 
4174 4590 4801 
4175 4235 4340 4648 4739 4851 4890 
4176 4748 
4177 4804 
4178 4910 
4179 4717 
4180 4500 
4181 
4182 4592 
4183 4447 4494 
4184 4702 
4185 
4186 4303 4481 4519 
4187 
4188 4801 4898 
4189 
4190 4305 4846 
4191 4318 
4192 4263 4837 
4193 
4194 4386 4525 4883 4984 
4195 
4196 4715 4727 
4197 4288 
4198 
4199 4278 4941 
4200 
4201 4301 4538 4834 
4202 
4203 4329 
4204 4339 4434 
4205 4305 4528 
4206 4329 4956 
4207 4236 4840 
4208 4327 4364 
4209 4321 4485 4627 4927 4940 
4210 4865 
4211 4259 4319 4880 4943 
4212 4476 4588 4703 4897 
4213 
4214 4605 
4215 4362 4550 4936 
4216 4292 4420 
4217 
4218 
4219 4522 
4220 4589 4955 4972 
4221 4546 4614 
4222 
4223 4359 4766 
4224 
4225 
4226 4254 4371 4904 4982 
4227 4452 
4228 
4229 4359 
4230 
4231 4233 
4232 
4233 4534 
4234 4335 
4235 4649 
4236 4342 
4237 4409 4414 4705 4915 
4238 4459 
4239 4370 
4240 4421 4451 4975 
4241 4795 4844 
4242 4711 4720 
4243 4609 
4244 
4245 4358 
4246 4370 4561 4985 
4247 4624 
4248 4792 
4249 4282 4452 4837 
4250 4432 4666 
4251 4843 
4252 4948 
4253 4779 
4254 4624 
4255 
4256 
4257 
4258 4962 
4259 4973 
4260 
4261 4607 4617 
4262 4922 
4263 
4264 4547 4852 
4265 
4266 
4267 
4268 
4269 4364 4458 
4270 4371 
4271 4937 
4272 4302 4822 
4273 4895 
4274 4729 
4275 
4276 4702 
4277 
4278 
4279 4795 
4280 4526 
4281 4453 4490 
4282 4504 
4283 4789 4929 
4284 4399 4502 4668 
4285 
4286 4559 4638 
4287 4550 4940 4971 
4288 4305 4360 4472 4623 
4289 4366 4410 4679 4811 4843 
4290 4496 4742 4794 
4291 4318 4350 
4292 4565 4592 4789 4957 
4293 4938 
4294 4525 4733 
4295 4409 
4296 4925 
4297 4447 4589 4654 
4298 4526 
4299 
4300 
4301 4648 
4302 
4303 4449 
4304 4476 
4305 
4306 4471 4598 
4307 4624 
4308 4391 
4309 4899 
4310 4934 
4311 4620 4907 
4312 4373 
4313 
4314 
4315 4634 
4316 4361 
4317 4707 
4318 
4319 
4320 4445 4916 
4321 4332 
4322 4476 4770 4791 
4323 4485 4808 
4324 
4325 4928 4958 
4326 
4327 4645 4770 
4328 4544 4872 
4329 
4330 
4331 4629 
4332 4840 
4333 
4334 4877 
4335 4669 
4336 4828 
4337 4706 4898 
4338 4856 
4339 
4340 
4341 4538 4742 4885 
4342 4784 4828 
4343 
4344 4730 
4345 4352 4442 4502 4764 
4346 
4347 4523 4931 
4348 
4349 
4350 4913 
4351 
4352 4711 4807 
4353 4883 
4354 
4355 4460 
4356 
4357 4463 
4358 4603 
4359 4978 
4360 
4361 4418 4562 
4362 
4363 4606 
4364 4508 
4365 4449 4747 
4366 
4367 
4368 4879 
4369 
4370 
4371 
4372 4587 4605 
4373 4387 4815 
4374 4969 
4375 
4376 
4377 4557 4581 4923 
4378 
4379 4425 
4380 4703 4714 4895 4967 
4381 
4382 4791 
4383 
4384 4778 
4385 4566 
4386 4535 
4387 4644 
4388 4453 
4389 
4390 
4391 4814 
4392 4463 4729 
4393 
4394 4888 
4395 4879 
4396 4944 
4397 
4398 4584 4633 4651 
4399 
4400 
4401 
4402 4447 
4403 4611 4969 
4404 
4405 
4406 4882 
4407 4940 
4408 
4409 4528 
4410 4606 
4411 4606 4714 4946 
4412 4864 
4413 4900 
4414 4730 
4415 
4416 
4417 
4418 4580 4767 
4419 4469 
4420 4521 
4421 4566 4848 
4422 
4423 4945 
4424 4441 4908 
4425 
4426 4901 
4427 4453 4646 4966 
4428 4628 4654 
4429 4934 
4430 4579 4699 4854 
4431 
4432 
4433 4824 
4434 4519 
4435 4500 
4436 
4437 4505 4604 
4438 
4439 4579 4737 4901 
4440 
4441 4780 
4442 4991 
4443 4952 
4444 4515 
4445 
4446 4609 
4447 4519 
4448 
4449 
4450 
4451 
4452 
4453 4566 
4454 4705 
4455 4486 4915 
4456 
4457 
4458 
4459 
4460 
4461 4725 
4462 
4463 
4464 4904 
4465 4518 
4466 
4467 4528 
4468 
4469 
4470 
4471 4517 4925 
4472 4645 
4473 
4474 4672 4790 4808 
4475 
4476 
4477 
4478 
4479 4762 
4480 
4481 4784 4879 
4482 
4483 
4484 4625 4907 
4485 4706 
4486 4591 4695 
4487 
4488 
4489 4983 
4490 
4491 
4492 4646 
4493 4526 4786 
4494 4548 4602 
4495 
4496 4612 4741 
4497 
4498 4907 
4499 
4500 
4501 4544 
4502 4557 4921 
4503 
4504 4592 
4505 
4506 
4507 4568 
4508 4695 4710 4894 4927 
4509 4939 
4510 4586 
4511 4676 4776 4808 
4512 
4513 
4514 
4515 4930 
4516 
4517 4787 4840 
4518 
4519 4573 
4520 
4521 
4522 4682 
4523 
4524 4588 
4525 
4526 4896 
4527 
4528 4897 
4529 
4530 4988 
4531 4841 
4532 4647 
4533 4693 4798 4983 
4534 4667 
4535 
4536 4649 4774 
4537 4966 
4538 
4539 4851 
4540 4702 4855 4864 
4541 
4542 4685 
4543 
4544 
4545 
4546 
4547 
4548 4855 
4549 
4550 4884 
4551 
4552 4980 
4553 4757 
4554 
4555 4585 4770 4865 
4556 4622 4739 
4557 
4558 4796 
4559 4723 4899 
4560 4619 
4561 
4562 
4563 
4564 4712 
4565 
4566 
4567 4601 4684 4954 
4568 
4569 4730 
4570 4749 
4571 4643 
4572 4948 
4573 
4574 4577 
4575 
4576 4678 
4577 
4578 4888 
4579 
4580 
4581 4625 
4582 4929 
4583 
4584 
4585 4718 
4586 4680 
4587 
4588 
4589 
4590 4601 4935 
4591 
4592 4617 4681 4875 
4593 4810 
4594 
4595 
4596 
4597 
4598 
4599 4888 
4600 4913 
4601 4624 4884 
4602 
4603 
4604 
4605 4823 
4606 4891 
4607 4951 
4608 
4609 4985 
4610 
4611 
4612 4847 
4613 
4614 4775 4895 
4615 4642 4671 4994 
4616 
4617 4958 
4618 4790 
4619 
4620 4806 
4621 
4622 
4623 4658 
4624 
4625 
4626 
4627 4770 
4628 
4629 
4630 
4631 
4632 4872 
4633 4987 
4634 
4635 4713 
4636 4775 4822 
4637 
4638 
4639 
4640 
4641 4884 
4642 4971 
4643 
4644 4674 
4645 
4646 4733 
4647 
4648 
4649 4757 4822 
4650 
4651 
4652 4674 4808 
4653 
4654 4738 
4655 4710 
4656 
4657 
4658 
4659 4714 4754 4897 
4660 4907 4958 
4661 
4662 4723 
4663 4888 
4664 
4665 
4666 
4667 
4668 
4669 4716 4800 
4670 4704 
4671 
4672 
4673 
4674 
4675 
4676 4714 
4677 
4678 4775 
4679 
4680 4968 
4681 4711 4739 4794 
4682 
4683 4718 
4684 4779 
4685 4757 
4686 
4687 
4688 4756 
4689 
4690 
4691 4717 4876 
4692 4846 
4693 4811 
4694 4749 
4695 
4696 
4697 4978 
4698 
4699 
4700 
4701 4810 
4702 
4703 
4704 
4705 
4706 4731 
4707 
4708 4737 
4709 
4710 
4711 
4712 4849 
4713 
4714 4906 
4715 4753 
4716 
4717 4972 
4718 
4719 4892 
4720 4901 
4721 4909 
4722 
4723 4888 
4724 4936 
4725 
4726 
4727 
4728 4983 
4729 
4730 
4731 4882 
4732 
4733 
4734 
4735 
4736 
4737 4820 
4738 
4739 4780 
4740 
4741 
4742 
4743 4757 4891 
4744 
4745 
4746 
4747 
4748 
4749 
4750 
4751 
4752 
4753 
4754 
4755 
4756 
4757 
4758 4799 
4759 
4760 
4761 
4762 4977 
4763 
4764 4884 
4765 4935 
4766 
4767 
4768 
4769 4811 
4770 4844 4973 
4771 
4772 4864 
4773 
4774 
4775 
4776 
4777 
4778 
4779 
4780 
4781 4987 
4782 
4783 4844 4994 
4784 
4785 
4786 
4787 
4788 
4789 4958 
4790 
4791 
4792 
4793 4971 
4794 4901 
4795 
4796 
4797 
4798 
4799 
4800 
4801 
4802 4962 
4803 
4804 
4805 
4806 
4807 
4808 4891 
4809 4949 4959 
4810 4912 
4811 4868 4902 
4812 4885 4947 
4813 4912 
4814 
4815 
4816 4956 
4817 4936 4960 
4818 4964 
4819 
4820 
4821 
4822 
4823 
4824 4897 4948 
4825 4880 4902 
4826 
4827 
4828 
4829 
4830 
4831 
4832 
4833 
4834 
4835 
4836 
4837 4957 
4838 
4839 4949 
4840 
4841 
4842 4926 
4843 4933 
4844 4986 
4845 4866 4886 
4846 4901 
4847 
4848 
4849 4905 4990 
4850 
4851 
4852 
4853 
4854 
4855 4978 
4856 4934 
4857 
4858 
4859 
4860 4955 
4861 
4862 
4863 
4864 
4865 
4866 
4867 
4868 
4869 
4870 
4871 
4872 
4873 
4874 
4875 4968 
4876 
4877 
4878 4889 
4879 
4880 
4881 4891 4941 
4882 
4883 
4884 
4885 
4886 
4887 
4888 
4889 
4890 
4891 4942 
4892 
4893 
4894 
4895 4989 
4896 
4897 
4898 
4899 
4900 
4901 
4902 
4903 
4904 
4905 
4906 
4907 
4908 
4909 
4910 
4911 
4912 
4913 
4914 4964 
4915 4990 
4916 
4917 
4918 
4919 
4920 
4921 
4922 
4923 
4924 
4925 
4926 
4927 
4928 
4929 
4930 
4931 
4932 
4933 
4934 
4935 
4936 
4937 
4938 
4939 
4940 
4941 
4942 
4943 
4944 
4945 
4946 
4947 
4948 
4949 
4950 
4951 4969 
4952 
4953 
4954 
4955 
4956 
4957 
4958 
4959 
4960 
4961 
4962 
4963 
4964 
4965 
4966 
4967 
4968 
4969 
4970 
4971 
4972 
4973 
4974 
4975 
4976 
4977 
4978 
4979 
4980 
4981 
4982 
4983 
4984 
4985 
4986 
4987 
4988 
4989 
4990 
4991 
4992 
4993 
4994 
4995 
4996 
4997 
4998 
4999 
[0, 0, 0, 0, 0, 0, 0, 0, 0, 0, 0, 0, 0, 0, 0, 0, 0, 0, 0, 0, 0, 0, 0, 0, 0, 0, 0, 0, 0, 0, 0, 0, 0, 0, 0, 0, 0, 0, 0, 0, 0, 0, 0, 0, 0, 0, 0, 0, 0, 0, 0, 0, 0, 0, 0, 0, 0, 0, 0, 0, 0, 0, 0, 0, 0, 0, 0, 0, 0, 0, 0, 0, 0, 0, 0, 0, 0, 0, 0, 0, 0, 0, 0, 0, 0, 0, 0, 0, 0, 0, 0, 0, 0, 0, 0, 0, 0, 0, 0, 0, 0, 0, 0, 0, 0, 0, 0, 0, 0, 0, 0, 0, 0, 0, 0, 0, 0, 0, 0, 0, 0, 0, 0, 0, 0, 0, 0, 0, 0, 0, 0, 0, 0, 0, 0, 0, 0, 0, 0, 0, 0, 0, 0, 0, 0, 0, 0, 0, 0, 0, 0, 0, 0, 0, 0, 0, 0, 0, 0, 0, 0, 0, 0, 0, 0, 0, 0, 0, 0, 0, 0, 0, 0, 0, 0, 0, 0, 0, 0, 0, 0, 0, 0, 0, 0, 0, 0, 0, 0, 0, 0, 0, 0, 0, 0, 0, 0, 0, 0, 0, 0, 0, 0, 0, 0, 0, 0, 0, 0, 0, 0, 0, 0, 0, 0, 0, 0, 0, 0, 0, 0, 0, 0, 0, 0, 0, 0, 0, 0, 0, 0, 0, 0, 0, 0, 0, 0, 0, 0, 0, 0, 0, 0, 0, 0, 0, 0, 0, 0, 0, 0, 0, 0, 0, 0, 0, 0, 0, 0, 0, 0, 0, 0, 0, 0, 0, 0, 0, 0, 0, 0, 0, 0, 0, 0, 0, 0, 0, 0, 0, 0, 0, 0, 0, 0, 0, 0, 0, 0, 0, 0, 0, 0, 0, 0, 0, 0, 0, 0, 0, 0, 0, 0, 0, 0, 0, 0, 0, 0, 0, 0, 0, 0, 0, 0, 0, 0, 0, 0, 0, 0, 0, 0, 0, 0, 0, 0, 0, 0, 0, 0, 0, 0, 0, 0, 0, 0, 0, 0, 0, 0, 0, 0, 0, 0, 0, 0, 0, 0, 0, 0, 0, 0, 0, 0, 0, 0, 0, 0, 0, 0, 0, 0, 0, 0, 0, 0, 0, 0, 0, 0, 0, 0, 0, 0, 0, 0, 0, 0, 0, 0, 0, 0, 0, 0, 0, 0, 0, 0, 0, 0, 0, 0, 0, 0, 0, 0, 0, 0, 0, 0, 0, 0, 0, 0, 0, 0, 0, 0, 0, 0, 0, 0, 0, 0, 0, 0, 0, 0, 0, 0, 0, 0, 0, 0, 0, 0, 0, 0, 0, 0, 0, 0, 0, 0, 0, 0, 0, 0, 0, 0, 0, 0, 0, 0, 0, 0, 0, 0, 0, 0, 0, 0, 0, 0, 0, 0, 0, 0, 0, 0, 0, 0, 0, 0, 0, 0, 0, 0, 0, 0, 0, 0, 0, 0, 0, 0, 0, 0, 0, 0, 0, 0, 0, 0, 0, 0, 0, 0, 0, 0, 0, 0, 0, 0, 0, 0, 0, 0, 0, 0, 0, 0, 0, 0, 0, 0, 0, 0, 0, 0, 0, 0, 0, 0, 0, 0, 0, 0, 0, 0, 0, 0, 0, 0, 0, 0, 0, 0, 0, 0, 0, 0, 0, 0, 0, 0, 0, 0, 0, 0, 0, 0, 0, 0, 0, 0, 0, 0, 0, 0, 0, 0, 0, 0, 0, 0, 0, 0, 0, 0, 0, 0, 0, 0, 0, 0, 0, 0, 0, 0, 0, 0, 0, 0, 0, 0, 0, 0, 0, 0, 0, 0, 0, 0, 0, 0, 0, 0, 0, 0, 0, 0, 0, 0, 0, 0, 0, 0, 0, 0, 0, 0, 0, 0, 0, 0, 0, 0, 0, 0, 0, 0, 0, 0, 0, 0, 0, 0, 0, 0, 0, 0, 0, 0, 0, 0, 0, 0, 0, 0, 0, 0, 0, 0, 0, 0, 0, 0, 0, 0, 0, 0, 0, 0, 0, 0, 0, 0, 0, 0, 0, 0, 0, 0, 0, 0, 0, 0, 0, 0, 0, 0, 0, 0, 0, 0, 0, 0, 0, 0, 0, 0, 0, 0, 0, 0, 0, 0, 0, 0, 0, 0, 0, 0, 0, 0, 0, 0, 0, 0, 0, 0, 0, 0, 0, 0, 0, 0, 0, 0, 0, 0, 0, 0, 0, 0, 0, 0, 0, 0, 0, 0, 0, 0, 0, 0, 0, 0, 0, 0, 0, 0, 0, 0, 0, 0, 0, 0, 0, 0, 0, 0, 0, 0, 0, 0, 0, 0, 0, 0, 0, 0, 0, 0, 0, 0, 0, 0, 0, 0, 0, 0, 0, 0, 0, 0, 0, 0, 0, 0, 0, 0, 0, 0, 0, 0, 0, 0, 0, 0, 0, 0, 0, 0, 0, 0, 0, 0, 0, 0, 0, 0, 0, 0, 0, 0, 0, 0, 0, 0, 0, 0, 0, 0, 0, 0, 0, 0, 0, 0, 0, 0, 0, 0, 0, 0, 0, 0, 0, 0, 0, 0, 0, 0, 0, 0, 0, 0, 0, 0, 0, 0, 0, 0, 0, 0, 0, 0, 0, 0, 0, 0, 0, 0, 0, 0, 0, 0, 0, 0, 0, 0, 0, 0, 0, 0, 0, 0, 0, 0, 0, 0, 0, 0, 0, 0, 0, 0, 0, 0, 0, 0, 0, 0, 0, 0, 0, 0, 0, 0, 0, 0, 0, 0, 0, 0, 0, 0, 0, 0, 0, 0, 0, 0, 0, 0, 0, 0, 0, 0, 0, 0, 0, 0, 0, 0, 0, 0, 0, 0, 0, 0, 0, 0, 0, 0, 0, 0, 0, 0, 0, 0, 0, 0, 0, 0, 0, 0, 0, 0, 0, 0, 0, 0, 0, 0, 0, 0, 0, 0, 0, 0, 0, 0, 0, 0, 0, 0, 0, 0, 0, 0, 0, 0, 0, 0, 0, 0, 0, 0, 0, 0, 0, 0, 0, 0, 0, 0, 0, 0, 0, 0, 0, 0, 0, 0, 0, 0, 0, 0, 0, 0, 0, 0, 0, 0, 0, 0, 0, 0, 0, 0, 0, 0, 0, 0, 0, 0, 0, 0, 0, 0, 0, 0, 0, 0, 0, 0, 0, 0, 0, 0, 0, 0, 0, 0, 0, 0, 0, 0, 0, 0, 0, 0, 0, 0, 0, 0, 0, 0, 0, 0, 0, 0, 0, 0, 0, 0, 0, 0, 0, 0, 0, 0, 0, 0, 0, 0, 0, 0, 0, 0, 0, 0, 0, 0, 0, 0, 0, 0, 0, 0, 0, 0, 0, 0, 0, 0, 0, 0, 0, 0, 0, 0, 0, 0, 0, 0, 0, 0, 0, 0, 0, 0, 0, 0, 0, 0, 0, 0, 0, 0, 0, 0, 0, 0, 0, 0, 0, 0, 0, 0, 0, 0, 0, 0, 0, 0, 0, 0, 0, 0, 0, 0, 0, 0, 0, 0, 0, 0, 0, 0, 0, 0, 0, 0, 0, 0, 0, 0, 0, 0, 0, 0, 0, 0, 0, 0, 0, 0, 0, 0, 0, 0, 0, 0, 0, 0, 0, 0, 0, 0, 0, 0, 0, 0, 0, 0, 0, 0, 0, 0, 0, 0, 0, 0, 0, 0, 0, 0, 0, 0, 0, 0, 0, 0, 0, 0, 0, 0, 0, 0, 0, 0, 0, 0, 0, 0, 0, 0, 0, 0, 0, 0, 0, 0, 0, 0, 0, 0, 0, 0, 0, 0, 0, 0, 0, 0, 0, 0, 0, 0, 0, 0, 0, 0, 0, 0, 0, 0, 0, 0, 0, 0, 0, 0, 0, 0, 0, 0, 0, 0, 0, 0, 0, 0, 0, 0, 0, 0, 0, 0, 0, 0, 0, 0, 0, 0, 0, 0, 0, 0, 0, 0, 0, 0, 0, 0, 0, 0, 0, 0, 0, 0, 0, 0, 0, 0, 0, 0, 0, 0, 0, 0, 0, 0, 0, 0, 0, 0, 0, 0, 0, 0, 0, 0, 0, 0, 0, 0, 0, 0, 0, 0, 0, 0, 0, 0, 0, 0, 0, 0, 0, 0, 0, 0, 0, 0, 0, 0, 0, 0, 0, 0, 0, 0, 0, 0, 0, 0, 0, 0, 0, 0, 0, 0, 0, 0, 0, 0, 0, 0, 0, 0, 0, 0, 0, 0, 0, 0, 0, 0, 0, 0, 0, 0, 0, 0, 0, 0, 0, 0, 0, 0, 0, 0, 0, 0, 0, 0, 0, 0, 0, 0, 0, 0, 0, 0, 0, 0, 0, 0, 0, 0, 0, 0, 0, 0, 0, 0, 0, 0, 0, 0, 0, 0, 0, 0, 0, 0, 0, 0, 0, 0, 0, 0, 0, 0, 0, 0, 0, 0, 0, 0, 0, 0, 0, 0, 0, 0, 0, 0, 0, 0, 0, 0, 0, 0, 0, 0, 0, 0, 0, 0, 0, 0, 0, 0, 0, 0, 0, 0, 0, 0, 0, 0, 0, 0, 0, 0, 0, 0, 0, 0, 0, 0, 0, 0, 0, 0, 0, 0, 0, 0, 0, 0, 0, 0, 0, 0, 0, 0, 0, 0, 0, 0, 0, 0, 0, 0, 0, 0, 0, 0, 0, 0, 0, 0, 0, 0, 0, 0, 0, 0, 0, 0, 0, 0, 0, 0, 0, 0, 0, 0, 0, 0, 0, 0, 0, 0, 0, 0, 0, 0, 0, 0, 0, 0, 0, 0, 0, 0, 0, 0, 0, 0, 0, 0, 0, 0, 0, 0, 0, 0, 0, 0, 0, 0, 0, 0, 0, 0, 0, 0, 0, 0, 0, 0, 0, 0, 0, 0, 0, 0, 0, 0, 0, 0, 0, 0, 0, 0, 0, 0, 0, 0, 0, 0, 0, 0, 0, 0, 0, 0, 0, 0, 0, 0, 0, 0, 0, 0, 0, 0, 0, 0, 0, 0, 0, 0, 0, 0, 0, 0, 0, 0, 0, 0, 0, 0, 0, 0, 0, 0, 0, 0, 0, 0, 0, 0, 0, 0, 0, 0, 0, 0, 0, 0, 0, 0, 0, 0, 0, 0, 0, 0, 0, 0, 0, 0, 0, 0, 0, 0, 0, 0, 0, 0, 0, 0, 0, 0, 0, 0, 0, 0, 0, 0, 0, 0, 0, 0, 0, 0, 0, 0, 0, 0, 0, 0, 0, 0, 0, 0, 0, 0, 0, 0, 0, 0, 0, 0, 0, 0, 0, 0, 0, 0, 0, 0, 0, 0, 0, 0, 0, 1, 1, 1, 1, 1, 1, 1, 1, 1, 1, 1, 1, 1, 1, 1, 1, 1, 1, 1, 1, 1, 1, 1, 1, 1, 1, 1, 1, 1, 1, 1, 1, 1, 1, 1, 1, 1, 1, 1, 1, 1, 1, 1, 1, 1, 1, 1, 1, 1, 1, 1, 1, 1, 1, 1, 1, 1, 1, 1, 1, 1, 1, 1, 1, 1, 1, 1, 1, 1, 1, 1, 1, 1, 1, 1, 1, 1, 1, 1, 1, 1, 1, 1, 1, 1, 1, 1, 1, 1, 1, 1, 1, 1, 1, 1, 1, 1, 1, 1, 1, 1, 1, 1, 1, 1, 1, 1, 1, 1, 1, 1, 1, 1, 1, 1, 1, 1, 1, 1, 1, 1, 1, 1, 1, 1, 1, 1, 1, 1, 1, 1, 1, 1, 1, 1, 1, 1, 1, 1, 1, 1, 1, 1, 1, 1, 1, 1, 1, 1, 1, 1, 1, 1, 1, 1, 1, 1, 1, 1, 1, 1, 1, 1, 1, 1, 1, 1, 1, 1, 1, 1, 1, 1, 1, 1, 1, 1, 1, 1, 1, 1, 1, 1, 1, 1, 1, 1, 1, 1, 1, 1, 1, 1, 1, 1, 1, 1, 1, 1, 1, 1, 1, 1, 1, 1, 1, 1, 1, 1, 1, 1, 1, 1, 1, 1, 1, 1, 1, 1, 1, 1, 1, 1, 1, 1, 1, 1, 1, 1, 1, 1, 1, 1, 1, 1, 1, 1, 1, 1, 1, 1, 1, 1, 1, 1, 1, 1, 1, 1, 1, 1, 1, 1, 1, 1, 1, 1, 1, 1, 1, 1, 1, 1, 1, 1, 1, 1, 1, 1, 1, 1, 1, 1, 1, 1, 1, 1, 1, 1, 1, 1, 1, 1, 1, 1, 1, 1, 1, 1, 1, 1, 1, 1, 1, 1, 1, 1, 1, 1, 1, 1, 1, 1, 1, 1, 1, 1, 1, 1, 1, 1, 1, 1, 1, 1, 1, 1, 1, 1, 1, 1, 1, 1, 1, 1, 1, 1, 1, 1, 1, 1, 1, 1, 1, 1, 1, 1, 1, 1, 1, 1, 1, 1, 1, 1, 1, 1, 1, 1, 1, 1, 1, 1, 1, 1, 1, 1, 1, 1, 1, 1, 1, 1, 1, 1, 1, 1, 1, 1, 1, 1, 1, 1, 1, 1, 1, 1, 1, 1, 1, 1, 1, 1, 1, 1, 1, 1, 1, 1, 1, 1, 1, 1, 1, 1, 1, 1, 1, 1, 1, 1, 1, 1, 1, 1, 1, 1, 1, 1, 1, 1, 1, 1, 1, 1, 1, 1, 1, 1, 1, 1, 1, 1, 1, 1, 1, 1, 1, 1, 1, 1, 1, 1, 1, 1, 1, 1, 1, 1, 1, 1, 1, 1, 1, 1, 1, 1, 1, 1, 1, 1, 1, 1, 1, 1, 1, 1, 1, 1, 1, 1, 1, 1, 1, 1, 1, 1, 1, 1, 1, 1, 1, 1, 1, 1, 1, 1, 1, 1, 1, 1, 1, 1, 1, 1, 1, 1, 1, 1, 1, 1, 1, 1, 1, 1, 1, 1, 1, 1, 1, 1, 1, 1, 1, 1, 1, 1, 1, 1, 1, 1, 1, 1, 1, 1, 1, 1, 1, 1, 1, 1, 1, 1, 1, 1, 1, 1, 1, 1, 1, 1, 1, 1, 1, 1, 1, 1, 1, 1, 1, 1, 1, 1, 1, 1, 1, 1, 1, 1, 1, 1, 1, 1, 1, 1, 1, 1, 1, 1, 1, 1, 1, 1, 1, 1, 1, 1, 1, 1, 1, 1, 1, 1, 1, 1, 1, 1, 1, 1, 1, 1, 1, 1, 1, 1, 1, 1, 1, 1, 1, 1, 1, 1, 1, 1, 1, 1, 1, 1, 1, 1, 1, 1, 1, 1, 1, 1, 1, 1, 1, 1, 1, 1, 1, 1, 1, 1, 1, 1, 1, 1, 1, 1, 1, 1, 1, 1, 1, 1, 1, 1, 1, 1, 1, 1, 1, 1, 1, 1, 1, 1, 1, 1, 1, 1, 1, 1, 1, 1, 1, 1, 1, 1, 1, 1, 1, 1, 1, 1, 1, 1, 1, 1, 1, 1, 1, 1, 1, 1, 1, 1, 1, 1, 1, 1, 1, 1, 1, 1, 1, 1, 1, 1, 1, 1, 1, 1, 1, 1, 1, 1, 1, 1, 1, 1, 1, 1, 1, 1, 1, 1, 1, 1, 1, 1, 1, 1, 1, 1, 1, 1, 1, 1, 1, 1, 1, 1, 1, 1, 1, 1, 1, 1, 1, 1, 1, 1, 1, 1, 1, 1, 1, 1, 1, 1, 1, 1, 1, 1, 1, 1, 1, 1, 1, 1, 1, 1, 1, 1, 1, 1, 1, 1, 1, 1, 1, 1, 1, 1, 1, 1, 1, 1, 1, 1, 1, 1, 1, 1, 1, 1, 1, 1, 1, 1, 1, 1, 1, 1, 1, 1, 1, 1, 1, 1, 1, 1, 1, 1, 1, 1, 1, 1, 1, 1, 1, 1, 1, 1, 1, 1, 1, 1, 1, 1, 1, 1, 1, 1, 1, 1, 1, 1, 1, 1, 1, 1, 1, 1, 1, 1, 1, 1, 1, 1, 1, 1, 1, 1, 1, 1, 1, 1, 1, 1, 1, 1, 1, 1, 1, 1, 1, 1, 1, 1, 1, 1, 1, 1, 1, 1, 1, 1, 1, 1, 1, 1, 1, 1, 1, 1, 1, 1, 1, 1, 1, 1, 1, 1, 1, 1, 1, 1, 1, 1, 1, 1, 1, 1, 1, 1, 1, 1, 1, 1, 1, 1, 1, 1, 1, 1, 1, 1, 1, 1, 1, 1, 1, 1, 1, 1, 1, 1, 1, 1, 1, 1, 1, 1, 1, 1, 1, 1, 1, 1, 1, 1, 1, 1, 1, 1, 1, 1, 1, 1, 1, 1, 1, 1, 1, 1, 1, 1, 1, 1, 1, 1, 1, 1, 1, 1, 1, 1, 1, 1, 1, 1, 1, 1, 1, 1, 1, 1, 1, 1, 1, 1, 1, 1, 1, 1, 1, 1, 1, 1, 1, 1, 1, 1, 1, 1, 1, 1, 1, 1, 1, 1, 1, 1, 1, 1, 1, 1, 1, 1, 1, 1, 1, 1, 1, 1, 1, 1, 1, 1, 1, 1, 1, 1, 1, 1, 1, 1, 1, 1, 1, 1, 1, 1, 1, 1, 1, 1, 1, 1, 1, 1, 1, 1, 1, 1, 1, 1, 1, 1, 1, 1, 1, 1, 1, 1, 1, 1, 1, 1, 1, 1, 1, 1, 1, 1, 1, 1, 1, 1, 1, 1, 1, 1, 1, 1, 1, 1, 1, 1, 1, 1, 1, 1, 1, 1, 1, 1, 1, 1, 1, 1, 1, 1, 1, 1, 1, 1, 1, 1, 1, 1, 1, 1, 1, 1, 1, 1, 1, 1, 1, 1, 1, 1, 1, 1, 1, 1, 1, 1, 1, 1, 1, 1, 1, 1, 1, 1, 1, 1, 1, 1, 1, 1, 1, 1, 1, 1, 1, 1, 1, 1, 1, 1, 1, 1, 1, 1, 1, 1, 1, 1, 1, 1, 1, 1, 1, 1, 1, 1, 1, 1, 1, 1, 1, 1, 1, 1, 1, 1, 1, 1, 1, 1, 1, 1, 1, 1, 1, 1, 1, 1, 1, 1, 1, 1, 1, 1, 1, 1, 1, 1, 1, 1, 1, 1, 1, 1, 1, 1, 1, 1, 1, 1, 1, 1, 1, 1, 1, 1, 1, 1, 1, 1, 1, 1, 1, 1, 1, 1, 1, 1, 1, 1, 1, 1, 1, 1, 1, 1, 1, 1, 1, 1, 1, 1, 1, 1, 1, 1, 1, 1, 1, 1, 1, 1, 1, 1, 1, 1, 1, 1, 1, 1, 1, 1, 1, 1, 1, 1, 1, 1, 1, 1, 1, 1, 1, 1, 1, 1, 1, 1, 1, 1, 1, 1, 1, 1, 1, 1, 1, 1, 1, 1, 1, 1, 1, 1, 1, 1, 1, 1, 1, 1, 1, 1, 1, 1, 1, 1, 1, 1, 1, 1, 1, 1, 1, 1, 1, 1, 1, 1, 1, 1, 1, 1, 1, 1, 1, 1, 1, 1, 1, 1, 1, 1, 1, 1, 1, 1, 1, 1, 1, 1, 1, 1, 1, 1, 1, 1, 1, 1, 1, 1, 1, 1, 1, 1, 1, 1, 1, 1, 1, 1, 1, 1, 1, 1, 1, 1, 1, 1, 1, 1, 1, 1, 1, 1, 1, 1, 1, 1, 1, 1, 1, 1, 1, 1, 1, 1, 1, 1, 1, 1, 1, 1, 1, 1, 1, 1, 1, 1, 1, 1, 1, 1, 1, 1, 1, 1, 1, 1, 1, 1, 1, 1, 1, 1, 1, 1, 1, 1, 1, 1, 1, 1, 1, 1, 1, 1, 1, 1, 1, 1, 1, 1, 1, 1, 1, 1, 1, 1, 1, 1, 1, 1, 1, 1, 1, 1, 1, 1, 1, 1, 1, 1, 1, 1, 1, 1, 1, 1, 1, 1, 1, 1, 1, 1, 1, 1, 1, 1, 1, 1, 1, 1, 1, 1, 1, 1, 1, 1, 1, 1, 1, 1, 1, 1, 1, 1, 1, 1, 1, 1, 1, 1, 1, 1, 1, 1, 1, 1, 1, 1, 1, 1, 1, 1, 1, 1, 1, 1, 1, 1, 1, 1, 1, 1, 1, 1, 1, 1, 1, 1, 1, 1, 1, 1, 1, 1, 1, 1, 1, 1, 1, 1, 1, 1, 1, 1, 1, 1, 1, 1, 1, 1, 1, 1, 1, 1, 1, 1, 1, 1, 1, 1, 1, 1, 1, 1, 1, 1, 1, 1, 1, 1, 1, 1, 1, 1, 1, 1, 1, 1, 1, 1, 1, 1, 1, 1, 1, 1, 1, 1, 1, 1, 1, 1, 1, 1, 1, 1, 1, 1, 1, 1, 1, 1, 1, 1, 1, 1, 1, 1, 1, 1, 1, 1, 1, 1, 1, 1, 1, 1, 1, 1, 1, 1, 1, 1, 1, 1, 1, 1, 1, 1, 1, 1, 1, 1, 1, 1, 1, 1, 1, 1, 1, 1, 1, 1, 1, 1, 1, 1, 1, 1, 1, 1, 1, 1, 1, 1, 1, 1, 1, 1, 1, 1, 1, 1, 1, 1, 1, 1, 1, 1, 1, 1, 1, 1, 1, 1, 1, 1, 1, 1, 1, 1, 1, 1, 1, 1, 1, 1, 1, 1, 1, 1, 1, 1, 1, 1, 1, 1, 1, 1, 1, 1, 1, 1, 1, 2, 2, 2, 2, 2, 2, 2, 2, 2, 2, 2, 2, 2, 2, 2, 2, 2, 2, 2, 2, 2, 2, 2, 2, 2, 2, 2, 2, 2, 2, 2, 2, 2, 2, 2, 2, 2, 2, 2, 2, 2, 2, 2, 2, 2, 2, 2, 2, 2, 2, 2, 2, 2, 2, 2, 2, 2, 2, 2, 2, 2, 2, 2, 2, 2, 2, 2, 2, 2, 2, 2, 2, 2, 2, 2, 2, 2, 2, 2, 2, 2, 2, 2, 2, 2, 2, 2, 2, 2, 2, 2, 2, 2, 2, 2, 2, 2, 2, 2, 2, 2, 2, 2, 2, 2, 2, 2, 2, 2, 2, 2, 2, 2, 2, 2, 2, 2, 2, 2, 2, 2, 2, 2, 2, 2, 2, 2, 2, 2, 2, 2, 2, 2, 2, 2, 2, 2, 2, 2, 2, 2, 2, 2, 2, 2, 2, 2, 2, 2, 2, 2, 2, 2, 2, 2, 2, 2, 2, 2, 2, 2, 2, 2, 2, 2, 2, 2, 2, 2, 2, 2, 2, 2, 2, 2, 2, 2, 2, 2, 2, 2, 2, 2, 2, 2, 2, 2, 2, 2, 2, 2, 2, 2, 2, 2, 2, 2, 2, 2, 2, 2, 2, 2, 2, 2, 2, 2, 2, 2, 2, 2, 2, 2, 2, 2, 2, 2, 2, 2, 2, 2, 2, 2, 2, 2, 2, 2, 2, 2, 2, 2, 2, 2, 2, 2, 2, 2, 2, 2, 2, 2, 2, 2, 2, 2, 2, 2, 2, 2, 2, 2, 2, 2, 2, 2, 2, 2, 2, 2, 2, 2, 2, 2, 2, 2, 2, 2, 2, 2, 2, 2, 2, 2, 2, 2, 2, 2, 2, 2, 2, 2, 2, 2, 2, 2, 2, 2, 2, 2, 2, 2, 2, 2, 2, 2, 2, 2, 2, 2, 2, 2, 2, 2, 2, 2, 2, 2, 2, 2, 2, 2, 2, 2, 2, 2, 2, 2, 2, 2, 2, 2, 2, 2, 2, 2, 2, 2, 2, 2, 2, 2, 2, 2, 2, 2, 2, 2, 2, 2, 2, 2, 2, 2, 2, 2, 2, 2, 2, 2, 2, 2, 2, 2, 2, 2, 2, 2, 2, 2, 2, 2, 2, 2, 2, 2, 2, 2, 2, 2, 2, 2, 2, 2, 2, 2, 2, 2, 2, 2, 2, 2, 2, 2, 2, 2, 2, 2, 2, 2, 2, 2, 2, 2, 2, 2, 2, 2, 2, 2, 2, 2, 2, 2, 2, 2, 2, 2, 2, 2, 2, 2, 2, 2, 2, 2, 2, 2, 2, 2, 2, 2, 2, 2, 2, 2, 2, 2, 2, 2, 2, 2, 2, 2, 2, 2, 2, 2, 2, 2, 2, 2, 2, 2, 2, 2, 2, 2, 2, 2, 2, 2, 2, 2, 2, 2, 2, 2, 2, 2, 2, 2, 2, 2, 2, 2, 2, 2, 2, 2, 2, 2, 2, 2, 2, 2, 2, 2, 2, 2, 2, 2, 2, 2, 2, 2, 2, 2, 2, 2, 2, 2, 2, 2, 2, 2, 2, 2, 2, 2, 2, 2, 2, 2, 2, 2, 2, 2, 2, 2, 2, 2, 2, 2, 2, 2, 2, 2, 2, 2, 2, 2, 2, 2, 2, 2, 2, 2, 2, 2, 2, 2, 2, 2, 2, 2, 2, 2, 2, 2, 2, 2, 2, 2, 2, 2, 2, 2, 2, 2, 2, 2, 2, 2, 2, 2, 2, 2, 2, 2, 2, 2, 2, 2, 2, 2, 2, 2, 2, 2, 2, 2, 2, 2, 2, 2, 2, 2, 2, 2, 2, 2, 2, 2, 2, 2, 2, 2, 2, 2, 2, 2, 2, 2, 2, 2, 2, 2, 2, 2, 2, 2, 2, 2, 2, 2, 2, 2, 2, 2, 2, 2, 2, 2, 2, 2, 2, 2, 2, 2, 2, 2, 2, 2, 2, 2, 2, 2, 2, 2, 2, 2, 2, 2, 2, 2, 2, 2, 2, 2, 2, 2, 2, 2, 2, 2, 2, 2, 2, 2, 2, 2, 2, 2, 2, 2, 2, 2, 2, 2, 2, 2, 2, 2, 2, 2, 2, 2, 2, 2, 2, 2, 2, 2, 2, 2, 2, 2, 2, 2, 2, 2, 2, 2, 2, 2, 2, 2, 2, 2, 2, 2, 2, 2, 2, 2, 2, 2, 2, 2, 2, 2, 2, 2, 2, 2, 2, 2, 2, 2, 2, 2, 2, 2, 2, 2, 2, 2, 2, 2, 2, 2, 2, 2, 2, 2, 2, 2, 2, 2, 2, 2, 2, 2, 2, 2, 2, 2, 2, 2, 2, 2, 2, 2, 2, 2, 2, 2, 2, 2, 2, 2, 2, 2, 2, 2, 2, 2, 2, 2, 2, 2, 2, 2, 2, 2, 2, 2, 2, 2, 2, 2, 2, 2, 2, 2, 2, 2, 2, 2, 2, 2, 2, 2, 2, 2, 2, 2, 2, 2, 2, 2, 2, 2, 2, 2, 2, 2, 2, 2, 2, 2, 2, 2, 2, 2, 2, 2, 2, 2, 2, 2, 2, 2, 2, 2, 2, 2, 2, 2, 2, 2, 2, 2, 2, 2, 2, 2, 2, 2, 2, 2, 2, 2, 2, 2, 2, 2, 2, 2, 2, 2, 2, 2, 2, 2, 2, 2, 2, 2, 2, 2, 2, 2, 2, 2, 2, 2, 2, 2, 2, 2, 2, 2, 2, 2, 2, 2, 2, 2, 2, 2, 2, 2, 2, 2, 2, 2, 2, 2, 2, 2, 2, 2, 2, 2, 2, 2, 2, 2, 2, 2, 2, 2, 2, 2, 2, 2, 2, 2, 2, 2, 2, 2, 2, 2, 2, 2, 2, 2, 2, 2, 2, 2, 2, 2, 2, 2, 2, 2, 2, 2, 2, 2, 2, 2, 2, 2, 2, 2, 2, 2, 2, 2, 2, 2, 2, 2, 2, 2, 2, 2, 2, 2, 2, 2, 2, 2, 2, 2, 2, 2, 2, 2, 2, 2, 2, 2, 2, 2, 2, 2, 2, 2, 2, 2, 2, 2, 2, 2, 2, 2, 2, 2, 2, 2, 2, 2, 2, 2, 2, 2, 2, 2, 2, 2, 2, 2, 2, 2, 2, 2, 2, 2, 2, 2, 2, 2, 2, 2, 2, 2, 2, 2, 2, 2, 2, 2, 2, 2, 2, 2, 2, 2, 2, 2, 2, 2, 2, 2, 2, 2, 2, 2, 2, 2, 2, 2, 2, 2, 2, 2, 2, 2, 2, 2, 2, 2, 2, 2, 2, 2, 2, 2, 2, 2, 2, 2, 2, 2, 2, 2, 2, 2, 2, 2, 2, 2, 2, 2, 2, 2, 2, 2, 2, 2, 2, 2, 2, 2, 2, 2, 2, 2, 2, 2, 2, 2, 2, 2, 2, 2, 2, 2, 2, 2, 2, 2, 2, 2, 2, 2, 2, 2, 2, 2, 2, 2, 2, 2, 2, 2, 2, 2, 2, 2, 2, 2, 2, 2, 2, 2, 2, 2, 2, 2, 2, 2, 2, 2, 2, 2, 2, 2, 2, 2, 2, 2, 2, 2, 2, 2, 2, 2, 2, 2, 2, 2, 2, 2, 2, 2, 2, 2, 2, 2, 2, 2, 2, 2, 2, 2, 2, 2, 2, 2, 2, 2, 2, 2, 2, 2, 2, 2, 2, 2, 2, 2, 2, 2, 2, 2, 2, 2, 2, 2, 2, 2, 2, 2, 2, 2, 2, 2, 2, 2, 2, 2, 2, 2, 2, 2, 2, 2, 2, 2, 2, 2, 2, 2, 2, 2, 2, 2, 2, 2, 2, 2, 2, 2, 2, 2, 2, 2, 2, 2, 2, 2, 2, 2, 2, 2, 2, 2, 2, 2, 2, 2, 2, 2, 2, 2, 2, 2, 2, 2, 2, 2, 2, 2, 2, 2, 2, 2, 2, 2, 2, 2, 2, 2, 2, 2, 2, 2, 2, 2, 2, 2, 2, 2, 2, 2, 2, 2, 2, 2, 2, 2, 2, 2, 2, 2, 2, 2, 2, 2, 2, 2, 2, 2, 2, 2, 2, 2, 2, 2, 2, 2, 2, 2, 2, 2, 2, 2, 2, 2, 2, 2, 2, 2, 2, 2, 2, 2, 2, 2, 2, 2, 2, 2, 2, 2, 2, 2, 2, 2, 2, 2, 2, 2, 2, 2, 2, 2, 2, 2, 2, 2, 2, 2, 2, 2, 2, 2, 2, 2, 2, 2, 2, 2, 2, 2, 2, 2, 2, 2, 2, 2, 2, 2, 2, 2, 2, 2, 2, 2, 2, 2, 2, 2, 2, 2, 2, 2, 2, 2, 2, 2, 2, 2, 2, 2, 2, 2, 2, 2, 2, 2, 2, 2, 2, 2, 2, 2, 2, 2, 2, 2, 2, 2, 2, 2, 2, 2, 2, 2, 2, 2, 2, 2, 2, 2, 2, 2, 2, 2, 2, 2, 2, 2, 2, 2, 2, 2, 2, 2, 2, 2, 2, 2, 2, 2, 2, 2, 2, 2, 2, 2, 2, 2, 2, 2, 2, 2, 2, 2, 2, 2, 2, 2, 2, 2, 2, 2, 2, 2, 2, 2, 2, 2, 2, 2, 2, 2, 2, 2, 2, 2, 2, 2, 2, 2, 2, 2, 2, 2, 2, 2, 2, 2, 2, 2, 2, 2, 2, 2, 2, 2, 2, 2, 2, 2, 2, 2, 2, 2, 2, 2, 2, 2, 2, 2, 2, 2, 2, 2, 2, 2, 2, 2, 2, 2, 2, 2, 2, 2, 2, 2, 2, 2, 2, 2, 2, 2, 2, 2, 2, 2, 2, 2, 2, 2, 2, 2, 2, 2, 2, 2, 2, 2, 2, 2, 2, 2, 2, 2, 2, 2, 2, 2, 2, 2, 2, 2, 2, 2, 2, 2, 2, 2, 2, 2, 2, 2, 2, 2, 2, 2, 2, 2, 2, 2, 2, 2, 2, 2, 2, 2, 2, 2, 2, 2, 2, 2, 2, 2, 2, 2, 2, 2, 2, 2, 2, 2, 2, 2, 2, 2, 2, 2, 2, 2, 2, 2, 2, 2, 2, 2, 2, 2, 2, 2, 2, 2, 2, 2, 2, 2, 2, 2, 2, 2, 2, 2, 2, 2, 2, 2, 2, 2, 2, 2, 2, 2, 2, 2, 2, 2, 2, 2, 2, 2, 2, 2, 2, 2, 2, 2, 2, 2, 2, 2, 2, 2, 2, 2, 2, 2, 2, 2, 2, 2, 2, 2, 2, 2, 2, 2, 2, 2, 2, 2, 2, 2, 2, 2, 2, 0, 0]