0 1813 
1 894 
2 854 4926 
3 1378 3687 
4 2266 
5 371 436 1711 
6 1089 
7 1603 
8 1997 
9 1993 2204 
10 126 474 
11 2435 
12 1254 
13 2281 2468 
14 1753 2338 3687 
15 831 1344 
16 996 1956 
17 385 643 2149 
18 37 275 3671 4535 
19 104 
20 1616 
21 2451 
22 
23 2764 
24 1014 
25 257 1278 2445 
26 1906 2758 
27 2200 
28 597 1545 1868 2416 2460 
29 387 
30 1256 1758 3710 
31 1757 2135 
32 62 
33 285 2400 
34 
35 428 
36 2360 
37 457 
38 2256 
39 298 429 597 812 1064 
40 
41 
42 43 691 1627 
43 1470 
44 2056 2103 
45 91 1704 
46 403 1591 1945 
47 
48 1654 
49 1228 2187 
50 58 
51 1782 2166 2419 
52 357 758 1012 2074 
53 320 952 3541 
54 1364 
55 235 4797 
56 530 1686 
57 500 646 1173 1850 
58 4378 
59 
60 1173 1586 
61 991 
62 122 2129 
63 823 
64 98 824 2203 
65 244 759 1442 
66 74 
67 278 2245 
68 391 450 647 1732 1813 2341 
69 351 396 2068 2975 4112 
70 
71 181 1773 2354 3099 4576 
72 292 690 2321 
73 
74 487 
75 723 1652 3853 
76 1222 2402 2430 
77 228 272 1065 1455 1898 2395 
78 838 969 1788 
79 2378 
80 443 2255 
81 
82 1101 
83 950 
84 2071 
85 1510 3143 
86 1209 1623 2303 
87 
88 
89 389 929 1116 1217 1517 1983 
90 
91 
92 1270 
93 407 1771 4782 
94 353 636 
95 426 432 1958 2127 2202 2242 
96 1389 1895 2578 
97 2232 
98 1213 
99 695 1046 2107 
100 1476 2819 
101 
102 
103 
104 4090 
105 1476 2041 
106 428 1209 
107 
108 820 
109 854 2272 
110 521 1075 
111 
112 530 2334 
113 114 
114 2235 
115 1529 
116 
117 
118 
119 684 822 895 1679 
120 2440 2480 
121 
122 
123 1076 
124 865 1771 2046 
125 663 3097 
126 1185 
127 417 1981 
128 425 2108 
129 
130 539 
131 718 
132 1448 
133 2822 
134 
135 
136 4631 
137 
138 156 1976 
139 
140 514 1564 1596 1778 
141 
142 590 1498 2333 
143 569 1084 
144 1645 2260 
145 1684 
146 778 3852 
147 194 
148 783 1806 
149 1584 
150 2108 2444 
151 2208 
152 894 
153 3761 
154 958 1605 2101 
155 1502 1647 2258 2319 3382 
156 655 
157 379 
158 797 
159 1136 1663 1998 
160 362 1019 
161 
162 
163 759 1372 
164 2446 
165 
166 2774 
167 1967 2060 2379 
168 1182 1904 2427 
169 1966 2268 
170 
171 
172 
173 434 697 
174 255 1531 1632 1753 
175 745 
176 
177 1834 3570 
178 
179 1017 1382 
180 1152 1436 1695 
181 2173 
182 390 
183 
184 1442 
185 1365 1967 2360 
186 1843 2441 
187 2482 
188 1073 1920 
189 2072 
190 1586 2112 
191 196 1644 
192 594 1588 1703 2441 
193 791 1277 4680 
194 
195 935 
196 786 
197 1714 
198 
199 845 
200 577 758 
201 
202 
203 1135 1734 
204 829 2112 
205 1509 
206 401 1761 2353 
207 1396 
208 2206 
209 4300 
210 2579 
211 265 624 787 2445 
212 849 
213 
214 2193 
215 
216 3961 
217 1077 
218 1017 1303 
219 519 1065 1412 2806 
220 855 3714 
221 1750 1911 
222 249 1193 2404 
223 1628 2140 
224 355 
225 783 2258 
226 1996 2318 3870 
227 915 2108 
228 
229 2461 4697 
230 635 694 
231 1030 2141 
232 1528 
233 2856 
234 818 
235 1572 
236 
237 
238 1353 2244 
239 347 918 4793 
240 799 1288 2371 2738 
241 1310 4432 
242 335 1080 
243 
244 
245 1912 2313 
246 769 1400 2163 
247 494 661 
248 1187 
249 1673 
250 
251 
252 4664 
253 973 
254 461 486 
255 1444 
256 461 666 
257 718 
258 1241 1628 2062 2328 
259 657 1989 
260 
261 
262 454 2134 2691 
263 
264 
265 727 
266 591 2301 
267 828 
268 
269 
270 
271 
272 449 792 1765 
273 438 
274 
275 1179 1285 
276 2184 
277 2176 
278 1929 
279 
280 1857 
281 1304 1881 
282 
283 2480 
284 874 
285 2134 
286 1315 
287 756 
288 
289 348 
290 1850 4322 
291 2429 
292 2254 
293 728 1119 1409 2309 
294 1109 1312 1977 
295 665 4715 
296 417 
297 2239 
298 393 1523 
299 974 1616 1720 1848 2486 
300 921 1094 
301 
302 922 1716 2087 
303 774 1344 2039 
304 347 721 
305 2238 
306 1390 2180 
307 999 
308 971 
309 399 699 1704 1947 
310 1816 2169 
311 
312 1253 1642 
313 1467 1932 
314 
315 
316 1767 
317 488 2280 
318 634 1450 1612 2876 
319 676 892 
320 
321 661 
322 645 
323 
324 1847 
325 737 2288 
326 615 2079 
327 950 1860 
328 
329 3815 
330 1985 
331 756 
332 4141 
333 526 3192 
334 1376 3900 
335 1420 2249 
336 596 1356 1610 1687 2070 
337 1259 1325 1456 1462 1895 2361 
338 4377 
339 
340 
341 4055 
342 660 740 
343 451 
344 2458 
345 
346 1334 1834 3747 
347 469 1523 
348 486 699 847 1255 
349 650 
350 2053 
351 
352 
353 
354 1558 
355 
356 855 1857 4103 
357 1153 2245 2474 
358 1828 
359 
360 862 
361 
362 568 1328 1338 2439 
363 615 961 
364 505 2108 
365 1040 
366 2075 
367 
368 1678 
369 2074 
370 1601 1817 2403 4319 
371 563 
372 1162 1541 1809 2233 4666 
373 
374 1407 2019 2882 
375 937 3440 
376 689 946 1984 
377 458 
378 2375 
379 469 2568 
380 1471 1806 1951 
381 
382 792 1374 
383 
384 625 2239 2654 
385 1421 
386 
387 894 2360 4000 
388 978 1700 
389 2410 
390 591 615 1342 1345 
391 991 
392 4084 
393 958 
394 
395 2229 
396 1831 
397 1571 
398 961 2055 
399 825 1196 4628 
400 
401 648 
402 1103 1290 
403 2370 
404 1595 
405 1129 
406 
407 1459 3482 
408 979 
409 462 
410 
411 1256 1947 
412 2198 
413 591 3362 
414 872 1810 
415 2056 
416 513 1700 
417 2151 
418 2201 2229 2313 
419 1221 2315 
420 570 
421 476 
422 2023 2459 2484 
423 
424 1771 2166 
425 2540 
426 2090 4533 
427 
428 1009 1320 
429 718 1035 
430 
431 962 1789 
432 2222 
433 751 1795 2113 
434 1852 2041 
435 
436 762 
437 1007 2322 
438 1095 
439 648 1425 1468 
440 1304 3595 
441 477 
442 907 
443 1742 
444 
445 1794 1868 1905 1967 
446 502 1741 
447 
448 1434 2065 2112 2600 
449 
450 
451 1179 1260 1394 1447 
452 2365 
453 754 1310 
454 601 2872 
455 2720 
456 2092 
457 2274 4240 
458 2162 
459 1124 
460 
461 1837 
462 
463 1285 1891 2482 4311 
464 
465 1620 
466 763 
467 1550 
468 623 1387 2473 3985 
469 1014 1284 2092 
470 557 1108 1367 
471 725 
472 1590 
473 1597 2436 2441 
474 632 1039 
475 1148 
476 
477 638 
478 1328 
479 1482 
480 1184 
481 
482 1992 2812 
483 1787 2482 2842 
484 
485 2296 
486 624 766 853 
487 564 1470 
488 955 999 1098 1944 
489 512 1169 
490 2186 
491 1112 2197 
492 1696 1863 2251 
493 1350 1374 1833 
494 
495 1723 4507 
496 1037 1477 
497 912 1002 1859 
498 1606 
499 1970 
500 
501 2316 
502 
503 2075 
504 1633 1908 
505 
506 1019 2264 
507 1277 2491 3566 
508 2078 
509 
510 
511 1758 2370 
512 
513 2175 
514 1468 
515 780 1538 1545 1618 
516 3749 
517 
518 1077 1431 1950 
519 
520 2432 
521 950 
522 
523 2357 
524 
525 2077 2225 
526 2303 
527 1637 
528 
529 2453 
530 600 
531 
532 1937 2083 
533 1987 
534 1884 4502 
535 786 1202 
536 3075 
537 
538 
539 
540 1789 
541 594 1949 2262 2279 
542 802 1107 2352 
543 1524 2358 2741 
544 1470 1783 
545 591 
546 1970 
547 1545 
548 1022 1476 3222 
549 
550 
551 841 1113 1182 1233 
552 700 3289 
553 3497 
554 
555 1564 1704 
556 934 1870 2331 
557 
558 2450 
559 1739 
560 1013 1476 
561 2480 
562 971 
563 
564 2008 3300 
565 932 1082 2343 3859 
566 731 
567 927 
568 1751 2126 
569 2345 
570 1151 2264 
571 762 
572 1868 
573 1422 
574 1373 
575 867 2121 
576 850 1072 1908 
577 674 1934 
578 1163 2149 
579 
580 1972 3440 
581 1806 2061 
582 
583 944 
584 1160 2155 
585 
586 2482 4107 
587 1739 1874 2389 
588 
589 1045 2498 
590 1325 2214 
591 1060 1552 1954 2326 
592 867 1287 1747 
593 2217 
594 1515 
595 681 1166 
596 1184 1326 1368 1945 3660 
597 671 1093 2123 
598 
599 1622 3070 
600 1385 1644 
601 1018 1953 2804 
602 2472 
603 1442 
604 883 1255 1368 
605 1812 
606 784 1046 1687 2192 
607 1336 1768 1917 
608 919 1722 3225 
609 724 1430 2287 
610 1784 
611 
612 
613 4747 
614 1100 
615 1119 
616 892 
617 1423 2193 2217 
618 1736 
619 1793 
620 1570 2323 
621 
622 2101 
623 719 4876 
624 4629 
625 
626 1733 
627 2012 
628 1735 
629 1324 1754 2076 
630 871 
631 
632 3897 4840 
633 2486 
634 1185 1480 2150 4978 
635 2136 
636 949 2416 2778 
637 2469 
638 1854 
639 1358 
640 2096 
641 1606 2060 
642 2097 2422 
643 
644 4470 
645 1860 
646 829 
647 
648 1045 1452 
649 1681 
650 890 
651 1158 
652 1198 1348 1618 
653 1306 1480 1697 2053 3741 
654 1644 
655 
656 
657 959 
658 892 2345 4153 
659 
660 2609 
661 1604 2381 
662 827 2389 
663 701 1500 
664 2312 
665 
666 2208 3515 
667 1102 1822 2245 
668 1143 
669 2273 
670 681 1167 1966 
671 
672 1006 4188 
673 
674 
675 
676 
677 1141 
678 1213 4877 
679 
680 803 1891 2041 2483 
681 1124 1222 
682 1339 2075 
683 996 1063 
684 1706 2048 2122 
685 952 1916 
686 
687 1175 1575 2102 
688 979 1673 
689 2241 2258 2414 
690 
691 1411 3173 
692 
693 1081 1949 
694 743 1641 
695 
696 1606 1683 
697 779 1379 4851 
698 1887 
699 736 1543 4182 
700 
701 832 1519 3366 
702 
703 834 
704 1567 
705 745 1542 2449 
706 1108 1283 1609 
707 1826 
708 1872 
709 983 
710 
711 1174 1818 
712 1235 1391 2374 
713 
714 1161 2138 
715 4343 
716 
717 
718 1174 
719 2323 
720 1558 2343 4127 
721 
722 
723 769 908 1033 1370 2242 
724 949 1023 1174 1262 1477 
725 
726 
727 
728 
729 758 1640 
730 1389 1626 1908 2126 
731 2054 
732 
733 1823 
734 880 4892 
735 1756 
736 826 
737 
738 1530 
739 
740 1891 
741 1042 2202 2957 
742 1571 1825 
743 1138 1315 4027 
744 1012 1698 1796 
745 849 1592 
746 1728 1863 
747 
748 
749 943 2485 4219 
750 1106 1133 1670 2158 
751 2003 
752 3547 
753 1047 1164 1661 
754 
755 
756 842 971 
757 879 
758 934 2232 2345 
759 1097 
760 3981 
761 1115 
762 1402 1429 2292 2639 
763 2155 
764 
765 
766 1347 
767 
768 3769 
769 1726 2418 
770 1478 
771 1710 2244 
772 
773 1445 1688 
774 1907 
775 1301 1587 1731 1824 
776 1190 1711 
777 1138 2384 
778 2471 
779 3975 
780 1809 2210 2472 
781 1921 
782 2453 3642 
783 1932 2225 
784 
785 1287 2462 
786 4810 
787 
788 
789 1330 4680 
790 1574 1698 
791 1637 2338 
792 2144 
793 1202 
794 1425 
795 1225 
796 1372 
797 1559 
798 1055 
799 
800 1028 1838 
801 
802 2027 
803 3173 
804 1106 2009 2064 2341 
805 2433 
806 1938 
807 1523 
808 
809 
810 1237 
811 4948 
812 
813 1662 2108 
814 1055 
815 
816 1181 
817 
818 1377 
819 
820 3170 
821 2080 3775 
822 2366 
823 1001 1172 2461 
824 2495 
825 860 1011 1665 
826 3123 
827 983 
828 2175 
829 
830 940 2030 3083 
831 
832 
833 1014 
834 2573 
835 
836 1269 
837 879 
838 
839 1965 2176 
840 1625 
841 1325 1984 
842 
843 
844 972 2297 
845 2343 3339 
846 
847 2243 2251 
848 857 4010 
849 2213 
850 4406 
851 2092 
852 
853 
854 
855 
856 1139 1683 2107 3886 
857 
858 
859 2208 2241 
860 
861 1070 
862 
863 934 1502 2163 2493 
864 1670 
865 
866 
867 
868 
869 1781 
870 
871 882 
872 
873 2158 
874 
875 1753 
876 1674 3659 
877 1774 1947 3820 
878 
879 1412 1950 
880 2151 2843 
881 
882 
883 
884 2173 3184 
885 
886 1302 4159 
887 1803 2201 2538 3760 
888 938 976 
889 
890 
891 1311 1590 2048 
892 1052 1353 
893 1100 
894 1080 1583 
895 
896 
897 
898 1237 1247 2145 
899 
900 1616 
901 
902 
903 1131 1717 
904 1593 
905 
906 
907 
908 
909 
910 2167 2484 
911 
912 1897 
913 
914 1150 2826 
915 1720 2007 
916 1468 
917 
918 1715 2121 2487 
919 
920 970 
921 1935 2426 
922 
923 
924 1062 1855 
925 2084 
926 999 
927 1515 
928 963 
929 1681 1776 
930 2662 
931 
932 
933 1643 
934 1132 2097 
935 
936 2031 
937 1636 
938 
939 
940 
941 
942 2273 
943 1166 2409 
944 
945 
946 1069 1787 
947 2172 2183 
948 1247 1390 1483 
949 
950 1445 
951 1760 3347 
952 1230 
953 
954 4352 
955 
956 2250 
957 1978 2238 
958 2089 
959 1195 3131 
960 1040 1189 1458 1545 
961 2077 2426 3059 
962 1313 2446 
963 1165 1805 2216 2224 
964 
965 1813 1846 
966 1205 2363 
967 1882 4634 
968 1002 2423 
969 1118 
970 1099 2269 
971 
972 2282 
973 
974 1075 1166 1455 1733 2686 
975 
976 1739 1822 
977 
978 1984 2534 
979 1056 
980 
981 
982 
983 
984 1457 
985 1832 2146 2234 
986 1892 2019 
987 2284 
988 
989 993 2298 
990 
991 4610 
992 4319 
993 2281 
994 
995 
996 
997 1648 2064 
998 
999 
1000 1060 
1001 
1002 1463 2119 
1003 
1004 1112 
1005 1704 
1006 1830 
1007 2461 2713 
1008 
1009 
1010 1873 2395 
1011 1556 3664 
1012 1896 4249 
1013 1772 2378 
1014 
1015 
1016 1146 
1017 
1018 1035 
1019 1320 
1020 1242 1424 
1021 2280 2298 3053 
1022 
1023 1567 3588 
1024 1341 1838 2111 
1025 1028 
1026 
1027 
1028 1696 
1029 1835 
1030 
1031 
1032 
1033 
1034 1727 2455 
1035 1440 1768 
1036 1408 
1037 
1038 1408 1551 2349 
1039 
1040 1171 1278 4018 
1041 1071 1810 2230 
1042 1802 2484 
1043 1133 1622 
1044 1716 
1045 1917 
1046 
1047 1648 2147 2222 2370 
1048 2029 
1049 2353 
1050 2917 
1051 
1052 
1053 
1054 1315 1612 1647 
1055 1237 
1056 1180 1782 2360 
1057 2280 
1058 
1059 
1060 2261 
1061 
1062 1805 2453 3791 4650 
1063 
1064 
1065 1453 
1066 
1067 
1068 1561 
1069 1668 
1070 1899 
1071 
1072 1712 
1073 
1074 1788 
1075 
1076 
1077 1675 
1078 1419 1966 
1079 
1080 2282 
1081 1174 
1082 2105 2997 
1083 
1084 
1085 4369 4512 
1086 1456 
1087 
1088 
1089 1261 1331 
1090 1279 
1091 1334 1541 1732 
1092 2123 
1093 
1094 1890 
1095 1192 2329 
1096 3031 
1097 
1098 1695 2100 2439 
1099 1901 
1100 2062 
1101 
1102 2416 2457 4050 
1103 1152 1186 2259 
1104 1999 2329 
1105 
1106 
1107 
1108 1458 2052 
1109 
1110 1386 1913 
1111 
1112 1857 
1113 1516 2275 
1114 1315 1696 
1115 1373 
1116 1866 
1117 
1118 1421 
1119 2207 
1120 
1121 
1122 1574 2365 3878 
1123 
1124 1141 
1125 4962 
1126 1487 2489 2893 
1127 1251 
1128 
1129 1670 
1130 
1131 1186 
1132 
1133 2409 
1134 
1135 4460 
1136 
1137 
1138 
1139 2049 
1140 1535 
1141 
1142 
1143 
1144 
1145 1752 
1146 3108 
1147 1618 
1148 
1149 
1150 
1151 1414 
1152 1362 2144 2322 4199 
1153 
1154 
1155 1609 1831 2061 2132 2223 
1156 
1157 
1158 
1159 1639 
1160 
1161 
1162 1647 2072 
1163 
1164 
1165 
1166 2174 
1167 1937 2005 
1168 
1169 2431 
1170 3965 
1171 1620 2061 
1172 2145 
1173 1989 
1174 1419 1821 2020 2368 
1175 3764 
1176 4368 
1177 
1178 3117 
1179 
1180 1473 1984 2305 
1181 2905 
1182 
1183 
1184 1466 
1185 2543 
1186 1688 
1187 1926 
1188 1643 
1189 
1190 1463 1928 
1191 1999 2781 
1192 1938 2246 3478 
1193 
1194 1196 1323 1546 4584 
1195 1410 
1196 2363 
1197 1584 
1198 
1199 2271 2996 
1200 
1201 1606 1945 
1202 4739 
1203 
1204 
1205 
1206 1414 2408 4098 
1207 4046 
1208 1787 2351 
1209 1640 2348 
1210 2119 2355 
1211 2017 
1212 
1213 2353 3155 
1214 1449 2208 3250 
1215 3535 
1216 
1217 1774 
1218 2087 3961 
1219 
1220 
1221 1971 3753 
1222 1684 2449 
1223 1399 1946 2008 
1224 1704 1794 3973 
1225 1954 3512 
1226 2234 2531 
1227 1475 
1228 1335 
1229 
1230 
1231 2184 
1232 2369 
1233 1264 
1234 1825 
1235 2229 4774 
1236 3601 
1237 
1238 1698 2804 
1239 1656 2155 
1240 
1241 
1242 2096 4757 
1243 2063 
1244 
1245 1516 2933 
1246 2453 4130 
1247 4910 
1248 1754 
1249 1545 
1250 1343 
1251 1858 1906 
1252 
1253 2256 
1254 
1255 
1256 2258 
1257 2106 
1258 
1259 1867 2763 
1260 1989 2152 
1261 1656 2376 4181 
1262 1808 1811 2265 
1263 1618 
1264 1727 2302 4025 
1265 2059 
1266 
1267 1647 2510 
1268 1526 2158 
1269 4475 
1270 
1271 1562 
1272 
1273 
1274 
1275 2355 
1276 1720 2002 
1277 
1278 
1279 3400 
1280 1815 2400 
1281 1564 1627 
1282 
1283 
1284 3495 
1285 2217 
1286 2617 
1287 1465 
1288 
1289 1749 1817 
1290 2378 
1291 
1292 
1293 
1294 1414 1803 
1295 1860 1869 
1296 1417 2337 
1297 
1298 
1299 
1300 2440 
1301 2150 2376 
1302 
1303 1652 1655 2080 
1304 1567 1734 2154 3354 
1305 
1306 1889 2230 2456 
1307 
1308 
1309 
1310 1642 1989 4939 4964 
1311 1724 2986 
1312 1851 3345 3997 
1313 
1314 2865 
1315 
1316 1487 1613 
1317 1412 2370 2920 
1318 
1319 1888 4622 
1320 1409 2265 4113 
1321 
1322 1484 
1323 1925 
1324 
1325 
1326 
1327 
1328 
1329 
1330 4429 
1331 2006 
1332 
1333 1540 1929 2207 
1334 
1335 
1336 
1337 1691 2092 
1338 1997 
1339 2073 2188 
1340 1883 
1341 
1342 
1343 2206 
1344 1360 
1345 1443 1676 
1346 
1347 4271 
1348 2272 
1349 4240 
1350 4018 
1351 1739 
1352 1525 
1353 
1354 1995 
1355 1443 
1356 
1357 1818 
1358 2165 
1359 1974 
1360 2249 4119 
1361 
1362 
1363 2291 
1364 3587 
1365 1927 2020 
1366 4505 
1367 1652 
1368 3261 
1369 2234 2347 
1370 
1371 2221 
1372 1911 
1373 
1374 1395 
1375 
1376 
1377 2004 
1378 
1379 1652 
1380 
1381 2404 
1382 2201 
1383 1806 
1384 
1385 
1386 1758 
1387 
1388 1467 3738 
1389 
1390 
1391 1950 
1392 1699 1872 
1393 
1394 2127 
1395 1449 
1396 1631 1995 
1397 
1398 2027 
1399 2198 4829 
1400 
1401 
1402 4857 
1403 
1404 1692 2032 
1405 1689 1863 
1406 
1407 1867 2205 
1408 4699 
1409 
1410 
1411 
1412 2162 
1413 
1414 1501 1974 2360 
1415 1641 1651 
1416 
1417 
1418 1946 
1419 1838 2217 
1420 2502 
1421 
1422 
1423 
1424 2057 
1425 2262 
1426 1657 3293 3785 
1427 
1428 1629 
1429 
1430 2813 
1431 1743 
1432 1446 1536 
1433 
1434 2472 
1435 1471 
1436 2280 3497 
1437 2231 
1438 
1439 
1440 
1441 
1442 1655 2456 
1443 
1444 2125 
1445 1605 3129 
1446 
1447 1785 
1448 
1449 2080 
1450 1779 
1451 
1452 
1453 2716 
1454 2332 
1455 1807 
1456 2073 
1457 2457 
1458 
1459 1897 
1460 4984 
1461 1876 
1462 1480 
1463 
1464 
1465 3743 
1466 2355 
1467 1866 
1468 1835 
1469 2419 2977 
1470 
1471 1843 
1472 
1473 
1474 
1475 
1476 1724 3291 
1477 1905 
1478 2149 
1479 2334 
1480 
1481 2343 
1482 
1483 1521 
1484 2315 
1485 1619 1747 1843 
1486 1692 
1487 1566 
1488 
1489 
1490 
1491 
1492 4921 
1493 1611 
1494 1848 2259 
1495 1587 
1496 1873 
1497 
1498 
1499 
1500 2427 
1501 1861 
1502 2206 
1503 1849 
1504 
1505 2221 
1506 
1507 
1508 
1509 3559 4051 
1510 2104 2265 3971 
1511 
1512 2222 
1513 1737 
1514 1597 
1515 
1516 2021 2093 
1517 2400 
1518 
1519 2231 2481 
1520 
1521 
1522 1553 1753 
1523 
1524 1943 2440 
1525 1730 2317 
1526 
1527 2029 4243 
1528 
1529 1558 
1530 2188 2273 4508 
1531 
1532 
1533 
1534 2255 
1535 1555 
1536 2332 4955 
1537 4805 
1538 4995 
1539 
1540 
1541 
1542 1705 2291 
1543 
1544 1803 
1545 1733 
1546 
1547 2279 
1548 
1549 2176 
1550 
1551 1589 
1552 2331 
1553 2276 
1554 1785 2067 
1555 
1556 
1557 2411 
1558 2439 
1559 
1560 2999 
1561 1770 
1562 2224 
1563 
1564 
1565 
1566 
1567 
1568 
1569 
1570 1926 
1571 
1572 1916 
1573 2008 
1574 2291 
1575 
1576 
1577 2114 4942 
1578 4773 
1579 2465 
1580 4760 
1581 2172 
1582 
1583 
1584 
1585 
1586 1937 1947 3638 
1587 
1588 
1589 
1590 2116 2229 
1591 2236 2324 
1592 
1593 1634 4362 
1594 
1595 
1596 2396 
1597 
1598 
1599 
1600 1939 
1601 2377 
1602 2141 2898 
1603 2205 
1604 
1605 2135 
1606 
1607 
1608 1914 2451 
1609 
1610 1892 3941 
1611 2348 4405 
1612 
1613 1655 2017 
1614 
1615 
1616 1896 
1617 
1618 
1619 
1620 1762 2486 
1621 
1622 
1623 3357 
1624 
1625 2002 
1626 
1627 1857 
1628 2161 
1629 2494 
1630 
1631 
1632 
1633 
1634 
1635 
1636 
1637 
1638 3221 
1639 2335 
1640 
1641 
1642 3744 
1643 
1644 3975 
1645 2748 
1646 
1647 
1648 2112 
1649 2231 
1650 1892 
1651 2269 
1652 2345 
1653 1670 
1654 1716 2037 
1655 
1656 
1657 4325 
1658 2179 
1659 
1660 
1661 
1662 1939 
1663 
1664 
1665 2189 
1666 
1667 2009 2410 
1668 1815 3880 
1669 2003 3086 
1670 
1671 
1672 1812 2227 
1673 1887 4670 
1674 
1675 
1676 3019 
1677 
1678 
1679 
1680 2473 
1681 
1682 
1683 2226 
1684 1722 
1685 
1686 
1687 
1688 
1689 
1690 2390 
1691 
1692 3801 
1693 
1694 2153 
1695 2347 
1696 
1697 2395 2428 
1698 2020 
1699 3406 
1700 2021 4292 
1701 
1702 
1703 2157 
1704 
1705 
1706 2125 2290 2419 
1707 1845 
1708 1914 2031 2310 
1709 
1710 
1711 
1712 
1713 2257 3742 
1714 2485 
1715 
1716 
1717 4054 
1718 
1719 
1720 2043 
1721 1740 
1722 
1723 
1724 
1725 
1726 
1727 1913 
1728 
1729 
1730 4204 
1731 1937 
1732 
1733 1782 
1734 1848 2299 
1735 
1736 1810 2149 
1737 
1738 
1739 2281 
1740 
1741 1892 
1742 2110 2463 
1743 3031 
1744 
1745 
1746 
1747 
1748 2045 
1749 1986 
1750 2158 3155 
1751 
1752 1926 
1753 1973 2490 
1754 1997 2042 
1755 2293 
1756 
1757 1846 1851 2403 
1758 
1759 
1760 4131 
1761 
1762 2083 
1763 
1764 2020 4431 
1765 2094 
1766 2067 
1767 
1768 
1769 2398 
1770 
1771 
1772 
1773 2311 
1774 
1775 2210 2400 
1776 
1777 
1778 
1779 
1780 2456 
1781 2028 
1782 
1783 
1784 
1785 
1786 
1787 1978 
1788 
1789 
1790 2179 
1791 2099 2100 
1792 2333 
1793 
1794 2052 
1795 
1796 
1797 1876 
1798 
1799 
1800 
1801 
1802 2523 
1803 2241 4749 
1804 2091 
1805 2219 
1806 1981 
1807 
1808 2483 
1809 
1810 
1811 2476 
1812 3303 
1813 2000 2063 2340 
1814 
1815 
1816 
1817 3453 
1818 2465 
1819 
1820 2259 
1821 3873 
1822 2102 
1823 4730 
1824 
1825 
1826 2165 
1827 2110 
1828 
1829 2028 
1830 
1831 
1832 1975 2205 
1833 
1834 
1835 2248 
1836 
1837 
1838 1881 
1839 
1840 
1841 3871 
1842 4874 
1843 2024 2034 
1844 
1845 
1846 
1847 
1848 3780 
1849 2173 
1850 
1851 
1852 
1853 2097 2390 
1854 
1855 1876 
1856 2165 4587 
1857 
1858 2053 2362 
1859 2412 
1860 
1861 2336 
1862 
1863 
1864 
1865 2179 2451 
1866 
1867 
1868 1966 
1869 2024 
1870 1877 
1871 
1872 2414 
1873 
1874 
1875 
1876 
1877 1901 
1878 1894 
1879 
1880 
1881 2361 
1882 
1883 2364 
1884 
1885 
1886 
1887 
1888 
1889 
1890 
1891 
1892 2322 
1893 
1894 
1895 
1896 
1897 
1898 1941 2405 
1899 2164 4658 
1900 
1901 
1902 
1903 2379 
1904 
1905 
1906 2330 
1907 
1908 4682 
1909 4565 
1910 
1911 2487 
1912 
1913 2503 
1914 
1915 2376 
1916 1990 
1917 2159 
1918 
1919 2194 
1920 2697 4048 
1921 
1922 2079 
1923 
1924 
1925 3133 
1926 
1927 
1928 2422 
1929 2356 
1930 4944 
1931 
1932 
1933 
1934 
1935 
1936 
1937 
1938 
1939 
1940 
1941 
1942 
1943 
1944 1973 
1945 2046 2231 
1946 
1947 
1948 
1949 
1950 
1951 
1952 
1953 
1954 
1955 
1956 3154 
1957 
1958 2050 
1959 2014 3946 
1960 
1961 2346 
1962 
1963 2362 
1964 
1965 
1966 2094 
1967 
1968 
1969 2352 2466 
1970 
1971 2208 4491 
1972 
1973 
1974 
1975 
1976 2356 
1977 2235 
1978 
1979 2333 2496 
1980 
1981 
1982 2042 2402 
1983 
1984 
1985 2493 
1986 
1987 
1988 2220 
1989 
1990 2305 
1991 2092 
1992 
1993 
1994 
1995 
1996 
1997 
1998 
1999 
2000 2246 
2001 
2002 2435 
2003 2455 
2004 
2005 
2006 2243 
2007 
2008 
2009 2969 
2010 2464 
2011 2372 4927 
2012 
2013 
2014 
2015 
2016 2155 
2017 
2018 
2019 
2020 4372 
2021 2027 
2022 
2023 
2024 2242 
2025 
2026 
2027 
2028 
2029 2218 
2030 2464 
2031 4605 
2032 
2033 2135 
2034 
2035 
2036 
2037 
2038 
2039 
2040 
2041 2481 
2042 
2043 
2044 
2045 
2046 4740 
2047 2098 
2048 
2049 
2050 3586 
2051 
2052 
2053 
2054 
2055 
2056 
2057 2374 
2058 
2059 
2060 2474 
2061 2421 
2062 
2063 
2064 2255 
2065 
2066 
2067 
2068 
2069 
2070 2388 
2071 
2072 
2073 
2074 2268 
2075 3982 
2076 
2077 
2078 
2079 
2080 
2081 3007 
2082 
2083 
2084 2862 3155 
2085 
2086 
2087 
2088 2190 2404 
2089 
2090 
2091 
2092 
2093 2178 
2094 2166 
2095 
2096 2119 2497 
2097 
2098 
2099 
2100 2179 
2101 
2102 2341 
2103 2172 
2104 
2105 
2106 
2107 2335 
2108 2499 
2109 
2110 2496 
2111 
2112 2635 
2113 3266 
2114 
2115 3768 
2116 
2117 4325 
2118 
2119 
2120 
2121 
2122 
2123 
2124 
2125 
2126 4490 
2127 2314 
2128 
2129 
2130 
2131 
2132 
2133 
2134 
2135 
2136 3320 3637 
2137 
2138 
2139 
2140 
2141 3663 
2142 
2143 
2144 
2145 
2146 
2147 2397 
2148 
2149 
2150 
2151 2228 
2152 2437 
2153 3065 4417 
2154 
2155 
2156 
2157 2390 
2158 
2159 
2160 
2161 
2162 2422 
2163 
2164 
2165 3419 
2166 
2167 
2168 2380 2483 
2169 
2170 
2171 2197 
2172 2228 
2173 
2174 
2175 
2176 2923 
2177 
2178 
2179 
2180 2209 2228 
2181 
2182 
2183 
2184 
2185 
2186 
2187 
2188 
2189 
2190 
2191 
2192 2581 
2193 
2194 
2195 3278 
2196 
2197 
2198 
2199 2614 
2200 
2201 
2202 2381 3367 
2203 2492 
2204 3024 
2205 
2206 
2207 
2208 
2209 4868 
2210 
2211 
2212 
2213 
2214 
2215 
2216 
2217 
2218 
2219 3169 
2220 2259 2678 
2221 2394 
2222 
2223 
2224 
2225 
2226 
2227 
2228 
2229 
2230 
2231 
2232 
2233 2997 
2234 
2235 
2236 
2237 
2238 
2239 
2240 3279 
2241 
2242 4092 
2243 4232 
2244 
2245 
2246 
2247 
2248 4029 
2249 2299 
2250 2892 
2251 
2252 
2253 
2254 
2255 
2256 2435 3933 
2257 
2258 2304 
2259 
2260 
2261 
2262 
2263 
2264 2471 
2265 
2266 2320 
2267 2367 
2268 
2269 
2270 2446 
2271 
2272 2454 
2273 3921 
2274 
2275 
2276 
2277 2318 
2278 
2279 4819 
2280 
2281 
2282 
2283 
2284 
2285 2316 
2286 
2287 
2288 
2289 
2290 2376 
2291 2492 
2292 
2293 2378 2423 
2294 2391 
2295 
2296 2344 
2297 
2298 
2299 
2300 
2301 
2302 
2303 4134 
2304 2330 2344 3213 
2305 
2306 
2307 
2308 
2309 
2310 2354 
2311 
2312 
2313 
2314 
2315 
2316 
2317 4590 
2318 
2319 
2320 
2321 
2322 
2323 
2324 
2325 4825 
2326 
2327 2410 2498 4917 
2328 4055 
2329 
2330 
2331 
2332 2389 3575 
2333 
2334 
2335 2351 
2336 
2337 
2338 
2339 
2340 2436 
2341 
2342 
2343 2414 4910 
2344 
2345 2411 
2346 2893 
2347 
2348 2466 
2349 
2350 2491 
2351 
2352 
2353 
2354 3376 
2355 
2356 
2357 
2358 
2359 
2360 
2361 
2362 
2363 
2364 
2365 
2366 4708 
2367 
2368 
2369 
2370 
2371 
2372 
2373 
2374 
2375 
2376 
2377 2704 
2378 
2379 
2380 
2381 
2382 3285 4458 
2383 
2384 
2385 
2386 
2387 2486 4011 
2388 
2389 
2390 
2391 
2392 
2393 
2394 
2395 
2396 
2397 
2398 
2399 
2400 
2401 
2402 
2403 
2404 
2405 
2406 
2407 4687 
2408 
2409 
2410 2468 4054 
2411 
2412 
2413 
2414 
2415 
2416 4645 
2417 
2418 
2419 
2420 
2421 
2422 3913 
2423 
2424 
2425 
2426 
2427 
2428 
2429 
2430 
2431 
2432 
2433 3719 
2434 
2435 2967 
2436 2566 
2437 2811 
2438 
2439 4071 
2440 
2441 
2442 
2443 
2444 
2445 
2446 
2447 
2448 
2449 
2450 4377 
2451 2497 
2452 2665 
2453 
2454 
2455 
2456 
2457 
2458 3815 
2459 
2460 
2461 
2462 
2463 4050 
2464 
2465 4854 
2466 
2467 
2468 
2469 
2470 4806 
2471 
2472 
2473 
2474 
2475 
2476 
2477 
2478 4927 
2479 
2480 
2481 
2482 3543 
2483 3431 
2484 
2485 
2486 
2487 
2488 4013 
2489 
2490 
2491 
2492 
2493 
2494 
2495 
2496 
2497 
2498 
2499 
2500 4139 4684 4721 
2501 3180 
2502 3798 4971 
2503 
2504 
2505 2815 3912 
2506 4099 4712 
2507 4042 
2508 3514 
2509 4168 4658 
2510 3351 
2511 
2512 
2513 4534 
2514 2763 4485 
2515 3913 4151 
2516 
2517 2629 3671 4065 
2518 3813 
2519 
2520 3918 4802 
2521 3977 3979 
2522 
2523 4814 
2524 3096 3425 4048 
2525 
2526 4001 
2527 4335 4523 
2528 2835 3386 3882 4954 
2529 3395 
2530 4262 4385 
2531 3524 
2532 
2533 2971 3105 
2534 3278 3406 3684 4735 
2535 4743 
2536 4860 
2537 4067 
2538 4194 
2539 3895 
2540 3420 3667 4167 
2541 4219 4750 
2542 2899 3139 3258 
2543 3055 3822 3833 
2544 4039 4757 
2545 4071 4097 
2546 3463 
2547 3050 
2548 3237 
2549 3022 4237 4776 
2550 3150 
2551 3352 3498 3920 
2552 4407 
2553 
2554 3393 
2555 2976 
2556 2724 4959 
2557 3508 3812 
2558 2685 2704 
2559 2734 3875 
2560 
2561 4314 
2562 4313 4570 
2563 3103 3416 3957 
2564 
2565 3678 3877 
2566 2981 3510 
2567 
2568 2641 4966 
2569 2689 3256 4635 
2570 3218 3525 3541 
2571 2608 
2572 2794 3066 3753 4328 
2573 3213 3636 
2574 2911 
2575 
2576 2596 3874 4734 
2577 2758 
2578 2614 2943 4173 
2579 4351 
2580 
2581 3027 3519 
2582 3207 3994 4410 4433 
2583 3585 4442 
2584 3386 4522 
2585 4471 
2586 4439 
2587 3142 3312 3505 4879 
2588 3823 3990 4428 4993 
2589 3256 3280 
2590 
2591 3822 
2592 
2593 2979 3197 
2594 2643 2928 3670 
2595 3573 
2596 
2597 3407 4466 
2598 2941 2996 3103 3170 
2599 4803 
2600 3594 
2601 3065 3166 3525 4070 
2602 
2603 3281 4173 
2604 
2605 
2606 
2607 
2608 
2609 2622 
2610 
2611 3012 
2612 
2613 3866 
2614 2749 
2615 3432 4426 
2616 3540 4363 4818 
2617 3333 4416 
2618 3708 4677 4760 
2619 3964 
2620 3366 3917 
2621 2852 3819 
2622 4206 4699 
2623 2971 3401 
2624 2974 3320 
2625 2872 
2626 4783 
2627 4461 4776 
2628 4426 
2629 4524 
2630 
2631 2858 3534 4352 
2632 2966 4169 
2633 
2634 3998 4584 
2635 3241 3699 4677 
2636 
2637 
2638 
2639 3555 4786 
2640 3225 
2641 3662 4014 
2642 2850 
2643 3020 3379 
2644 4257 
2645 
2646 
2647 3150 3387 4010 
2648 
2649 3020 
2650 
2651 
2652 2655 
2653 2673 3028 
2654 3130 3682 4555 
2655 2916 4495 
2656 3054 3360 3403 4104 
2657 
2658 
2659 
2660 3249 
2661 
2662 3807 3906 4194 
2663 
2664 3000 
2665 4125 
2666 3343 4591 
2667 3555 
2668 
2669 4443 
2670 2925 3179 3357 
2671 2999 3544 3782 4642 
2672 3559 
2673 3466 4916 
2674 
2675 4879 
2676 3630 3811 
2677 3767 4794 4807 
2678 
2679 4339 
2680 4659 
2681 4378 4873 
2682 2916 
2683 2814 
2684 3860 4039 
2685 2903 3667 
2686 3691 
2687 2689 
2688 4220 4301 4772 
2689 3778 
2690 3070 
2691 3572 4326 
2692 3883 4147 
2693 3047 3860 4851 
2694 2998 4474 
2695 
2696 2810 3622 
2697 4191 4637 
2698 3144 
2699 
2700 
2701 2928 3838 3947 4640 
2702 2732 
2703 4618 4666 
2704 2710 
2705 4539 
2706 
2707 4747 
2708 3052 3310 3474 4965 
2709 
2710 3837 4811 
2711 
2712 2830 3567 3816 4470 
2713 
2714 4457 4522 
2715 3338 3755 
2716 4412 4558 
2717 4955 
2718 
2719 4961 
2720 3647 3900 4858 
2721 2812 4441 4757 
2722 4691 
2723 4539 4714 
2724 3313 4880 
2725 3809 4225 
2726 4282 
2727 
2728 3352 
2729 3700 4745 
2730 2767 3330 3557 
2731 3513 4815 
2732 3025 
2733 
2734 4982 
2735 2825 3143 4537 
2736 3612 4358 
2737 3716 
2738 
2739 3044 4975 
2740 
2741 
2742 4963 
2743 3786 
2744 4698 
2745 2823 3982 
2746 3297 4786 
2747 4600 4765 
2748 2796 4591 
2749 4077 4533 
2750 4651 
2751 2950 4267 
2752 3350 3969 3992 
2753 3116 3471 3541 4398 4846 
2754 3080 
2755 2774 2775 3078 4706 
2756 3713 4524 
2757 2828 
2758 4176 4663 
2759 
2760 
2761 2953 4969 
2762 3548 
2763 2876 3386 
2764 4382 
2765 4205 4456 
2766 4313 4493 
2767 4615 
2768 
2769 
2770 4172 4244 4599 4938 
2771 3100 4894 
2772 4211 
2773 
2774 3608 4359 
2775 4385 4738 
2776 
2777 4516 
2778 3129 3885 4211 
2779 4956 
2780 3158 3574 
2781 3081 3177 
2782 4576 
2783 
2784 4294 4377 
2785 4535 
2786 
2787 
2788 4872 4968 
2789 4418 
2790 3028 3427 
2791 3323 4692 
2792 
2793 3605 
2794 3734 3982 4101 4367 4829 
2795 
2796 3346 4722 4797 
2797 4310 
2798 
2799 4978 
2800 
2801 4538 
2802 3849 
2803 
2804 
2805 
2806 
2807 3916 4410 
2808 
2809 
2810 3131 
2811 
2812 2994 3080 4248 4262 4660 4976 
2813 4506 
2814 
2815 3263 
2816 
2817 3361 3628 
2818 
2819 
2820 
2821 3205 4972 
2822 3062 4081 
2823 4442 
2824 3229 4884 
2825 4063 4507 4921 
2826 3035 3048 3253 3977 4006 
2827 3358 3930 
2828 3522 3712 
2829 4022 4279 
2830 3994 
2831 
2832 
2833 4013 
2834 3610 4605 
2835 
2836 3037 3525 3622 
2837 3523 
2838 3184 4646 
2839 2869 3245 4610 
2840 4505 
2841 3917 4287 
2842 
2843 3108 4371 4487 4902 
2844 2910 3038 3049 4619 
2845 3799 
2846 3531 3915 
2847 4166 
2848 4598 
2849 3145 3724 4119 
2850 3621 4963 
2851 3352 
2852 3632 
2853 
2854 
2855 3551 4961 
2856 3037 3697 4309 
2857 4933 
2858 2911 3742 
2859 4973 
2860 3496 4063 4101 
2861 4913 
2862 3507 4317 4341 
2863 3621 
2864 3698 4911 
2865 3424 4529 
2866 3249 3681 3923 
2867 
2868 3705 
2869 3944 4633 
2870 3074 4740 
2871 2914 4389 4877 
2872 
2873 4259 
2874 3210 
2875 4341 
2876 4049 
2877 
2878 
2879 3976 
2880 4915 
2881 2925 4000 
2882 
2883 3058 4097 
2884 2914 
2885 3053 3946 4262 4439 
2886 3076 3409 
2887 3587 
2888 4099 4179 
2889 3564 3700 4067 
2890 
2891 3372 4846 
2892 
2893 3719 
2894 
2895 3049 
2896 4778 
2897 4859 
2898 3123 4404 4660 
2899 3822 4396 4835 
2900 3257 4212 4685 
2901 2911 3852 
2902 
2903 4189 
2904 4216 4938 
2905 
2906 
2907 4819 
2908 3253 
2909 3781 4403 4798 
2910 3948 4360 
2911 4888 
2912 3517 3820 
2913 3017 
2914 
2915 3520 
2916 
2917 4770 
2918 3141 3145 4682 
2919 2979 3616 
2920 4466 4862 
2921 
2922 
2923 
2924 3997 
2925 4180 4706 
2926 3698 
2927 3412 
2928 4434 
2929 
2930 2933 4158 4716 
2931 2958 4993 
2932 
2933 3112 
2934 3364 3656 
2935 
2936 
2937 3156 4466 4730 
2938 3383 3840 4096 
2939 3248 3760 4915 
2940 4062 4442 
2941 
2942 3767 4310 
2943 
2944 3429 
2945 3290 4274 4420 
2946 
2947 4071 
2948 
2949 4718 
2950 3132 3984 4351 
2951 3009 3526 3994 4427 4841 
2952 3390 3729 4069 4403 
2953 4820 
2954 3242 
2955 
2956 3468 4133 
2957 
2958 3693 
2959 3444 
2960 3175 3581 4111 4866 
2961 3001 4534 
2962 4633 
2963 4363 
2964 3335 3625 
2965 4334 4964 
2966 3534 3554 
2967 
2968 2976 3071 3696 
2969 4806 
2970 3787 
2971 4815 4867 
2972 
2973 3897 
2974 
2975 3952 
2976 3113 3363 4639 
2977 
2978 3310 
2979 2983 4006 
2980 4989 
2981 
2982 4533 
2983 3526 
2984 3337 3356 
2985 3230 3460 
2986 3206 3630 4862 
2987 3755 4158 4980 
2988 3516 
2989 
2990 4561 
2991 
2992 3304 3691 4275 
2993 3819 
2994 
2995 
2996 3567 3879 3977 4106 
2997 4663 
2998 
2999 3089 3507 4055 4772 4795 
3000 3256 3637 3855 4116 4967 
3001 3367 4925 
3002 3163 
3003 3559 4366 4693 
3004 
3005 4832 4931 
3006 
3007 
3008 
3009 
3010 
3011 4716 
3012 
3013 3217 4398 
3014 3956 
3015 
3016 3415 
3017 4417 
3018 
3019 
3020 3483 
3021 3227 
3022 
3023 
3024 3358 3924 4466 
3025 3038 3585 4960 
3026 3289 
3027 4460 4562 
3028 3817 4000 4740 4809 
3029 3324 
3030 
3031 
3032 3276 
3033 4328 
3034 4860 
3035 3988 4038 4795 
3036 3732 4896 4935 
3037 
3038 3106 3612 4687 
3039 3858 4408 
3040 
3041 
3042 3268 
3043 4466 4591 4910 
3044 4180 4662 
3045 3315 4019 
3046 
3047 
3048 3447 4788 
3049 3280 4059 
3050 3536 4689 
3051 3110 4441 4979 
3052 4104 4328 
3053 3846 4315 4699 
3054 3785 
3055 3440 4164 
3056 3203 3607 
3057 4602 
3058 4397 
3059 4000 
3060 3622 4671 
3061 
3062 
3063 4121 
3064 4414 
3065 3375 4766 
3066 3213 
3067 3299 
3068 4216 4938 
3069 
3070 
3071 3322 3420 4812 
3072 3464 4048 
3073 
3074 4386 
3075 
3076 3830 4635 
3077 3160 4338 
3078 4806 
3079 3721 4356 
3080 
3081 4774 
3082 3927 3954 
3083 3172 
3084 3483 3945 
3085 3565 4974 
3086 
3087 
3088 3900 4182 4840 
3089 3353 4191 
3090 3747 4973 
3091 4041 4455 4630 
3092 3739 
3093 4507 4623 
3094 3503 4561 
3095 4333 
3096 
3097 3495 3790 4108 4962 
3098 
3099 3196 4998 
3100 
3101 
3102 3220 4549 4965 
3103 3882 4499 
3104 3664 3792 
3105 3124 3750 3887 4135 
3106 3278 
3107 4023 
3108 
3109 4088 
3110 
3111 4948 
3112 
3113 
3114 3316 3611 4868 
3115 4500 
3116 3422 
3117 
3118 
3119 3187 4721 
3120 
3121 4431 
3122 
3123 
3124 
3125 
3126 4003 
3127 3603 4911 
3128 
3129 4242 
3130 3555 
3131 
3132 4706 
3133 4721 
3134 
3135 3769 
3136 3222 4604 
3137 3531 3612 3811 
3138 4626 4692 
3139 3947 4006 
3140 4634 
3141 3416 3731 
3142 3355 3521 
3143 
3144 4324 
3145 3884 3966 
3146 4522 4805 
3147 
3148 
3149 3411 3882 3984 
3150 3345 3854 
3151 3816 
3152 
3153 
3154 
3155 4589 
3156 
3157 
3158 4220 
3159 4167 
3160 3303 3721 
3161 4475 
3162 
3163 3919 4130 
3164 3527 3929 3977 
3165 3921 
3166 3237 4063 
3167 
3168 3253 
3169 4229 
3170 3325 4810 
3171 
3172 3258 
3173 
3174 
3175 4150 
3176 
3177 3963 
3178 3662 
3179 4257 
3180 3814 3989 
3181 3938 
3182 
3183 4233 
3184 
3185 3610 
3186 
3187 
3188 
3189 3614 4352 
3190 
3191 3497 3651 
3192 
3193 
3194 4665 
3195 3247 4070 
3196 
3197 3331 
3198 
3199 3558 3920 
3200 
3201 3552 4786 
3202 
3203 3666 3682 
3204 3381 3744 
3205 4132 
3206 4358 
3207 
3208 4239 
3209 4211 4361 
3210 3432 
3211 
3212 
3213 3673 4683 
3214 4045 
3215 
3216 3899 
3217 3484 4180 4533 4950 
3218 4054 4520 
3219 
3220 3361 3493 
3221 4289 
3222 3563 4850 
3223 4278 
3224 3908 
3225 
3226 
3227 3377 
3228 3321 
3229 
3230 
3231 4489 
3232 3640 
3233 3830 4598 
3234 4558 4820 
3235 
3236 
3237 3355 3540 3602 
3238 
3239 4137 4426 
3240 4940 
3241 3868 3998 
3242 
3243 3913 
3244 
3245 3667 3842 
3246 3800 
3247 
3248 3625 4668 
3249 
3250 
3251 
3252 
3253 3372 
3254 3836 
3255 
3256 3591 
3257 3420 
3258 3318 4487 
3259 
3260 
3261 3488 3864 4546 
3262 4891 
3263 
3264 3759 
3265 3433 4155 4933 
3266 
3267 3901 4071 4919 
3268 3931 4285 4446 
3269 
3270 3600 4579 
3271 4114 4711 
3272 
3273 4233 
3274 4287 
3275 
3276 4641 
3277 
3278 4193 
3279 3709 4372 4389 
3280 3855 4992 
3281 4148 
3282 
3283 4282 
3284 
3285 
3286 
3287 3402 
3288 
3289 3557 
3290 
3291 4063 
3292 3621 3955 
3293 3452 
3294 3611 3638 
3295 3416 3956 
3296 4064 
3297 3720 
3298 3731 3897 4515 
3299 3342 4468 
3300 4148 
3301 3437 4129 
3302 3897 4832 
3303 4966 
3304 4182 
3305 3853 
3306 
3307 4375 
3308 4675 4731 
3309 3509 4747 4969 
3310 3773 
3311 4061 
3312 4679 
3313 
3314 
3315 
3316 
3317 
3318 
3319 3900 4311 
3320 
3321 3660 
3322 
3323 4881 
3324 4160 
3325 
3326 3947 
3327 4722 
3328 4353 
3329 
3330 3745 3835 
3331 3961 
3332 4967 
3333 4034 4879 
3334 4175 4315 
3335 3469 3592 
3336 4080 
3337 
3338 3463 3896 4398 4853 
3339 
3340 4053 
3341 3909 
3342 
3343 4912 
3344 3831 4107 
3345 3428 
3346 
3347 
3348 
3349 
3350 
3351 
3352 
3353 3767 3852 
3354 
3355 3380 
3356 3690 
3357 
3358 3878 
3359 4381 
3360 
3361 4039 
3362 
3363 
3364 
3365 
3366 
3367 3691 
3368 
3369 
3370 3896 
3371 3770 4635 
3372 
3373 
3374 4249 
3375 
3376 
3377 4317 
3378 4147 
3379 3480 4713 
3380 4254 
3381 
3382 4561 
3383 3538 
3384 4160 4873 
3385 4691 
3386 
3387 4062 4608 
3388 3801 
3389 4244 
3390 4200 
3391 
3392 
3393 3575 
3394 4141 
3395 3589 3952 4434 4480 
3396 4854 
3397 3431 3673 3849 3881 
3398 
3399 4960 
3400 4249 4415 
3401 3667 4174 4384 
3402 
3403 
3404 3808 4419 
3405 
3406 4641 
3407 3965 
3408 
3409 
3410 
3411 3648 4459 
3412 4059 
3413 
3414 4565 
3415 
3416 
3417 3427 
3418 3881 
3419 3510 3970 4738 
3420 3764 4232 
3421 
3422 
3423 4202 
3424 
3425 3502 4107 
3426 3589 
3427 3711 4806 
3428 3861 4968 
3429 
3430 4954 
3431 
3432 3495 4697 
3433 
3434 4666 
3435 3870 4137 
3436 
3437 3681 
3438 3572 4611 
3439 4400 
3440 
3441 
3442 4026 4241 4243 
3443 3667 4132 
3444 4527 
3445 3586 
3446 
3447 
3448 4689 
3449 4250 
3450 3870 
3451 4303 4477 
3452 
3453 
3454 
3455 
3456 4475 
3457 
3458 4441 4955 4964 
3459 
3460 
3461 3635 3717 
3462 4015 
3463 3798 
3464 3509 
3465 3623 
3466 3976 4143 
3467 
3468 
3469 3972 
3470 
3471 
3472 4728 
3473 4390 
3474 4084 
3475 
3476 3714 
3477 3675 4901 
3478 4891 
3479 
3480 3972 4411 
3481 4956 
3482 4550 4699 
3483 
3484 4361 4996 
3485 
3486 
3487 
3488 3685 
3489 
3490 
3491 
3492 
3493 4204 4404 
3494 
3495 
3496 3836 
3497 
3498 4720 4844 
3499 
3500 
3501 
3502 
3503 4579 
3504 3688 3810 
3505 
3506 4264 
3507 4435 
3508 4636 
3509 
3510 4122 4190 
3511 3720 3723 4530 4840 
3512 3921 
3513 3567 
3514 3739 4266 
3515 4596 4794 
3516 4833 
3517 4937 
3518 
3519 3630 4469 
3520 
3521 
3522 
3523 3602 
3524 4352 
3525 
3526 4502 
3527 
3528 
3529 
3530 
3531 4310 
3532 3982 4740 
3533 4660 
3534 4919 
3535 4271 
3536 4393 
3537 3627 4592 
3538 
3539 
3540 4627 
3541 
3542 
3543 3752 
3544 3735 
3545 4785 
3546 
3547 3850 
3548 
3549 3949 
3550 3666 
3551 3563 
3552 3976 4696 
3553 4055 4522 4791 
3554 3697 
3555 3988 4441 
3556 3923 
3557 
3558 4852 
3559 4437 
3560 3875 
3561 4248 4342 
3562 4107 
3563 
3564 
3565 3881 4770 
3566 4478 
3567 3941 
3568 4416 
3569 4896 
3570 
3571 4229 4470 
3572 4566 4722 
3573 
3574 4734 
3575 4811 
3576 
3577 3977 4060 4368 4629 
3578 4131 
3579 3772 
3580 
3581 
3582 
3583 
3584 4653 
3585 
3586 
3587 3705 4440 4979 
3588 4815 
3589 
3590 
3591 
3592 
3593 
3594 4494 4915 
3595 4449 4805 4943 
3596 
3597 3915 4768 
3598 
3599 
3600 3604 4353 
3601 
3602 3775 
3603 
3604 
3605 
3606 4325 4353 
3607 
3608 
3609 3826 4619 
3610 3805 
3611 3952 
3612 
3613 
3614 
3615 4606 
3616 4475 4703 
3617 4874 
3618 4066 4928 
3619 4386 4740 
3620 4274 
3621 
3622 4168 4721 
3623 4777 
3624 4185 4626 
3625 4828 
3626 
3627 4746 
3628 3755 4221 4924 
3629 4349 
3630 
3631 3708 
3632 4752 
3633 4241 
3634 
3635 4448 
3636 
3637 
3638 
3639 4844 
3640 
3641 
3642 
3643 3832 
3644 4971 
3645 4060 
3646 
3647 
3648 
3649 3784 3974 
3650 
3651 
3652 4257 4301 
3653 4133 
3654 
3655 
3656 3795 
3657 4495 
3658 3811 4548 4711 
3659 
3660 3936 
3661 
3662 4546 
3663 
3664 3839 4099 4480 4573 
3665 3966 4600 4645 4652 
3666 
3667 4156 
3668 
3669 4625 4733 
3670 4031 
3671 
3672 3937 
3673 4438 
3674 
3675 4210 
3676 3903 
3677 
3678 3836 
3679 4454 4493 
3680 3733 4010 
3681 4068 
3682 4262 
3683 3961 4345 4468 4747 
3684 4144 4688 4753 
3685 
3686 4149 4566 
3687 
3688 
3689 3920 3947 4928 
3690 
3691 4134 
3692 
3693 
3694 
3695 4779 
3696 
3697 
3698 
3699 4306 4419 
3700 4543 
3701 4396 
3702 
3703 3799 4285 
3704 
3705 3860 
3706 3835 4839 
3707 4974 
3708 
3709 4094 
3710 
3711 
3712 4046 4877 
3713 
3714 4552 4821 4880 
3715 
3716 
3717 4240 
3718 4914 
3719 
3720 
3721 
3722 
3723 
3724 
3725 3981 
3726 4446 4669 4712 
3727 
3728 4229 
3729 
3730 4210 
3731 4028 4493 
3732 
3733 4263 4392 
3734 4484 4987 
3735 4621 
3736 
3737 
3738 
3739 4431 4646 
3740 3868 4441 
3741 4364 4977 
3742 4628 4879 
3743 4494 4689 
3744 4612 
3745 4606 
3746 4756 
3747 4543 
3748 
3749 4158 4264 4533 
3750 
3751 
3752 4129 4159 4973 
3753 
3754 
3755 4048 
3756 4578 
3757 4447 
3758 
3759 3946 
3760 
3761 
3762 
3763 
3764 4140 
3765 
3766 
3767 
3768 
3769 
3770 4243 4364 
3771 3845 4215 4788 
3772 
3773 
3774 
3775 
3776 4408 
3777 4696 
3778 
3779 4140 
3780 4566 4982 
3781 3974 
3782 3800 
3783 3913 4146 
3784 4359 4377 4811 
3785 
3786 
3787 
3788 4400 
3789 
3790 
3791 
3792 
3793 4247 
3794 3837 
3795 3955 4967 
3796 
3797 3879 4645 
3798 
3799 4392 
3800 
3801 
3802 4450 
3803 
3804 
3805 
3806 3821 4187 
3807 
3808 3880 4166 
3809 
3810 
3811 
3812 
3813 3816 
3814 
3815 
3816 4093 
3817 
3818 
3819 4686 
3820 
3821 4779 
3822 4424 
3823 
3824 
3825 4029 
3826 4522 
3827 4307 
3828 3927 
3829 
3830 4938 
3831 
3832 
3833 3896 4938 4965 
3834 4430 
3835 
3836 
3837 4310 4923 
3838 
3839 
3840 
3841 
3842 4453 4952 
3843 3919 
3844 
3845 4029 
3846 4660 
3847 4742 
3848 3900 4696 
3849 
3850 
3851 
3852 4997 
3853 
3854 3954 
3855 4494 
3856 4922 
3857 
3858 4063 4344 
3859 4383 
3860 
3861 4485 4556 
3862 
3863 
3864 
3865 3913 
3866 
3867 
3868 
3869 3916 4674 
3870 4056 4277 
3871 
3872 4788 
3873 3925 
3874 
3875 
3876 4052 4478 
3877 
3878 
3879 
3880 3952 4150 4541 
3881 4420 4493 4721 4827 
3882 
3883 4567 
3884 4055 
3885 4609 
3886 
3887 
3888 4123 4702 4720 
3889 4697 
3890 
3891 
3892 
3893 
3894 
3895 
3896 
3897 
3898 
3899 4051 
3900 4657 
3901 
3902 4350 
3903 
3904 4720 
3905 
3906 4920 
3907 
3908 4425 
3909 4134 4736 
3910 
3911 4563 
3912 3919 4874 
3913 
3914 
3915 4014 4915 
3916 4629 
3917 
3918 4922 
3919 
3920 
3921 
3922 
3923 
3924 4157 4245 
3925 4106 4976 
3926 4252 
3927 4028 
3928 
3929 
3930 4484 
3931 
3932 
3933 
3934 4940 4948 
3935 4790 
3936 4389 4525 
3937 
3938 4318 
3939 
3940 
3941 4254 
3942 4504 
3943 
3944 
3945 
3946 
3947 
3948 
3949 
3950 4798 
3951 4874 
3952 4289 
3953 4625 
3954 4448 
3955 
3956 4447 
3957 
3958 4724 
3959 4882 
3960 4498 
3961 
3962 4317 4711 
3963 
3964 
3965 
3966 
3967 
3968 
3969 
3970 
3971 
3972 4187 
3973 4044 
3974 
3975 4231 
3976 4297 4899 
3977 4467 
3978 4108 4781 
3979 4175 
3980 4425 
3981 4523 
3982 4245 
3983 4111 4689 
3984 
3985 4696 
3986 4791 
3987 
3988 4894 
3989 4376 
3990 4086 
3991 
3992 
3993 
3994 4849 
3995 4644 
3996 
3997 
3998 
3999 4052 
4000 
4001 
4002 
4003 
4004 4507 
4005 4413 
4006 4048 4407 
4007 
4008 4054 4136 
4009 
4010 
4011 4042 
4012 4467 
4013 4671 
4014 
4015 4790 
4016 4542 
4017 4638 
4018 
4019 
4020 
4021 4246 
4022 4409 
4023 
4024 4626 
4025 4665 
4026 
4027 
4028 
4029 
4030 4741 
4031 4802 
4032 4142 4970 
4033 
4034 
4035 
4036 4079 4607 
4037 
4038 4738 
4039 
4040 
4041 4953 
4042 
4043 
4044 4245 
4045 4174 
4046 4377 
4047 4390 
4048 4808 
4049 4872 
4050 
4051 
4052 
4053 
4054 4958 
4055 
4056 
4057 4725 
4058 
4059 
4060 
4061 
4062 
4063 
4064 
4065 
4066 
4067 
4068 
4069 4133 4697 
4070 4474 
4071 
4072 4293 
4073 
4074 4628 
4075 
4076 4303 4777 
4077 
4078 4157 
4079 
4080 4120 
4081 4520 
4082 
4083 
4084 4315 
4085 
4086 4908 
4087 4800 
4088 
4089 4981 
4090 4300 
4091 
4092 
4093 
4094 
4095 4597 
4096 
4097 
4098 4857 
4099 
4100 
4101 4403 4532 
4102 
4103 4478 
4104 
4105 
4106 
4107 
4108 4394 4533 4894 
4109 
4110 4547 
4111 
4112 
4113 
4114 4165 
4115 
4116 
4117 
4118 
4119 4141 4451 
4120 4214 4750 
4121 4808 
4122 
4123 4946 
4124 4812 
4125 
4126 
4127 
4128 
4129 
4130 4263 
4131 
4132 
4133 4941 
4134 
4135 
4136 
4137 
4138 
4139 4278 4928 
4140 
4141 4453 4652 
4142 
4143 4291 
4144 4343 
4145 
4146 
4147 
4148 
4149 4549 4675 
4150 4594 
4151 4739 
4152 4994 
4153 
4154 4580 
4155 
4156 
4157 
4158 
4159 4780 4857 
4160 4743 4902 
4161 4802 
4162 
4163 4563 
4164 
4165 
4166 
4167 
4168 
4169 
4170 4943 
4171 
4172 
4173 
4174 
4175 
4176 
4177 
4178 4610 4631 
4179 
4180 
4181 4751 
4182 
4183 4401 4458 
4184 4491 
4185 
4186 4917 
4187 
4188 4358 4540 
4189 
4190 4606 
4191 
4192 
4193 
4194 
4195 
4196 4721 
4197 
4198 
4199 
4200 
4201 
4202 
4203 
4204 
4205 
4206 4514 
4207 
4208 
4209 4345 
4210 4661 
4211 
4212 4960 
4213 
4214 
4215 
4216 
4217 
4218 
4219 
4220 
4221 4474 
4222 4223 
4223 4346 
4224 
4225 
4226 4553 
4227 
4228 
4229 4876 
4230 4336 
4231 4676 4730 
4232 
4233 
4234 
4235 
4236 4923 
4237 4409 4950 
4238 
4239 
4240 
4241 
4242 4383 4930 
4243 
4244 
4245 
4246 
4247 4832 
4248 
4249 
4250 4976 
4251 
4252 4507 
4253 4463 4746 
4254 
4255 
4256 
4257 4753 
4258 4817 
4259 
4260 4474 
4261 4899 
4262 
4263 4686 
4264 
4265 4627 
4266 4593 
4267 4808 
4268 
4269 
4270 
4271 
4272 
4273 
4274 
4275 
4276 4793 
4277 
4278 4630 
4279 4621 
4280 4743 
4281 4899 
4282 
4283 4781 
4284 
4285 
4286 
4287 
4288 4585 
4289 4456 4712 
4290 4785 
4291 
4292 4528 
4293 4692 
4294 
4295 4903 
4296 
4297 4331 
4298 
4299 4515 4549 
4300 
4301 
4302 
4303 
4304 
4305 
4306 4381 
4307 4540 
4308 
4309 4900 4979 
4310 
4311 
4312 
4313 
4314 4568 
4315 
4316 
4317 4634 
4318 
4319 4350 
4320 4899 
4321 
4322 
4323 
4324 
4325 
4326 4579 
4327 
4328 4765 
4329 
4330 
4331 
4332 
4333 
4334 
4335 4802 
4336 4429 
4337 
4338 
4339 4591 4968 
4340 4685 4730 
4341 
4342 4382 4431 
4343 4807 4824 
4344 4463 4687 
4345 
4346 
4347 4430 
4348 4737 
4349 4556 
4350 4525 4617 
4351 4504 
4352 4987 
4353 
4354 
4355 
4356 
4357 
4358 
4359 
4360 
4361 
4362 4895 
4363 
4364 
4365 
4366 
4367 4762 
4368 
4369 
4370 
4371 
4372 
4373 4782 
4374 
4375 
4376 4391 
4377 
4378 4593 4799 
4379 4698 
4380 
4381 
4382 4749 
4383 
4384 
4385 4557 4999 
4386 
4387 4454 
4388 
4389 
4390 
4391 
4392 
4393 
4394 
4395 
4396 4960 
4397 
4398 4488 4957 
4399 4606 
4400 4844 
4401 
4402 
4403 4521 4533 
4404 
4405 4492 
4406 
4407 4672 4898 4941 
4408 
4409 
4410 4411 
4411 
4412 
4413 4697 
4414 
4415 
4416 
4417 4575 
4418 
4419 
4420 
4421 4956 
4422 4820 
4423 4985 
4424 
4425 4614 
4426 4965 
4427 4541 
4428 
4429 
4430 
4431 
4432 
4433 
4434 
4435 4923 
4436 4594 4711 
4437 
4438 4944 
4439 
4440 4901 
4441 
4442 
4443 4823 
4444 4483 4535 
4445 
4446 
4447 
4448 
4449 
4450 
4451 
4452 
4453 
4454 
4455 
4456 
4457 4477 4798 
4458 
4459 
4460 
4461 4736 4924 
4462 
4463 
4464 
4465 
4466 4780 4801 
4467 
4468 4935 
4469 
4470 4676 
4471 
4472 4765 
4473 
4474 
4475 
4476 
4477 
4478 
4479 
4480 
4481 4530 
4482 
4483 4848 
4484 
4485 
4486 
4487 
4488 4785 
4489 
4490 4629 
4491 
4492 4830 
4493 
4494 
4495 
4496 
4497 4576 
4498 4840 
4499 
4500 4611 
4501 
4502 
4503 
4504 
4505 
4506 
4507 
4508 4908 
4509 
4510 
4511 
4512 
4513 
4514 
4515 
4516 
4517 
4518 
4519 4799 
4520 4913 
4521 4546 
4522 
4523 
4524 
4525 4868 
4526 
4527 4692 
4528 4988 
4529 4738 
4530 
4531 
4532 
4533 
4534 
4535 
4536 4818 
4537 4541 
4538 
4539 
4540 
4541 4578 
4542 
4543 
4544 
4545 
4546 
4547 
4548 
4549 4555 
4550 
4551 
4552 
4553 
4554 4868 
4555 
4556 
4557 
4558 4695 
4559 4695 
4560 
4561 
4562 
4563 4757 
4564 
4565 4780 
4566 
4567 
4568 
4569 
4570 
4571 4810 
4572 
4573 
4574 
4575 
4576 4609 
4577 4993 
4578 
4579 
4580 
4581 
4582 
4583 
4584 
4585 
4586 
4587 
4588 4589 
4589 
4590 
4591 4606 
4592 4754 
4593 
4594 
4595 
4596 
4597 
4598 
4599 
4600 
4601 
4602 
4603 
4604 
4605 4959 
4606 
4607 
4608 
4609 
4610 
4611 
4612 
4613 
4614 
4615 4957 
4616 
4617 
4618 
4619 
4620 
4621 4843 
4622 
4623 
4624 
4625 
4626 
4627 4910 4991 
4628 
4629 
4630 
4631 
4632 
4633 
4634 
4635 4803 
4636 
4637 
4638 
4639 
4640 
4641 
4642 
4643 4898 4960 
4644 4917 
4645 
4646 
4647 
4648 
4649 
4650 
4651 
4652 
4653 
4654 
4655 
4656 
4657 
4658 
4659 
4660 
4661 
4662 
4663 
4664 
4665 4746 4976 
4666 
4667 4977 
4668 
4669 
4670 
4671 
4672 
4673 
4674 4858 
4675 4774 
4676 
4677 
4678 4790 
4679 
4680 
4681 
4682 
4683 
4684 
4685 
4686 
4687 
4688 4922 
4689 
4690 
4691 
4692 4742 4789 
4693 
4694 
4695 4906 
4696 
4697 
4698 
4699 
4700 
4701 
4702 
4703 
4704 
4705 
4706 
4707 
4708 
4709 
4710 
4711 
4712 
4713 
4714 
4715 
4716 
4717 
4718 
4719 
4720 4742 
4721 4893 
4722 
4723 4853 
4724 
4725 
4726 
4727 
4728 
4729 
4730 
4731 4861 
4732 
4733 
4734 
4735 
4736 
4737 
4738 
4739 
4740 
4741 
4742 
4743 
4744 
4745 4958 
4746 
4747 
4748 
4749 
4750 
4751 
4752 
4753 
4754 
4755 
4756 
4757 4835 
4758 
4759 
4760 
4761 
4762 
4763 
4764 
4765 
4766 4911 
4767 
4768 4936 
4769 
4770 
4771 
4772 
4773 
4774 
4775 
4776 
4777 
4778 
4779 4889 
4780 
4781 
4782 
4783 
4784 
4785 
4786 
4787 
4788 
4789 
4790 
4791 
4792 
4793 
4794 4962 
4795 
4796 
4797 
4798 
4799 
4800 
4801 4804 
4802 
4803 
4804 
4805 
4806 
4807 
4808 
4809 
4810 
4811 4984 
4812 
4813 
4814 4954 
4815 
4816 
4817 4864 
4818 
4819 
4820 
4821 
4822 
4823 
4824 
4825 
4826 
4827 
4828 
4829 
4830 
4831 4837 
4832 
4833 
4834 
4835 
4836 
4837 
4838 
4839 
4840 
4841 
4842 
4843 
4844 
4845 
4846 
4847 
4848 
4849 
4850 
4851 
4852 
4853 
4854 4855 
4855 
4856 
4857 4860 
4858 
4859 
4860 
4861 
4862 
4863 
4864 
4865 
4866 
4867 
4868 
4869 
4870 
4871 
4872 
4873 
4874 
4875 
4876 
4877 
4878 
4879 
4880 
4881 4920 
4882 
4883 
4884 
4885 
4886 
4887 
4888 
4889 
4890 
4891 
4892 
4893 
4894 
4895 
4896 
4897 
4898 
4899 4973 
4900 4914 
4901 
4902 
4903 
4904 4953 4980 
4905 
4906 
4907 
4908 
4909 
4910 4994 
4911 
4912 
4913 
4914 
4915 
4916 
4917 
4918 4976 
4919 
4920 
4921 
4922 
4923 
4924 
4925 
4926 
4927 
4928 
4929 
4930 
4931 
4932 
4933 
4934 
4935 
4936 
4937 
4938 
4939 
4940 
4941 
4942 
4943 
4944 
4945 
4946 
4947 
4948 
4949 
4950 4977 
4951 
4952 
4953 
4954 4995 
4955 
4956 
4957 
4958 
4959 
4960 
4961 
4962 
4963 
4964 
4965 
4966 
4967 
4968 
4969 
4970 
4971 
4972 
4973 
4974 
4975 
4976 
4977 
4978 
4979 
4980 
4981 
4982 
4983 
4984 
4985 
4986 
4987 
4988 
4989 
4990 
4991 
4992 
4993 
4994 
4995 
4996 
4997 
4998 
4999 
[0, 0, 0, 0, 0, 0, 0, 0, 0, 0, 0, 0, 0, 0, 0, 0, 0, 0, 0, 0, 0, 0, 0, 0, 0, 0, 0, 0, 0, 0, 0, 0, 0, 0, 0, 0, 0, 0, 0, 0, 0, 0, 0, 0, 0, 0, 0, 0, 0, 0, 0, 0, 0, 0, 0, 0, 0, 0, 0, 0, 0, 0, 0, 0, 0, 0, 0, 0, 0, 0, 0, 0, 0, 0, 0, 0, 0, 0, 0, 0, 0, 0, 0, 0, 0, 0, 0, 0, 0, 0, 0, 0, 0, 0, 0, 0, 0, 0, 0, 0, 0, 0, 0, 0, 0, 0, 0, 0, 0, 0, 0, 0, 0, 0, 0, 0, 0, 0, 0, 0, 0, 0, 0, 0, 0, 0, 0, 0, 0, 0, 0, 0, 0, 0, 0, 0, 0, 0, 0, 0, 0, 0, 0, 0, 0, 0, 0, 0, 0, 0, 0, 0, 0, 0, 0, 0, 0, 0, 0, 0, 0, 0, 0, 0, 0, 0, 0, 0, 0, 0, 0, 0, 0, 0, 0, 0, 0, 0, 0, 0, 0, 0, 0, 0, 0, 0, 0, 0, 0, 0, 0, 0, 0, 0, 0, 0, 0, 0, 0, 0, 0, 0, 0, 0, 0, 0, 0, 0, 0, 0, 0, 0, 0, 0, 0, 0, 0, 0, 0, 0, 0, 0, 0, 0, 0, 0, 0, 0, 0, 0, 0, 0, 0, 0, 0, 0, 0, 0, 0, 0, 0, 0, 0, 0, 0, 0, 0, 0, 0, 0, 0, 0, 0, 0, 0, 0, 0, 0, 0, 0, 0, 0, 0, 0, 0, 0, 0, 0, 0, 0, 0, 0, 0, 0, 0, 0, 0, 0, 0, 0, 0, 0, 0, 0, 0, 0, 0, 0, 0, 0, 0, 0, 0, 0, 0, 0, 0, 0, 0, 0, 0, 0, 0, 0, 0, 0, 0, 0, 0, 0, 0, 0, 0, 0, 0, 0, 0, 0, 0, 0, 0, 0, 0, 0, 0, 0, 0, 0, 0, 0, 0, 0, 0, 0, 0, 0, 0, 0, 0, 0, 0, 0, 0, 0, 0, 0, 0, 0, 0, 0, 0, 0, 0, 0, 0, 0, 0, 0, 0, 0, 0, 0, 0, 0, 0, 0, 0, 0, 0, 0, 0, 0, 0, 0, 0, 0, 0, 0, 0, 0, 0, 0, 0, 0, 0, 0, 0, 0, 0, 0, 0, 0, 0, 0, 0, 0, 0, 0, 0, 0, 0, 0, 0, 0, 0, 0, 0, 0, 0, 0, 0, 0, 0, 0, 0, 0, 0, 0, 0, 0, 0, 0, 0, 0, 0, 0, 0, 0, 0, 0, 0, 0, 0, 0, 0, 0, 0, 0, 0, 0, 0, 0, 0, 0, 0, 0, 0, 0, 0, 0, 0, 0, 0, 0, 0, 0, 0, 0, 0, 0, 0, 0, 0, 0, 0, 0, 0, 0, 0, 0, 0, 0, 0, 0, 0, 0, 0, 0, 0, 0, 0, 0, 0, 0, 0, 0, 0, 0, 0, 0, 0, 0, 0, 0, 0, 0, 0, 0, 0, 0, 0, 0, 0, 0, 0, 0, 0, 0, 0, 0, 0, 0, 0, 0, 0, 0, 0, 0, 0, 0, 0, 0, 0, 0, 0, 0, 0, 0, 0, 0, 0, 0, 0, 0, 0, 0, 0, 0, 0, 0, 0, 0, 0, 0, 0, 0, 0, 0, 0, 0, 0, 0, 0, 0, 0, 0, 0, 0, 0, 0, 0, 0, 0, 0, 0, 0, 0, 0, 0, 0, 0, 0, 0, 0, 0, 0, 0, 0, 0, 0, 0, 0, 0, 0, 0, 0, 0, 0, 0, 0, 0, 0, 0, 0, 0, 0, 0, 0, 0, 0, 0, 0, 0, 0, 0, 0, 0, 0, 0, 0, 0, 0, 0, 0, 0, 0, 0, 0, 0, 0, 0, 0, 0, 0, 0, 0, 0, 0, 0, 0, 0, 0, 0, 0, 0, 0, 0, 0, 0, 0, 0, 0, 0, 0, 0, 0, 0, 0, 0, 0, 0, 0, 0, 0, 0, 0, 0, 0, 0, 0, 0, 0, 0, 0, 0, 0, 0, 0, 0, 0, 0, 0, 0, 0, 0, 0, 0, 0, 0, 0, 0, 0, 0, 0, 0, 0, 0, 0, 0, 0, 0, 0, 0, 0, 0, 0, 0, 0, 0, 0, 0, 0, 0, 0, 0, 0, 0, 0, 0, 0, 0, 0, 0, 0, 0, 0, 0, 0, 0, 0, 0, 0, 0, 0, 0, 0, 0, 0, 0, 0, 0, 0, 0, 0, 0, 0, 0, 0, 0, 0, 0, 0, 0, 0, 0, 0, 0, 0, 0, 0, 0, 0, 0, 0, 0, 0, 0, 0, 0, 0, 0, 0, 0, 0, 0, 0, 0, 0, 0, 0, 0, 0, 0, 0, 0, 0, 0, 0, 0, 0, 0, 0, 0, 0, 0, 0, 0, 0, 0, 0, 0, 0, 0, 0, 0, 0, 0, 0, 0, 0, 0, 0, 0, 0, 0, 0, 0, 0, 0, 0, 0, 0, 0, 0, 0, 0, 0, 0, 0, 0, 0, 0, 0, 0, 0, 0, 0, 0, 0, 0, 0, 0, 0, 0, 0, 0, 0, 0, 0, 0, 0, 0, 0, 0, 0, 0, 0, 0, 0, 0, 0, 0, 0, 0, 0, 0, 0, 0, 0, 0, 0, 0, 0, 0, 0, 0, 0, 0, 0, 0, 0, 0, 0, 0, 0, 0, 0, 0, 0, 0, 0, 0, 0, 0, 0, 0, 0, 0, 0, 0, 0, 0, 0, 0, 0, 0, 0, 0, 0, 0, 0, 0, 0, 0, 0, 0, 0, 0, 0, 0, 0, 0, 0, 0, 0, 0, 0, 0, 0, 0, 0, 0, 0, 0, 0, 0, 0, 0, 0, 0, 0, 0, 0, 0, 0, 0, 0, 0, 0, 0, 0, 0, 0, 0, 0, 0, 0, 0, 0, 0, 0, 0, 0, 0, 0, 0, 0, 0, 0, 0, 0, 0, 0, 0, 0, 0, 0, 0, 0, 0, 0, 0, 0, 0, 0, 0, 0, 0, 0, 0, 0, 0, 0, 0, 0, 0, 0, 0, 0, 0, 0, 0, 0, 0, 0, 0, 0, 0, 0, 0, 0, 0, 0, 0, 0, 0, 0, 0, 0, 0, 0, 0, 0, 0, 0, 0, 0, 0, 0, 0, 0, 0, 0, 0, 0, 0, 0, 0, 0, 0, 0, 0, 0, 0, 0, 0, 0, 0, 0, 0, 0, 0, 0, 0, 0, 0, 0, 0, 0, 0, 0, 0, 0, 0, 0, 0, 0, 0, 0, 0, 0, 0, 0, 0, 0, 0, 0, 0, 0, 0, 0, 0, 0, 0, 0, 0, 0, 0, 0, 0, 0, 0, 0, 0, 0, 0, 0, 0, 0, 0, 0, 0, 0, 0, 0, 0, 0, 0, 0, 0, 0, 0, 0, 0, 0, 0, 0, 0, 0, 0, 0, 0, 0, 0, 0, 0, 0, 0, 0, 0, 0, 0, 0, 0, 0, 0, 0, 0, 0, 0, 0, 0, 0, 0, 0, 0, 0, 0, 0, 0, 0, 0, 0, 0, 0, 0, 0, 0, 0, 0, 0, 0, 0, 0, 0, 0, 0, 0, 0, 0, 0, 0, 0, 0, 0, 0, 0, 0, 0, 0, 0, 0, 0, 0, 0, 0, 0, 0, 0, 0, 0, 0, 0, 0, 0, 0, 0, 0, 0, 0, 0, 0, 0, 0, 0, 0, 0, 0, 0, 0, 0, 0, 0, 0, 0, 0, 0, 0, 0, 0, 0, 0, 0, 0, 0, 0, 0, 0, 0, 0, 0, 0, 0, 0, 0, 0, 0, 0, 0, 0, 0, 0, 0, 0, 0, 0, 0, 0, 0, 0, 0, 0, 0, 0, 0, 0, 0, 0, 0, 0, 0, 0, 0, 0, 0, 0, 0, 0, 0, 0, 0, 0, 0, 0, 0, 0, 0, 0, 0, 0, 0, 0, 0, 0, 0, 0, 0, 0, 0, 0, 0, 0, 0, 0, 0, 0, 0, 0, 0, 0, 0, 0, 0, 0, 0, 0, 0, 0, 0, 0, 0, 0, 0, 0, 0, 0, 0, 0, 0, 0, 0, 0, 0, 0, 0, 0, 0, 0, 0, 0, 0, 0, 0, 0, 0, 0, 0, 0, 0, 0, 0, 0, 0, 0, 0, 0, 0, 0, 0, 0, 0, 0, 0, 0, 0, 0, 0, 0, 0, 0, 0, 0, 0, 0, 0, 0, 0, 0, 0, 0, 0, 0, 0, 0, 0, 0, 0, 0, 0, 0, 0, 0, 0, 0, 0, 0, 0, 0, 0, 0, 0, 0, 0, 0, 0, 0, 0, 0, 0, 0, 0, 0, 0, 0, 0, 0, 0, 0, 0, 0, 0, 0, 0, 0, 0, 0, 0, 0, 0, 0, 0, 0, 0, 0, 0, 0, 0, 0, 0, 0, 0, 0, 0, 0, 0, 0, 0, 0, 0, 0, 0, 0, 0, 0, 0, 0, 0, 0, 0, 0, 0, 0, 0, 0, 0, 0, 0, 0, 0, 0, 0, 0, 0, 0, 0, 0, 0, 0, 0, 0, 0, 0, 0, 0, 0, 0, 0, 0, 0, 0, 0, 0, 0, 0, 0, 0, 0, 0, 0, 0, 0, 0, 0, 0, 0, 0, 0, 0, 0, 0, 0, 0, 0, 0, 0, 0, 0, 0, 0, 0, 0, 0, 0, 0, 0, 0, 0, 0, 0, 0, 0, 0, 0, 0, 0, 0, 0, 0, 0, 0, 0, 0, 0, 0, 0, 0, 0, 0, 0, 0, 0, 0, 0, 0, 0, 0, 0, 0, 0, 0, 0, 0, 0, 0, 0, 0, 0, 0, 0, 0, 0, 0, 0, 0, 0, 0, 0, 0, 0, 0, 0, 0, 0, 0, 0, 0, 0, 0, 0, 0, 0, 0, 0, 0, 0, 0, 0, 0, 0, 0, 0, 0, 0, 0, 0, 0, 0, 0, 0, 0, 0, 0, 0, 0, 0, 0, 0, 0, 0, 0, 0, 0, 0, 0, 0, 0, 0, 0, 0, 0, 0, 0, 0, 0, 0, 0, 0, 0, 0, 0, 0, 0, 0, 0, 0, 0, 0, 0, 0, 0, 0, 0, 0, 0, 0, 0, 0, 0, 0, 0, 0, 0, 0, 0, 0, 0, 0, 0, 0, 0, 0, 0, 0, 0, 0, 0, 0, 0, 0, 0, 0, 0, 0, 0, 0, 0, 0, 0, 0, 0, 0, 0, 0, 0, 0, 0, 0, 0, 0, 0, 0, 0, 0, 0, 0, 0, 0, 0, 0, 0, 0, 0, 0, 0, 0, 0, 0, 0, 0, 0, 0, 0, 0, 0, 0, 0, 0, 0, 0, 0, 0, 0, 0, 0, 0, 0, 0, 0, 0, 0, 0, 0, 0, 0, 0, 0, 0, 0, 0, 0, 0, 0, 0, 0, 0, 0, 0, 0, 0, 0, 0, 0, 0, 0, 0, 0, 0, 0, 0, 0, 0, 0, 0, 0, 0, 0, 0, 0, 0, 0, 0, 0, 0, 0, 0, 0, 0, 0, 0, 0, 0, 0, 0, 0, 0, 0, 0, 0, 0, 0, 0, 0, 0, 0, 0, 0, 0, 0, 0, 0, 0, 0, 0, 0, 0, 0, 0, 0, 0, 0, 0, 0, 0, 0, 0, 0, 0, 0, 0, 0, 0, 0, 0, 0, 0, 0, 0, 0, 0, 0, 0, 0, 0, 0, 0, 0, 0, 0, 0, 0, 0, 0, 0, 0, 0, 0, 0, 0, 0, 0, 0, 0, 0, 0, 0, 0, 0, 0, 0, 0, 0, 0, 0, 0, 0, 0, 0, 0, 0, 0, 0, 0, 0, 0, 0, 0, 0, 0, 0, 0, 0, 0, 0, 0, 0, 0, 0, 0, 0, 0, 0, 0, 0, 0, 0, 0, 0, 0, 0, 0, 0, 0, 0, 0, 0, 0, 0, 0, 0, 0, 0, 0, 0, 0, 0, 0, 0, 0, 0, 0, 0, 0, 0, 0, 0, 0, 0, 0, 0, 0, 0, 0, 0, 0, 0, 0, 0, 0, 0, 0, 0, 0, 0, 0, 0, 0, 0, 0, 0, 0, 0, 0, 0, 0, 0, 0, 0, 0, 0, 0, 0, 0, 0, 0, 0, 0, 0, 0, 0, 0, 0, 0, 0, 0, 0, 0, 0, 0, 0, 0, 0, 0, 0, 0, 0, 0, 0, 0, 0, 0, 0, 0, 0, 0, 0, 0, 0, 0, 0, 0, 0, 0, 0, 0, 0, 0, 0, 0, 0, 0, 0, 0, 0, 0, 0, 0, 0, 0, 0, 0, 0, 0, 0, 0, 0, 0, 0, 0, 0, 0, 0, 0, 0, 0, 0, 0, 0, 0, 0, 0, 0, 0, 0, 0, 0, 0, 0, 0, 0, 0, 0, 0, 0, 0, 0, 0, 0, 0, 0, 0, 0, 0, 0, 0, 0, 0, 0, 0, 0, 0, 0, 0, 0, 0, 0, 0, 0, 0, 0, 0, 0, 0, 0, 0, 0, 0, 0, 0, 0, 0, 0, 0, 0, 0, 0, 0, 0, 0, 0, 0, 0, 0, 0, 0, 0, 0, 0, 0, 0, 0, 0, 0, 0, 0, 0, 0, 0, 0, 0, 0, 0, 0, 0, 0, 0, 0, 0, 0, 0, 0, 0, 0, 0, 0, 0, 0, 0, 0, 0, 0, 0, 0, 0, 0, 0, 0, 0, 0, 0, 0, 0, 0, 0, 0, 0, 0, 0, 0, 0, 0, 0, 0, 0, 0, 0, 0, 0, 0, 0, 0, 0, 0, 0, 0, 0, 0, 0, 0, 0, 0, 0, 0, 0, 0, 0, 0, 0, 0, 0, 0, 0, 0, 0, 0, 0, 0, 0, 0, 0, 0, 0, 0, 0, 0, 0, 0, 0, 0, 0, 0, 0, 0, 0, 0, 0, 0, 0, 0, 0, 0, 0, 0, 0, 0, 0, 0, 0, 0, 0, 0, 0, 0, 0, 0, 0, 0, 0, 0, 0, 0, 0, 0, 0, 0, 0, 0, 0, 0, 0, 0, 0, 0, 0, 0, 0, 0, 0, 0, 0, 0, 0, 0, 0, 0, 0, 0, 0, 0, 0, 0, 0, 0, 0, 0, 0, 0, 0, 0, 0, 0, 0, 0, 0, 0, 0, 0, 0, 0, 0, 0, 0, 0, 0, 0, 0, 0, 0, 0, 0, 0, 0, 0, 0, 0, 0, 0, 0, 0, 0, 0, 0, 0, 0, 0, 0, 0, 0, 0, 0, 0, 0, 0, 0, 0, 0, 0, 0, 0, 0, 0, 0, 0, 0, 0, 0, 0, 0, 0, 0, 0, 0, 0, 0, 0, 0, 0, 0, 0, 0, 0, 0, 0, 0, 0, 0, 0, 0, 0, 0, 0, 0, 0, 0, 0, 0, 0, 0, 0, 0, 0, 0, 0, 0, 0, 0, 0, 0, 0, 0, 0, 0, 0, 0, 0, 0, 0, 0, 0, 0, 0, 0, 0, 0, 0, 0, 0, 0, 0, 0, 0, 0, 0, 0, 0, 0, 0, 0, 0, 0, 0, 0, 0, 0, 0, 0, 0, 0, 0, 0, 0, 0, 0, 0, 0, 0, 0, 0, 0, 0, 0, 0, 0, 0, 0, 0, 0, 0, 0, 0, 0, 0, 0, 0, 0, 0, 0, 0, 0, 0, 0, 0, 0, 0, 0, 0, 0, 0, 0, 0, 0, 0, 0, 0, 0, 0, 0, 0, 0, 0, 0, 0, 0, 0, 0, 0, 0, 0, 0, 0, 0, 0, 0, 0, 0, 0, 0, 0, 0, 0, 0, 0, 0, 0, 0, 0, 0, 0, 0, 0, 0, 0, 0, 0, 0, 0, 0, 0, 0, 0, 0, 1, 1, 1, 1, 1, 1, 1, 1, 1, 1, 1, 1, 1, 1, 1, 1, 1, 1, 1, 1, 1, 1, 1, 1, 1, 1, 1, 1, 1, 1, 1, 1, 1, 1, 1, 1, 1, 1, 1, 1, 1, 1, 1, 1, 1, 1, 1, 1, 1, 1, 1, 1, 1, 1, 1, 1, 1, 1, 1, 1, 1, 1, 1, 1, 1, 1, 1, 1, 1, 1, 1, 1, 1, 1, 1, 1, 1, 1, 1, 1, 1, 1, 1, 1, 1, 1, 1, 1, 1, 1, 1, 1, 1, 1, 1, 1, 1, 1, 1, 1, 1, 1, 1, 1, 1, 1, 1, 1, 1, 1, 1, 1, 1, 1, 1, 1, 1, 1, 1, 1, 1, 1, 1, 1, 1, 1, 1, 1, 1, 1, 1, 1, 1, 1, 1, 1, 1, 1, 1, 1, 1, 1, 1, 1, 1, 1, 1, 1, 1, 1, 1, 1, 1, 1, 1, 1, 1, 1, 1, 1, 1, 1, 1, 1, 1, 1, 1, 1, 1, 1, 1, 1, 1, 1, 1, 1, 1, 1, 1, 1, 1, 1, 1, 1, 1, 1, 1, 1, 1, 1, 1, 1, 1, 1, 1, 1, 1, 1, 1, 1, 1, 1, 1, 1, 1, 1, 1, 1, 1, 1, 1, 1, 1, 1, 1, 1, 1, 1, 1, 1, 1, 1, 1, 1, 1, 1, 1, 1, 1, 1, 1, 1, 1, 1, 1, 1, 1, 1, 1, 1, 1, 1, 1, 1, 1, 1, 1, 1, 1, 1, 1, 1, 1, 1, 1, 1, 1, 1, 1, 1, 1, 1, 1, 1, 1, 1, 1, 1, 1, 1, 1, 1, 1, 1, 1, 1, 1, 1, 1, 1, 1, 1, 1, 1, 1, 1, 1, 1, 1, 1, 1, 1, 1, 1, 1, 1, 1, 1, 1, 1, 1, 1, 1, 1, 1, 1, 1, 1, 1, 1, 1, 1, 1, 1, 1, 1, 1, 1, 1, 1, 1, 1, 1, 1, 1, 1, 1, 1, 1, 1, 1, 1, 1, 1, 1, 1, 1, 1, 1, 1, 1, 1, 1, 1, 1, 1, 1, 1, 1, 1, 1, 1, 1, 1, 1, 1, 1, 1, 1, 1, 1, 1, 1, 1, 1, 1, 1, 1, 1, 1, 1, 1, 1, 1, 1, 1, 1, 1, 1, 1, 1, 1, 1, 1, 1, 1, 1, 1, 1, 1, 1, 1, 1, 1, 1, 1, 1, 1, 1, 1, 1, 1, 1, 1, 1, 1, 1, 1, 1, 1, 1, 1, 1, 1, 1, 1, 1, 1, 1, 1, 1, 1, 1, 1, 1, 1, 1, 1, 1, 1, 1, 1, 1, 1, 1, 1, 1, 1, 1, 1, 1, 1, 1, 1, 1, 1, 1, 1, 1, 1, 1, 1, 1, 1, 1, 1, 1, 1, 1, 1, 1, 1, 1, 1, 1, 1, 1, 1, 1, 1, 1, 1, 1, 1, 1, 1, 1, 1, 1, 1, 1, 1, 1, 1, 1, 1, 1, 1, 1, 1, 1, 1, 1, 1, 1, 1, 1, 1, 1, 1, 1, 1, 1, 1, 1, 1, 1, 1, 1, 1, 1, 1, 1, 1, 1, 1, 1, 1, 1, 1, 1, 1, 1, 1, 1, 1, 1, 1, 1, 1, 1, 1, 1, 1, 1, 1, 1, 1, 1, 1, 1, 1, 1, 1, 1, 1, 1, 1, 1, 1, 1, 1, 1, 1, 1, 1, 1, 1, 1, 1, 1, 1, 1, 1, 1, 1, 1, 1, 1, 1, 1, 1, 1, 1, 1, 1, 1, 1, 1, 1, 1, 1, 1, 1, 1, 1, 1, 1, 1, 1, 1, 1, 1, 1, 1, 1, 1, 1, 1, 1, 1, 1, 1, 1, 1, 1, 1, 1, 1, 1, 1, 1, 1, 1, 1, 1, 1, 1, 1, 1, 1, 1, 1, 1, 1, 1, 1, 1, 1, 1, 1, 1, 1, 1, 1, 1, 1, 1, 1, 1, 1, 1, 1, 1, 1, 1, 1, 1, 1, 1, 1, 1, 1, 1, 1, 1, 1, 1, 1, 1, 1, 1, 1, 1, 1, 1, 1, 1, 1, 1, 1, 1, 1, 1, 1, 1, 1, 1, 1, 1, 1, 1, 1, 1, 1, 1, 1, 1, 1, 1, 1, 1, 1, 1, 1, 1, 1, 1, 1, 1, 1, 1, 1, 1, 1, 1, 1, 1, 1, 1, 1, 1, 1, 1, 1, 1, 1, 1, 1, 1, 1, 1, 1, 1, 1, 1, 1, 1, 1, 1, 1, 1, 1, 1, 1, 1, 1, 1, 1, 1, 1, 1, 1, 1, 1, 1, 1, 1, 1, 1, 1, 1, 1, 1, 1, 1, 1, 1, 1, 1, 1, 1, 1, 1, 1, 1, 1, 1, 1, 1, 1, 1, 1, 1, 1, 1, 1, 1, 1, 1, 1, 1, 1, 1, 1, 1, 1, 1, 1, 1, 1, 1, 1, 1, 1, 1, 1, 1, 1, 1, 1, 1, 1, 1, 1, 1, 1, 1, 1, 1, 1, 1, 1, 1, 1, 1, 1, 1, 1, 1, 1, 1, 1, 1, 1, 1, 1, 1, 1, 1, 1, 1, 1, 1, 1, 1, 1, 1, 1, 1, 1, 1, 1, 1, 1, 1, 1, 1, 1, 1, 1, 1, 1, 1, 1, 1, 1, 1, 1, 1, 1, 1, 1, 1, 1, 1, 1, 1, 1, 1, 1, 1, 1, 1, 1, 1, 1, 1, 1, 1, 1, 1, 1, 1, 1, 1, 1, 1, 1, 1, 1, 1, 1, 1, 1, 1, 1, 1, 1, 1, 1, 1, 1, 1, 1, 1, 1, 1, 1, 1, 1, 1, 1, 1, 1, 1, 1, 1, 1, 1, 1, 1, 1, 1, 1, 1, 1, 1, 1, 1, 1, 1, 1, 1, 1, 1, 1, 1, 1, 1, 1, 1, 1, 1, 1, 1, 1, 1, 1, 1, 1, 1, 1, 1, 1, 1, 1, 1, 1, 1, 1, 1, 1, 1, 1, 1, 1, 1, 1, 1, 1, 1, 1, 1, 1, 1, 1, 1, 1, 1, 1, 1, 1, 1, 1, 1, 1, 1, 1, 1, 1, 1, 1, 1, 1, 1, 1, 1, 1, 1, 1, 1, 1, 1, 1, 1, 1, 1, 1, 1, 1, 1, 1, 1, 1, 1, 1, 1, 1, 1, 1, 1, 1, 1, 1, 1, 1, 1, 1, 1, 1, 1, 1, 1, 1, 1, 1, 1, 1, 1, 1, 1, 1, 1, 1, 1, 1, 1, 1, 1, 1, 1, 1, 1, 1, 1, 1, 1, 1, 1, 1, 1, 1, 1, 1, 1, 1, 1, 1, 1, 1, 1, 1, 1, 1, 1, 1, 1, 1, 1, 1, 1, 1, 1, 1, 1, 1, 1, 1, 1, 1, 1, 1, 1, 1, 1, 1, 1, 1, 1, 1, 1, 1, 1, 1, 1, 1, 1, 1, 1, 1, 1, 1, 1, 1, 1, 1, 1, 1, 1, 1, 1, 1, 1, 1, 1, 1, 1, 1, 1, 1, 1, 1, 1, 1, 1, 1, 1, 1, 1, 1, 1, 1, 1, 1, 1, 1, 1, 1, 1, 1, 1, 1, 1, 1, 1, 1, 1, 1, 1, 1, 1, 1, 1, 1, 1, 1, 1, 1, 1, 1, 1, 1, 1, 1, 1, 1, 1, 1, 1, 1, 1, 1, 1, 1, 1, 1, 1, 1, 1, 1, 1, 1, 1, 1, 1, 1, 1, 1, 1, 1, 1, 1, 1, 1, 1, 1, 1, 1, 1, 1, 1, 1, 1, 1, 1, 1, 1, 1, 1, 1, 1, 1, 1, 1, 1, 1, 1, 1, 1, 1, 1, 1, 1, 1, 1, 1, 1, 1, 1, 1, 1, 1, 1, 1, 1, 1, 1, 1, 1, 1, 1, 1, 1, 1, 1, 1, 1, 1, 1, 1, 1, 1, 1, 1, 1, 1, 1, 1, 1, 1, 1, 1, 1, 1, 1, 1, 1, 1, 1, 1, 1, 1, 1, 1, 1, 1, 1, 1, 1, 1, 1, 1, 1, 1, 1, 1, 1, 1, 1, 1, 1, 1, 1, 1, 1, 1, 1, 1, 1, 1, 1, 1, 1, 1, 1, 1, 1, 1, 1, 1, 1, 1, 1, 1, 1, 1, 1, 1, 1, 1, 1, 1, 1, 1, 1, 1, 1, 1, 1, 1, 1, 1, 1, 1, 1, 1, 1, 1, 1, 1, 1, 1, 1, 1, 1, 1, 1, 1, 1, 1, 1, 1, 1, 1, 1, 1, 1, 1, 1, 1, 1, 1, 1, 1, 1, 1, 1, 1, 1, 1, 1, 1, 1, 1, 1, 1, 1, 1, 1, 1, 1, 1, 1, 1, 1, 1, 1, 1, 1, 1, 1, 1, 1, 1, 1, 1, 1, 1, 1, 1, 1, 1, 1, 1, 1, 1, 1, 1, 1, 1, 1, 1, 1, 1, 1, 1, 1, 1, 1, 1, 1, 1, 1, 1, 1, 1, 1, 1, 1, 1, 1, 1, 1, 1, 1, 1, 1, 1, 1, 1, 1, 1, 1, 1, 1, 1, 1, 1, 1, 1, 1, 1, 1, 1, 1, 1, 1, 1, 1, 1, 1, 1, 1, 1, 1, 1, 1, 1, 1, 1, 1, 1, 1, 1, 1, 1, 1, 1, 1, 1, 1, 1, 1, 1, 1, 1, 1, 1, 1, 1, 1, 1, 1, 1, 1, 1, 1, 1, 1, 1, 1, 1, 1, 1, 1, 1, 1, 1, 1, 1, 1, 1, 1, 1, 1, 1, 1, 1, 1, 1, 1, 1, 1, 1, 1, 1, 1, 1, 1, 1, 1, 1, 1, 1, 1, 1, 1, 1, 1, 1, 1, 1, 1, 1, 1, 1, 1, 1, 1, 1, 1, 1, 1, 1, 1, 1, 1, 1, 1, 1, 1, 1, 1, 1, 1, 1, 1, 1, 1, 1, 1, 1, 1, 1, 1, 1, 1, 1, 1, 1, 1, 1, 1, 1, 1, 1, 1, 1, 1, 1, 1, 1, 1, 1, 1, 1, 1, 1, 1, 1, 1, 1, 1, 1, 1, 1, 1, 1, 1, 1, 1, 1, 1, 1, 1, 1, 1, 1, 1, 1, 1, 1, 1, 1, 1, 1, 1, 1, 1, 1, 1, 1, 1, 1, 1, 1, 1, 1, 1, 1, 1, 1, 1, 1, 1, 1, 1, 1, 1, 1, 1, 1, 1, 1, 1, 1, 1, 1, 1, 1, 1, 1, 1, 1, 1, 1, 1, 1, 1, 1, 1, 1, 1, 1, 1, 1, 1, 1, 1, 1, 1, 1, 1, 1, 1, 1, 1, 1, 1, 1, 1, 1, 1, 1, 1, 1, 1, 1, 1, 1, 1, 1, 1, 1, 1, 1, 1, 1, 1, 1, 1, 1, 1, 1, 1, 1, 1, 1, 1, 1, 1, 1, 1, 1, 1, 1, 1, 1, 1, 1, 1, 1, 1, 1, 1, 1, 1, 1, 1, 1, 1, 1, 1, 1, 1, 1, 1, 1, 1, 1, 1, 1, 1, 1, 1, 1, 1, 1, 1, 1, 1, 1, 1, 1, 1, 1, 1, 1, 1, 1, 1, 1, 1, 1, 1, 1, 1, 1, 1, 1, 1, 1, 1, 1, 1, 1, 1, 1, 1, 1, 1, 1, 1, 1, 1, 1, 1, 1, 1, 1, 1, 1, 1, 1, 1, 1, 1, 1, 1, 1, 1, 1, 1, 1, 1, 1, 1, 1, 1, 1, 1, 1, 1, 1, 1, 1, 1, 1, 1, 1, 1, 1, 1, 1, 1, 1, 1, 1, 1, 1, 1, 1, 1, 1, 1, 1, 1, 1, 1, 1, 1, 1, 1, 1, 1, 1, 1, 1, 1, 1, 1, 1, 1, 1, 1, 1, 1, 1, 1, 1, 1, 1, 1, 1, 1, 1, 1, 1, 1, 1, 1, 1, 1, 1, 1, 1, 1, 1, 1, 1, 1, 1, 1, 1, 1, 1, 1, 1, 1, 1, 1, 1, 1, 1, 1, 1, 1, 1, 1, 1, 1, 1, 1, 1, 1, 1, 1, 1, 1, 1, 1, 1, 1, 1, 1, 1, 1, 1, 1, 1, 1, 1, 1, 1, 1, 1, 1, 1, 1, 1, 1, 1, 1, 1, 1, 1, 1, 1, 1, 1, 1, 1, 1, 1, 1, 1, 1, 1, 1, 1, 1, 1, 1, 1, 1, 1, 1, 1, 1, 1, 1, 1, 1, 1, 1, 1, 1, 1, 1, 1, 1, 1, 1, 1, 1, 1, 1, 1, 1, 1, 1, 1, 1, 1, 1, 1, 1, 1, 1, 1, 1, 1, 1, 1, 1, 1, 1, 1, 1, 1, 1, 1, 1, 1, 1, 1, 1, 1, 1, 1, 1, 1, 1, 1, 1, 1, 1, 1, 1, 1, 1, 1, 1, 1, 1, 1, 1, 1, 1, 1, 1, 1, 1, 1, 1, 1, 1, 1, 1, 1, 1, 1, 1, 1, 1, 1, 1, 1, 1, 1, 1, 1, 1, 1, 1, 1, 1, 1, 1, 1, 1, 1, 1, 1, 1, 1, 1, 1, 1, 1, 1, 1, 1, 1, 1, 1, 1, 1, 1, 1, 1, 1, 1, 1, 1, 1, 1, 1, 1, 1, 1, 1, 1, 1, 1, 1, 1, 1, 1, 1, 1, 1, 1, 1, 1, 1, 1, 1, 1, 1, 1, 1, 1, 1, 1, 1, 1, 1, 1, 1, 1, 1, 1, 1, 1, 1, 1, 1, 1, 1, 1, 1, 1, 1, 1, 1, 1, 1, 1, 1, 1, 1, 1, 1, 1, 1, 1, 1, 1, 1, 1, 1, 1, 1, 1, 1, 1, 1, 1, 1, 1, 1, 1, 1, 1, 1, 1, 1, 1, 1, 1, 1, 1, 1, 1, 1, 1, 1, 1, 1, 1, 1, 1, 1, 1, 1, 1, 1, 1, 1, 1, 1, 1, 1, 1, 1, 1, 1, 1, 1, 1, 1, 1, 1, 1, 1, 1, 1, 1, 1, 1, 1, 1, 1, 1, 1, 1, 1, 1, 1, 1, 1, 1, 1, 1, 1, 1, 1, 1, 1, 1, 1, 1, 1, 1, 1, 1, 1, 1, 1, 1, 1, 1, 1, 1, 1, 1, 1, 1, 1, 1, 1, 1, 1, 1, 1, 1, 1, 1, 1, 1, 1, 1, 1, 1, 1, 1, 1, 1, 1, 1, 1, 1, 1, 1, 1, 1, 1, 1, 1, 1, 1, 1, 1, 1, 1, 1, 1, 1, 1, 1, 1, 1, 1, 1, 1, 1, 1, 1, 1, 1, 1, 1, 1, 1, 1, 1, 1, 1, 1, 1, 1, 1, 1, 1, 1, 1, 1, 1, 1, 1, 1, 1, 1, 1, 1, 1, 1, 1, 1, 1, 1, 1, 1, 1, 1, 1, 1, 1, 1, 1, 1, 1, 1, 1, 1, 1, 1, 1, 1, 1, 1, 1, 1, 1, 1, 1, 1, 1, 1, 1, 1, 1, 1, 1, 1, 1, 1, 1, 1, 1, 1, 1, 1, 1, 1, 1, 1, 1, 1, 1, 1, 1, 1, 1, 1, 1, 1, 1, 1, 1, 1, 1, 1, 1, 1, 1, 1, 1, 1, 1, 1, 1, 1, 1, 1, 1, 1, 1, 1, 1, 1, 1, 1, 1, 1, 1, 1, 1, 1, 1, 1, 1, 1, 1, 1, 1, 1, 1, 1, 1, 1, 1, 1, 1, 1, 1, 1, 1, 1, 1, 1, 1, 1, 1, 1, 1, 1, 1, 1, 1, 1, 1, 1, 1, 1, 1, 1, 1, 1, 1, 1, 1, 1, 1, 1, 1, 1, 1, 1, 1, 1, 1, 1, 1, 1, 1, 1, 1]