0 485 
1 1579 
2 419 1177 
3 2680 
4 
5 
6 
7 
8 1197 4387 
9 
10 230 456 
11 646 
12 860 1528 
13 267 4383 
14 4590 
15 795 1607 4696 
16 160 3917 
17 488 615 766 
18 
19 
20 
21 1018 
22 382 897 3880 
23 774 
24 81 1046 
25 
26 
27 
28 1231 
29 
30 
31 
32 48 278 
33 
34 1233 
35 
36 790 961 
37 
38 50 
39 1070 
40 3829 
41 3495 
42 
43 1530 3520 
44 935 
45 910 1501 
46 886 1022 
47 
48 
49 
50 298 2579 
51 669 911 
52 189 366 1162 1313 
53 
54 4239 
55 486 
56 
57 698 1468 1867 
58 821 1253 
59 
60 
61 215 
62 1098 
63 2840 4013 
64 
65 
66 180 1135 1166 
67 
68 1065 1075 
69 387 
70 1912 
71 
72 
73 
74 
75 3999 
76 
77 502 
78 264 
79 1226 1309 
80 4892 
81 1246 
82 262 
83 
84 961 1508 
85 2959 
86 3750 
87 
88 
89 
90 
91 
92 
93 
94 
95 1558 
96 1020 
97 373 1461 
98 756 1205 
99 2595 3570 
100 386 1164 
101 3762 
102 1333 
103 475 
104 550 
105 
106 
107 
108 
109 1844 
110 436 
111 
112 282 
113 
114 
115 1182 
116 
117 1320 1422 
118 718 
119 
120 
121 1150 
122 1717 
123 498 699 
124 391 1161 
125 
126 795 
127 
128 4567 
129 866 1444 
130 1451 
131 
132 
133 863 
134 
135 1455 
136 
137 1287 3447 
138 
139 
140 1224 
141 538 703 1012 
142 
143 
144 
145 
146 439 3508 
147 1266 
148 
149 270 1253 1549 
150 929 1063 
151 989 
152 823 1382 
153 
154 
155 1908 
156 
157 302 
158 277 
159 1247 
160 
161 673 
162 599 
163 
164 
165 
166 2924 
167 
168 
169 
170 772 
171 263 2746 
172 
173 1362 
174 
175 
176 2582 
177 351 
178 817 
179 
180 574 601 
181 2730 
182 
183 
184 
185 334 550 
186 2364 
187 
188 1110 
189 
190 2711 
191 
192 
193 273 1259 1451 
194 
195 866 
196 
197 
198 
199 1231 
200 
201 
202 468 1316 
203 1265 
204 2680 
205 1107 
206 
207 
208 
209 
210 1661 
211 947 3231 
212 1271 2698 
213 1502 
214 
215 3348 
216 1441 3381 
217 
218 1278 
219 
220 1371 2591 
221 672 1825 
222 
223 
224 
225 
226 900 
227 
228 
229 
230 
231 492 
232 4169 
233 295 1322 
234 
235 
236 1052 
237 
238 467 
239 
240 271 
241 1417 
242 
243 879 
244 
245 
246 3880 
247 
248 
249 
250 
251 
252 
253 
254 
255 2606 
256 2589 
257 376 1537 
258 
259 860 
260 
261 1513 
262 
263 
264 469 
265 
266 
267 2268 
268 284 582 
269 
270 
271 466 884 1299 
272 347 648 
273 479 545 1341 
274 
275 
276 
277 580 1008 
278 4728 
279 
280 
281 990 
282 829 4721 
283 946 1606 
284 490 
285 
286 1487 
287 
288 528 
289 
290 357 1568 
291 
292 
293 
294 
295 349 
296 372 1163 1657 
297 
298 
299 1374 4922 
300 987 
301 355 
302 
303 
304 
305 
306 403 
307 
308 4799 
309 
310 4500 
311 4314 
312 
313 
314 
315 
316 1097 
317 836 1344 
318 
319 
320 
321 
322 1588 
323 
324 
325 
326 
327 1361 
328 616 
329 
330 576 1324 
331 1418 
332 
333 
334 
335 3949 
336 
337 1060 
338 2695 
339 1478 
340 
341 
342 812 1313 
343 1164 1165 
344 
345 
346 
347 1299 
348 
349 
350 1119 2919 
351 471 574 691 2533 
352 4045 
353 855 
354 1003 1637 
355 
356 
357 
358 
359 
360 
361 903 
362 956 
363 567 
364 2912 
365 1754 4046 
366 717 3901 
367 1161 1438 
368 
369 637 
370 935 1570 
371 
372 942 
373 
374 
375 
376 
377 1256 
378 
379 
380 
381 634 
382 
383 
384 
385 1943 
386 754 1169 
387 531 
388 
389 552 
390 
391 
392 420 
393 
394 723 
395 1412 
396 
397 
398 764 989 
399 
400 
401 1234 1344 
402 1849 
403 
404 460 562 
405 
406 
407 
408 
409 
410 731 1030 
411 674 
412 985 
413 
414 
415 430 1538 
416 
417 
418 2520 
419 
420 890 
421 
422 
423 
424 841 
425 
426 
427 
428 
429 
430 
431 
432 
433 
434 870 1181 
435 728 
436 1318 
437 1490 
438 
439 
440 1564 
441 
442 
443 1342 
444 966 
445 
446 2796 4624 
447 
448 
449 548 
450 818 
451 
452 
453 
454 
455 989 1020 
456 
457 1411 1556 
458 
459 
460 722 1508 
461 551 564 980 3729 
462 1974 4117 
463 
464 
465 520 
466 
467 
468 
469 
470 
471 
472 568 
473 1452 
474 4809 4826 
475 
476 
477 591 858 
478 
479 1037 1657 
480 
481 744 
482 
483 810 
484 1375 3168 
485 
486 2433 
487 1219 4014 
488 
489 
490 1391 
491 1298 
492 
493 950 983 1180 4653 
494 639 
495 956 1472 
496 919 1071 
497 
498 
499 1334 1433 
500 1095 
501 
502 
503 
504 830 3012 
505 1557 4259 
506 
507 3572 
508 716 1207 2147 
509 685 
510 
511 
512 1069 
513 1220 
514 2511 
515 
516 
517 
518 
519 
520 
521 
522 
523 
524 
525 1464 
526 601 1254 
527 
528 
529 
530 
531 3461 
532 
533 
534 
535 1018 
536 2960 
537 
538 1746 
539 3011 
540 
541 
542 
543 
544 
545 1660 1931 
546 
547 1556 
548 1336 
549 
550 
551 
552 
553 787 
554 1045 
555 
556 751 
557 906 1629 2163 
558 
559 
560 742 4273 
561 
562 
563 903 
564 
565 1320 3777 
566 
567 
568 661 1584 
569 981 4087 
570 
571 1143 
572 1545 
573 
574 701 775 
575 1390 
576 
577 
578 
579 1516 1756 2846 
580 
581 1413 
582 
583 
584 
585 1321 
586 1340 
587 4346 
588 645 738 1390 
589 
590 
591 
592 
593 
594 1574 
595 
596 
597 815 1246 
598 
599 1458 
600 1458 
601 
602 
603 722 
604 831 1331 1342 1859 
605 
606 
607 
608 
609 
610 
611 
612 1665 
613 
614 2063 
615 
616 4562 
617 
618 
619 
620 
621 
622 1026 
623 1468 
624 3868 
625 2629 
626 
627 1297 
628 1517 
629 
630 4929 
631 2798 
632 
633 783 
634 
635 
636 
637 
638 986 
639 
640 
641 2167 
642 3097 
643 1029 1162 
644 
645 
646 1258 
647 729 
648 4109 
649 1153 
650 
651 
652 
653 
654 937 
655 
656 3592 
657 
658 
659 
660 725 957 
661 4205 
662 
663 
664 
665 775 
666 
667 
668 
669 1047 
670 
671 1597 4985 
672 
673 2511 
674 2680 
675 
676 
677 
678 706 
679 768 2337 
680 
681 756 
682 
683 
684 996 
685 
686 
687 1345 
688 
689 731 
690 
691 
692 1030 
693 
694 1176 
695 1061 
696 
697 1021 1285 
698 
699 
700 
701 
702 
703 
704 
705 
706 
707 1213 
708 1066 
709 782 1042 
710 
711 
712 
713 
714 
715 4536 
716 3590 
717 961 
718 
719 
720 
721 1073 1398 
722 
723 1314 4444 
724 
725 1318 
726 
727 869 1047 
728 912 3805 
729 
730 4602 
731 
732 
733 
734 
735 
736 
737 
738 
739 1043 
740 
741 
742 979 
743 916 
744 
745 1341 
746 1260 2719 
747 
748 
749 3850 
750 1529 1650 
751 
752 1264 
753 
754 800 
755 
756 1876 4382 
757 4040 
758 1474 
759 
760 1184 
761 
762 
763 1417 
764 
765 1202 4713 
766 3896 
767 1619 
768 896 
769 1249 4929 
770 
771 
772 999 
773 
774 778 1579 
775 1238 
776 
777 
778 
779 1593 
780 
781 
782 864 
783 1155 1381 
784 2874 
785 
786 
787 
788 1482 
789 
790 
791 
792 860 1350 2063 
793 
794 
795 1549 
796 
797 1152 
798 
799 
800 3329 
801 
802 1553 
803 1270 1309 
804 
805 
806 
807 
808 
809 
810 
811 
812 
813 876 
814 1478 
815 
816 860 1337 
817 840 
818 
819 821 1219 
820 
821 
822 
823 
824 
825 
826 1294 
827 1162 
828 
829 3846 
830 
831 
832 
833 1234 
834 1445 1514 
835 
836 
837 4228 
838 
839 
840 1574 
841 
842 1329 
843 
844 
845 
846 
847 1608 
848 
849 
850 1347 
851 
852 
853 
854 
855 4320 
856 
857 
858 
859 
860 
861 3509 
862 
863 1550 
864 
865 1576 
866 
867 
868 
869 1402 
870 981 1087 
871 
872 1445 
873 
874 
875 2198 
876 
877 
878 1297 
879 
880 1174 
881 
882 3728 
883 
884 
885 1301 
886 1492 
887 
888 
889 1251 
890 4388 
891 
892 1599 
893 1621 
894 2039 
895 
896 
897 
898 
899 1178 
900 1523 
901 
902 
903 
904 
905 
906 
907 
908 
909 
910 
911 
912 1213 1501 
913 
914 
915 1066 
916 1261 
917 
918 
919 
920 
921 
922 1135 
923 
924 
925 1017 
926 4256 
927 
928 
929 1289 
930 
931 
932 
933 4040 
934 
935 
936 
937 984 
938 1559 
939 
940 
941 
942 
943 
944 
945 
946 
947 
948 
949 
950 
951 
952 
953 
954 3770 
955 
956 
957 
958 
959 
960 
961 1038 1626 
962 
963 1085 
964 
965 
966 
967 
968 
969 1343 2541 
970 
971 
972 
973 
974 
975 
976 
977 1441 
978 
979 1468 
980 
981 
982 
983 
984 
985 
986 
987 
988 
989 
990 
991 
992 
993 2440 
994 
995 1412 
996 1225 2410 
997 1103 1199 
998 1347 
999 
1000 
1001 
1002 
1003 
1004 1400 
1005 3996 
1006 
1007 
1008 
1009 
1010 1016 
1011 
1012 
1013 
1014 
1015 
1016 
1017 1533 
1018 1032 
1019 1554 
1020 
1021 
1022 1163 2210 
1023 1128 
1024 
1025 
1026 
1027 
1028 
1029 
1030 4393 
1031 
1032 
1033 2069 
1034 
1035 1236 1429 4143 
1036 1410 
1037 
1038 1230 4669 
1039 
1040 
1041 
1042 1576 
1043 1603 
1044 
1045 
1046 1364 
1047 
1048 
1049 
1050 
1051 
1052 
1053 
1054 1057 
1055 
1056 1446 
1057 
1058 1137 
1059 
1060 2377 
1061 
1062 2852 
1063 
1064 
1065 
1066 1280 1501 1984 
1067 
1068 
1069 
1070 
1071 1183 
1072 
1073 
1074 
1075 
1076 
1077 1112 
1078 
1079 
1080 
1081 
1082 
1083 4309 
1084 1192 
1085 4490 
1086 
1087 
1088 
1089 
1090 
1091 3328 
1092 
1093 1422 1491 
1094 
1095 1368 
1096 
1097 1501 
1098 
1099 1390 
1100 
1101 
1102 
1103 1193 
1104 
1105 4581 
1106 
1107 
1108 
1109 
1110 
1111 
1112 3327 
1113 3269 4111 
1114 
1115 
1116 
1117 
1118 
1119 
1120 1474 
1121 2578 
1122 
1123 
1124 3267 
1125 
1126 1384 
1127 
1128 
1129 
1130 
1131 
1132 2532 2760 
1133 
1134 
1135 
1136 
1137 
1138 
1139 3622 
1140 
1141 4659 
1142 2296 3753 
1143 4027 
1144 
1145 
1146 2639 
1147 1478 
1148 
1149 1626 
1150 
1151 
1152 2773 
1153 2081 
1154 
1155 
1156 
1157 
1158 
1159 1359 
1160 
1161 
1162 
1163 
1164 
1165 2786 
1166 
1167 1399 1589 
1168 
1169 
1170 1622 
1171 
1172 
1173 1286 
1174 
1175 
1176 1927 
1177 1632 
1178 1462 
1179 
1180 
1181 
1182 
1183 
1184 
1185 1366 
1186 
1187 
1188 
1189 
1190 
1191 1224 
1192 1364 4245 
1193 1288 
1194 
1195 
1196 1475 
1197 
1198 4218 
1199 1458 
1200 
1201 
1202 1255 
1203 4051 
1204 1466 
1205 
1206 
1207 1233 
1208 
1209 
1210 1859 2079 
1211 
1212 1500 
1213 
1214 
1215 1241 
1216 
1217 
1218 
1219 
1220 
1221 
1222 
1223 
1224 
1225 
1226 
1227 4838 
1228 
1229 2893 
1230 1277 
1231 
1232 
1233 3137 
1234 1322 1407 
1235 
1236 
1237 
1238 
1239 1399 
1240 
1241 4540 
1242 
1243 
1244 
1245 
1246 
1247 
1248 
1249 1282 
1250 
1251 
1252 3284 
1253 
1254 2895 
1255 
1256 
1257 
1258 
1259 
1260 
1261 
1262 
1263 
1264 
1265 
1266 
1267 
1268 
1269 1801 
1270 
1271 
1272 
1273 
1274 
1275 1284 
1276 
1277 
1278 1510 
1279 
1280 
1281 
1282 
1283 
1284 
1285 
1286 
1287 
1288 
1289 
1290 
1291 
1292 
1293 
1294 
1295 
1296 2788 
1297 
1298 
1299 
1300 
1301 
1302 1372 3705 
1303 
1304 
1305 
1306 
1307 
1308 
1309 1588 
1310 2695 
1311 
1312 
1313 1367 
1314 
1315 
1316 
1317 1662 
1318 
1319 
1320 2687 
1321 1364 2871 
1322 
1323 
1324 
1325 
1326 
1327 1657 
1328 
1329 
1330 
1331 1415 
1332 
1333 
1334 
1335 
1336 
1337 
1338 
1339 
1340 
1341 
1342 1745 
1343 
1344 
1345 
1346 
1347 
1348 
1349 
1350 
1351 2779 
1352 
1353 
1354 
1355 
1356 
1357 
1358 2264 
1359 
1360 
1361 
1362 
1363 1470 
1364 3982 
1365 
1366 
1367 
1368 1533 
1369 
1370 
1371 
1372 
1373 
1374 
1375 
1376 
1377 2497 
1378 1591 
1379 2511 
1380 
1381 
1382 
1383 
1384 
1385 2314 
1386 
1387 
1388 
1389 
1390 
1391 
1392 
1393 4369 
1394 
1395 
1396 
1397 
1398 
1399 
1400 
1401 2823 
1402 
1403 
1404 
1405 
1406 
1407 4051 
1408 4528 
1409 
1410 
1411 
1412 
1413 
1414 
1415 
1416 
1417 
1418 1459 
1419 1475 
1420 
1421 
1422 
1423 
1424 
1425 
1426 
1427 
1428 
1429 
1430 
1431 
1432 
1433 
1434 
1435 
1436 
1437 
1438 
1439 1573 
1440 
1441 
1442 
1443 
1444 
1445 
1446 
1447 
1448 
1449 
1450 
1451 
1452 
1453 
1454 
1455 
1456 
1457 1607 
1458 
1459 
1460 3159 
1461 
1462 
1463 
1464 
1465 
1466 
1467 4339 
1468 1565 1578 
1469 
1470 
1471 
1472 
1473 1585 
1474 1543 
1475 
1476 
1477 
1478 
1479 1657 
1480 3353 
1481 
1482 
1483 
1484 2653 
1485 
1486 3689 
1487 1491 
1488 1655 
1489 
1490 1540 
1491 
1492 
1493 3968 
1494 
1495 
1496 
1497 4793 
1498 
1499 
1500 
1501 
1502 4612 
1503 
1504 
1505 
1506 
1507 
1508 
1509 
1510 
1511 
1512 2586 
1513 
1514 
1515 
1516 
1517 
1518 
1519 
1520 
1521 
1522 4955 
1523 
1524 
1525 
1526 
1527 
1528 
1529 
1530 
1531 1705 
1532 
1533 
1534 
1535 2672 
1536 3966 
1537 1546 1617 
1538 
1539 
1540 
1541 
1542 2262 
1543 
1544 
1545 
1546 
1547 
1548 
1549 
1550 1612 
1551 
1552 2926 
1553 
1554 
1555 
1556 
1557 
1558 
1559 
1560 
1561 
1562 
1563 1923 
1564 
1565 
1566 4748 
1567 
1568 
1569 
1570 
1571 
1572 
1573 3669 
1574 1600 
1575 1581 
1576 
1577 
1578 
1579 
1580 
1581 
1582 
1583 
1584 3664 
1585 
1586 
1587 
1588 
1589 
1590 
1591 
1592 
1593 
1594 
1595 
1596 
1597 
1598 
1599 2947 
1600 
1601 
1602 
1603 
1604 
1605 
1606 
1607 
1608 
1609 
1610 
1611 
1612 
1613 
1614 
1615 
1616 
1617 
1618 
1619 
1620 
1621 
1622 
1623 4196 
1624 4478 
1625 
1626 2894 
1627 
1628 
1629 
1630 
1631 
1632 
1633 
1634 
1635 
1636 
1637 
1638 
1639 
1640 
1641 
1642 
1643 
1644 
1645 
1646 4662 
1647 
1648 
1649 
1650 
1651 
1652 
1653 3669 
1654 
1655 
1656 
1657 
1658 
1659 
1660 
1661 
1662 
1663 
1664 
1665 
1666 1935 3314 
1667 2079 2462 
1668 
1669 
1670 
1671 1750 3184 
1672 2435 
1673 
1674 
1675 1875 
1676 
1677 2198 2364 
1678 2792 2917 
1679 
1680 
1681 
1682 
1683 
1684 
1685 
1686 
1687 
1688 
1689 
1690 
1691 
1692 
1693 1788 
1694 3226 
1695 2389 
1696 2773 
1697 2540 
1698 2203 
1699 3376 3791 
1700 2183 3159 
1701 
1702 1897 
1703 2920 3020 
1704 
1705 1824 2962 3315 
1706 
1707 
1708 1985 
1709 2051 
1710 1721 2534 3322 
1711 
1712 
1713 3195 
1714 
1715 
1716 3318 
1717 1782 
1718 
1719 3134 4244 
1720 1726 
1721 2266 
1722 
1723 
1724 
1725 1964 2189 3316 
1726 
1727 3018 
1728 2053 4074 
1729 
1730 3079 
1731 3683 
1732 
1733 
1734 
1735 2594 2964 
1736 
1737 2698 
1738 
1739 
1740 2322 
1741 
1742 1951 
1743 2947 
1744 3430 
1745 1756 
1746 3285 
1747 1916 
1748 
1749 2642 
1750 2323 
1751 4408 
1752 
1753 
1754 
1755 3042 
1756 1804 2790 
1757 
1758 2368 
1759 3212 
1760 3529 
1761 1887 2538 
1762 
1763 3315 
1764 
1765 
1766 2700 3186 
1767 1779 
1768 3027 
1769 2853 
1770 2602 
1771 
1772 1823 1916 1971 
1773 
1774 3117 
1775 1850 2252 
1776 
1777 
1778 2948 
1779 
1780 2116 
1781 
1782 3071 
1783 2443 2772 
1784 3069 
1785 2903 
1786 2190 
1787 
1788 
1789 2734 
1790 
1791 4359 
1792 
1793 1868 3277 
1794 3287 
1795 2178 4808 
1796 2191 
1797 2943 
1798 3728 
1799 
1800 2043 2545 2856 2938 3154 
1801 
1802 
1803 2264 4160 
1804 
1805 2061 
1806 2108 
1807 2638 
1808 
1809 2845 2964 3206 
1810 3020 
1811 
1812 2793 2818 
1813 
1814 
1815 
1816 
1817 
1818 
1819 
1820 2777 4564 
1821 
1822 2470 
1823 2370 
1824 
1825 2594 
1826 4809 
1827 
1828 3281 
1829 2776 
1830 
1831 
1832 3368 
1833 3314 
1834 
1835 
1836 
1837 2024 
1838 2785 
1839 3052 
1840 
1841 3003 
1842 2983 
1843 
1844 3122 
1845 2836 
1846 
1847 
1848 2442 
1849 2094 3254 3295 3298 
1850 2044 2679 
1851 
1852 2981 
1853 2313 
1854 
1855 
1856 2925 
1857 2066 
1858 
1859 2109 
1860 
1861 
1862 2947 3882 
1863 2558 
1864 
1865 2621 
1866 3271 3726 
1867 
1868 2454 
1869 
1870 
1871 1996 2971 
1872 2431 
1873 
1874 
1875 
1876 2199 3011 
1877 
1878 
1879 2402 2928 
1880 
1881 2606 
1882 2003 2180 
1883 
1884 
1885 
1886 
1887 3243 
1888 2596 3064 
1889 
1890 
1891 
1892 
1893 
1894 
1895 2235 2970 
1896 2361 2455 3125 
1897 
1898 
1899 
1900 
1901 2167 
1902 
1903 
1904 3777 
1905 2318 2995 
1906 3072 
1907 1916 
1908 3289 
1909 
1910 2022 2841 
1911 
1912 2651 
1913 
1914 2421 2610 
1915 
1916 
1917 
1918 2495 3047 
1919 4478 
1920 
1921 
1922 2798 
1923 
1924 
1925 
1926 2426 2940 
1927 
1928 
1929 
1930 2148 2540 
1931 
1932 2486 
1933 
1934 
1935 
1936 2118 
1937 
1938 
1939 2536 
1940 3285 
1941 2310 
1942 3004 3295 
1943 
1944 
1945 
1946 2231 2669 2918 
1947 2862 
1948 
1949 
1950 
1951 3156 
1952 
1953 
1954 2137 2783 2916 
1955 3233 
1956 2056 
1957 
1958 2160 
1959 
1960 
1961 2629 
1962 
1963 
1964 2319 
1965 
1966 
1967 
1968 2517 
1969 2136 
1970 3062 
1971 2165 
1972 
1973 2476 
1974 
1975 2509 4932 
1976 2011 
1977 3307 
1978 2198 2310 2638 
1979 2896 
1980 
1981 4860 
1982 
1983 
1984 2756 
1985 2365 
1986 2368 
1987 
1988 
1989 2286 3257 
1990 
1991 2076 2575 
1992 2872 
1993 2913 
1994 3185 
1995 2855 
1996 
1997 
1998 
1999 4137 
2000 
2001 2128 2390 4785 
2002 2647 4643 
2003 
2004 2828 
2005 
2006 2889 
2007 
2008 2467 
2009 3245 
2010 3326 
2011 2606 
2012 3222 
2013 2352 
2014 2892 
2015 2404 2936 
2016 
2017 2344 
2018 
2019 2166 
2020 
2021 
2022 
2023 
2024 
2025 
2026 2522 3035 
2027 
2028 3002 
2029 
2030 2872 
2031 
2032 2283 2517 
2033 
2034 3025 
2035 2321 
2036 3024 
2037 
2038 
2039 2573 
2040 4358 
2041 2526 
2042 
2043 
2044 
2045 
2046 
2047 
2048 
2049 
2050 2133 4174 
2051 2373 2503 
2052 
2053 
2054 
2055 
2056 2509 
2057 3321 
2058 2875 
2059 3407 
2060 
2061 
2062 2965 
2063 2085 
2064 2096 
2065 2284 
2066 2229 4425 
2067 
2068 2511 
2069 
2070 2378 3314 
2071 2485 
2072 
2073 4809 
2074 2495 
2075 
2076 2085 2409 3280 
2077 2200 3176 4639 4928 
2078 
2079 4876 
2080 2772 
2081 
2082 
2083 
2084 
2085 
2086 
2087 
2088 
2089 
2090 
2091 3366 
2092 2500 
2093 3108 
2094 
2095 2314 
2096 2486 
2097 2514 
2098 2489 2784 
2099 
2100 
2101 2909 3170 
2102 
2103 
2104 3002 
2105 
2106 
2107 
2108 
2109 
2110 
2111 2817 
2112 
2113 3273 
2114 
2115 
2116 
2117 3216 
2118 2638 
2119 2221 2258 2370 3812 
2120 
2121 2259 
2122 3110 
2123 2149 
2124 
2125 
2126 3063 3824 
2127 
2128 
2129 2654 
2130 
2131 
2132 
2133 
2134 
2135 2622 
2136 
2137 2820 
2138 2414 2528 
2139 
2140 4057 
2141 2656 
2142 
2143 2388 
2144 
2145 
2146 
2147 
2148 
2149 3144 3260 
2150 
2151 
2152 
2153 
2154 
2155 2565 
2156 
2157 2587 2892 
2158 
2159 2235 
2160 2794 2795 
2161 
2162 
2163 
2164 
2165 
2166 
2167 
2168 
2169 2943 
2170 
2171 2962 
2172 
2173 2517 
2174 2528 
2175 2321 
2176 2958 3104 
2177 2409 
2178 
2179 
2180 
2181 3318 4289 
2182 
2183 
2184 
2185 2723 2746 2759 
2186 2381 
2187 
2188 
2189 2858 
2190 2449 3386 
2191 2223 
2192 
2193 
2194 
2195 3048 
2196 2204 
2197 2704 
2198 
2199 
2200 3096 
2201 2702 
2202 
2203 2352 
2204 2498 
2205 
2206 
2207 
2208 
2209 
2210 
2211 
2212 
2213 
2214 
2215 
2216 
2217 
2218 2393 
2219 
2220 3918 
2221 3279 
2222 
2223 2287 2483 
2224 
2225 
2226 
2227 2457 
2228 2746 3410 
2229 
2230 2413 
2231 
2232 2906 3081 
2233 2385 
2234 3102 
2235 3529 
2236 
2237 2884 
2238 2922 
2239 3049 
2240 
2241 2758 
2242 
2243 3300 
2244 
2245 2408 
2246 3293 
2247 3058 
2248 3004 
2249 
2250 
2251 2542 
2252 
2253 2893 
2254 
2255 
2256 
2257 
2258 
2259 3138 
2260 
2261 2975 
2262 4268 
2263 
2264 2880 
2265 
2266 
2267 
2268 3706 
2269 2815 4375 
2270 
2271 2515 
2272 
2273 
2274 3314 
2275 3038 3257 
2276 
2277 2729 3160 
2278 
2279 2614 
2280 
2281 
2282 
2283 3276 
2284 
2285 
2286 
2287 
2288 3097 
2289 
2290 2770 2940 
2291 
2292 
2293 2310 2559 4686 
2294 2366 
2295 2699 
2296 
2297 3309 
2298 3176 
2299 
2300 
2301 
2302 
2303 2840 
2304 4689 
2305 2787 
2306 
2307 
2308 
2309 
2310 
2311 2725 
2312 2535 
2313 3181 
2314 2620 
2315 
2316 
2317 
2318 
2319 
2320 
2321 2476 
2322 2537 
2323 
2324 2605 
2325 3293 3464 
2326 3230 
2327 
2328 
2329 
2330 
2331 
2332 
2333 
2334 2881 
2335 3147 
2336 
2337 
2338 
2339 
2340 2549 
2341 
2342 3210 
2343 
2344 3061 3769 
2345 
2346 
2347 
2348 
2349 
2350 
2351 2410 
2352 2495 2735 
2353 4827 
2354 3384 3903 
2355 
2356 
2357 4059 
2358 2806 
2359 2465 2712 
2360 2509 
2361 
2362 
2363 
2364 2706 
2365 
2366 2589 
2367 3266 
2368 2538 2744 
2369 2628 2849 
2370 3323 
2371 
2372 
2373 
2374 
2375 2512 
2376 2683 
2377 
2378 
2379 
2380 3219 
2381 
2382 
2383 
2384 3301 
2385 
2386 
2387 
2388 
2389 2425 2767 
2390 
2391 
2392 3005 3054 
2393 
2394 
2395 
2396 2436 
2397 
2398 
2399 3023 3329 
2400 2821 3024 
2401 2959 3841 
2402 
2403 3226 
2404 3326 
2405 
2406 
2407 
2408 
2409 4252 
2410 
2411 3053 
2412 
2413 2906 
2414 
2415 
2416 2939 3186 3195 
2417 
2418 
2419 
2420 
2421 2733 3093 
2422 
2423 
2424 
2425 
2426 
2427 
2428 
2429 
2430 
2431 
2432 
2433 2732 3196 
2434 
2435 2600 
2436 3189 
2437 2695 2821 
2438 
2439 
2440 2670 
2441 
2442 3936 
2443 2450 
2444 
2445 
2446 4427 
2447 
2448 2601 
2449 3024 
2450 
2451 
2452 3229 
2453 
2454 
2455 
2456 
2457 
2458 
2459 
2460 
2461 
2462 
2463 
2464 
2465 2994 
2466 
2467 4662 
2468 
2469 
2470 2789 3105 
2471 3226 
2472 
2473 
2474 4226 
2475 
2476 
2477 
2478 
2479 2559 2820 
2480 
2481 
2482 
2483 
2484 3076 3152 
2485 
2486 2818 3078 
2487 
2488 
2489 
2490 2535 2972 
2491 
2492 
2493 
2494 
2495 3331 
2496 4505 
2497 2537 
2498 
2499 
2500 3643 
2501 
2502 
2503 
2504 
2505 
2506 
2507 
2508 
2509 2742 2752 
2510 
2511 3197 4746 
2512 
2513 3067 3323 
2514 
2515 3621 
2516 2523 
2517 2955 
2518 
2519 
2520 
2521 
2522 
2523 
2524 
2525 
2526 
2527 
2528 
2529 
2530 
2531 2572 
2532 2806 
2533 
2534 
2535 
2536 
2537 2919 
2538 
2539 
2540 2797 3010 
2541 2884 
2542 4468 
2543 
2544 
2545 
2546 
2547 
2548 
2549 
2550 
2551 
2552 
2553 
2554 2632 
2555 
2556 
2557 
2558 
2559 
2560 
2561 
2562 
2563 
2564 
2565 2885 
2566 
2567 3181 
2568 
2569 3047 
2570 2671 
2571 
2572 
2573 
2574 
2575 
2576 
2577 
2578 
2579 
2580 
2581 
2582 
2583 
2584 
2585 
2586 2830 
2587 
2588 
2589 
2590 
2591 2653 2828 
2592 3265 
2593 2729 
2594 
2595 
2596 
2597 3666 
2598 2939 3304 
2599 2886 
2600 
2601 
2602 
2603 3277 3308 
2604 2808 
2605 
2606 
2607 
2608 
2609 
2610 2744 
2611 
2612 2919 
2613 2655 
2614 
2615 
2616 
2617 
2618 
2619 
2620 
2621 
2622 
2623 4994 
2624 
2625 
2626 3059 3229 3450 
2627 4039 
2628 2747 
2629 2803 
2630 
2631 2783 
2632 
2633 
2634 
2635 
2636 
2637 
2638 
2639 2755 3037 
2640 
2641 3257 
2642 
2643 
2644 
2645 
2646 2885 
2647 4545 
2648 3019 3041 
2649 
2650 
2651 
2652 3165 
2653 
2654 
2655 
2656 2794 
2657 
2658 
2659 
2660 3053 
2661 
2662 3293 
2663 2987 3088 
2664 
2665 2785 
2666 
2667 
2668 
2669 
2670 
2671 
2672 
2673 
2674 3219 
2675 3068 3320 
2676 
2677 
2678 
2679 
2680 
2681 
2682 
2683 
2684 4186 
2685 
2686 3183 
2687 
2688 
2689 2791 
2690 
2691 
2692 
2693 
2694 
2695 
2696 
2697 
2698 
2699 
2700 
2701 
2702 
2703 
2704 
2705 
2706 
2707 
2708 
2709 
2710 
2711 2906 
2712 
2713 
2714 
2715 
2716 2774 
2717 
2718 
2719 
2720 
2721 3122 4148 
2722 
2723 
2724 
2725 
2726 2889 
2727 2856 
2728 
2729 
2730 
2731 
2732 
2733 
2734 
2735 
2736 
2737 
2738 
2739 
2740 
2741 
2742 
2743 
2744 3043 
2745 
2746 2835 
2747 3711 
2748 
2749 
2750 3263 
2751 
2752 
2753 3195 
2754 
2755 
2756 
2757 
2758 
2759 3081 
2760 
2761 3149 
2762 
2763 
2764 
2765 
2766 
2767 
2768 
2769 
2770 
2771 
2772 3959 
2773 2858 
2774 
2775 2967 
2776 
2777 
2778 
2779 
2780 
2781 
2782 
2783 3712 
2784 
2785 
2786 2891 3267 
2787 
2788 
2789 
2790 
2791 2854 3217 
2792 
2793 
2794 
2795 
2796 
2797 
2798 
2799 2807 
2800 
2801 3298 
2802 
2803 
2804 
2805 
2806 
2807 2926 3948 
2808 
2809 
2810 
2811 
2812 
2813 
2814 4597 
2815 2868 3142 
2816 3197 
2817 
2818 
2819 
2820 4578 
2821 2906 
2822 
2823 
2824 
2825 
2826 
2827 
2828 
2829 4828 
2830 
2831 
2832 3004 
2833 
2834 2985 4670 
2835 4321 
2836 
2837 3015 
2838 
2839 
2840 
2841 
2842 
2843 
2844 
2845 
2846 
2847 3783 
2848 3212 
2849 
2850 
2851 3189 
2852 3210 
2853 
2854 4545 
2855 
2856 3205 3313 
2857 
2858 
2859 
2860 
2861 
2862 4218 
2863 4728 
2864 
2865 
2866 
2867 
2868 
2869 
2870 
2871 
2872 
2873 
2874 3879 
2875 
2876 3035 
2877 
2878 3278 
2879 
2880 
2881 4182 
2882 
2883 
2884 2985 3080 
2885 
2886 
2887 
2888 
2889 
2890 
2891 
2892 
2893 
2894 
2895 
2896 
2897 3437 
2898 
2899 
2900 
2901 
2902 
2903 
2904 
2905 
2906 
2907 
2908 
2909 
2910 
2911 
2912 
2913 
2914 
2915 3631 
2916 
2917 
2918 
2919 
2920 3277 
2921 
2922 2939 
2923 
2924 
2925 
2926 3117 
2927 
2928 3257 
2929 3204 
2930 
2931 3032 
2932 4409 
2933 
2934 
2935 2980 
2936 
2937 3190 
2938 3061 3142 
2939 
2940 
2941 3011 
2942 
2943 
2944 
2945 
2946 
2947 
2948 
2949 4547 
2950 
2951 3953 
2952 
2953 
2954 
2955 
2956 
2957 2997 
2958 
2959 
2960 3297 
2961 
2962 
2963 
2964 
2965 
2966 
2967 
2968 
2969 3327 
2970 
2971 
2972 
2973 
2974 3220 
2975 
2976 
2977 
2978 
2979 
2980 
2981 
2982 
2983 
2984 3090 
2985 
2986 
2987 
2988 3161 
2989 
2990 3000 
2991 
2992 
2993 
2994 
2995 
2996 
2997 
2998 
2999 
3000 
3001 
3002 
3003 
3004 
3005 
3006 3166 3244 
3007 
3008 
3009 
3010 
3011 
3012 
3013 
3014 
3015 
3016 
3017 3269 
3018 
3019 3164 
3020 
3021 3118 
3022 
3023 
3024 
3025 
3026 
3027 
3028 
3029 
3030 
3031 
3032 
3033 
3034 
3035 
3036 
3037 3254 
3038 
3039 3283 
3040 
3041 
3042 
3043 
3044 
3045 3346 
3046 
3047 
3048 
3049 
3050 
3051 
3052 
3053 
3054 3261 
3055 
3056 
3057 
3058 3203 
3059 
3060 
3061 
3062 
3063 
3064 
3065 
3066 
3067 
3068 
3069 
3070 
3071 
3072 
3073 
3074 
3075 
3076 
3077 
3078 3240 
3079 4835 
3080 
3081 
3082 
3083 
3084 
3085 4379 
3086 
3087 
3088 
3089 3215 3677 4086 
3090 
3091 
3092 
3093 
3094 
3095 
3096 
3097 
3098 
3099 
3100 
3101 
3102 
3103 
3104 3207 
3105 
3106 
3107 
3108 
3109 
3110 
3111 
3112 
3113 
3114 3226 
3115 
3116 
3117 
3118 
3119 
3120 
3121 3182 
3122 4665 
3123 3163 
3124 
3125 
3126 
3127 
3128 
3129 
3130 
3131 
3132 
3133 
3134 
3135 
3136 
3137 
3138 
3139 
3140 
3141 
3142 
3143 
3144 
3145 
3146 
3147 
3148 
3149 
3150 
3151 3216 3246 
3152 
3153 
3154 
3155 
3156 3301 
3157 4488 
3158 
3159 
3160 
3161 
3162 
3163 
3164 
3165 
3166 4815 
3167 
3168 
3169 4275 
3170 
3171 
3172 
3173 
3174 
3175 3328 
3176 
3177 
3178 
3179 
3180 
3181 
3182 
3183 
3184 
3185 
3186 
3187 
3188 
3189 
3190 
3191 3305 4472 
3192 4838 
3193 
3194 
3195 
3196 
3197 3889 
3198 3296 3966 
3199 
3200 
3201 
3202 
3203 
3204 
3205 
3206 
3207 
3208 
3209 
3210 
3211 
3212 
3213 
3214 
3215 
3216 4644 
3217 
3218 
3219 
3220 
3221 
3222 
3223 
3224 
3225 
3226 3233 
3227 
3228 4267 
3229 
3230 
3231 
3232 
3233 
3234 
3235 
3236 
3237 
3238 
3239 3247 
3240 
3241 3445 
3242 
3243 
3244 
3245 
3246 
3247 
3248 
3249 
3250 
3251 
3252 
3253 
3254 
3255 4654 
3256 
3257 
3258 
3259 
3260 
3261 
3262 
3263 
3264 
3265 
3266 
3267 
3268 
3269 
3270 
3271 
3272 
3273 
3274 
3275 
3276 
3277 
3278 
3279 
3280 
3281 
3282 
3283 
3284 3937 
3285 
3286 3623 
3287 
3288 
3289 
3290 
3291 
3292 
3293 
3294 4101 
3295 
3296 
3297 
3298 
3299 
3300 
3301 
3302 
3303 
3304 
3305 
3306 
3307 
3308 
3309 
3310 
3311 
3312 
3313 
3314 
3315 
3316 
3317 
3318 
3319 4692 
3320 
3321 
3322 
3323 
3324 
3325 
3326 
3327 
3328 
3329 
3330 
3331 
3332 4979 
3333 4625 4730 
3334 4384 
3335 3435 
3336 4181 4710 
3337 
3338 
3339 
3340 3644 3970 
3341 3929 4319 4483 4707 
3342 4075 
3343 
3344 
3345 
3346 
3347 
3348 
3349 
3350 
3351 3607 
3352 3787 
3353 3727 4056 4492 
3354 
3355 4271 4611 
3356 
3357 4648 
3358 
3359 3669 4547 
3360 
3361 4194 4989 
3362 
3363 3620 
3364 
3365 4391 
3366 
3367 
3368 
3369 
3370 4497 
3371 
3372 3705 
3373 4670 
3374 3687 4218 
3375 4552 
3376 3794 
3377 
3378 3627 
3379 
3380 3911 4996 
3381 
3382 
3383 4003 
3384 
3385 
3386 3880 4064 
3387 3806 
3388 4062 
3389 4869 
3390 
3391 
3392 
3393 3474 3656 
3394 3401 
3395 
3396 
3397 
3398 
3399 3799 4577 
3400 4529 4662 
3401 3511 3883 
3402 
3403 
3404 4210 4525 4633 
3405 3500 3599 
3406 
3407 4288 
3408 3990 
3409 3587 
3410 3825 4311 
3411 4388 
3412 
3413 
3414 
3415 4575 
3416 
3417 
3418 3907 
3419 
3420 
3421 
3422 3555 3987 
3423 
3424 
3425 
3426 4286 
3427 4857 
3428 3610 4146 
3429 
3430 4254 4788 
3431 4815 
3432 4154 4624 
3433 3814 
3434 
3435 
3436 3930 4046 4326 4464 
3437 
3438 
3439 
3440 3608 
3441 4398 
3442 3988 4604 
3443 
3444 
3445 
3446 
3447 
3448 4642 4847 
3449 
3450 
3451 4048 
3452 
3453 
3454 3569 4806 
3455 
3456 
3457 
3458 
3459 
3460 4620 
3461 
3462 
3463 
3464 4632 
3465 
3466 
3467 
3468 3798 
3469 3996 
3470 4307 
3471 
3472 3703 
3473 4005 
3474 4780 
3475 3640 4788 
3476 
3477 
3478 
3479 
3480 
3481 3553 4659 
3482 
3483 
3484 4818 
3485 3803 4564 4938 
3486 
3487 
3488 
3489 
3490 
3491 4043 
3492 3724 4370 4606 
3493 4037 
3494 
3495 
3496 
3497 
3498 4556 
3499 
3500 
3501 3580 
3502 3693 3719 
3503 4203 4302 
3504 
3505 3612 3888 4441 4912 
3506 3713 
3507 3763 
3508 
3509 
3510 
3511 
3512 3977 
3513 3698 
3514 
3515 3937 4137 4931 
3516 4240 
3517 3543 
3518 
3519 3695 4671 
3520 3883 
3521 4694 
3522 
3523 3765 4161 
3524 3534 
3525 
3526 
3527 3732 
3528 3900 
3529 4956 
3530 
3531 
3532 
3533 4749 
3534 
3535 3866 
3536 4622 
3537 
3538 
3539 4567 
3540 
3541 3996 
3542 4131 4362 
3543 4806 
3544 
3545 3664 
3546 
3547 
3548 4276 
3549 
3550 3848 
3551 
3552 4085 4531 
3553 
3554 
3555 4011 4537 
3556 
3557 4236 4547 4588 
3558 
3559 
3560 
3561 
3562 3826 
3563 4334 
3564 
3565 
3566 4204 
3567 3731 4492 4892 
3568 
3569 3635 
3570 
3571 4646 
3572 
3573 
3574 
3575 4916 
3576 
3577 4763 4847 
3578 4390 
3579 
3580 4987 
3581 3909 
3582 
3583 
3584 
3585 4287 
3586 
3587 3722 
3588 
3589 4482 
3590 3698 
3591 3654 
3592 
3593 
3594 3636 
3595 
3596 4484 4541 4552 
3597 
3598 4132 
3599 4735 
3600 
3601 
3602 
3603 
3604 
3605 
3606 
3607 
3608 4699 
3609 
3610 
3611 4222 
3612 4509 
3613 
3614 
3615 
3616 
3617 
3618 
3619 4954 
3620 4530 
3621 4322 
3622 
3623 
3624 4922 
3625 3841 
3626 4788 
3627 4191 4219 
3628 
3629 
3630 
3631 
3632 
3633 
3634 4671 
3635 
3636 
3637 
3638 
3639 
3640 4716 4777 
3641 
3642 3780 
3643 
3644 3706 4983 
3645 
3646 4898 
3647 3675 3861 4376 4463 
3648 
3649 
3650 
3651 
3652 
3653 
3654 
3655 
3656 
3657 
3658 
3659 4023 4684 
3660 3767 
3661 
3662 
3663 4365 
3664 
3665 
3666 4619 
3667 3972 4314 4705 
3668 
3669 4060 4670 
3670 4628 
3671 
3672 3676 4350 4734 
3673 
3674 3967 
3675 
3676 4384 
3677 
3678 
3679 
3680 4042 
3681 
3682 3849 4228 
3683 3927 
3684 
3685 3694 4761 
3686 
3687 
3688 4229 
3689 
3690 
3691 4289 4638 
3692 
3693 
3694 4649 
3695 4364 
3696 3846 
3697 
3698 4525 
3699 
3700 
3701 
3702 4366 
3703 
3704 
3705 
3706 
3707 4802 
3708 4235 
3709 
3710 
3711 
3712 
3713 4588 
3714 
3715 4273 
3716 4779 
3717 3901 
3718 4230 4362 
3719 4368 
3720 
3721 
3722 
3723 3896 4251 
3724 4549 
3725 
3726 
3727 4891 
3728 3914 
3729 
3730 
3731 
3732 4022 4703 
3733 
3734 
3735 
3736 
3737 
3738 
3739 
3740 4455 
3741 3971 4737 
3742 
3743 
3744 
3745 
3746 
3747 
3748 
3749 3846 4687 
3750 4316 
3751 4600 
3752 
3753 
3754 
3755 3812 
3756 3889 
3757 4052 
3758 
3759 
3760 
3761 
3762 
3763 
3764 4252 
3765 
3766 4433 
3767 
3768 4658 
3769 
3770 
3771 
3772 
3773 4179 
3774 
3775 3896 4119 
3776 4519 
3777 3830 4338 4686 
3778 4471 4961 
3779 
3780 
3781 
3782 
3783 
3784 3809 
3785 
3786 4097 
3787 
3788 
3789 4125 
3790 
3791 
3792 
3793 
3794 
3795 
3796 
3797 4305 
3798 
3799 
3800 
3801 
3802 
3803 
3804 
3805 4347 
3806 4328 
3807 4256 4746 4784 
3808 3993 
3809 4119 
3810 
3811 
3812 
3813 
3814 
3815 4409 
3816 4101 
3817 3982 
3818 
3819 
3820 4630 4903 
3821 
3822 4614 
3823 
3824 
3825 
3826 
3827 
3828 
3829 
3830 
3831 4920 
3832 
3833 4339 4686 
3834 4331 
3835 4011 
3836 4515 
3837 4619 
3838 
3839 
3840 3952 
3841 
3842 
3843 4545 
3844 
3845 
3846 
3847 4062 
3848 4239 
3849 4496 
3850 4563 
3851 
3852 
3853 4846 
3854 
3855 
3856 
3857 
3858 3923 4777 4899 
3859 
3860 4838 
3861 4893 
3862 4219 
3863 
3864 
3865 
3866 4582 4925 
3867 
3868 4804 
3869 
3870 
3871 3914 
3872 4942 
3873 
3874 
3875 
3876 3897 
3877 
3878 
3879 
3880 
3881 
3882 
3883 
3884 
3885 
3886 4006 
3887 
3888 
3889 4987 
3890 
3891 4486 
3892 
3893 
3894 4485 
3895 
3896 
3897 
3898 
3899 3982 
3900 4523 4854 
3901 
3902 4841 
3903 4949 
3904 
3905 4874 
3906 
3907 
3908 4169 4589 
3909 4061 4620 
3910 
3911 
3912 
3913 
3914 
3915 4955 
3916 4149 
3917 
3918 
3919 
3920 3949 
3921 
3922 
3923 4494 4551 
3924 4211 
3925 4434 
3926 4303 
3927 
3928 
3929 
3930 4047 
3931 4933 
3932 
3933 
3934 
3935 
3936 4414 
3937 
3938 4161 
3939 4287 
3940 4886 
3941 
3942 
3943 
3944 4816 
3945 4058 
3946 
3947 
3948 
3949 
3950 4440 
3951 
3952 
3953 
3954 
3955 
3956 
3957 
3958 
3959 
3960 4153 4970 
3961 
3962 
3963 4215 
3964 
3965 
3966 
3967 
3968 
3969 4271 4717 
3970 
3971 
3972 4231 
3973 
3974 
3975 
3976 
3977 4380 
3978 
3979 
3980 
3981 
3982 
3983 
3984 
3985 4549 
3986 
3987 4813 
3988 
3989 
3990 
3991 
3992 
3993 4008 
3994 4744 
3995 4016 4270 
3996 
3997 
3998 
3999 4137 
4000 
4001 
4002 
4003 
4004 
4005 4257 4731 
4006 4643 
4007 
4008 
4009 
4010 
4011 4318 
4012 
4013 
4014 
4015 
4016 4092 
4017 
4018 
4019 
4020 4668 
4021 4308 
4022 4691 
4023 4117 
4024 
4025 4062 
4026 
4027 
4028 
4029 4994 
4030 
4031 
4032 
4033 
4034 
4035 
4036 
4037 
4038 
4039 
4040 
4041 4180 
4042 
4043 
4044 
4045 
4046 4203 
4047 
4048 
4049 4124 
4050 
4051 
4052 
4053 
4054 4929 
4055 
4056 4683 
4057 4141 
4058 4415 
4059 
4060 
4061 
4062 4993 
4063 
4064 4284 
4065 4723 
4066 
4067 
4068 4667 4874 
4069 4655 
4070 4393 
4071 
4072 
4073 4377 
4074 
4075 
4076 
4077 
4078 
4079 
4080 
4081 
4082 
4083 
4084 
4085 
4086 
4087 
4088 
4089 
4090 
4091 
4092 4712 
4093 
4094 4524 
4095 
4096 
4097 
4098 
4099 
4100 4648 
4101 
4102 
4103 
4104 
4105 
4106 4958 
4107 
4108 
4109 4934 
4110 
4111 4138 
4112 4410 
4113 
4114 
4115 4711 
4116 
4117 
4118 
4119 
4120 
4121 
4122 
4123 
4124 
4125 
4126 
4127 
4128 
4129 
4130 
4131 
4132 4342 
4133 
4134 
4135 4657 
4136 
4137 
4138 4884 
4139 4687 
4140 4386 
4141 4802 
4142 
4143 4702 
4144 4582 
4145 
4146 
4147 4708 
4148 4255 
4149 
4150 4812 
4151 
4152 
4153 
4154 4757 
4155 
4156 4752 
4157 
4158 
4159 
4160 
4161 
4162 
4163 
4164 
4165 
4166 
4167 
4168 
4169 
4170 
4171 4808 
4172 4262 
4173 
4174 4866 
4175 4527 
4176 
4177 
4178 
4179 4603 
4180 
4181 
4182 
4183 4483 
4184 4879 
4185 
4186 
4187 
4188 4911 
4189 
4190 
4191 4248 
4192 4827 
4193 
4194 
4195 
4196 
4197 4609 
4198 
4199 4978 
4200 
4201 4909 
4202 
4203 4895 4957 
4204 
4205 
4206 
4207 
4208 
4209 
4210 4512 
4211 
4212 
4213 4845 
4214 4813 
4215 
4216 4249 
4217 4850 
4218 
4219 
4220 
4221 4383 
4222 
4223 
4224 
4225 
4226 
4227 
4228 
4229 
4230 4789 
4231 
4232 4931 
4233 
4234 
4235 
4236 4953 
4237 
4238 
4239 4249 4907 
4240 
4241 
4242 
4243 4760 
4244 
4245 
4246 
4247 
4248 
4249 
4250 
4251 
4252 
4253 
4254 4310 
4255 
4256 4684 
4257 
4258 4798 
4259 
4260 4330 
4261 4509 
4262 
4263 
4264 
4265 
4266 
4267 
4268 
4269 
4270 
4271 
4272 
4273 4391 
4274 
4275 
4276 
4277 4350 
4278 
4279 
4280 4986 
4281 
4282 4562 
4283 4419 4646 4918 
4284 4591 4932 
4285 
4286 
4287 
4288 4716 4952 
4289 
4290 
4291 
4292 
4293 
4294 4361 
4295 4634 
4296 
4297 
4298 
4299 
4300 
4301 
4302 4503 4626 
4303 
4304 
4305 4532 4902 
4306 4402 
4307 
4308 
4309 
4310 4314 4785 
4311 
4312 4361 
4313 
4314 
4315 
4316 
4317 4326 
4318 
4319 
4320 
4321 
4322 
4323 
4324 4912 
4325 4647 
4326 4979 
4327 
4328 
4329 
4330 
4331 4770 4857 
4332 
4333 
4334 
4335 4908 
4336 
4337 
4338 
4339 4967 
4340 4459 
4341 
4342 
4343 
4344 
4345 
4346 4460 
4347 4408 
4348 
4349 
4350 
4351 
4352 
4353 
4354 
4355 
4356 
4357 4719 
4358 
4359 
4360 4698 
4361 
4362 
4363 4528 
4364 
4365 
4366 4395 
4367 
4368 4685 
4369 
4370 
4371 
4372 
4373 
4374 4587 4741 
4375 
4376 
4377 4524 
4378 
4379 4924 
4380 
4381 4478 
4382 4689 4732 4966 
4383 4644 
4384 
4385 4420 4440 
4386 
4387 
4388 
4389 
4390 
4391 
4392 
4393 
4394 
4395 
4396 
4397 
4398 
4399 
4400 4496 
4401 
4402 4832 
4403 
4404 
4405 
4406 4783 
4407 
4408 
4409 4544 
4410 
4411 4812 
4412 
4413 
4414 
4415 
4416 
4417 4966 
4418 
4419 
4420 
4421 
4422 
4423 4948 
4424 
4425 
4426 
4427 4974 
4428 
4429 
4430 
4431 
4432 
4433 
4434 
4435 
4436 
4437 
4438 
4439 
4440 
4441 
4442 
4443 4934 
4444 
4445 4994 
4446 
4447 
4448 
4449 
4450 4460 4661 
4451 
4452 
4453 
4454 
4455 
4456 4568 
4457 
4458 
4459 
4460 
4461 
4462 4553 
4463 
4464 4661 
4465 
4466 
4467 
4468 
4469 4969 
4470 
4471 4501 
4472 
4473 4824 
4474 
4475 
4476 
4477 
4478 
4479 
4480 
4481 
4482 
4483 
4484 
4485 4825 
4486 
4487 4527 
4488 4716 
4489 
4490 
4491 
4492 
4493 
4494 4859 
4495 
4496 4622 
4497 4826 
4498 
4499 4510 
4500 
4501 
4502 
4503 
4504 
4505 
4506 
4507 
4508 
4509 
4510 
4511 
4512 
4513 
4514 4828 
4515 4690 
4516 
4517 
4518 4794 
4519 
4520 
4521 
4522 4941 
4523 
4524 
4525 
4526 
4527 
4528 
4529 
4530 
4531 4989 
4532 
4533 
4534 
4535 
4536 
4537 
4538 
4539 
4540 
4541 
4542 
4543 4865 
4544 
4545 4858 
4546 
4547 4864 
4548 
4549 4944 
4550 
4551 
4552 
4553 4757 
4554 4868 
4555 
4556 
4557 
4558 
4559 
4560 
4561 
4562 
4563 4915 
4564 
4565 
4566 
4567 
4568 
4569 
4570 
4571 
4572 
4573 
4574 4673 4954 
4575 
4576 
4577 
4578 
4579 
4580 
4581 
4582 
4583 4918 
4584 
4585 4990 
4586 
4587 
4588 4697 
4589 
4590 
4591 
4592 
4593 
4594 
4595 
4596 
4597 
4598 4927 
4599 
4600 
4601 4686 
4602 
4603 
4604 
4605 
4606 4978 
4607 
4608 
4609 
4610 
4611 
4612 
4613 
4614 
4615 
4616 
4617 
4618 
4619 
4620 
4621 
4622 4906 
4623 
4624 
4625 
4626 
4627 
4628 
4629 
4630 
4631 
4632 
4633 
4634 
4635 
4636 
4637 4801 
4638 
4639 
4640 
4641 
4642 
4643 
4644 
4645 
4646 
4647 
4648 
4649 
4650 
4651 4915 
4652 
4653 
4654 
4655 
4656 
4657 4680 
4658 
4659 
4660 
4661 
4662 
4663 
4664 4913 
4665 
4666 4826 
4667 
4668 
4669 
4670 
4671 
4672 
4673 
4674 
4675 4904 
4676 
4677 
4678 
4679 
4680 
4681 
4682 
4683 4956 
4684 
4685 
4686 
4687 
4688 
4689 
4690 
4691 
4692 
4693 
4694 4905 
4695 
4696 
4697 
4698 
4699 
4700 
4701 
4702 
4703 
4704 
4705 
4706 
4707 
4708 
4709 
4710 
4711 
4712 
4713 
4714 
4715 
4716 
4717 
4718 
4719 
4720 
4721 
4722 
4723 
4724 
4725 
4726 
4727 
4728 
4729 4732 
4730 
4731 4966 
4732 
4733 
4734 
4735 
4736 
4737 
4738 
4739 
4740 
4741 
4742 
4743 
4744 
4745 
4746 
4747 
4748 
4749 
4750 
4751 
4752 
4753 
4754 
4755 
4756 
4757 
4758 
4759 
4760 
4761 
4762 
4763 
4764 
4765 
4766 
4767 
4768 
4769 
4770 
4771 
4772 
4773 
4774 
4775 
4776 4903 
4777 
4778 
4779 
4780 
4781 
4782 
4783 
4784 
4785 4973 
4786 4922 
4787 
4788 
4789 
4790 
4791 
4792 
4793 
4794 
4795 
4796 
4797 
4798 
4799 
4800 
4801 
4802 4941 
4803 
4804 
4805 
4806 
4807 
4808 
4809 
4810 
4811 
4812 
4813 4985 
4814 
4815 4983 
4816 
4817 
4818 
4819 
4820 
4821 
4822 
4823 
4824 
4825 
4826 
4827 
4828 
4829 
4830 
4831 
4832 4834 
4833 
4834 
4835 
4836 
4837 
4838 4961 
4839 
4840 
4841 
4842 
4843 
4844 
4845 
4846 
4847 
4848 
4849 
4850 
4851 
4852 
4853 
4854 
4855 
4856 
4857 
4858 
4859 
4860 
4861 
4862 
4863 
4864 
4865 
4866 4872 
4867 
4868 
4869 
4870 
4871 
4872 
4873 4951 
4874 
4875 
4876 4932 
4877 
4878 
4879 
4880 
4881 
4882 
4883 
4884 
4885 
4886 
4887 
4888 
4889 
4890 
4891 
4892 
4893 
4894 4906 
4895 
4896 
4897 
4898 
4899 
4900 
4901 
4902 
4903 
4904 
4905 
4906 4928 4980 
4907 
4908 
4909 
4910 
4911 
4912 
4913 
4914 
4915 
4916 
4917 
4918 
4919 
4920 
4921 
4922 
4923 
4924 
4925 
4926 
4927 
4928 
4929 
4930 
4931 
4932 
4933 
4934 
4935 
4936 
4937 
4938 
4939 
4940 
4941 
4942 
4943 
4944 
4945 
4946 
4947 
4948 
4949 
4950 
4951 
4952 
4953 
4954 
4955 
4956 
4957 
4958 
4959 
4960 
4961 
4962 
4963 
4964 
4965 
4966 
4967 
4968 
4969 4979 
4970 
4971 
4972 
4973 
4974 
4975 
4976 
4977 
4978 
4979 
4980 
4981 
4982 
4983 
4984 
4985 
4986 
4987 
4988 
4989 
4990 
4991 
4992 
4993 
4994 
4995 
4996 
4997 
4998 
4999 
[0, 0, 0, 0, 0, 0, 0, 0, 0, 0, 0, 0, 0, 0, 0, 0, 0, 0, 0, 0, 0, 0, 0, 0, 0, 0, 0, 0, 0, 0, 0, 0, 0, 0, 0, 0, 0, 0, 0, 0, 0, 0, 0, 0, 0, 0, 0, 0, 0, 0, 0, 0, 0, 0, 0, 0, 0, 0, 0, 0, 0, 0, 0, 0, 0, 0, 0, 0, 0, 0, 0, 0, 0, 0, 0, 0, 0, 0, 0, 0, 0, 0, 0, 0, 0, 0, 0, 0, 0, 0, 0, 0, 0, 0, 0, 0, 0, 0, 0, 0, 0, 0, 0, 0, 0, 0, 0, 0, 0, 0, 0, 0, 0, 0, 0, 0, 0, 0, 0, 0, 0, 0, 0, 0, 0, 0, 0, 0, 0, 0, 0, 0, 0, 0, 0, 0, 0, 0, 0, 0, 0, 0, 0, 0, 0, 0, 0, 0, 0, 0, 0, 0, 0, 0, 0, 0, 0, 0, 0, 0, 0, 0, 0, 0, 0, 0, 0, 0, 0, 0, 0, 0, 0, 0, 0, 0, 0, 0, 0, 0, 0, 0, 0, 0, 0, 0, 0, 0, 0, 0, 0, 0, 0, 0, 0, 0, 0, 0, 0, 0, 0, 0, 0, 0, 0, 0, 0, 0, 0, 0, 0, 0, 0, 0, 0, 0, 0, 0, 0, 0, 0, 0, 0, 0, 0, 0, 0, 0, 0, 0, 0, 0, 0, 0, 0, 0, 0, 0, 0, 0, 0, 0, 0, 0, 0, 0, 0, 0, 0, 0, 0, 0, 0, 0, 0, 0, 0, 0, 0, 0, 0, 0, 0, 0, 0, 0, 0, 0, 0, 0, 0, 0, 0, 0, 0, 0, 0, 0, 0, 0, 0, 0, 0, 0, 0, 0, 0, 0, 0, 0, 0, 0, 0, 0, 0, 0, 0, 0, 0, 0, 0, 0, 0, 0, 0, 0, 0, 0, 0, 0, 0, 0, 0, 0, 0, 0, 0, 0, 0, 0, 0, 0, 0, 0, 0, 0, 0, 0, 0, 0, 0, 0, 0, 0, 0, 0, 0, 0, 0, 0, 0, 0, 0, 0, 0, 0, 0, 0, 0, 0, 0, 0, 0, 0, 0, 0, 0, 0, 0, 0, 0, 0, 0, 0, 0, 0, 0, 0, 0, 0, 0, 0, 0, 0, 0, 0, 0, 0, 0, 0, 0, 0, 0, 0, 0, 0, 0, 0, 0, 0, 0, 0, 0, 0, 0, 0, 0, 0, 0, 0, 0, 0, 0, 0, 0, 0, 0, 0, 0, 0, 0, 0, 0, 0, 0, 0, 0, 0, 0, 0, 0, 0, 0, 0, 0, 0, 0, 0, 0, 0, 0, 0, 0, 0, 0, 0, 0, 0, 0, 0, 0, 0, 0, 0, 0, 0, 0, 0, 0, 0, 0, 0, 0, 0, 0, 0, 0, 0, 0, 0, 0, 0, 0, 0, 0, 0, 0, 0, 0, 0, 0, 0, 0, 0, 0, 0, 0, 0, 0, 0, 0, 0, 0, 0, 0, 0, 0, 0, 0, 0, 0, 0, 0, 0, 0, 0, 0, 0, 0, 0, 0, 0, 0, 0, 0, 0, 0, 0, 0, 0, 0, 0, 0, 0, 0, 0, 0, 0, 0, 0, 0, 0, 0, 0, 0, 0, 0, 0, 0, 0, 0, 0, 0, 0, 0, 0, 0, 0, 0, 0, 0, 0, 0, 0, 0, 0, 0, 0, 0, 0, 0, 0, 0, 0, 0, 0, 0, 0, 0, 0, 0, 0, 0, 0, 0, 0, 0, 0, 0, 0, 0, 0, 0, 0, 0, 0, 0, 0, 0, 0, 0, 0, 0, 0, 0, 0, 0, 0, 0, 0, 0, 0, 0, 0, 0, 0, 0, 0, 0, 0, 0, 0, 0, 0, 0, 0, 0, 0, 0, 0, 0, 0, 0, 0, 0, 0, 0, 0, 0, 0, 0, 0, 0, 0, 0, 0, 0, 0, 0, 0, 0, 0, 0, 0, 0, 0, 0, 0, 0, 0, 0, 0, 0, 0, 0, 0, 0, 0, 0, 0, 0, 0, 0, 0, 0, 0, 0, 0, 0, 0, 0, 0, 0, 0, 0, 0, 0, 0, 0, 0, 0, 0, 0, 0, 0, 0, 0, 0, 0, 0, 0, 0, 0, 0, 0, 0, 0, 0, 0, 0, 0, 0, 0, 0, 0, 0, 0, 0, 0, 0, 0, 0, 0, 0, 0, 0, 0, 0, 0, 0, 0, 0, 0, 0, 0, 0, 0, 0, 0, 0, 0, 0, 0, 0, 0, 0, 0, 0, 0, 0, 0, 0, 0, 0, 0, 0, 0, 0, 0, 0, 0, 0, 0, 0, 0, 0, 0, 0, 0, 0, 0, 0, 0, 0, 0, 0, 0, 0, 0, 0, 0, 0, 0, 0, 0, 0, 0, 0, 0, 0, 0, 0, 0, 0, 0, 0, 0, 0, 0, 0, 0, 0, 0, 0, 0, 0, 0, 0, 0, 0, 0, 0, 0, 0, 0, 0, 0, 0, 0, 0, 0, 0, 0, 0, 0, 0, 0, 0, 0, 0, 0, 0, 0, 0, 0, 0, 0, 0, 0, 0, 0, 0, 0, 0, 0, 0, 0, 0, 0, 0, 0, 0, 0, 0, 0, 0, 0, 0, 0, 0, 0, 0, 0, 0, 0, 0, 0, 0, 0, 0, 0, 0, 0, 0, 0, 0, 0, 0, 0, 0, 0, 0, 0, 0, 0, 0, 0, 0, 0, 0, 0, 0, 0, 0, 0, 0, 0, 0, 0, 0, 0, 0, 0, 0, 0, 0, 0, 0, 0, 0, 0, 0, 0, 0, 0, 0, 0, 0, 0, 0, 0, 0, 0, 0, 0, 0, 0, 0, 0, 0, 0, 0, 0, 0, 0, 0, 0, 0, 0, 0, 0, 0, 0, 0, 0, 0, 0, 0, 0, 0, 0, 0, 0, 0, 0, 0, 0, 0, 0, 0, 0, 0, 0, 0, 0, 0, 0, 0, 0, 0, 0, 0, 0, 0, 0, 0, 0, 0, 0, 0, 0, 0, 0, 0, 0, 0, 0, 0, 0, 0, 0, 0, 0, 0, 0, 0, 0, 0, 0, 0, 0, 0, 0, 0, 0, 0, 0, 0, 0, 0, 0, 0, 0, 0, 0, 0, 0, 0, 0, 0, 0, 0, 0, 0, 0, 0, 0, 0, 0, 0, 0, 0, 0, 0, 0, 0, 0, 0, 0, 0, 0, 0, 0, 0, 0, 0, 0, 0, 0, 0, 0, 0, 0, 0, 0, 0, 0, 0, 0, 0, 0, 0, 0, 0, 0, 0, 0, 0, 0, 0, 0, 0, 0, 0, 0, 0, 0, 0, 0, 0, 0, 0, 0, 0, 0, 0, 0, 0, 0, 0, 0, 0, 0, 0, 0, 0, 0, 0, 0, 0, 0, 0, 0, 0, 0, 0, 0, 0, 0, 0, 0, 0, 0, 0, 0, 0, 0, 0, 0, 0, 0, 0, 0, 0, 0, 0, 0, 0, 0, 0, 0, 0, 0, 0, 0, 0, 0, 0, 0, 0, 0, 0, 0, 0, 0, 0, 0, 0, 0, 0, 0, 0, 0, 0, 0, 0, 0, 0, 0, 0, 0, 0, 0, 0, 0, 0, 0, 0, 0, 0, 0, 0, 0, 0, 0, 0, 0, 0, 0, 0, 0, 0, 0, 0, 0, 0, 0, 0, 0, 0, 0, 0, 0, 0, 0, 0, 0, 0, 0, 0, 0, 0, 0, 0, 0, 0, 0, 0, 0, 0, 0, 0, 0, 0, 0, 0, 0, 0, 0, 0, 0, 0, 0, 0, 0, 0, 0, 0, 0, 0, 0, 0, 0, 0, 0, 0, 0, 0, 0, 0, 0, 0, 0, 0, 0, 0, 0, 0, 0, 0, 0, 0, 0, 0, 0, 0, 0, 0, 0, 0, 0, 0, 0, 0, 0, 0, 0, 0, 0, 0, 0, 0, 0, 0, 0, 0, 0, 0, 0, 0, 0, 0, 0, 0, 0, 0, 0, 0, 0, 0, 0, 0, 0, 0, 0, 0, 0, 0, 0, 0, 0, 0, 0, 0, 0, 0, 0, 0, 0, 0, 0, 0, 0, 0, 0, 0, 0, 0, 0, 0, 0, 0, 0, 0, 0, 0, 0, 0, 0, 0, 0, 0, 0, 0, 0, 0, 0, 0, 0, 0, 0, 0, 0, 0, 0, 0, 0, 0, 0, 0, 0, 0, 0, 0, 0, 0, 0, 0, 0, 0, 0, 0, 0, 0, 0, 0, 0, 0, 0, 0, 0, 0, 0, 0, 0, 0, 0, 0, 0, 0, 0, 0, 0, 0, 0, 0, 0, 0, 0, 0, 0, 0, 0, 0, 0, 0, 0, 0, 0, 0, 0, 0, 0, 0, 0, 0, 0, 0, 0, 0, 0, 0, 0, 0, 0, 0, 0, 0, 0, 0, 0, 0, 0, 0, 0, 0, 0, 0, 0, 0, 0, 0, 0, 0, 0, 0, 0, 0, 0, 0, 0, 0, 0, 0, 0, 0, 0, 0, 0, 0, 0, 0, 0, 0, 0, 0, 0, 0, 0, 0, 0, 0, 0, 0, 0, 0, 0, 0, 0, 0, 0, 0, 0, 0, 0, 0, 0, 0, 0, 0, 0, 0, 0, 0, 0, 0, 0, 0, 0, 0, 0, 0, 0, 0, 0, 0, 0, 0, 0, 0, 0, 0, 0, 0, 0, 0, 0, 0, 0, 0, 0, 0, 0, 0, 0, 0, 0, 0, 0, 0, 0, 0, 0, 0, 0, 0, 0, 0, 0, 0, 0, 0, 0, 0, 0, 0, 0, 0, 0, 0, 0, 0, 0, 0, 0, 0, 0, 0, 0, 0, 0, 0, 0, 0, 0, 0, 0, 0, 0, 0, 0, 0, 0, 0, 0, 0, 0, 0, 0, 0, 0, 0, 0, 0, 0, 0, 0, 0, 0, 0, 0, 0, 0, 0, 0, 0, 0, 0, 0, 0, 0, 0, 0, 0, 0, 0, 0, 0, 0, 0, 0, 0, 0, 0, 0, 0, 0, 0, 0, 0, 0, 0, 0, 0, 0, 0, 0, 0, 0, 0, 0, 0, 0, 0, 0, 0, 0, 0, 0, 0, 0, 0, 0, 0, 0, 0, 0, 0, 0, 0, 0, 0, 0, 0, 0, 0, 0, 0, 0, 0, 0, 0, 0, 0, 0, 0, 0, 0, 0, 0, 0, 0, 0, 0, 0, 0, 0, 0, 0, 0, 0, 0, 0, 0, 0, 0, 0, 0, 0, 0, 0, 0, 0, 0, 0, 0, 1, 1, 1, 1, 1, 1, 1, 1, 1, 1, 1, 1, 1, 1, 1, 1, 1, 1, 1, 1, 1, 1, 1, 1, 1, 1, 1, 1, 1, 1, 1, 1, 1, 1, 1, 1, 1, 1, 1, 1, 1, 1, 1, 1, 1, 1, 1, 1, 1, 1, 1, 1, 1, 1, 1, 1, 1, 1, 1, 1, 1, 1, 1, 1, 1, 1, 1, 1, 1, 1, 1, 1, 1, 1, 1, 1, 1, 1, 1, 1, 1, 1, 1, 1, 1, 1, 1, 1, 1, 1, 1, 1, 1, 1, 1, 1, 1, 1, 1, 1, 1, 1, 1, 1, 1, 1, 1, 1, 1, 1, 1, 1, 1, 1, 1, 1, 1, 1, 1, 1, 1, 1, 1, 1, 1, 1, 1, 1, 1, 1, 1, 1, 1, 1, 1, 1, 1, 1, 1, 1, 1, 1, 1, 1, 1, 1, 1, 1, 1, 1, 1, 1, 1, 1, 1, 1, 1, 1, 1, 1, 1, 1, 1, 1, 1, 1, 1, 1, 1, 1, 1, 1, 1, 1, 1, 1, 1, 1, 1, 1, 1, 1, 1, 1, 1, 1, 1, 1, 1, 1, 1, 1, 1, 1, 1, 1, 1, 1, 1, 1, 1, 1, 1, 1, 1, 1, 1, 1, 1, 1, 1, 1, 1, 1, 1, 1, 1, 1, 1, 1, 1, 1, 1, 1, 1, 1, 1, 1, 1, 1, 1, 1, 1, 1, 1, 1, 1, 1, 1, 1, 1, 1, 1, 1, 1, 1, 1, 1, 1, 1, 1, 1, 1, 1, 1, 1, 1, 1, 1, 1, 1, 1, 1, 1, 1, 1, 1, 1, 1, 1, 1, 1, 1, 1, 1, 1, 1, 1, 1, 1, 1, 1, 1, 1, 1, 1, 1, 1, 1, 1, 1, 1, 1, 1, 1, 1, 1, 1, 1, 1, 1, 1, 1, 1, 1, 1, 1, 1, 1, 1, 1, 1, 1, 1, 1, 1, 1, 1, 1, 1, 1, 1, 1, 1, 1, 1, 1, 1, 1, 1, 1, 1, 1, 1, 1, 1, 1, 1, 1, 1, 1, 1, 1, 1, 1, 1, 1, 1, 1, 1, 1, 1, 1, 1, 1, 1, 1, 1, 1, 1, 1, 1, 1, 1, 1, 1, 1, 1, 1, 1, 1, 1, 1, 1, 1, 1, 1, 1, 1, 1, 1, 1, 1, 1, 1, 1, 1, 1, 1, 1, 1, 1, 1, 1, 1, 1, 1, 1, 1, 1, 1, 1, 1, 1, 1, 1, 1, 1, 1, 1, 1, 1, 1, 1, 1, 1, 1, 1, 1, 1, 1, 1, 1, 1, 1, 1, 1, 1, 1, 1, 1, 1, 1, 1, 1, 1, 1, 1, 1, 1, 1, 1, 1, 1, 1, 1, 1, 1, 1, 1, 1, 1, 1, 1, 1, 1, 1, 1, 1, 1, 1, 1, 1, 1, 1, 1, 1, 1, 1, 1, 1, 1, 1, 1, 1, 1, 1, 1, 1, 1, 1, 1, 1, 1, 1, 1, 1, 1, 1, 1, 1, 1, 1, 1, 1, 1, 1, 1, 1, 1, 1, 1, 1, 1, 1, 1, 1, 1, 1, 1, 1, 1, 1, 1, 1, 1, 1, 1, 1, 1, 1, 1, 1, 1, 1, 1, 1, 1, 1, 1, 1, 1, 1, 1, 1, 1, 1, 1, 1, 1, 1, 1, 1, 1, 1, 1, 1, 1, 1, 1, 1, 1, 1, 1, 1, 1, 1, 1, 1, 1, 1, 1, 1, 1, 1, 1, 1, 1, 1, 1, 1, 1, 1, 1, 1, 1, 1, 1, 1, 1, 1, 1, 1, 1, 1, 1, 1, 1, 1, 1, 1, 1, 1, 1, 1, 1, 1, 1, 1, 1, 1, 1, 1, 1, 1, 1, 1, 1, 1, 1, 1, 1, 1, 1, 1, 1, 1, 1, 1, 1, 1, 1, 1, 1, 1, 1, 1, 1, 1, 1, 1, 1, 1, 1, 1, 1, 1, 1, 1, 1, 1, 1, 1, 1, 1, 1, 1, 1, 1, 1, 1, 1, 1, 1, 1, 1, 1, 1, 1, 1, 1, 1, 1, 1, 1, 1, 1, 1, 1, 1, 1, 1, 1, 1, 1, 1, 1, 1, 1, 1, 1, 1, 1, 1, 1, 1, 1, 1, 1, 1, 1, 1, 1, 1, 1, 1, 1, 1, 1, 1, 1, 1, 1, 1, 1, 1, 1, 1, 1, 1, 1, 1, 1, 1, 1, 1, 1, 1, 1, 1, 1, 1, 1, 1, 1, 1, 1, 1, 1, 1, 1, 1, 1, 1, 1, 1, 1, 1, 1, 1, 1, 1, 1, 1, 1, 1, 1, 1, 1, 1, 1, 1, 1, 1, 1, 1, 1, 1, 1, 1, 1, 1, 1, 1, 1, 1, 1, 1, 1, 1, 1, 1, 1, 1, 1, 1, 1, 1, 1, 1, 1, 1, 1, 1, 1, 1, 1, 1, 1, 1, 1, 1, 1, 1, 1, 1, 1, 1, 1, 1, 1, 1, 1, 1, 1, 1, 1, 1, 1, 1, 1, 1, 1, 1, 1, 1, 1, 1, 1, 1, 1, 1, 1, 1, 1, 1, 1, 1, 1, 1, 1, 1, 1, 1, 1, 1, 1, 1, 1, 1, 1, 1, 1, 1, 1, 1, 1, 1, 1, 1, 1, 1, 1, 1, 1, 1, 1, 1, 1, 1, 1, 1, 1, 1, 1, 1, 1, 1, 1, 1, 1, 1, 1, 1, 1, 1, 1, 1, 1, 1, 1, 1, 1, 1, 1, 1, 1, 1, 1, 1, 1, 1, 1, 1, 1, 1, 1, 1, 1, 1, 1, 1, 1, 1, 1, 1, 1, 1, 1, 1, 1, 1, 1, 1, 1, 1, 1, 1, 1, 1, 1, 1, 1, 1, 1, 1, 1, 1, 1, 1, 1, 1, 1, 1, 1, 1, 1, 1, 1, 1, 1, 1, 1, 1, 1, 1, 1, 1, 1, 1, 1, 1, 1, 1, 1, 1, 1, 1, 1, 1, 1, 1, 1, 1, 1, 1, 1, 1, 1, 1, 1, 1, 1, 1, 1, 1, 1, 1, 1, 1, 1, 1, 1, 1, 1, 1, 1, 1, 1, 1, 1, 1, 1, 1, 1, 1, 1, 1, 1, 1, 1, 1, 1, 1, 1, 1, 1, 1, 1, 1, 1, 1, 1, 1, 1, 1, 1, 1, 1, 1, 1, 1, 1, 1, 1, 1, 1, 1, 1, 1, 1, 1, 1, 1, 1, 1, 1, 1, 1, 1, 1, 1, 1, 1, 1, 1, 1, 1, 1, 1, 1, 1, 1, 1, 1, 1, 1, 1, 1, 1, 1, 1, 1, 1, 1, 1, 1, 1, 1, 1, 1, 1, 1, 1, 1, 1, 1, 1, 1, 1, 1, 1, 1, 1, 1, 1, 1, 1, 1, 1, 1, 1, 1, 1, 1, 1, 1, 1, 1, 1, 1, 1, 1, 1, 1, 1, 1, 1, 1, 1, 1, 1, 1, 1, 1, 1, 1, 1, 1, 1, 1, 1, 1, 1, 1, 1, 1, 1, 1, 1, 1, 1, 1, 1, 1, 1, 1, 1, 1, 1, 1, 1, 1, 1, 1, 1, 1, 1, 1, 1, 1, 1, 1, 1, 1, 1, 1, 1, 1, 1, 1, 1, 1, 1, 1, 1, 1, 1, 1, 1, 1, 1, 1, 1, 1, 1, 1, 1, 1, 1, 1, 1, 1, 1, 1, 1, 1, 1, 1, 1, 1, 1, 1, 1, 1, 1, 1, 1, 1, 1, 1, 1, 1, 1, 1, 1, 1, 1, 1, 1, 1, 1, 1, 1, 1, 1, 1, 1, 1, 1, 1, 1, 1, 1, 1, 1, 1, 1, 1, 1, 1, 1, 1, 1, 1, 1, 1, 1, 1, 1, 1, 1, 1, 1, 1, 1, 1, 1, 1, 1, 1, 1, 1, 1, 1, 1, 1, 1, 1, 1, 1, 1, 1, 1, 1, 1, 1, 1, 1, 1, 1, 1, 1, 1, 1, 1, 1, 1, 1, 1, 1, 1, 1, 1, 1, 1, 1, 1, 1, 1, 1, 1, 1, 1, 1, 1, 1, 1, 1, 1, 1, 1, 1, 1, 1, 1, 1, 1, 1, 1, 1, 1, 1, 1, 1, 1, 1, 1, 1, 1, 1, 1, 1, 1, 1, 1, 1, 1, 1, 1, 1, 1, 1, 1, 1, 1, 1, 1, 1, 1, 1, 1, 1, 1, 1, 1, 1, 1, 1, 1, 1, 1, 1, 1, 1, 1, 1, 1, 1, 1, 1, 1, 1, 1, 1, 1, 1, 1, 1, 1, 1, 1, 1, 1, 1, 1, 1, 1, 1, 1, 1, 1, 1, 1, 1, 1, 1, 1, 1, 1, 1, 1, 1, 1, 1, 1, 1, 1, 1, 1, 1, 1, 1, 1, 1, 1, 1, 1, 1, 1, 1, 1, 1, 1, 1, 1, 1, 1, 1, 1, 1, 1, 1, 1, 1, 1, 1, 1, 1, 1, 1, 1, 1, 1, 1, 1, 1, 1, 1, 1, 1, 1, 1, 1, 1, 1, 1, 1, 1, 1, 1, 1, 1, 1, 1, 1, 1, 1, 1, 1, 1, 1, 1, 1, 1, 1, 1, 1, 1, 1, 1, 1, 1, 1, 1, 1, 1, 1, 1, 1, 1, 1, 1, 1, 1, 1, 1, 1, 1, 1, 1, 1, 1, 1, 1, 1, 1, 1, 1, 1, 1, 1, 1, 1, 1, 1, 1, 1, 1, 1, 1, 1, 1, 1, 1, 1, 1, 1, 1, 1, 1, 1, 1, 1, 1, 1, 1, 1, 1, 1, 1, 1, 1, 1, 1, 1, 1, 1, 1, 1, 1, 1, 1, 1, 1, 1, 1, 1, 1, 1, 1, 1, 1, 1, 1, 1, 1, 1, 1, 1, 1, 1, 1, 1, 1, 1, 1, 1, 1, 1, 1, 1, 1, 1, 1, 1, 1, 1, 1, 1, 1, 1, 1, 1, 1, 1, 1, 1, 1, 1, 1, 1, 1, 1, 1, 1, 1, 1, 1, 1, 1, 1, 1, 1, 1, 1, 1, 1, 1, 1, 1, 1, 1, 1, 1, 1, 1, 1, 1, 1, 1, 1, 1, 1, 1, 1, 1, 1, 1, 1, 1, 1, 1, 1, 1, 1, 1, 1, 1, 1, 1, 1, 1, 1, 1, 1, 1, 1, 1, 1, 1, 1, 1, 1, 1, 1, 1, 1, 1, 1, 1, 1, 1, 1, 1, 1, 2, 2, 2, 2, 2, 2, 2, 2, 2, 2, 2, 2, 2, 2, 2, 2, 2, 2, 2, 2, 2, 2, 2, 2, 2, 2, 2, 2, 2, 2, 2, 2, 2, 2, 2, 2, 2, 2, 2, 2, 2, 2, 2, 2, 2, 2, 2, 2, 2, 2, 2, 2, 2, 2, 2, 2, 2, 2, 2, 2, 2, 2, 2, 2, 2, 2, 2, 2, 2, 2, 2, 2, 2, 2, 2, 2, 2, 2, 2, 2, 2, 2, 2, 2, 2, 2, 2, 2, 2, 2, 2, 2, 2, 2, 2, 2, 2, 2, 2, 2, 2, 2, 2, 2, 2, 2, 2, 2, 2, 2, 2, 2, 2, 2, 2, 2, 2, 2, 2, 2, 2, 2, 2, 2, 2, 2, 2, 2, 2, 2, 2, 2, 2, 2, 2, 2, 2, 2, 2, 2, 2, 2, 2, 2, 2, 2, 2, 2, 2, 2, 2, 2, 2, 2, 2, 2, 2, 2, 2, 2, 2, 2, 2, 2, 2, 2, 2, 2, 2, 2, 2, 2, 2, 2, 2, 2, 2, 2, 2, 2, 2, 2, 2, 2, 2, 2, 2, 2, 2, 2, 2, 2, 2, 2, 2, 2, 2, 2, 2, 2, 2, 2, 2, 2, 2, 2, 2, 2, 2, 2, 2, 2, 2, 2, 2, 2, 2, 2, 2, 2, 2, 2, 2, 2, 2, 2, 2, 2, 2, 2, 2, 2, 2, 2, 2, 2, 2, 2, 2, 2, 2, 2, 2, 2, 2, 2, 2, 2, 2, 2, 2, 2, 2, 2, 2, 2, 2, 2, 2, 2, 2, 2, 2, 2, 2, 2, 2, 2, 2, 2, 2, 2, 2, 2, 2, 2, 2, 2, 2, 2, 2, 2, 2, 2, 2, 2, 2, 2, 2, 2, 2, 2, 2, 2, 2, 2, 2, 2, 2, 2, 2, 2, 2, 2, 2, 2, 2, 2, 2, 2, 2, 2, 2, 2, 2, 2, 2, 2, 2, 2, 2, 2, 2, 2, 2, 2, 2, 2, 2, 2, 2, 2, 2, 2, 2, 2, 2, 2, 2, 2, 2, 2, 2, 2, 2, 2, 2, 2, 2, 2, 2, 2, 2, 2, 2, 2, 2, 2, 2, 2, 2, 2, 2, 2, 2, 2, 2, 2, 2, 2, 2, 2, 2, 2, 2, 2, 2, 2, 2, 2, 2, 2, 2, 2, 2, 2, 2, 2, 2, 2, 2, 2, 2, 2, 2, 2, 2, 2, 2, 2, 2, 2, 2, 2, 2, 2, 2, 2, 2, 2, 2, 2, 2, 2, 2, 2, 2, 2, 2, 2, 2, 2, 2, 2, 2, 2, 2, 2, 2, 2, 2, 2, 2, 2, 2, 2, 2, 2, 2, 2, 2, 2, 2, 2, 2, 2, 2, 2, 2, 2, 2, 2, 2, 2, 2, 2, 2, 2, 2, 2, 2, 2, 2, 2, 2, 2, 2, 2, 2, 2, 2, 2, 2, 2, 2, 2, 2, 2, 2, 2, 2, 2, 2, 2, 2, 2, 2, 2, 2, 2, 2, 2, 2, 2, 2, 2, 2, 2, 2, 2, 2, 2, 2, 2, 2, 2, 2, 2, 2, 2, 2, 2, 2, 2, 2, 2, 2, 2, 2, 2, 2, 2, 2, 2, 2, 2, 2, 2, 2, 2, 2, 2, 2, 2, 2, 2, 2, 2, 2, 2, 2, 2, 2, 2, 2, 2, 2, 2, 2, 2, 2, 2, 2, 2, 2, 2, 2, 2, 2, 2, 2, 2, 2, 2, 2, 2, 2, 2, 2, 2, 2, 2, 2, 2, 2, 2, 2, 2, 2, 2, 2, 2, 2, 2, 2, 2, 2, 2, 2, 2, 2, 2, 2, 2, 2, 2, 2, 2, 2, 2, 2, 2, 2, 2, 2, 2, 2, 2, 2, 2, 2, 2, 2, 2, 2, 2, 2, 2, 2, 2, 2, 2, 2, 2, 2, 2, 2, 2, 2, 2, 2, 2, 2, 2, 2, 2, 2, 2, 2, 2, 2, 2, 2, 2, 2, 2, 2, 2, 2, 2, 2, 2, 2, 2, 2, 2, 2, 2, 2, 2, 2, 2, 2, 2, 2, 2, 2, 2, 2, 2, 2, 2, 2, 2, 2, 2, 2, 2, 2, 2, 2, 2, 2, 2, 2, 2, 2, 2, 2, 2, 2, 2, 2, 2, 2, 2, 2, 2, 2, 2, 2, 2, 2, 2, 2, 2, 2, 2, 2, 2, 2, 2, 2, 2, 2, 2, 2, 2, 2, 2, 2, 2, 2, 2, 2, 2, 2, 2, 2, 2, 2, 2, 2, 2, 2, 2, 2, 2, 2, 2, 2, 2, 2, 2, 2, 2, 2, 2, 2, 2, 2, 2, 2, 2, 2, 2, 2, 2, 2, 2, 2, 2, 2, 2, 2, 2, 2, 2, 2, 2, 2, 2, 2, 2, 2, 2, 2, 2, 2, 2, 2, 2, 2, 2, 2, 2, 2, 2, 2, 2, 2, 2, 2, 2, 2, 2, 2, 2, 2, 2, 2, 2, 2, 2, 2, 2, 2, 2, 2, 2, 2, 2, 2, 2, 2, 2, 2, 2, 2, 2, 2, 2, 2, 2, 2, 2, 2, 2, 2, 2, 2, 2, 2, 2, 2, 2, 2, 2, 2, 2, 2, 2, 2, 2, 2, 2, 2, 2, 2, 2, 2, 2, 2, 2, 2, 2, 2, 2, 2, 2, 2, 2, 2, 2, 2, 2, 2, 2, 2, 2, 2, 2, 2, 2, 2, 2, 2, 2, 2, 2, 2, 2, 2, 2, 2, 2, 2, 2, 2, 2, 2, 2, 2, 2, 2, 2, 2, 2, 2, 2, 2, 2, 2, 2, 2, 2, 2, 2, 2, 2, 2, 2, 2, 2, 2, 2, 2, 2, 2, 2, 2, 2, 2, 2, 2, 2, 2, 2, 2, 2, 2, 2, 2, 2, 2, 2, 2, 2, 2, 2, 2, 2, 2, 2, 2, 2, 2, 2, 2, 2, 2, 2, 2, 2, 2, 2, 2, 2, 2, 2, 2, 2, 2, 2, 2, 2, 2, 2, 2, 2, 2, 2, 2, 2, 2, 2, 2, 2, 2, 2, 2, 2, 2, 2, 2, 2, 2, 2, 2, 2, 2, 2, 2, 2, 2, 2, 2, 2, 2, 2, 2, 2, 2, 2, 2, 2, 2, 2, 2, 2, 2, 2, 2, 2, 2, 2, 2, 2, 2, 2, 2, 2, 2, 2, 2, 2, 2, 2, 2, 2, 2, 2, 2, 2, 2, 2, 2, 2, 2, 2, 2, 2, 2, 2, 2, 2, 2, 2, 2, 2, 2, 2, 2, 2, 2, 2, 2, 2, 2, 2, 2, 2, 2, 2, 2, 2, 2, 2, 2, 2, 2, 2, 2, 2, 2, 2, 2, 2, 2, 2, 2, 2, 2, 2, 2, 2, 2, 2, 2, 2, 2, 2, 2, 2, 2, 2, 2, 2, 2, 2, 2, 2, 2, 2, 2, 2, 2, 2, 2, 2, 2, 2, 2, 2, 2, 2, 2, 2, 2, 2, 2, 2, 2, 2, 2, 2, 2, 2, 2, 2, 2, 2, 2, 2, 2, 2, 2, 2, 2, 2, 2, 2, 2, 2, 2, 2, 2, 2, 2, 2, 2, 2, 2, 2, 2, 2, 2, 2, 2, 2, 2, 2, 2, 2, 2, 2, 2, 2, 2, 2, 2, 2, 2, 2, 2, 2, 2, 2, 2, 2, 2, 2, 2, 2, 2, 2, 2, 2, 2, 2, 2, 2, 2, 2, 2, 2, 2, 2, 2, 2, 2, 2, 2, 2, 2, 2, 2, 2, 2, 2, 2, 2, 2, 2, 2, 2, 2, 2, 2, 2, 2, 2, 2, 2, 2, 2, 2, 2, 2, 2, 2, 2, 2, 2, 2, 2, 2, 2, 2, 2, 2, 2, 2, 2, 2, 2, 2, 2, 2, 2, 2, 2, 2, 2, 2, 2, 2, 2, 2, 2, 2, 2, 2, 2, 2, 2, 2, 2, 2, 2, 2, 2, 2, 2, 2, 2, 2, 2, 2, 2, 2, 2, 2, 2, 2, 2, 2, 2, 2, 2, 2, 2, 2, 2, 2, 2, 2, 2, 2, 2, 2, 2, 2, 2, 2, 2, 2, 2, 2, 2, 2, 2, 2, 2, 2, 2, 2, 2, 2, 2, 2, 2, 2, 2, 2, 2, 2, 2, 2, 2, 2, 2, 2, 2, 2, 2, 2, 2, 2, 2, 2, 2, 2, 2, 2, 2, 2, 2, 2, 2, 2, 2, 2, 2, 2, 2, 2, 2, 2, 2, 2, 2, 2, 2, 2, 2, 2, 2, 2, 2, 2, 2, 2, 2, 2, 2, 2, 2, 2, 2, 2, 2, 2, 2, 2, 2, 2, 2, 2, 2, 2, 2, 2, 2, 2, 2, 2, 2, 2, 2, 2, 2, 2, 2, 2, 2, 2, 2, 2, 2, 2, 2, 2, 2, 2, 2, 2, 2, 2, 2, 2, 2, 2, 2, 2, 2, 2, 2, 2, 2, 2, 2, 2, 2, 2, 2, 2, 2, 2, 2, 2, 2, 2, 2, 2, 2, 2, 2, 2, 2, 2, 2, 2, 2, 2, 2, 2, 2, 2, 2, 2, 2, 2, 2, 2, 2, 2, 2, 2, 2, 2, 2, 2, 2, 2, 2, 2, 2, 2, 2, 2, 2, 2, 2, 2, 2, 2, 2, 2, 2, 2, 2, 2, 2, 2, 2, 2, 2, 2, 2, 2, 2, 2, 2, 2, 2, 2, 2, 2, 2, 2, 2, 2, 2, 2, 2, 2, 2, 2, 2, 2, 2, 2, 2, 2, 2, 2, 2, 2, 2, 2, 2, 2, 2, 2, 2, 2, 2, 2, 2, 2, 2, 2, 2, 2, 2, 2, 2, 2, 2, 2, 2, 2, 2, 2, 2, 2, 2, 2, 2, 2, 2, 2, 2, 2, 2, 2, 2, 2, 2, 2, 2, 2, 2, 2, 2, 2, 2, 2, 2, 2, 2, 2, 2, 2, 2, 2, 2, 2, 2, 2, 2, 2, 2, 2, 2, 2, 2, 2, 2, 2, 2, 2, 2, 2, 2, 2, 2, 2, 2, 2, 2, 2, 2, 2, 2, 2, 2, 2, 2, 2, 2, 2, 2, 2, 2, 2, 2, 2, 2, 2, 2, 2, 2, 2, 2, 2, 2, 2, 2, 2, 2, 2, 2, 2, 2, 2, 2, 2, 2, 2, 2, 2, 2, 2, 2, 2, 2, 2, 2, 2, 2, 2, 2, 2, 2, 0, 0]