0.91, 0.89, 0.97, 0.98, 0.98, 1.0, 0.99
0.5642054587993857, 0.5006054444404481, 0.834764365056202, 0.8585594574581795, 0.8585594574581795, 1.0, 0.9291252335282502
0.9, 0.9, 0.99, 0.99, 0.98, 1.0, 0.99
0.5333834831785863, 0.5310044064107192, 0.9291252335282502, 0.9291252335282502, 0.8585594574581795, 1.0, 0.9291252335282502
0.89, 0.9, 0.97, 0.98, 0.98, 1.0, 0.99
0.5048489168744247, 0.5310044064107192, 0.834764365056202, 0.8585594574581795, 0.8585594574581797, 1.0, 0.9291252335282502
0.91, 0.9, 0.99, 0.99, 0.98, 1.0, 0.99
0.5642054587993857, 0.5310044064107192, 0.9291252335282502, 0.9291252335282502, 0.8585594574581795, 1.0, 0.9291252335282502
0.9, 0.88, 0.97, 0.98, 0.98, 1.0, 0.99
0.5333834831785863, 0.4725011549303337, 0.834764365056202, 0.8585594574581797, 0.8585594574581797, 1.0, 0.9291252335282502
0.9, 0.9, 0.99, 0.99, 0.98, 1.0, 0.99
0.5333834831785863, 0.5310044064107192, 0.9291252335282502, 0.9291252335282502, 0.8585594574581797, 1.0, 0.9291252335282502
0.91, 0.89, 0.97, 0.98, 0.98, 1.0, 0.99
0.5642054587993857, 0.5006054444404481, 0.834764365056202, 0.8585594574581797, 0.8585594574581795, 1.0, 0.9291252335282502
0.91, 0.9, 0.99, 0.99, 0.98, 1.0, 0.99
0.5642054587993856, 0.5310044064107192, 0.9291252335282502, 0.9291252335282502, 0.8585594574581795, 1.0, 0.9291252335282502
0.91, 0.9, 0.97, 0.98, 0.98, 1.0, 0.99
0.5642054587993857, 0.5310044064107192, 0.834764365056202, 0.8585594574581797, 0.8585594574581795, 1.0, 0.9291252335282502
0.9, 0.9, 0.99, 0.99, 0.98, 1.0, 0.99
0.5333834831785863, 0.5310044064107192, 0.9291252335282502, 0.9291252335282502, 0.8585594574581795, 1.0, 0.9291252335282502



SBM parameters: N=100, k=2, c=[5.0, 6.0, 8.0, 10.0, 12.0, 15.0, 20.0], lambda=0.9
DSD parameters: Length of RW=[5, -1], RandTests=5
