0 15 144 146 154 182 186 224 228 233 242 280 343 364 367 388 399 429 499 759 898 
1 85 110 132 227 391 422 459 586 
2 182 194 283 373 396 414 
3 18 45 99 184 205 221 257 289 292 309 363 379 386 420 748 
4 18 39 43 74 77 80 103 185 196 199 206 304 429 460 792 838 
5 9 65 77 137 155 270 299 368 377 422 445 471 472 833 
6 10 73 75 117 160 201 238 244 311 432 448 457 558 
7 48 162 226 286 296 318 357 390 395 409 475 630 738 784 850 
8 19 82 108 171 235 255 342 346 394 409 436 663 676 846 
9 38 119 269 358 421 820 
10 18 188 199 311 320 329 706 841 
11 40 96 99 178 194 250 302 313 314 319 331 463 490 556 
12 29 239 289 308 330 373 388 409 
13 72 124 316 336 458 473 481 
14 28 32 48 61 206 236 365 471 482 
15 24 31 40 55 98 142 160 195 271 274 303 323 408 429 445 479 
16 34 135 150 157 285 709 773 885 
17 68 168 375 436 499 659 
18 26 223 247 274 289 339 437 438 510 635 
19 28 58 60 94 291 341 362 403 410 452 478 669 746 
20 84 150 160 362 447 448 459 897 
21 39 60 155 212 262 361 410 440 486 
22 37 86 130 245 317 325 404 416 491 
23 31 37 56 68 105 165 181 330 347 353 422 578 
24 48 67 98 160 270 430 
25 76 134 164 371 372 374 
26 118 119 123 150 204 279 364 411 451 486 
27 48 106 139 189 291 311 353 362 377 413 444 489 522 
28 61 137 242 316 749 
29 35 51 105 211 213 
30 85 243 245 306 361 
31 81 109 127 195 238 245 324 386 393 448 629 
32 96 110 113 273 278 301 365 392 
33 41 72 103 123 198 276 450 
34 42 143 160 198 262 313 320 371 374 398 476 481 570 
35 80 98 211 248 333 345 373 457 759 968 
36 116 173 225 404 543 635 817 
37 57 80 131 145 157 187 270 309 430 461 467 603 
38 109 310 353 935 
39 61 166 332 440 443 511 844 
40 99 113 160 178 205 257 278 295 311 334 374 603 669 778 795 
41 54 253 258 292 325 387 405 412 543 
42 351 417 449 494 496 708 793 
43 67 76 168 176 279 393 445 452 897 
44 52 72 83 97 194 265 280 291 482 484 506 617 876 
45 59 97 193 246 375 477 630 966 
46 112 218 458 470 476 490 
47 62 140 166 275 342 407 449 468 734 
48 197 229 296 302 311 314 334 341 342 
49 160 161 164 172 177 200 204 243 249 255 379 443 448 
50 115 185 229 268 281 295 319 399 401 495 498 
51 188 192 222 253 255 259 262 328 390 409 413 448 451 906 962 
52 71 104 157 186 201 358 360 364 389 490 
53 91 97 111 115 151 191 208 236 356 404 419 454 533 584 
54 94 102 131 159 188 208 221 296 311 350 425 463 
55 128 195 258 262 290 291 472 
56 100 113 123 173 240 282 329 347 354 389 
57 63 89 98 138 139 170 175 177 179 192 299 372 389 400 428 473 
58 79 108 159 218 249 307 383 425 455 
59 96 112 169 184 277 310 332 375 385 440 
60 193 227 244 377 404 410 467 
61 111 151 156 183 303 385 498 765 769 935 
62 117 179 222 238 284 292 322 358 423 905 
63 125 210 367 398 405 409 423 479 484 
64 82 86 102 137 162 191 253 346 348 353 393 416 428 460 680 
65 93 201 268 276 305 415 736 757 
66 79 93 146 242 286 292 391 441 467 740 
67 79 102 140 165 257 263 275 292 308 320 411 867 946 
68 142 273 290 331 390 478 
69 76 152 172 197 248 310 387 392 428 484 941 955 
70 193 344 385 401 439 461 501 863 
71 86 95 193 275 329 365 441 965 
72 75 114 167 171 279 288 361 415 428 
73 178 180 221 279 284 292 309 331 345 398 416 453 455 
74 144 303 366 404 406 617 825 991 
75 153 184 219 327 482 645 
76 97 107 179 214 252 280 379 398 408 456 833 
77 83 140 149 221 453 464 
78 86 132 134 170 205 256 288 292 314 
79 84 165 210 331 363 383 397 399 493 529 
80 117 121 128 211 254 278 311 370 434 468 540 653 666 947 
81 179 192 217 231 325 381 387 410 457 490 
82 136 145 247 254 257 279 356 478 853 
83 121 210 238 274 334 496 828 
84 142 148 156 174 234 236 254 277 308 358 402 404 460 810 961 
85 187 256 262 361 401 478 486 
86 137 168 169 250 285 306 344 399 464 601 
87 225 335 362 363 377 384 387 414 
88 99 185 199 332 402 403 454 469 511 875 
89 119 189 274 278 332 477 482 488 623 
90 154 162 224 273 360 485 567 
91 320 336 354 376 440 461 
92 148 176 296 304 331 335 368 369 462 476 783 
93 112 183 185 250 298 301 341 353 402 430 491 840 
94 129 169 174 252 263 268 321 352 428 472 
95 169 175 283 349 489 782 787 
96 138 148 160 166 282 286 432 444 926 941 951 
97 108 118 136 222 240 318 342 349 413 534 
98 164 172 175 215 437 442 446 
99 135 239 251 296 364 433 437 457 460 595 
100 130 164 169 188 226 275 362 373 407 430 830 
101 280 284 290 315 321 486 500 948 
102 116 155 167 179 211 214 224 226 271 274 440 634 679 
103 126 196 323 346 349 389 408 657 687 791 
104 134 158 232 363 450 465 
105 108 135 360 396 409 429 938 
106 135 157 176 247 250 271 469 957 
107 110 113 208 339 367 382 490 
108 133 196 491 
109 119 180 220 268 310 316 332 376 409 426 446 460 
110 154 229 304 435 474 
111 140 243 290 301 414 446 
112 162 388 398 407 424 702 711 
113 119 291 347 428 505 824 
114 118 124 256 354 874 
115 241 273 282 286 300 368 439 476 604 759 814 
116 154 190 314 346 355 397 407 490 496 856 
117 175 199 263 453 
118 191 203 218 331 376 482 659 
119 150 157 187 200 227 238 256 298 366 368 403 409 431 494 
120 151 187 363 371 373 384 451 457 488 655 684 810 
121 203 257 273 338 421 727 952 
122 199 240 252 256 323 350 359 362 372 400 418 420 496 529 
123 154 166 180 210 259 263 292 306 311 338 389 421 426 435 443 466 537 
124 270 490 578 643 716 990 
125 161 202 371 378 446 721 730 774 805 
126 161 275 300 364 481 546 962 
127 166 212 266 439 466 585 
128 182 194 272 444 478 656 
129 181 186 203 254 260 312 320 327 345 393 450 456 
130 131 182 199 244 261 275 304 313 329 348 361 947 
131 186 208 224 299 335 393 412 427 438 881 
132 167 181 369 394 427 496 
133 138 205 293 301 354 381 398 424 487 496 
134 147 267 311 345 347 366 421 495 
135 153 252 292 299 419 458 
136 186 313 366 440 486 661 675 
137 153 220 227 280 321 329 405 469 
138 253 256 323 340 354 372 642 739 
139 294 338 355 377 439 468 854 
140 146 223 389 418 478 501 812 846 991 
141 192 228 447 
142 143 155 225 287 390 398 490 600 828 
143 144 193 207 211 248 298 410 969 
144 146 158 212 271 431 
145 157 213 257 316 329 486 649 926 
146 244 245 323 344 375 391 410 925 
147 182 268 271 308 314 326 379 396 404 410 453 517 854 
148 234 261 302 336 372 446 493 826 945 
149 182 189 207 380 413 477 606 
150 236 260 272 305 417 445 452 480 486 496 686 
151 162 273 325 336 484 
152 197 208 434 499 
153 215 216 230 262 347 358 489 
154 179 200 251 319 450 476 884 
155 156 171 186 190 237 311 331 370 397 523 
156 277 343 404 408 412 441 445 458 473 
157 173 174 220 280 284 342 483 489 
158 198 206 239 273 
159 334 341 364 453 456 498 961 
160 171 285 414 422 442 753 998 
161 359 393 408 423 498 
162 212 346 368 
163 242 252 256 269 297 331 454 483 
164 198 255 256 305 368 422 482 
165 171 178 337 363 791 910 
166 205 358 398 
167 218 321 369 417 
168 170 231 254 260 301 560 889 
169 274 318 332 482 652 
170 249 323 361 488 
171 199 242 253 278 280 361 369 490 
172 264 320 327 331 401 419 473 501 879 981 
173 185 289 326 571 
174 203 210 238 404 449 477 483 484 781 
175 184 251 263 308 334 354 402 413 434 435 439 441 
176 219 323 368 381 382 427 434 739 
177 318 338 443 481 492 
178 241 252 451 546 
179 208 283 449 459 790 795 
180 270 278 282 321 331 490 497 
181 183 193 303 392 404 441 453 475 477 
182 218 265 299 387 391 439 
183 197 232 295 371 414 710 
184 275 447 483 538 
185 210 269 345 437 785 
186 198 311 414 433 467 
187 267 311 435 
188 257 295 308 347 418 
189 224 274 295 314 318 327 350 364 367 391 496 508 993 
190 261 359 454 
191 326 337 351 418 546 954 
192 206 307 337 389 573 
193 203 205 268 401 787 862 
194 251 312 314 355 421 464 470 482 485 487 491 494 609 680 736 760 
195 206 221 341 347 391 460 859 870 991 
196 265 417 428 434 439 601 664 857 
197 208 222 234 299 365 374 491 
198 315 319 399 401 507 
199 276 308 341 356 550 600 
200 213 238 258 323 362 384 455 507 868 
201 325 398 430 485 
202 367 393 669 
203 257 314 336 342 383 425 531 
204 217 241 320 455 465 480 490 809 
205 208 220 259 271 365 546 
206 257 308 324 385 427 548 
207 224 366 387 408 424 477 865 
208 217 289 335 423 610 
209 213 232 252 264 447 450 457 
210 218 228 383 384 421 551 999 
211 230 244 269 316 319 333 368 409 436 454 455 787 948 
212 486 
213 266 285 396 403 677 687 
214 221 261 339 352 987 
215 265 279 340 353 381 396 436 459 469 
216 289 
217 234 261 268 269 362 363 409 436 797 
218 220 260 330 357 393 441 479 
219 233 239 283 304 313 348 439 465 507 551 923 
220 426 743 801 
221 248 262 350 406 457 487 
222 266 291 337 378 383 407 424 486 
223 310 381 404 569 623 
224 249 270 321 345 371 378 383 435 481 532 
225 237 327 341 410 497 895 
226 249 427 465 647 892 
227 247 248 390 425 769 
228 325 354 372 440 661 
229 283 361 388 885 
230 302 374 440 829 
231 240 255 275 376 407 443 449 465 480 496 514 782 820 
232 243 256 283 765 841 
233 264 290 327 374 729 796 
234 252 255 259 291 326 405 
235 269 270 356 409 461 485 493 589 924 990 
236 240 250 274 353 411 463 465 533 
237 272 362 367 422 492 603 
238 299 321 327 381 393 484 
239 355 413 483 
240 272 279 281 392 429 447 448 543 970 
241 422 427 539 578 992 
242 310 387 446 476 
243 289 321 361 401 553 
244 253 254 283 380 408 494 537 606 
245 321 378 415 416 445 479 525 
246 334 336 413 454 641 
247 325 335 344 380 740 
248 305 323 344 371 425 460 494 
249 325 371 470 
250 291 294 329 415 477 
251 293 298 415 446 482 
252 299 359 
253 289 395 449 
254 338 495 
255 297 336 355 390 428 821 
256 440 446 454 496 
257 348 349 376 412 476 
258 321 329 
259 291 299 424 
260 328 344 432 454 464 
261 285 314 333 409 447 
262 326 339 344 480 499 818 
263 264 287 451 478 
264 266 296 304 309 377 439 624 
265 291 294 316 355 358 461 770 946 
266 268 283 298 365 369 426 493 
267 292 317 373 451 460 475 
268 294 352 369 422 451 476 477 704 907 994 
269 289 307 381 387 403 419 424 441 614 
270 320 339 357 367 398 484 498 
271 301 311 369 398 
272 453 485 
273 309 340 352 359 374 
274 296 317 373 479 931 
275 446 473 476 
276 320 467 544 607 678 848 
277 315 366 388 431 440 461 718 
278 301 303 338 355 397 465 965 
279 291 306 314 316 334 341 347 393 449 
280 333 367 376 406 892 
281 306 309 360 444 487 
282 325 446 559 952 
283 390 461 713 900 934 
284 304 365 378 
285 462 596 882 
286 321 418 421 437 465 486 
287 298 374 442 
288 310 564 628 
289 368 407 488 
290 319 445 474 
291 363 419 497 675 761 
292 420 482 750 
293 314 323 388 423 483 
294 354 375 396 402 405 431 469 480 
295 297 331 332 340 394 475 624 663 
296 343 389 408 422 429 
297 329 393 434 457 528 761 
298 319 385 386 393 395 423 440 473 497 700 879 
299 366 392 393 
300 331 364 382 427 459 
301 318 329 338 345 361 657 
302 432 492 
303 345 413 435 697 947 
304 377 471 806 
305 434 465 486 
306 704 
307 503 579 
308 331 338 342 348 363 407 450 485 
309 333 394 463 497 715 
310 455 457 874 926 
311 329 351 394 
312 398 875 
313 469 477 
314 384 456 457 792 
315 351 362 462 555 598 703 958 
316 329 359 362 388 454 486 
317 318 468 658 
318 394 433 996 
319 322 350 383 387 400 406 435 469 472 
320 371 380 421 433 459 
321 324 327 330 337 410 457 466 472 478 604 749 
322 397 898 
323 457 458 481 512 936 
324 361 559 687 702 922 
325 457 475 
326 423 445 494 
327 368 379 383 432 437 442 460 472 923 
328 342 356 427 
329 414 823 
330 479 
331 332 349 408 426 
332 415 428 436 449 490 
333 339 428 469 488 674 
334 340 349 376 394 496 500 810 966 
335 346 386 481 546 
336 369 380 410 442 462 
337 369 413 415 416 457 476 494 497 775 917 
338 385 429 437 790 923 
339 365 433 478 903 964 
340 377 400 413 462 722 791 
341 344 349 797 925 964 
342 350 359 383 443 498 598 746 886 935 
343 375 431 456 467 902 
344 346 435 905 
345 364 443 473 
346 373 419 426 445 
347 
348 351 481 956 
349 351 406 411 960 
350 438 477 493 507 625 653 
351 372 390 448 481 604 610 
352 448 723 843 
353 387 404 427 453 571 634 
354 436 
355 390 427 601 
356 360 370 403 407 563 
357 362 390 525 769 
358 365 381 464 483 705 752 874 
359 437 472 490 947 
360 368 376 409 452 735 
361 397 473 476 
362 364 451 
363 391 469 
364 465 477 642 853 
365 391 423 433 463 947 
366 397 413 
367 423 448 451 495 635 
368 388 454 475 
369 400 456 625 737 
370 380 577 
371 472 566 815 
372 407 521 602 
373 416 428 593 
374 377 421 815 
375 466 517 
376 445 
377 379 395 412 567 715 851 908 
378 409 427 476 604 801 
379 437 452 470 477 
380 411 423 424 473 474 812 
381 390 835 
382 391 492 
383 405 446 
384 388 430 443 631 
385 430 445 503 
386 404 416 431 452 474 495 521 
387 475 486 525 687 735 810 
388 416 475 
389 410 417 425 451 496 
390 450 460 574 782 
391 
392 458 883 
393 423 438 457 854 
394 416 429 810 929 976 982 
395 412 454 700 909 
396 403 417 445 451 718 
397 443 
398 399 440 480 958 
399 415 416 450 496 
400 479 553 
401 453 476 497 558 565 
402 403 453 681 779 
403 416 483 
404 421 423 449 480 640 992 
405 484 486 
406 573 842 
407 474 483 
408 409 420 632 784 934 
409 449 465 482 485 764 
410 496 711 
411 444 455 471 866 
412 448 778 
413 415 426 436 442 
414 420 421 452 466 
415 488 577 
416 472 477 758 
417 448 459 489 494 
418 493 
419 425 447 
420 441 
421 
422 461 654 783 
423 434 541 878 
424 437 493 
425 462 490 
426 441 
427 458 496 809 811 
428 461 
429 489 816 
430 611 
431 437 469 
432 
433 456 586 605 621 
434 450 492 841 902 
435 494 644 
436 482 893 
437 
438 450 491 495 608 
439 490 587 702 710 752 
440 449 469 480 
441 
442 446 
443 
444 486 718 927 996 998 
445 447 948 
446 620 730 810 
447 449 451 
448 474 890 
449 452 465 847 
450 464 469 489 726 801 853 
451 498 
452 744 
453 836 
454 
455 486 
456 474 
457 461 462 651 685 
458 831 878 
459 466 861 
460 498 
461 486 
462 480 
463 738 
464 470 476 489 726 
465 469 486 748 
466 469 951 
467 490 
468 487 526 
469 994 
470 494 497 499 867 
471 479 484 
472 903 
473 
474 476 785 
475 487 499 892 
476 477 487 
477 493 
478 494 
479 512 858 
480 486 597 638 886 
481 935 
482 495 794 934 974 
483 819 
484 488 497 558 766 877 
485 
486 878 
487 498 889 
488 614 
489 
490 966 
491 499 828 
492 495 805 930 
493 
494 520 
495 681 
496 
497 
498 642 
499 
500 531 544 560 580 683 764 768 923 932 
501 587 602 611 636 714 734 774 786 802 819 861 887 903 908 926 940 994 
502 507 548 579 962 972 
503 504 523 528 534 535 543 652 675 727 774 809 854 867 906 908 909 929 953 954 
504 508 518 530 540 558 569 574 577 596 737 757 824 842 944 
505 515 577 671 761 783 913 977 
506 523 540 655 661 795 818 858 966 998 
507 514 522 548 594 621 671 688 701 706 734 963 979 
508 513 541 580 587 678 705 826 850 961 977 
509 546 552 565 572 653 760 905 
510 543 632 671 736 771 801 812 828 945 
511 607 617 665 736 741 743 786 844 859 899 912 935 
512 525 597 706 737 867 913 
513 538 541 548 553 636 751 768 779 868 898 923 
514 548 581 654 674 738 746 750 774 786 807 894 905 907 952 
515 533 588 590 633 675 716 728 744 789 799 815 820 826 881 916 919 922 979 
516 593 722 790 792 814 870 980 
517 534 804 830 936 954 
518 550 627 632 651 694 726 844 905 954 979 
519 520 616 623 642 711 715 718 720 801 831 978 984 
520 604 678 755 783 794 848 852 933 965 
521 529 591 609 623 652 656 670 714 836 911 965 983 
522 589 643 644 668 675 677 716 777 781 824 995 
523 576 615 661 675 697 717 726 793 847 946 959 
524 526 820 900 911 955 965 985 
525 583 604 636 652 680 691 738 744 766 789 849 867 
526 543 609 611 719 721 776 798 981 
527 541 550 571 573 605 762 786 827 
528 609 626 661 728 757 928 943 
529 561 578 788 925 929 
530 531 713 774 846 940 949 953 986 
531 586 602 613 667 691 715 837 845 870 881 
532 590 709 785 852 873 919 942 954 
533 613 644 663 763 787 822 862 916 921 994 
534 616 709 788 904 936 997 
535 587 645 669 674 885 896 
536 545 549 555 557 577 583 600 625 684 726 729 817 890 892 
537 689 736 875 883 915 924 
538 553 565 751 812 819 844 
539 735 743 767 768 775 885 894 942 
540 590 782 785 792 830 924 
541 555 581 703 726 751 832 850 858 923 975 995 
542 642 728 758 817 895 
543 606 704 743 847 849 871 912 951 
544 565 640 668 788 814 845 858 874 878 909 
545 609 640 657 720 730 745 787 829 840 975 
546 568 580 639 655 702 721 729 831 904 908 
547 551 566 604 642 687 696 769 849 860 944 968 
548 571 581 681 683 750 820 853 887 911 993 998 
549 613 660 722 827 828 893 910 920 986 
550 659 699 758 783 793 809 823 836 919 926 979 980 
551 570 582 702 708 825 830 839 855 911 
552 674 689 733 756 820 987 
553 558 644 673 781 847 959 
554 590 628 702 730 895 924 956 
555 561 696 754 779 831 845 856 984 
556 579 587 788 802 820 831 848 856 889 980 
557 659 714 731 739 770 773 785 835 913 
558 597 706 760 782 829 931 945 948 
559 745 852 980 
560 650 654 661 665 753 773 774 914 
561 635 676 677 688 697 708 744 801 865 881 924 932 959 
562 627 672 794 797 844 866 899 906 925 946 976 
563 686 764 774 830 831 839 901 928 961 
564 596 654 736 739 784 801 803 815 934 937 975 
565 623 626 699 705 713 744 790 937 960 967 972 
566 578 601 646 652 667 876 911 
567 630 649 682 763 783 785 818 820 885 894 910 924 928 947 984 985 990 
568 601 619 716 752 837 838 846 872 874 886 940 
569 646 716 766 871 919 970 
570 654 658 671 677 686 774 777 867 898 914 998 
571 602 611 614 779 803 897 920 975 
572 686 735 759 897 939 994 
573 676 694 795 939 975 989 
574 597 622 681 758 761 880 891 910 
575 614 712 739 744 769 882 950 
576 604 689 863 881 911 
577 580 613 662 689 717 755 771 835 838 952 
578 591 754 920 969 
579 616 634 757 782 839 842 889 917 982 
580 584 600 750 835 953 959 966 
581 726 727 748 899 906 
582 664 689 705 731 936 968 
583 602 656 711 719 792 839 863 994 
584 601 608 632 643 772 838 875 901 946 950 954 
585 732 782 797 833 851 873 937 
586 648 697 709 722 760 784 832 848 881 905 965 966 
587 730 780 841 947 974 986 
588 597 640 709 783 789 902 919 984 
589 634 760 795 841 861 929 
590 682 688 715 723 798 868 895 968 981 998 
591 594 608 673 692 773 825 838 893 916 920 938 
592 629 636 654 659 706 707 800 812 818 826 831 851 935 992 
593 704 718 763 801 891 910 997 
594 615 625 654 681 690 714 725 739 900 936 943 994 
595 642 686 716 788 959 971 998 
596 712 769 770 772 825 858 900 961 
597 643 787 879 
598 609 613 718 748 834 896 917 933 
599 640 654 655 776 820 835 837 899 980 
600 652 687 694 738 751 760 827 887 920 978 
601 642 681 714 751 766 834 843 873 902 908 923 932 953 970 
602 769 972 975 986 
603 709 837 866 871 911 961 
604 641 714 733 736 809 810 837 899 932 956 
605 645 682 690 738 756 760 841 870 970 984 991 995 
606 678 720 725 737 859 863 
607 625 674 682 807 869 890 
608 614 634 692 698 804 969 
609 648 713 728 760 822 879 962 982 
610 641 647 664 667 727 742 806 848 860 878 
611 727 729 736 815 941 976 
612 650 705 715 725 846 854 872 874 
613 784 805 824 847 953 
614 625 634 665 720 721 770 778 839 932 935 964 977 998 
615 624 653 725 768 799 807 880 985 989 
616 627 644 689 742 755 815 830 874 970 
617 646 654 679 714 735 853 892 984 996 
618 626 669 761 883 930 946 950 
619 751 753 760 849 907 937 959 978 
620 677 701 714 934 944 947 
621 717 739 782 790 900 922 924 935 
622 791 830 947 966 977 
623 733 918 936 966 
624 661 677 681 780 782 838 956 970 978 997 
625 656 700 703 816 821 833 858 892 906 986 
626 703 727 741 759 793 882 
627 674 694 718 738 748 753 781 928 976 
628 718 759 769 830 835 842 884 997 
629 661 703 774 825 829 862 863 899 931 
630 631 685 709 805 838 939 963 994 
631 669 720 745 748 765 825 837 883 971 
632 675 756 782 873 920 991 
633 680 737 763 800 848 
634 788 845 931 
635 642 694 708 829 832 838 864 873 922 983 
636 642 776 812 835 954 990 
637 660 898 982 995 
638 671 678 825 939 
639 727 760 767 771 825 830 844 861 892 905 915 992 
640 665 675 726 751 770 783 836 887 907 975 995 
641 680 712 718 753 759 808 817 940 952 
642 657 699 750 779 808 809 830 922 988 
643 724 755 759 806 810 890 919 
644 645 678 714 715 748 755 875 963 986 
645 651 734 799 803 848 854 921 960 989 
646 659 674 758 773 828 893 
647 661 665 680 741 812 912 919 988 
648 754 806 819 852 875 900 918 965 984 996 
649 666 670 732 792 798 823 862 902 927 
650 
651 664 678 715 737 749 784 805 806 851 896 909 994 
652 740 875 973 
653 678 861 883 961 
654 724 755 778 802 826 844 851 898 996 
655 708 824 825 851 887 891 
656 720 771 789 818 841 855 874 952 965 981 
657 705 753 769 785 935 964 997 
658 761 829 830 860 881 905 932 986 
659 790 812 824 844 853 887 920 
660 703 818 883 905 
661 690 801 938 991 
662 724 745 781 789 855 885 935 
663 757 846 871 
664 715 728 739 786 835 
665 701 753 755 804 821 837 856 948 956 991 
666 712 748 753 758 909 939 952 
667 676 686 772 799 821 920 935 
668 725 813 974 
669 681 766 773 857 880 
670 737 756 804 876 898 
671 698 716 738 779 794 849 927 943 996 
672 681 682 718 785 833 870 889 963 969 988 
673 709 745 
674 686 692 731 797 928 938 958 976 
675 699 723 745 753 798 811 831 875 961 
676 712 751 838 
677 700 748 810 821 934 952 986 
678 693 723 827 978 
679 975 
680 718 804 807 823 888 905 951 969 
681 748 762 779 793 801 879 914 968 978 
682 775 867 888 931 978 990 997 
683 701 772 776 814 827 877 891 
684 714 716 733 837 856 918 973 982 
685 703 720 743 757 764 817 843 914 918 992 
686 700 832 
687 736 772 783 866 932 
688 725 740 743 764 776 800 805 817 919 955 966 
689 690 723 727 750 765 780 784 792 821 826 830 836 852 868 870 
690 731 772 883 976 
691 808 829 830 853 907 
692 726 755 779 789 860 861 871 874 
693 700 736 779 818 827 858 958 972 981 
694 722 724 792 802 826 917 947 
695 711 731 849 890 977 
696 716 751 790 809 858 880 914 921 975 999 
697 707 718 725 821 858 996 
698 749 770 826 846 867 981 
699 759 793 
700 730 735 760 839 862 876 906 919 
701 790 876 984 
702 810 
703 912 960 975 
704 807 895 896 976 
705 718 761 795 796 
706 757 777 781 829 840 844 862 868 886 
707 842 876 994 
708 762 796 838 847 919 949 975 
709 723 912 968 
710 756 774 778 842 898 940 956 
711 810 840 859 865 875 881 943 
712 772 783 817 834 866 883 886 
713 751 773 776 781 830 842 856 858 871 886 898 903 967 996 
714 720 724 754 778 804 820 930 936 970 978 997 
715 741 763 842 848 864 891 952 964 
716 722 739 776 779 838 914 920 921 988 
717 737 834 840 874 924 932 950 
718 741 893 928 985 986 
719 906 920 945 954 970 973 
720 742 744 766 777 783 920 982 
721 723 765 768 787 855 
722 866 931 965 995 
723 840 882 
724 796 855 887 896 940 948 969 
725 756 780 791 802 844 875 886 891 950 959 967 
726 774 870 946 986 
727 737 745 800 824 915 924 
728 957 973 
729 767 775 868 904 918 930 970 
730 747 854 866 879 898 995 
731 741 782 830 887 
732 785 881 
733 747 881 891 968 
734 743 797 852 944 
735 750 781 864 872 877 993 
736 910 945 970 
737 752 779 808 816 
738 774 874 968 
739 765 861 907 933 979 
740 787 841 855 
741 895 974 
742 798 812 850 877 882 894 906 
743 766 818 834 844 853 924 971 987 
744 761 799 841 861 870 956 
745 751 803 
746 858 921 930 
747 765 806 830 855 910 
748 749 802 835 857 900 937 946 948 949 
749 767 798 802 807 862 866 937 963 
750 795 821 892 963 991 
751 897 919 997 
752 756 783 803 820 883 973 991 996 
753 775 865 900 940 958 
754 932 938 951 963 
755 827 857 864 966 983 
756 778 792 901 920 993 
757 763 776 823 907 922 950 
758 893 
759 819 827 845 993 998 
760 827 933 999 
761 954 988 991 
762 776 787 858 859 885 930 966 
763 858 889 893 909 966 975 
764 816 821 882 890 898 905 934 
765 770 776 829 831 912 926 
766 834 857 895 930 
767 790 981 
768 807 850 886 
769 938 940 943 
770 796 840 848 891 994 
771 858 929 
772 826 989 
773 921 947 955 990 
774 804 810 843 893 894 941 966 986 
775 845 920 
776 803 817 828 991 
777 819 948 
778 795 822 882 883 911 964 991 
779 793 821 914 920 966 
780 785 796 925 978 
781 802 813 919 978 
782 
783 863 898 910 996 998 
784 827 852 895 976 977 990 
785 804 805 815 846 875 885 917 955 960 962 
786 796 802 
787 799 812 897 907 934 
788 789 811 830 949 
789 939 974 
790 843 845 
791 794 819 947 
792 809 898 969 
793 842 870 873 883 908 983 
794 835 862 882 898 902 909 960 
795 874 913 
796 976 
797 888 899 900 930 
798 799 856 873 876 899 923 934 941 952 969 
799 816 818 900 949 
800 814 889 894 916 930 958 992 996 
801 812 943 
802 806 845 884 922 978 
803 969 996 
804 930 951 991 
805 810 825 857 874 955 
806 810 927 
807 826 918 933 
808 841 
809 816 848 855 865 927 962 
810 817 834 894 991 
811 852 881 953 991 
812 818 874 896 917 929 954 983 
813 833 839 953 954 965 
814 828 840 933 977 987 
815 852 885 903 920 951 
816 830 837 843 924 990 
817 864 890 903 
818 820 937 995 
819 895 909 958 979 
820 
821 987 989 995 
822 844 958 966 992 
823 824 832 838 871 907 923 928 954 
824 914 
825 861 897 906 954 986 
826 992 
827 834 857 860 964 
828 829 871 897 
829 901 904 962 981 987 
830 865 880 906 910 920 928 962 
831 863 918 967 
832 842 850 
833 854 881 918 
834 860 863 937 
835 913 934 
836 960 993 
837 883 902 976 
838 849 
839 868 873 931 952 
840 843 867 872 876 922 967 
841 868 978 982 
842 911 913 
843 854 902 
844 876 902 911 929 942 954 977 979 995 
845 
846 849 904 930 997 
847 849 913 957 972 985 
848 865 889 924 
849 882 
850 853 896 908 936 
851 
852 900 966 967 
853 861 881 927 
854 867 979 
855 874 898 956 
856 990 
857 921 935 959 
858 991 993 
859 968 970 
860 
861 873 893 951 972 
862 864 896 908 
863 889 
864 865 968 977 
865 877 944 954 956 
866 887 891 894 900 915 971 
867 914 916 939 
868 869 875 967 980 
869 890 944 960 978 991 
870 
871 891 970 973 
872 971 
873 963 973 
874 
875 893 903 933 960 962 993 
876 891 906 
877 911 972 
878 985 
879 
880 
881 948 961 980 
882 904 933 936 962 
883 943 993 999 
884 915 936 
885 910 937 942 970 
886 887 889 921 987 
887 905 961 975 984 
888 966 978 
889 923 969 
890 
891 895 
892 902 957 
893 948 999 
894 934 964 
895 965 971 
896 903 
897 933 947 960 992 
898 944 
899 917 
900 901 903 
901 986 990 991 
902 927 989 
903 945 
904 932 947 988 
905 934 935 957 959 960 
906 909 936 970 973 
907 931 942 
908 909 966 998 
909 952 968 
910 913 914 954 969 989 
911 
912 
913 972 
914 961 991 
915 
916 917 
917 928 966 
918 972 977 
919 997 
920 
921 928 
922 974 977 
923 941 
924 
925 931 939 975 978 
926 
927 
928 
929 994 
930 
931 935 939 
932 963 969 985 
933 951 
934 991 
935 940 
936 
937 
938 
939 986 
940 953 
941 955 967 
942 
943 980 
944 984 
945 972 998 
946 
947 961 
948 
949 
950 954 
951 998 
952 
953 
954 
955 995 
956 957 
957 
958 964 
959 969 
960 963 
961 
962 967 986 
963 967 
964 989 995 
965 
966 
967 978 985 
968 974 
969 
970 
971 991 997 
972 
973 
974 
975 
976 
977 
978 981 986 
979 
980 
981 986 998 
982 
983 
984 990 
985 991 
986 
987 
988 999 
989 
990 
991 
992 993 
993 
994 
995 
996 
997 
998 
999 
[0, 0, 0, 0, 0, 0, 0, 0, 0, 0, 0, 0, 0, 0, 0, 0, 0, 0, 0, 0, 0, 0, 0, 0, 0, 0, 0, 0, 0, 0, 0, 0, 0, 0, 0, 0, 0, 0, 0, 0, 0, 0, 0, 0, 0, 0, 0, 0, 0, 0, 0, 0, 0, 0, 0, 0, 0, 0, 0, 0, 0, 0, 0, 0, 0, 0, 0, 0, 0, 0, 0, 0, 0, 0, 0, 0, 0, 0, 0, 0, 0, 0, 0, 0, 0, 0, 0, 0, 0, 0, 0, 0, 0, 0, 0, 0, 0, 0, 0, 0, 0, 0, 0, 0, 0, 0, 0, 0, 0, 0, 0, 0, 0, 0, 0, 0, 0, 0, 0, 0, 0, 0, 0, 0, 0, 0, 0, 0, 0, 0, 0, 0, 0, 0, 0, 0, 0, 0, 0, 0, 0, 0, 0, 0, 0, 0, 0, 0, 0, 0, 0, 0, 0, 0, 0, 0, 0, 0, 0, 0, 0, 0, 0, 0, 0, 0, 0, 0, 0, 0, 0, 0, 0, 0, 0, 0, 0, 0, 0, 0, 0, 0, 0, 0, 0, 0, 0, 0, 0, 0, 0, 0, 0, 0, 0, 0, 0, 0, 0, 0, 0, 0, 0, 0, 0, 0, 0, 0, 0, 0, 0, 0, 0, 0, 0, 0, 0, 0, 0, 0, 0, 0, 0, 0, 0, 0, 0, 0, 0, 0, 0, 0, 0, 0, 0, 0, 0, 0, 0, 0, 0, 0, 0, 0, 0, 0, 0, 0, 0, 0, 0, 0, 0, 0, 0, 0, 0, 0, 0, 0, 0, 0, 0, 0, 0, 0, 0, 0, 0, 0, 0, 0, 0, 0, 0, 0, 0, 0, 0, 0, 0, 0, 0, 0, 0, 0, 0, 0, 0, 0, 0, 0, 0, 0, 0, 0, 0, 0, 0, 0, 0, 0, 0, 0, 0, 0, 0, 0, 0, 0, 0, 0, 0, 0, 0, 0, 0, 0, 0, 0, 0, 0, 0, 0, 0, 0, 0, 0, 0, 0, 0, 0, 0, 0, 0, 0, 0, 0, 0, 0, 0, 0, 0, 0, 0, 0, 0, 0, 0, 0, 0, 0, 0, 0, 0, 0, 0, 0, 0, 0, 0, 0, 0, 0, 0, 0, 0, 0, 0, 0, 0, 0, 0, 0, 0, 0, 0, 0, 0, 0, 0, 0, 0, 0, 0, 0, 0, 0, 0, 0, 0, 0, 0, 0, 0, 0, 0, 0, 0, 0, 0, 0, 0, 0, 0, 0, 0, 0, 0, 0, 0, 0, 0, 0, 0, 0, 0, 0, 0, 0, 0, 0, 0, 0, 0, 0, 0, 0, 0, 0, 0, 0, 0, 0, 0, 0, 0, 0, 0, 0, 0, 0, 0, 0, 0, 0, 0, 0, 0, 0, 0, 0, 0, 0, 0, 0, 0, 0, 0, 0, 0, 0, 0, 0, 0, 0, 0, 0, 0, 0, 0, 0, 0, 0, 0, 0, 0, 0, 0, 0, 0, 0, 0, 0, 0, 0, 0, 0, 0, 0, 0, 0, 0, 0, 0, 0, 0, 0, 0, 0, 1, 1, 1, 1, 1, 1, 1, 1, 1, 1, 1, 1, 1, 1, 1, 1, 1, 1, 1, 1, 1, 1, 1, 1, 1, 1, 1, 1, 1, 1, 1, 1, 1, 1, 1, 1, 1, 1, 1, 1, 1, 1, 1, 1, 1, 1, 1, 1, 1, 1, 1, 1, 1, 1, 1, 1, 1, 1, 1, 1, 1, 1, 1, 1, 1, 1, 1, 1, 1, 1, 1, 1, 1, 1, 1, 1, 1, 1, 1, 1, 1, 1, 1, 1, 1, 1, 1, 1, 1, 1, 1, 1, 1, 1, 1, 1, 1, 1, 1, 1, 1, 1, 1, 1, 1, 1, 1, 1, 1, 1, 1, 1, 1, 1, 1, 1, 1, 1, 1, 1, 1, 1, 1, 1, 1, 1, 1, 1, 1, 1, 1, 1, 1, 1, 1, 1, 1, 1, 1, 1, 1, 1, 1, 1, 1, 1, 1, 1, 1, 1, 1, 1, 1, 1, 1, 1, 1, 1, 1, 1, 1, 1, 1, 1, 1, 1, 1, 1, 1, 1, 1, 1, 1, 1, 1, 1, 1, 1, 1, 1, 1, 1, 1, 1, 1, 1, 1, 1, 1, 1, 1, 1, 1, 1, 1, 1, 1, 1, 1, 1, 1, 1, 1, 1, 1, 1, 1, 1, 1, 1, 1, 1, 1, 1, 1, 1, 1, 1, 1, 1, 1, 1, 1, 1, 1, 1, 1, 1, 1, 1, 1, 1, 1, 1, 1, 1, 1, 1, 1, 1, 1, 1, 1, 1, 1, 1, 1, 1, 1, 1, 1, 1, 1, 1, 1, 1, 1, 1, 1, 1, 1, 1, 1, 1, 1, 1, 1, 1, 1, 1, 1, 1, 1, 1, 1, 1, 1, 1, 1, 1, 1, 1, 1, 1, 1, 1, 1, 1, 1, 1, 1, 1, 1, 1, 1, 1, 1, 1, 1, 1, 1, 1, 1, 1, 1, 1, 1, 1, 1, 1, 1, 1, 1, 1, 1, 1, 1, 1, 1, 1, 1, 1, 1, 1, 1, 1, 1, 1, 1, 1, 1, 1, 1, 1, 1, 1, 1, 1, 1, 1, 1, 1, 1, 1, 1, 1, 1, 1, 1, 1, 1, 1, 1, 1, 1, 1, 1, 1, 1, 1, 1, 1, 1, 1, 1, 1, 1, 1, 1, 1, 1, 1, 1, 1, 1, 1, 1, 1, 1, 1, 1, 1, 1, 1, 1, 1, 1, 1, 1, 1, 1, 1, 1, 1, 1, 1, 1, 1, 1, 1, 1, 1, 1, 1, 1, 1, 1, 1, 1, 1, 1, 1, 1, 1, 1, 1, 1, 1, 1, 1, 1, 1, 1, 1, 1, 1, 1, 1, 1, 1, 1, 1, 1, 1, 1, 1, 1, 1, 1, 1, 1, 1, 1, 1, 1, 1, 1, 1, 1, 1, 1, 1, 1, 1, 1, 1, 1, 1, 1, 1, 1, 1, 1, 1, 1, 1, 1, 1, 1, 1, 1, 1, 1, 1, 1, 1, 1, 1, 1, 1, 1, 1, 1, 1, 1, 1, 1, 1, 1, 1, 1, 1, 1, 1, 1, 1, 1, 1, 1, 1]