0 11 18 24 26 28 
1 18 23 56 65 
2 3 18 22 96 
3 4 6 16 19 22 97 
4 12 15 22 24 55 61 
5 10 18 28 78 
6 7 27 28 
7 14 15 
8 15 17 23 56 74 
9 13 15 30 32 
10 15 17 
11 16 30 72 88 94 
12 26 31 
13 19 20 22 30 31 
14 15 32 
15 49 
16 21 55 71 87 
17 30 
18 24 80 
19 28 
20 22 31 32 54 
21 22 25 29 41 98 
22 29 32 61 
23 
24 32 71 
25 30 31 40 64 
26 32 
27 
28 72 
29 31 
30 32 34 
31 
32 
33 35 40 50 55 61 
34 46 50 64 
35 38 52 62 
36 47 49 98 
37 48 52 54 60 61 
38 57 58 59 63 75 
39 45 52 56 65 
40 43 50 90 
41 52 65 76 
42 44 51 85 89 
43 53 63 79 
44 55 60 62 64 
45 51 
46 47 51 53 65 69 85 
47 
48 53 
49 53 58 
50 56 57 74 92 
51 52 56 63 64 
52 61 
53 56 58 59 
54 56 71 
55 65 
56 57 
57 58 65 
58 88 
59 62 
60 63 
61 
62 
63 
64 65 
65 
66 68 86 90 93 
67 77 86 
68 82 93 
69 82 90 91 94 
70 72 82 83 84 93 98 
71 76 94 
72 74 75 90 91 98 
73 83 85 94 
74 80 81 97 
75 91 92 
76 78 80 81 94 
77 
78 94 
79 
80 94 
81 92 95 
82 84 
83 90 
84 87 97 
85 95 
86 88 94 95 96 
87 90 92 93 95 96 98 
88 94 
89 
90 93 96 
91 96 
92 95 
93 97 
94 98 
95 
96 
97 
98 
[0, 0, 0, 0, 0, 0, 0, 0, 0, 0, 0, 0, 0, 0, 0, 0, 0, 0, 0, 0, 0, 0, 0, 0, 0, 0, 0, 0, 0, 0, 0, 0, 0, 1, 1, 1, 1, 1, 1, 1, 1, 1, 1, 1, 1, 1, 1, 1, 1, 1, 1, 1, 1, 1, 1, 1, 1, 1, 1, 1, 1, 1, 1, 1, 1, 1, 2, 2, 2, 2, 2, 2, 2, 2, 2, 2, 2, 2, 2, 2, 2, 2, 2, 2, 2, 2, 2, 2, 2, 2, 2, 2, 2, 2, 2, 2, 2, 2, 2]