#/home/brian/Documents/summer17/Python/VEC/scripts/make_SBM_graphs.py
# GMT Thu Jul 27 21:52:13 2017
# 
0 64 97 71 72 79 40 50 54 58 28 29 94 95
1 64 73 76 48 17 21 25 58 59 90 94
2 64 80 49 71 40 76 44 29 16 17 84 61 94
3 97 98 99 4 69 75 43 50 35 92
4 74 13 49 21 23 31 53
5 16 65 89 17
6 96 68 69 72 44 14 48 18 22 58 93
7 96 67 38 8 9 43 18 91 93
8 12 78 20 53 86 30
9 69 38 44 14 20 78 22 28 30
10 98 34 78 16 49 84 21 57 25 59 95
11 96 66 14 78 86 87
12 96 33 69 74 75 44 40 82 52 88
13 66 35 81 53 22 88
14 51 68 75 45 60 18 83 52 53 28 93
15 71 73 75 76 16 90 89 26 27 61 63
16 35 70 72 50 19 90 55 58 59 26
17 36 40 23 80 84 87 91
18 96 33 68 69 64 75 78 22 39 65 31
19 48 35 76 47 21 23 24 89 26 79 61
20 38 77 81 27 93
21 71 40 47 55 45 79 23 27 42
22 97 35 40 75 77 92 87 55 91 28 63
23 37 80 52 36 95
24 64 37 72 41 75 45 80 40 85 89 25 90 27 29 95
25 45 79 56 84 54 57 94
26 48 36 37 70 71 74 43 84 86 55
27 64 37 56 50 47
28 66 38 29 83 53 61
29 72 73 74 45 47 40 91
30 97 99 65 45 60 50 83 53 87 47 92 63
31 96 99 68 43 53
32 65 44 53 38 87
33 96 66 67 75 77 59 83 88 91 60
34 36 73 76 79 56 90
35 68 82 67 53 92
36 37 57 54 89
37 71 72 74 55 40 84 59
38 96 43 47 83 53 91 93
39 66 70 81 52 87 62
40 71 72 76 42 79 48 41 89 85
41 74 80 72 42 56 57 58 92 90 94
42 80 72 50 54 90 95
43 65 66 75 77 46 81 67 52 87 88
44 68 81 83 92
45 70 76 48 56 82 84 59 85
46 97 74 77 78 86 88 92 93
47 90
48 85 89 90
49 64 69 70 76 74
50 80 70 58 91 90
51 96 66 58 92 62
52 65 67 72 75 77 56 99 53 88 90 93
53 97 60 77 82 78 88 63
54 80 56 74 94
55 71 76 89 58 85
56 84 59 77 80
57 64 72 76 80 84 85
58 64 72 94 62
59 84 74 95
60 67 75 78 62 92
61 70 84 86 90 79 94 63
62 96 99 87 88 63
63 98 86 78 83
64 75 76
65 75 69 78 81 83
66 97 77 99 82 87 88
67 98 81 87 91
68 97 77 83 92
69 86 92
70 71
71
72 80 74
73 80 82 85 92
74 79
75 97 99
76 80 84 85 94
77 81 83
78 98 88 90
79 80 89 85 95
80 84 89
81 97 86 91
82 98 87 92
83
84
85 90
86 91 92 93
87 97 99 93
88 93
89 94 95
90 95
91 92
92 98
93 97 95
94
95
96
97
98
99
[1, 1, 1, 0, 1, 1, 0, 0, 0, 0, 1, 0, 0, 0, 0, 1, 1, 1, 0, 1, 0, 1, 0, 1, 1, 1, 1, 1, 0, 1, 0, 0, 0, 0, 1, 0, 1, 1, 0, 0, 1, 1, 1, 0, 0, 1, 0, 1, 1, 1, 1, 0, 0, 0, 1, 1, 1, 1, 1, 1, 0, 1, 0, 0, 1, 0, 0, 0, 0, 0, 1, 1, 1, 1, 1, 0, 1, 0, 0, 1, 1, 0, 0, 0, 1, 1, 0, 0, 0, 1, 1, 0, 0, 0, 1, 1, 0, 0, 0, 0]