0 73 207 781 
1 
2 125 
3 103 115 602 
4 172 935 
5 309 
6 
7 113 
8 24 58 218 302 
9 
10 320 
11 28 
12 429 
13 56 304 
14 
15 309 329 730 
16 213 
17 
18 
19 
20 
21 235 
22 
23 
24 315 
25 110 
26 
27 197 
28 158 774 
29 
30 
31 
32 251 277 
33 117 152 271 
34 169 
35 516 
36 47 
37 138 237 
38 
39 
40 179 466 
41 194 
42 66 
43 324 406 
44 
45 145 897 
46 
47 252 
48 
49 292 
50 932 
51 57 
52 125 
53 
54 199 253 511 814 
55 308 
56 268 563 
57 
58 212 
59 171 
60 
61 
62 229 
63 163 
64 
65 159 221 
66 
67 
68 
69 71 
70 511 
71 113 533 
72 326 440 
73 249 
74 
75 
76 
77 284 
78 
79 155 
80 238 
81 910 
82 283 
83 
84 302 
85 
86 
87 
88 
89 258 
90 
91 
92 186 
93 
94 
95 327 
96 252 
97 235 
98 
99 
100 
101 
102 166 323 329 428 
103 
104 289 906 
105 264 533 
106 166 218 
107 165 
108 
109 496 880 
110 
111 
112 145 187 658 
113 
114 212 288 
115 
116 
117 418 
118 
119 129 
120 209 230 
121 199 
122 
123 
124 
125 307 
126 287 
127 
128 
129 390 
130 204 
131 223 
132 471 
133 301 
134 236 
135 200 
136 164 567 
137 297 
138 
139 
140 274 330 
141 178 295 
142 
143 261 
144 891 
145 
146 
147 
148 
149 
150 
151 
152 
153 
154 173 
155 323 
156 
157 
158 297 889 
159 213 288 
160 
161 205 
162 
163 
164 
165 180 
166 
167 237 
168 
169 
170 
171 
172 226 
173 
174 
175 
176 213 264 
177 
178 463 
179 990 
180 221 
181 305 
182 
183 
184 229 287 801 885 
185 
186 473 
187 242 
188 
189 235 
190 288 
191 
192 209 
193 
194 
195 205 
196 
197 
198 
199 
200 
201 
202 
203 
204 243 306 
205 714 
206 291 
207 
208 289 
209 
210 864 
211 548 
212 249 
213 301 330 756 
214 
215 
216 298 309 
217 
218 321 
219 985 
220 821 
221 274 
222 
223 424 560 
224 
225 314 
226 
227 284 415 
228 
229 
230 
231 
232 
233 331 
234 259 
235 
236 
237 
238 
239 
240 
241 
242 
243 409 
244 
245 
246 
247 289 
248 
249 
250 930 
251 
252 576 
253 369 
254 
255 
256 
257 
258 317 
259 
260 876 
261 
262 271 364 
263 324 
264 
265 908 
266 318 
267 
268 
269 
270 
271 326 
272 
273 937 
274 
275 
276 
277 
278 745 
279 292 
280 
281 
282 288 
283 
284 
285 328 731 
286 
287 
288 
289 316 
290 735 
291 
292 
293 313 
294 
295 
296 318 
297 309 
298 
299 
300 
301 
302 
303 
304 
305 
306 
307 
308 
309 
310 
311 
312 847 
313 
314 
315 
316 
317 
318 
319 
320 
321 
322 
323 
324 
325 
326 
327 
328 
329 
330 
331 
332 
333 
334 568 
335 486 
336 713 
337 598 
338 480 
339 687 
340 580 634 
341 
342 501 564 
343 
344 639 
345 435 900 
346 
347 476 
348 471 
349 
350 
351 
352 
353 
354 444 982 
355 461 
356 357 
357 
358 574 
359 
360 446 621 
361 426 
362 
363 
364 
365 
366 603 
367 520 633 
368 606 
369 490 
370 486 
371 527 
372 373 534 
373 
374 
375 643 
376 437 528 
377 566 
378 617 
379 
380 
381 663 
382 
383 
384 
385 907 
386 
387 526 
388 465 589 
389 586 
390 593 978 
391 505 
392 580 636 
393 
394 472 
395 558 567 
396 435 653 
397 
398 
399 
400 
401 
402 
403 
404 425 
405 
406 
407 
408 604 
409 
410 
411 
412 630 
413 570 
414 
415 
416 585 
417 
418 
419 556 
420 463 511 
421 461 467 
422 
423 
424 
425 896 
426 592 
427 
428 544 832 
429 
430 449 501 574 
431 642 649 
432 505 583 
433 589 
434 632 
435 
436 
437 
438 529 565 622 
439 651 
440 
441 
442 
443 
444 659 
445 
446 
447 511 
448 
449 
450 516 557 
451 527 
452 
453 
454 
455 
456 469 698 
457 500 
458 601 613 
459 
460 
461 
462 659 
463 650 
464 589 
465 
466 515 
467 
468 
469 
470 
471 
472 628 
473 
474 
475 
476 
477 
478 543 
479 
480 512 
481 
482 624 625 
483 635 
484 
485 491 
486 
487 
488 
489 
490 622 
491 538 551 
492 
493 
494 
495 
496 562 
497 
498 524 
499 
500 
501 
502 
503 584 588 
504 
505 
506 
507 
508 578 622 
509 663 
510 652 
511 851 
512 750 
513 624 
514 
515 
516 595 
517 
518 
519 
520 
521 
522 
523 
524 
525 
526 
527 
528 
529 592 
530 
531 596 672 
532 587 
533 
534 
535 
536 
537 
538 
539 
540 
541 
542 
543 
544 
545 969 
546 
547 982 
548 
549 
550 
551 554 
552 
553 
554 
555 647 
556 561 642 
557 
558 940 
559 
560 
561 658 782 901 
562 
563 
564 
565 
566 
567 992 
568 
569 583 
570 
571 
572 
573 654 888 
574 
575 
576 
577 
578 645 
579 
580 632 
581 
582 
583 
584 
585 633 
586 
587 
588 
589 
590 
591 
592 765 
593 
594 
595 
596 
597 
598 
599 
600 
601 633 
602 630 
603 
604 
605 
606 
607 
608 832 
609 
610 
611 
612 
613 
614 
615 
616 625 
617 981 
618 793 934 
619 
620 
621 
622 878 
623 
624 665 
625 
626 
627 787 
628 
629 
630 
631 
632 
633 
634 
635 
636 
637 
638 781 
639 
640 951 
641 
642 
643 658 
644 
645 648 
646 
647 
648 
649 
650 
651 
652 
653 
654 
655 
656 
657 
658 
659 
660 
661 
662 
663 
664 
665 
666 824 889 928 
667 
668 987 
669 767 
670 
671 879 
672 
673 984 
674 
675 
676 
677 938 
678 
679 851 889 
680 701 
681 861 
682 
683 734 
684 
685 914 
686 
687 908 
688 907 
689 
690 
691 938 
692 
693 860 994 
694 
695 901 
696 
697 759 
698 835 
699 853 931 
700 
701 769 
702 852 882 947 
703 848 
704 837 886 950 
705 833 
706 946 
707 
708 734 
709 
710 750 860 
711 723 881 981 
712 861 983 
713 775 805 
714 944 
715 
716 876 
717 
718 866 878 
719 744 802 
720 839 
721 
722 850 
723 836 
724 
725 839 932 
726 811 
727 
728 
729 
730 849 
731 
732 788 
733 952 
734 
735 780 
736 826 941 
737 855 
738 
739 866 888 
740 
741 
742 745 
743 915 
744 
745 
746 809 
747 958 986 
748 831 864 
749 
750 
751 907 994 
752 926 
753 
754 773 986 
755 942 943 
756 
757 
758 912 
759 927 930 974 
760 
761 
762 
763 951 
764 791 
765 789 847 
766 
767 
768 
769 
770 790 
771 
772 
773 918 
774 828 
775 918 
776 929 
777 
778 
779 
780 920 
781 802 
782 920 
783 823 
784 
785 
786 924 
787 
788 
789 
790 
791 856 
792 840 
793 
794 
795 912 976 
796 
797 991 
798 
799 
800 
801 968 
802 904 
803 894 
804 811 947 
805 
806 
807 
808 
809 959 
810 
811 
812 867 
813 
814 
815 877 915 
816 
817 901 
818 858 
819 946 
820 
821 
822 
823 987 
824 
825 
826 
827 855 
828 
829 996 
830 923 
831 
832 
833 
834 
835 
836 
837 
838 
839 
840 981 
841 
842 
843 
844 879 965 
845 
846 
847 
848 
849 
850 889 
851 
852 
853 859 930 
854 
855 
856 
857 947 984 
858 
859 
860 992 
861 906 
862 878 
863 
864 
865 
866 
867 868 
868 
869 
870 
871 880 946 
872 922 
873 
874 
875 
876 
877 
878 
879 990 
880 953 
881 
882 
883 967 
884 990 
885 997 
886 
887 
888 
889 
890 
891 
892 
893 
894 
895 931 
896 981 
897 
898 
899 
900 
901 
902 
903 
904 
905 
906 
907 
908 
909 936 
910 932 
911 
912 
913 
914 
915 
916 
917 
918 
919 
920 
921 944 
922 
923 934 
924 
925 
926 
927 
928 
929 
930 
931 
932 
933 
934 
935 
936 
937 
938 954 
939 998 
940 
941 
942 957 
943 
944 
945 
946 994 
947 
948 
949 
950 
951 
952 
953 965 
954 
955 
956 
957 
958 
959 
960 
961 
962 
963 
964 
965 
966 
967 
968 
969 
970 
971 
972 
973 
974 
975 
976 
977 
978 
979 
980 
981 
982 
983 
984 
985 
986 
987 
988 
989 
990 
991 
992 
993 
994 
995 
996 
997 
998 
[0, 0, 0, 0, 0, 0, 0, 0, 0, 0, 0, 0, 0, 0, 0, 0, 0, 0, 0, 0, 0, 0, 0, 0, 0, 0, 0, 0, 0, 0, 0, 0, 0, 0, 0, 0, 0, 0, 0, 0, 0, 0, 0, 0, 0, 0, 0, 0, 0, 0, 0, 0, 0, 0, 0, 0, 0, 0, 0, 0, 0, 0, 0, 0, 0, 0, 0, 0, 0, 0, 0, 0, 0, 0, 0, 0, 0, 0, 0, 0, 0, 0, 0, 0, 0, 0, 0, 0, 0, 0, 0, 0, 0, 0, 0, 0, 0, 0, 0, 0, 0, 0, 0, 0, 0, 0, 0, 0, 0, 0, 0, 0, 0, 0, 0, 0, 0, 0, 0, 0, 0, 0, 0, 0, 0, 0, 0, 0, 0, 0, 0, 0, 0, 0, 0, 0, 0, 0, 0, 0, 0, 0, 0, 0, 0, 0, 0, 0, 0, 0, 0, 0, 0, 0, 0, 0, 0, 0, 0, 0, 0, 0, 0, 0, 0, 0, 0, 0, 0, 0, 0, 0, 0, 0, 0, 0, 0, 0, 0, 0, 0, 0, 0, 0, 0, 0, 0, 0, 0, 0, 0, 0, 0, 0, 0, 0, 0, 0, 0, 0, 0, 0, 0, 0, 0, 0, 0, 0, 0, 0, 0, 0, 0, 0, 0, 0, 0, 0, 0, 0, 0, 0, 0, 0, 0, 0, 0, 0, 0, 0, 0, 0, 0, 0, 0, 0, 0, 0, 0, 0, 0, 0, 0, 0, 0, 0, 0, 0, 0, 0, 0, 0, 0, 0, 0, 0, 0, 0, 0, 0, 0, 0, 0, 0, 0, 0, 0, 0, 0, 0, 0, 0, 0, 0, 0, 0, 0, 0, 0, 0, 0, 0, 0, 0, 0, 0, 0, 0, 0, 0, 0, 0, 0, 0, 0, 0, 0, 0, 0, 0, 0, 0, 0, 0, 0, 0, 0, 0, 0, 0, 0, 0, 0, 0, 0, 0, 0, 0, 0, 0, 0, 0, 0, 0, 0, 0, 0, 0, 0, 0, 0, 0, 0, 1, 1, 1, 1, 1, 1, 1, 1, 1, 1, 1, 1, 1, 1, 1, 1, 1, 1, 1, 1, 1, 1, 1, 1, 1, 1, 1, 1, 1, 1, 1, 1, 1, 1, 1, 1, 1, 1, 1, 1, 1, 1, 1, 1, 1, 1, 1, 1, 1, 1, 1, 1, 1, 1, 1, 1, 1, 1, 1, 1, 1, 1, 1, 1, 1, 1, 1, 1, 1, 1, 1, 1, 1, 1, 1, 1, 1, 1, 1, 1, 1, 1, 1, 1, 1, 1, 1, 1, 1, 1, 1, 1, 1, 1, 1, 1, 1, 1, 1, 1, 1, 1, 1, 1, 1, 1, 1, 1, 1, 1, 1, 1, 1, 1, 1, 1, 1, 1, 1, 1, 1, 1, 1, 1, 1, 1, 1, 1, 1, 1, 1, 1, 1, 1, 1, 1, 1, 1, 1, 1, 1, 1, 1, 1, 1, 1, 1, 1, 1, 1, 1, 1, 1, 1, 1, 1, 1, 1, 1, 1, 1, 1, 1, 1, 1, 1, 1, 1, 1, 1, 1, 1, 1, 1, 1, 1, 1, 1, 1, 1, 1, 1, 1, 1, 1, 1, 1, 1, 1, 1, 1, 1, 1, 1, 1, 1, 1, 1, 1, 1, 1, 1, 1, 1, 1, 1, 1, 1, 1, 1, 1, 1, 1, 1, 1, 1, 1, 1, 1, 1, 1, 1, 1, 1, 1, 1, 1, 1, 1, 1, 1, 1, 1, 1, 1, 1, 1, 1, 1, 1, 1, 1, 1, 1, 1, 1, 1, 1, 1, 1, 1, 1, 1, 1, 1, 1, 1, 1, 1, 1, 1, 1, 1, 1, 1, 1, 1, 1, 1, 1, 1, 1, 1, 1, 1, 1, 1, 1, 1, 1, 1, 1, 1, 1, 1, 1, 1, 1, 1, 1, 1, 1, 1, 1, 1, 1, 1, 1, 1, 1, 1, 1, 1, 1, 1, 1, 1, 1, 1, 1, 1, 1, 1, 1, 1, 1, 1, 1, 1, 1, 1, 1, 1, 1, 1, 1, 1, 1, 1, 1, 1, 1, 1, 2, 2, 2, 2, 2, 2, 2, 2, 2, 2, 2, 2, 2, 2, 2, 2, 2, 2, 2, 2, 2, 2, 2, 2, 2, 2, 2, 2, 2, 2, 2, 2, 2, 2, 2, 2, 2, 2, 2, 2, 2, 2, 2, 2, 2, 2, 2, 2, 2, 2, 2, 2, 2, 2, 2, 2, 2, 2, 2, 2, 2, 2, 2, 2, 2, 2, 2, 2, 2, 2, 2, 2, 2, 2, 2, 2, 2, 2, 2, 2, 2, 2, 2, 2, 2, 2, 2, 2, 2, 2, 2, 2, 2, 2, 2, 2, 2, 2, 2, 2, 2, 2, 2, 2, 2, 2, 2, 2, 2, 2, 2, 2, 2, 2, 2, 2, 2, 2, 2, 2, 2, 2, 2, 2, 2, 2, 2, 2, 2, 2, 2, 2, 2, 2, 2, 2, 2, 2, 2, 2, 2, 2, 2, 2, 2, 2, 2, 2, 2, 2, 2, 2, 2, 2, 2, 2, 2, 2, 2, 2, 2, 2, 2, 2, 2, 2, 2, 2, 2, 2, 2, 2, 2, 2, 2, 2, 2, 2, 2, 2, 2, 2, 2, 2, 2, 2, 2, 2, 2, 2, 2, 2, 2, 2, 2, 2, 2, 2, 2, 2, 2, 2, 2, 2, 2, 2, 2, 2, 2, 2, 2, 2, 2, 2, 2, 2, 2, 2, 2, 2, 2, 2, 2, 2, 2, 2, 2, 2, 2, 2, 2, 2, 2, 2, 2, 2, 2, 2, 2, 2, 2, 2, 2, 2, 2, 2, 2, 2, 2, 2, 2, 2, 2, 2, 2, 2, 2, 2, 2, 2, 2, 2, 2, 2, 2, 2, 2, 2, 2, 2, 2, 2, 2, 2, 2, 2, 2, 2, 2, 2, 2, 2, 2, 2, 2, 2, 2, 2, 2, 2, 2, 2, 2, 2, 2, 2, 2, 2, 2, 2, 2, 2, 2, 2, 2, 2, 2, 2, 2, 2, 2, 2, 2, 2, 2, 2, 2, 2, 2, 2, 2, 2, 2, 2, 2, 2, 2, 2, 2, 2, 2, 2, 2]