0 14 111 126 218 328 816 
1 
2 31 163 254 395 769 790 
3 6 101 123 157 229 308 415 
4 100 131 144 198 898 904 
5 170 270 280 
6 
7 60 153 265 314 
8 96 119 179 203 289 
9 153 269 531 
10 304 617 
11 44 62 130 291 395 
12 68 168 254 453 843 
13 44 45 149 156 310 
14 222 248 294 
15 37 197 294 
16 48 300 
17 
18 29 278 
19 53 976 
20 27 62 200 751 
21 58 249 
22 132 174 232 
23 153 214 332 
24 97 196 281 673 
25 65 175 
26 704 
27 33 129 734 
28 44 77 166 225 232 304 618 
29 130 188 253 
30 120 154 300 311 
31 287 299 
32 41 218 236 626 770 947 
33 73 104 108 193 218 522 979 
34 57 135 180 206 260 
35 85 138 212 573 688 
36 71 84 199 212 
37 132 
38 
39 
40 214 230 255 
41 128 
42 169 255 
43 67 82 114 115 235 307 611 
44 73 230 280 
45 50 266 288 302 
46 56 329 652 
47 97 200 273 302 850 
48 58 71 92 102 147 255 576 
49 69 98 99 130 263 268 581 
50 52 143 157 201 542 776 799 
51 223 
52 161 239 259 586 
53 214 239 306 387 600 
54 61 105 158 175 247 264 277 888 
55 176 210 275 426 447 
56 99 139 223 
57 116 121 150 291 306 849 
58 98 
59 178 
60 149 192 197 
61 177 
62 75 207 290 771 852 
63 198 331 
64 313 858 
65 195 252 397 789 828 
66 111 170 
67 225 572 
68 
69 111 141 187 197 218 241 315 
70 214 330 
71 72 307 
72 108 129 145 296 533 848 
73 240 249 284 
74 82 182 236 241 272 
75 
76 191 551 
77 271 
78 233 
79 146 178 179 
80 195 296 326 740 809 
81 253 266 282 509 
82 305 320 
83 115 228 565 762 
84 131 174 224 268 899 951 
85 195 257 359 632 
86 116 211 234 
87 125 136 319 
88 276 
89 92 101 129 135 200 205 215 219 
90 113 219 328 
91 214 288 298 304 424 513 884 
92 176 228 
93 307 778 
94 167 499 
95 275 301 321 745 
96 114 324 
97 157 163 305 
98 186 
99 185 268 304 
100 130 195 257 324 869 876 
101 668 
102 129 186 221 313 315 774 
103 199 355 
104 107 140 144 268 419 
105 275 290 331 
106 136 177 283 675 
107 185 224 287 
108 158 486 
109 143 168 
110 289 912 
111 811 
112 180 205 234 
113 228 283 449 
114 122 175 273 
115 317 982 
116 559 
117 126 153 187 194 240 324 366 976 
118 170 277 
119 256 992 
120 198 666 
121 219 267 
122 581 
123 244 713 
124 
125 143 184 199 247 823 
126 212 330 
127 221 234 272 299 316 
128 240 
129 141 243 329 737 790 808 
130 195 
131 309 
132 203 
133 194 217 225 300 308 318 663 914 
134 199 
135 
136 177 405 624 
137 324 534 
138 148 307 834 
139 174 195 255 425 
140 151 260 276 303 308 309 
141 156 237 
142 284 
143 216 958 
144 183 594 962 
145 301 399 424 
146 176 217 313 885 
147 640 
148 183 205 327 660 856 959 
149 191 304 
150 205 
151 195 249 
152 201 235 289 425 
153 361 
154 168 182 291 832 
155 201 307 310 351 
156 166 418 905 
157 
158 231 301 340 
159 300 308 330 578 657 
160 196 
161 264 
162 179 181 274 596 802 
163 263 286 319 988 
164 194 263 326 546 
165 245 
166 
167 180 291 
168 823 
169 494 
170 289 982 
171 267 300 413 493 654 
172 
173 332 
174 401 939 
175 
176 207 224 327 
177 202 289 
178 295 314 327 
179 240 266 610 956 
180 222 261 312 582 
181 182 290 546 
182 
183 
184 279 290 297 321 
185 297 551 838 
186 213 276 289 307 316 325 
187 224 228 375 
188 226 258 714 
189 261 288 
190 
191 300 
192 931 
193 252 
194 
195 238 306 473 734 939 
196 303 662 
197 270 610 
198 199 227 493 
199 300 
200 275 
201 
202 319 770 
203 262 708 
204 214 316 
205 222 910 
206 
207 268 285 993 
208 221 243 688 786 
209 
210 743 
211 
212 241 280 295 316 747 
213 221 247 269 284 320 
214 257 663 
215 
216 589 598 
217 234 
218 250 292 303 332 829 
219 600 
220 
221 255 823 
222 
223 236 281 304 
224 254 291 573 843 
225 234 
226 228 251 761 
227 248 
228 270 
229 238 268 
230 259 267 295 309 749 
231 
232 249 
233 289 
234 328 
235 527 906 
236 292 343 918 
237 383 
238 791 
239 
240 
241 840 
242 311 677 703 
243 330 
244 
245 340 
246 
247 250 271 
248 329 
249 274 
250 285 300 328 359 
251 320 326 
252 267 
253 299 328 
254 
255 
256 302 339 
257 
258 309 
259 266 325 
260 466 
261 
262 300 327 
263 315 375 
264 810 883 
265 276 503 563 
266 327 
267 
268 303 368 
269 409 
270 487 
271 305 330 
272 489 
273 
274 296 
275 331 779 
276 331 753 
277 
278 
279 
280 663 732 
281 
282 296 682 
283 295 312 
284 318 321 
285 652 
286 314 
287 315 583 
288 
289 442 726 
290 
291 
292 317 
293 503 
294 303 667 954 
295 350 374 
296 839 
297 654 972 
298 620 
299 
300 768 
301 305 655 
302 849 
303 458 609 
304 347 962 
305 
306 329 
307 963 
308 
309 310 863 
310 
311 
312 585 
313 420 457 
314 698 
315 
316 
317 
318 
319 
320 
321 
322 931 
323 434 
324 534 
325 491 
326 
327 389 
328 977 
329 371 907 
330 670 
331 
332 977 
333 350 437 477 623 
334 604 659 941 
335 388 432 506 547 572 627 637 
336 365 479 701 
337 385 411 
338 355 402 461 685 746 989 
339 456 554 560 629 
340 593 615 
341 504 527 
342 525 656 976 
343 355 408 422 550 624 651 967 
344 370 378 
345 401 464 535 656 
346 449 490 540 595 608 651 
347 411 437 473 487 505 760 
348 469 482 575 583 628 
349 458 515 598 641 
350 355 534 559 614 629 
351 417 492 538 658 
352 591 
353 558 
354 357 654 
355 448 477 481 581 624 
356 401 475 480 590 
357 437 661 
358 377 
359 464 618 
360 420 438 538 539 
361 494 
362 397 538 539 838 
363 389 
364 365 402 
365 426 464 484 
366 663 
367 484 492 500 
368 407 553 594 873 
369 406 476 484 491 
370 398 547 659 
371 485 502 509 524 546 569 620 658 664 
372 380 408 433 520 610 617 
373 408 498 
374 418 431 575 
375 527 848 894 
376 482 575 583 635 
377 430 488 511 
378 396 561 950 
379 500 625 641 658 
380 639 
381 651 835 
382 411 434 585 
383 804 
384 520 590 798 
385 
386 512 601 602 650 
387 594 656 
388 553 637 
389 435 660 
390 416 468 488 550 663 
391 469 491 633 
392 
393 401 462 594 
394 426 490 548 
395 437 536 571 696 
396 401 409 531 540 589 610 
397 631 645 899 
398 472 622 
399 611 
400 514 618 897 
401 537 
402 417 421 591 666 
403 441 458 480 585 
404 449 506 638 
405 412 420 457 
406 587 626 
407 470 471 598 632 649 
408 526 
409 515 592 
410 657 
411 600 
412 422 448 452 527 545 601 733 
413 423 481 518 
414 431 
415 563 642 
416 543 
417 644 
418 422 539 
419 431 594 635 
420 447 521 574 631 
421 
422 509 517 
423 504 591 612 
424 522 526 556 566 
425 578 649 683 
426 468 546 555 
427 430 491 625 626 
428 473 539 544 
429 463 532 
430 445 536 
431 440 564 577 659 
432 437 575 638 
433 
434 503 507 
435 
436 633 885 
437 446 
438 650 
439 496 502 
440 443 504 640 
441 593 599 
442 482 484 603 700 
443 
444 618 651 
445 555 
446 642 656 
447 468 
448 890 
449 451 554 656 671 903 
450 512 550 722 
451 
452 461 
453 465 505 533 576 637 
454 457 572 
455 501 
456 521 
457 546 579 595 717 
458 491 535 
459 557 626 
460 
461 498 521 664 
462 605 650 
463 475 503 866 
464 579 977 
465 818 
466 491 508 521 588 618 640 979 
467 610 622 630 
468 642 
469 616 689 
470 555 578 617 
471 548 552 618 854 
472 564 615 762 
473 529 596 597 657 
474 621 637 
475 583 655 
476 489 610 
477 574 654 
478 491 575 
479 480 608 787 839 
480 583 643 
481 565 631 673 715 988 
482 585 
483 497 820 
484 547 598 628 805 
485 875 
486 512 662 
487 615 814 
488 528 
489 490 
490 587 
491 514 882 904 
492 
493 
494 850 
495 770 
496 584 596 662 
497 597 
498 550 573 642 
499 613 633 
500 537 625 
501 504 
502 645 
503 721 731 
504 583 634 
505 568 
506 583 
507 519 650 
508 
509 526 538 
510 
511 597 599 663 963 
512 992 
513 635 
514 
515 766 
516 923 
517 574 582 601 
518 526 580 593 
519 547 550 637 654 
520 846 
521 600 772 
522 535 
523 655 
524 561 650 
525 593 
526 553 
527 792 
528 545 608 747 917 
529 643 976 
530 612 655 989 
531 645 788 
532 
533 632 
534 628 
535 
536 
537 560 
538 748 
539 616 
540 606 
541 603 658 
542 741 
543 936 
544 583 
545 556 635 
546 662 841 
547 563 622 
548 640 
549 760 
550 624 
551 605 692 
552 
553 641 883 
554 604 665 965 
555 622 
556 
557 651 
558 797 
559 562 581 598 
560 626 
561 
562 617 641 
563 662 947 
564 618 
565 
566 578 
567 574 
568 598 633 
569 587 799 
570 577 
571 598 634 820 945 
572 591 594 
573 656 
574 596 793 903 
575 604 
576 597 666 924 
577 592 628 
578 664 
579 586 683 777 
580 614 663 
581 605 
582 
583 584 645 651 890 
584 586 636 
585 643 767 
586 628 634 
587 610 759 762 
588 650 659 
589 
590 639 
591 640 675 
592 625 
593 
594 595 735 
595 605 733 
596 
597 627 652 
598 647 940 
599 
600 978 
601 662 829 
602 618 894 
603 613 
604 614 754 
605 
606 608 609 784 
607 
608 641 
609 629 788 
610 863 
611 
612 
613 617 661 
614 
615 620 653 915 
616 
617 626 
618 648 
619 648 
620 
621 
622 
623 647 651 768 
624 
625 825 
626 
627 643 
628 657 
629 
630 
631 
632 
633 
634 
635 
636 
637 641 
638 654 881 
639 876 
640 896 
641 
642 652 924 982 
643 
644 
645 650 
646 653 
647 
648 657 
649 
650 
651 835 
652 
653 
654 858 
655 
656 
657 
658 
659 990 
660 
661 794 
662 
663 754 
664 994 
665 
666 712 741 915 
667 669 728 832 905 
668 738 986 
669 825 949 
670 691 706 851 
671 705 787 
672 674 777 872 873 
673 694 758 796 857 913 
674 684 749 783 881 988 
675 704 759 824 848 893 
676 691 741 880 979 
677 757 791 917 987 
678 696 735 790 861 878 895 913 921 
679 
680 737 773 777 902 
681 890 925 
682 755 874 910 983 
683 778 785 852 854 873 887 888 926 964 
684 742 
685 732 761 767 770 935 955 957 978 992 
686 734 767 787 869 879 976 
687 692 743 830 
688 772 926 956 975 
689 711 748 774 847 912 
690 698 893 
691 789 933 953 
692 712 731 764 778 
693 739 793 
694 946 
695 800 837 939 985 
696 808 
697 791 808 970 
698 714 744 820 937 
699 710 762 881 906 
700 871 936 
701 743 792 
702 751 806 906 914 
703 729 
704 732 831 
705 823 835 
706 783 786 964 977 987 
707 720 
708 726 820 
709 761 817 882 907 
710 846 897 
711 771 803 825 839 849 
712 
713 945 984 989 
714 846 989 
715 952 985 
716 788 789 
717 748 784 849 855 
718 737 776 797 845 931 967 983 
719 785 840 859 893 996 
720 774 814 836 
721 782 834 
722 
723 757 770 810 898 918 
724 841 907 915 932 
725 847 860 
726 801 
727 850 894 977 
728 
729 943 
730 761 790 890 
731 927 941 943 946 
732 784 904 921 
733 
734 763 797 938 978 
735 767 970 996 
736 851 
737 742 783 944 
738 765 
739 819 868 917 961 984 
740 758 797 948 994 997 
741 744 798 854 973 
742 802 880 882 919 930 935 
743 873 
744 747 970 990 
745 763 873 895 916 981 
746 779 873 916 
747 758 926 929 
748 761 860 877 969 
749 907 938 
750 801 
751 907 951 964 989 
752 826 863 969 
753 935 981 995 
754 840 876 
755 772 843 926 
756 856 869 
757 786 896 969 
758 786 847 884 920 925 955 
759 882 956 
760 864 915 
761 784 
762 949 
763 790 868 
764 786 825 875 879 
765 769 903 
766 779 883 
767 864 
768 862 863 936 951 
769 872 931 948 995 
770 832 
771 873 919 
772 855 921 
773 815 908 
774 873 910 
775 941 
776 820 828 
777 792 950 
778 908 938 957 
779 985 
780 928 936 
781 949 
782 832 924 
783 790 824 
784 819 928 946 
785 906 942 950 
786 868 874 965 
787 798 964 994 
788 
789 
790 874 895 
791 808 
792 921 
793 837 925 
794 801 857 891 965 
795 818 926 
796 860 
797 961 991 
798 813 957 
799 930 966 
800 
801 846 905 911 
802 877 890 978 
803 831 943 
804 813 884 885 948 
805 819 966 
806 816 843 
807 824 943 955 
808 897 
809 
810 941 966 
811 832 853 935 
812 
813 856 907 
814 826 856 
815 860 962 972 
816 834 944 
817 843 887 
818 
819 
820 891 956 995 
821 862 
822 
823 846 971 
824 904 
825 
826 
827 960 
828 843 
829 843 
830 940 
831 900 
832 938 982 
833 837 850 
834 
835 
836 846 879 
837 920 942 
838 964 968 
839 934 
840 910 965 
841 
842 949 953 
843 935 990 
844 924 
845 883 
846 924 
847 
848 911 956 968 
849 902 
850 899 
851 866 904 910 
852 861 884 
853 976 
854 882 974 
855 992 
856 936 970 
857 866 938 
858 875 928 932 
859 874 900 996 
860 946 
861 905 
862 929 982 992 
863 865 927 
864 
865 971 
866 
867 
868 
869 966 
870 983 
871 915 
872 928 
873 964 
874 
875 914 
876 903 
877 878 935 
878 
879 916 922 978 
880 969 
881 899 
882 921 971 
883 951 
884 989 997 
885 963 
886 
887 969 
888 965 
889 973 
890 908 940 983 
891 
892 934 
893 
894 
895 
896 
897 899 948 
898 965 
899 
900 
901 959 963 
902 
903 
904 
905 
906 933 
907 
908 957 988 
909 959 
910 
911 970 986 
912 
913 957 
914 
915 942 
916 925 
917 
918 
919 
920 
921 
922 
923 927 930 951 
924 970 
925 
926 
927 997 
928 
929 961 
930 
931 
932 
933 939 
934 973 
935 
936 961 
937 
938 943 956 
939 943 989 998 
940 964 
941 
942 
943 947 
944 963 
945 
946 959 970 
947 
948 978 
949 
950 
951 
952 
953 957 
954 
955 
956 984 
957 
958 
959 
960 969 
961 
962 965 
963 984 
964 968 
965 
966 967 
967 
968 990 
969 977 
970 
971 
972 
973 
974 
975 
976 
977 
978 
979 
980 998 
981 
982 
983 
984 
985 
986 
987 
988 
989 
990 
991 
992 
993 
994 
995 
996 
997 
998 
[0, 0, 0, 0, 0, 0, 0, 0, 0, 0, 0, 0, 0, 0, 0, 0, 0, 0, 0, 0, 0, 0, 0, 0, 0, 0, 0, 0, 0, 0, 0, 0, 0, 0, 0, 0, 0, 0, 0, 0, 0, 0, 0, 0, 0, 0, 0, 0, 0, 0, 0, 0, 0, 0, 0, 0, 0, 0, 0, 0, 0, 0, 0, 0, 0, 0, 0, 0, 0, 0, 0, 0, 0, 0, 0, 0, 0, 0, 0, 0, 0, 0, 0, 0, 0, 0, 0, 0, 0, 0, 0, 0, 0, 0, 0, 0, 0, 0, 0, 0, 0, 0, 0, 0, 0, 0, 0, 0, 0, 0, 0, 0, 0, 0, 0, 0, 0, 0, 0, 0, 0, 0, 0, 0, 0, 0, 0, 0, 0, 0, 0, 0, 0, 0, 0, 0, 0, 0, 0, 0, 0, 0, 0, 0, 0, 0, 0, 0, 0, 0, 0, 0, 0, 0, 0, 0, 0, 0, 0, 0, 0, 0, 0, 0, 0, 0, 0, 0, 0, 0, 0, 0, 0, 0, 0, 0, 0, 0, 0, 0, 0, 0, 0, 0, 0, 0, 0, 0, 0, 0, 0, 0, 0, 0, 0, 0, 0, 0, 0, 0, 0, 0, 0, 0, 0, 0, 0, 0, 0, 0, 0, 0, 0, 0, 0, 0, 0, 0, 0, 0, 0, 0, 0, 0, 0, 0, 0, 0, 0, 0, 0, 0, 0, 0, 0, 0, 0, 0, 0, 0, 0, 0, 0, 0, 0, 0, 0, 0, 0, 0, 0, 0, 0, 0, 0, 0, 0, 0, 0, 0, 0, 0, 0, 0, 0, 0, 0, 0, 0, 0, 0, 0, 0, 0, 0, 0, 0, 0, 0, 0, 0, 0, 0, 0, 0, 0, 0, 0, 0, 0, 0, 0, 0, 0, 0, 0, 0, 0, 0, 0, 0, 0, 0, 0, 0, 0, 0, 0, 0, 0, 0, 0, 0, 0, 0, 0, 0, 0, 0, 0, 0, 0, 0, 0, 0, 0, 0, 0, 0, 0, 0, 0, 0, 1, 1, 1, 1, 1, 1, 1, 1, 1, 1, 1, 1, 1, 1, 1, 1, 1, 1, 1, 1, 1, 1, 1, 1, 1, 1, 1, 1, 1, 1, 1, 1, 1, 1, 1, 1, 1, 1, 1, 1, 1, 1, 1, 1, 1, 1, 1, 1, 1, 1, 1, 1, 1, 1, 1, 1, 1, 1, 1, 1, 1, 1, 1, 1, 1, 1, 1, 1, 1, 1, 1, 1, 1, 1, 1, 1, 1, 1, 1, 1, 1, 1, 1, 1, 1, 1, 1, 1, 1, 1, 1, 1, 1, 1, 1, 1, 1, 1, 1, 1, 1, 1, 1, 1, 1, 1, 1, 1, 1, 1, 1, 1, 1, 1, 1, 1, 1, 1, 1, 1, 1, 1, 1, 1, 1, 1, 1, 1, 1, 1, 1, 1, 1, 1, 1, 1, 1, 1, 1, 1, 1, 1, 1, 1, 1, 1, 1, 1, 1, 1, 1, 1, 1, 1, 1, 1, 1, 1, 1, 1, 1, 1, 1, 1, 1, 1, 1, 1, 1, 1, 1, 1, 1, 1, 1, 1, 1, 1, 1, 1, 1, 1, 1, 1, 1, 1, 1, 1, 1, 1, 1, 1, 1, 1, 1, 1, 1, 1, 1, 1, 1, 1, 1, 1, 1, 1, 1, 1, 1, 1, 1, 1, 1, 1, 1, 1, 1, 1, 1, 1, 1, 1, 1, 1, 1, 1, 1, 1, 1, 1, 1, 1, 1, 1, 1, 1, 1, 1, 1, 1, 1, 1, 1, 1, 1, 1, 1, 1, 1, 1, 1, 1, 1, 1, 1, 1, 1, 1, 1, 1, 1, 1, 1, 1, 1, 1, 1, 1, 1, 1, 1, 1, 1, 1, 1, 1, 1, 1, 1, 1, 1, 1, 1, 1, 1, 1, 1, 1, 1, 1, 1, 1, 1, 1, 1, 1, 1, 1, 1, 1, 1, 1, 1, 1, 1, 1, 1, 1, 1, 1, 1, 1, 1, 1, 1, 1, 1, 1, 1, 1, 1, 1, 1, 1, 1, 1, 1, 1, 1, 1, 1, 1, 1, 2, 2, 2, 2, 2, 2, 2, 2, 2, 2, 2, 2, 2, 2, 2, 2, 2, 2, 2, 2, 2, 2, 2, 2, 2, 2, 2, 2, 2, 2, 2, 2, 2, 2, 2, 2, 2, 2, 2, 2, 2, 2, 2, 2, 2, 2, 2, 2, 2, 2, 2, 2, 2, 2, 2, 2, 2, 2, 2, 2, 2, 2, 2, 2, 2, 2, 2, 2, 2, 2, 2, 2, 2, 2, 2, 2, 2, 2, 2, 2, 2, 2, 2, 2, 2, 2, 2, 2, 2, 2, 2, 2, 2, 2, 2, 2, 2, 2, 2, 2, 2, 2, 2, 2, 2, 2, 2, 2, 2, 2, 2, 2, 2, 2, 2, 2, 2, 2, 2, 2, 2, 2, 2, 2, 2, 2, 2, 2, 2, 2, 2, 2, 2, 2, 2, 2, 2, 2, 2, 2, 2, 2, 2, 2, 2, 2, 2, 2, 2, 2, 2, 2, 2, 2, 2, 2, 2, 2, 2, 2, 2, 2, 2, 2, 2, 2, 2, 2, 2, 2, 2, 2, 2, 2, 2, 2, 2, 2, 2, 2, 2, 2, 2, 2, 2, 2, 2, 2, 2, 2, 2, 2, 2, 2, 2, 2, 2, 2, 2, 2, 2, 2, 2, 2, 2, 2, 2, 2, 2, 2, 2, 2, 2, 2, 2, 2, 2, 2, 2, 2, 2, 2, 2, 2, 2, 2, 2, 2, 2, 2, 2, 2, 2, 2, 2, 2, 2, 2, 2, 2, 2, 2, 2, 2, 2, 2, 2, 2, 2, 2, 2, 2, 2, 2, 2, 2, 2, 2, 2, 2, 2, 2, 2, 2, 2, 2, 2, 2, 2, 2, 2, 2, 2, 2, 2, 2, 2, 2, 2, 2, 2, 2, 2, 2, 2, 2, 2, 2, 2, 2, 2, 2, 2, 2, 2, 2, 2, 2, 2, 2, 2, 2, 2, 2, 2, 2, 2, 2, 2, 2, 2, 2, 2, 2, 2, 2, 2, 2, 2, 2, 2, 2, 2, 2, 2, 2, 2, 2, 2, 2, 2, 2, 2]