#/home/brian/Documents/summer17/Python/VEC/scripts/make_SBM_graphs.py
# GMT Thu Jul 27 21:51:47 2017
# 
0 96
1
2
3
4 45
5 10 22
6 66 20
7 50
8 57
9 51 61 22 15
10 40 41
11 53
12 56 18 78 71
13
14 51
15 96 61 89
16 93
17 64
18 30
19 51
20 43 79 85 86 29
21
22 77
23 49
24 63
25 50
26
27 87
28 92 46
29
30 80 61
31
32 40 59
33 59 94
34 51
35
36 92 95
37
38 84 45 95
39
40 88
41
42
43
44
45
46
47
48 50
49
50
51 72
52 80
53 70
54 58
55 66
56 97
57 97
58
59 83
60 92 84 93
61
62 80 99
63
64
65 99
66 82
67 77
68 87
69
70
71
72
73 77
74 86
75 97 82
76
77
78
79 84
80 87
81
82
83 90
84
85
86 90
87 93
88
89
90
91
92
93
94
95
96
97
98
99
[0, 0, 1, 0, 1, 0, 1, 0, 1, 0, 1, 0, 0, 1, 0, 0, 0, 1, 0, 0, 1, 1, 0, 1, 0, 0, 1, 0, 1, 1, 0, 0, 1, 1, 0, 0, 1, 0, 1, 1, 1, 1, 1, 1, 0, 1, 1, 1, 0, 1, 0, 0, 0, 0, 1, 0, 1, 1, 1, 1, 1, 0, 1, 0, 1, 1, 1, 0, 0, 0, 0, 0, 0, 0, 1, 1, 0, 0, 0, 1, 0, 0, 1, 1, 1, 1, 1, 0, 1, 0, 1, 1, 1, 0, 1, 1, 0, 1, 1, 1]