0 27 
1 
2 
3 75 
4 
5 15 
6 13 32 
7 
8 31 
9 
10 20 30 
11 21 27 
12 17 
13 42 
14 15 
15 21 
16 
17 
18 
19 24 
20 97 
21 
22 37 
23 
24 
25 
26 
27 
28 
29 
30 
31 
32 
33 
34 
35 45 
36 52 
37 
38 
39 
40 
41 
42 
43 
44 80 
45 
46 47 
47 
48 52 
49 
50 
51 
52 
53 82 
54 59 
55 
56 58 
57 59 
58 
59 
60 
61 
62 
63 
64 
65 
66 74 78 
67 90 97 98 
68 
69 
70 
71 
72 
73 
74 
75 
76 94 
77 
78 
79 
80 
81 92 
82 
83 
84 
85 98 
86 94 
87 
88 
89 
90 
91 
92 
93 
94 
95 
96 
97 
98 
[0, 0, 0, 0, 0, 0, 0, 0, 0, 0, 0, 0, 0, 0, 0, 0, 0, 0, 0, 0, 0, 0, 0, 0, 0, 0, 0, 0, 0, 0, 0, 0, 0, 1, 1, 1, 1, 1, 1, 1, 1, 1, 1, 1, 1, 1, 1, 1, 1, 1, 1, 1, 1, 1, 1, 1, 1, 1, 1, 1, 1, 1, 1, 1, 1, 1, 2, 2, 2, 2, 2, 2, 2, 2, 2, 2, 2, 2, 2, 2, 2, 2, 2, 2, 2, 2, 2, 2, 2, 2, 2, 2, 2, 2, 2, 2, 2, 2, 2]