0 52 90 97 
1 222 
2 106 
3 86 
4 40 
5 34 67 181 
6 14 149 196 223 
7 307 
8 61 91 102 130 220 
9 302 444 
10 193 288 319 
11 25 29 
12 
13 234 512 738 967 
14 141 256 
15 52 71 
16 39 
17 320 696 
18 110 
19 112 140 223 
20 
21 26 
22 52 326 
23 105 277 299 553 
24 162 276 322 
25 264 321 326 
26 242 
27 225 
28 163 
29 56 
30 116 257 583 
31 291 
32 178 260 
33 159 207 
34 91 114 135 657 
35 189 314 
36 86 932 
37 
38 881 
39 70 151 
40 322 335 
41 399 839 
42 202 
43 811 
44 
45 213 255 
46 
47 489 
48 103 304 
49 79 150 439 962 
50 275 
51 66 
52 161 178 332 
53 325 
54 912 
55 254 282 
56 949 
57 272 
58 178 265 
59 138 183 
60 156 
61 116 329 
62 272 
63 914 
64 428 
65 228 
66 94 463 
67 116 173 227 326 
68 150 
69 136 
70 71 178 
71 160 197 536 
72 
73 135 218 233 254 
74 230 
75 128 
76 
77 
78 
79 316 
80 
81 171 840 
82 
83 
84 701 
85 121 327 
86 167 929 
87 197 995 
88 371 407 591 
89 
90 730 
91 
92 
93 171 188 199 273 740 
94 
95 150 257 367 448 
96 277 318 
97 120 202 486 630 
98 202 248 274 
99 319 
100 210 
101 205 268 859 
102 120 150 567 
103 
104 
105 244 308 
106 184 242 
107 
108 282 
109 
110 448 
111 118 200 264 
112 
113 118 
114 134 138 176 
115 219 265 
116 317 
117 118 
118 
119 
120 138 
121 206 
122 
123 187 927 
124 269 980 
125 322 608 
126 182 
127 250 267 370 
128 
129 280 
130 
131 189 278 647 769 
132 135 305 
133 239 286 737 
134 
135 159 252 
136 190 
137 305 
138 141 207 276 570 
139 163 245 
140 266 305 
141 154 
142 187 
143 
144 527 963 
145 209 276 880 
146 783 
147 283 
148 276 
149 254 314 
150 198 
151 182 240 811 
152 323 
153 
154 168 
155 
156 374 
157 210 
158 
159 198 228 252 736 933 
160 
161 301 644 
162 925 
163 281 
164 305 324 
165 317 
166 
167 210 276 
168 237 564 
169 
170 299 
171 313 
172 318 953 
173 262 
174 228 243 316 
175 227 
176 
177 
178 239 821 
179 236 245 
180 327 818 
181 232 317 469 
182 
183 294 525 
184 
185 
186 282 
187 397 920 
188 
189 
190 
191 539 
192 
193 
194 506 
195 
196 215 302 
197 
198 309 
199 
200 261 
201 
202 320 328 
203 
204 
205 235 
206 221 
207 238 260 
208 227 
209 
210 331 
211 228 229 
212 305 
213 259 
214 
215 823 
216 232 279 
217 313 
218 249 321 325 
219 
220 261 804 
221 272 317 
222 269 306 332 
223 
224 304 
225 
226 
227 
228 577 809 
229 250 254 
230 
231 266 269 
232 
233 
234 597 937 
235 261 812 
236 
237 280 
238 
239 317 
240 
241 
242 
243 
244 
245 318 
246 877 
247 
248 939 
249 276 
250 303 305 
251 
252 685 
253 635 
254 283 307 
255 978 
256 591 
257 
258 
259 328 926 
260 294 
261 283 
262 294 
263 
264 281 301 719 
265 519 
266 834 
267 505 613 
268 328 
269 909 
270 
271 
272 
273 275 301 
274 327 
275 655 
276 
277 317 849 
278 629 
279 
280 
281 294 
282 297 
283 
284 
285 672 
286 898 
287 
288 
289 444 952 
290 
291 867 
292 
293 
294 321 
295 337 
296 671 
297 
298 
299 
300 
301 
302 474 
303 366 
304 316 
305 
306 525 
307 434 477 
308 503 
309 443 
310 403 
311 417 
312 
313 
314 
315 318 
316 
317 921 
318 687 
319 
320 837 
321 329 
322 
323 
324 
325 
326 
327 
328 
329 
330 
331 
332 573 
333 357 480 579 891 
334 656 
335 
336 628 812 872 
337 424 626 
338 422 
339 
340 702 
341 574 623 
342 386 
343 518 542 
344 472 505 793 
345 415 427 529 585 
346 608 
347 437 465 
348 467 
349 657 
350 394 488 
351 403 
352 428 530 627 950 
353 598 663 667 
354 
355 383 619 
356 387 589 941 
357 632 
358 375 564 
359 
360 631 
361 614 
362 378 420 997 
363 614 
364 763 
365 
366 616 620 959 
367 373 813 
368 518 580 
369 537 664 
370 404 588 
371 431 
372 396 411 531 
373 
374 
375 731 
376 590 663 
377 459 485 534 639 
378 
379 387 
380 381 469 
381 398 404 658 661 
382 385 500 841 
383 886 
384 482 
385 501 544 659 
386 640 711 
387 506 534 711 
388 559 616 
389 407 417 
390 602 
391 623 
392 507 
393 632 635 
394 525 
395 461 661 
396 500 516 547 591 
397 616 
398 850 
399 419 626 629 
400 520 
401 
402 
403 611 
404 
405 
406 580 
407 416 455 521 550 598 
408 509 580 
409 483 553 656 665 
410 
411 592 598 
412 489 
413 655 
414 521 
415 650 668 
416 585 
417 623 
418 577 628 
419 457 539 598 628 
420 498 516 
421 611 
422 531 
423 631 
424 569 662 
425 500 503 606 
426 
427 430 639 
428 
429 448 535 643 
430 
431 483 
432 884 
433 440 876 
434 
435 458 525 
436 525 637 
437 586 611 
438 622 
439 521 523 634 874 
440 512 614 943 
441 930 
442 465 531 
443 455 
444 
445 512 
446 484 543 
447 
448 454 615 926 
449 562 664 
450 620 
451 645 881 
452 566 630 
453 
454 587 
455 923 
456 471 
457 
458 854 
459 638 
460 
461 844 
462 498 
463 
464 613 627 
465 
466 636 
467 493 
468 625 634 
469 
470 571 598 
471 912 
472 531 645 974 
473 554 
474 576 
475 597 620 633 
476 491 
477 490 
478 601 
479 912 
480 508 582 
481 633 
482 648 
483 549 578 618 
484 579 
485 
486 617 
487 
488 539 599 640 
489 
490 511 
491 
492 
493 553 
494 503 519 
495 580 606 801 
496 526 535 
497 634 653 
498 
499 
500 613 
501 
502 
503 558 
504 
505 621 
506 527 
507 648 724 
508 651 
509 
510 
511 
512 
513 613 
514 618 
515 
516 564 568 574 621 
517 571 616 
518 550 
519 
520 
521 576 593 
522 609 
523 592 627 
524 
525 553 
526 755 
527 
528 647 
529 
530 
531 663 
532 626 
533 
534 557 846 
535 
536 915 
537 
538 647 816 
539 616 803 
540 
541 598 
542 603 750 
543 
544 703 
545 
546 631 
547 609 
548 597 
549 
550 
551 
552 944 962 
553 
554 697 
555 
556 662 
557 
558 634 639 
559 599 
560 
561 713 
562 570 
563 767 
564 567 581 
565 
566 
567 581 660 
568 
569 
570 622 
571 864 
572 645 
573 
574 
575 
576 
577 590 
578 642 
579 
580 608 
581 997 
582 
583 643 794 903 
584 
585 
586 655 
587 
588 
589 
590 
591 
592 663 
593 595 
594 
595 
596 
597 
598 
599 775 
600 
601 
602 
603 
604 
605 627 
606 630 
607 
608 
609 
610 
611 
612 620 
613 
614 
615 
616 654 957 
617 
618 
619 
620 787 
621 
622 
623 
624 
625 
626 
627 
628 
629 
630 
631 
632 646 
633 648 
634 
635 646 
636 
637 793 
638 
639 
640 
641 
642 
643 
644 
645 
646 
647 
648 
649 655 
650 
651 
652 
653 
654 
655 
656 
657 
658 
659 
660 
661 663 
662 
663 
664 
665 922 
666 688 828 
667 
668 882 957 
669 739 798 835 866 
670 785 801 
671 
672 840 
673 686 
674 
675 706 890 
676 777 865 
677 865 993 
678 724 882 997 
679 683 693 743 916 969 
680 937 
681 
682 
683 721 729 898 982 
684 980 
685 875 
686 801 
687 951 
688 
689 
690 705 867 885 974 
691 
692 865 
693 
694 
695 838 939 
696 
697 934 
698 
699 871 
700 790 988 
701 917 973 
702 996 
703 709 847 909 943 
704 817 
705 737 
706 795 959 
707 815 
708 745 899 
709 884 
710 
711 
712 737 766 888 973 
713 727 744 
714 756 824 954 
715 911 
716 751 830 987 990 
717 870 
718 
719 980 
720 728 
721 850 
722 
723 981 
724 758 795 
725 
726 
727 852 
728 894 976 
729 890 984 
730 982 
731 
732 
733 773 839 
734 
735 867 934 
736 842 851 917 954 
737 
738 784 
739 
740 945 
741 956 
742 
743 775 827 923 979 
744 783 798 
745 752 783 
746 757 810 953 
747 752 976 
748 789 911 
749 753 800 992 
750 
751 
752 887 
753 
754 
755 
756 805 925 
757 854 
758 763 833 872 959 962 
759 871 
760 769 902 
761 796 991 
762 977 
763 833 966 
764 805 810 902 926 
765 812 898 
766 779 966 
767 888 
768 903 924 
769 
770 837 879 
771 
772 863 903 908 992 998 
773 
774 952 
775 981 
776 827 858 
777 855 
778 940 
779 816 
780 
781 848 
782 
783 
784 948 
785 
786 
787 852 910 955 
788 790 
789 
790 979 
791 
792 820 
793 850 851 
794 934 946 
795 852 864 
796 902 950 
797 
798 867 978 
799 897 
800 
801 
802 884 886 891 
803 861 889 
804 815 
805 813 
806 
807 
808 920 998 
809 
810 941 961 
811 
812 823 900 
813 949 
814 
815 898 
816 924 931 
817 
818 953 
819 
820 
821 919 
822 848 936 946 
823 861 
824 
825 
826 937 
827 979 
828 
829 938 
830 891 
831 
832 
833 
834 856 973 
835 
836 885 
837 925 936 993 
838 886 
839 856 
840 894 
841 
842 863 
843 958 
844 
845 882 
846 
847 
848 880 933 941 
849 898 
850 895 
851 877 
852 
853 854 944 960 
854 
855 
856 
857 
858 
859 886 
860 
861 
862 975 
863 
864 971 
865 915 
866 934 
867 911 922 
868 
869 924 
870 
871 986 
872 
873 929 
874 989 
875 931 
876 911 
877 
878 
879 
880 936 985 
881 
882 
883 
884 
885 
886 
887 
888 
889 
890 
891 
892 941 974 
893 
894 963 
895 947 
896 
897 986 
898 
899 953 
900 
901 915 
902 
903 
904 972 
905 922 949 
906 
907 
908 
909 
910 
911 991 
912 
913 
914 
915 926 
916 922 952 
917 
918 
919 985 
920 925 
921 
922 
923 954 
924 
925 
926 
927 
928 949 
929 948 
930 
931 
932 
933 
934 983 
935 
936 
937 
938 
939 
940 976 
941 
942 
943 978 982 
944 959 
945 
946 
947 
948 
949 
950 
951 
952 
953 978 
954 968 
955 
956 968 
957 980 
958 
959 
960 
961 
962 987 
963 
964 
965 
966 
967 
968 
969 
970 
971 
972 
973 
974 
975 984 
976 
977 
978 
979 
980 
981 
982 
983 
984 
985 
986 
987 
988 
989 996 
990 
991 
992 
993 
994 
995 
996 
997 
998 
999 
[0, 0, 0, 0, 0, 0, 0, 0, 0, 0, 0, 0, 0, 0, 0, 0, 0, 0, 0, 0, 0, 0, 0, 0, 0, 0, 0, 0, 0, 0, 0, 0, 0, 0, 0, 0, 0, 0, 0, 0, 0, 0, 0, 0, 0, 0, 0, 0, 0, 0, 0, 0, 0, 0, 0, 0, 0, 0, 0, 0, 0, 0, 0, 0, 0, 0, 0, 0, 0, 0, 0, 0, 0, 0, 0, 0, 0, 0, 0, 0, 0, 0, 0, 0, 0, 0, 0, 0, 0, 0, 0, 0, 0, 0, 0, 0, 0, 0, 0, 0, 0, 0, 0, 0, 0, 0, 0, 0, 0, 0, 0, 0, 0, 0, 0, 0, 0, 0, 0, 0, 0, 0, 0, 0, 0, 0, 0, 0, 0, 0, 0, 0, 0, 0, 0, 0, 0, 0, 0, 0, 0, 0, 0, 0, 0, 0, 0, 0, 0, 0, 0, 0, 0, 0, 0, 0, 0, 0, 0, 0, 0, 0, 0, 0, 0, 0, 0, 0, 0, 0, 0, 0, 0, 0, 0, 0, 0, 0, 0, 0, 0, 0, 0, 0, 0, 0, 0, 0, 0, 0, 0, 0, 0, 0, 0, 0, 0, 0, 0, 0, 0, 0, 0, 0, 0, 0, 0, 0, 0, 0, 0, 0, 0, 0, 0, 0, 0, 0, 0, 0, 0, 0, 0, 0, 0, 0, 0, 0, 0, 0, 0, 0, 0, 0, 0, 0, 0, 0, 0, 0, 0, 0, 0, 0, 0, 0, 0, 0, 0, 0, 0, 0, 0, 0, 0, 0, 0, 0, 0, 0, 0, 0, 0, 0, 0, 0, 0, 0, 0, 0, 0, 0, 0, 0, 0, 0, 0, 0, 0, 0, 0, 0, 0, 0, 0, 0, 0, 0, 0, 0, 0, 0, 0, 0, 0, 0, 0, 0, 0, 0, 0, 0, 0, 0, 0, 0, 0, 0, 0, 0, 0, 0, 0, 0, 0, 0, 0, 0, 0, 0, 0, 0, 0, 0, 0, 0, 0, 0, 0, 0, 0, 0, 0, 1, 1, 1, 1, 1, 1, 1, 1, 1, 1, 1, 1, 1, 1, 1, 1, 1, 1, 1, 1, 1, 1, 1, 1, 1, 1, 1, 1, 1, 1, 1, 1, 1, 1, 1, 1, 1, 1, 1, 1, 1, 1, 1, 1, 1, 1, 1, 1, 1, 1, 1, 1, 1, 1, 1, 1, 1, 1, 1, 1, 1, 1, 1, 1, 1, 1, 1, 1, 1, 1, 1, 1, 1, 1, 1, 1, 1, 1, 1, 1, 1, 1, 1, 1, 1, 1, 1, 1, 1, 1, 1, 1, 1, 1, 1, 1, 1, 1, 1, 1, 1, 1, 1, 1, 1, 1, 1, 1, 1, 1, 1, 1, 1, 1, 1, 1, 1, 1, 1, 1, 1, 1, 1, 1, 1, 1, 1, 1, 1, 1, 1, 1, 1, 1, 1, 1, 1, 1, 1, 1, 1, 1, 1, 1, 1, 1, 1, 1, 1, 1, 1, 1, 1, 1, 1, 1, 1, 1, 1, 1, 1, 1, 1, 1, 1, 1, 1, 1, 1, 1, 1, 1, 1, 1, 1, 1, 1, 1, 1, 1, 1, 1, 1, 1, 1, 1, 1, 1, 1, 1, 1, 1, 1, 1, 1, 1, 1, 1, 1, 1, 1, 1, 1, 1, 1, 1, 1, 1, 1, 1, 1, 1, 1, 1, 1, 1, 1, 1, 1, 1, 1, 1, 1, 1, 1, 1, 1, 1, 1, 1, 1, 1, 1, 1, 1, 1, 1, 1, 1, 1, 1, 1, 1, 1, 1, 1, 1, 1, 1, 1, 1, 1, 1, 1, 1, 1, 1, 1, 1, 1, 1, 1, 1, 1, 1, 1, 1, 1, 1, 1, 1, 1, 1, 1, 1, 1, 1, 1, 1, 1, 1, 1, 1, 1, 1, 1, 1, 1, 1, 1, 1, 1, 1, 1, 1, 1, 1, 1, 1, 1, 1, 1, 1, 1, 1, 1, 1, 1, 1, 1, 1, 1, 1, 1, 1, 1, 1, 1, 1, 1, 1, 1, 1, 1, 1, 1, 1, 1, 1, 1, 1, 1, 1, 2, 2, 2, 2, 2, 2, 2, 2, 2, 2, 2, 2, 2, 2, 2, 2, 2, 2, 2, 2, 2, 2, 2, 2, 2, 2, 2, 2, 2, 2, 2, 2, 2, 2, 2, 2, 2, 2, 2, 2, 2, 2, 2, 2, 2, 2, 2, 2, 2, 2, 2, 2, 2, 2, 2, 2, 2, 2, 2, 2, 2, 2, 2, 2, 2, 2, 2, 2, 2, 2, 2, 2, 2, 2, 2, 2, 2, 2, 2, 2, 2, 2, 2, 2, 2, 2, 2, 2, 2, 2, 2, 2, 2, 2, 2, 2, 2, 2, 2, 2, 2, 2, 2, 2, 2, 2, 2, 2, 2, 2, 2, 2, 2, 2, 2, 2, 2, 2, 2, 2, 2, 2, 2, 2, 2, 2, 2, 2, 2, 2, 2, 2, 2, 2, 2, 2, 2, 2, 2, 2, 2, 2, 2, 2, 2, 2, 2, 2, 2, 2, 2, 2, 2, 2, 2, 2, 2, 2, 2, 2, 2, 2, 2, 2, 2, 2, 2, 2, 2, 2, 2, 2, 2, 2, 2, 2, 2, 2, 2, 2, 2, 2, 2, 2, 2, 2, 2, 2, 2, 2, 2, 2, 2, 2, 2, 2, 2, 2, 2, 2, 2, 2, 2, 2, 2, 2, 2, 2, 2, 2, 2, 2, 2, 2, 2, 2, 2, 2, 2, 2, 2, 2, 2, 2, 2, 2, 2, 2, 2, 2, 2, 2, 2, 2, 2, 2, 2, 2, 2, 2, 2, 2, 2, 2, 2, 2, 2, 2, 2, 2, 2, 2, 2, 2, 2, 2, 2, 2, 2, 2, 2, 2, 2, 2, 2, 2, 2, 2, 2, 2, 2, 2, 2, 2, 2, 2, 2, 2, 2, 2, 2, 2, 2, 2, 2, 2, 2, 2, 2, 2, 2, 2, 2, 2, 2, 2, 2, 2, 2, 2, 2, 2, 2, 2, 2, 2, 2, 2, 2, 2, 2, 2, 2, 2, 2, 2, 2, 2, 2, 2, 2, 2, 2, 2, 2, 2, 2, 2, 2, 2, 2, 2, 2, 0]