0 394 433 434 471 496 
1 96 
2 156 
3 97 398 
4 56 419 425 458 497 733 
5 75 161 256 335 398 
6 59 210 327 
7 48 143 405 418 
8 41 130 270 314 320 466 
9 
10 54 147 270 380 
11 57 58 366 
12 164 205 252 293 377 
13 
14 139 340 427 467 
15 266 495 
16 128 250 269 
17 19 31 343 
18 106 265 476 478 820 887 
19 236 342 
20 251 300 
21 139 408 431 438 
22 27 162 
23 31 225 324 381 520 886 
24 
25 321 780 
26 711 
27 46 431 706 
28 474 
29 97 
30 408 487 
31 214 303 493 
32 294 300 
33 81 401 
34 241 305 343 689 973 
35 128 320 482 
36 294 426 
37 84 302 337 
38 477 
39 245 967 
40 53 97 117 
41 204 274 574 
42 82 236 257 374 
43 195 231 421 898 
44 70 467 685 
45 231 298 
46 94 461 
47 166 361 
48 56 102 156 215 
49 138 337 
50 58 135 224 284 310 
51 233 267 337 383 
52 295 319 423 482 901 
53 318 363 433 
54 95 207 249 279 
55 215 361 401 919 
56 135 435 961 
57 77 323 974 
58 389 
59 94 
60 93 139 161 255 402 478 495 
61 153 311 
62 387 
63 
64 93 107 155 157 236 267 319 
65 391 476 559 
66 78 148 292 
67 115 250 798 924 
68 112 167 375 
69 149 240 302 340 
70 279 289 382 488 
71 295 442 
72 126 182 351 421 
73 99 191 300 381 417 431 454 496 
74 160 399 
75 424 465 
76 133 266 
77 231 291 
78 84 97 173 419 
79 164 308 367 
80 291 316 347 
81 94 127 139 179 225 276 409 416 478 631 
82 219 248 260 435 
83 
84 319 488 
85 180 279 302 472 986 
86 115 266 296 405 
87 137 199 323 495 
88 320 359 371 
89 154 236 339 
90 156 418 470 
91 283 
92 133 382 
93 244 294 375 
94 452 
95 386 495 826 
96 274 286 399 
97 340 636 885 
98 243 361 390 
99 103 230 417 
100 207 
101 
102 334 
103 395 452 
104 191 261 377 492 
105 123 710 
106 182 193 434 
107 155 
108 371 417 
109 185 249 262 290 379 392 
110 
111 551 
112 428 433 450 
113 119 
114 
115 258 370 
116 122 288 
117 
118 274 364 402 536 
119 185 491 
120 128 261 
121 281 444 492 
122 283 284 619 
123 172 194 379 382 
124 481 
125 214 493 
126 308 
127 365 
128 144 330 408 
129 192 365 427 780 903 
130 147 186 482 875 
131 217 438 
132 139 315 427 
133 279 395 
134 189 284 456 469 
135 146 152 249 429 482 
136 372 416 
137 173 455 557 
138 150 344 
139 
140 238 374 474 
141 
142 474 594 
143 246 276 333 454 728 
144 411 579 
145 255 287 428 
146 168 194 606 
147 407 488 
148 176 325 
149 301 369 
150 208 211 367 473 576 
151 185 358 393 
152 
153 255 263 421 476 
154 182 217 283 299 498 
155 409 
156 202 
157 218 237 330 421 
158 347 
159 342 
160 382 
161 173 303 
162 263 
163 171 
164 802 
165 491 794 
166 450 
167 338 
168 195 245 278 336 552 787 
169 208 405 786 
170 492 872 
171 471 748 964 
172 235 278 401 
173 
174 184 204 290 
175 945 
176 386 401 427 469 
177 217 277 
178 387 
179 309 496 939 
180 316 
181 405 
182 345 
183 522 
184 
185 
186 
187 284 410 642 
188 260 362 486 704 
189 231 309 321 352 751 
190 261 
191 250 287 435 625 
192 252 308 394 
193 405 441 520 
194 243 462 463 
195 207 265 291 308 
196 228 
197 232 326 
198 247 293 
199 247 
200 269 356 393 940 
201 215 414 
202 453 
203 379 413 
204 258 368 
205 
206 340 
207 
208 459 929 947 
209 290 303 
210 216 296 
211 319 332 395 446 
212 421 
213 230 419 633 
214 
215 222 
216 
217 
218 337 389 437 
219 238 450 
220 
221 276 437 565 
222 292 417 636 
223 293 
224 261 362 388 
225 399 
226 243 339 361 701 
227 352 442 797 
228 299 308 371 619 
229 451 
230 270 399 
231 302 373 446 
232 410 
233 498 
234 328 408 472 
235 
236 344 
237 356 360 450 465 
238 335 914 
239 757 
240 367 
241 
242 
243 297 
244 459 
245 
246 319 455 970 
247 349 421 911 
248 253 429 460 557 
249 
250 395 
251 332 379 399 
252 
253 
254 
255 318 416 430 
256 400 
257 463 837 
258 
259 361 402 411 484 
260 372 449 
261 
262 675 
263 
264 342 437 440 
265 317 450 839 
266 293 457 473 
267 293 322 369 468 
268 327 359 396 
269 281 336 
270 
271 385 413 
272 
273 382 
274 
275 300 359 
276 
277 324 354 399 489 
278 468 
279 324 757 
280 336 342 406 486 600 
281 286 
282 326 
283 338 
284 
285 304 
286 
287 382 427 
288 355 586 951 
289 
290 
291 
292 487 
293 309 720 
294 475 
295 812 
296 388 457 696 
297 
298 415 
299 
300 353 387 461 
301 313 318 473 
302 
303 
304 377 
305 470 
306 399 
307 879 
308 394 460 
309 
310 
311 419 
312 
313 353 
314 359 
315 325 395 
316 372 
317 462 
318 699 
319 380 448 495 
320 353 403 415 450 707 
321 
322 439 
323 
324 361 507 
325 327 367 413 
326 397 
327 479 491 493 615 
328 372 379 456 478 
329 387 438 
330 
331 444 609 
332 386 
333 334 406 407 434 
334 595 916 
335 
336 397 557 706 
337 
338 411 462 831 
339 456 
340 351 421 456 
341 392 423 450 
342 471 476 498 
343 349 498 
344 455 480 565 903 
345 354 882 
346 351 358 
347 413 422 858 
348 480 601 915 
349 362 433 620 
350 439 
351 
352 
353 444 478 
354 
355 367 679 
356 429 593 928 
357 414 435 479 
358 
359 
360 943 
361 524 656 
362 
363 456 470 493 
364 440 
365 426 643 
366 429 
367 635 797 
368 
369 
370 
371 416 
372 989 
373 
374 474 
375 493 
376 416 450 831 
377 
378 475 
379 445 461 
380 478 
381 498 
382 697 
383 637 980 
384 386 429 
385 
386 810 
387 
388 
389 466 490 
390 580 
391 973 
392 841 
393 423 
394 499 
395 
396 451 459 461 
397 436 935 
398 
399 
400 650 
401 
402 
403 
404 485 586 732 
405 461 462 493 
406 
407 
408 
409 438 709 
410 
411 857 
412 489 
413 434 
414 
415 451 473 851 
416 605 
417 913 
418 
419 
420 981 
421 
422 
423 425 430 
424 452 
425 
426 
427 463 
428 450 
429 
430 
431 456 475 
432 457 
433 493 
434 889 
435 453 485 
436 473 498 645 
437 
438 493 
439 
440 488 
441 
442 619 880 914 
443 488 
444 
445 
446 465 499 639 
447 473 748 781 800 853 
448 705 
449 
450 744 993 
451 
452 470 
453 
454 
455 
456 
457 
458 
459 949 
460 715 
461 
462 
463 
464 
465 477 
466 
467 481 
468 
469 
470 754 
471 566 
472 
473 
474 
475 484 
476 
477 
478 
479 492 719 
480 487 
481 
482 
483 491 563 933 
484 
485 495 
486 491 
487 
488 
489 
490 
491 
492 498 843 
493 
494 840 
495 
496 702 
497 580 
498 
499 940 
500 548 796 971 979 
501 533 561 583 668 845 
502 666 831 842 987 
503 578 721 748 921 
504 638 748 877 885 941 
505 552 707 939 
506 624 858 978 
507 698 710 
508 602 653 765 854 
509 535 609 652 653 770 830 946 
510 757 772 831 972 
511 768 784 789 796 
512 513 780 842 846 
513 644 752 
514 561 639 
515 624 710 
516 749 942 
517 894 
518 547 708 790 800 890 902 909 970 
519 546 645 699 
520 552 649 659 969 
521 535 684 726 
522 593 677 786 948 
523 568 628 772 816 873 
524 798 947 
525 874 921 928 
526 567 635 724 727 819 
527 
528 530 539 
529 621 698 759 
530 
531 675 738 
532 900 
533 
534 772 774 792 808 
535 552 766 891 908 
536 614 725 861 
537 953 
538 734 
539 609 714 763 
540 719 799 804 854 867 
541 650 724 
542 673 928 
543 581 618 624 686 
544 596 747 829 
545 707 982 
546 604 633 710 
547 841 905 
548 669 694 892 990 
549 687 
550 593 733 812 911 
551 864 967 
552 606 678 953 
553 596 791 
554 825 972 
555 830 946 
556 692 745 760 910 
557 741 
558 618 
559 622 823 840 847 
560 974 991 
561 624 990 
562 829 
563 623 
564 651 665 679 765 822 
565 653 961 
566 706 840 862 
567 863 919 
568 632 
569 725 945 962 
570 
571 575 959 
572 700 739 774 961 
573 773 814 819 982 
574 717 721 827 930 
575 704 720 
576 723 888 975 
577 732 809 831 908 
578 813 
579 588 708 
580 651 685 723 726 873 968 984 
581 770 
582 614 639 707 732 852 925 977 
583 674 720 773 779 
584 754 756 
585 603 786 795 869 
586 640 811 849 972 
587 927 
588 618 959 
589 789 942 
590 685 698 832 
591 691 
592 
593 759 854 865 
594 664 699 783 785 826 
595 672 981 
596 678 831 
597 619 756 
598 618 743 889 
599 607 630 787 834 892 
600 
601 771 934 
602 762 854 939 948 990 
603 604 
604 651 685 811 
605 875 
606 
607 793 918 
608 957 
609 738 769 
610 726 836 
611 
612 881 970 
613 773 818 
614 774 971 
615 756 
616 
617 631 689 773 956 
618 701 702 718 731 972 998 
619 638 770 
620 669 
621 744 958 
622 
623 
624 787 
625 722 
626 649 820 
627 765 837 949 983 
628 
629 644 
630 646 748 801 
631 634 674 828 970 
632 705 
633 842 851 
634 857 915 943 976 
635 696 814 
636 640 
637 904 967 
638 666 787 976 
639 
640 705 741 
641 650 816 
642 831 926 
643 717 739 871 
644 898 
645 710 804 972 
646 691 821 877 925 
647 677 848 865 959 
648 705 801 864 885 986 
649 986 
650 807 946 
651 708 981 
652 817 930 
653 697 712 735 758 808 812 
654 
655 810 852 
656 
657 664 716 838 870 883 910 923 
658 717 817 822 823 843 845 899 
659 865 
660 678 953 
661 699 
662 752 809 908 975 982 
663 710 792 
664 741 815 
665 861 969 
666 901 915 
667 864 
668 841 903 
669 808 916 
670 897 
671 754 799 833 842 866 
672 913 949 
673 707 715 
674 815 879 
675 
676 887 986 
677 965 
678 776 919 
679 794 968 
680 764 942 
681 980 
682 862 894 931 964 
683 786 
684 
685 990 
686 749 892 960 
687 978 984 
688 866 873 911 924 
689 794 
690 813 
691 
692 761 
693 764 800 
694 876 939 
695 714 927 
696 997 
697 764 772 797 880 
698 767 947 
699 
700 958 
701 
702 766 
703 780 794 809 996 
704 
705 717 767 893 
706 859 935 
707 
708 934 963 
709 831 
710 841 901 968 983 
711 862 
712 828 
713 722 780 857 
714 815 954 
715 732 938 951 997 
716 994 
717 777 781 889 966 
718 830 976 
719 974 
720 874 890 
721 837 910 978 
722 
723 747 847 893 
724 999 
725 820 
726 986 
727 913 986 
728 984 990 
729 
730 734 926 
731 
732 833 
733 762 921 
734 804 924 
735 912 
736 789 913 
737 742 869 949 968 
738 832 923 951 
739 837 
740 878 994 
741 
742 804 
743 
744 841 
745 883 
746 749 848 
747 
748 801 830 990 
749 
750 
751 802 
752 796 821 884 
753 887 907 
754 889 945 
755 792 952 
756 775 893 960 
757 813 834 928 949 
758 861 947 973 
759 840 
760 836 
761 
762 768 915 965 986 
763 
764 920 985 
765 
766 781 998 
767 
768 834 851 871 923 
769 
770 814 931 
771 816 
772 
773 831 869 872 
774 802 902 
775 
776 977 
777 
778 986 
779 948 
780 804 919 992 
781 807 
782 851 857 
783 893 904 
784 
785 
786 929 
787 977 
788 
789 859 
790 811 872 
791 918 936 982 
792 832 865 876 939 
793 912 961 
794 890 919 
795 842 844 
796 970 
797 991 
798 827 
799 846 
800 
801 848 
802 854 874 
803 935 
804 
805 868 
806 904 
807 950 953 
808 979 
809 830 838 847 930 
810 
811 882 884 
812 882 993 
813 
814 945 
815 849 
816 871 
817 
818 877 
819 971 
820 844 867 
821 829 926 
822 
823 841 
824 
825 
826 864 
827 846 
828 
829 855 910 
830 
831 916 
832 
833 900 976 
834 898 
835 901 
836 
837 
838 965 
839 
840 
841 880 996 
842 886 
843 
844 
845 
846 853 989 
847 
848 
849 950 
850 
851 
852 
853 858 984 993 996 
854 861 
855 
856 
857 
858 869 950 
859 930 
860 
861 
862 954 961 970 
863 960 
864 894 948 
865 
866 928 
867 907 
868 907 908 
869 936 
870 
871 909 
872 
873 
874 
875 907 
876 905 
877 991 996 
878 926 
879 884 911 
880 922 
881 914 923 
882 
883 
884 
885 988 
886 
887 
888 931 
889 
890 
891 909 920 
892 977 
893 979 
894 925 
895 
896 958 
897 
898 979 987 
899 902 
900 953 966 
901 
902 994 
903 
904 
905 
906 
907 
908 914 
909 993 
910 972 
911 
912 
913 990 
914 
915 
916 947 
917 
918 
919 973 
920 992 
921 
922 980 
923 944 
924 
925 
926 931 952 
927 937 996 
928 940 
929 
930 
931 
932 
933 948 
934 
935 
936 
937 
938 
939 969 
940 998 
941 
942 
943 965 
944 
945 
946 951 
947 
948 
949 
950 
951 
952 
953 
954 959 
955 
956 
957 990 
958 
959 
960 997 
961 
962 975 
963 
964 
965 
966 
967 
968 989 
969 
970 
971 
972 
973 
974 984 
975 
976 
977 
978 
979 
980 
981 
982 
983 
984 
985 
986 
987 
988 
989 
990 
991 
992 
993 
994 
995 998 
996 
997 
998 
999 
[0, 0, 0, 0, 0, 0, 0, 0, 0, 0, 0, 0, 0, 0, 0, 0, 0, 0, 0, 0, 0, 0, 0, 0, 0, 0, 0, 0, 0, 0, 0, 0, 0, 0, 0, 0, 0, 0, 0, 0, 0, 0, 0, 0, 0, 0, 0, 0, 0, 0, 0, 0, 0, 0, 0, 0, 0, 0, 0, 0, 0, 0, 0, 0, 0, 0, 0, 0, 0, 0, 0, 0, 0, 0, 0, 0, 0, 0, 0, 0, 0, 0, 0, 0, 0, 0, 0, 0, 0, 0, 0, 0, 0, 0, 0, 0, 0, 0, 0, 0, 0, 0, 0, 0, 0, 0, 0, 0, 0, 0, 0, 0, 0, 0, 0, 0, 0, 0, 0, 0, 0, 0, 0, 0, 0, 0, 0, 0, 0, 0, 0, 0, 0, 0, 0, 0, 0, 0, 0, 0, 0, 0, 0, 0, 0, 0, 0, 0, 0, 0, 0, 0, 0, 0, 0, 0, 0, 0, 0, 0, 0, 0, 0, 0, 0, 0, 0, 0, 0, 0, 0, 0, 0, 0, 0, 0, 0, 0, 0, 0, 0, 0, 0, 0, 0, 0, 0, 0, 0, 0, 0, 0, 0, 0, 0, 0, 0, 0, 0, 0, 0, 0, 0, 0, 0, 0, 0, 0, 0, 0, 0, 0, 0, 0, 0, 0, 0, 0, 0, 0, 0, 0, 0, 0, 0, 0, 0, 0, 0, 0, 0, 0, 0, 0, 0, 0, 0, 0, 0, 0, 0, 0, 0, 0, 0, 0, 0, 0, 0, 0, 0, 0, 0, 0, 0, 0, 0, 0, 0, 0, 0, 0, 0, 0, 0, 0, 0, 0, 0, 0, 0, 0, 0, 0, 0, 0, 0, 0, 0, 0, 0, 0, 0, 0, 0, 0, 0, 0, 0, 0, 0, 0, 0, 0, 0, 0, 0, 0, 0, 0, 0, 0, 0, 0, 0, 0, 0, 0, 0, 0, 0, 0, 0, 0, 0, 0, 0, 0, 0, 0, 0, 0, 0, 0, 0, 0, 0, 0, 0, 0, 0, 0, 0, 0, 0, 0, 0, 0, 0, 0, 0, 0, 0, 0, 0, 0, 0, 0, 0, 0, 0, 0, 0, 0, 0, 0, 0, 0, 0, 0, 0, 0, 0, 0, 0, 0, 0, 0, 0, 0, 0, 0, 0, 0, 0, 0, 0, 0, 0, 0, 0, 0, 0, 0, 0, 0, 0, 0, 0, 0, 0, 0, 0, 0, 0, 0, 0, 0, 0, 0, 0, 0, 0, 0, 0, 0, 0, 0, 0, 0, 0, 0, 0, 0, 0, 0, 0, 0, 0, 0, 0, 0, 0, 0, 0, 0, 0, 0, 0, 0, 0, 0, 0, 0, 0, 0, 0, 0, 0, 0, 0, 0, 0, 0, 0, 0, 0, 0, 0, 0, 0, 0, 0, 0, 0, 0, 0, 0, 0, 0, 0, 0, 0, 0, 0, 0, 0, 0, 0, 0, 0, 0, 0, 0, 0, 0, 0, 0, 0, 0, 0, 0, 0, 0, 0, 0, 0, 0, 0, 0, 0, 0, 0, 0, 0, 0, 0, 0, 0, 0, 1, 1, 1, 1, 1, 1, 1, 1, 1, 1, 1, 1, 1, 1, 1, 1, 1, 1, 1, 1, 1, 1, 1, 1, 1, 1, 1, 1, 1, 1, 1, 1, 1, 1, 1, 1, 1, 1, 1, 1, 1, 1, 1, 1, 1, 1, 1, 1, 1, 1, 1, 1, 1, 1, 1, 1, 1, 1, 1, 1, 1, 1, 1, 1, 1, 1, 1, 1, 1, 1, 1, 1, 1, 1, 1, 1, 1, 1, 1, 1, 1, 1, 1, 1, 1, 1, 1, 1, 1, 1, 1, 1, 1, 1, 1, 1, 1, 1, 1, 1, 1, 1, 1, 1, 1, 1, 1, 1, 1, 1, 1, 1, 1, 1, 1, 1, 1, 1, 1, 1, 1, 1, 1, 1, 1, 1, 1, 1, 1, 1, 1, 1, 1, 1, 1, 1, 1, 1, 1, 1, 1, 1, 1, 1, 1, 1, 1, 1, 1, 1, 1, 1, 1, 1, 1, 1, 1, 1, 1, 1, 1, 1, 1, 1, 1, 1, 1, 1, 1, 1, 1, 1, 1, 1, 1, 1, 1, 1, 1, 1, 1, 1, 1, 1, 1, 1, 1, 1, 1, 1, 1, 1, 1, 1, 1, 1, 1, 1, 1, 1, 1, 1, 1, 1, 1, 1, 1, 1, 1, 1, 1, 1, 1, 1, 1, 1, 1, 1, 1, 1, 1, 1, 1, 1, 1, 1, 1, 1, 1, 1, 1, 1, 1, 1, 1, 1, 1, 1, 1, 1, 1, 1, 1, 1, 1, 1, 1, 1, 1, 1, 1, 1, 1, 1, 1, 1, 1, 1, 1, 1, 1, 1, 1, 1, 1, 1, 1, 1, 1, 1, 1, 1, 1, 1, 1, 1, 1, 1, 1, 1, 1, 1, 1, 1, 1, 1, 1, 1, 1, 1, 1, 1, 1, 1, 1, 1, 1, 1, 1, 1, 1, 1, 1, 1, 1, 1, 1, 1, 1, 1, 1, 1, 1, 1, 1, 1, 1, 1, 1, 1, 1, 1, 1, 1, 1, 1, 1, 1, 1, 1, 1, 1, 1, 1, 1, 1, 1, 1, 1, 1, 1, 1, 1, 1, 1, 1, 1, 1, 1, 1, 1, 1, 1, 1, 1, 1, 1, 1, 1, 1, 1, 1, 1, 1, 1, 1, 1, 1, 1, 1, 1, 1, 1, 1, 1, 1, 1, 1, 1, 1, 1, 1, 1, 1, 1, 1, 1, 1, 1, 1, 1, 1, 1, 1, 1, 1, 1, 1, 1, 1, 1, 1, 1, 1, 1, 1, 1, 1, 1, 1, 1, 1, 1, 1, 1, 1, 1, 1, 1, 1, 1, 1, 1, 1, 1, 1, 1, 1, 1, 1, 1, 1, 1, 1, 1, 1, 1, 1, 1, 1, 1, 1, 1, 1, 1, 1, 1, 1, 1, 1, 1, 1, 1, 1, 1, 1, 1, 1, 1, 1, 1, 1, 1, 1, 1, 1, 1, 1, 1, 1, 1, 1, 1, 1, 1, 1, 1, 1, 1, 1, 1, 1, 1, 1, 1, 1, 1, 1, 1, 1, 1, 1, 1, 1, 1, 1, 1, 1, 1, 1]