#/home/brian/Documents/summer17/Python/VEC/scripts/make_SBM_graphs.py
# GMT Thu Jul 27 21:51:56 2017
# 
0 99 72 10 43 44 52 26 91 62
1 58 51 5 85
2 18 77 23
3 36 53
4 21
5 8 91 22
6 48 41 34 90 87
7 91 14 31
8 37 51 15
9 49
10 91 53 30 37
11 97 68 42 16 85 89 95
12
13 43 45
14 43 71 61 69
15 35 62
16
17 57 85 33
18 56 24
19 96 66 98 80 50 52 53 26
20 80 82 27 36
21 64 35 68 44 80 99
22 48 44 74 92
23 25 93
24 26 94 45 30
25 81 63 70
26 33 69 50
27 82 67 31
28 76 94
29 80 90
30 53 78
31 37 45 50 54 91 61 69
32
33 62 38
34 62
35 92 62
36 99 69 50 56 60
37 68 69 52 85
38 42
39 90 82
40 65 74 86
41 57 43
42 63 91 87
43 96 51
44 71 53 59
45 53
46 96
47 88 97 74 64
48 97 73 57 83 84 85 87 89
49 96
50 64 54 95 94
51 85
52 56
53 98 59
54
55 57
56 73
57 68 85 92 63
58
59 77
60
61 91
62 96 87
63
64 71
65 73 76
66
67
68 75 78 80
69 94
70 76
71
72 90 94
73
74 96 79 81
75 96 93
76
77 95
78 80
79 89 85 86 93
80
81 86
82
83 96 90 87
84
85 89
86
87 93
88
89
90 97
91
92
93
94
95
96
97
98
99
[1, 0, 1, 1, 1, 0, 0, 1, 0, 1, 1, 0, 1, 1, 1, 0, 0, 0, 1, 1, 1, 1, 0, 0, 1, 0, 1, 1, 0, 0, 1, 1, 1, 0, 0, 0, 1, 1, 0, 1, 0, 0, 0, 1, 1, 1, 0, 0, 0, 0, 1, 0, 1, 1, 1, 0, 1, 0, 0, 1, 1, 1, 0, 0, 1, 0, 1, 1, 1, 1, 0, 1, 1, 0, 0, 0, 0, 1, 1, 0, 1, 0, 1, 0, 0, 0, 0, 0, 0, 0, 0, 1, 0, 0, 1, 1, 0, 0, 1, 1]