0 8 18 23 37 45 99 
1 5 10 30 31 42 44 
2 33 42 45 49 
3 28 46 
4 12 23 33 
5 25 27 38 49 
6 9 16 26 34 49 79 93 
7 13 30 42 97 
8 16 23 27 37 49 
9 21 33 35 
10 43 
11 14 
12 31 37 40 46 53 
13 27 34 57 
14 24 25 
15 24 32 34 44 79 
16 18 23 38 
17 21 25 43 78 91 
18 21 27 30 34 48 
19 
20 22 24 33 48 96 
21 34 43 46 47 
22 39 
23 25 29 46 47 49 
24 28 40 
25 46 
26 30 44 45 65 86 
27 31 40 49 96 99 
28 33 94 
29 44 
30 32 43 
31 40 
32 35 40 
33 41 
34 48 
35 39 44 45 48 
36 44 
37 85 
38 
39 
40 
41 
42 
43 86 
44 
45 78 
46 47 88 
47 49 
48 
49 51 
50 57 60 64 74 94 
51 56 96 
52 62 76 86 
53 55 63 64 72 77 
54 64 82 84 
55 58 67 78 79 
56 58 64 85 88 93 97 
57 68 74 77 83 89 90 96 
58 73 82 93 98 
59 71 
60 67 69 74 82 89 94 
61 87 90 
62 80 89 
63 65 94 97 
64 69 91 92 93 
65 66 68 71 72 86 94 
66 80 98 
67 82 
68 90 
69 76 96 
70 72 76 
71 
72 89 99 
73 
74 94 
75 
76 83 86 87 89 
77 
78 83 84 86 
79 92 
80 92 
81 84 86 96 
82 87 90 96 
83 88 89 
84 85 
85 
86 
87 
88 
89 
90 
91 
92 
93 
94 98 
95 98 
96 
97 
98 
99 
[0, 0, 0, 0, 0, 0, 0, 0, 0, 0, 0, 0, 0, 0, 0, 0, 0, 0, 0, 0, 0, 0, 0, 0, 0, 0, 0, 0, 0, 0, 0, 0, 0, 0, 0, 0, 0, 0, 0, 0, 0, 0, 0, 0, 0, 0, 0, 0, 0, 0, 1, 1, 1, 1, 1, 1, 1, 1, 1, 1, 1, 1, 1, 1, 1, 1, 1, 1, 1, 1, 1, 1, 1, 1, 1, 1, 1, 1, 1, 1, 1, 1, 1, 1, 1, 1, 1, 1, 1, 1, 1, 1, 1, 1, 1, 1, 1, 1, 1, 1]