#/home/brian/Documents/summer17/Python/VEC/scripts/make_SBM_graphs.py
# GMT Thu Jul 27 21:52:08 2017
# 
0 41 82 14
1 2 76 48 81 86 88 61
2 35 4 69 86 91 94 31
3 34 35 36 7 71 15 18 51 53 87 24 58 28
4 48 99 12 62
5 66 38 71 8 7 98 25 39 95
6 83 78 93 14
7 97 38 39 13 78 15 19 84 79 29
8 82 84 38
9 80 91 67 86 55
10 34 37 50 15 18 52 58 93 30 95
11 97 65 76 77 16 17 50 85 23 60 95
12 64 65 76 47 16 54 60
13 98 43 38 39 76 79 50 54 25 26 30 95
14 32 98 69 71 38 41 43 50 81 37 52 27 70 93 95
15 36 71 40 75 56 82 93 95
16 75 68 83 85 89 61
17 65 72 74 48 81 83 20 86 59
18 82 51 53 26
19 71 78 93 51 21 23 29
20 66 59 37 22 89 90 27
21 80 66 93 53
22 44 35 95
23 34 50 69 98 93 82 84 54 58 29 30
24 96 99 76 80 85 94
25 66 34 36 39 45 51 95 29 69
26 50 70 40 79 84
27 64 88
28 33 36 37 74 49 89 60 61 63
29 51 68 37 38 82
30 98 36 70 40 87 45 84 53
31 99 81 83
32 68 37 44 78 84 87 56 58 95
33 89 83
34 37 45 79 54 87
35 73 66 78 79 80 98 54 87 90 95 69
36 69 79 95
37 71 98 50
38 96 45 81 56 95
39 52 58 69
40 66 98 82 92 95
41 69 71 44 45 87 92
42 96 90 67 47
43 66 45 81 82 83 56 95
44 66 95
45 50 66 78 82 53 87
46 96 67 91 94
47 96 64 72 77 88 61
48 64 67 81 49 86 55 61
49 65 81 57 91 62
50 54
51 70 93 84 54
52 59 78
53 82 84 54
54 69 98 92
55 74 77 82 88 91 61
56 69 79 87 70
57 88 65 63
58 69 84 94 95
59 80 90 62
60 97 99 91 94
61 67 77 86 91 62
62 96 64 80 89 95
63 64 97 72 94
64 96 86
65 99 72 85
66 78
67 80 86
68 75 71
69 97 75
70 71 73 79 78
71 80
72 91
73 74
74 96 97
75 93
76 99 81 90
77 94
78 93 95
79
80 96 98 81
81 88
82 92
83
84 98 92
85 97 99 86
86 89 94
87 90
88 91 89
89
90 99 91 94
91
92 98 93
93 95
94 96
95 98
96
97
98
99
[1, 0, 0, 1, 0, 1, 1, 1, 1, 0, 1, 0, 0, 1, 1, 1, 0, 0, 1, 1, 0, 1, 1, 1, 0, 1, 1, 0, 0, 1, 1, 0, 1, 0, 1, 1, 1, 1, 1, 1, 1, 1, 0, 1, 1, 1, 0, 0, 0, 0, 1, 1, 1, 1, 1, 0, 1, 0, 1, 0, 0, 0, 0, 0, 0, 0, 1, 0, 1, 1, 1, 1, 0, 1, 0, 1, 0, 0, 1, 1, 0, 0, 1, 0, 1, 0, 0, 1, 0, 0, 0, 0, 1, 1, 0, 1, 0, 0, 1, 0]