#/home/brian/Documents/summer17/Python/VEC/scripts/make_SBM_graphs.py
# GMT Thu Jul 27 21:51:54 2017
# 
0 80 7 10 16 86 91 61
1 59 68 77
2 81 19 23
3 92 68
4 42 43 52 58
5
6
7 56 36
8 32 23
9 33 59
10 27 63
11 48 79
12 56
13 17 60 30
14 20 39
15 64 66 52 98 94
16 58
17 40 59
18 23
19 26 76 77
20 64 70 75 76 78
21 50
22 98 46 78 63
23 97 68 39 74 50 48 29
24 73 98
25 74 50
26 60 44
27 29
28 32 44
29 97 46
30 83 67 71
31 40 51
32 59
33 34 69 78 47 94
34 37
35 67 77 79
36
37 71 45 55 56 89 63 95
38 56 58 59
39
40 64 54
41 80 67 44
42 75 51 85 70
43 58 44 85 78
44 92
45 82 52
46 96 70
47 73
48 88
49 89 51 93
50 72
51 69
52 89 91 95
53 63
54 61
55 85 69
56 69 71 73 63
57
58 80 84
59 79
60
61 65 82 87
62
63 78
64 74 78
65 73 75 84
66
67 72 76
68 88 92
69 96 93
70
71
72
73 97 78
74
75
76 97
77 99
78
79
80
81
82 89 91
83
84 86 95
85
86
87
88
89 98
90
91
92
93
94
95
96
97
98
99
[1, 0, 0, 0, 1, 0, 0, 1, 0, 0, 1, 0, 0, 0, 0, 1, 1, 0, 0, 0, 1, 0, 1, 0, 1, 0, 0, 0, 0, 0, 0, 1, 0, 1, 1, 0, 1, 1, 1, 0, 1, 0, 1, 1, 0, 1, 1, 1, 0, 1, 0, 1, 1, 1, 1, 1, 1, 0, 1, 0, 0, 1, 1, 1, 1, 1, 1, 0, 0, 1, 1, 1, 0, 1, 0, 1, 0, 0, 1, 0, 1, 1, 1, 0, 1, 1, 1, 1, 0, 1, 1, 1, 0, 1, 1, 1, 1, 0, 1, 0]