#/home/brian/Documents/summer17/Python/VEC/scripts/make_SBM_graphs.py
# GMT Thu Jul 27 21:52:09 2017
# 
0 675 965 934 40 777 151 995 468 22 553 639
1 96 194 771 553 81 425 824 157
2 738 275 169 749 979 340 789 312 700 959
3 166 998 167 904 526 310 567 157
4 427 299 499 131 791 124 766
5 993 615 906 167 406 894
6 417 141 157 212 279 922 477
7 551 11 300 592 660 282
8 706 677 774 908 426 684 600 754 568 540
9 588 705 549 201 620 752
10 580 200 556 15 936 692 629 378 509 53
11 966 188 172 209 596 252 253
12 272 381 87
13 585 386 217 869 639
14 899 724 870 40 567 753 690 468 759 312 537 830
15 550 366 367 502 247 986 604 314
16 961 546 971 781 642 860
17 642 968 271 788 664 532 735
18 801 650 302 468 541 926
19 705 867 486 972 814 307 793 315 255
20 375 70 407 49 340 213 950 23 381
21 354 612 296 108 686 723 789 670 452 574 220 894 702
22 352 551 104 909 30 191
23 875 759 688 913 383 662 279 411 511
24 432 513 882 274 217
25 507 933 348 460 175 690 883 823 315 59 796
26 129 683 417 265 843 308 315
27 426 731 338 750 79
28 611 903 686 849 947 59
29 98 443 839 34 81 914 438 506 539
30 304 711 521 496 734 216 793 155 94 383
31 960 738 73 460 911 446 695 830
32 842 467 644 691 510
33 993 802 359 714 332 66 269 947 439 635 239 639
34 65 292 545 878 305
35 802 943 998 777 43 77 846 463 826 635 988 765
36 280 586 178 822
37 580 871 796 526 690 788 860 477
38 964 508 234 44 429 312 74 184 538 540 605
39 356 295 236 560 273 627 473 632 89 827 636 996 312
40 962 299 493 50 499 54 57 190
41 963 966 780 530 883 277 953 703
42 240 706 711 523 652 974 784 242 925 734
43 801 581 682 144 468 437 601 788 506 52 926 965
44 795 49 444 74 972 913 596 59 852 89 442 155 316 829
45 792 585 786 146 206
46 584 900 532 941 825
47 256 310 977 468 854 436
48 197 646 191 624 979 789 534 183 827 636 991
49 160 451 393 152 732
50 832 320 740 198 941 493
51 448 96 294 331 497 691 151 827
52 278 325 553 141 758 439 664 506 221 542
53 929 162 293 766 233 76 945 691 926 378 670
54 801 674 808 616 751 112 504 475
55 455 305 119 987 605 382
56 354 870 553 75 940 685 654 335 108 366 477 437
57 387 842 493 968 970 575
58 935 649 652 365 115 873 127
59 384 98 965 678 168 942 239 368 978 919 984
60 995 172 101 965
61 400 700 932 316 669
62 548 485
63 944 104 623 464 246 215
64 328 782 910 110 165
65 131 68 556 792 401 408 639 767
66 425 427 77 526 561 914 84 820 542
67 513 187 389 70 877 469 250 443 445 702 959
68 609 541 561 198
69 738 123 997 234 241 675 116 471 891 618 735
70 996 517 966 937 207 117 632 356 252 606
71 312 735
72 448 386 454 200 663 654 595 277 983 955
73 967 744 432 627 282 314 893 979
74 357 459 140 559 790 873 332 364
75 928 804 243 200 204 972 333 275 310 378 475 190
76 312 807 143
77 864 368 753 728 92
78 677 232 876 138 972 273 282
79 293 718 335 368 85 345 943 380 126
80 416 356 679 744 618 435 949 599 554
81 420 161 557 980 502 857 92 543
82 524 688 659 949 185 283 287
83 930 196 743 809 519 941 148 409
84 608 292 563 315 701 415
85 608 895 231 868
86 392 810 331 205 855
87 229 934 711 556 818 437 638
88 961 295 744 491 754 982
89 102 913 662 412
90 704 418 708 138 450 631 253
91 688 913 805 925
92 869 200 879 403 121
93 552 640 829 381 807
94 994 747 226 952 407 632 349
95 281
96 545 171 154 927
97 576 352 866 291 262 646 240 272 284 861 798 575
98 864 257 614 487 264
99 432 517 104 617 716 400 531 404 888 180 799 831
100 636 994 996 745 813 721 316 605 127
101 642 195 742 358 904 716 845
102 738 997 903 557 623 304 698
103 706 803 613 935 396 909 723 180
104 800 201 266 173 208 119 568 218 637
105 416 288 617 653 209 274 981 887 888 949
106 112 130 605 246 375
107 449 267 880 917 825 507 189
108 612 742 808 329 530 469
109 642 679 457 874 683 690 668
110 422 172 594 338 861
111 352 581 822 982 495
112 450 431 688 147 474 319
113 324 369 484 190
114 576 514 424 297 618 974 592 840 457 282
115 416 321 706 659 169 748 563 404 854 889 828
116 194 196 614 648 144 531 436 182 860
117 512 580 744 937 183 400 721 338 855 476 606 831
118 593 366 271 177 218 541 927
119 582 170 972 269 653 624 628
120 786 843 437
121 386 675 615 619 527 602 991
122 679 331 367 849 148 919 921
123 963 356 647 492 688 634
124 289 978 541 308
125 128 584 777 980 857 763 220
126 835 548 839 203 238 753 434 408 697
127 400 291 393 624 913 600 798
128 835 644 445 977 310 507
129 139 596 734 599
130 488 559 464 915 181 511
131 200 626 724 796
132 507 358 712 562 537 155 991 255
133 598 998 296 488 277 630
134 579 166 295 750 241 793 569
135 903 269 757 535 536 185 730
136 769 899 292 389 808 401 339 373
137 824 329 493 998
138 228 455 588 432 822 860
139 742 999 648 940 150 543
140 423 715 594 729 891 778
141 739 164 901 296 922
142 354 709 168 917 824 220 542 895
143 577 649 494 655 700
144 161 699 900 937 912 771 379
145 709 748 461 879 757 440 382 511
146 471
147 640 534 750 925 406 155 253 197
148 802 857 636 543
149 836 263 508 458 525 436 474 892 287
150 288 325 233 556 367 475 988 965
151 326 389 870 786
152 451 516 569 388 375 996 794 733 185
153 209 836 804
154 704 738 171 214 730 222
155 994 393 557 623 817 958 925 991
156 199 266 301 721 882 343 185 959
157 160 914 515 977 690 819 983 409 988
158 583 910 879 270 279 504 891 959
159 486 551 855 752 597 537 440 889 474
160 640 805 872 466 662 504 954
161 611 452 391 408 575 447
162 900 325 778 334 528 753 854 245 214 281 965
163 322 259 169 290 301 814 957 504 187 700 829 734
164 357 998 938 395 463 976 433 550 175 477 703
165 848 432 268 891
166 292 172 910 817 660 213 284 373
167 737 772 202 587 175 619 195 918 824 670
168 970 203 883 575
169 416 549 981 794
170 323 211 184 467 244 920 666 795 959
171 624 291 456 208 727 888 413
172 970 304 404 535 569 350
173 347 805 458 397 909 744 827 252
174 288 304 842 432 473 735
175 736 642 553 336 658 595
176 864 545 264 203 719 275 854
177 363 959 702 631
178 355 457 599 589 451 563 343 292 476
179 995 612 437
180 500 863 652
181 770 996 253 591
182 293 782 402 823 926
183 704 454 584 681 241 535 473 858 666
184 544 783 563 790 601 330
185 261 280 596 218
186 258 251 484 934 839 307 823 699 892 286
187 353 898 437 371 675 347 767
188 961 551 913 404 213 858
189 203 652 878 339 598 823 858 350
190 930 310 614 339 566 410 702
191 673 909 687 594 634 286 319
192 206 211 436 504 569 411 540
193 608 993 314 603 368
194 202 726
195 323 648 489 526 501 278 986 763
196 226 300 434 239 562 758 985
197 752 684 269 693 470 283
198 389 914 302 376
199 449 514 613 748 717 655 222 677
200 380 556 346
201 288 580 774 783 467 606 745 472 414
202 931 743 819 856 574
203 900 773 553 392 370 468 895
204 768 772 392 501 408 731
205 314 403 580 453
206 545 933 207 313 793
207 994 681 720 241 215 280 987
208 838 518 284 360 724 405 950 572
209 441 964 838 495 982 535 516 253
210 352 705 322 867 612 393 394 660 757 223
211 961 578 356 613 651 364 400 405 953 572 831
212 480 683 973 238 849 370
213 321 643 964 517 967 730 951 890 571 957 510
214 513 867 454 745 557 436 953 380 382
215 512 416 643 360 297 717 735
216 928 994 229 269 750 431 312 920 732 989
217 356 491 463 881 850
218 713 586 781 500 441 827
219 709 325 873 908 848 562 916 600 890 549
220 545 809 466 888 506 251
221 896 485 550 457 780 813 943 753 661 376 332 645
222 712 364 655 242 566 316 255
223 505 770 490
224 304 873 442 643 708
225 576 770 551 696 572 478
226 352 289 366
227 321 357
228 641 261 237 814 783 882 245 790
229 768 909
230 707 741 690 501 726 542
231 823 497 339 695 248 725
232 290 747 980 950 573 511
233 256 835 556 912 984 445
234 913 790 323
235 952 929 480 923 437
236 944 436
237 578 486 393 274 693 793 252
238 488 668 927
239 930 835 934 550 336 945 580
240 259 393 399 662 473 761 380
241 744 554 557 275 413
242 834 844 866 596 790 349
243 825 548 405 582
244 576 967 647 400 953
245 805 423 785 821 565
246 577 259 388 390 646 712 974 400 483 565 282 286
247 705 388 591 466 852 953 730
248 673 843 327 265 654 463 274
249 611 630 899 310 390
250 449 390 839 840 941 278 856
251 897 646 879 344 731 639
252 451 518 492 526 688 305 429
253 481 322 581 711 755 472 511 349 287
254 257 389 614 555 788 601 317 447
255 964 534 920
256 482 899 791 946 818 819 629 723 825 345 539 639
257 352 360 716 686 271 820 792
258 836 844 402 708 379 925
259 521 261 393 906 279 790 617
260 290 299 740 869 970 651 275 293
261 729
262 600 476
263 418 547 910 783 761 303 605
264 353 265 877 526 497
265 771 604 843 529 501 377 345 924
266 388 422 748 396 584 535 824 698 798
267 993 276 285 359
268 944 916 789
269 704 867 969 598 795
270 422 748 717 910 655 793 891 895
271 450 342 616 777 526 308 501 860 670
272 593 454 745
273 961 996 330 435 494 375 415 287
274 547 356 405 279 505 507 415
275 905 842 314 315 702
276 642 484 839 467 379
277 554 782 792 664 601
278 300 523 812 591 883 313 943
279 373 774 807 424 617 717 531 510 888 933 347 637 287
280 647 328 458 396 712 505 799
281 940 668 517
282 673 404 334 745
283 951 338 381 373 759 987 956 925
284 288 694 597 470 953 382
285 768 868 327 298 654 306 839 764 767
286 513 360 748 505 827
287 731
288 416 834 424 907 365 717 987
289 900 870 656 724 598 637
290 385 812 813 751 400 851 445 477 574
291 450 836 961 781 590 752 404 727
292 385 675 452 934 519 683 398 515 856 601
293 901 493 850 539
294 324 933 682 468 823 573 543
295 549 328 372 442 602
296 843 782 445 709
297 996 677 426 508 554 510
298 995 324 939 942 542
299 758 977
300 417 723 821 676
301 909 307 666 316 794
302 457 995
303 632 450 571 382
304 576 424 492 848 407 795 671
305 838 775 554 652
306 448 390 668 691 724 859 604
307 740 467 689
308 768 542 917 702
309 960 523 427 654 849 819 526 445
310 324 615 746 690
311 769 838 684 495 855 925 478
312 628 885
313 802 791 926
314 803 840 460 846 788 723 862 639
315 608 906
316 359 745 458 733
317 835 926 905 722 976 849 818 499 757 922 595
318 930 837 392 682 954 509 543
319 592 707 581 458 399 370 906 415
320 768 612 743 616 780 469 324
321 430 495 440 511
322 770 482 853 382
323 710 456 636 432 817 979 564 535 633 412
324 619 366 722 439 538 894 703
325 640 712 843 942 915 730
326 802 556 621 528 499 898 506 603 574
327 900 860 862 543
328 450 827 444
329 417 804 331 439
330 579 493 592 340 951 474
331 555 845 693 409 859 764 629
332 550 842 911 529 948 697
333 843 419 679
334 515 629 760 830
335 675 484 843 619 434 439 632
336 675 868 428 977 851
337 897 714 818 883 725 438 377 475 604 906
338 928 705 848 871 400 659 857 793 858
339 898 743 526 584 702 735
340 769 388 454 838 647 366 438 605
341 746 378 851 443 582
342 801 685 529 629 348
343 707 711 587 461 916 935
344 589 622 660 729 893
345 898 740 582 904 558 402 883 821 630 541
346 428 409 826 988 701 574
347 748 524 430 400 531
348 736 801 612 837 966 711 788 725 825 766
349 672 514 517 717 726
350 834 490 883 630 825
351 960 389 808 720 722 439
352 745 496
353 454 839 398 975 371 574 670
354 802 644 359 973 918 575
355 902 426 651 974 473 920 889 799
356 610 516 908 814 628 430 787 660 852 511
357 416 517 647 405 413 709
358 451 806 616 717 878 720 989
359 899 420 869 679 904 391 868
360 400 490 749 431 783
361 584 766 686
362 676 485 529 402 702 697 538 542
363 613 935 873 693 888 634 667 572
364 894 966 712 631 990
365 651 617 810 747 467 798
366 739 840 425 650 567 475 477 670
367 804 598 679 616 714 664 837
368 386 552 680 854 410
369 528 419 877 839
370 608 665
371 768 487 558 504
372 426 623 498 986 700
373 707 658
374 441 964 909 727
375 707 422 747 500 399 467 569 987
376 753 970 918
377 385 676 929 463 818 585 701
378 931 905 463 690 602
379 387 947 926
380 624 470 518 713 401 467 819 505 474 667 478 799
381 928 838 490 429
382 805 662 820 794 606
383 407 956 814
384 674 875 878 433 654 670 437
385 842 469 772 573 575
386 802 934 849 460 616
387
388 512 544 994 838 812 568
389 740 398 947
390 549 806 687 795 508
391 753 501 727
392 555 710 584 690 595 860
393 590 589 861
394 400 865 547 474
395 962 779 550 499
396 456 946 944 594 596
397 838 461 493 889 799
398 768 556 719 883 567 697 830 415
399 833 547 966 711 680 510
400 805 470 687 712 596
401 899 860 718
402 722 668
403 714 530 443 746
404 838 906 754 852 889
405 512 944 875 535 851 827 956 517
406 707 974 495 916 636
407 891 454 727 511 956
408 616 879 824 762
409 545 843 804 809 938 515 603
410 864 449 976 787 886 447
411 609 994 712 925 458 759 413 502 664 957
412 833 430 916 889 571 735
413 876 853
414 418 966 486 455 495 500 681 863
415 617 715 831
416 512 754
417 960 541
418 775 907 822
419 449 842 656 821 439
420 488 428 574
421 672 608 835 425 664 701
422 641 779 538 637
423 608 546 456 426 817 658 505
424 704 964 583 544 640
425 999 427 791 914 501 439
426 699 486 525 596
427 449 550 975 820 553
428 556
429 733
430 581 455 458 890
431 807 623 853
432 597 732
433 993 584 650 619 985 986
434 526 856 668 703
435 752 610 806 774 712 471 636
436 707 709 662 463 734 517
437 443 542
438 992 739 676 460
439 453 718 922 731
440 910 627 884 590 474 571
441 598 775 750 606 568 798
442 594 693 952 761
443 446
444 800 577 905 592 536
445 555 488 532 919 728 475
446 602 998
447 898 835 836 870 948 725
448 785 977 533 984
449 929 602 837 936 556
450 834 827 875 795 623 882 503 572 991
451 769 546 732 968 521 490 560 937 505 957
452 928 837 919
453 826 550
454 704 662 902 637
455 865 503 727 669 848 466 981 855 590 861
456 576 800 666
457 963 773 665
458 744 560 689 790 606
459 708 485 551 588 590 700
460 555 942
461 736 996 776 600 699 669
462 920 609 787 559
463 633 491 593 883 539 980 826
464 547 838 812 632
465 759 990 599
466 961 581 742 717 822 698 829
467 748 628 949 470 728 891 669
468 832 580 615 599 923 765 862
469 780
470 928 496 551 618 564
471 717 589 535
472 996 908 619 748
473 993 898 803 565 662
474 752 706 870 937 783 958
475 768 995 883 854 683
476 712 747 498 494 913 597
477 883
478 684 913 855
479 768 608 619 984 779
480 896 922
481 966
482 649 907 812 855 890
483 778 717 623 627 855
484 973 786
485 801 898 881 917
486 549 552 590 564 983 888 956
487 614 553 877 846
488 523 740 782 533
489 780 915
490 805 906 627 599 889
491 619 723 537
492
493 550 683 984 818
494 994 971 560
495 578 575
496 544 906 974 563
497 869 658 499 755
498 643 627 729 666 571
499 963 797 656 755 725 740
500 935 828 846 700
501 901 686 656 598 633 797 670
502 715 757 694 567 954 827
503 732
504 770 583 876 781 915
505
506 553 874 666 927
507 578 515 743 718 823 765
508 512 641 866 885 937
509 954
510 581 971 688 562 954 693
511 597 853
512 928 522 724
513 613 748 979
514 648 814 757 951
515 864 895
516 641 872 814 594 987
517 817
518 640 579 583 979 724 854 605 799
519 940 760 612 922
520 836 532 748 824
521 866 646 748 852 667 863
522 588 660 967
523 940 691 922
524 946 814 627 956
525 800 880 915 554
526 843 763
527 605
528 746 878 532 846 857 602 763 650
529 772 598 840 664 892
530 621 533 764 661
531 968 718 949 600
532 864 611 550 999 939 595 840 984
533 608 859 804 743 686 968 819 661 923
534 646 775 540
535 712 916 893 734 565
536 876 847 997
537 992 693 790
538 739 839 924
539 740 915 798
540 647 982 860
541 992 674 807 868
542 737 584 823 919
543 901 695
544 704 581 814 917 892 613
545 608 548 663 561 630 695
546 716
547 770 838 620 876 563 916
548 550 656 948 724 604
549 641 691
550 898 871 970 818 862 804 986 860 638
551 961 613 916 793
552 935 876 620 793
553 960 677 648 853 825
554 684 646 807 971 748 597 873 863
555 995 965 838 915
556 739 663 625 785
557 966 807
558 585
559 997 981
560 647 712 808 734
561 933 582 871 877 621 668
562 718 888
563 961 812 817 659 793
564 706 748
565 787 982 858 799
566 935 776 688 946 660 568
567 804 681 703
568 709
569 834 749 622 815 626 795
570 801 683 716
571 967 748 761 990
572 937 907 910 925
573 960 751 947 633
574 929 642 657 824
575 871 844 845 724 631
576 583 687 794
577 697
578 778 747
579 720 890 957 990
580 723 852 700 874 639
581 775 589 916
582 697 850 950 859 947 766 703
583 865 964
584 868 945 808 922
585 992 945 692 763 894
586 770 744 652 789 599
587 802 713 781 591 913 700
588 727
589 640 867 776 853 634 827
590 778 991
591 596 956
592 815 913 754 757 599 762 890
593 783
594 748 817 700 861
595 960 685 922
596 907 944 953 605
597 768 833 709 873
598 801
599 907 681 696 713
600 671 908 815 991
601 940 924 767
602 939 929 988 615 926 924
603 898 848 986
604 936 889 923 797
605 641 803 628 698 847 655
606 643 997 969 698 650
607 868
608 672 683 975
609 667 699 623
610 775 651 760 863
611 843 695 823 731 702
612 832 762 955
613 882 890 732
614 862 934 678 621 789 663
615 870 809 939 691 792
616 937 855
617
618 935 689 793
619
620 928 866 964
621 998 842 857 764 970
622 687 937
623 806 677 946
624 928 822 698
625 672 922 999 927
626 672 964 945 899
627 811 909 713 754 699
628 989 734 694 996 957 990
629 837 880 914 782 921
630 899 923 670 725
631 935 848 885
632 734 902 745 938 748 693 759 730 757
633 782 948
634 730 636
635
636
637 769 841 646 655 977 978
638 760 648
639 931 879 856
640 649 794
641 969 972 662 863
642 874 978 757
643
644 648 843 904 824
645 737 995 740 716 686 758
646 872
647 972 957 709
648 968 904 995
649 740 659
650 901 879
651 966
652 776 873
653 669 770 805
654 977
655 847 908 952 828
656 802 804 816 849 818
657 772 938 846 911 914
658 809 879
659 707 861
660 967
661 680 904 820
662 803 981 959
663 899 805 820 826
664 686
665 691
666 855
667 712 913
668 746 753 926
669 969 951 910 757 790 855
670 994 739 742
671 966
672 983 926
673 898 744 698
674 992 731
675
676 837 808 844 760
677 775 712 946
678 813 765 756 701
679 896 758 881
680 835
681 951 793
682 992 686 692 695
683 851 824 751
684
685 877 824 725 895
686 934 850 924 901
687 745 715 748
688 822 937 787
689 882
690 816 977 952
691 739 772 808 904 839
692 930 942 721 983 862
693 958 729 991
694 987 708 715 916 827
695 851 801
696 829 774
697
698 848 935
699
700 974 794
701
702
703 901 840 760
704 907
705 778 718 783 762
706 794 752 721 778
707 865 834 711 730 893
708 866 907 715 776 812 793
709 996 902 875 752 953 925
710 882 838
711 732
712 774 827
713 773 807 776 783
714 825
715 908 971 884 829
716 993 777 837
717 906
718 948 796
719 808 842 850 821
720 834 908 803 761 957
721 790
722 965 786 767
723 960 962
724 910 919
725 737 860 845
726 777 877 782
727 810
728 779
729 738 761 861
730 794
731 791 978
732
733 944
734 925
735
736 912 785 886
737 942 848 851 758 924
738 759 799
739 883 764
740 755 921 984 965 868
741 849 780 845
742 804
743 924
744 757
745 841 889
746
747 885
748
749 778 793
750
751 802 756 985
752 818 891
753 904 918
754 964 966 814 959 799
755
756 992 953 813
757 969 903 831
758 962 970 767 924 927
759 784 959
760 868
761 861 798
762 996 812 852 827 956
763 878 840 917
764 992 826
765
766 934 860
767 809 970
768 993 984 922
769 855 793
770 783
771 871 992
772 976
773 939
774 992 889
775 910 856
776
777 901
778 969 951 956
779 890
780 960
781
782 808
783 969 858
784 951
785
786 904 856
787 966 990
788 927
789
790
791
792 877 886 921
793 953 892 885
794 865 873 863
795 833 907 978
796 813
797 835 934
798
799 994 969
800 913 822 987
801 976 921
802
803 928 814
804 939
805
806 906
807
808 992 980
809 896
810 866
811 872
812 890
813 898
814
815 994
816 912 883
817
818 897 830 988 862
819 975
820 965
821 993
822 906 991
823 976 830 857
824 988
825 871 976
826 846
827 971
828 961 901 858
829 887 907
830 929 962 924
831
832
833 913
834 875
835 955
836 837 922
837
838 997 971
839 960 976
840 901
841 865 953
842 960 869 998 856
843 905
844
845
846
847
848
849 868 988
850
851 939 940
852
853 937 953
854
855
856 896 977 862
857 897 874
858 872
859 953
860 978 915
861 967 920
862 868 998
863
864 934 870 924
865 994
866 954
867
868 960
869 912
870 980 986 926
871
872
873 907
874
875
876 969
877
878 963
879 984
880 917
881
882 906 979 981
883 945
884 925 971
885
886 943
887 906
888
889 994 966 908 990
890
891
892
893 920
894
895
896 999
897
898 921
899 938 915
900 915
901
902 932
903 994
904 984
905 945 989
906
907 960
908
909 916
910
911 977 926
912 988
913
914
915
916 950
917 955 968
918 934 976 978 921
919
920
921
922
923 935
924
925
926 995
927 984
928 989
929 945
930
931
932
933
934 942
935
936
937
938 940
939
940
941
942 948
943
944
945 992
946 952
947
948
949 954
950 982 990
951
952
953 989
954
955
956
957
958
959 989
960
961 997
962
963
964
965 986
966
967
968
969 987
970
971
972
973
974
975
976
977
978
979
980
981 997 990
982
983
984
985
986
987
988
989
990
991
992
993
994
995
996
997
998
999
[1, 1, 0, 1, 1, 1, 1, 0, 0, 0, 1, 0, 0, 1, 1, 1, 0, 1, 1, 0, 0, 1, 0, 0, 0, 1, 1, 0, 1, 1, 0, 1, 1, 1, 1, 1, 0, 1, 0, 0, 1, 1, 0, 1, 0, 1, 1, 1, 0, 0, 1, 1, 1, 1, 1, 0, 1, 1, 0, 1, 1, 0, 1, 0, 0, 1, 1, 1, 1, 0, 0, 0, 1, 0, 0, 1, 0, 1, 0, 1, 0, 1, 0, 1, 1, 1, 1, 1, 0, 0, 0, 0, 1, 0, 0, 1, 1, 0, 1, 0, 0, 1, 0, 0, 0, 0, 0, 1, 1, 1, 0, 0, 0, 1, 0, 0, 1, 0, 1, 0, 1, 1, 1, 0, 1, 1, 1, 0, 1, 0, 0, 1, 0, 1, 0, 0, 1, 1, 0, 1, 0, 1, 1, 0, 1, 0, 1, 0, 1, 0, 1, 1, 0, 1, 0, 0, 0, 1, 0, 0, 0, 1, 1, 0, 1, 0, 0, 1, 1, 0, 0, 0, 0, 0, 0, 1, 1, 0, 0, 1, 0, 0, 1, 0, 0, 0, 1, 1, 0, 1, 1, 0, 0, 1, 1, 1, 1, 0, 1, 0, 1, 0, 1, 1, 1, 1, 0, 0, 0, 0, 0, 0, 1, 0, 0, 0, 0, 1, 0, 0, 1, 1, 0, 0, 0, 0, 1, 0, 0, 0, 1, 1, 0, 1, 0, 1, 0, 0, 1, 1, 0, 0, 0, 1, 0, 0, 0, 0, 1, 1, 1, 1, 0, 0, 1, 0, 1, 1, 1, 0, 1, 0, 0, 0, 1, 1, 0, 1, 0, 0, 0, 1, 0, 0, 0, 1, 1, 1, 1, 0, 0, 1, 0, 0, 0, 1, 0, 0, 0, 1, 1, 0, 1, 1, 1, 0, 1, 0, 1, 1, 1, 0, 1, 0, 0, 0, 1, 0, 1, 1, 1, 0, 0, 1, 1, 1, 0, 1, 1, 0, 1, 0, 0, 0, 1, 1, 1, 1, 0, 1, 0, 1, 1, 1, 1, 1, 1, 1, 0, 1, 0, 1, 1, 0, 0, 1, 1, 0, 1, 0, 1, 1, 0, 1, 1, 0, 0, 0, 0, 1, 0, 1, 1, 0, 0, 0, 1, 1, 1, 1, 1, 1, 0, 0, 0, 0, 1, 1, 1, 1, 0, 0, 0, 0, 1, 1, 1, 1, 0, 1, 0, 1, 1, 0, 0, 1, 0, 0, 1, 0, 0, 1, 1, 1, 0, 0, 0, 0, 1, 1, 1, 0, 0, 0, 0, 0, 0, 1, 0, 1, 1, 1, 0, 0, 0, 1, 0, 1, 1, 0, 0, 0, 0, 1, 1, 0, 0, 1, 1, 1, 0, 0, 0, 1, 0, 1, 1, 1, 1, 1, 0, 0, 1, 1, 0, 0, 0, 1, 0, 0, 1, 0, 0, 1, 0, 0, 0, 0, 1, 1, 0, 0, 0, 0, 0, 1, 0, 1, 0, 1, 1, 0, 0, 0, 1, 1, 0, 1, 1, 1, 0, 1, 0, 1, 0, 0, 0, 1, 0, 1, 0, 1, 0, 0, 0, 0, 1, 1, 0, 1, 0, 0, 0, 0, 0, 1, 0, 0, 0, 1, 1, 0, 0, 1, 0, 0, 1, 0, 1, 1, 1, 0, 1, 1, 0, 0, 0, 0, 1, 1, 0, 1, 1, 1, 0, 1, 0, 0, 1, 0, 1, 0, 0, 1, 0, 1, 1, 0, 1, 0, 0, 1, 0, 0, 0, 0, 0, 1, 0, 0, 1, 0, 0, 1, 1, 1, 0, 0, 0, 0, 1, 0, 1, 0, 1, 1, 0, 0, 0, 0, 0, 0, 0, 1, 0, 1, 0, 0, 1, 0, 0, 1, 1, 1, 1, 0, 0, 1, 1, 0, 0, 1, 1, 0, 1, 1, 1, 0, 0, 1, 0, 1, 0, 0, 0, 1, 1, 0, 0, 1, 1, 0, 0, 1, 0, 1, 0, 0, 1, 1, 0, 0, 1, 0, 1, 1, 0, 0, 1, 0, 1, 0, 0, 0, 1, 0, 1, 1, 1, 0, 0, 1, 0, 1, 1, 1, 0, 0, 1, 0, 1, 0, 1, 0, 1, 1, 1, 0, 1, 1, 1, 0, 1, 1, 0, 1, 1, 0, 0, 0, 1, 1, 1, 0, 0, 1, 0, 1, 0, 0, 0, 1, 1, 1, 0, 0, 0, 0, 0, 0, 0, 0, 0, 0, 1, 0, 1, 0, 1, 1, 0, 0, 1, 1, 1, 1, 1, 0, 1, 0, 0, 1, 0, 0, 0, 0, 1, 1, 0, 1, 1, 1, 1, 1, 0, 0, 1, 0, 0, 0, 0, 1, 0, 1, 0, 1, 1, 0, 1, 0, 1, 0, 0, 1, 1, 1, 1, 1, 1, 0, 0, 1, 1, 1, 0, 0, 0, 1, 0, 1, 1, 0, 1, 0, 0, 1, 1, 0, 1, 0, 0, 1, 1, 0, 0, 0, 1, 1, 0, 0, 0, 1, 1, 0, 1, 0, 0, 0, 1, 1, 0, 0, 0, 1, 0, 0, 1, 0, 1, 1, 1, 1, 0, 1, 1, 1, 1, 0, 0, 0, 1, 0, 1, 0, 0, 1, 1, 1, 0, 1, 1, 0, 1, 1, 1, 1, 1, 0, 0, 1, 1, 1, 0, 0, 1, 0, 1, 1, 0, 1, 1, 0, 1, 0, 1, 0, 0, 0, 1, 1, 1, 1, 0, 0, 1, 0, 0, 1, 1, 1, 1, 1, 0, 1, 0, 0, 1, 0, 0, 0, 0, 0, 0, 0, 1, 1, 1, 1, 1, 1, 1, 1, 0, 0, 1, 1, 0, 0, 0, 0, 0, 1, 1, 0, 1, 1, 0, 1, 1, 1, 0, 1, 1, 1, 1, 0, 1, 1, 0, 1, 1, 1, 0, 1, 1, 0, 1, 0, 1, 1, 1, 1, 1, 1, 0, 1, 0, 1, 1, 0, 0, 0, 0, 0, 0, 1, 0, 0, 0, 0, 1, 0, 1, 1, 0, 1, 0, 0, 1, 0, 1, 0, 0, 1, 0, 1, 1, 1, 1, 0, 1, 0, 0, 1, 1, 1, 1, 0, 1, 0, 0, 0, 1, 1, 0, 1, 0, 0, 1, 1]