0 19 66 85 131 150 155 186 200 223 231 295 310 332 452 463 983 
1 12 69 193 219 248 
2 230 270 454 
3 64 96 185 205 263 329 412 417 472 
4 14 123 144 245 254 291 362 427 
5 36 94 127 190 306 329 356 384 404 410 442 453 624 821 
6 23 85 101 138 231 251 327 364 434 825 
7 57 161 195 197 204 370 436 
8 117 148 353 367 371 420 481 486 494 499 
9 60 82 149 279 367 548 629 
10 189 218 308 390 494 
11 75 99 108 129 131 152 239 265 292 333 390 407 486 
12 99 130 219 279 296 372 655 
13 94 291 369 426 489 524 
14 120 200 206 404 415 480 638 
15 31 55 93 118 238 323 356 420 439 449 928 
16 58 62 227 383 
17 212 349 420 452 483 574 785 926 
18 65 135 178 269 331 348 388 
19 74 206 283 294 351 379 465 
20 159 278 410 421 427 483 
21 33 63 99 108 157 311 361 365 369 
22 49 142 320 403 934 
23 40 53 187 215 306 433 
24 352 354 410 491 
25 129 368 377 427 450 
26 103 227 330 332 366 385 403 730 
27 150 192 261 274 294 440 777 998 
28 137 163 210 357 885 
29 45 308 375 
30 170 179 224 288 422 811 
31 61 150 226 300 393 405 593 
32 37 46 181 186 240 795 
33 124 228 365 464 999 
34 39 73 310 347 353 440 699 832 
35 52 83 114 211 256 334 354 397 821 
36 215 290 343 345 602 803 
37 153 165 215 274 317 356 410 487 497 
38 305 368 
39 76 394 
40 180 227 253 333 334 340 358 402 417 469 
41 146 206 252 394 
42 101 134 189 354 
43 101 294 428 493 693 983 
44 52 109 146 181 206 255 405 474 529 558 559 854 868 934 
45 59 127 281 389 425 479 664 
46 70 202 211 280 281 366 416 
47 210 223 361 367 393 401 415 701 
48 53 71 226 255 311 321 471 
49 60 74 105 200 246 274 285 303 478 681 715 
50 52 93 155 205 215 255 260 276 282 295 486 488 
51 59 68 93 112 239 337 358 361 
52 243 268 273 401 421 465 
53 89 134 140 166 171 309 335 365 370 375 406 
54 80 82 97 211 340 342 481 632 
55 204 205 355 448 
56 153 191 210 230 390 412 444 
57 218 299 333 341 371 394 492 
58 141 257 381 391 430 462 935 
59 182 191 256 448 449 572 660 
60 215 220 259 271 292 331 392 412 443 465 966 
61 112 240 438 951 
62 183 291 297 404 434 467 854 
63 84 128 228 283 474 619 
64 65 106 168 221 248 262 399 424 459 464 471 576 666 
65 74 327 493 
66 72 79 109 219 272 327 414 499 
67 171 248 258 363 379 418 725 738 
68 86 226 227 258 329 349 434 751 800 
69 91 119 200 380 409 444 454 483 558 
70 153 189 201 203 265 329 334 399 414 876 
71 109 240 260 277 429 490 497 578 
72 151 152 208 315 320 389 462 
73 93 152 175 217 248 285 422 425 446 447 557 
74 147 363 438 
75 113 125 148 235 346 490 848 
76 123 126 227 323 333 361 454 
77 467 490 880 
78 110 224 246 299 309 315 321 322 331 365 483 590 804 
79 106 152 253 270 415 421 467 
80 130 153 191 217 340 448 496 737 
81 103 159 261 296 311 329 331 332 348 371 393 410 481 674 
82 107 133 190 287 415 428 484 908 972 
83 113 137 149 155 166 470 
84 102 117 130 180 228 236 257 283 326 396 443 445 
85 152 367 412 419 
86 126 146 178 349 373 448 461 492 762 
87 188 193 217 226 254 361 468 494 715 
88 158 190 203 376 386 398 441 493 
89 157 206 216 292 354 369 445 541 600 
90 158 358 394 535 
91 186 403 771 
92 148 206 235 304 308 366 
93 102 116 125 212 237 257 311 434 449 
94 159 179 208 240 260 269 275 441 
95 261 492 
96 105 125 142 228 241 331 387 430 497 604 821 
97 137 144 160 179 199 342 525 
98 121 144 157 161 324 372 445 619 982 
99 117 144 181 212 379 421 
100 227 290 310 321 413 942 
101 173 311 315 439 979 
102 118 246 247 333 376 380 432 433 442 476 553 623 815 912 
103 146 195 221 262 415 436 466 
104 215 260 312 317 346 433 
105 143 191 272 494 
106 280 397 427 493 496 
107 374 417 480 537 748 972 
108 156 249 321 361 437 470 663 
109 138 157 208 215 355 398 442 446 470 
110 199 241 257 
111 159 306 435 882 
112 135 222 227 463 492 
113 178 186 397 461 
114 123 384 671 
115 228 237 273 327 332 360 381 835 
116 136 178 252 258 292 422 424 
117 228 461 481 970 
118 153 262 330 459 610 667 837 
119 208 230 247 262 309 316 319 435 451 465 
120 131 139 213 
121 260 402 435 461 477 487 519 
122 330 352 374 376 385 434 447 476 545 
123 127 174 278 336 341 342 354 425 433 469 477 495 
124 182 396 
125 149 231 267 338 375 410 459 739 
126 132 133 198 418 470 
127 194 203 250 407 448 486 923 
128 176 196 228 336 391 398 437 450 
129 142 145 250 269 304 318 320 364 404 436 
130 238 260 365 473 496 
131 187 279 388 460 504 622 
132 141 211 212 251 270 299 523 
133 147 153 364 409 462 463 478 745 
134 172 180 188 445 476 610 893 
135 242 280 420 428 442 
136 232 266 562 
137 196 280 351 400 494 859 
138 157 262 329 387 406 420 484 490 
139 148 152 262 264 293 314 347 461 
140 157 185 197 239 318 362 480 
141 486 
142 169 314 318 353 371 642 643 
143 194 244 311 386 414 490 
144 171 262 358 364 409 
145 400 435 458 487 586 601 755 
146 205 280 399 
147 171 206 256 274 291 321 335 398 416 451 
148 197 363 
149 189 247 
150 200 218 404 423 424 465 481 891 
151 225 250 301 341 365 441 891 
152 266 393 465 696 
153 196 264 269 341 755 
154 190 215 326 416 469 668 914 
155 200 225 342 416 424 425 
156 234 279 320 402 425 470 496 749 
157 185 237 358 375 398 419 500 
158 356 463 888 902 
159 222 331 413 421 445 464 
160 286 611 
161 246 278 316 340 380 847 
162 331 
163 170 262 323 449 
164 416 
165 282 396 467 583 
166 233 259 267 308 
167 477 757 
168 256 320 388 404 
169 201 294 329 349 
170 366 407 
171 204 312 376 470 480 
172 181 184 323 369 393 480 553 
173 176 194 221 227 263 301 920 
174 182 266 290 389 398 411 469 551 821 857 871 
175 233 292 333 365 376 397 419 756 
176 202 301 302 361 364 381 427 483 
177 201 228 349 387 460 
178 397 405 459 776 792 862 
179 234 291 357 465 
180 194 226 238 248 402 424 430 
181 245 248 329 419 508 583 
182 286 369 395 447 
183 281 300 349 364 605 
184 362 372 439 755 
185 191 217 307 336 498 713 876 
186 230 303 402 439 680 
187 339 392 435 
188 271 292 299 311 486 
189 264 275 316 320 326 367 422 826 
190 355 
191 221 273 277 322 451 463 771 
192 241 264 473 
193 355 853 
194 218 332 378 751 
195 234 235 326 337 384 397 426 456 494 588 
196 201 434 726 
197 208 213 295 298 325 348 426 928 
198 233 460 
199 246 248 249 413 461 493 
200 220 360 911 
201 316 344 381 535 
202 220 268 280 282 434 473 478 
203 327 486 822 
204 256 275 283 289 373 376 414 427 446 476 984 
205 309 982 
206 331 339 382 474 519 
207 222 294 307 353 377 441 478 
208 243 250 295 393 484 497 
209 260 302 320 454 471 534 681 
210 316 321 434 550 
211 266 439 
212 367 424 
213 351 389 476 786 939 
214 256 284 446 
215 236 242 245 304 321 340 361 371 381 414 942 967 
216 220 321 373 485 627 785 
217 220 291 309 459 
218 264 407 481 484 
219 244 272 316 319 358 375 610 836 
220 410 436 541 712 727 896 
221 451 482 
222 257 263 314 369 482 490 598 865 
223 261 384 407 412 917 
224 266 290 291 320 388 403 411 471 847 888 
225 298 318 392 585 875 
226 262 429 
227 228 444 476 
228 286 378 397 400 474 
229 256 264 308 
230 398 419 446 449 693 979 
231 233 295 331 364 367 378 464 495 698 983 
232 236 274 
233 343 377 
234 240 321 358 408 419 
235 236 247 316 334 493 
236 314 320 383 390 451 458 477 787 
237 308 383 398 401 466 469 822 953 
238 471 819 
239 273 319 431 
240 393 410 415 471 
241 332 364 485 
242 509 697 839 938 
243 259 323 356 496 
244 245 311 472 484 991 
245 294 358 369 392 445 
246 263 288 340 440 541 917 
247 287 409 422 490 796 
248 274 351 449 
249 253 280 311 
250 384 490 
251 259 496 
252 353 
253 331 355 378 455 476 
254 944 
255 302 368 408 439 470 491 632 
256 330 340 442 
257 259 272 289 321 357 425 476 
258 449 465 759 810 
259 326 358 380 719 
260 271 362 
261 340 382 444 473 
262 341 431 632 921 
263 267 474 
264 293 397 427 452 484 
265 295 298 331 334 428 494 691 894 
266 299 310 341 355 429 482 638 933 
267 286 287 344 428 471 
268 285 334 335 429 467 743 
269 382 416 460 461 643 
270 354 474 491 495 593 
271 283 319 332 371 
272 286 444 
273 348 395 398 450 489 795 
274 324 347 447 454 486 621 699 
275 314 447 
276 459 474 762 
277 339 362 442 458 466 486 489 
278 469 489 842 
279 294 367 402 437 468 470 632 975 
280 315 331 362 428 431 575 
281 292 401 446 476 490 871 911 980 
282 342 365 401 
283 398 432 486 
284 370 393 412 477 
285 298 336 396 
286 320 354 409 429 
287 325 443 548 
288 466 
289 354 373 396 409 410 428 492 673 
290 325 340 
291 378 419 490 
292 390 406 434 469 681 776 883 
293 465 472 
294 344 375 398 420 901 
295 423 
296 307 366 373 
297 413 450 461 
298 399 402 414 
299 326 384 422 472 481 486 
300 308 312 343 383 388 992 
301 304 457 459 488 489 
302 311 
303 378 381 383 438 464 471 498 
304 623 
305 308 421 460 
306 348 
307 334 577 
308 383 398 413 439 450 452 737 991 
309 326 338 353 
310 431 459 
311 319 368 427 
312 377 807 
313 367 451 469 470 
314 346 385 461 471 484 
315 465 736 780 
316 321 325 401 
317 322 422 444 469 
318 443 
319 383 393 402 486 619 
320 326 392 
321 359 389 
322 326 427 
323 919 
324 353 400 499 690 699 
325 429 444 448 491 638 788 827 998 
326 403 415 
327 344 432 462 475 
328 376 387 403 457 488 496 
329 331 342 
330 377 411 543 
331 
332 376 395 415 
333 
334 349 353 471 487 536 
335 378 428 471 
336 420 456 462 465 907 
337 395 812 814 
338 416 422 433 
339 355 386 401 403 636 
340 391 430 450 
341 
342 387 393 416 482 610 
343 388 417 722 
344 362 401 412 424 428 
345 445 478 634 689 
346 382 404 447 827 
347 393 406 446 605 810 849 
348 392 397 617 
349 376 451 
350 382 519 847 
351 363 408 422 466 752 902 
352 779 978 986 
353 413 443 
354 647 743 830 
355 483 
356 429 440 760 
357 433 643 
358 366 
359 419 445 469 476 
360 
361 362 406 429 738 
362 483 620 873 
363 390 442 459 479 748 
364 379 400 421 
365 411 463 474 
366 436 
367 416 486 487 762 
368 406 408 487 621 910 
369 370 449 483 
370 482 794 
371 436 440 
372 410 462 
373 398 488 
374 380 395 457 735 
375 432 451 468 489 
376 391 467 499 
377 454 457 478 807 
378 470 598 922 
379 414 495 
380 453 479 948 
381 
382 
383 428 453 894 
384 402 403 
385 413 427 521 829 
386 433 693 
387 439 453 466 496 606 
388 391 844 
389 461 915 
390 408 826 
391 431 473 643 
392 417 940 
393 706 
394 424 478 479 
395 398 
396 403 426 434 922 
397 424 473 
398 414 435 483 623 
399 442 994 
400 
401 
402 486 983 
403 415 696 
404 448 450 461 872 967 
405 407 429 441 490 869 
406 
407 496 
408 439 477 677 
409 437 490 847 
410 456 760 
411 426 453 628 937 
412 
413 421 
414 462 817 
415 482 520 941 
416 672 
417 
418 435 445 483 632 743 
419 
420 
421 432 
422 495 557 
423 469 806 998 
424 
425 459 
426 442 453 477 858 
427 475 488 
428 954 
429 464 483 
430 529 980 
431 456 682 788 859 
432 443 450 938 
433 
434 446 675 905 
435 979 
436 559 937 
437 480 
438 448 919 
439 467 
440 472 
441 475 989 
442 471 489 
443 
444 485 
445 688 
446 472 857 
447 466 899 
448 644 853 
449 502 521 813 
450 452 489 
451 458 603 610 778 944 
452 454 456 918 
453 476 488 906 
454 476 
455 598 
456 478 494 832 990 
457 
458 531 
459 
460 878 
461 
462 558 
463 783 
464 484 
465 
466 472 483 933 
467 853 982 
468 492 918 
469 
470 
471 623 638 810 891 915 936 
472 
473 498 716 
474 680 762 
475 708 
476 491 636 954 
477 
478 485 670 
479 
480 640 
481 
482 883 
483 531 
484 
485 846 
486 834 
487 761 
488 597 
489 491 
490 
491 495 
492 
493 837 
494 
495 
496 510 694 
497 
498 
499 
500 506 555 625 742 751 761 
501 575 576 653 724 741 767 811 922 929 
502 542 880 968 993 
503 506 556 695 713 748 778 790 842 930 945 978 987 
504 565 735 788 835 995 
505 525 625 680 734 785 962 
506 613 631 641 684 685 733 734 804 919 940 
507 520 522 562 619 638 648 659 713 719 772 776 807 816 819 874 877 924 957 
508 537 571 594 604 619 684 706 777 839 991 
509 639 751 845 
510 621 720 723 731 883 946 948 
511 515 658 692 715 783 812 814 886 891 919 
512 538 567 664 841 869 893 
513 792 828 841 
514 544 551 610 775 922 
515 653 681 734 929 
516 569 577 622 625 716 739 828 902 943 971 978 
517 573 578 592 627 636 784 795 893 905 998 
518 548 553 558 605 719 755 801 837 890 905 
519 521 575 589 598 725 770 882 883 907 955 992 
520 530 609 661 675 689 729 823 892 903 962 981 
521 536 654 659 797 804 861 
522 584 708 728 809 
523 614 629 685 745 816 955 965 970 984 994 
524 555 713 717 797 816 893 948 963 977 
525 600 632 727 745 751 762 829 897 916 986 
526 717 730 775 831 920 
527 565 629 647 696 712 821 906 952 960 969 
528 533 580 584 664 694 931 988 
529 642 719 944 972 
530 611 689 699 722 835 839 
531 572 706 736 825 954 
532 688 726 764 843 895 913 974 
533 604 618 642 694 789 840 847 862 
534 623 633 781 800 827 855 879 917 966 
535 586 667 715 754 779 830 839 847 868 930 947 
536 623 731 743 848 853 919 989 
537 601 617 728 747 838 855 898 944 953 994 
538 736 831 867 895 939 
539 648 649 749 864 868 927 959 
540 590 638 640 764 774 784 795 800 905 938 
541 600 636 985 
542 555 612 675 742 773 810 837 869 973 
543 639 643 795 824 826 827 932 953 
544 577 656 689 713 768 857 984 
545 577 640 810 842 
546 561 637 665 713 755 904 962 
547 703 801 938 
548 598 616 707 831 
549 662 688 713 753 929 982 
550 725 735 767 912 982 
551 566 594 711 742 749 784 867 947 971 985 994 
552 682 706 727 737 875 881 891 
553 663 708 762 770 784 909 956 
554 558 725 760 794 814 930 
555 749 781 818 847 
556 621 767 788 933 
557 711 760 778 834 867 876 905 922 957 977 
558 871 913 919 964 
559 647 713 844 940 984 
560 592 651 675 743 762 763 793 815 948 
561 586 617 869 888 958 
562 618 622 681 693 709 742 800 832 861 864 967 989 
563 816 831 857 885 903 967 
564 719 742 744 769 798 954 955 
565 667 714 825 852 857 903 939 
566 577 580 588 647 705 896 
567 586 610 711 744 761 794 864 977 
568 684 907 
569 654 849 923 963 
570 903 
571 606 610 617 689 695 811 893 980 
572 782 811 855 
573 577 610 680 839 882 910 953 
574 640 667 706 758 823 980 
575 607 658 684 864 
576 647 979 981 
577 592 621 632 662 670 724 745 990 
578 611 651 681 726 777 891 962 982 
579 703 713 858 986 995 
580 622 754 763 887 889 892 918 986 992 
581 654 655 660 746 778 865 901 
582 610 629 634 734 776 816 908 912 941 
583 606 864 899 900 969 
584 692 712 792 866 
585 625 634 639 689 696 847 891 900 953 992 
586 751 763 773 880 970 
587 638 722 770 816 856 899 927 945 982 
588 629 714 727 977 998 
589 916 951 
590 596 724 757 806 867 
591 676 852 
592 711 714 803 820 870 896 941 954 
593 594 706 825 949 963 
594 651 710 745 
595 602 603 655 771 773 867 
596 758 769 784 790 940 967 997 
597 613 623 635 663 696 720 730 750 754 770 
598 604 651 675 712 812 937 
599 636 692 724 746 762 919 991 997 
600 613 619 755 837 949 
601 611 612 725 750 777 778 795 857 921 961 984 
602 692 714 755 827 920 949 964 
603 614 654 672 746 773 790 793 800 806 810 823 861 901 986 
604 607 675 689 805 819 885 960 
605 693 738 810 884 
606 656 675 745 
607 752 966 
608 749 864 922 
609 651 828 879 
610 642 707 825 838 895 949 988 
611 691 850 978 
612 649 742 763 986 992 
613 614 641 652 748 801 805 882 898 969 
614 631 640 768 840 983 
615 664 670 739 863 958 966 
616 674 720 789 800 810 830 851 
617 689 721 774 818 827 883 885 948 
618 796 802 829 884 
619 755 826 850 
620 688 693 707 843 903 
621 625 689 760 844 918 960 
622 640 707 931 971 
623 631 641 688 719 727 783 954 
624 636 676 956 968 986 
625 649 676 687 825 891 907 920 925 976 
626 628 630 666 822 858 
627 724 743 799 809 918 
628 659 678 744 747 862 868 911 966 998 
629 656 765 771 860 886 990 
630 661 757 771 831 901 931 
631 703 741 843 906 
632 807 816 823 843 908 954 985 
633 683 700 748 809 886 887 931 953 997 
634 711 774 819 860 883 942 953 962 
635 777 814 896 979 
636 779 816 819 889 896 
637 668 683 724 727 747 752 832 896 
638 648 752 810 977 
639 649 669 873 875 
640 682 717 766 854 880 883 941 
641 660 743 744 777 785 817 872 983 
642 704 721 749 
643 772 774 901 
644 690 694 753 846 942 981 
645 764 767 784 828 831 854 858 898 
646 695 769 857 875 877 907 969 
647 674 740 780 785 801 826 849 953 
648 742 871 929 946 973 975 979 
649 660 773 795 
650 670 672 757 959 
651 818 829 887 933 974 
652 754 886 931 986 
653 696 758 759 821 826 917 
654 658 683 717 875 888 909 914 953 
655 667 694 836 890 
656 747 748 
657 729 778 806 
658 692 789 830 864 912 977 981 
659 667 708 804 864 875 955 
660 694 951 
661 662 742 806 927 
662 752 852 876 
663 684 717 726 826 
664 825 905 
665 765 867 889 894 913 972 
666 710 832 835 844 870 879 925 971 
667 714 726 745 958 
668 701 727 740 801 826 840 868 915 937 998 
669 689 735 742 778 986 
670 768 853 864 
671 696 702 759 922 932 939 971 
672 774 785 815 818 840 897 909 911 
673 825 856 978 981 
674 761 776 798 807 832 929 990 
675 747 839 958 
676 689 690 751 773 825 869 923 993 
677 692 693 744 746 814 879 
678 824 871 947 
679 726 932 933 
680 874 922 952 968 
681 698 717 767 831 942 986 
682 715 879 892 928 
683 789 860 906 954 
684 748 860 904 908 944 975 997 
685 686 721 790 861 937 
686 692 718 787 832 839 889 996 
687 779 780 813 
688 739 740 804 887 935 994 
689 919 
690 700 787 
691 720 754 875 898 902 
692 710 725 754 957 
693 722 769 772 778 840 894 961 996 
694 710 818 891 
695 768 822 848 907 
696 742 753 766 843 950 
697 821 867 
698 914 954 974 998 
699 704 706 774 835 872 889 
700 760 761 789 806 819 925 931 935 
701 739 881 909 942 954 964 986 
702 745 775 814 971 985 
703 756 793 890 
704 711 769 823 994 
705 738 740 830 882 933 
706 719 733 816 838 873 917 
707 733 
708 770 819 921 930 941 985 
709 749 905 
710 792 850 945 978 
711 809 823 825 853 880 884 
712 951 984 
713 736 741 845 858 933 955 986 
714 760 764 812 886 
715 826 898 914 927 988 
716 748 805 849 910 
717 956 
718 739 866 872 943 999 
719 926 940 
720 793 865 
721 887 922 998 
722 729 928 
723 758 854 968 989 
724 844 886 
725 757 935 
726 797 
727 828 938 
728 752 787 822 825 867 
729 786 800 975 
730 734 736 855 857 920 959 970 
731 744 810 975 990 
732 855 910 997 
733 735 840 925 
734 811 925 940 
735 789 827 965 999 
736 750 873 887 922 981 
737 900 
738 741 747 803 811 891 
739 783 824 922 
740 840 898 977 
741 784 847 961 993 
742 798 
743 862 993 
744 777 822 843 
745 787 807 834 835 854 
746 776 825 940 969 
747 954 
748 754 780 783 792 840 871 961 
749 750 779 933 955 968 
750 790 909 
751 822 871 900 909 995 
752 925 936 978 989 
753 832 866 
754 786 912 954 984 
755 818 855 933 976 995 
756 764 877 931 948 987 989 
757 861 936 
758 810 822 902 922 
759 784 907 981 
760 768 815 883 912 
761 766 768 781 864 881 905 
762 794 812 813 
763 802 809 897 
764 794 813 916 920 
765 793 873 940 943 995 998 
766 839 940 
767 874 895 
768 775 886 942 997 
769 800 801 846 862 
770 824 
771 831 884 897 965 
772 792 
773 811 876 927 
774 816 836 895 914 
775 865 917 919 978 
776 788 804 806 807 820 925 
777 822 919 
778 828 837 852 861 867 888 895 919 
779 871 990 
780 783 825 904 936 964 
781 786 837 
782 786 845 876 
783 795 813 831 933 954 998 
784 814 819 901 
785 810 867 939 
786 865 892 959 998 
787 868 906 991 
788 897 910 956 
789 839 936 
790 808 941 993 
791 888 895 898 911 965 973 
792 922 926 973 
793 838 863 903 
794 
795 839 915 981 
796 819 910 916 977 983 990 
797 831 930 940 960 990 
798 934 993 
799 816 880 931 942 975 
800 881 990 
801 848 937 938 968 992 993 
802 807 921 
803 875 897 
804 805 887 987 
805 903 958 967 985 
806 835 846 859 864 891 897 964 
807 835 868 916 
808 907 946 947 957 
809 962 991 
810 822 904 
811 824 958 
812 
813 
814 890 941 958 962 
815 886 969 999 
816 885 930 
817 829 857 888 
818 865 906 
819 837 862 
820 888 931 
821 850 952 982 
822 840 854 877 
823 
824 847 
825 
826 834 880 896 963 968 
827 
828 874 903 
829 920 
830 873 973 999 
831 846 875 954 
832 917 974 
833 866 929 990 
834 888 935 941 964 
835 992 
836 879 903 955 972 980 
837 849 901 990 
838 841 859 
839 947 963 
840 842 899 919 
841 848 887 901 910 926 963 969 
842 896 912 921 
843 881 945 
844 872 947 987 
845 872 886 906 958 967 980 987 
846 898 967 988 
847 856 895 922 
848 910 
849 947 951 986 
850 867 
851 866 
852 889 
853 963 966 
854 
855 
856 958 963 981 
857 
858 960 
859 865 956 
860 884 978 
861 865 897 979 
862 
863 980 
864 
865 888 978 
866 927 960 
867 
868 
869 966 994 
870 927 995 
871 886 
872 955 967 987 
873 957 
874 914 947 
875 941 997 
876 932 967 
877 879 900 924 
878 884 895 938 945 
879 
880 952 
881 951 971 978 
882 904 986 
883 895 913 958 983 
884 
885 893 947 
886 915 971 991 
887 891 922 959 
888 
889 925 
890 968 991 997 
891 
892 952 981 
893 
894 909 940 
895 
896 927 986 
897 
898 978 
899 
900 939 964 
901 938 975 994 
902 920 
903 932 936 
904 955 
905 936 944 
906 943 975 996 998 
907 
908 915 
909 941 
910 
911 913 919 930 931 940 943 976 
912 913 996 
913 
914 994 
915 
916 
917 927 
918 
919 939 
920 950 
921 
922 931 954 
923 940 961 987 
924 944 975 
925 970 995 
926 
927 
928 952 
929 933 948 966 
930 987 
931 
932 948 
933 
934 941 976 990 
935 975 999 
936 
937 
938 
939 993 
940 971 
941 
942 959 982 
943 951 
944 959 
945 993 
946 978 
947 964 
948 
949 965 969 974 
950 965 995 
951 
952 969 971 973 983 
953 
954 
955 
956 991 
957 974 
958 992 993 
959 960 963 
960 973 
961 
962 
963 987 
964 
965 
966 
967 969 
968 996 
969 
970 
971 
972 981 
973 
974 
975 
976 986 
977 
978 
979 
980 
981 
982 
983 
984 
985 
986 
987 999 
988 
989 
990 
991 
992 
993 
994 
995 
996 
997 
998 
999 
[0, 0, 0, 0, 0, 0, 0, 0, 0, 0, 0, 0, 0, 0, 0, 0, 0, 0, 0, 0, 0, 0, 0, 0, 0, 0, 0, 0, 0, 0, 0, 0, 0, 0, 0, 0, 0, 0, 0, 0, 0, 0, 0, 0, 0, 0, 0, 0, 0, 0, 0, 0, 0, 0, 0, 0, 0, 0, 0, 0, 0, 0, 0, 0, 0, 0, 0, 0, 0, 0, 0, 0, 0, 0, 0, 0, 0, 0, 0, 0, 0, 0, 0, 0, 0, 0, 0, 0, 0, 0, 0, 0, 0, 0, 0, 0, 0, 0, 0, 0, 0, 0, 0, 0, 0, 0, 0, 0, 0, 0, 0, 0, 0, 0, 0, 0, 0, 0, 0, 0, 0, 0, 0, 0, 0, 0, 0, 0, 0, 0, 0, 0, 0, 0, 0, 0, 0, 0, 0, 0, 0, 0, 0, 0, 0, 0, 0, 0, 0, 0, 0, 0, 0, 0, 0, 0, 0, 0, 0, 0, 0, 0, 0, 0, 0, 0, 0, 0, 0, 0, 0, 0, 0, 0, 0, 0, 0, 0, 0, 0, 0, 0, 0, 0, 0, 0, 0, 0, 0, 0, 0, 0, 0, 0, 0, 0, 0, 0, 0, 0, 0, 0, 0, 0, 0, 0, 0, 0, 0, 0, 0, 0, 0, 0, 0, 0, 0, 0, 0, 0, 0, 0, 0, 0, 0, 0, 0, 0, 0, 0, 0, 0, 0, 0, 0, 0, 0, 0, 0, 0, 0, 0, 0, 0, 0, 0, 0, 0, 0, 0, 0, 0, 0, 0, 0, 0, 0, 0, 0, 0, 0, 0, 0, 0, 0, 0, 0, 0, 0, 0, 0, 0, 0, 0, 0, 0, 0, 0, 0, 0, 0, 0, 0, 0, 0, 0, 0, 0, 0, 0, 0, 0, 0, 0, 0, 0, 0, 0, 0, 0, 0, 0, 0, 0, 0, 0, 0, 0, 0, 0, 0, 0, 0, 0, 0, 0, 0, 0, 0, 0, 0, 0, 0, 0, 0, 0, 0, 0, 0, 0, 0, 0, 0, 0, 0, 0, 0, 0, 0, 0, 0, 0, 0, 0, 0, 0, 0, 0, 0, 0, 0, 0, 0, 0, 0, 0, 0, 0, 0, 0, 0, 0, 0, 0, 0, 0, 0, 0, 0, 0, 0, 0, 0, 0, 0, 0, 0, 0, 0, 0, 0, 0, 0, 0, 0, 0, 0, 0, 0, 0, 0, 0, 0, 0, 0, 0, 0, 0, 0, 0, 0, 0, 0, 0, 0, 0, 0, 0, 0, 0, 0, 0, 0, 0, 0, 0, 0, 0, 0, 0, 0, 0, 0, 0, 0, 0, 0, 0, 0, 0, 0, 0, 0, 0, 0, 0, 0, 0, 0, 0, 0, 0, 0, 0, 0, 0, 0, 0, 0, 0, 0, 0, 0, 0, 0, 0, 0, 0, 0, 0, 0, 0, 0, 0, 0, 0, 0, 0, 0, 0, 0, 0, 0, 0, 0, 0, 0, 0, 0, 0, 0, 0, 0, 0, 0, 0, 0, 0, 0, 0, 0, 0, 0, 0, 0, 0, 0, 0, 0, 0, 1, 1, 1, 1, 1, 1, 1, 1, 1, 1, 1, 1, 1, 1, 1, 1, 1, 1, 1, 1, 1, 1, 1, 1, 1, 1, 1, 1, 1, 1, 1, 1, 1, 1, 1, 1, 1, 1, 1, 1, 1, 1, 1, 1, 1, 1, 1, 1, 1, 1, 1, 1, 1, 1, 1, 1, 1, 1, 1, 1, 1, 1, 1, 1, 1, 1, 1, 1, 1, 1, 1, 1, 1, 1, 1, 1, 1, 1, 1, 1, 1, 1, 1, 1, 1, 1, 1, 1, 1, 1, 1, 1, 1, 1, 1, 1, 1, 1, 1, 1, 1, 1, 1, 1, 1, 1, 1, 1, 1, 1, 1, 1, 1, 1, 1, 1, 1, 1, 1, 1, 1, 1, 1, 1, 1, 1, 1, 1, 1, 1, 1, 1, 1, 1, 1, 1, 1, 1, 1, 1, 1, 1, 1, 1, 1, 1, 1, 1, 1, 1, 1, 1, 1, 1, 1, 1, 1, 1, 1, 1, 1, 1, 1, 1, 1, 1, 1, 1, 1, 1, 1, 1, 1, 1, 1, 1, 1, 1, 1, 1, 1, 1, 1, 1, 1, 1, 1, 1, 1, 1, 1, 1, 1, 1, 1, 1, 1, 1, 1, 1, 1, 1, 1, 1, 1, 1, 1, 1, 1, 1, 1, 1, 1, 1, 1, 1, 1, 1, 1, 1, 1, 1, 1, 1, 1, 1, 1, 1, 1, 1, 1, 1, 1, 1, 1, 1, 1, 1, 1, 1, 1, 1, 1, 1, 1, 1, 1, 1, 1, 1, 1, 1, 1, 1, 1, 1, 1, 1, 1, 1, 1, 1, 1, 1, 1, 1, 1, 1, 1, 1, 1, 1, 1, 1, 1, 1, 1, 1, 1, 1, 1, 1, 1, 1, 1, 1, 1, 1, 1, 1, 1, 1, 1, 1, 1, 1, 1, 1, 1, 1, 1, 1, 1, 1, 1, 1, 1, 1, 1, 1, 1, 1, 1, 1, 1, 1, 1, 1, 1, 1, 1, 1, 1, 1, 1, 1, 1, 1, 1, 1, 1, 1, 1, 1, 1, 1, 1, 1, 1, 1, 1, 1, 1, 1, 1, 1, 1, 1, 1, 1, 1, 1, 1, 1, 1, 1, 1, 1, 1, 1, 1, 1, 1, 1, 1, 1, 1, 1, 1, 1, 1, 1, 1, 1, 1, 1, 1, 1, 1, 1, 1, 1, 1, 1, 1, 1, 1, 1, 1, 1, 1, 1, 1, 1, 1, 1, 1, 1, 1, 1, 1, 1, 1, 1, 1, 1, 1, 1, 1, 1, 1, 1, 1, 1, 1, 1, 1, 1, 1, 1, 1, 1, 1, 1, 1, 1, 1, 1, 1, 1, 1, 1, 1, 1, 1, 1, 1, 1, 1, 1, 1, 1, 1, 1, 1, 1, 1, 1, 1, 1, 1, 1, 1, 1, 1, 1, 1, 1, 1, 1, 1, 1, 1, 1, 1, 1, 1, 1, 1, 1, 1, 1, 1, 1, 1, 1, 1, 1, 1, 1, 1, 1, 1, 1, 1, 1, 1, 1, 1, 1, 1, 1, 1, 1, 1, 1, 1, 1, 1, 1]