0 85 122 123 146 155 189 327 351 399 495 
1 95 129 449 480 
2 353 428 
3 4 246 291 397 
4 101 120 169 271 402 440 462 575 578 
5 30 190 223 315 336 367 428 432 483 
6 362 379 458 495 
7 85 94 265 293 462 492 
8 25 49 87 90 185 321 336 396 397 450 576 
9 196 410 490 676 
10 57 97 122 197 
11 27 59 107 148 204 266 326 367 387 388 401 
12 22 300 430 457 486 980 
13 109 125 264 419 453 
14 64 98 201 258 439 487 599 
15 67 99 244 299 339 577 
16 142 154 264 405 683 
17 154 264 482 
18 225 240 361 366 937 
19 71 160 182 331 355 499 557 
20 73 108 266 325 411 472 
21 51 102 104 202 240 363 444 496 977 985 
22 55 57 414 462 478 542 
23 162 188 314 358 409 424 455 
24 169 262 666 988 
25 171 252 273 423 
26 86 305 340 426 434 781 916 
27 83 86 157 290 314 398 463 650 
28 292 373 412 
29 62 217 825 951 
30 100 215 221 326 923 
31 52 72 217 240 323 327 431 562 802 
32 109 242 349 355 459 775 
33 140 364 414 
34 41 93 119 177 293 459 855 
35 187 332 401 422 467 
36 295 479 729 
37 86 146 227 291 430 453 
38 80 334 
39 40 136 703 
40 204 239 369 469 472 496 582 
41 56 130 170 289 333 
42 207 222 319 371 420 986 
43 301 331 428 469 
44 289 299 306 329 331 420 436 
45 135 175 237 241 269 
46 51 96 112 267 398 461 778 
47 64 226 366 478 492 530 
48 92 189 331 359 369 380 395 892 
49 91 387 403 459 
50 93 258 303 307 353 354 405 497 955 
51 120 147 260 311 369 429 448 
52 115 132 256 261 278 361 420 
53 63 272 285 291 435 441 442 675 
54 98 217 260 261 311 348 364 397 486 669 721 
55 267 342 414 
56 253 277 335 355 376 
57 119 179 250 344 384 
58 71 96 98 301 333 349 428 808 
59 137 158 246 297 417 443 
60 86 112 117 118 182 346 654 
61 434 488 
62 186 248 268 301 409 454 
63 197 227 283 319 390 540 
64 131 153 173 185 210 419 420 421 444 460 474 
65 153 221 434 
66 74 103 136 194 232 
67 131 251 258 259 279 416 
68 127 375 385 407 452 
69 327 420 460 724 
70 161 208 223 270 409 474 476 
71 235 456 483 805 
72 180 190 219 239 417 446 
73 89 120 150 225 250 355 398 
74 245 363 404 413 505 
75 210 251 449 621 783 
76 93 230 415 439 
77 116 146 211 321 367 999 
78 117 120 126 148 331 403 480 
79 136 181 196 270 294 354 543 
80 286 312 318 359 368 388 
81 96 122 125 265 267 284 285 296 332 354 
82 91 342 364 410 489 
83 147 233 248 423 
84 118 143 187 254 256 303 311 380 383 392 
85 114 161 418 436 478 
86 134 152 289 305 349 395 396 449 508 
87 97 122 174 185 278 344 836 
88 166 238 256 349 372 475 484 669 
89 199 291 325 
90 243 311 365 594 
91 142 172 
92 148 320 336 381 
93 131 150 171 376 391 
94 447 461 483 488 
95 107 132 167 379 969 
96 104 279 326 371 421 448 
97 107 121 255 
98 100 241 250 
99 143 202 248 455 464 538 637 783 
100 105 119 188 204 215 279 415 740 803 938 
101 197 
102 132 151 180 414 438 450 486 
103 153 156 181 191 258 325 365 373 602 766 847 
104 129 172 346 380 495 
105 286 342 429 497 
106 118 376 665 
107 136 169 360 713 
108 280 643 
109 128 144 274 310 422 441 980 
110 326 452 860 977 
111 136 208 459 
112 142 261 269 282 444 
113 200 367 
114 354 871 
115 157 172 193 204 413 
116 144 146 379 444 452 499 
117 260 368 379 
118 178 222 375 450 
119 220 229 280 289 320 339 410 436 440 505 
120 358 414 496 
121 139 164 175 253 322 417 
122 155 158 221 353 467 
123 187 224 237 278 283 340 379 421 445 454 473 478 485 
124 364 405 907 
125 185 214 456 488 669 
126 414 480 483 
127 191 210 286 333 
128 148 200 329 469 987 
129 286 309 324 440 463 976 
130 245 261 361 397 
131 373 417 443 450 463 840 943 
132 376 482 923 
133 274 385 393 395 494 
134 248 286 287 294 332 373 440 654 
135 142 298 302 419 499 
136 142 410 
137 318 
138 172 232 277 328 
139 236 319 408 415 654 
140 159 381 425 440 441 785 839 966 
141 325 466 
142 180 368 424 640 
143 174 243 247 253 305 435 481 863 
144 331 457 469 
145 206 237 262 316 431 707 
146 297 329 358 375 
147 196 225 243 427 
148 283 
149 157 257 260 461 842 
150 180 185 233 255 290 479 665 
151 155 207 231 324 340 
152 160 214 288 745 
153 238 257 388 791 
154 195 207 247 278 367 453 461 603 686 
155 160 180 259 276 368 399 569 
156 208 246 275 309 357 475 483 774 
157 165 273 440 496 
158 173 474 595 
159 202 206 231 282 292 465 656 763 
160 320 349 357 466 528 
161 246 276 279 403 477 
162 186 321 506 
163 168 242 286 362 476 
164 276 361 375 
165 224 329 429 476 951 
166 320 397 417 
167 295 425 
168 246 295 348 489 606 702 
169 170 228 
170 208 209 384 836 903 
171 406 478 494 496 
172 229 256 376 380 473 476 763 
173 271 281 412 442 472 
174 260 268 307 383 409 475 483 
175 230 320 378 387 477 
176 186 208 279 280 315 333 471 488 496 506 
177 250 345 
178 306 689 766 850 
179 222 
180 219 300 508 631 
181 268 487 626 
182 224 235 239 485 618 651 
183 304 388 398 
184 196 403 
185 210 231 295 374 949 
186 213 395 437 699 
187 210 458 461 902 
188 486 
189 219 280 284 338 340 347 380 397 
190 254 396 625 874 
191 200 300 426 
192 264 286 302 477 
193 215 338 414 644 
194 224 248 281 344 361 802 
195 262 311 380 390 446 457 
196 359 387 454 744 
197 240 248 284 341 457 494 850 
198 451 785 790 
199 388 398 426 428 731 
200 298 335 381 943 
201 239 292 397 944 
202 210 302 321 
203 331 445 489 749 
204 215 321 362 400 411 413 736 
205 348 424 775 
206 459 
207 465 
208 348 462 
209 292 306 321 337 384 
210 303 327 373 474 562 820 
211 219 257 363 454 
212 372 405 424 
213 323 411 431 461 713 
214 227 434 461 
215 228 244 334 366 391 470 
216 262 383 471 499 607 
217 257 447 484 
218 398 464 488 928 
219 260 291 451 490 492 
220 446 
221 250 358 425 641 
222 224 240 332 
223 255 397 426 
224 227 246 349 392 424 483 488 
225 228 368 440 
226 234 262 270 334 622 
227 447 
228 257 264 265 293 372 470 489 
229 261 271 381 428 
230 278 449 460 515 935 
231 253 283 404 465 476 629 787 
232 436 
233 370 441 689 
234 308 368 
235 255 
236 237 253 415 474 836 
237 248 296 302 347 374 395 825 
238 350 400 456 494 
239 
240 277 295 337 445 
241 471 618 899 
242 264 424 455 
243 290 295 317 
244 414 444 940 
245 299 372 566 
246 283 354 925 
247 316 368 397 404 424 448 484 
248 351 476 
249 319 340 398 415 519 
250 404 439 486 
251 466 
252 447 452 
253 480 
254 
255 257 338 374 433 469 575 635 702 
256 375 376 
257 456 464 498 
258 321 
259 308 346 491 909 
260 270 
261 282 323 428 
262 292 
263 560 
264 301 461 493 
265 327 380 392 
266 340 399 481 494 863 
267 295 369 382 399 469 481 
268 371 380 453 
269 480 640 
270 512 792 
271 297 404 460 
272 322 391 489 
273 306 550 
274 281 363 391 493 
275 353 415 514 
276 295 486 811 
277 332 341 344 351 434 
278 359 396 417 439 
279 295 310 758 
280 293 470 766 
281 326 328 363 389 429 478 617 
282 856 
283 354 414 441 
284 308 310 
285 349 610 
286 297 302 358 485 616 
287 423 437 470 
288 383 433 474 
289 386 
290 334 494 
291 356 457 471 
292 358 426 
293 398 409 481 689 
294 528 
295 332 
296 386 435 891 
297 360 390 415 
298 407 442 569 624 813 
299 401 433 638 
300 375 386 394 416 431 
301 308 452 457 462 495 
302 403 443 471 481 
303 310 389 395 447 954 
304 481 639 
305 417 454 
306 490 935 
307 393 
308 311 362 418 486 
309 413 429 434 448 740 
310 325 639 712 
311 377 410 673 
312 494 
313 324 585 
314 315 494 998 
315 394 423 
316 338 356 642 
317 327 490 
318 
319 362 417 451 456 
320 358 398 429 716 
321 344 363 416 447 471 893 
322 378 421 
323 410 458 559 705 
324 348 463 470 
325 363 500 679 
326 440 519 
327 330 363 406 539 
328 390 391 403 495 
329 412 860 
330 406 416 
331 372 494 772 
332 369 407 617 897 
333 370 
334 345 441 
335 336 385 420 422 728 
336 396 433 438 482 
337 449 845 
338 378 379 408 442 472 883 
339 358 413 688 
340 356 370 434 442 
341 378 427 
342 364 370 426 452 
343 
344 346 480 497 
345 449 
346 443 
347 355 375 432 499 
348 483 
349 402 406 427 435 796 909 
350 
351 420 435 
352 421 426 
353 443 448 
354 445 665 
355 378 453 462 804 
356 376 401 648 800 
357 440 579 801 
358 649 837 
359 392 406 526 
360 377 693 753 
361 399 478 483 
362 445 618 899 
363 388 432 808 
364 503 945 
365 419 467 491 
366 489 
367 446 725 
368 436 443 
369 
370 
371 422 
372 414 
373 404 518 916 
374 401 433 608 675 845 
375 377 386 404 468 474 
376 382 459 481 597 924 
377 398 
378 398 
379 383 394 466 482 
380 439 462 573 
381 487 490 602 
382 402 403 408 
383 498 770 817 
384 397 446 839 
385 467 650 
386 473 486 487 
387 388 403 490 
388 476 
389 
390 421 536 698 714 745 
391 
392 
393 466 
394 482 483 637 673 
395 440 450 484 
396 660 
397 469 
398 882 
399 404 411 412 493 
400 
401 513 
402 645 
403 428 
404 427 435 491 496 534 542 570 762 
405 450 473 614 987 
406 651 
407 417 487 858 
408 424 429 486 
409 449 639 
410 
411 652 
412 
413 437 487 904 950 
414 465 
415 484 587 
416 440 811 949 
417 433 
418 419 
419 996 
420 648 
421 471 
422 853 
423 469 860 953 
424 623 
425 442 444 
426 468 936 
427 439 482 
428 463 495 522 
429 439 448 491 
430 457 
431 
432 471 850 
433 446 
434 
435 899 
436 455 
437 506 
438 657 
439 
440 475 481 705 
441 444 
442 490 
443 933 
444 498 959 
445 
446 864 
447 488 776 
448 492 540 541 666 
449 696 
450 470 505 
451 452 
452 470 
453 
454 476 
455 608 686 
456 486 
457 678 684 
458 
459 
460 472 477 575 
461 661 
462 883 
463 
464 
465 480 
466 
467 
468 
469 662 749 
470 485 
471 
472 
473 
474 493 513 
475 484 
476 891 
477 953 
478 
479 
480 576 
481 496 
482 771 
483 684 
484 
485 
486 829 
487 
488 
489 
490 492 771 833 
491 
492 
493 
494 676 
495 
496 
497 755 
498 887 
499 681 
500 519 582 650 778 810 820 873 939 995 
501 505 645 780 792 867 929 
502 641 729 812 859 891 
503 518 544 650 704 770 885 898 910 999 
504 513 516 744 778 978 
505 600 601 649 692 764 
506 680 884 885 
507 536 964 977 
508 591 597 666 736 819 
509 566 627 651 693 770 826 870 
510 626 816 939 
511 590 603 699 718 739 805 
512 
513 616 623 832 838 950 
514 517 640 701 783 787 
515 553 662 905 
516 556 597 607 646 801 824 
517 565 578 620 621 655 696 705 753 874 910 
518 614 672 697 740 910 934 977 
519 585 615 708 732 866 882 970 980 989 994 
520 613 675 945 960 
521 526 542 583 626 824 
522 650 761 830 996 
523 743 774 776 795 
524 689 700 805 855 864 941 979 990 
525 535 571 842 
526 607 630 672 922 927 
527 668 711 861 933 979 
528 532 561 727 769 840 856 864 
529 579 602 741 762 
530 701 847 
531 679 732 743 837 900 939 965 
532 750 846 850 884 890 947 958 
533 626 697 829 834 
534 716 748 806 815 845 966 
535 698 768 794 920 995 998 
536 540 648 668 700 738 753 
537 561 581 731 741 758 849 905 970 
538 872 934 
539 542 695 741 778 941 972 
540 783 967 
541 626 684 701 776 820 909 924 966 
542 902 
543 598 632 641 693 716 777 797 864 989 
544 695 757 838 926 943 959 983 
545 996 
546 605 636 791 817 836 851 
547 636 845 
548 567 666 860 869 874 908 
549 599 651 732 769 809 865 982 
550 687 726 765 785 803 911 979 
551 571 750 878 879 925 953 966 996 
552 603 779 996 
553 585 625 636 686 780 802 849 856 
554 658 901 910 945 
555 623 752 825 
556 747 863 957 
557 604 673 787 822 853 900 941 
558 573 806 851 966 971 
559 575 619 667 786 906 
560 598 630 821 843 918 937 
561 567 620 749 791 860 
562 624 663 694 736 795 
563 625 667 679 726 740 879 975 
564 622 856 944 970 
565 757 878 975 
566 571 723 771 838 885 
567 704 766 772 902 
568 668 778 859 927 
569 580 617 875 
570 630 718 915 
571 583 610 630 642 909 966 
572 573 581 613 644 648 654 695 796 915 
573 577 725 773 912 957 990 
574 749 898 924 
575 702 714 735 805 832 922 952 
576 734 741 820 944 
577 589 635 658 731 776 840 861 
578 633 714 909 949 
579 585 643 693 902 
580 623 624 710 736 768 909 926 
581 603 625 809 848 951 
582 633 647 697 745 757 859 877 
583 766 834 915 
584 629 689 707 724 811 
585 834 894 948 
586 678 713 745 755 768 803 891 
587 600 629 694 718 814 830 881 946 
588 654 719 890 
589 666 685 850 859 
590 603 
591 
592 718 
593 621 624 646 663 780 829 898 911 964 
594 736 770 
595 674 751 853 
596 625 658 825 879 966 977 987 
597 672 696 749 879 965 
598 698 758 817 837 887 958 
599 613 630 836 
600 702 716 793 839 840 879 
601 671 805 922 
602 711 721 765 773 851 889 903 
603 610 874 900 903 935 
604 637 686 699 710 800 902 
605 632 714 778 851 
606 644 678 720 740 782 796 814 934 
607 609 
608 634 635 647 738 752 822 
609 761 815 842 863 
610 658 735 752 761 776 820 880 883 892 895 896 
611 667 757 916 
612 715 
613 644 892 970 
614 640 659 710 748 981 
615 681 698 700 776 809 878 
616 617 622 626 653 738 828 857 971 
617 764 776 795 894 
618 745 814 922 938 970 976 
619 641 712 747 856 941 
620 775 893 
621 655 668 822 831 872 898 973 
622 746 757 894 906 988 
623 656 660 919 952 
624 943 961 
625 635 640 698 820 830 853 883 
626 720 815 933 987 
627 840 847 858 897 923 958 967 
628 661 839 905 914 
629 693 715 834 857 889 985 992 
630 676 679 736 753 887 943 955 
631 659 756 859 927 
632 675 731 822 931 970 978 
633 652 664 783 815 872 968 998 
634 711 724 936 968 981 
635 654 701 893 900 972 
636 665 667 727 862 984 989 
637 683 695 729 761 843 933 989 994 
638 773 778 821 855 950 982 
639 785 818 
640 700 713 746 784 
641 648 699 730 759 836 891 899 903 950 
642 733 803 824 853 
643 735 736 745 761 837 907 
644 681 808 827 887 944 967 
645 908 
646 706 733 792 812 906 936 
647 671 676 746 787 952 
648 792 926 
649 
650 655 782 789 802 804 
651 707 870 916 961 
652 677 693 725 762 856 
653 688 689 769 770 783 854 975 
654 688 702 708 713 730 
655 666 740 760 799 871 886 
656 672 856 903 935 
657 666 673 877 914 945 965 967 980 
658 882 944 996 
659 
660 722 767 806 877 952 965 
661 757 813 
662 738 
663 691 930 944 
664 770 809 889 901 
665 810 863 932 993 
666 668 730 850 
667 753 842 922 937 992 
668 679 791 956 
669 688 938 994 
670 714 763 824 891 895 899 906 
671 849 900 942 
672 881 
673 703 850 875 
674 686 705 797 810 856 883 911 949 975 
675 706 797 809 824 827 869 894 935 
676 842 862 949 
677 841 878 
678 718 762 775 895 
679 687 871 960 
680 710 754 810 818 895 922 
681 717 805 814 967 978 992 
682 786 888 900 957 960 
683 696 743 762 769 
684 896 980 
685 698 906 953 977 
686 796 800 825 833 866 876 881 896 
687 843 850 975 
688 732 749 765 788 815 841 894 947 
689 692 780 830 916 958 
690 840 894 963 
691 705 711 788 799 909 958 970 
692 821 831 883 953 
693 736 790 868 894 929 
694 749 793 903 
695 852 932 954 
696 718 719 736 871 877 945 
697 826 883 
698 706 722 842 896 970 
699 715 752 929 968 
700 721 842 956 
701 769 987 
702 721 752 927 958 
703 785 
704 833 852 946 
705 713 717 761 807 851 858 936 946 
706 735 
707 958 
708 739 924 
709 831 894 946 992 
710 872 948 
711 917 948 
712 722 799 
713 865 990 
714 
715 769 785 797 811 840 877 917 982 
716 729 737 847 856 
717 774 982 
718 777 841 
719 875 877 956 990 
720 904 923 939 961 999 
721 793 824 856 
722 745 790 816 871 880 905 953 964 
723 877 894 914 924 
724 782 853 884 958 
725 730 779 936 964 
726 822 960 
727 784 845 918 931 998 
728 777 781 
729 758 874 930 
730 786 821 846 964 966 
731 746 791 830 878 903 960 
732 900 941 
733 737 783 955 
734 753 965 
735 842 848 
736 751 796 838 919 936 979 
737 769 776 787 894 990 
738 797 860 917 
739 790 904 
740 830 991 
741 942 951 957 
742 831 903 956 
743 794 852 853 953 
744 
745 
746 791 824 
747 801 
748 771 790 846 
749 803 848 894 916 927 
750 815 867 923 
751 991 
752 
753 908 932 
754 836 908 930 988 
755 759 784 
756 861 
757 855 924 935 
758 801 
759 790 854 869 917 
760 798 889 992 
761 797 893 946 
762 786 809 826 901 935 
763 881 906 920 
764 782 801 923 936 976 
765 810 847 851 914 
766 792 
767 803 862 993 
768 786 853 
769 837 843 852 
770 962 995 
771 773 790 807 901 
772 775 826 930 944 
773 826 892 911 917 990 
774 793 842 944 
775 780 808 980 
776 847 886 
777 
778 813 814 875 887 946 
779 909 912 922 
780 788 875 
781 789 798 811 876 964 
782 801 
783 858 
784 801 983 
785 801 852 871 892 
786 833 875 952 
787 856 892 
788 812 889 971 
789 795 871 931 
790 874 934 
791 869 
792 803 899 
793 806 816 948 981 996 
794 798 799 912 
795 823 837 881 887 959 
796 961 
797 
798 811 865 899 934 
799 818 966 
800 804 
801 874 
802 952 957 
803 810 908 984 
804 838 944 
805 
806 833 
807 819 852 930 978 993 
808 865 904 940 
809 811 891 
810 828 928 949 
811 861 
812 864 880 
813 887 976 990 
814 816 841 861 886 958 
815 908 
816 844 
817 821 833 841 851 
818 859 869 989 
819 878 886 903 995 
820 842 
821 
822 
823 959 
824 911 
825 936 
826 898 980 
827 867 947 
828 
829 864 
830 857 887 889 891 915 
831 835 859 890 
832 844 
833 887 904 946 
834 884 900 942 
835 867 880 911 979 
836 854 
837 844 971 
838 895 916 
839 860 909 
840 
841 929 946 987 
842 983 
843 973 
844 845 944 
845 846 940 954 
846 853 903 
847 869 923 978 
848 917 949 
849 854 888 
850 925 
851 867 901 950 952 
852 967 
853 879 952 
854 900 903 920 
855 
856 
857 
858 956 
859 
860 
861 975 
862 882 901 
863 
864 976 
865 878 
866 
867 894 925 
868 918 959 
869 912 940 
870 885 999 
871 892 
872 912 945 
873 885 923 934 951 
874 938 
875 920 923 953 
876 998 
877 900 
878 900 908 917 
879 906 933 
880 
881 948 
882 901 
883 896 967 996 
884 953 995 
885 
886 
887 975 
888 918 992 
889 913 
890 923 962 992 
891 912 
892 
893 
894 914 
895 984 
896 
897 
898 935 969 
899 
900 927 
901 
902 911 926 941 992 
903 908 995 
904 983 997 
905 
906 988 
907 
908 
909 914 986 
910 938 
911 931 
912 978 
913 948 994 
914 919 927 968 
915 
916 
917 
918 
919 
920 934 
921 973 
922 
923 
924 957 
925 995 
926 
927 970 
928 953 
929 948 971 974 
930 947 989 
931 
932 
933 984 990 
934 946 948 
935 969 
936 983 988 
937 989 
938 960 
939 946 984 991 
940 
941 957 
942 975 
943 982 
944 
945 
946 
947 984 
948 991 
949 961 
950 
951 952 
952 
953 
954 977 
955 
956 
957 
958 975 
959 
960 974 
961 968 
962 
963 968 
964 
965 
966 
967 
968 
969 
970 
971 
972 
973 
974 
975 
976 
977 
978 990 995 
979 
980 
981 
982 
983 
984 
985 
986 
987 
988 
989 
990 
991 
992 
993 
994 
995 
996 998 
997 
998 
999 
[0, 0, 0, 0, 0, 0, 0, 0, 0, 0, 0, 0, 0, 0, 0, 0, 0, 0, 0, 0, 0, 0, 0, 0, 0, 0, 0, 0, 0, 0, 0, 0, 0, 0, 0, 0, 0, 0, 0, 0, 0, 0, 0, 0, 0, 0, 0, 0, 0, 0, 0, 0, 0, 0, 0, 0, 0, 0, 0, 0, 0, 0, 0, 0, 0, 0, 0, 0, 0, 0, 0, 0, 0, 0, 0, 0, 0, 0, 0, 0, 0, 0, 0, 0, 0, 0, 0, 0, 0, 0, 0, 0, 0, 0, 0, 0, 0, 0, 0, 0, 0, 0, 0, 0, 0, 0, 0, 0, 0, 0, 0, 0, 0, 0, 0, 0, 0, 0, 0, 0, 0, 0, 0, 0, 0, 0, 0, 0, 0, 0, 0, 0, 0, 0, 0, 0, 0, 0, 0, 0, 0, 0, 0, 0, 0, 0, 0, 0, 0, 0, 0, 0, 0, 0, 0, 0, 0, 0, 0, 0, 0, 0, 0, 0, 0, 0, 0, 0, 0, 0, 0, 0, 0, 0, 0, 0, 0, 0, 0, 0, 0, 0, 0, 0, 0, 0, 0, 0, 0, 0, 0, 0, 0, 0, 0, 0, 0, 0, 0, 0, 0, 0, 0, 0, 0, 0, 0, 0, 0, 0, 0, 0, 0, 0, 0, 0, 0, 0, 0, 0, 0, 0, 0, 0, 0, 0, 0, 0, 0, 0, 0, 0, 0, 0, 0, 0, 0, 0, 0, 0, 0, 0, 0, 0, 0, 0, 0, 0, 0, 0, 0, 0, 0, 0, 0, 0, 0, 0, 0, 0, 0, 0, 0, 0, 0, 0, 0, 0, 0, 0, 0, 0, 0, 0, 0, 0, 0, 0, 0, 0, 0, 0, 0, 0, 0, 0, 0, 0, 0, 0, 0, 0, 0, 0, 0, 0, 0, 0, 0, 0, 0, 0, 0, 0, 0, 0, 0, 0, 0, 0, 0, 0, 0, 0, 0, 0, 0, 0, 0, 0, 0, 0, 0, 0, 0, 0, 0, 0, 0, 0, 0, 0, 0, 0, 0, 0, 0, 0, 0, 0, 0, 0, 0, 0, 0, 0, 0, 0, 0, 0, 0, 0, 0, 0, 0, 0, 0, 0, 0, 0, 0, 0, 0, 0, 0, 0, 0, 0, 0, 0, 0, 0, 0, 0, 0, 0, 0, 0, 0, 0, 0, 0, 0, 0, 0, 0, 0, 0, 0, 0, 0, 0, 0, 0, 0, 0, 0, 0, 0, 0, 0, 0, 0, 0, 0, 0, 0, 0, 0, 0, 0, 0, 0, 0, 0, 0, 0, 0, 0, 0, 0, 0, 0, 0, 0, 0, 0, 0, 0, 0, 0, 0, 0, 0, 0, 0, 0, 0, 0, 0, 0, 0, 0, 0, 0, 0, 0, 0, 0, 0, 0, 0, 0, 0, 0, 0, 0, 0, 0, 0, 0, 0, 0, 0, 0, 0, 0, 0, 0, 0, 0, 0, 0, 0, 0, 0, 0, 0, 0, 0, 0, 0, 0, 0, 0, 0, 0, 0, 0, 0, 0, 0, 0, 0, 0, 0, 0, 0, 0, 0, 1, 1, 1, 1, 1, 1, 1, 1, 1, 1, 1, 1, 1, 1, 1, 1, 1, 1, 1, 1, 1, 1, 1, 1, 1, 1, 1, 1, 1, 1, 1, 1, 1, 1, 1, 1, 1, 1, 1, 1, 1, 1, 1, 1, 1, 1, 1, 1, 1, 1, 1, 1, 1, 1, 1, 1, 1, 1, 1, 1, 1, 1, 1, 1, 1, 1, 1, 1, 1, 1, 1, 1, 1, 1, 1, 1, 1, 1, 1, 1, 1, 1, 1, 1, 1, 1, 1, 1, 1, 1, 1, 1, 1, 1, 1, 1, 1, 1, 1, 1, 1, 1, 1, 1, 1, 1, 1, 1, 1, 1, 1, 1, 1, 1, 1, 1, 1, 1, 1, 1, 1, 1, 1, 1, 1, 1, 1, 1, 1, 1, 1, 1, 1, 1, 1, 1, 1, 1, 1, 1, 1, 1, 1, 1, 1, 1, 1, 1, 1, 1, 1, 1, 1, 1, 1, 1, 1, 1, 1, 1, 1, 1, 1, 1, 1, 1, 1, 1, 1, 1, 1, 1, 1, 1, 1, 1, 1, 1, 1, 1, 1, 1, 1, 1, 1, 1, 1, 1, 1, 1, 1, 1, 1, 1, 1, 1, 1, 1, 1, 1, 1, 1, 1, 1, 1, 1, 1, 1, 1, 1, 1, 1, 1, 1, 1, 1, 1, 1, 1, 1, 1, 1, 1, 1, 1, 1, 1, 1, 1, 1, 1, 1, 1, 1, 1, 1, 1, 1, 1, 1, 1, 1, 1, 1, 1, 1, 1, 1, 1, 1, 1, 1, 1, 1, 1, 1, 1, 1, 1, 1, 1, 1, 1, 1, 1, 1, 1, 1, 1, 1, 1, 1, 1, 1, 1, 1, 1, 1, 1, 1, 1, 1, 1, 1, 1, 1, 1, 1, 1, 1, 1, 1, 1, 1, 1, 1, 1, 1, 1, 1, 1, 1, 1, 1, 1, 1, 1, 1, 1, 1, 1, 1, 1, 1, 1, 1, 1, 1, 1, 1, 1, 1, 1, 1, 1, 1, 1, 1, 1, 1, 1, 1, 1, 1, 1, 1, 1, 1, 1, 1, 1, 1, 1, 1, 1, 1, 1, 1, 1, 1, 1, 1, 1, 1, 1, 1, 1, 1, 1, 1, 1, 1, 1, 1, 1, 1, 1, 1, 1, 1, 1, 1, 1, 1, 1, 1, 1, 1, 1, 1, 1, 1, 1, 1, 1, 1, 1, 1, 1, 1, 1, 1, 1, 1, 1, 1, 1, 1, 1, 1, 1, 1, 1, 1, 1, 1, 1, 1, 1, 1, 1, 1, 1, 1, 1, 1, 1, 1, 1, 1, 1, 1, 1, 1, 1, 1, 1, 1, 1, 1, 1, 1, 1, 1, 1, 1, 1, 1, 1, 1, 1, 1, 1, 1, 1, 1, 1, 1, 1, 1, 1, 1, 1, 1, 1, 1, 1, 1, 1, 1, 1, 1, 1, 1, 1, 1, 1, 1, 1, 1, 1, 1, 1, 1, 1, 1, 1, 1, 1, 1, 1, 1, 1, 1, 1, 1, 1, 1, 1, 1, 1, 1, 1, 1, 1, 1, 1, 1, 1, 1]