0 440 
1 121 258 
2 403 
3 251 301 307 
4 169 303 350 398 428 461 620 
5 135 145 576 
6 
7 52 203 240 
8 
9 299 384 597 
10 27 
11 63 210 
12 85 143 368 
13 76 275 315 429 
14 21 92 110 150 392 
15 186 242 381 396 701 
16 356 362 
17 116 174 175 188 289 408 
18 69 313 496 530 
19 
20 218 
21 86 190 196 352 471 
22 229 356 998 
23 58 345 
24 184 
25 31 39 218 724 
26 171 319 986 
27 292 436 543 
28 224 412 
29 160 
30 86 117 155 425 457 
31 166 357 483 
32 87 121 303 373 445 
33 141 181 462 822 
34 41 202 
35 218 235 373 379 435 483 
36 495 725 
37 85 155 440 
38 120 465 
39 81 457 
40 53 179 422 462 497 
41 262 
42 434 490 
43 215 255 438 492 519 
44 65 
45 149 252 295 359 
46 
47 133 138 244 
48 235 237 241 591 
49 359 381 498 
50 68 133 
51 74 149 222 774 
52 90 232 255 270 343 438 973 
53 238 447 
54 158 217 281 316 
55 126 437 
56 333 
57 79 305 
58 
59 154 598 
60 386 409 448 
61 408 650 
62 135 408 567 
63 421 
64 127 337 430 
65 208 445 
66 87 375 418 443 856 
67 108 322 370 443 541 
68 166 
69 361 429 563 
70 184 
71 410 422 
72 231 
73 173 398 
74 327 
75 166 
76 361 472 
77 
78 104 142 197 383 413 
79 447 
80 136 317 371 
81 
82 371 383 391 752 
83 444 466 499 
84 356 
85 299 315 454 458 870 
86 224 250 314 370 435 461 
87 297 314 443 
88 200 286 354 368 
89 149 205 305 489 
90 187 
91 239 433 766 
92 104 448 495 
93 245 371 
94 301 322 
95 145 218 222 251 497 
96 154 166 261 419 
97 455 
98 255 365 480 687 
99 158 289 481 
100 466 945 
101 180 428 
102 
103 185 334 
104 
105 110 236 467 
106 316 325 467 
107 130 321 459 
108 326 384 
109 
110 212 447 
111 371 373 397 615 
112 309 322 367 381 951 
113 293 420 437 445 467 
114 461 705 885 
115 385 495 532 
116 420 474 484 583 
117 147 308 401 932 
118 215 
119 147 285 343 374 447 
120 287 328 
121 132 366 
122 204 219 220 298 
123 429 735 
124 190 201 
125 245 262 402 404 445 
126 
127 
128 384 470 502 
129 150 
130 268 463 
131 224 229 455 545 
132 316 336 355 381 
133 158 312 315 336 
134 
135 331 497 585 666 
136 345 434 462 
137 
138 188 240 387 
139 
140 231 270 
141 444 498 
142 164 230 415 
143 563 971 
144 185 248 367 473 854 
145 
146 147 327 
147 233 449 
148 262 276 
149 
150 161 408 
151 185 217 428 475 868 
152 
153 164 236 
154 276 407 747 
155 160 327 431 
156 332 552 
157 444 489 
158 187 272 
159 195 243 893 
160 
161 202 438 955 
162 299 301 346 356 363 417 432 450 
163 261 339 
164 314 481 865 
165 233 298 302 379 393 426 
166 255 300 391 416 
167 
168 439 
169 224 229 317 
170 208 264 292 
171 
172 
173 298 366 370 406 472 
174 290 324 437 483 
175 571 
176 242 
177 
178 329 337 
179 445 973 
180 475 752 
181 
182 359 435 482 792 
183 217 372 
184 420 474 
185 468 484 486 
186 331 438 467 
187 317 472 
188 308 
189 190 265 368 389 461 
190 
191 
192 238 357 486 498 629 
193 271 480 
194 251 361 487 
195 200 319 
196 
197 198 199 492 680 
198 257 284 383 
199 
200 209 281 648 986 
201 390 899 
202 251 334 575 
203 211 221 249 317 462 736 
204 466 
205 285 
206 225 261 426 
207 236 255 303 430 
208 298 384 405 466 
209 366 
210 756 
211 291 
212 324 
213 283 
214 
215 343 459 
216 218 365 
217 387 462 
218 349 859 
219 289 
220 430 
221 380 445 574 897 
222 488 
223 239 435 614 
224 286 735 
225 363 
226 251 
227 235 
228 387 
229 269 413 
230 465 
231 237 989 
232 295 450 808 
233 
234 245 446 
235 240 260 304 320 
236 347 
237 391 393 443 450 490 
238 273 328 465 
239 358 422 
240 351 
241 262 437 786 
242 316 446 
243 249 428 661 722 
244 430 
245 491 956 
246 378 
247 256 274 289 412 466 
248 250 377 400 477 539 
249 350 
250 345 
251 276 291 318 413 735 
252 412 
253 
254 272 470 
255 256 
256 773 
257 415 
258 318 402 482 
259 554 784 
260 278 963 
261 365 
262 331 
263 360 401 
264 
265 277 414 
266 841 
267 308 354 495 
268 387 487 
269 438 
270 311 453 
271 361 
272 367 384 812 
273 282 466 498 
274 390 437 
275 293 309 454 
276 
277 
278 332 
279 306 385 
280 285 428 
281 364 382 436 466 
282 
283 400 839 
284 304 329 344 365 
285 433 483 
286 
287 435 485 
288 350 395 433 
289 590 
290 349 562 
291 482 840 
292 327 373 418 
293 308 420 
294 366 401 406 
295 315 379 440 
296 335 
297 
298 323 775 
299 
300 392 406 433 457 479 623 
301 348 449 
302 980 
303 468 
304 525 
305 775 
306 868 
307 450 663 
308 521 
309 
310 
311 399 
312 344 381 
313 433 
314 397 
315 
316 456 
317 330 479 482 
318 497 748 
319 
320 343 362 441 
321 330 337 378 479 
322 436 
323 393 481 993 
324 
325 
326 410 413 
327 
328 387 769 
329 356 687 
330 335 
331 380 473 
332 453 454 632 
333 497 
334 362 443 
335 457 
336 343 431 
337 375 
338 504 
339 548 
340 392 493 
341 835 
342 354 356 903 916 
343 733 
344 380 
345 419 
346 434 
347 348 409 
348 358 494 
349 466 
350 
351 
352 359 
353 497 
354 
355 393 422 490 
356 595 920 
357 
358 429 
359 
360 420 422 
361 
362 499 
363 
364 
365 407 473 
366 395 485 
367 755 
368 866 
369 473 
370 
371 640 
372 
373 778 
374 452 566 
375 981 
376 
377 437 604 
378 
379 519 
380 
381 485 
382 
383 429 
384 385 796 
385 395 396 491 725 
386 434 
387 434 472 
388 597 
389 
390 444 479 
391 761 
392 455 544 
393 
394 438 481 
395 401 474 505 
396 
397 428 
398 480 
399 499 548 
400 406 
401 
402 715 
403 
404 
405 610 
406 418 
407 
408 464 
409 775 
410 
411 625 
412 443 
413 
414 
415 
416 
417 
418 461 
419 
420 
421 428 439 
422 
423 483 
424 
425 643 
426 458 488 
427 
428 448 
429 643 
430 475 
431 481 
432 505 690 
433 446 852 
434 491 675 
435 534 
436 
437 
438 669 
439 
440 487 
441 
442 493 
443 456 494 
444 
445 
446 
447 
448 877 
449 
450 874 
451 
452 491 
453 
454 
455 483 
456 467 
457 999 
458 
459 
460 
461 
462 798 
463 
464 482 
465 484 641 
466 
467 
468 
469 478 
470 
471 484 
472 919 926 
473 867 
474 729 
475 638 726 
476 
477 682 819 
478 
479 
480 490 641 
481 546 
482 
483 734 
484 
485 
486 551 
487 
488 495 
489 
490 
491 
492 
493 855 877 
494 
495 
496 
497 
498 761 
499 
500 799 977 
501 529 689 758 808 
502 555 669 697 815 886 
503 
504 516 919 
505 534 583 644 724 954 
506 544 791 857 934 
507 543 714 737 888 
508 679 706 921 
509 545 
510 742 
511 772 
512 669 690 842 
513 645 701 935 
514 571 584 825 
515 806 
516 608 707 
517 521 653 854 956 
518 538 617 625 710 975 
519 604 645 774 906 966 
520 864 992 
521 586 683 764 
522 716 890 983 
523 610 698 805 827 983 
524 
525 549 946 994 
526 692 835 
527 602 
528 769 949 
529 663 902 963 
530 676 678 713 941 
531 621 633 805 
532 565 601 983 
533 561 707 783 867 
534 869 
535 664 812 978 
536 625 661 872 
537 570 663 
538 551 636 664 876 
539 707 760 991 
540 912 
541 663 864 900 
542 672 700 874 888 
543 843 
544 567 633 939 
545 737 829 869 951 
546 585 641 782 
547 671 711 877 
548 859 913 937 
549 837 
550 645 879 944 960 984 
551 679 
552 700 714 930 983 
553 741 875 
554 710 762 
555 692 785 840 845 
556 
557 758 785 
558 884 905 
559 653 748 820 
560 637 
561 767 
562 929 
563 877 
564 765 
565 596 680 747 768 
566 896 
567 723 740 
568 590 672 860 867 871 
569 615 842 941 
570 747 850 
571 662 938 
572 794 958 998 
573 798 871 987 
574 796 
575 
576 990 
577 584 
578 602 743 858 
579 580 653 946 
580 625 
581 664 814 966 
582 722 
583 836 
584 904 
585 839 993 
586 665 812 
587 630 693 803 
588 811 860 883 976 977 
589 910 
590 914 
591 733 
592 
593 739 817 873 
594 605 861 
595 676 748 
596 
597 739 814 908 
598 617 689 
599 661 682 721 734 
600 675 910 
601 924 964 
602 719 867 
603 707 969 983 
604 652 844 
605 689 789 885 
606 671 834 
607 725 812 
608 664 963 
609 741 906 
610 657 762 882 
611 660 761 862 
612 638 
613 630 665 723 764 
614 868 963 
615 644 685 887 
616 
617 722 774 842 934 
618 777 
619 741 885 
620 
621 717 750 839 
622 900 
623 
624 919 989 
625 631 874 
626 783 873 
627 796 799 
628 764 778 
629 659 817 834 896 
630 
631 707 765 766 783 
632 852 967 
633 864 
634 790 799 
635 
636 722 
637 646 696 811 879 943 
638 778 791 
639 647 825 
640 859 879 936 990 
641 735 858 949 
642 666 762 767 
643 722 887 
644 788 857 
645 737 820 
646 734 
647 655 730 773 966 981 998 
648 901 917 
649 757 952 999 
650 716 
651 696 746 821 
652 665 799 878 
653 679 984 
654 840 910 
655 
656 705 
657 
658 735 847 975 991 
659 783 906 983 999 
660 920 
661 938 959 
662 735 752 901 945 
663 
664 866 908 
665 728 783 819 
666 769 911 
667 739 825 980 
668 851 883 990 
669 
670 794 
671 686 936 
672 711 727 735 740 782 956 
673 796 840 
674 893 
675 773 
676 777 792 872 950 962 
677 
678 836 
679 765 962 
680 719 733 809 985 989 
681 828 962 
682 748 973 
683 739 
684 806 907 944 
685 778 933 
686 852 
687 
688 907 
689 748 
690 839 
691 929 
692 843 
693 805 843 945 
694 731 824 922 
695 723 962 
696 922 
697 
698 751 
699 
700 825 886 
701 860 876 961 
702 765 
703 763 969 
704 710 738 
705 745 
706 754 928 
707 796 
708 865 910 964 993 
709 
710 918 
711 804 932 990 992 
712 
713 
714 717 
715 886 938 
716 733 762 825 974 
717 728 763 768 985 
718 960 974 
719 731 754 
720 858 972 980 
721 723 778 803 804 867 914 
722 
723 785 
724 841 961 
725 
726 905 
727 818 895 
728 817 819 983 
729 739 
730 
731 836 864 
732 796 
733 734 848 874 898 
734 740 
735 
736 787 797 
737 750 935 
738 778 805 811 819 
739 813 869 894 
740 
741 800 
742 761 795 844 902 
743 756 949 
744 924 982 
745 
746 974 
747 902 
748 
749 917 
750 784 926 945 980 
751 987 992 
752 
753 939 986 
754 965 
755 921 
756 761 857 898 921 
757 906 
758 
759 899 
760 919 
761 783 923 925 
762 895 908 994 
763 823 860 908 
764 824 
765 956 
766 845 986 
767 
768 778 868 940 
769 833 942 
770 
771 
772 945 
773 
774 956 
775 786 790 
776 822 902 
777 889 896 938 
778 823 860 911 966 
779 853 
780 831 
781 834 
782 987 
783 
784 
785 802 820 
786 
787 920 
788 923 
789 
790 793 938 
791 842 917 941 
792 912 
793 814 
794 807 
795 
796 964 
797 988 
798 804 
799 985 
800 
801 
802 891 940 
803 
804 
805 829 
806 824 
807 
808 863 948 
809 960 
810 
811 853 
812 986 
813 927 948 
814 825 903 924 
815 950 
816 835 
817 882 947 
818 830 983 993 
819 881 938 962 
820 895 
821 944 978 
822 
823 
824 861 967 
825 
826 979 
827 862 910 921 
828 938 956 
829 881 963 
830 
831 
832 
833 
834 
835 
836 
837 860 863 
838 844 851 902 
839 
840 907 919 970 
841 
842 934 984 
843 
844 
845 986 
846 918 
847 866 
848 
849 
850 915 
851 876 907 
852 876 
853 934 
854 
855 
856 
857 911 929 
858 
859 861 
860 940 963 
861 979 
862 
863 884 
864 936 938 
865 866 932 
866 916 
867 
868 884 
869 884 
870 894 
871 879 
872 
873 
874 
875 
876 
877 
878 
879 
880 894 899 979 
881 
882 928 974 975 
883 900 
884 940 
885 
886 
887 
888 902 
889 944 
890 
891 933 
892 897 
893 983 
894 912 
895 
896 
897 982 
898 987 
899 
900 
901 
902 
903 
904 954 
905 
906 970 
907 
908 
909 
910 913 
911 
912 
913 
914 
915 
916 961 
917 934 
918 991 
919 
920 985 
921 
922 
923 988 
924 939 
925 
926 
927 
928 
929 
930 
931 
932 
933 
934 
935 
936 
937 986 
938 
939 954 987 
940 
941 
942 
943 
944 
945 
946 955 
947 
948 
949 
950 
951 
952 
953 
954 969 
955 
956 979 
957 958 
958 
959 
960 966 
961 
962 
963 
964 
965 
966 
967 
968 
969 
970 
971 
972 
973 
974 
975 
976 
977 
978 
979 
980 
981 
982 
983 997 
984 
985 998 
986 
987 
988 
989 
990 
991 
992 
993 
994 
995 
996 
997 
998 
999 
[0, 0, 0, 0, 0, 0, 0, 0, 0, 0, 0, 0, 0, 0, 0, 0, 0, 0, 0, 0, 0, 0, 0, 0, 0, 0, 0, 0, 0, 0, 0, 0, 0, 0, 0, 0, 0, 0, 0, 0, 0, 0, 0, 0, 0, 0, 0, 0, 0, 0, 0, 0, 0, 0, 0, 0, 0, 0, 0, 0, 0, 0, 0, 0, 0, 0, 0, 0, 0, 0, 0, 0, 0, 0, 0, 0, 0, 0, 0, 0, 0, 0, 0, 0, 0, 0, 0, 0, 0, 0, 0, 0, 0, 0, 0, 0, 0, 0, 0, 0, 0, 0, 0, 0, 0, 0, 0, 0, 0, 0, 0, 0, 0, 0, 0, 0, 0, 0, 0, 0, 0, 0, 0, 0, 0, 0, 0, 0, 0, 0, 0, 0, 0, 0, 0, 0, 0, 0, 0, 0, 0, 0, 0, 0, 0, 0, 0, 0, 0, 0, 0, 0, 0, 0, 0, 0, 0, 0, 0, 0, 0, 0, 0, 0, 0, 0, 0, 0, 0, 0, 0, 0, 0, 0, 0, 0, 0, 0, 0, 0, 0, 0, 0, 0, 0, 0, 0, 0, 0, 0, 0, 0, 0, 0, 0, 0, 0, 0, 0, 0, 0, 0, 0, 0, 0, 0, 0, 0, 0, 0, 0, 0, 0, 0, 0, 0, 0, 0, 0, 0, 0, 0, 0, 0, 0, 0, 0, 0, 0, 0, 0, 0, 0, 0, 0, 0, 0, 0, 0, 0, 0, 0, 0, 0, 0, 0, 0, 0, 0, 0, 0, 0, 0, 0, 0, 0, 0, 0, 0, 0, 0, 0, 0, 0, 0, 0, 0, 0, 0, 0, 0, 0, 0, 0, 0, 0, 0, 0, 0, 0, 0, 0, 0, 0, 0, 0, 0, 0, 0, 0, 0, 0, 0, 0, 0, 0, 0, 0, 0, 0, 0, 0, 0, 0, 0, 0, 0, 0, 0, 0, 0, 0, 0, 0, 0, 0, 0, 0, 0, 0, 0, 0, 0, 0, 0, 0, 0, 0, 0, 0, 0, 0, 0, 0, 0, 0, 0, 0, 0, 0, 0, 0, 0, 0, 0, 0, 0, 0, 0, 0, 0, 0, 0, 0, 0, 0, 0, 0, 0, 0, 0, 0, 0, 0, 0, 0, 0, 0, 0, 0, 0, 0, 0, 0, 0, 0, 0, 0, 0, 0, 0, 0, 0, 0, 0, 0, 0, 0, 0, 0, 0, 0, 0, 0, 0, 0, 0, 0, 0, 0, 0, 0, 0, 0, 0, 0, 0, 0, 0, 0, 0, 0, 0, 0, 0, 0, 0, 0, 0, 0, 0, 0, 0, 0, 0, 0, 0, 0, 0, 0, 0, 0, 0, 0, 0, 0, 0, 0, 0, 0, 0, 0, 0, 0, 0, 0, 0, 0, 0, 0, 0, 0, 0, 0, 0, 0, 0, 0, 0, 0, 0, 0, 0, 0, 0, 0, 0, 0, 0, 0, 0, 0, 0, 0, 0, 0, 0, 0, 0, 0, 0, 0, 0, 0, 0, 0, 0, 0, 0, 0, 0, 0, 0, 0, 0, 0, 0, 0, 0, 0, 1, 1, 1, 1, 1, 1, 1, 1, 1, 1, 1, 1, 1, 1, 1, 1, 1, 1, 1, 1, 1, 1, 1, 1, 1, 1, 1, 1, 1, 1, 1, 1, 1, 1, 1, 1, 1, 1, 1, 1, 1, 1, 1, 1, 1, 1, 1, 1, 1, 1, 1, 1, 1, 1, 1, 1, 1, 1, 1, 1, 1, 1, 1, 1, 1, 1, 1, 1, 1, 1, 1, 1, 1, 1, 1, 1, 1, 1, 1, 1, 1, 1, 1, 1, 1, 1, 1, 1, 1, 1, 1, 1, 1, 1, 1, 1, 1, 1, 1, 1, 1, 1, 1, 1, 1, 1, 1, 1, 1, 1, 1, 1, 1, 1, 1, 1, 1, 1, 1, 1, 1, 1, 1, 1, 1, 1, 1, 1, 1, 1, 1, 1, 1, 1, 1, 1, 1, 1, 1, 1, 1, 1, 1, 1, 1, 1, 1, 1, 1, 1, 1, 1, 1, 1, 1, 1, 1, 1, 1, 1, 1, 1, 1, 1, 1, 1, 1, 1, 1, 1, 1, 1, 1, 1, 1, 1, 1, 1, 1, 1, 1, 1, 1, 1, 1, 1, 1, 1, 1, 1, 1, 1, 1, 1, 1, 1, 1, 1, 1, 1, 1, 1, 1, 1, 1, 1, 1, 1, 1, 1, 1, 1, 1, 1, 1, 1, 1, 1, 1, 1, 1, 1, 1, 1, 1, 1, 1, 1, 1, 1, 1, 1, 1, 1, 1, 1, 1, 1, 1, 1, 1, 1, 1, 1, 1, 1, 1, 1, 1, 1, 1, 1, 1, 1, 1, 1, 1, 1, 1, 1, 1, 1, 1, 1, 1, 1, 1, 1, 1, 1, 1, 1, 1, 1, 1, 1, 1, 1, 1, 1, 1, 1, 1, 1, 1, 1, 1, 1, 1, 1, 1, 1, 1, 1, 1, 1, 1, 1, 1, 1, 1, 1, 1, 1, 1, 1, 1, 1, 1, 1, 1, 1, 1, 1, 1, 1, 1, 1, 1, 1, 1, 1, 1, 1, 1, 1, 1, 1, 1, 1, 1, 1, 1, 1, 1, 1, 1, 1, 1, 1, 1, 1, 1, 1, 1, 1, 1, 1, 1, 1, 1, 1, 1, 1, 1, 1, 1, 1, 1, 1, 1, 1, 1, 1, 1, 1, 1, 1, 1, 1, 1, 1, 1, 1, 1, 1, 1, 1, 1, 1, 1, 1, 1, 1, 1, 1, 1, 1, 1, 1, 1, 1, 1, 1, 1, 1, 1, 1, 1, 1, 1, 1, 1, 1, 1, 1, 1, 1, 1, 1, 1, 1, 1, 1, 1, 1, 1, 1, 1, 1, 1, 1, 1, 1, 1, 1, 1, 1, 1, 1, 1, 1, 1, 1, 1, 1, 1, 1, 1, 1, 1, 1, 1, 1, 1, 1, 1, 1, 1, 1, 1, 1, 1, 1, 1, 1, 1, 1, 1, 1, 1, 1, 1, 1, 1, 1, 1, 1, 1, 1, 1, 1, 1, 1, 1, 1, 1, 1, 1, 1, 1, 1, 1, 1, 1, 1, 1, 1, 1, 1, 1, 1, 1, 1, 1, 1, 1, 1, 1, 1]