0 119 231 549 604 
1 275 
2 238 298 482 532 633 
3 40 161 320 633 
4 
5 
6 281 305 519 
7 279 1157 
8 649 
9 1749 
10 319 
11 284 414 
12 123 514 700 922 
13 802 
14 273 
15 430 
16 600 1814 
17 
18 73 
19 248 
20 
21 115 260 514 
22 
23 
24 224 330 542 
25 528 616 
26 456 
27 230 474 
28 
29 573 599 
30 
31 
32 
33 242 556 
34 144 290 657 1685 
35 484 
36 222 1248 1896 
37 252 696 
38 
39 109 1883 
40 
41 180 
42 57 94 98 
43 1764 
44 121 222 659 
45 603 
46 448 636 1022 
47 362 1057 
48 372 
49 93 105 
50 136 474 825 1214 
51 170 
52 258 347 505 1015 
53 267 524 
54 95 657 
55 314 575 
56 
57 63 122 278 
58 459 642 
59 
60 508 566 
61 
62 363 
63 168 
64 
65 235 
66 236 365 481 
67 461 
68 665 
69 92 134 1571 
70 
71 
72 358 568 
73 321 
74 
75 414 
76 
77 525 
78 351 
79 
80 209 242 
81 564 1395 
82 260 322 
83 444 
84 453 924 
85 430 
86 1205 
87 431 502 
88 232 314 
89 
90 462 
91 457 
92 
93 532 
94 
95 324 331 452 1422 
96 472 
97 
98 281 611 
99 338 921 
100 176 202 503 593 
101 153 184 531 582 616 
102 
103 234 437 504 
104 282 407 470 
105 
106 264 657 
107 132 551 
108 393 
109 
110 
111 205 
112 1197 
113 139 188 
114 497 
115 
116 1253 
117 121 556 
118 
119 
120 651 
121 187 307 1635 
122 417 536 569 900 
123 178 210 378 
124 
125 458 
126 177 
127 449 631 
128 
129 605 
130 
131 331 1479 
132 415 606 
133 155 939 
134 1038 1414 
135 297 329 506 628 814 
136 142 1160 
137 622 651 
138 
139 270 569 882 1191 
140 164 457 
141 
142 633 
143 341 978 
144 456 
145 657 
146 428 564 
147 456 1578 
148 528 1776 
149 221 569 
150 
151 351 372 
152 
153 
154 537 817 
155 
156 313 
157 
158 635 
159 
160 1356 
161 905 
162 
163 406 426 608 
164 
165 631 
166 1786 
167 
168 
169 
170 
171 
172 402 586 
173 455 1710 
174 379 611 
175 
176 
177 1144 
178 
179 586 
180 501 835 
181 319 636 
182 
183 260 
184 
185 413 
186 
187 
188 599 
189 411 1202 
190 606 
191 305 400 635 806 
192 228 636 
193 363 593 
194 388 542 545 
195 415 816 
196 643 1282 
197 1328 
198 550 
199 278 343 
200 371 
201 1444 
202 445 
203 454 
204 259 399 440 467 504 560 1956 
205 524 906 
206 488 546 
207 
208 1606 
209 569 591 
210 1314 
211 527 
212 637 822 
213 486 504 
214 601 
215 977 
216 319 488 1548 
217 239 298 1693 
218 
219 
220 660 800 
221 546 635 
222 620 1495 
223 434 1842 
224 
225 230 
226 266 
227 408 1628 
228 535 
229 258 366 
230 436 
231 
232 267 593 
233 521 632 
234 
235 
236 
237 423 1162 
238 246 
239 661 
240 310 1736 
241 279 423 
242 326 405 908 
243 293 334 1554 
244 
245 
246 446 
247 
248 364 473 
249 1204 1384 1412 
250 507 
251 1676 
252 
253 
254 310 442 
255 390 664 
256 
257 392 415 549 
258 551 
259 
260 
261 
262 
263 415 
264 
265 552 
266 504 528 
267 523 
268 
269 
270 455 1547 
271 309 1777 
272 
273 
274 
275 1362 
276 
277 
278 485 
279 410 431 646 981 
280 
281 451 
282 
283 355 515 
284 408 
285 445 571 
286 1863 
287 524 1532 
288 
289 563 581 
290 
291 560 
292 463 
293 1111 
294 441 
295 
296 
297 332 1168 
298 438 
299 
300 
301 
302 345 562 
303 651 
304 563 
305 1731 
306 1195 
307 736 1396 
308 436 1147 
309 663 
310 
311 
312 343 
313 354 648 920 
314 456 1031 
315 744 
316 
317 367 
318 325 626 978 1716 
319 863 
320 408 569 
321 
322 
323 360 
324 502 997 
325 459 636 
326 1979 
327 
328 563 
329 555 
330 444 
331 
332 431 
333 356 
334 
335 518 719 1082 
336 
337 365 
338 520 
339 363 590 
340 
341 
342 
343 
344 
345 579 1415 
346 363 508 554 602 
347 
348 
349 1448 
350 403 
351 611 1854 
352 
353 
354 
355 
356 504 593 
357 472 489 1742 
358 401 
359 1718 
360 452 641 
361 441 
362 650 
363 
364 
365 394 527 1342 
366 1379 
367 644 1562 
368 608 
369 662 
370 
371 
372 390 
373 456 
374 
375 435 
376 
377 508 
378 
379 467 556 
380 
381 
382 
383 
384 1768 
385 
386 452 538 
387 467 654 1853 
388 418 
389 605 640 656 
390 541 571 
391 623 
392 
393 
394 
395 551 
396 404 
397 409 661 
398 
399 
400 1586 
401 1702 
402 
403 
404 491 
405 
406 1698 
407 597 
408 
409 
410 
411 
412 414 650 
413 610 
414 517 634 
415 
416 
417 471 652 1411 
418 
419 
420 1635 
421 
422 541 
423 645 
424 
425 
426 470 1783 
427 
428 
429 774 
430 1706 
431 
432 
433 437 1808 
434 
435 1107 1320 
436 933 
437 541 1337 
438 644 
439 500 578 
440 979 
441 454 
442 
443 526 
444 
445 
446 1233 
447 
448 575 
449 628 632 
450 580 1147 
451 
452 
453 
454 1778 
455 
456 578 
457 
458 1738 
459 
460 617 
461 1433 1729 
462 
463 1639 
464 628 
465 
466 
467 
468 
469 492 
470 528 603 
471 577 
472 
473 579 909 
474 1926 
475 504 
476 
477 604 1124 
478 
479 
480 512 
481 
482 860 936 
483 1391 1492 
484 
485 654 1513 
486 657 
487 506 
488 
489 498 1972 
490 
491 
492 
493 
494 
495 
496 
497 1022 
498 
499 1905 
500 
501 
502 
503 
504 557 
505 516 
506 638 651 
507 
508 622 825 
509 550 
510 1170 
511 645 
512 553 
513 703 
514 
515 614 630 
516 545 1356 
517 
518 1379 
519 
520 
521 663 870 1636 
522 
523 1554 
524 550 
525 
526 575 
527 1535 
528 
529 
530 
531 565 1224 
532 617 
533 
534 1245 
535 1083 
536 
537 
538 594 
539 
540 
541 1002 
542 781 
543 545 
544 
545 
546 
547 
548 
549 596 
550 
551 
552 
553 
554 
555 
556 571 
557 614 1286 
558 
559 1367 
560 
561 
562 565 1144 
563 640 
564 
565 
566 
567 661 
568 
569 
570 
571 
572 
573 
574 
575 
576 629 1399 
577 
578 605 650 
579 1358 1476 
580 1752 
581 
582 
583 
584 
585 889 
586 
587 
588 641 
589 687 
590 
591 
592 
593 843 
594 
595 
596 
597 625 
598 
599 
600 1437 
601 
602 
603 
604 
605 
606 
607 753 
608 1131 1852 
609 
610 
611 
612 1664 
613 
614 
615 633 
616 1210 
617 
618 
619 
620 
621 
622 
623 
624 943 1489 
625 
626 
627 
628 1809 
629 
630 
631 
632 657 
633 
634 
635 
636 1491 
637 
638 
639 
640 1195 
641 
642 
643 
644 
645 
646 
647 
648 
649 1566 
650 
651 
652 
653 
654 
655 903 1267 
656 
657 1738 
658 1083 1418 
659 
660 
661 
662 
663 
664 1361 
665 
666 
667 1285 
668 1042 
669 774 
670 1206 1664 
671 988 
672 804 883 1049 1154 
673 885 985 987 
674 
675 1075 1601 
676 1061 
677 
678 
679 
680 925 966 
681 722 849 
682 1311 
683 721 797 857 931 1313 
684 741 764 777 1096 1593 
685 1173 1322 1353 
686 1204 
687 1123 1736 
688 696 867 1032 
689 900 1047 1057 1193 
690 
691 1781 
692 845 
693 1835 
694 949 
695 1293 
696 
697 766 1262 
698 1547 
699 882 986 
700 
701 863 
702 1201 
703 
704 1013 1191 
705 800 885 1264 
706 
707 868 974 
708 1149 
709 1184 
710 
711 
712 812 958 1306 
713 1026 
714 1317 
715 996 1048 
716 939 
717 
718 865 1109 
719 806 
720 1270 1299 
721 947 
722 960 
723 895 1084 1161 1261 
724 
725 767 785 1675 
726 907 926 1950 
727 
728 769 
729 1084 1098 
730 847 884 1084 1252 
731 776 
732 797 1184 
733 744 1118 
734 
735 
736 
737 788 861 1091 
738 817 1234 
739 
740 
741 1002 
742 771 1162 
743 1116 
744 1172 
745 1021 
746 
747 1065 1186 
748 
749 861 1091 1520 
750 928 1483 
751 1260 1996 
752 
753 
754 
755 1299 
756 809 1085 
757 
758 
759 808 1191 
760 1197 1260 1305 
761 967 
762 
763 884 1502 
764 
765 
766 822 832 835 1172 1196 
767 
768 
769 1102 
770 
771 974 1278 
772 876 
773 1328 
774 
775 1247 
776 910 1001 1185 
777 
778 
779 
780 956 
781 887 
782 1079 1293 
783 1031 1249 1757 
784 925 
785 
786 
787 789 978 1322 
788 
789 
790 943 
791 868 
792 
793 
794 1116 
795 
796 
797 
798 941 1006 
799 
800 869 
801 902 999 
802 
803 1190 
804 
805 1278 
806 1192 
807 977 999 1110 1838 
808 1118 
809 
810 901 1165 
811 1118 
812 897 
813 1050 
814 1055 1329 
815 931 
816 1742 
817 
818 992 
819 1151 
820 848 974 
821 903 1046 
822 956 
823 1102 
824 1252 
825 1241 
826 1282 
827 940 
828 1097 1135 1207 
829 1224 
830 
831 1212 
832 
833 1792 1869 
834 915 1122 
835 
836 
837 1103 1364 
838 842 961 980 1096 
839 896 1043 1100 
840 
841 1287 
842 969 
843 1770 
844 1272 
845 906 954 1462 1494 
846 996 1101 
847 1008 1132 
848 
849 
850 990 1288 
851 
852 
853 1244 
854 1000 1283 
855 1082 
856 859 
857 946 
858 1119 1284 
859 1117 
860 
861 1196 
862 1171 1273 
863 1162 
864 
865 1158 1619 
866 921 
867 1010 1240 
868 966 1009 
869 1089 1095 1187 
870 
871 1196 
872 1194 
873 
874 926 939 
875 934 
876 
877 947 994 1111 
878 964 1176 
879 1083 1101 1297 1781 
880 1198 
881 966 
882 892 894 1189 
883 
884 1239 
885 
886 
887 1053 
888 1671 1900 
889 
890 974 1673 
891 
892 1188 1193 
893 1204 
894 
895 1209 1302 
896 
897 1168 1448 
898 1065 
899 1116 1154 1188 
900 
901 1912 
902 1222 
903 
904 937 
905 1189 
906 1062 1330 
907 1051 1172 
908 
909 
910 1088 1700 
911 1184 
912 1316 
913 1149 
914 1197 
915 1076 
916 
917 
918 
919 
920 1306 
921 
922 1127 1277 
923 
924 939 
925 1025 1080 1154 1849 
926 
927 
928 1215 1233 
929 
930 1173 
931 987 1198 
932 
933 1295 
934 
935 961 
936 1010 1161 
937 950 1328 
938 1285 
939 1112 
940 1296 1779 
941 991 1111 
942 1111 
943 951 
944 
945 980 
946 1308 1950 
947 1313 
948 1649 
949 
950 1098 1209 1901 
951 
952 
953 
954 1034 1109 1146 
955 1054 
956 1308 
957 
958 
959 1133 
960 
961 
962 
963 1321 
964 
965 1123 1746 
966 1136 1183 
967 
968 1308 
969 
970 
971 1135 1142 
972 1889 
973 
974 
975 
976 1006 1112 
977 1082 
978 1270 
979 1324 
980 
981 1197 1206 1500 
982 993 
983 1127 
984 1011 1296 
985 
986 1288 1809 
987 1304 
988 1097 1277 1658 
989 
990 1284 
991 
992 
993 
994 1038 1159 
995 1745 
996 1192 1640 
997 1149 1294 
998 1674 
999 1276 1921 
1000 
1001 
1002 
1003 1315 
1004 1836 
1005 1037 
1006 1144 1194 
1007 
1008 
1009 
1010 
1011 
1012 
1013 1248 
1014 1229 
1015 
1016 
1017 1026 1690 
1018 
1019 
1020 1214 
1021 1213 1257 
1022 
1023 
1024 
1025 1400 
1026 1028 1899 
1027 1191 
1028 
1029 
1030 1236 
1031 
1032 
1033 1328 
1034 1157 1328 
1035 
1036 1157 
1037 1329 
1038 
1039 
1040 
1041 
1042 1090 1722 
1043 1058 
1044 1148 
1045 1657 
1046 1269 
1047 
1048 
1049 
1050 
1051 
1052 1108 
1053 
1054 
1055 
1056 
1057 
1058 1081 
1059 
1060 
1061 1260 
1062 
1063 
1064 
1065 1199 
1066 1190 
1067 
1068 1538 
1069 
1070 
1071 
1072 
1073 1294 
1074 
1075 1325 
1076 
1077 1292 
1078 
1079 
1080 
1081 
1082 
1083 1175 1327 
1084 
1085 
1086 1171 1209 
1087 1117 
1088 1294 1449 
1089 1333 1926 
1090 
1091 1149 
1092 1430 
1093 1139 
1094 
1095 
1096 
1097 
1098 1129 
1099 
1100 1148 
1101 1547 
1102 1142 
1103 
1104 
1105 
1106 
1107 1691 
1108 
1109 1591 
1110 
1111 1214 
1112 1186 1254 
1113 
1114 
1115 1318 
1116 
1117 
1118 1796 
1119 
1120 1209 
1121 1789 
1122 
1123 
1124 1147 
1125 1609 
1126 1136 1234 
1127 
1128 
1129 
1130 
1131 
1132 1239 1740 
1133 
1134 
1135 
1136 1209 1252 
1137 
1138 
1139 
1140 
1141 1185 
1142 
1143 1152 
1144 
1145 1326 
1146 1826 
1147 1195 1227 
1148 
1149 1327 
1150 
1151 1997 
1152 
1153 
1154 1215 
1155 1202 
1156 
1157 
1158 
1159 1852 
1160 1258 1311 
1161 
1162 1734 1737 
1163 1257 
1164 1280 1340 
1165 
1166 
1167 
1168 1228 
1169 1317 
1170 
1171 1216 1296 1406 
1172 
1173 
1174 
1175 
1176 1214 
1177 
1178 
1179 
1180 
1181 
1182 1258 
1183 
1184 1256 
1185 
1186 
1187 
1188 
1189 1343 
1190 
1191 
1192 
1193 
1194 1626 
1195 
1196 1272 
1197 
1198 
1199 1201 
1200 
1201 
1202 
1203 
1204 
1205 
1206 
1207 
1208 
1209 
1210 
1211 
1212 1323 
1213 1515 
1214 
1215 
1216 
1217 
1218 
1219 
1220 
1221 
1222 
1223 1324 
1224 
1225 1286 
1226 1381 
1227 
1228 
1229 
1230 
1231 
1232 1308 1438 
1233 1324 
1234 
1235 1285 
1236 
1237 
1238 1386 
1239 
1240 
1241 
1242 
1243 1245 1275 1367 1426 
1244 
1245 
1246 
1247 
1248 1328 
1249 1467 
1250 
1251 
1252 1944 
1253 
1254 
1255 
1256 1438 
1257 
1258 1888 
1259 
1260 
1261 1323 
1262 
1263 1939 
1264 
1265 
1266 
1267 1728 
1268 
1269 
1270 1285 
1271 
1272 
1273 
1274 
1275 
1276 
1277 
1278 
1279 
1280 
1281 1284 
1282 
1283 
1284 
1285 
1286 
1287 
1288 
1289 
1290 
1291 
1292 
1293 
1294 
1295 1773 
1296 1449 
1297 
1298 
1299 
1300 
1301 
1302 1313 
1303 
1304 
1305 1325 1486 
1306 
1307 
1308 
1309 
1310 
1311 
1312 
1313 1962 
1314 
1315 
1316 1428 
1317 1325 
1318 
1319 
1320 
1321 
1322 
1323 
1324 
1325 
1326 
1327 
1328 
1329 
1330 
1331 
1332 
1333 1392 1837 
1334 1379 1663 
1335 1798 1851 1976 
1336 
1337 1649 1989 
1338 1971 
1339 
1340 1506 
1341 1530 1613 1848 
1342 
1343 1346 
1344 
1345 
1346 1696 
1347 1697 
1348 1509 
1349 1486 1759 1840 
1350 
1351 1371 1724 1759 
1352 
1353 
1354 1432 
1355 
1356 
1357 1588 
1358 1643 
1359 
1360 
1361 
1362 1569 
1363 1598 
1364 1440 1910 
1365 1894 1918 
1366 1528 1879 1918 
1367 1804 1933 
1368 1689 
1369 1524 1863 
1370 1447 
1371 1675 1969 
1372 1414 
1373 1851 
1374 1780 
1375 1820 
1376 
1377 
1378 
1379 
1380 
1381 1652 
1382 
1383 1698 
1384 
1385 1897 
1386 
1387 
1388 1488 1742 
1389 1401 1599 1852 1857 
1390 
1391 
1392 1631 1699 
1393 1588 1764 1859 1922 1926 
1394 1939 
1395 1472 1762 1931 
1396 
1397 1468 1735 1880 1976 
1398 
1399 1555 1728 1880 1985 
1400 1756 
1401 1820 
1402 
1403 1963 
1404 1706 1845 1927 
1405 1770 1771 
1406 1684 1846 
1407 1657 
1408 1461 1808 1853 
1409 1592 1743 
1410 
1411 1494 1581 1779 
1412 
1413 1708 
1414 1501 1540 1724 1918 
1415 
1416 1978 
1417 1609 
1418 1491 1713 1894 
1419 1518 1631 
1420 
1421 1819 
1422 
1423 1480 1661 1836 
1424 1759 1839 
1425 1836 
1426 1758 1794 
1427 1445 
1428 1640 1929 
1429 
1430 
1431 
1432 1643 
1433 1527 1584 
1434 
1435 
1436 1658 1819 
1437 1906 
1438 1571 1791 1929 
1439 
1440 1589 1686 
1441 
1442 1861 1931 
1443 
1444 1938 
1445 
1446 
1447 
1448 1981 
1449 1879 
1450 1551 
1451 1613 1717 
1452 
1453 1673 1900 
1454 1551 1981 
1455 
1456 
1457 
1458 1461 
1459 1472 1637 1675 
1460 
1461 
1462 
1463 1948 
1464 
1465 1671 
1466 1726 
1467 1598 
1468 1645 1751 
1469 1850 1895 
1470 
1471 1865 
1472 
1473 1919 
1474 1502 1574 1727 1968 
1475 1686 
1476 1750 
1477 1580 1901 
1478 1834 
1479 1834 
1480 1749 
1481 1917 
1482 1661 1994 
1483 1696 1877 
1484 
1485 1611 
1486 
1487 1541 
1488 1681 1948 
1489 1900 
1490 
1491 
1492 
1493 1590 
1494 1513 1689 1752 
1495 1893 
1496 1569 
1497 1673 
1498 
1499 
1500 
1501 
1502 1996 
1503 
1504 1671 
1505 1739 
1506 1555 
1507 
1508 1654 
1509 1659 1812 
1510 1610 1805 
1511 
1512 1915 
1513 1806 
1514 1906 
1515 1675 
1516 1639 1802 1912 
1517 1662 
1518 
1519 1525 1703 
1520 
1521 1605 1778 1908 
1522 1642 1863 
1523 1526 
1524 1661 1771 
1525 1780 1849 
1526 
1527 
1528 1866 
1529 1857 
1530 
1531 
1532 
1533 
1534 1859 
1535 1563 
1536 
1537 
1538 
1539 
1540 1748 1749 1853 
1541 1577 
1542 1878 
1543 
1544 
1545 1957 
1546 
1547 
1548 
1549 
1550 1587 
1551 1654 1845 1883 
1552 
1553 1870 
1554 1702 
1555 1898 
1556 1934 
1557 
1558 1884 
1559 1669 
1560 
1561 1887 
1562 1706 
1563 1772 
1564 1631 1661 1676 
1565 1900 
1566 
1567 1631 
1568 
1569 1922 
1570 1801 
1571 
1572 1849 
1573 
1574 1681 
1575 
1576 1652 1926 
1577 1699 1964 
1578 
1579 1746 1848 
1580 1709 
1581 1838 
1582 1692 1878 
1583 1834 
1584 
1585 1939 
1586 1911 
1587 1809 1826 1879 
1588 
1589 
1590 1609 
1591 1877 1931 
1592 1988 
1593 
1594 
1595 1966 
1596 
1597 1672 1739 1952 
1598 1673 
1599 
1600 1792 1831 
1601 
1602 
1603 
1604 1709 1742 
1605 1988 
1606 
1607 
1608 1847 
1609 
1610 
1611 1750 
1612 1767 
1613 
1614 1655 
1615 
1616 1746 
1617 
1618 1870 
1619 
1620 
1621 
1622 
1623 
1624 1739 
1625 1812 1935 1975 
1626 1954 
1627 1753 1767 
1628 
1629 1924 
1630 1635 1961 
1631 
1632 
1633 1748 1820 1913 1938 
1634 
1635 1878 1953 
1636 1985 
1637 
1638 1745 1867 
1639 1750 
1640 1644 1669 1674 1731 1837 
1641 1886 1922 
1642 1688 1974 
1643 1781 
1644 
1645 
1646 
1647 
1648 1823 
1649 
1650 
1651 
1652 1877 1915 
1653 1942 1978 1979 
1654 
1655 
1656 1751 1867 
1657 
1658 
1659 
1660 
1661 1723 
1662 1748 
1663 
1664 1937 
1665 
1666 1784 
1667 1668 1809 1845 
1668 
1669 
1670 1676 
1671 1913 
1672 
1673 
1674 
1675 1883 1924 
1676 
1677 
1678 
1679 
1680 
1681 1699 1783 
1682 
1683 
1684 
1685 
1686 
1687 
1688 1845 
1689 
1690 1958 
1691 
1692 
1693 
1694 
1695 
1696 
1697 
1698 
1699 
1700 1867 1937 
1701 1809 
1702 
1703 
1704 1803 
1705 
1706 
1707 
1708 1922 
1709 1714 
1710 1880 
1711 
1712 1769 
1713 1772 
1714 1777 1825 
1715 
1716 
1717 1812 
1718 
1719 
1720 
1721 1848 
1722 
1723 
1724 1766 
1725 
1726 
1727 
1728 
1729 1890 
1730 
1731 
1732 
1733 
1734 
1735 
1736 1857 
1737 
1738 1979 
1739 1941 
1740 
1741 
1742 1815 1822 1867 
1743 
1744 
1745 1894 
1746 1830 1955 
1747 1904 1948 
1748 
1749 1780 
1750 1989 
1751 1919 
1752 
1753 
1754 1860 
1755 
1756 
1757 1890 
1758 1800 
1759 
1760 
1761 
1762 1774 
1763 
1764 1776 
1765 1877 
1766 
1767 
1768 1848 
1769 
1770 1863 
1771 
1772 1935 
1773 
1774 
1775 
1776 1882 
1777 
1778 1931 
1779 
1780 
1781 1814 1865 
1782 
1783 1879 
1784 1921 1946 
1785 
1786 
1787 1820 
1788 1932 
1789 
1790 
1791 
1792 1801 
1793 
1794 
1795 
1796 1892 
1797 1909 
1798 1937 
1799 
1800 
1801 
1802 
1803 
1804 
1805 
1806 
1807 
1808 
1809 
1810 
1811 
1812 1872 
1813 
1814 
1815 
1816 
1817 
1818 
1819 
1820 
1821 
1822 1904 
1823 
1824 1972 
1825 1900 
1826 1864 
1827 
1828 
1829 
1830 
1831 1929 
1832 
1833 
1834 
1835 
1836 
1837 
1838 
1839 
1840 1867 
1841 1902 
1842 
1843 1915 
1844 
1845 1852 
1846 1957 
1847 
1848 1879 1899 
1849 
1850 
1851 
1852 1856 
1853 
1854 1897 1935 
1855 
1856 1882 1974 
1857 
1858 
1859 
1860 
1861 
1862 1940 1990 
1863 1995 
1864 
1865 
1866 1960 
1867 
1868 
1869 1903 
1870 
1871 
1872 1940 
1873 
1874 
1875 
1876 1929 
1877 
1878 1887 1950 1962 
1879 
1880 
1881 
1882 
1883 1893 
1884 1900 
1885 
1886 
1887 
1888 
1889 
1890 
1891 
1892 1898 
1893 1992 
1894 
1895 
1896 1926 1943 1946 
1897 
1898 1994 
1899 1985 
1900 
1901 
1902 
1903 
1904 
1905 
1906 1910 
1907 
1908 
1909 
1910 
1911 
1912 
1913 
1914 
1915 
1916 
1917 
1918 
1919 
1920 
1921 
1922 
1923 
1924 
1925 
1926 
1927 
1928 
1929 
1930 
1931 
1932 
1933 
1934 
1935 
1936 
1937 
1938 
1939 
1940 
1941 
1942 
1943 
1944 
1945 
1946 
1947 
1948 
1949 
1950 
1951 
1952 
1953 
1954 
1955 1966 
1956 1973 
1957 
1958 1995 
1959 
1960 
1961 
1962 
1963 
1964 
1965 
1966 1994 
1967 
1968 
1969 
1970 
1971 
1972 
1973 
1974 
1975 
1976 
1977 
1978 
1979 
1980 
1981 
1982 
1983 
1984 
1985 
1986 
1987 
1988 
1989 
1990 
1991 
1992 
1993 
1994 
1995 
1996 
1997 
1998 
1999 
[0, 0, 0, 0, 0, 0, 0, 0, 0, 0, 0, 0, 0, 0, 0, 0, 0, 0, 0, 0, 0, 0, 0, 0, 0, 0, 0, 0, 0, 0, 0, 0, 0, 0, 0, 0, 0, 0, 0, 0, 0, 0, 0, 0, 0, 0, 0, 0, 0, 0, 0, 0, 0, 0, 0, 0, 0, 0, 0, 0, 0, 0, 0, 0, 0, 0, 0, 0, 0, 0, 0, 0, 0, 0, 0, 0, 0, 0, 0, 0, 0, 0, 0, 0, 0, 0, 0, 0, 0, 0, 0, 0, 0, 0, 0, 0, 0, 0, 0, 0, 0, 0, 0, 0, 0, 0, 0, 0, 0, 0, 0, 0, 0, 0, 0, 0, 0, 0, 0, 0, 0, 0, 0, 0, 0, 0, 0, 0, 0, 0, 0, 0, 0, 0, 0, 0, 0, 0, 0, 0, 0, 0, 0, 0, 0, 0, 0, 0, 0, 0, 0, 0, 0, 0, 0, 0, 0, 0, 0, 0, 0, 0, 0, 0, 0, 0, 0, 0, 0, 0, 0, 0, 0, 0, 0, 0, 0, 0, 0, 0, 0, 0, 0, 0, 0, 0, 0, 0, 0, 0, 0, 0, 0, 0, 0, 0, 0, 0, 0, 0, 0, 0, 0, 0, 0, 0, 0, 0, 0, 0, 0, 0, 0, 0, 0, 0, 0, 0, 0, 0, 0, 0, 0, 0, 0, 0, 0, 0, 0, 0, 0, 0, 0, 0, 0, 0, 0, 0, 0, 0, 0, 0, 0, 0, 0, 0, 0, 0, 0, 0, 0, 0, 0, 0, 0, 0, 0, 0, 0, 0, 0, 0, 0, 0, 0, 0, 0, 0, 0, 0, 0, 0, 0, 0, 0, 0, 0, 0, 0, 0, 0, 0, 0, 0, 0, 0, 0, 0, 0, 0, 0, 0, 0, 0, 0, 0, 0, 0, 0, 0, 0, 0, 0, 0, 0, 0, 0, 0, 0, 0, 0, 0, 0, 0, 0, 0, 0, 0, 0, 0, 0, 0, 0, 0, 0, 0, 0, 0, 0, 0, 0, 0, 0, 0, 0, 0, 0, 0, 0, 0, 0, 0, 0, 0, 0, 0, 0, 0, 0, 0, 0, 0, 0, 0, 0, 0, 0, 0, 0, 0, 0, 0, 0, 0, 0, 0, 0, 0, 0, 0, 0, 0, 0, 0, 0, 0, 0, 0, 0, 0, 0, 0, 0, 0, 0, 0, 0, 0, 0, 0, 0, 0, 0, 0, 0, 0, 0, 0, 0, 0, 0, 0, 0, 0, 0, 0, 0, 0, 0, 0, 0, 0, 0, 0, 0, 0, 0, 0, 0, 0, 0, 0, 0, 0, 0, 0, 0, 0, 0, 0, 0, 0, 0, 0, 0, 0, 0, 0, 0, 0, 0, 0, 0, 0, 0, 0, 0, 0, 0, 0, 0, 0, 0, 0, 0, 0, 0, 0, 0, 0, 0, 0, 0, 0, 0, 0, 0, 0, 0, 0, 0, 0, 0, 0, 0, 0, 0, 0, 0, 0, 0, 0, 0, 0, 0, 0, 0, 0, 0, 0, 0, 0, 0, 0, 0, 0, 0, 0, 0, 0, 0, 0, 0, 0, 0, 0, 0, 0, 0, 0, 0, 0, 0, 0, 0, 0, 0, 0, 0, 0, 0, 0, 0, 0, 0, 0, 0, 0, 0, 0, 0, 0, 0, 0, 0, 0, 0, 0, 0, 0, 0, 0, 0, 0, 0, 0, 0, 0, 0, 0, 0, 0, 0, 0, 0, 0, 0, 0, 0, 0, 0, 0, 0, 0, 0, 0, 0, 0, 0, 0, 0, 0, 0, 0, 0, 0, 0, 0, 0, 0, 0, 0, 0, 0, 0, 0, 0, 0, 0, 0, 0, 0, 0, 0, 0, 0, 0, 0, 0, 0, 0, 0, 0, 0, 0, 0, 0, 0, 0, 0, 0, 0, 0, 0, 0, 0, 0, 0, 0, 0, 0, 0, 0, 0, 0, 0, 0, 0, 0, 0, 0, 0, 0, 0, 0, 0, 0, 0, 0, 0, 0, 0, 0, 0, 0, 0, 0, 0, 0, 0, 0, 0, 0, 0, 0, 0, 0, 0, 0, 0, 0, 0, 0, 0, 0, 0, 1, 1, 1, 1, 1, 1, 1, 1, 1, 1, 1, 1, 1, 1, 1, 1, 1, 1, 1, 1, 1, 1, 1, 1, 1, 1, 1, 1, 1, 1, 1, 1, 1, 1, 1, 1, 1, 1, 1, 1, 1, 1, 1, 1, 1, 1, 1, 1, 1, 1, 1, 1, 1, 1, 1, 1, 1, 1, 1, 1, 1, 1, 1, 1, 1, 1, 1, 1, 1, 1, 1, 1, 1, 1, 1, 1, 1, 1, 1, 1, 1, 1, 1, 1, 1, 1, 1, 1, 1, 1, 1, 1, 1, 1, 1, 1, 1, 1, 1, 1, 1, 1, 1, 1, 1, 1, 1, 1, 1, 1, 1, 1, 1, 1, 1, 1, 1, 1, 1, 1, 1, 1, 1, 1, 1, 1, 1, 1, 1, 1, 1, 1, 1, 1, 1, 1, 1, 1, 1, 1, 1, 1, 1, 1, 1, 1, 1, 1, 1, 1, 1, 1, 1, 1, 1, 1, 1, 1, 1, 1, 1, 1, 1, 1, 1, 1, 1, 1, 1, 1, 1, 1, 1, 1, 1, 1, 1, 1, 1, 1, 1, 1, 1, 1, 1, 1, 1, 1, 1, 1, 1, 1, 1, 1, 1, 1, 1, 1, 1, 1, 1, 1, 1, 1, 1, 1, 1, 1, 1, 1, 1, 1, 1, 1, 1, 1, 1, 1, 1, 1, 1, 1, 1, 1, 1, 1, 1, 1, 1, 1, 1, 1, 1, 1, 1, 1, 1, 1, 1, 1, 1, 1, 1, 1, 1, 1, 1, 1, 1, 1, 1, 1, 1, 1, 1, 1, 1, 1, 1, 1, 1, 1, 1, 1, 1, 1, 1, 1, 1, 1, 1, 1, 1, 1, 1, 1, 1, 1, 1, 1, 1, 1, 1, 1, 1, 1, 1, 1, 1, 1, 1, 1, 1, 1, 1, 1, 1, 1, 1, 1, 1, 1, 1, 1, 1, 1, 1, 1, 1, 1, 1, 1, 1, 1, 1, 1, 1, 1, 1, 1, 1, 1, 1, 1, 1, 1, 1, 1, 1, 1, 1, 1, 1, 1, 1, 1, 1, 1, 1, 1, 1, 1, 1, 1, 1, 1, 1, 1, 1, 1, 1, 1, 1, 1, 1, 1, 1, 1, 1, 1, 1, 1, 1, 1, 1, 1, 1, 1, 1, 1, 1, 1, 1, 1, 1, 1, 1, 1, 1, 1, 1, 1, 1, 1, 1, 1, 1, 1, 1, 1, 1, 1, 1, 1, 1, 1, 1, 1, 1, 1, 1, 1, 1, 1, 1, 1, 1, 1, 1, 1, 1, 1, 1, 1, 1, 1, 1, 1, 1, 1, 1, 1, 1, 1, 1, 1, 1, 1, 1, 1, 1, 1, 1, 1, 1, 1, 1, 1, 1, 1, 1, 1, 1, 1, 1, 1, 1, 1, 1, 1, 1, 1, 1, 1, 1, 1, 1, 1, 1, 1, 1, 1, 1, 1, 1, 1, 1, 1, 1, 1, 1, 1, 1, 1, 1, 1, 1, 1, 1, 1, 1, 1, 1, 1, 1, 1, 1, 1, 1, 1, 1, 1, 1, 1, 1, 1, 1, 1, 1, 1, 1, 1, 1, 1, 1, 1, 1, 1, 1, 1, 1, 1, 1, 1, 1, 1, 1, 1, 1, 1, 1, 1, 1, 1, 1, 1, 1, 1, 1, 1, 1, 1, 1, 1, 1, 1, 1, 1, 1, 1, 1, 1, 1, 1, 1, 1, 1, 1, 1, 1, 1, 1, 1, 1, 1, 1, 1, 1, 1, 1, 1, 1, 1, 1, 1, 1, 1, 1, 1, 1, 1, 1, 1, 1, 1, 1, 1, 1, 1, 1, 1, 1, 1, 1, 1, 1, 1, 1, 1, 1, 1, 1, 1, 1, 1, 1, 1, 1, 1, 1, 1, 1, 1, 1, 1, 1, 1, 1, 1, 1, 1, 1, 1, 1, 1, 1, 1, 1, 1, 1, 1, 1, 1, 1, 1, 1, 1, 1, 1, 1, 1, 1, 1, 1, 1, 1, 1, 1, 1, 1, 1, 1, 1, 1, 1, 1, 1, 1, 1, 1, 1, 1, 1, 1, 1, 1, 1, 1, 1, 1, 1, 1, 1, 1, 1, 1, 2, 2, 2, 2, 2, 2, 2, 2, 2, 2, 2, 2, 2, 2, 2, 2, 2, 2, 2, 2, 2, 2, 2, 2, 2, 2, 2, 2, 2, 2, 2, 2, 2, 2, 2, 2, 2, 2, 2, 2, 2, 2, 2, 2, 2, 2, 2, 2, 2, 2, 2, 2, 2, 2, 2, 2, 2, 2, 2, 2, 2, 2, 2, 2, 2, 2, 2, 2, 2, 2, 2, 2, 2, 2, 2, 2, 2, 2, 2, 2, 2, 2, 2, 2, 2, 2, 2, 2, 2, 2, 2, 2, 2, 2, 2, 2, 2, 2, 2, 2, 2, 2, 2, 2, 2, 2, 2, 2, 2, 2, 2, 2, 2, 2, 2, 2, 2, 2, 2, 2, 2, 2, 2, 2, 2, 2, 2, 2, 2, 2, 2, 2, 2, 2, 2, 2, 2, 2, 2, 2, 2, 2, 2, 2, 2, 2, 2, 2, 2, 2, 2, 2, 2, 2, 2, 2, 2, 2, 2, 2, 2, 2, 2, 2, 2, 2, 2, 2, 2, 2, 2, 2, 2, 2, 2, 2, 2, 2, 2, 2, 2, 2, 2, 2, 2, 2, 2, 2, 2, 2, 2, 2, 2, 2, 2, 2, 2, 2, 2, 2, 2, 2, 2, 2, 2, 2, 2, 2, 2, 2, 2, 2, 2, 2, 2, 2, 2, 2, 2, 2, 2, 2, 2, 2, 2, 2, 2, 2, 2, 2, 2, 2, 2, 2, 2, 2, 2, 2, 2, 2, 2, 2, 2, 2, 2, 2, 2, 2, 2, 2, 2, 2, 2, 2, 2, 2, 2, 2, 2, 2, 2, 2, 2, 2, 2, 2, 2, 2, 2, 2, 2, 2, 2, 2, 2, 2, 2, 2, 2, 2, 2, 2, 2, 2, 2, 2, 2, 2, 2, 2, 2, 2, 2, 2, 2, 2, 2, 2, 2, 2, 2, 2, 2, 2, 2, 2, 2, 2, 2, 2, 2, 2, 2, 2, 2, 2, 2, 2, 2, 2, 2, 2, 2, 2, 2, 2, 2, 2, 2, 2, 2, 2, 2, 2, 2, 2, 2, 2, 2, 2, 2, 2, 2, 2, 2, 2, 2, 2, 2, 2, 2, 2, 2, 2, 2, 2, 2, 2, 2, 2, 2, 2, 2, 2, 2, 2, 2, 2, 2, 2, 2, 2, 2, 2, 2, 2, 2, 2, 2, 2, 2, 2, 2, 2, 2, 2, 2, 2, 2, 2, 2, 2, 2, 2, 2, 2, 2, 2, 2, 2, 2, 2, 2, 2, 2, 2, 2, 2, 2, 2, 2, 2, 2, 2, 2, 2, 2, 2, 2, 2, 2, 2, 2, 2, 2, 2, 2, 2, 2, 2, 2, 2, 2, 2, 2, 2, 2, 2, 2, 2, 2, 2, 2, 2, 2, 2, 2, 2, 2, 2, 2, 2, 2, 2, 2, 2, 2, 2, 2, 2, 2, 2, 2, 2, 2, 2, 2, 2, 2, 2, 2, 2, 2, 2, 2, 2, 2, 2, 2, 2, 2, 2, 2, 2, 2, 2, 2, 2, 2, 2, 2, 2, 2, 2, 2, 2, 2, 2, 2, 2, 2, 2, 2, 2, 2, 2, 2, 2, 2, 2, 2, 2, 2, 2, 2, 2, 2, 2, 2, 2, 2, 2, 2, 2, 2, 2, 2, 2, 2, 2, 2, 2, 2, 2, 2, 2, 2, 2, 2, 2, 2, 2, 2, 2, 2, 2, 2, 2, 2, 2, 2, 2, 2, 2, 2, 2, 2, 2, 2, 2, 2, 2, 2, 2, 2, 2, 2, 2, 2, 2, 2, 2, 2, 2, 2, 2, 2, 2, 2, 2, 2, 2, 2, 2, 2, 2, 2, 2, 2, 2, 2, 2, 2, 2, 2, 2, 2, 2, 2, 2, 2, 2, 2, 2, 2, 2, 2, 2, 2, 2, 2, 2, 2, 2, 2, 2, 2, 2, 2, 2, 2, 2, 2, 2, 2, 2, 2, 2, 2, 2, 2, 2, 2, 2, 2, 2, 2, 2, 2, 2, 2, 2, 2, 2, 2, 2, 2, 2, 2, 2, 2, 2, 2, 2, 2, 2, 2, 2, 2, 2, 2, 2, 2, 2, 2, 2, 0, 0]