0 5 10 22 40 42 46 100 
1 9 18 19 37 48 63 89 92 191 
2 4 13 20 30 36 37 39 43 59 
3 17 20 23 27 116 
4 8 14 26 46 143 
5 6 10 37 40 43 47 124 178 195 
6 11 15 26 32 44 48 51 57 60 150 
7 25 45 63 
8 10 11 47 49 76 
9 14 21 29 38 43 65 148 155 
10 27 48 61 94 170 
11 23 37 39 49 54 61 106 113 
12 42 60 105 173 
13 23 39 
14 29 35 49 58 61 
15 61 81 124 
16 19 21 22 25 31 58 64 111 
17 28 29 42 50 52 56 
18 19 40 124 
19 27 34 62 126 
20 22 35 39 63 64 65 77 161 
21 36 52 60 65 105 159 
22 30 37 44 54 103 134 
23 35 60 65 109 150 
24 56 60 61 
25 45 50 54 64 75 95 120 194 
26 36 41 61 76 79 167 
27 46 47 51 57 59 61 65 142 
28 42 44 52 57 62 132 165 
29 30 150 
30 35 37 40 51 56 65 147 157 
31 33 41 42 64 73 77 
32 41 42 45 46 49 56 
33 39 44 48 50 
34 48 162 
35 38 40 63 132 171 184 
36 37 43 44 56 63 102 152 185 
37 46 117 
38 84 184 
39 44 65 129 
40 42 45 61 146 
41 65 
42 57 64 65 
43 48 54 64 123 139 186 
44 50 65 
45 48 53 54 59 64 112 
46 49 56 61 152 
47 49 59 170 
48 53 
49 53 56 65 
50 74 89 140 152 
51 52 54 75 137 144 
52 60 62 65 
53 57 60 131 
54 
55 62 
56 
57 58 91 104 132 134 
58 
59 
60 111 115 
61 92 177 196 
62 115 177 
63 64 123 
64 183 
65 170 
66 87 91 95 101 103 105 118 125 131 
67 77 90 97 102 103 115 116 117 197 
68 81 83 92 110 119 121 153 
69 93 125 129 174 
70 83 102 118 122 125 195 
71 75 77 92 103 105 
72 81 89 104 
73 75 81 106 109 122 168 
74 80 104 126 151 159 164 
75 82 103 105 
76 77 78 87 107 110 123 126 152 
77 80 82 97 101 113 121 125 131 167 
78 83 104 117 126 128 131 
79 94 100 104 106 116 
80 85 92 94 
81 93 107 121 136 164 
82 89 90 105 118 121 190 193 
83 84 106 
84 85 86 108 110 
85 96 98 100 108 117 118 
86 99 
87 103 104 128 152 180 
88 111 
89 122 130 
90 93 96 97 106 123 
91 93 120 128 129 
92 96 99 100 
93 114 125 126 
94 98 107 121 127 128 130 136 161 
95 98 120 121 130 
96 113 119 123 164 
97 101 102 109 127 128 153 164 195 
98 101 102 106 131 
99 100 103 123 124 186 
100 125 160 186 
101 119 125 128 141 164 
102 110 114 
103 115 116 126 167 
104 108 
105 115 123 129 130 
106 131 143 
107 
108 116 136 
109 118 130 
110 116 122 130 
111 122 142 
112 118 126 131 
113 116 118 
114 120 
115 119 
116 119 131 145 168 
117 129 144 
118 120 125 126 
119 121 128 
120 
121 150 174 
122 124 
123 158 
124 
125 126 129 150 182 
126 
127 129 
128 
129 155 157 172 
130 170 179 
131 
132 133 154 168 171 180 188 191 197 
133 148 149 152 
134 152 169 184 188 
135 140 155 156 161 192 
136 150 162 173 195 197 
137 163 
138 139 148 152 154 156 163 180 181 184 185 191 193 
139 170 191 
140 150 151 155 164 188 
141 144 148 155 158 162 169 178 180 185 190 
142 159 161 174 179 180 190 194 
143 157 161 167 170 195 
144 151 158 165 184 187 
145 148 151 155 160 164 167 174 
146 150 168 177 190 192 
147 163 170 178 185 187 197 
148 151 160 167 
149 166 170 181 197 
150 163 169 174 
151 162 178 197 
152 160 172 193 194 
153 167 
154 169 171 175 186 195 
155 171 175 
156 165 190 
157 180 
158 175 179 
159 164 169 183 189 190 
160 170 186 187 188 193 197 
161 168 170 174 176 193 194 
162 179 180 182 187 197 
163 174 186 190 
164 184 188 
165 170 177 
166 169 176 180 185 
167 182 189 190 
168 179 187 191 
169 179 186 
170 189 
171 176 179 180 193 195 
172 175 
173 182 187 
174 175 178 179 189 197 
175 176 190 
176 
177 188 196 
178 186 189 192 193 195 
179 184 191 
180 184 
181 193 197 
182 195 
183 187 192 
184 187 
185 193 196 
186 196 
187 195 
188 
189 
190 197 
191 
192 194 197 
193 
194 
195 
196 
197 
[0, 0, 0, 0, 0, 0, 0, 0, 0, 0, 0, 0, 0, 0, 0, 0, 0, 0, 0, 0, 0, 0, 0, 0, 0, 0, 0, 0, 0, 0, 0, 0, 0, 0, 0, 0, 0, 0, 0, 0, 0, 0, 0, 0, 0, 0, 0, 0, 0, 0, 0, 0, 0, 0, 0, 0, 0, 0, 0, 0, 0, 0, 0, 0, 0, 0, 1, 1, 1, 1, 1, 1, 1, 1, 1, 1, 1, 1, 1, 1, 1, 1, 1, 1, 1, 1, 1, 1, 1, 1, 1, 1, 1, 1, 1, 1, 1, 1, 1, 1, 1, 1, 1, 1, 1, 1, 1, 1, 1, 1, 1, 1, 1, 1, 1, 1, 1, 1, 1, 1, 1, 1, 1, 1, 1, 1, 1, 1, 1, 1, 1, 1, 2, 2, 2, 2, 2, 2, 2, 2, 2, 2, 2, 2, 2, 2, 2, 2, 2, 2, 2, 2, 2, 2, 2, 2, 2, 2, 2, 2, 2, 2, 2, 2, 2, 2, 2, 2, 2, 2, 2, 2, 2, 2, 2, 2, 2, 2, 2, 2, 2, 2, 2, 2, 2, 2, 2, 2, 2, 2, 2, 2, 2, 2, 2, 2, 2, 2]