0 8 86 186 295 341 530 557 599 770 864 895 912 967 1733 1957 
1 21 129 144 276 503 700 704 715 782 860 911 1044 
2 10 83 170 299 307 608 700 744 844 1795 
3 37 99 107 283 599 
4 303 333 394 652 762 793 828 940 980 1797 
5 465 607 770 1490 
6 43 348 356 385 400 449 676 841 961 1581 
7 463 596 669 723 775 790 810 901 915 983 1270 
8 232 266 373 406 547 659 812 828 909 973 994 
9 213 331 390 555 710 817 837 903 996 1727 1756 
10 93 810 831 907 930 947 1026 1439 1590 1600 
11 51 191 513 587 612 616 756 853 916 958 
12 159 198 250 269 417 606 720 806 954 1200 
13 24 61 444 486 572 592 663 704 771 916 979 
14 304 468 555 637 651 679 804 941 1607 
15 19 334 443 537 662 758 963 1380 
16 181 183 199 323 361 466 556 737 744 834 975 
17 29 207 454 461 463 749 819 908 931 1161 1203 
18 27 47 70 115 146 208 467 505 706 818 1529 1675 
19 123 161 249 326 367 624 1506 
20 23 320 867 875 940 
21 52 116 591 631 780 1636 1955 
22 67 163 299 370 397 398 433 508 610 622 694 746 785 968 1022 1170 
23 69 282 331 342 410 622 986 
24 52 153 246 296 375 525 684 802 
25 207 467 531 566 694 806 1418 
26 53 247 291 302 553 1086 
27 68 499 624 787 806 1735 
28 258 263 648 708 765 1687 
29 254 314 509 551 885 909 
30 196 259 397 441 525 569 661 713 751 811 872 948 955 1440 1480 
31 150 246 368 441 517 559 673 674 
32 369 455 538 557 634 812 1527 
33 210 770 818 864 1115 1593 
34 248 515 561 
35 167 426 506 869 
36 72 239 346 392 512 587 613 693 786 
37 177 258 290 314 380 472 675 852 899 1575 
38 41 217 695 700 752 823 1100 
39 136 161 334 337 403 526 716 858 872 930 1143 1473 
40 310 635 864 
41 151 228 428 488 506 514 604 673 913 943 980 1430 1647 
42 121 125 142 737 767 824 917 
43 154 204 272 331 491 497 540 731 907 1294 
44 82 128 154 226 296 354 664 796 834 
45 146 352 485 649 676 893 1040 1362 
46 171 280 373 394 413 553 675 790 813 1057 1180 1445 1447 1795 
47 101 204 292 635 680 683 721 820 860 989 1817 1858 
48 133 189 238 633 686 991 1324 1791 
49 194 498 869 898 
50 130 233 236 349 431 489 517 854 960 
51 622 1726 
52 325 377 395 475 515 789 847 856 
53 179 277 292 297 340 486 580 686 
54 115 178 220 367 440 477 636 920 1824 
55 74 583 715 958 1284 
56 333 384 412 637 644 769 988 1862 
57 91 159 
58 63 176 272 802 931 1455 1570 
59 354 418 751 
60 165 352 798 882 1210 1699 1800 
61 90 339 857 888 1356 
62 283 346 439 445 718 881 984 
63 86 318 390 542 788 826 
64 277 278 296 534 717 872 
65 205 425 454 491 681 
66 154 363 429 509 799 
67 338 421 542 718 822 907 1698 
68 309 370 571 633 648 662 734 828 860 867 932 
69 275 278 342 437 557 808 1314 
70 120 250 640 935 996 
71 190 354 437 581 656 714 877 
72 266 529 547 663 909 
73 146 360 442 615 990 
74 143 203 330 362 551 837 875 
75 463 492 628 699 999 
76 179 259 370 515 557 1484 1655 1880 
77 151 330 703 854 867 
78 118 361 533 825 
79 90 160 431 524 620 
80 209 295 348 490 586 613 708 899 1009 1762 
81 85 131 352 385 512 550 722 776 850 851 1994 
82 284 450 520 622 751 767 823 
83 386 502 708 887 1932 
84 207 306 610 654 704 1623 
85 155 661 677 
86 234 464 510 612 843 860 885 
87 397 670 725 815 992 
88 423 654 686 852 913 1821 
89 99 147 201 359 412 497 542 616 630 715 755 
90 261 309 637 1840 
91 120 433 500 780 789 810 851 862 1022 
92 175 178 208 380 891 934 964 989 991 1937 
93 215 304 1743 
94 116 293 643 711 792 906 918 1447 
95 371 504 540 631 895 1258 
96 206 269 456 494 594 619 787 1041 1369 1463 
97 183 434 464 571 735 855 1752 1794 1816 
98 118 309 515 652 681 753 771 800 915 
99 386 664 670 708 770 870 962 
100 170 190 301 338 345 367 449 541 904 1338 1670 
101 115 123 241 253 262 365 688 740 742 862 877 
102 199 217 240 272 280 387 427 639 767 794 1278 
103 162 289 558 778 873 918 925 992 1281 1378 1383 
104 120 127 209 298 357 466 641 874 951 1473 
105 159 220 287 310 401 421 509 552 566 571 737 766 898 916 
106 300 347 362 393 439 508 558 607 956 989 1157 1957 
107 318 379 430 442 581 592 610 825 996 
108 180 385 676 712 816 878 1993 
109 138 274 403 556 763 793 911 935 
110 117 366 425 509 537 548 
111 277 438 665 
112 383 551 581 801 841 870 958 968 
113 330 436 519 617 797 
114 159 286 446 498 499 658 716 834 850 1652 
115 363 499 544 682 714 903 
116 152 234 271 609 731 800 924 933 1958 1979 
117 291 362 374 594 805 872 933 964 
118 165 187 195 286 779 807 972 1423 1650 
119 499 501 531 574 600 645 647 876 1486 1762 
120 232 338 417 629 903 1028 
121 195 338 379 585 853 861 954 
122 265 544 589 814 1012 1299 1837 
123 157 357 448 602 612 613 844 1548 
124 231 259 634 730 822 
125 245 558 673 793 825 916 1113 
126 302 513 521 552 617 1482 
127 255 436 515 577 741 791 935 957 
128 143 290 359 364 588 699 728 801 858 896 
129 269 432 644 720 752 796 843 903 928 1939 
130 291 752 771 998 
131 362 542 696 874 882 
132 277 411 581 699 786 792 875 
133 207 321 339 434 473 591 794 
134 206 287 413 430 492 684 695 707 
135 155 212 523 678 718 756 948 1262 
136 155 232 347 451 453 637 695 816 1724 
137 180 268 459 543 767 819 951 955 989 1569 1714 1912 
138 181 235 243 268 357 398 515 655 729 736 893 
139 203 401 630 870 1434 
140 162 198 356 472 628 900 905 961 
141 155 244 399 414 579 583 
142 247 353 426 
143 165 377 455 713 911 
144 284 648 701 746 
145 228 293 339 444 617 620 995 1114 
146 232 329 351 422 481 638 779 815 895 1213 1837 
147 223 227 246 419 611 666 677 818 844 1970 
148 163 894 972 
149 266 309 356 461 481 801 989 1439 
150 287 342 371 976 1033 
151 197 423 502 624 838 840 998 1012 1497 
152 288 306 369 633 833 965 
153 409 509 557 732 750 875 931 1720 
154 429 451 556 678 930 990 
155 175 208 216 365 772 1481 
156 162 293 333 395 620 642 665 798 867 1689 
157 259 509 604 910 1965 
158 369 420 423 935 1790 
159 505 566 716 755 809 848 970 
160 309 324 397 405 470 471 784 921 988 1566 1572 1805 
161 214 244 364 405 587 592 708 903 1085 
162 228 251 257 417 538 539 548 593 635 849 
163 179 286 378 575 737 788 830 930 
164 184 223 249 255 384 426 828 1147 
165 271 287 573 618 653 889 928 
166 235 493 496 
167 210 272 365 435 568 589 720 
168 173 181 236 276 301 673 944 975 
169 244 262 299 340 553 745 913 1599 
170 187 192 519 845 904 956 1586 1621 
171 195 271 330 416 443 574 869 983 1063 
172 280 309 365 408 1511 
173 298 405 427 557 656 777 848 903 908 1539 
174 502 645 690 727 744 895 1378 
175 238 246 419 753 879 
176 198 565 683 
177 360 746 748 881 1114 
178 183 403 526 720 794 
179 210 372 381 570 758 
180 329 394 475 623 695 1929 
181 444 785 
182 236 960 
183 196 545 625 1478 1743 
184 217 266 308 349 458 535 891 893 
185 633 871 903 
186 229 335 349 480 497 589 678 781 795 838 
187 406 412 439 547 565 721 778 893 930 956 991 
188 242 320 377 439 593 754 877 
189 433 593 688 712 728 822 833 850 860 1227 
190 402 410 579 1125 
191 196 279 476 589 798 
192 230 324 401 489 818 895 
193 279 425 507 565 663 832 984 1553 1778 
194 295 349 354 576 578 581 661 674 689 1696 
195 424 527 559 846 
196 347 516 528 608 904 
197 272 290 472 1640 
198 330 405 518 541 573 677 760 
199 214 272 277 449 479 666 710 811 946 1460 
200 305 346 499 854 957 1864 
201 204 223 258 317 334 350 638 728 1149 1286 
202 229 504 724 760 858 968 1255 1485 1871 1982 
203 216 264 861 1339 1907 
204 455 523 629 630 695 723 864 910 1566 
205 289 348 484 585 619 708 742 750 782 857 917 1705 
206 207 831 856 927 985 
207 445 543 889 902 1822 
208 233 294 387 524 577 596 721 803 944 1379 1547 
209 264 604 734 855 
210 310 813 860 
211 287 405 441 547 579 700 
212 258 347 996 
213 265 406 587 663 766 808 846 853 
214 220 742 889 891 1247 
215 428 515 540 868 
216 468 671 731 787 896 
217 441 720 744 907 1548 
218 291 373 472 543 557 565 673 718 922 1937 
219 349 798 847 894 975 991 1632 
220 239 267 362 691 695 950 
221 242 343 562 578 660 1181 
222 584 1437 1522 
223 319 523 797 822 839 
224 399 446 506 978 
225 228 334 473 499 512 691 1218 1284 
226 303 661 713 952 1064 1518 
227 319 431 630 860 1058 
228 505 666 708 
229 257 480 601 652 837 1640 
230 362 437 840 848 896 
231 289 304 350 474 856 894 986 1161 1946 
232 332 346 398 557 714 764 773 818 880 1380 
233 885 1638 1950 
234 333 396 825 988 
235 291 465 672 869 1012 
236 490 520 626 715 766 935 991 
237 239 323 337 380 426 569 573 862 932 
238 276 282 311 325 449 470 525 550 663 849 1239 
239 285 301 303 552 750 819 870 1144 
240 336 421 552 569 978 1541 
241 514 537 621 1136 
242 264 303 571 600 812 830 
243 417 481 549 574 705 860 976 
244 262 295 457 460 490 549 552 580 658 842 890 1090 1511 
245 399 451 588 754 
246 285 389 534 591 617 642 754 883 933 1717 
247 251 333 353 593 602 640 674 782 811 915 964 972 1822 
248 324 742 885 
249 
250 275 285 389 461 714 920 
251 253 673 728 
252 489 623 660 877 888 
253 272 362 711 784 
254 326 360 427 444 447 533 575 722 1310 
255 311 364 528 554 681 698 943 1115 
256 648 727 753 792 821 958 
257 291 340 547 592 621 662 1290 
258 526 558 694 705 783 788 877 929 1366 
259 274 293 366 402 754 802 820 893 1193 
260 269 339 478 826 868 939 
261 345 536 960 1797 
262 413 446 567 618 651 731 805 949 1270 1440 1993 
263 327 354 388 646 752 1887 
264 311 590 636 813 926 1974 
265 266 321 835 1386 
266 362 457 706 854 888 919 962 
267 336 451 554 746 749 804 903 987 1406 1733 
268 402 475 565 685 697 972 
269 296 648 676 925 1415 1527 1585 
270 384 386 431 634 758 840 1527 
271 373 472 583 1660 
272 590 775 1793 1973 
273 360 403 436 461 504 648 1262 
274 275 488 675 705 713 931 969 1554 
275 311 324 373 486 557 1503 
276 277 316 442 585 746 781 830 1031 
277 406 430 546 748 774 989 
278 375 623 911 
279 566 681 755 775 840 918 933 
280 321 331 614 626 
281 453 665 
282 394 450 494 853 1204 1206 
283 383 473 553 878 
284 557 638 667 719 798 877 1260 1731 
285 374 629 694 737 759 894 977 
286 306 467 500 516 628 672 692 882 1665 
287 318 741 783 822 1130 
288 463 496 588 871 918 923 1020 
289 584 637 863 
290 297 663 668 805 932 1855 
291 397 462 545 600 602 691 764 766 964 1448 
292 396 725 769 872 908 
293 482 878 897 917 1451 1727 1937 
294 296 299 374 410 589 698 708 
295 402 497 502 550 599 738 998 1245 
296 314 423 566 808 1254 1794 
297 556 771 809 886 
298 332 382 400 532 765 871 873 965 
299 392 657 669 743 935 
300 388 541 715 758 889 910 
301 643 887 905 977 
302 483 598 650 659 668 877 1780 
303 317 640 881 980 
304 352 356 506 614 681 834 1398 1431 
305 582 816 1506 
306 320 399 406 610 668 883 913 1572 
307 362 377 382 464 467 562 679 967 1314 
308 486 735 818 847 968 
309 329 365 426 449 830 931 
310 344 431 444 456 691 788 942 943 1795 1826 
311 461 585 725 967 
312 570 616 687 735 
313 314 442 595 596 629 695 722 783 
314 393 395 411 743 770 785 999 
315 350 983 1956 
316 476 689 780 896 918 1598 
317 408 456 536 621 649 981 
318 355 808 840 854 
319 466 566 693 863 919 950 988 1088 1836 
320 821 848 917 982 
321 578 596 618 675 972 
322 525 538 687 870 924 1424 1621 
323 532 570 678 960 977 
324 574 599 690 
325 908 1840 
326 477 581 637 703 
327 551 590 808 831 855 868 882 
328 368 638 975 977 1679 1934 
329 363 526 532 534 702 835 934 
330 463 691 699 755 
331 650 748 1603 1772 
332 446 800 946 1167 
333 574 651 824 1569 
334 461 733 1387 1675 
335 1142 1239 1528 1716 
336 353 358 522 541 634 955 956 1568 
337 427 585 744 882 
338 545 726 771 806 
339 524 796 957 1142 
340 516 706 718 941 983 
341 417 482 615 832 
342 344 578 681 697 
343 390 438 560 823 
344 455 646 674 739 1455 
345 382 400 421 498 619 652 748 867 954 
346 350 516 620 877 
347 393 407 428 514 625 952 
348 369 378 409 501 511 627 936 
349 498 500 510 623 734 781 782 
350 366 371 545 766 773 803 831 914 1177 
351 499 510 575 675 738 895 966 994 1248 1252 
352 355 523 796 
353 376 399 496 635 824 1695 
354 985 
355 772 831 959 1945 
356 529 627 763 1369 1639 1720 1726 
357 503 521 783 955 994 1356 
358 549 628 997 1649 
359 384 528 584 742 826 844 956 
360 636 760 770 798 831 907 1497 
361 496 662 874 
362 393 402 521 562 707 903 1209 1442 1560 1826 
363 531 643 
364 494 907 969 985 1238 1839 
365 591 631 702 1298 1532 1548 
366 694 788 946 
367 422 477 942 1676 
368 493 509 559 651 754 803 1166 1220 
369 689 929 939 
370 465 492 560 593 620 744 757 874 876 992 1796 
371 612 660 787 890 935 960 
372 580 592 704 813 861 1425 
373 383 536 635 677 714 838 945 963 1954 
374 501 996 1293 
375 578 596 642 
376 385 441 661 695 887 915 943 956 1327 1477 1624 
377 432 655 726 801 
378 496 578 718 855 906 913 1050 1731 
379 668 818 
380 506 562 602 750 791 1302 
381 658 904 973 1117 
382 421 458 465 472 679 693 1130 1226 
383 565 628 658 959 1424 
384 521 530 988 
385 725 922 945 
386 506 689 702 802 1441 
387 561 574 691 750 854 977 982 
388 425 446 656 660 760 842 939 981 984 
389 515 530 601 614 655 801 808 822 975 
390 468 470 529 674 897 933 
391 514 726 810 971 
392 594 764 792 833 849 981 
393 834 864 912 1889 
394 491 550 779 897 923 
395 437 498 650 913 972 1058 
396 801 1318 
397 408 734 735 
398 447 511 1556 
399 435 622 642 901 922 923 971 
400 424 544 672 696 705 981 
401 444 683 694 722 940 959 
402 500 503 518 531 699 704 722 963 980 
403 965 1389 1419 1455 1878 1905 
404 669 842 870 1095 1193 
405 590 617 734 846 
406 476 488 653 769 952 1809 1865 
407 693 920 1822 
408 497 661 683 866 936 972 
409 498 593 635 832 960 1171 
410 670 938 984 1360 
411 720 937 1161 1410 
412 451 473 564 
413 681 732 766 788 962 970 
414 578 670 898 909 1935 
415 609 879 
416 430 473 850 1823 
417 445 541 673 688 718 731 792 
418 457 483 549 778 1708 1792 
419 808 817 846 1464 
420 573 606 745 1509 
421 472 529 808 845 914 1430 
422 427 613 700 756 882 969 
423 615 882 955 1503 
424 537 838 1687 
425 725 944 1276 1618 
426 588 665 686 1560 
427 776 785 791 829 
428 507 558 564 572 677 
429 522 
430 587 616 665 755 780 925 1510 1534 
431 442 448 459 739 807 1475 1687 
432 490 581 825 957 979 1965 
433 807 915 
434 474 722 755 
435 463 507 569 647 681 786 829 847 867 888 
436 647 738 1256 1426 
437 562 823 867 991 1433 1583 
438 721 801 
439 451 452 627 893 979 
440 461 661 728 899 952 
441 666 1424 
442 571 651 670 956 1858 
443 464 739 822 
444 534 580 609 630 1052 1392 1616 
445 487 554 1038 1811 
446 720 829 928 990 
447 513 676 955 1017 
448 542 549 628 687 825 893 921 1622 
449 464 531 760 980 1116 1763 
450 520 706 876 980 
451 668 808 891 1002 
452 544 561 830 973 
453 539 626 707 889 1300 1892 
454 711 737 760 818 857 869 1309 1483 
455 856 1165 
456 525 
457 744 773 818 938 948 951 
458 662 893 
459 497 548 769 912 
460 475 693 1368 1868 1951 
461 651 682 725 
462 534 650 786 811 856 915 1364 
463 838 920 937 940 1224 
464 524 774 800 893 
465 652 703 854 1102 1361 
466 519 881 897 
467 958 
468 496 562 655 669 702 933 1594 
469 473 688 749 801 893 965 
470 875 
471 486 756 792 837 961 988 
472 686 708 739 746 753 809 827 905 942 987 1724 
473 482 640 750 920 923 936 1478 
474 811 981 1748 1764 
475 519 572 634 647 653 691 741 884 1717 
476 851 911 934 969 988 
477 529 557 674 847 928 
478 654 728 
479 529 654 676 978 
480 483 491 515 655 674 818 992 1350 
481 642 713 
482 558 683 904 1700 
483 580 655 908 1929 
484 493 527 
485 560 611 951 971 
486 608 947 955 1479 1562 
487 552 823 915 
488 539 706 745 980 
489 639 845 1787 
490 563 624 725 1986 
491 588 601 1256 
492 754 959 1847 
493 572 608 736 871 1451 
494 561 690 774 836 1605 
495 627 754 1314 
496 608 780 808 920 936 987 1675 
497 528 531 623 934 
498 511 575 739 
499 505 506 546 614 1995 
500 805 974 1270 1755 1847 
501 705 891 944 
502 667 694 916 1006 1236 1520 
503 600 706 803 917 1345 
504 538 548 577 
505 743 
506 526 610 
507 876 961 1537 1669 
508 589 1195 
509 774 
510 540 622 626 635 759 762 1660 1865 1932 
511 545 574 595 712 828 833 1593 
512 637 981 
513 559 634 715 873 898 967 1829 
514 575 609 812 813 867 873 914 1189 1372 
515 646 838 907 990 1458 1706 
516 589 755 951 1639 1866 
517 658 673 873 921 1319 
518 594 719 749 775 942 974 
519 684 782 928 1533 1601 
520 523 583 853 1183 
521 552 781 899 
522 850 1196 
523 564 708 935 1841 
524 526 642 738 928 1107 1233 
525 563 801 
526 809 829 883 1745 1917 
527 606 621 1313 
528 791 
529 551 579 640 812 824 977 1733 
530 533 581 597 616 736 787 949 
531 662 768 819 948 
532 702 786 833 866 
533 590 828 967 
534 882 1700 
535 606 713 847 1341 
536 549 592 715 839 901 
537 545 610 776 796 864 
538 565 567 574 600 602 908 1155 1351 
539 589 986 
540 743 904 985 1772 
541 900 942 979 1844 
542 612 767 788 869 1771 
543 893 
544 598 644 916 1366 1796 
545 917 1375 1660 
546 562 814 1284 
547 712 771 796 
548 556 587 602 630 649 689 701 772 1619 
549 1133 1628 
550 562 627 704 993 1650 
551 588 872 946 964 
552 619 846 870 937 1062 
553 600 647 666 884 1072 
554 730 841 863 926 992 1625 
555 568 737 779 1683 
556 785 898 977 1085 
557 564 582 698 727 
558 569 729 847 996 1840 
559 674 799 805 950 1108 1921 
560 664 767 1110 
561 567 611 872 
562 578 610 723 897 1985 
563 927 935 1739 
564 750 777 823 1175 1352 1921 
565 757 880 1463 1804 
566 664 
567 726 826 880 1624 1885 1939 
568 642 708 
569 914 1341 1753 
570 674 
571 883 913 
572 672 682 863 956 1079 
573 612 640 732 859 892 956 
574 1944 
575 584 798 
576 721 1545 1553 
577 809 1549 1946 
578 1873 
579 821 1324 
580 607 892 
581 616 677 858 1253 1655 
582 625 649 724 736 856 862 
583 742 892 
584 638 886 1861 
585 617 731 733 779 884 1799 
586 630 691 755 950 981 
587 687 983 
588 622 691 866 891 1446 
589 809 846 849 
590 681 962 975 
591 608 737 
592 604 797 895 
593 609 788 920 1483 1778 
594 920 
595 658 740 858 1967 
596 673 911 977 
597 669 908 941 1459 
598 638 867 906 966 1582 
599 664 
600 956 1652 
601 603 715 832 915 966 1502 
602 608 738 819 975 
603 633 696 809 1692 
604 660 799 837 1066 1988 
605 619 789 964 1491 
606 693 759 844 920 924 948 
607 759 903 919 920 
608 720 1296 1920 
609 778 807 888 1051 1772 
610 790 1941 
611 757 825 
612 849 966 1621 
613 737 981 
614 921 1530 
615 831 1421 1700 
616 641 690 765 837 859 899 943 978 
617 654 718 722 842 
618 705 728 917 
619 684 712 747 765 785 987 1167 1951 
620 684 1020 
621 671 778 783 
622 738 841 843 
623 733 878 941 
624 669 898 923 1891 
625 848 
626 773 783 903 
627 643 889 
628 761 837 852 
629 646 662 698 700 934 1678 
630 709 834 1118 
631 789 792 850 868 908 
632 654 703 842 
633 690 704 758 768 
634 762 824 
635 1000 1236 
636 
637 735 966 1055 1201 1252 1496 
638 745 856 885 
639 778 945 952 1044 1818 
640 669 673 717 724 833 840 861 898 977 
641 722 749 758 792 968 1661 
642 712 716 746 836 1429 
643 808 813 826 935 969 1050 1249 
644 682 717 
645 828 877 993 
646 1830 
647 
648 702 793 872 958 1651 
649 1860 
650 727 814 826 992 1187 
651 672 775 894 899 1553 
652 778 818 988 1662 
653 757 779 835 847 949 997 1867 
654 847 901 972 1441 
655 695 725 759 766 822 973 
656 675 893 
657 875 961 1615 
658 696 743 774 967 1653 
659 731 
660 782 1159 1239 1935 
661 863 
662 862 1911 
663 667 708 762 789 920 963 
664 801 813 817 837 996 1364 
665 677 697 810 842 954 969 
666 
667 777 883 955 1806 
668 945 
669 744 865 870 908 939 1284 
670 749 1484 
671 727 891 997 1728 
672 725 1212 1563 
673 1273 
674 787 853 942 
675 769 
676 
677 799 902 952 1362 1376 1515 
678 1441 1484 
679 743 793 1189 
680 712 819 909 
681 716 739 769 892 936 994 1022 1549 1800 
682 925 1050 
683 764 819 835 1194 1218 
684 847 907 998 1662 
685 740 766 
686 1578 1690 
687 696 893 942 
688 1280 1520 1657 
689 990 998 1315 
690 809 818 950 
691 818 938 
692 712 776 996 
693 884 
694 789 1497 
695 699 885 892 1631 
696 705 738 784 1192 1385 
697 
698 717 855 947 982 
699 774 784 858 880 896 1753 
700 704 774 1063 
701 
702 799 1068 
703 733 741 
704 831 
705 906 
706 710 729 747 817 878 950 1146 1923 
707 966 979 
708 844 1691 
709 932 
710 
711 757 845 932 
712 788 886 944 1879 
713 870 
714 805 
715 768 916 
716 896 992 
717 889 990 1603 
718 749 819 921 
719 734 
720 756 1436 1472 
721 812 888 
722 726 781 789 903 1678 
723 809 818 859 887 1308 1333 
724 883 948 1971 
725 896 
726 832 948 1108 1236 
727 766 830 843 917 
728 742 763 784 983 1136 
729 884 923 1579 
730 790 1513 
731 784 1417 
732 1955 
733 909 932 
734 742 753 796 852 
735 767 893 969 979 1945 
736 993 
737 894 962 
738 953 
739 990 
740 
741 777 857 962 1771 1868 
742 951 1413 
743 757 857 914 
744 826 939 
745 
746 847 1249 
747 749 874 885 1167 1598 
748 968 
749 1506 1693 1829 
750 753 763 870 1319 
751 874 1668 
752 759 906 914 1830 
753 789 801 806 958 
754 755 851 905 960 995 1930 
755 805 871 932 
756 
757 800 821 839 914 
758 799 815 
759 770 801 967 1570 
760 1710 
761 807 970 981 1270 
762 800 825 848 944 
763 852 
764 929 1347 1941 1954 
765 897 950 976 
766 892 1372 
767 899 1171 1558 
768 873 1331 
769 861 879 
770 833 
771 
772 
773 897 961 
774 778 818 887 1217 1242 
775 873 940 1877 
776 
777 858 950 955 984 1395 
778 834 1312 1985 1997 
779 866 959 1696 
780 849 887 917 
781 1184 
782 937 1104 1453 
783 870 888 
784 867 890 1527 
785 878 
786 803 831 855 856 979 
787 883 904 978 981 1828 
788 816 
789 889 
790 1010 1062 1907 
791 1869 
792 836 849 903 950 1797 
793 848 909 1798 
794 799 859 931 
795 816 1200 
796 833 898 962 
797 908 967 993 
798 814 953 1315 
799 861 1658 
800 851 878 883 
801 874 1235 1610 
802 993 1606 
803 828 881 965 981 997 1661 
804 973 
805 807 1230 1904 
806 818 934 987 
807 
808 1028 
809 896 901 
810 849 878 1963 
811 908 950 
812 993 1741 
813 825 865 945 1115 1405 1955 
814 835 
815 993 1340 1745 
816 844 848 994 
817 
818 
819 941 972 1105 
820 825 917 
821 836 1933 1973 
822 847 900 935 958 1246 1612 
823 890 
824 911 916 1021 
825 847 915 1638 
826 897 
827 918 948 986 
828 835 
829 967 
830 834 
831 836 991 
832 871 1104 
833 915 
834 995 1571 
835 906 
836 898 1881 
837 1933 
838 900 906 993 1150 
839 854 971 1154 
840 1356 1793 1934 
841 
842 1273 
843 915 921 947 973 1683 
844 955 
845 860 982 1015 
846 
847 
848 
849 929 1690 1823 
850 869 927 942 
851 963 
852 860 968 
853 897 919 
854 897 938 
855 870 890 
856 868 926 981 1098 1476 1991 
857 1617 
858 
859 
860 1109 1296 1513 
861 
862 943 1229 
863 896 920 979 1470 
864 1337 
865 
866 
867 920 953 
868 923 1160 
869 
870 923 1457 1692 
871 
872 1843 
873 917 1364 1445 
874 1669 
875 1351 
876 877 904 950 
877 
878 
879 
880 910 1349 
881 
882 933 
883 
884 963 989 
885 986 
886 941 995 
887 1568 
888 904 947 1420 
889 
890 907 
891 
892 1615 
893 965 983 
894 977 1625 
895 1502 1669 
896 1613 
897 953 1277 1539 
898 
899 1566 
900 
901 903 1771 
902 951 1445 
903 913 965 
904 910 955 
905 1593 
906 1055 1383 1615 
907 964 1004 
908 970 1070 1097 
909 984 
910 
911 1604 
912 952 
913 
914 930 994 1126 
915 981 991 
916 
917 940 1875 
918 1393 
919 
920 1797 
921 962 
922 992 
923 952 1180 1641 
924 948 
925 972 
926 
927 961 
928 947 980 
929 1682 
930 
931 1181 1195 
932 1265 1437 
933 1570 
934 
935 1990 
936 937 1567 
937 
938 
939 
940 969 980 
941 973 986 990 1283 1377 
942 964 1416 
943 
944 1564 
945 988 
946 
947 1110 
948 967 
949 1413 1858 
950 
951 961 1130 
952 1443 
953 1745 
954 
955 1224 1691 
956 1919 
957 976 
958 
959 
960 993 
961 984 999 1675 1872 
962 1214 
963 
964 
965 
966 
967 982 1109 
968 1050 1221 
969 971 1634 1716 
970 1828 
971 
972 1796 
973 1221 
974 
975 992 
976 997 1871 
977 1305 
978 
979 1496 
980 1101 
981 
982 
983 1725 
984 997 
985 1659 
986 1230 1353 
987 
988 1188 1722 1743 
989 1882 
990 1121 
991 1302 
992 
993 1869 
994 1909 
995 1041 
996 1350 
997 1151 
998 
999 
1000 1197 1306 1539 1569 1766 1901 
1001 1106 1264 1371 1463 1729 1767 
1002 1255 1406 1472 1568 1624 1697 1870 1912 
1003 1100 1725 1860 
1004 1008 1054 1090 1098 1194 1543 1642 1692 1801 1896 
1005 1194 
1006 1015 1068 1130 1143 1224 1296 1389 1438 1791 1835 1899 1926 
1007 1248 1254 1438 1523 1777 1914 
1008 1021 1187 1394 1492 1523 1582 1589 1754 1825 1862 
1009 1037 1141 1179 1198 1393 1425 1703 1719 1837 1931 1959 1970 
1010 1053 1384 1547 1694 1877 
1011 1214 1272 1530 1888 
1012 1091 1172 1284 1630 1857 1957 
1013 1496 1537 1567 1714 1900 
1014 1171 1201 1253 1291 1508 1593 1616 1652 1688 1837 
1015 1143 1154 1176 1215 1544 1861 1882 1960 1996 
1016 1101 1230 1355 1601 1702 1984 
1017 1523 1699 1705 1809 1834 1874 
1018 1076 1161 1227 1371 1383 1529 1547 1766 1821 
1019 1310 1311 1370 1787 1792 1828 
1020 1273 1501 1527 1742 
1021 1044 1219 1291 1500 1651 
1022 1144 1368 1579 1808 1874 
1023 1029 1137 1217 1301 1605 1796 1894 1944 1966 
1024 1269 1272 1647 1702 
1025 1319 1540 1646 1898 1918 1992 1995 
1026 1103 1165 1176 1359 1387 1489 1516 1647 1850 
1027 1157 1400 1500 1594 1722 1834 1841 1951 
1028 1121 1152 1174 1645 1725 1864 
1029 1060 1224 1289 1399 1455 
1030 1322 1501 1562 1869 
1031 1497 1565 1594 1665 1685 1810 1861 1916 
1032 1065 1089 1494 1722 1820 1856 1955 
1033 1040 1132 1195 1617 1688 1749 1897 1921 1939 
1034 1178 1811 
1035 1544 1863 1931 
1036 1217 1234 1390 1510 1528 1836 1969 
1037 1160 1281 1287 1470 1578 1592 1749 1964 1974 
1038 1254 1432 1519 1582 1888 1957 1973 1975 
1039 1075 1100 1540 1641 1676 1941 
1040 1176 1361 1366 1477 1740 1973 
1041 1124 1156 1303 1705 1897 1940 
1042 1076 1099 1124 1321 1503 1514 1516 1629 1668 1867 
1043 1066 1247 1508 1677 1794 1857 1926 1960 1962 
1044 1164 1230 1492 1503 1713 1735 1895 
1045 1487 1524 1559 1947 
1046 1056 1088 1107 1114 1327 1339 1390 1517 1677 1703 1718 1762 
1047 1132 1266 1372 1438 1442 1539 1576 1877 
1048 1275 1329 1541 1638 1678 1786 1802 1841 1922 1980 
1049 1114 1257 1785 1800 
1050 1192 1460 1865 1991 
1051 1067 1077 1348 1528 1606 1719 1864 1941 
1052 1141 1289 1412 1581 1764 
1053 1167 1426 
1054 1145 1391 1435 1568 1852 1913 1922 
1055 1109 1159 1379 1388 1403 
1056 1165 1252 1257 1287 1355 1516 1598 1619 1771 1802 1806 1817 1841 1990 
1057 1110 1440 1474 1580 1604 1650 1670 1804 1824 1847 
1058 1349 1447 1757 1835 1930 
1059 1200 1382 1409 1450 1729 1852 1888 1924 1944 
1060 1105 1152 1292 1371 1583 1661 
1061 1270 1391 1404 1490 1839 1914 1985 1993 
1062 1201 1467 1795 1864 1986 
1063 1096 1106 1289 1333 1356 1389 1418 1545 1733 
1064 1592 1957 
1065 1117 1432 1445 1559 1573 1651 1662 1753 
1066 1249 1319 1374 1529 1758 1968 
1067 1106 1183 1649 1968 
1068 1426 1445 1459 1767 1774 
1069 1093 1100 1148 1402 1628 1634 1657 1961 
1070 1336 1349 1422 1807 1845 1914 1920 1952 
1071 1409 1487 1594 1616 1794 1841 
1072 1185 1306 1329 1345 1394 1492 1578 1725 1886 1933 1957 1959 1997 
1073 1104 1266 1424 1657 1886 
1074 1345 1401 1549 1600 1652 1707 
1075 1224 1542 1558 1890 
1076 1236 1570 1608 1679 1730 1834 1898 
1077 1172 1270 1454 1533 1691 
1078 1234 1362 1568 
1079 1221 1695 1739 1849 1855 1893 1918 1921 
1080 1320 1330 1456 1646 1651 1707 1760 
1081 1144 1191 1431 1476 1507 1889 1948 1978 
1082 1137 1165 1226 1312 1509 1579 1593 1835 1884 1963 
1083 1113 1129 1212 1233 1306 1337 1348 1432 1470 1543 1829 1896 
1084 1104 1122 1212 1243 1369 1545 1560 1654 1851 1921 1976 
1085 1336 1378 1404 1637 1907 
1086 1243 1295 1411 1447 1519 1531 1575 1855 1857 1861 
1087 1198 1267 1445 1748 
1088 1168 1217 1232 1314 1388 1529 1596 1618 1623 1858 1944 
1089 1096 1256 1263 1306 1319 1480 1505 1643 1725 
1090 1411 1518 1542 1650 
1091 1295 1462 
1092 1306 1343 1365 1611 1772 1816 1932 
1093 1317 1405 1428 1455 1475 1689 1737 1929 
1094 1184 1189 1468 1477 1534 1586 1663 1752 1830 1847 1894 1981 
1095 1115 1172 1196 1301 1307 1375 1586 1825 1928 
1096 1154 1210 1216 1508 1542 1854 1903 1986 
1097 1136 1312 1512 1540 1679 1687 1755 1897 1970 1977 
1098 1232 1478 1535 1583 1587 1656 1747 
1099 1280 1410 1696 1870 
1100 1145 1396 1608 1815 1937 
1101 1193 1206 1346 1696 1730 1782 1928 1986 
1102 1134 1143 1233 1718 1735 1783 1934 
1103 1115 1116 1302 1350 1386 1870 1881 
1104 1115 1225 1327 1534 1666 1788 1843 
1105 1248 1398 1487 1627 1677 1712 
1106 1129 1266 1273 1481 1530 1722 
1107 1220 1350 1888 1924 1972 
1108 1334 1412 1424 1565 1625 1698 1896 
1109 1232 1481 1773 1902 
1110 1293 1427 1494 1885 1890 1957 1994 
1111 1116 1223 1460 1619 1883 
1112 1164 1400 1746 1921 
1113 1141 1272 1308 1369 1401 1674 1825 
1114 1221 1594 1629 1652 1812 1824 1920 
1115 1164 1626 1894 
1116 1154 1388 1599 1642 
1117 1140 1426 1479 1575 1681 1753 1774 
1118 1260 1336 1441 1523 1632 1818 1828 1930 1940 
1119 1182 1209 1273 1476 1705 1752 1881 
1120 1207 1299 1439 1645 1826 1892 1900 
1121 1123 1289 1388 1406 1519 1604 1830 1875 1878 1982 
1122 1143 1220 1286 1417 1460 1654 1695 1877 1917 
1123 1304 1411 1629 1791 1930 
1124 1231 1331 1604 1614 
1125 1191 1349 1778 1836 1973 
1126 1354 1415 1473 1488 1777 1856 1870 1874 
1127 1146 1334 1571 1601 1645 
1128 1212 1250 1277 1602 1697 
1129 1232 1378 1521 1540 1620 1641 1904 1981 
1130 1171 1246 1284 1334 1625 1641 1766 
1131 1491 1570 1587 
1132 1136 1144 1170 1655 1702 
1133 1223 1394 1857 
1134 1137 1275 1557 1599 1987 
1135 1136 1152 1211 1236 1513 1546 1626 1698 1738 1906 1977 
1136 1344 1383 1482 1483 1616 1762 
1137 1177 1302 1419 1650 1736 1968 
1138 1151 1289 1451 1480 1607 1670 1835 1856 1966 
1139 1145 1228 1508 1725 1738 1750 1811 1887 
1140 1151 1177 1278 1316 1433 1471 1491 1526 1569 1793 1878 
1141 1405 1815 1948 
1142 1171 1409 1412 1499 1695 1757 1973 
1143 1311 1418 1518 1581 1628 1636 1865 1974 
1144 1425 1607 1643 1645 1906 
1145 1203 1253 1284 1339 1388 1471 1550 1702 1902 
1146 1360 1388 1406 1474 1564 1645 1668 1687 1996 
1147 1157 1364 1544 1587 
1148 1581 
1149 1907 
1150 1391 1539 1627 1779 1843 1868 
1151 1207 1802 
1152 1538 1651 1664 
1153 1187 1205 1223 1251 1377 1390 1460 1461 1568 1871 1878 1963 1994 
1154 1429 1441 1462 1550 1629 1685 1786 1864 1866 1878 
1155 1394 1495 
1156 1348 1400 1449 1546 1580 1909 1946 
1157 1285 1323 1683 1738 1777 1786 
1158 1198 1245 1532 1629 1708 1713 
1159 1187 1260 1437 1528 1775 1832 1880 1993 
1160 1258 1501 1799 1934 1972 
1161 1433 1522 1710 1758 1852 1874 1969 
1162 1185 1205 1209 1367 1652 1748 1816 1844 1855 1898 
1163 1295 1495 1559 1575 1680 1916 1945 1983 
1164 1517 1766 1906 1947 
1165 1239 1404 1545 1560 1652 1696 1794 
1166 1287 1530 1583 1700 1798 
1167 1292 1400 1589 1714 1845 
1168 1170 1289 1524 1742 
1169 1427 1670 1683 1738 1783 1863 1884 1949 
1170 1251 1277 1368 1395 1411 1560 1707 1876 1895 1947 1997 
1171 1455 1507 1820 1862 
1172 1192 1307 1392 1606 1638 1887 1900 1924 1953 
1173 1197 1284 1460 1586 1881 1939 
1174 1284 1356 1854 1894 1943 1947 
1175 1198 1223 1249 1339 1344 1696 1975 
1176 1250 1463 1541 1556 1689 1828 1860 1921 
1177 1275 1290 1309 1342 1376 1572 1616 1825 1924 
1178 1361 1637 1856 1868 1881 
1179 1262 1448 1589 1742 1843 1860 1935 
1180 1223 
1181 1255 1427 1571 1573 1584 1679 
1182 1310 1400 1728 1733 1836 1839 1856 
1183 1275 1364 1465 1601 1787 1928 
1184 1241 1283 1313 1368 1496 1515 1846 1946 1985 
1185 1219 1554 1664 1721 1766 1965 
1186 1367 1815 
1187 1211 1315 1425 1844 1971 
1188 1345 1353 1358 1443 1486 1526 1575 1607 1723 1786 1828 
1189 1219 1592 1620 1805 1861 1933 
1190 1270 1332 1366 1403 1881 1945 
1191 1253 1392 1427 1509 1575 1765 1766 
1192 1299 1793 
1193 1258 1272 1282 1519 1804 1844 1926 1976 
1194 1269 1296 1362 1394 1424 1464 1769 
1195 1204 1387 1406 1419 1489 1578 1721 
1196 1286 1297 1303 1320 1389 1404 1423 1441 1851 1955 
1197 1198 1247 1405 1723 1760 1764 
1198 1338 1838 1851 1954 
1199 1325 1554 1778 1812 
1200 1349 1628 1671 1725 1882 1954 
1201 1256 1491 1517 1612 1619 1712 1750 1852 1877 1968 
1202 1307 1531 1572 1656 1739 1790 1795 1820 
1203 1230 1369 1377 1518 1625 1640 1727 
1204 1312 1326 1467 1533 1536 1598 1827 1842 1852 1887 
1205 1313 1483 1493 1659 1732 1834 
1206 1217 1321 1333 1361 
1207 1370 1388 1452 1454 1539 1630 1638 1888 
1208 1343 1351 1440 1706 1912 
1209 1213 1235 1255 1316 1335 1448 1461 1469 1549 1834 1961 
1210 1268 1301 1370 1529 1584 1723 1861 1999 
1211 1440 1562 1575 1607 1626 1640 1691 1817 1899 1940 
1212 1607 1706 1824 1887 
1213 1234 1729 1856 1980 
1214 1234 1448 1502 1625 1681 1754 1757 1766 1806 
1215 1305 1466 1753 1843 1909 
1216 1591 1918 1994 
1217 1447 1482 1577 1820 1823 1871 
1218 1250 1264 1274 1621 1773 1981 
1219 1343 1440 1638 1664 1705 1928 
1220 1351 1426 1496 1575 1711 1783 1914 1941 
1221 1480 1580 1728 1770 1959 
1222 1329 1395 1482 1507 1622 1844 
1223 1436 1537 1545 1630 1646 1728 1757 1767 
1224 1325 1329 1623 1761 1865 
1225 1691 1828 1908 
1226 1510 1891 
1227 1494 
1228 1438 1472 1812 1854 1876 
1229 1249 1288 1356 1518 1522 1554 1590 1616 1764 1818 1835 1933 
1230 1286 1350 1377 1830 1867 1971 
1231 1303 1322 1367 1468 1652 1904 1917 1981 
1232 1299 1420 1503 1646 1693 1967 
1233 1458 1588 1909 
1234 1285 1312 1447 1653 1712 1765 1785 1860 1986 
1235 1291 1419 1423 1456 1594 1972 
1236 1331 1368 1584 1620 1688 1987 
1237 1429 1739 1781 1789 1831 1949 
1238 1333 1371 1387 1495 1557 1687 1962 1984 
1239 1321 1345 1370 1538 1673 1756 1760 1968 1978 
1240 1274 1559 1649 1671 1909 1926 1935 
1241 1322 1358 1481 1537 1610 1686 1736 1882 1943 
1242 1560 1782 
1243 1529 1794 1884 1886 
1244 1260 1278 1291 1361 1422 1590 1800 
1245 1277 1445 1467 1567 1718 1833 1933 
1246 1503 1700 1812 1829 1957 1976 
1247 1292 1362 1408 1733 1739 
1248 1284 1312 1388 1582 1707 1837 1844 1971 
1249 1307 1340 1396 1435 1517 1557 1887 
1250 1290 1438 1682 
1251 1252 1272 1424 1462 1516 1693 1754 1854 
1252 1475 1669 1779 1914 1981 1985 
1253 1296 1372 1643 1707 
1254 1310 1457 1470 1531 1886 1925 
1255 1319 1368 1395 1509 1648 1836 1955 1974 
1256 1461 1683 1930 1971 
1257 1340 1565 1591 1670 1960 
1258 1303 1459 1461 1687 1693 1859 
1259 1274 1426 1619 1726 1867 1886 1908 1955 
1260 1501 1713 
1261 1327 1463 1543 1695 1817 1982 
1262 1280 1336 1338 1414 1770 1776 1892 
1263 1352 1360 1743 1833 
1264 1523 1610 1735 1826 
1265 1311 1452 1500 1508 1637 1840 1908 1912 
1266 1366 1532 1555 1622 1626 1713 1761 
1267 1271 1335 1433 1587 1920 
1268 1555 1639 
1269 1316 1378 1722 1798 
1270 1413 1611 1713 1855 
1271 1391 1629 1630 1897 
1272 1366 1473 
1273 1275 1361 1384 1522 1693 1725 1751 1753 1755 1865 1881 
1274 1440 1564 1727 1732 1774 1815 
1275 1289 1526 1607 1632 1979 
1276 1706 1902 
1277 1343 1500 1509 1723 
1278 1495 1751 1936 
1279 1325 1337 1428 1491 1533 1571 1770 1830 1876 1925 
1280 1948 
1281 1333 1505 1540 1987 
1282 1318 1785 1822 1921 
1283 1296 1767 1805 1929 
1284 1331 1363 1392 1452 1516 1563 1603 1661 1962 
1285 1448 1591 1745 1846 
1286 1331 1405 1539 1608 1619 1815 1897 
1287 1379 1486 1535 1593 1602 1707 1833 1987 
1288 1502 1642 1814 1834 
1289 1358 1491 1571 1812 1920 1930 
1290 1562 1782 1807 1829 1918 1992 
1291 1434 1462 1603 1744 1885 
1292 1303 1680 1775 
1293 1439 1721 1795 
1294 1364 1474 1963 
1295 1654 
1296 1444 1511 
1297 1425 1661 1675 1718 1748 
1298 1573 1629 1717 1763 1971 
1299 1322 1619 1622 1748 1919 1930 
1300 1677 1750 1994 
1301 1505 1571 1627 1745 
1302 1333 1417 1524 1581 1747 1825 
1303 1416 1481 1525 1544 1799 
1304 1326 1485 1511 1654 1790 1830 1854 
1305 1464 1478 1484 1603 1768 
1306 1354 1564 1641 1676 1748 1810 
1307 1509 1563 1865 1929 1951 
1308 1578 1585 1588 1664 1707 1770 1828 
1309 1457 1603 1650 1662 1714 1744 1794 1913 1924 1940 
1310 1330 1355 1516 1567 1577 1691 1716 1735 1828 1891 1895 
1311 1529 1593 1975 
1312 1779 
1313 1547 1601 1639 1648 1670 1696 1769 
1314 1324 1391 1749 
1315 1343 1408 1499 1541 1551 1561 1844 1933 1946 
1316 1509 1699 1967 
1317 1330 1504 1561 1620 1878 1886 1947 1979 
1318 1848 1904 1981 
1319 1388 1426 1473 1765 1908 
1320 1383 1404 1412 1426 1740 1812 
1321 1325 1526 1603 1651 1816 1842 1979 
1322 1505 1554 
1323 1442 1549 1571 1699 1753 
1324 
1325 1529 1549 1722 1767 
1326 1626 1652 1865 1891 1933 
1327 1512 1616 1725 1906 
1328 1392 1399 1480 1600 1601 1643 1704 1731 1796 1816 
1329 1466 1553 1579 1654 1963 
1330 1517 1539 1751 1802 
1331 1544 1557 1972 
1332 1339 1350 1499 1851 1991 
1333 1339 1363 1458 1511 1561 1569 1863 1882 1993 
1334 1370 1431 1761 1821 1892 
1335 1436 1489 1707 1841 1868 
1336 1345 1535 1578 1644 1936 
1337 1339 1403 1428 1526 1533 1567 1572 1718 1763 1812 1885 1903 1948 
1338 1439 1594 1651 1696 1792 1810 1812 1911 
1339 1384 1462 1685 1696 1755 1763 1915 1985 
1340 1649 1659 1840 
1341 1439 1512 1571 1831 
1342 1397 1683 1755 1918 1966 
1343 1541 1547 1838 1980 
1344 1397 1399 1490 1943 
1345 1481 1484 1612 
1346 1375 1556 1631 1698 1976 
1347 1702 1851 
1348 1420 1648 1696 1956 
1349 1706 1798 1892 
1350 1404 1444 1479 1710 1733 1742 1823 1849 1940 1962 
1351 1637 1681 1787 1858 
1352 1564 1732 1743 1862 
1353 1671 1825 1907 
1354 1423 1543 1702 1732 1742 1830 1880 1955 
1355 1399 1412 1426 1701 1766 
1356 1409 1726 1772 
1357 1815 1816 1960 
1358 1421 1485 1518 1732 1855 1880 
1359 1384 1538 1606 1691 1825 
1360 1409 1846 1884 1912 1961 
1361 1363 1399 1436 1545 1599 1644 1649 1725 1736 1810 1925 1969 
1362 1484 1497 1516 1592 1854 
1363 1408 1426 1728 1749 
1364 1444 1518 1886 1916 
1365 1527 1559 1610 
1366 1518 1628 1665 1683 
1367 1547 1732 1764 
1368 1521 1574 1920 1948 
1369 1525 1547 1596 
1370 1387 1389 1456 1612 1847 1860 
1371 1380 1404 1414 1540 1543 1622 1681 1914 1926 1957 
1372 1795 1897 
1373 1405 1472 1566 1671 1761 1874 1910 1980 1984 
1374 1490 1519 1582 1805 1874 
1375 1610 1659 1911 
1376 1421 1451 1523 1545 1617 1797 1830 1929 1942 1955 
1377 1475 1626 1810 1871 
1378 1519 1937 
1379 1531 1668 
1380 1569 1858 
1381 1413 1544 1591 1679 1750 
1382 1450 1534 1551 1836 
1383 1389 1430 1582 1690 1844 1920 
1384 1385 1452 1725 1869 1994 
1385 1689 1692 1961 
1386 1396 1476 1598 1842 
1387 1407 1613 1673 1898 
1388 1721 1772 1839 1852 
1389 1489 1556 1722 1759 1826 1935 
1390 1545 1625 1686 1700 1751 1952 1959 
1391 1505 1622 1645 1839 1943 
1392 1612 1657 1863 
1393 1478 1894 1914 
1394 1400 1649 1657 1839 1856 1975 
1395 1468 1581 1594 1695 1706 1849 
1396 1746 1928 1952 1962 
1397 1459 1736 1799 1940 1961 1995 
1398 1610 1913 1986 
1399 1429 1519 1534 1738 1828 1874 
1400 1700 
1401 1476 1557 1565 1925 
1402 1557 1715 1816 1900 1966 
1403 1770 1911 1925 
1404 1619 1630 1646 1728 1843 1850 1882 
1405 1453 1508 1516 1760 1778 
1406 1469 1484 1551 1674 1713 1757 
1407 1782 
1408 1443 1782 1870 1942 
1409 1468 1705 1828 1912 1934 
1410 1602 1616 1665 1867 
1411 1478 1733 1922 1947 1958 
1412 1498 1555 1643 1776 1884 1912 
1413 1570 1655 1672 1685 1715 1868 
1414 1607 1967 
1415 1687 1821 1827 
1416 1502 1901 
1417 1533 1645 1646 1653 1677 1692 1946 1988 
1418 1625 1853 
1419 1633 1754 1910 1923 
1420 1474 1500 1674 1690 1695 1792 1857 
1421 1534 1597 1763 1843 
1422 1448 1508 1569 1612 1619 1778 1795 1870 
1423 1660 1867 
1424 1430 1468 1496 
1425 1539 1770 1983 
1426 1516 1598 1646 1725 
1427 1507 1522 1743 1862 1927 1939 
1428 1449 1475 1518 1689 1772 1813 
1429 1557 1618 1696 
1430 1451 1717 1852 
1431 1503 1583 1622 1635 1873 1891 
1432 1591 
1433 1505 1557 1785 
1434 1465 1563 1626 1659 
1435 1512 1524 1597 
1436 1654 
1437 1447 1608 1674 
1438 1570 1578 1727 1793 
1439 1857 1911 1915 
1440 1461 1590 1607 1724 1834 1908 1969 
1441 1785 1827 
1442 1504 1629 1926 
1443 1649 1732 1831 1897 
1444 1792 1947 
1445 1596 1842 
1446 1547 1605 1884 1935 
1447 1460 1864 1941 1970 1982 
1448 1547 1871 1939 1986 
1449 1524 1653 1975 
1450 1454 1483 1547 1867 
1451 1941 
1452 1478 1521 1808 1865 1908 1910 1999 
1453 1467 1688 1736 1862 
1454 1670 
1455 1973 
1456 1500 1508 1574 1632 1707 1797 1819 1865 
1457 1478 1731 1768 
1458 1543 1561 1790 1899 1929 1932 
1459 1472 1542 1611 1842 1963 1983 
1460 1713 
1461 1490 1633 1861 
1462 
1463 1653 1810 1840 
1464 1524 1569 1746 
1465 1589 1986 
1466 1658 1966 
1467 1871 
1468 1475 1741 1796 1800 
1469 1600 1716 1834 1864 1950 1967 
1470 1532 1630 1858 
1471 1537 1561 1664 
1472 1478 1663 1852 
1473 1556 1689 1823 1826 1879 1991 
1474 1622 1724 1806 1816 1828 1864 1932 1987 
1475 1848 1857 
1476 1582 1784 
1477 1497 1534 1726 1919 
1478 1501 1525 1700 1719 1748 1754 1836 
1479 1494 1571 
1480 1628 1700 1748 1834 
1481 1563 1675 1681 1771 1856 1857 
1482 1517 1534 1542 1822 1833 1883 1941 
1483 1516 1533 1592 1753 
1484 1768 1879 
1485 1498 1844 1959 
1486 1607 1863 
1487 1512 1535 1735 1742 1745 1770 1900 1969 
1488 1724 1821 1949 
1489 1740 1767 1906 
1490 1557 1675 1710 1930 
1491 1513 1534 1834 
1492 1665 
1493 1828 1878 
1494 1524 1863 
1495 1514 1828 1889 1891 
1496 1564 1681 1809 
1497 1600 1705 1735 1766 1871 
1498 1641 1944 1947 
1499 1512 1614 1645 1651 1673 1912 1952 
1500 1512 1594 
1501 1510 1559 1602 1704 1755 
1502 1581 1640 1754 
1503 1531 1698 
1504 1520 1566 1793 1883 
1505 1509 1571 1572 1790 1854 1867 1929 1966 
1506 1546 1614 1618 1829 
1507 1552 1650 1671 1686 1819 1907 
1508 1758 1890 1919 
1509 1517 1857 1880 
1510 1858 1877 1902 1920 
1511 1521 1530 1617 1758 
1512 1716 1737 1753 
1513 1524 
1514 1605 1608 1742 1755 1801 1921 
1515 1566 1588 1742 
1516 1615 1949 
1517 1575 1956 
1518 1882 
1519 1534 
1520 1547 1594 1629 1813 1840 1880 
1521 1581 1613 1850 
1522 1639 1940 
1523 1773 1939 
1524 1543 1546 1656 1687 1718 1818 1834 1838 1968 1975 1998 
1525 1577 1835 1855 
1526 1625 
1527 1616 1982 1983 1996 
1528 1629 1737 
1529 1570 1647 1687 
1530 1627 1919 
1531 1535 1603 1815 1818 1827 
1532 1599 1712 1733 1762 1794 1851 1900 
1533 1616 1697 1848 1901 1911 1956 
1534 1581 1829 1834 
1535 1597 1642 1710 
1536 1656 1694 1779 1817 1897 
1537 1636 1694 1832 1837 1852 
1538 1688 1794 1801 1880 1990 
1539 1646 1833 
1540 1616 1624 1786 1968 1971 
1541 1819 1968 1989 
1542 1668 1869 1901 1905 
1543 1589 1635 1738 1768 1964 
1544 1698 1957 1969 
1545 1595 1970 1998 
1546 1642 1869 1912 
1547 1735 1752 
1548 1642 
1549 1989 
1550 1579 1612 1765 
1551 1604 
1552 1575 1580 1712 1735 1778 1933 1959 
1553 1633 1790 1802 1878 
1554 
1555 1645 1761 1988 
1556 1845 
1557 1763 1834 
1558 1597 1647 1760 1782 1967 
1559 1725 1879 1950 
1560 1766 
1561 1646 1652 1694 
1562 1600 1605 1634 1640 1661 1737 
1563 1633 1666 1991 
1564 
1565 1705 1868 1880 
1566 1803 1808 
1567 1610 1633 
1568 1570 
1569 1789 1981 
1570 1640 1833 
1571 1624 1740 1880 
1572 1604 1611 1627 1790 1893 1953 
1573 1613 1621 1651 1765 1850 
1574 1670 1679 1723 1843 
1575 1586 1720 1748 1798 1869 
1576 1883 1969 
1577 1751 1799 1877 1936 
1578 1840 1942 
1579 1585 1717 
1580 1585 1850 1864 
1581 1583 1597 1619 1744 1811 1852 1866 
1582 1696 1700 1943 1979 
1583 1880 1925 
1584 
1585 1666 1818 
1586 1587 1638 1793 1807 
1587 1813 1870 1919 
1588 1611 1765 1895 
1589 1664 1776 1783 1832 
1590 1705 1712 1891 
1591 1868 
1592 1596 
1593 1828 1976 
1594 1668 1845 1926 1988 1999 
1595 1862 1942 1943 
1596 1692 1713 1927 
1597 1997 
1598 1656 1657 1756 1757 1923 1995 
1599 1731 1819 1930 
1600 1714 1864 1866 
1601 1720 
1602 1658 1888 
1603 1606 1700 
1604 1689 
1605 1718 1721 1755 1902 1933 
1606 1657 1854 1870 1922 
1607 1632 1760 1891 1929 1956 1983 
1608 1679 1724 1740 1835 1860 1922 1937 
1609 1611 1827 1933 1966 
1610 1712 
1611 1653 1894 
1612 1684 1981 
1613 1732 1787 1984 
1614 1726 1798 1828 1907 1969 
1615 1617 1886 1940 1983 
1616 1745 1880 
1617 1811 1854 
1618 1626 1667 1721 1733 1743 
1619 1699 1737 1751 
1620 1808 1858 1943 1963 
1621 1635 1749 1786 1904 1989 
1622 1846 1864 
1623 1784 
1624 1741 1908 1963 
1625 1714 1785 1803 
1626 
1627 1799 1981 
1628 1694 1891 
1629 1664 
1630 1667 1697 1766 1857 
1631 
1632 1685 
1633 1720 1755 1878 
1634 1831 1863 1925 1928 1947 
1635 1720 1806 
1636 1952 1986 
1637 1653 1991 
1638 1686 1941 1959 
1639 1649 1810 
1640 1679 1712 1751 
1641 1726 1737 1925 1935 1959 
1642 1742 1856 1925 1963 
1643 1711 1829 1981 
1644 1646 1689 1776 1809 
1645 1718 1746 1884 1890 
1646 1913 
1647 1674 1849 1877 1998 
1648 1679 1874 1882 1924 
1649 1734 1799 
1650 1777 1959 
1651 1714 1730 1878 1947 
1652 1659 1696 1709 1835 1862 
1653 
1654 1752 1753 1773 1816 1857 1919 
1655 1666 1807 
1656 1762 1984 
1657 1811 1952 1994 
1658 1748 1852 1975 
1659 1859 
1660 1902 1935 
1661 1685 1721 1818 1823 1873 
1662 1863 1885 1916 
1663 1837 1904 1987 
1664 1751 
1665 1713 1861 
1666 1735 1801 1894 1976 1989 
1667 1994 
1668 1747 1816 1820 1838 
1669 1672 1748 1781 1935 
1670 1723 1750 1801 1918 1994 
1671 1673 1696 1816 1979 
1672 1747 1787 
1673 1758 1771 1909 1925 
1674 1683 1845 1932 
1675 1937 
1676 1785 1956 1999 
1677 1835 1904 
1678 1815 1966 
1679 1753 1806 1863 1892 1903 
1680 1898 
1681 1698 1843 1898 
1682 
1683 1946 
1684 1828 1959 1993 
1685 1710 1711 1741 
1686 1899 
1687 
1688 1748 1795 1801 1931 1970 
1689 1741 
1690 1717 1719 1943 
1691 1753 1795 1888 
1692 1827 
1693 
1694 1867 1964 
1695 1920 
1696 1934 
1697 1705 1988 
1698 1748 1804 
1699 1779 1838 1853 1983 
1700 1750 
1701 1941 
1702 1710 1753 1846 1923 
1703 1858 1998 
1704 
1705 1755 1809 1894 
1706 1737 1748 1845 
1707 1797 1873 1963 
1708 1761 1886 
1709 1745 1833 1890 
1710 1751 1789 1918 
1711 1994 
1712 1841 1867 
1713 1953 
1714 1857 
1715 
1716 1810 1966 
1717 1737 1946 
1718 1803 1846 1887 
1719 1743 1814 1973 
1720 1935 
1721 1848 1887 
1722 1812 1893 
1723 1818 1897 
1724 
1725 1751 1773 1952 
1726 1945 1960 
1727 1769 1801 
1728 1837 
1729 1968 1982 1989 
1730 1755 1846 1857 
1731 1746 1798 1975 
1732 1883 
1733 1801 1900 
1734 1746 1828 
1735 1753 1755 1795 1806 1916 
1736 1738 1990 
1737 1745 1766 1877 
1738 1821 
1739 
1740 1910 1950 
1741 1802 1901 
1742 1874 
1743 1747 1845 
1744 
1745 
1746 1910 
1747 
1748 1790 1883 1953 1996 
1749 1788 1835 1878 1904 1928 1958 
1750 
1751 1848 1857 
1752 1891 1927 
1753 1937 
1754 1906 1969 
1755 1905 1951 1995 
1756 1944 
1757 1951 
1758 1854 1905 1969 1984 1987 
1759 
1760 1834 1987 
1761 
1762 1893 1972 
1763 
1764 1815 1932 1962 
1765 1808 
1766 1935 1975 
1767 
1768 1769 1874 1928 
1769 1843 1849 
1770 
1771 
1772 1868 1908 1964 
1773 
1774 1784 1935 1938 
1775 1800 1881 
1776 1817 
1777 
1778 1957 
1779 1781 1809 1980 1981 
1780 1883 1917 
1781 1833 1970 
1782 
1783 1832 1919 
1784 1790 1941 
1785 1878 
1786 1857 1862 
1787 1803 
1788 1821 1901 1930 
1789 1908 1941 
1790 1805 1848 1876 1900 1960 1977 
1791 1819 1882 1964 
1792 1886 
1793 1898 1925 
1794 1802 
1795 1865 
1796 1995 
1797 1916 
1798 1819 
1799 1858 1935 
1800 1814 1833 1909 1915 
1801 1827 1912 
1802 1915 1916 1928 1932 1964 
1803 
1804 1831 
1805 1815 
1806 1986 
1807 1872 1883 1994 
1808 1936 1980 
1809 
1810 1855 1918 1922 1958 
1811 1832 1937 1947 
1812 
1813 1850 1913 
1814 
1815 1907 1914 
1816 1902 
1817 1931 
1818 
1819 1875 1976 
1820 1902 1933 
1821 1891 
1822 1984 
1823 1865 1887 
1824 1910 
1825 
1826 
1827 1864 
1828 1860 1888 1890 1970 
1829 
1830 1958 
1831 1835 1967 
1832 
1833 1981 
1834 1848 1971 
1835 1899 1929 1993 
1836 1871 
1837 1872 
1838 
1839 1856 1967 1968 
1840 1848 
1841 1943 
1842 
1843 1911 1962 1968 1979 
1844 1882 
1845 1899 1909 1910 
1846 
1847 1911 
1848 1877 1957 
1849 1902 
1850 1869 1889 
1851 
1852 1895 
1853 
1854 1945 1957 1975 
1855 1993 
1856 1934 1959 
1857 1868 1932 1951 
1858 
1859 
1860 1928 
1861 1912 
1862 1866 
1863 
1864 1924 1968 
1865 
1866 1990 1998 
1867 
1868 1873 
1869 1948 1957 
1870 
1871 
1872 
1873 
1874 1880 
1875 1876 1922 
1876 1945 
1877 1946 1966 
1878 1943 1964 
1879 1995 
1880 1938 
1881 1977 
1882 1902 
1883 
1884 1895 1935 
1885 1902 
1886 
1887 1911 1937 
1888 
1889 1962 
1890 
1891 1957 
1892 1966 
1893 1985 
1894 
1895 1914 
1896 1911 
1897 1905 1914 1939 1972 
1898 
1899 
1900 
1901 
1902 1941 
1903 
1904 1914 1965 
1905 1988 
1906 1909 1988 
1907 1997 
1908 
1909 
1910 
1911 1963 
1912 1917 1923 
1913 
1914 
1915 1921 1982 
1916 
1917 
1918 
1919 
1920 
1921 1953 
1922 1923 
1923 1991 
1924 1938 
1925 1982 
1926 
1927 
1928 
1929 
1930 
1931 
1932 1986 
1933 
1934 
1935 1993 
1936 
1937 1966 
1938 
1939 
1940 1971 
1941 1974 
1942 
1943 1958 1999 
1944 
1945 
1946 
1947 1976 
1948 
1949 1956 1972 
1950 
1951 1983 1995 
1952 
1953 
1954 
1955 1991 
1956 
1957 
1958 1966 
1959 1961 
1960 
1961 1971 
1962 
1963 
1964 
1965 
1966 
1967 1969 
1968 1987 
1969 
1970 
1971 
1972 1973 
1973 
1974 
1975 
1976 
1977 
1978 
1979 
1980 
1981 
1982 1988 
1983 
1984 
1985 
1986 1987 
1987 
1988 1997 
1989 
1990 
1991 
1992 
1993 
1994 
1995 
1996 
1997 
1998 
1999 
[0, 0, 0, 0, 0, 0, 0, 0, 0, 0, 0, 0, 0, 0, 0, 0, 0, 0, 0, 0, 0, 0, 0, 0, 0, 0, 0, 0, 0, 0, 0, 0, 0, 0, 0, 0, 0, 0, 0, 0, 0, 0, 0, 0, 0, 0, 0, 0, 0, 0, 0, 0, 0, 0, 0, 0, 0, 0, 0, 0, 0, 0, 0, 0, 0, 0, 0, 0, 0, 0, 0, 0, 0, 0, 0, 0, 0, 0, 0, 0, 0, 0, 0, 0, 0, 0, 0, 0, 0, 0, 0, 0, 0, 0, 0, 0, 0, 0, 0, 0, 0, 0, 0, 0, 0, 0, 0, 0, 0, 0, 0, 0, 0, 0, 0, 0, 0, 0, 0, 0, 0, 0, 0, 0, 0, 0, 0, 0, 0, 0, 0, 0, 0, 0, 0, 0, 0, 0, 0, 0, 0, 0, 0, 0, 0, 0, 0, 0, 0, 0, 0, 0, 0, 0, 0, 0, 0, 0, 0, 0, 0, 0, 0, 0, 0, 0, 0, 0, 0, 0, 0, 0, 0, 0, 0, 0, 0, 0, 0, 0, 0, 0, 0, 0, 0, 0, 0, 0, 0, 0, 0, 0, 0, 0, 0, 0, 0, 0, 0, 0, 0, 0, 0, 0, 0, 0, 0, 0, 0, 0, 0, 0, 0, 0, 0, 0, 0, 0, 0, 0, 0, 0, 0, 0, 0, 0, 0, 0, 0, 0, 0, 0, 0, 0, 0, 0, 0, 0, 0, 0, 0, 0, 0, 0, 0, 0, 0, 0, 0, 0, 0, 0, 0, 0, 0, 0, 0, 0, 0, 0, 0, 0, 0, 0, 0, 0, 0, 0, 0, 0, 0, 0, 0, 0, 0, 0, 0, 0, 0, 0, 0, 0, 0, 0, 0, 0, 0, 0, 0, 0, 0, 0, 0, 0, 0, 0, 0, 0, 0, 0, 0, 0, 0, 0, 0, 0, 0, 0, 0, 0, 0, 0, 0, 0, 0, 0, 0, 0, 0, 0, 0, 0, 0, 0, 0, 0, 0, 0, 0, 0, 0, 0, 0, 0, 0, 0, 0, 0, 0, 0, 0, 0, 0, 0, 0, 0, 0, 0, 0, 0, 0, 0, 0, 0, 0, 0, 0, 0, 0, 0, 0, 0, 0, 0, 0, 0, 0, 0, 0, 0, 0, 0, 0, 0, 0, 0, 0, 0, 0, 0, 0, 0, 0, 0, 0, 0, 0, 0, 0, 0, 0, 0, 0, 0, 0, 0, 0, 0, 0, 0, 0, 0, 0, 0, 0, 0, 0, 0, 0, 0, 0, 0, 0, 0, 0, 0, 0, 0, 0, 0, 0, 0, 0, 0, 0, 0, 0, 0, 0, 0, 0, 0, 0, 0, 0, 0, 0, 0, 0, 0, 0, 0, 0, 0, 0, 0, 0, 0, 0, 0, 0, 0, 0, 0, 0, 0, 0, 0, 0, 0, 0, 0, 0, 0, 0, 0, 0, 0, 0, 0, 0, 0, 0, 0, 0, 0, 0, 0, 0, 0, 0, 0, 0, 0, 0, 0, 0, 0, 0, 0, 0, 0, 0, 0, 0, 0, 0, 0, 0, 0, 0, 0, 0, 0, 0, 0, 0, 0, 0, 0, 0, 0, 0, 0, 0, 0, 0, 0, 0, 0, 0, 0, 0, 0, 0, 0, 0, 0, 0, 0, 0, 0, 0, 0, 0, 0, 0, 0, 0, 0, 0, 0, 0, 0, 0, 0, 0, 0, 0, 0, 0, 0, 0, 0, 0, 0, 0, 0, 0, 0, 0, 0, 0, 0, 0, 0, 0, 0, 0, 0, 0, 0, 0, 0, 0, 0, 0, 0, 0, 0, 0, 0, 0, 0, 0, 0, 0, 0, 0, 0, 0, 0, 0, 0, 0, 0, 0, 0, 0, 0, 0, 0, 0, 0, 0, 0, 0, 0, 0, 0, 0, 0, 0, 0, 0, 0, 0, 0, 0, 0, 0, 0, 0, 0, 0, 0, 0, 0, 0, 0, 0, 0, 0, 0, 0, 0, 0, 0, 0, 0, 0, 0, 0, 0, 0, 0, 0, 0, 0, 0, 0, 0, 0, 0, 0, 0, 0, 0, 0, 0, 0, 0, 0, 0, 0, 0, 0, 0, 0, 0, 0, 0, 0, 0, 0, 0, 0, 0, 0, 0, 0, 0, 0, 0, 0, 0, 0, 0, 0, 0, 0, 0, 0, 0, 0, 0, 0, 0, 0, 0, 0, 0, 0, 0, 0, 0, 0, 0, 0, 0, 0, 0, 0, 0, 0, 0, 0, 0, 0, 0, 0, 0, 0, 0, 0, 0, 0, 0, 0, 0, 0, 0, 0, 0, 0, 0, 0, 0, 0, 0, 0, 0, 0, 0, 0, 0, 0, 0, 0, 0, 0, 0, 0, 0, 0, 0, 0, 0, 0, 0, 0, 0, 0, 0, 0, 0, 0, 0, 0, 0, 0, 0, 0, 0, 0, 0, 0, 0, 0, 0, 0, 0, 0, 0, 0, 0, 0, 0, 0, 0, 0, 0, 0, 0, 0, 0, 0, 0, 0, 0, 0, 0, 0, 0, 0, 0, 0, 0, 0, 0, 0, 0, 0, 0, 0, 0, 0, 0, 0, 0, 0, 0, 0, 0, 0, 0, 0, 0, 0, 0, 0, 0, 0, 0, 0, 0, 0, 0, 0, 0, 0, 0, 0, 0, 0, 0, 0, 0, 0, 0, 0, 0, 0, 0, 0, 0, 0, 0, 0, 0, 0, 0, 0, 0, 0, 0, 0, 0, 0, 0, 0, 0, 0, 0, 0, 0, 0, 0, 0, 0, 0, 0, 0, 0, 0, 0, 0, 0, 0, 0, 0, 0, 0, 0, 0, 0, 0, 0, 0, 0, 0, 0, 0, 0, 0, 0, 0, 0, 0, 0, 0, 0, 0, 0, 0, 0, 0, 0, 0, 0, 0, 0, 0, 0, 0, 0, 0, 0, 0, 0, 0, 0, 0, 0, 0, 0, 0, 0, 0, 0, 0, 0, 0, 0, 0, 0, 0, 0, 0, 0, 0, 0, 0, 0, 0, 0, 0, 0, 0, 0, 0, 0, 0, 0, 0, 0, 0, 0, 0, 0, 0, 0, 0, 0, 0, 0, 0, 0, 0, 0, 0, 0, 0, 0, 0, 0, 0, 0, 0, 0, 0, 0, 0, 0, 0, 0, 0, 0, 0, 0, 1, 1, 1, 1, 1, 1, 1, 1, 1, 1, 1, 1, 1, 1, 1, 1, 1, 1, 1, 1, 1, 1, 1, 1, 1, 1, 1, 1, 1, 1, 1, 1, 1, 1, 1, 1, 1, 1, 1, 1, 1, 1, 1, 1, 1, 1, 1, 1, 1, 1, 1, 1, 1, 1, 1, 1, 1, 1, 1, 1, 1, 1, 1, 1, 1, 1, 1, 1, 1, 1, 1, 1, 1, 1, 1, 1, 1, 1, 1, 1, 1, 1, 1, 1, 1, 1, 1, 1, 1, 1, 1, 1, 1, 1, 1, 1, 1, 1, 1, 1, 1, 1, 1, 1, 1, 1, 1, 1, 1, 1, 1, 1, 1, 1, 1, 1, 1, 1, 1, 1, 1, 1, 1, 1, 1, 1, 1, 1, 1, 1, 1, 1, 1, 1, 1, 1, 1, 1, 1, 1, 1, 1, 1, 1, 1, 1, 1, 1, 1, 1, 1, 1, 1, 1, 1, 1, 1, 1, 1, 1, 1, 1, 1, 1, 1, 1, 1, 1, 1, 1, 1, 1, 1, 1, 1, 1, 1, 1, 1, 1, 1, 1, 1, 1, 1, 1, 1, 1, 1, 1, 1, 1, 1, 1, 1, 1, 1, 1, 1, 1, 1, 1, 1, 1, 1, 1, 1, 1, 1, 1, 1, 1, 1, 1, 1, 1, 1, 1, 1, 1, 1, 1, 1, 1, 1, 1, 1, 1, 1, 1, 1, 1, 1, 1, 1, 1, 1, 1, 1, 1, 1, 1, 1, 1, 1, 1, 1, 1, 1, 1, 1, 1, 1, 1, 1, 1, 1, 1, 1, 1, 1, 1, 1, 1, 1, 1, 1, 1, 1, 1, 1, 1, 1, 1, 1, 1, 1, 1, 1, 1, 1, 1, 1, 1, 1, 1, 1, 1, 1, 1, 1, 1, 1, 1, 1, 1, 1, 1, 1, 1, 1, 1, 1, 1, 1, 1, 1, 1, 1, 1, 1, 1, 1, 1, 1, 1, 1, 1, 1, 1, 1, 1, 1, 1, 1, 1, 1, 1, 1, 1, 1, 1, 1, 1, 1, 1, 1, 1, 1, 1, 1, 1, 1, 1, 1, 1, 1, 1, 1, 1, 1, 1, 1, 1, 1, 1, 1, 1, 1, 1, 1, 1, 1, 1, 1, 1, 1, 1, 1, 1, 1, 1, 1, 1, 1, 1, 1, 1, 1, 1, 1, 1, 1, 1, 1, 1, 1, 1, 1, 1, 1, 1, 1, 1, 1, 1, 1, 1, 1, 1, 1, 1, 1, 1, 1, 1, 1, 1, 1, 1, 1, 1, 1, 1, 1, 1, 1, 1, 1, 1, 1, 1, 1, 1, 1, 1, 1, 1, 1, 1, 1, 1, 1, 1, 1, 1, 1, 1, 1, 1, 1, 1, 1, 1, 1, 1, 1, 1, 1, 1, 1, 1, 1, 1, 1, 1, 1, 1, 1, 1, 1, 1, 1, 1, 1, 1, 1, 1, 1, 1, 1, 1, 1, 1, 1, 1, 1, 1, 1, 1, 1, 1, 1, 1, 1, 1, 1, 1, 1, 1, 1, 1, 1, 1, 1, 1, 1, 1, 1, 1, 1, 1, 1, 1, 1, 1, 1, 1, 1, 1, 1, 1, 1, 1, 1, 1, 1, 1, 1, 1, 1, 1, 1, 1, 1, 1, 1, 1, 1, 1, 1, 1, 1, 1, 1, 1, 1, 1, 1, 1, 1, 1, 1, 1, 1, 1, 1, 1, 1, 1, 1, 1, 1, 1, 1, 1, 1, 1, 1, 1, 1, 1, 1, 1, 1, 1, 1, 1, 1, 1, 1, 1, 1, 1, 1, 1, 1, 1, 1, 1, 1, 1, 1, 1, 1, 1, 1, 1, 1, 1, 1, 1, 1, 1, 1, 1, 1, 1, 1, 1, 1, 1, 1, 1, 1, 1, 1, 1, 1, 1, 1, 1, 1, 1, 1, 1, 1, 1, 1, 1, 1, 1, 1, 1, 1, 1, 1, 1, 1, 1, 1, 1, 1, 1, 1, 1, 1, 1, 1, 1, 1, 1, 1, 1, 1, 1, 1, 1, 1, 1, 1, 1, 1, 1, 1, 1, 1, 1, 1, 1, 1, 1, 1, 1, 1, 1, 1, 1, 1, 1, 1, 1, 1, 1, 1, 1, 1, 1, 1, 1, 1, 1, 1, 1, 1, 1, 1, 1, 1, 1, 1, 1, 1, 1, 1, 1, 1, 1, 1, 1, 1, 1, 1, 1, 1, 1, 1, 1, 1, 1, 1, 1, 1, 1, 1, 1, 1, 1, 1, 1, 1, 1, 1, 1, 1, 1, 1, 1, 1, 1, 1, 1, 1, 1, 1, 1, 1, 1, 1, 1, 1, 1, 1, 1, 1, 1, 1, 1, 1, 1, 1, 1, 1, 1, 1, 1, 1, 1, 1, 1, 1, 1, 1, 1, 1, 1, 1, 1, 1, 1, 1, 1, 1, 1, 1, 1, 1, 1, 1, 1, 1, 1, 1, 1, 1, 1, 1, 1, 1, 1, 1, 1, 1, 1, 1, 1, 1, 1, 1, 1, 1, 1, 1, 1, 1, 1, 1, 1, 1, 1, 1, 1, 1, 1, 1, 1, 1, 1, 1, 1, 1, 1, 1, 1, 1, 1, 1, 1, 1, 1, 1, 1, 1, 1, 1, 1, 1, 1, 1, 1, 1, 1, 1, 1, 1, 1, 1, 1, 1, 1, 1, 1, 1, 1, 1, 1, 1, 1, 1, 1, 1, 1, 1, 1, 1, 1, 1, 1, 1, 1, 1, 1, 1, 1, 1, 1, 1, 1, 1, 1, 1, 1, 1, 1, 1, 1, 1, 1, 1, 1, 1, 1, 1, 1, 1, 1, 1, 1, 1, 1, 1, 1, 1, 1, 1, 1, 1, 1, 1, 1, 1, 1, 1, 1, 1, 1, 1, 1, 1, 1, 1, 1, 1, 1, 1, 1, 1, 1, 1, 1, 1, 1, 1, 1, 1, 1, 1, 1, 1, 1, 1, 1, 1, 1, 1, 1, 1, 1, 1, 1, 1, 1, 1, 1, 1, 1, 1, 1, 1, 1, 1, 1, 1, 1, 1, 1, 1, 1, 1, 1, 1, 1, 1, 1, 1, 1, 1, 1, 1, 1, 1, 1, 1, 1, 1, 1, 1, 1, 1, 1, 1, 1, 1, 1, 1, 1, 1, 1, 1, 1]