0 175 453 1667 
1 
2 368 543 
3 494 517 
4 104 584 
5 324 
6 131 283 1240 
7 
8 525 
9 
10 14 231 1534 
11 
12 108 546 1007 
13 367 1646 
14 215 590 
15 602 
16 897 
17 405 459 602 1033 
18 158 207 407 
19 
20 1318 1687 
21 814 
22 312 390 
23 287 
24 1669 1675 
25 
26 215 236 535 1307 
27 646 
28 93 95 333 488 
29 
30 399 
31 101 207 210 234 716 
32 600 1154 
33 79 
34 650 
35 1765 
36 
37 380 1296 1383 1908 
38 338 573 600 
39 604 
40 161 361 
41 234 462 
42 222 567 
43 270 
44 205 240 379 
45 228 315 
46 434 
47 
48 
49 
50 182 505 
51 83 166 515 
52 173 341 442 583 
53 
54 83 88 506 
55 468 591 599 
56 490 
57 256 
58 839 
59 300 636 
60 704 898 
61 
62 126 220 398 465 578 1371 
63 69 
64 499 
65 68 319 424 661 
66 494 514 
67 
68 116 362 
69 365 1681 
70 868 
71 508 528 1269 
72 
73 448 570 614 739 
74 133 182 1026 1466 
75 208 1218 
76 272 414 
77 483 526 
78 
79 106 
80 201 1096 
81 270 1051 
82 
83 500 
84 303 444 
85 262 294 315 321 420 
86 149 350 
87 169 490 1650 
88 455 
89 519 
90 278 
91 113 298 
92 172 
93 218 468 
94 558 
95 294 
96 129 152 251 486 
97 123 621 931 
98 146 953 1725 
99 330 867 
100 344 392 1495 
101 219 1982 
102 349 603 
103 
104 
105 670 1857 
106 226 481 595 
107 1549 1724 
108 353 472 565 
109 555 
110 
111 
112 300 660 
113 124 
114 530 534 556 
115 145 349 1575 
116 305 
117 
118 303 363 506 
119 390 631 1736 
120 370 
121 367 
122 367 852 
123 426 
124 
125 536 
126 298 
127 354 
128 164 
129 
130 425 
131 260 
132 399 404 532 1975 
133 1200 1353 
134 1644 
135 197 
136 
137 
138 190 308 
139 376 465 513 
140 
141 323 346 
142 804 
143 484 1674 
144 388 
145 992 
146 195 206 587 
147 218 647 
148 295 436 444 451 483 550 
149 
150 267 
151 182 579 1316 
152 
153 182 
154 472 481 649 1397 
155 337 518 
156 405 761 
157 364 1030 
158 583 635 
159 173 547 946 1374 
160 588 631 1813 
161 263 
162 185 360 
163 167 249 398 
164 618 
165 515 
166 
167 242 306 
168 297 
169 197 455 1134 
170 474 1199 
171 172 1009 
172 329 622 
173 469 1652 
174 427 558 
175 465 991 1448 
176 445 
177 1812 
178 1784 
179 
180 236 537 
181 319 
182 416 501 511 
183 441 
184 546 610 
185 625 626 1611 
186 198 
187 245 487 
188 
189 368 1438 1510 
190 1974 
191 192 
192 464 474 
193 1331 
194 242 628 1117 
195 636 
196 
197 231 526 
198 578 
199 615 
200 309 1191 
201 329 390 
202 238 440 578 
203 358 379 432 570 
204 344 
205 629 651 735 1058 1505 
206 
207 464 
208 387 599 1765 1780 
209 591 
210 244 410 
211 
212 492 561 
213 
214 642 1876 
215 263 390 
216 
217 289 394 
218 322 450 554 
219 
220 288 
221 1157 1260 
222 
223 381 539 
224 410 
225 261 436 1939 
226 575 
227 620 
228 
229 1154 1313 
230 1260 
231 579 
232 589 971 
233 386 
234 258 376 422 663 
235 
236 477 478 
237 622 
238 
239 494 
240 453 
241 466 
242 291 569 
243 1721 
244 537 
245 275 485 625 
246 1130 
247 1809 
248 
249 373 
250 525 1209 
251 300 
252 437 
253 296 
254 
255 
256 429 
257 1834 
258 
259 
260 623 
261 382 
262 
263 484 1069 
264 
265 
266 305 626 
267 352 452 1123 
268 273 
269 331 480 
270 337 
271 1711 
272 
273 
274 581 626 
275 452 567 
276 593 
277 505 
278 
279 
280 1876 
281 608 1983 
282 377 421 
283 309 319 322 
284 1905 
285 368 
286 1565 
287 309 389 663 
288 439 
289 657 
290 321 415 593 
291 421 
292 
293 699 
294 417 606 
295 423 
296 
297 684 945 
298 524 617 935 
299 524 
300 335 
301 302 611 
302 321 
303 
304 881 
305 410 461 619 
306 1373 
307 386 
308 
309 382 
310 601 1696 
311 549 
312 379 844 
313 338 1442 
314 447 478 
315 342 
316 
317 459 
318 472 1192 
319 521 
320 554 
321 570 1127 1875 
322 516 
323 
324 
325 
326 344 445 606 
327 468 
328 1713 
329 609 727 
330 
331 478 557 
332 485 560 1606 
333 369 
334 1322 
335 542 602 633 
336 494 508 
337 356 448 1897 
338 349 
339 572 
340 1298 
341 369 1362 
342 
343 
344 637 660 
345 473 857 
346 
347 768 
348 430 513 
349 1840 
350 1943 
351 
352 
353 633 
354 
355 1155 
356 619 
357 
358 411 
359 
360 458 630 
361 604 665 904 1186 
362 508 574 810 
363 1832 
364 
365 
366 399 407 560 
367 
368 455 555 576 
369 568 
370 
371 664 
372 
373 
374 
375 502 
376 701 1170 
377 633 
378 536 
379 
380 548 570 
381 406 769 1249 
382 
383 
384 652 1070 
385 448 576 
386 580 1338 
387 483 605 885 
388 634 
389 
390 
391 506 
392 520 
393 614 631 
394 473 481 1349 1469 
395 977 
396 
397 
398 414 
399 
400 548 
401 
402 
403 657 
404 612 
405 
406 
407 
408 
409 
410 612 1533 1853 
411 539 
412 572 1187 
413 
414 419 
415 418 532 1855 
416 
417 1120 1380 
418 500 538 
419 658 1879 
420 
421 605 
422 538 
423 
424 
425 
426 1732 
427 
428 460 618 
429 681 
430 636 
431 493 611 
432 
433 466 1913 
434 575 
435 496 1414 
436 520 563 
437 1438 
438 
439 479 
440 900 
441 
442 563 
443 744 1368 
444 
445 501 544 
446 
447 
448 601 627 
449 1585 
450 561 
451 
452 565 
453 1696 1884 
454 
455 
456 
457 
458 
459 461 
460 
461 
462 858 
463 
464 
465 874 
466 
467 
468 649 
469 1441 
470 583 
471 493 658 1669 
472 
473 
474 774 1127 
475 925 
476 
477 648 
478 
479 
480 528 1349 
481 1233 
482 
483 
484 
485 631 
486 910 
487 
488 544 
489 
490 
491 624 
492 645 1136 
493 640 
494 
495 
496 
497 
498 
499 560 
500 
501 1399 
502 1931 
503 1749 
504 1009 
505 645 1647 
506 
507 
508 
509 548 
510 558 
511 536 1370 
512 656 673 
513 557 591 
514 
515 
516 655 912 
517 1314 1515 
518 710 
519 610 
520 
521 
522 
523 
524 797 
525 
526 
527 676 
528 
529 
530 
531 
532 
533 1830 
534 614 
535 
536 
537 
538 
539 615 
540 562 
541 
542 
543 556 925 
544 
545 
546 
547 1718 
548 812 
549 
550 596 
551 
552 
553 673 1085 
554 658 1971 
555 
556 
557 641 1501 
558 575 595 
559 
560 
561 747 
562 
563 
564 
565 573 
566 
567 628 1279 
568 
569 650 1034 1731 
570 
571 
572 659 
573 1859 
574 
575 
576 
577 
578 
579 615 
580 
581 637 
582 
583 1252 
584 
585 
586 1830 
587 
588 
589 
590 
591 
592 
593 
594 
595 
596 627 635 1626 
597 625 
598 
599 
600 
601 
602 
603 1729 
604 1801 
605 1260 
606 
607 
608 665 
609 1584 
610 1791 
611 
612 1024 
613 616 
614 
615 
616 
617 625 
618 
619 657 
620 
621 1646 
622 
623 1441 
624 
625 
626 
627 663 1795 
628 633 
629 
630 659 
631 1719 
632 
633 
634 1515 1579 1842 
635 
636 1254 1484 
637 1547 
638 1171 
639 
640 1541 
641 726 1608 
642 
643 
644 
645 
646 
647 
648 1399 
649 
650 
651 
652 
653 960 
654 1179 
655 1720 
656 
657 837 
658 
659 
660 
661 1472 
662 
663 
664 
665 
666 
667 683 887 
668 1850 
669 787 1048 1706 
670 1163 
671 801 893 918 1109 1119 1262 
672 962 964 
673 
674 
675 784 931 1031 1052 1121 1235 
676 1267 
677 806 1789 
678 1191 
679 1191 
680 759 
681 685 744 950 
682 755 
683 1878 
684 815 1112 1209 
685 778 
686 1163 1336 
687 
688 1013 1084 1327 
689 884 
690 705 
691 932 1182 
692 827 
693 810 
694 958 1232 
695 937 
696 857 1114 
697 724 1993 
698 1182 
699 977 1282 
700 1236 
701 
702 984 1299 
703 932 1090 
704 
705 945 1042 1108 1159 
706 852 1043 1058 
707 1219 
708 720 864 878 
709 
710 1059 1208 
711 793 797 
712 894 
713 851 891 
714 722 1041 
715 800 1146 1199 1240 
716 772 853 1269 
717 1244 
718 722 1303 
719 959 1238 
720 
721 840 1015 
722 914 1058 1153 
723 728 1118 1119 
724 836 1042 1259 1316 
725 
726 1092 1237 
727 801 
728 811 1312 
729 957 968 1134 
730 1374 
731 957 
732 1299 
733 874 1117 
734 
735 
736 737 895 1142 
737 1165 
738 
739 1025 1038 
740 1298 
741 762 1141 
742 910 1189 1267 
743 1099 1183 1236 
744 818 1052 
745 1651 
746 1057 
747 809 967 1289 
748 752 1104 1524 
749 1019 1528 
750 839 1604 
751 805 932 1021 
752 1096 1117 1156 
753 
754 769 1172 
755 
756 794 897 1146 1785 
757 881 
758 966 
759 958 
760 848 1096 1195 
761 922 
762 
763 843 991 1055 1840 
764 
765 838 
766 910 
767 1034 1239 1667 
768 773 1329 
769 904 1167 
770 968 1082 
771 
772 1257 
773 1059 1167 1303 
774 
775 818 1156 
776 1270 
777 793 
778 
779 826 944 1161 
780 786 916 1316 
781 1154 
782 957 1129 
783 1168 
784 
785 1032 1080 
786 1241 
787 1026 1478 
788 888 1857 
789 1137 1150 1245 1298 
790 976 1203 1234 1312 
791 
792 1325 
793 
794 852 1063 
795 1164 1189 
796 
797 1046 1058 1575 
798 849 
799 939 
800 1232 
801 1071 1261 
802 821 1147 
803 954 1280 
804 1249 
805 929 
806 1239 
807 1059 
808 988 1193 1206 
809 1774 
810 855 1142 
811 
812 1246 
813 963 1008 1578 
814 
815 1874 
816 1061 1174 
817 850 982 1277 1322 1868 
818 1159 
819 1054 1201 1761 
820 953 1018 1027 
821 
822 844 
823 1044 
824 1115 
825 843 970 1119 
826 
827 1218 
828 
829 900 1264 
830 
831 1157 1202 
832 1106 1198 1235 1664 
833 
834 852 1079 1167 1318 
835 
836 1096 1179 
837 867 938 1197 
838 949 1302 1957 
839 918 1013 1493 
840 843 
841 1157 
842 1161 
843 1213 
844 
845 922 
846 966 
847 1332 
848 1150 
849 1234 
850 890 1318 
851 
852 
853 1085 1329 1774 
854 1222 1273 
855 1246 1746 
856 
857 
858 885 1135 1693 
859 
860 1021 1210 1272 
861 1045 1209 
862 1026 
863 
864 974 1028 
865 900 
866 921 
867 1025 1236 
868 1109 1128 
869 1041 1894 
870 1210 
871 
872 892 1182 1258 
873 
874 
875 
876 1030 1303 1310 
877 1146 1316 
878 
879 992 
880 1148 
881 1187 1963 
882 1089 
883 
884 
885 1034 1278 
886 1164 
887 
888 1269 
889 1967 
890 1246 1323 1324 
891 1270 
892 1118 
893 1030 1286 
894 950 1043 
895 1267 1718 
896 
897 902 994 
898 1638 
899 
900 1119 
901 1242 
902 1252 
903 1188 1689 
904 1078 
905 
906 1274 
907 978 1129 
908 
909 1154 
910 1108 1134 
911 
912 
913 1243 
914 1104 
915 997 1270 1598 
916 1222 
917 918 
918 1297 1299 1677 
919 1043 
920 1033 1292 
921 1085 
922 
923 1138 1262 1510 
924 1205 1256 
925 1327 
926 984 
927 
928 
929 
930 1319 1727 
931 1217 1848 
932 1233 
933 1864 
934 1324 
935 1158 
936 971 1042 1306 
937 
938 
939 1210 
940 1451 
941 1277 
942 1092 1265 
943 1277 1317 1327 
944 
945 1031 1314 
946 
947 
948 1034 1100 
949 
950 
951 1011 1254 1268 
952 
953 961 1046 1183 
954 
955 1168 1235 
956 1014 1049 1606 
957 1147 
958 1126 
959 1852 
960 963 1520 
961 1048 1868 1929 
962 1294 
963 
964 1110 
965 1039 
966 1053 
967 1440 1766 
968 
969 1106 1253 
970 
971 1213 1812 
972 
973 
974 
975 1669 
976 1117 1284 
977 1215 1315 
978 1193 1246 
979 
980 1012 
981 1037 
982 
983 1197 1230 
984 995 1059 1887 
985 
986 1063 
987 
988 
989 
990 1088 1196 1315 
991 1188 1319 
992 1275 
993 1239 
994 1191 1849 
995 
996 
997 
998 1176 
999 1067 1697 
1000 1054 1172 
1001 1023 
1002 1124 
1003 1093 1107 1239 
1004 
1005 1142 
1006 
1007 
1008 
1009 
1010 
1011 
1012 
1013 
1014 
1015 1284 
1016 1158 
1017 
1018 
1019 1021 1120 1132 
1020 1152 
1021 1105 1188 1320 
1022 1508 
1023 1282 1537 
1024 1041 1077 
1025 
1026 1240 1535 
1027 1193 1297 
1028 1092 1148 1251 
1029 
1030 1226 
1031 
1032 
1033 
1034 
1035 1574 
1036 1505 
1037 1048 1192 1294 
1038 
1039 
1040 
1041 
1042 1152 1238 
1043 
1044 1321 
1045 
1046 1147 
1047 1053 1192 
1048 1284 
1049 1226 
1050 1295 
1051 1148 1177 
1052 
1053 1145 
1054 1148 1185 
1055 1196 
1056 1068 1093 
1057 1086 
1058 1179 
1059 
1060 1236 1240 
1061 
1062 1847 
1063 1104 
1064 1076 
1065 1287 
1066 1342 
1067 
1068 
1069 1093 
1070 1182 
1071 
1072 1305 
1073 1201 
1074 
1075 1262 
1076 1103 1228 
1077 1162 
1078 1314 1873 
1079 
1080 1244 
1081 
1082 1249 
1083 1228 
1084 
1085 1577 
1086 
1087 1100 
1088 1232 
1089 1767 
1090 1161 1184 
1091 1194 
1092 1136 1163 
1093 1139 
1094 
1095 
1096 1212 1249 
1097 1357 1593 
1098 
1099 1179 
1100 
1101 1231 1554 
1102 1748 
1103 1178 1208 1711 
1104 1115 1190 
1105 1286 
1106 1325 
1107 
1108 
1109 
1110 
1111 1298 
1112 1124 1582 
1113 
1114 
1115 1335 
1116 
1117 
1118 
1119 
1120 
1121 1139 1233 
1122 1183 1989 
1123 1217 
1124 
1125 1316 
1126 1246 
1127 1139 
1128 
1129 1203 
1130 
1131 
1132 1305 1977 
1133 
1134 1227 1263 
1135 1315 
1136 1260 
1137 
1138 1178 
1139 1509 
1140 1192 1213 
1141 1288 
1142 1312 
1143 
1144 1314 
1145 
1146 
1147 
1148 1264 
1149 1179 
1150 1701 
1151 
1152 
1153 1420 
1154 
1155 
1156 1306 1948 
1157 1256 
1158 
1159 
1160 1710 
1161 
1162 1499 
1163 1318 
1164 
1165 
1166 
1167 
1168 1273 
1169 1926 
1170 1276 
1171 
1172 1555 
1173 1286 
1174 1915 
1175 1178 
1176 1238 
1177 
1178 
1179 1319 
1180 
1181 
1182 1982 
1183 
1184 1525 
1185 1237 
1186 
1187 
1188 
1189 1312 
1190 
1191 
1192 1399 1545 
1193 1240 
1194 
1195 1307 
1196 
1197 
1198 
1199 
1200 
1201 
1202 
1203 
1204 
1205 1206 1299 
1206 
1207 
1208 1245 
1209 
1210 
1211 
1212 
1213 
1214 
1215 1254 
1216 
1217 
1218 
1219 
1220 1430 
1221 
1222 
1223 1437 
1224 1276 1991 
1225 
1226 1250 
1227 
1228 1822 1983 
1229 
1230 
1231 
1232 
1233 
1234 1370 1639 
1235 1294 1347 
1236 
1237 1282 
1238 
1239 1264 
1240 1299 
1241 1274 1294 
1242 
1243 
1244 
1245 1260 
1246 
1247 1271 1283 1301 
1248 
1249 
1250 
1251 
1252 1512 
1253 1322 
1254 
1255 
1256 
1257 
1258 1322 1407 
1259 
1260 
1261 
1262 
1263 
1264 
1265 
1266 
1267 1330 
1268 1309 
1269 
1270 1384 
1271 
1272 
1273 1352 
1274 
1275 
1276 1322 
1277 1295 
1278 1566 
1279 1784 1862 
1280 
1281 
1282 
1283 
1284 1645 
1285 
1286 1318 
1287 
1288 1448 
1289 
1290 
1291 
1292 1580 
1293 
1294 
1295 
1296 
1297 
1298 
1299 1390 
1300 
1301 
1302 
1303 
1304 
1305 
1306 
1307 
1308 
1309 
1310 
1311 
1312 
1313 1394 
1314 
1315 
1316 
1317 
1318 
1319 
1320 1925 
1321 1834 
1322 1343 
1323 
1324 
1325 
1326 
1327 1677 
1328 
1329 
1330 1474 
1331 
1332 1647 1973 
1333 1361 1587 1809 
1334 1369 
1335 1454 1806 1894 
1336 1484 1649 
1337 1541 1571 1934 
1338 1462 1715 1749 
1339 1440 1504 1879 
1340 1508 1739 
1341 
1342 1493 1511 1959 
1343 1354 1601 1720 1875 1978 
1344 1876 
1345 1809 
1346 1620 
1347 1352 1793 
1348 1527 1640 
1349 1380 1705 1845 
1350 1428 1472 1680 1938 
1351 1494 1550 1868 
1352 1683 
1353 1646 
1354 1703 1858 
1355 1476 1953 
1356 1678 
1357 1650 
1358 1780 
1359 1565 1636 
1360 1839 
1361 1370 1853 
1362 
1363 
1364 
1365 
1366 
1367 1566 1813 
1368 1394 1767 1960 
1369 1551 
1370 
1371 1778 1952 
1372 1519 1602 
1373 1706 
1374 1774 
1375 1732 1749 1915 
1376 1745 
1377 1690 1872 
1378 1605 1626 
1379 1381 1407 1716 1953 
1380 
1381 
1382 1807 1987 
1383 1531 1754 
1384 1435 1551 1841 
1385 1555 1678 
1386 1736 
1387 1611 
1388 1459 1943 
1389 1532 1662 
1390 1449 1896 
1391 1469 
1392 
1393 1438 1964 
1394 
1395 
1396 1544 
1397 1501 1884 
1398 1661 
1399 1463 1852 1913 
1400 1607 1884 
1401 1449 1452 1863 
1402 1807 
1403 
1404 
1405 1492 1967 
1406 1484 1636 1732 
1407 1415 
1408 1441 1494 1745 
1409 1565 1894 1968 1980 
1410 1529 1533 1715 1918 
1411 
1412 
1413 1799 1837 1882 
1414 1569 1733 
1415 1645 1744 
1416 1579 1644 1792 1864 
1417 1569 1587 
1418 1504 1925 
1419 
1420 1741 1788 
1421 1954 
1422 1668 1889 1996 
1423 
1424 1591 1692 1734 
1425 1604 
1426 1590 
1427 1624 1865 1951 
1428 
1429 
1430 1438 
1431 1629 1663 1664 
1432 
1433 1595 
1434 
1435 1971 
1436 1600 
1437 1788 
1438 1626 
1439 1596 
1440 1793 
1441 1951 
1442 
1443 1707 1830 1944 
1444 
1445 1822 1995 
1446 1845 1876 1980 
1447 1526 1700 1818 1993 
1448 1568 1833 
1449 1512 1519 1660 1888 1893 
1450 1617 
1451 1484 1757 1881 
1452 1616 
1453 1489 1701 1816 1906 
1454 1482 
1455 
1456 1517 1608 1809 
1457 1685 
1458 1549 
1459 1534 1752 1858 
1460 1804 
1461 1648 
1462 1780 
1463 
1464 1484 1564 
1465 1523 1750 
1466 1573 
1467 1656 1935 1969 
1468 1687 
1469 1705 1984 
1470 
1471 1726 1843 
1472 
1473 1880 1897 
1474 1963 
1475 1805 
1476 1854 1888 
1477 1491 
1478 
1479 1622 
1480 
1481 1912 
1482 1618 1637 1670 
1483 1498 1636 
1484 
1485 1933 
1486 1490 1509 1794 1820 
1487 1501 
1488 1889 
1489 1643 1736 1970 
1490 1856 
1491 
1492 
1493 1741 1809 
1494 1704 1854 
1495 
1496 1644 
1497 1516 1662 1663 
1498 1642 1834 1914 
1499 1536 1839 
1500 
1501 
1502 1931 
1503 1823 1878 1983 
1504 
1505 
1506 
1507 
1508 1530 
1509 1589 1750 1872 
1510 1986 
1511 
1512 
1513 1722 1770 
1514 1980 
1515 1606 1994 
1516 1870 1952 
1517 
1518 1792 
1519 
1520 1936 
1521 1867 1990 
1522 
1523 
1524 1784 1883 
1525 
1526 1969 
1527 1574 1710 
1528 
1529 1570 1578 1994 
1530 1739 1841 1886 1944 
1531 1654 1825 1908 
1532 1604 1626 
1533 1960 
1534 1540 1618 1744 1884 1993 
1535 1609 1936 
1536 
1537 
1538 1932 
1539 1985 
1540 1721 
1541 
1542 1779 1872 1886 
1543 
1544 1971 
1545 1804 1887 
1546 
1547 
1548 1935 
1549 1699 1714 1952 
1550 
1551 
1552 1986 
1553 
1554 
1555 1596 1745 1777 
1556 1698 
1557 1874 1927 
1558 1562 
1559 1576 1883 
1560 1630 
1561 
1562 
1563 1610 
1564 1651 
1565 1731 1894 
1566 1577 1606 
1567 1776 
1568 
1569 
1570 
1571 1700 1895 
1572 
1573 
1574 
1575 1623 1803 
1576 
1577 
1578 1629 1756 1973 
1579 1829 
1580 
1581 1622 
1582 
1583 1933 1934 
1584 
1585 1768 
1586 
1587 
1588 1852 1914 
1589 1825 
1590 
1591 
1592 1646 
1593 1844 1968 
1594 
1595 
1596 
1597 1619 1685 
1598 
1599 
1600 1870 
1601 
1602 1692 
1603 1663 1984 
1604 
1605 
1606 1748 1777 
1607 1847 
1608 1668 1960 
1609 1716 1756 
1610 1786 
1611 
1612 
1613 
1614 
1615 
1616 1886 
1617 1877 
1618 1898 
1619 1885 
1620 
1621 
1622 1759 
1623 1776 1926 
1624 1645 1947 
1625 1657 
1626 
1627 
1628 
1629 
1630 1705 
1631 1815 
1632 
1633 1824 
1634 1647 
1635 1820 1853 1867 
1636 
1637 1756 1974 
1638 
1639 1809 
1640 
1641 1832 1909 
1642 1664 1791 1844 
1643 1697 
1644 1719 1754 
1645 1835 
1646 
1647 
1648 
1649 
1650 1905 
1651 1793 
1652 
1653 1852 
1654 1817 1896 
1655 
1656 1953 
1657 1812 1958 
1658 1856 
1659 1991 
1660 1736 1786 
1661 1923 1938 
1662 
1663 1707 
1664 
1665 
1666 
1667 1750 
1668 1816 1962 
1669 1718 
1670 1672 1770 
1671 1802 1945 1958 
1672 
1673 
1674 
1675 1904 
1676 
1677 
1678 1825 
1679 1812 
1680 
1681 1769 
1682 
1683 1963 
1684 
1685 
1686 1888 
1687 
1688 1735 
1689 
1690 1890 
1691 
1692 
1693 
1694 
1695 
1696 1787 
1697 
1698 1946 
1699 
1700 
1701 1830 1997 
1702 
1703 
1704 1825 
1705 1942 
1706 1828 
1707 
1708 1893 1912 
1709 
1710 
1711 1878 1949 
1712 
1713 1811 
1714 1802 1813 
1715 
1716 1740 1826 
1717 1866 
1718 
1719 1746 1794 1995 
1720 
1721 
1722 1778 1841 1857 
1723 1846 
1724 
1725 1909 
1726 
1727 1944 
1728 1816 
1729 
1730 1886 1955 
1731 
1732 
1733 
1734 1742 
1735 
1736 
1737 
1738 1769 1862 
1739 1820 
1740 1870 
1741 
1742 1831 1869 
1743 1862 
1744 1976 
1745 1945 1960 1984 1989 
1746 1773 
1747 
1748 1764 
1749 1859 1954 
1750 
1751 1825 
1752 
1753 1847 1912 
1754 1840 
1755 1931 
1756 
1757 1995 
1758 1939 1956 
1759 
1760 1784 
1761 
1762 
1763 1862 1982 
1764 1811 
1765 1885 
1766 
1767 
1768 
1769 
1770 
1771 
1772 1945 
1773 1844 
1774 
1775 
1776 1848 
1777 
1778 
1779 1791 1853 
1780 
1781 
1782 
1783 
1784 
1785 
1786 1940 1968 
1787 
1788 1941 
1789 1840 
1790 1993 
1791 
1792 1950 
1793 
1794 1833 1904 
1795 
1796 1900 
1797 1977 
1798 1877 
1799 
1800 
1801 1867 
1802 
1803 
1804 
1805 
1806 1862 
1807 1944 
1808 
1809 1926 1965 
1810 1869 
1811 
1812 
1813 
1814 
1815 1846 
1816 1828 
1817 1939 
1818 
1819 
1820 
1821 
1822 
1823 
1824 
1825 
1826 
1827 
1828 1839 
1829 
1830 
1831 
1832 
1833 
1834 
1835 
1836 
1837 
1838 1945 
1839 1966 
1840 
1841 
1842 
1843 
1844 1910 1911 
1845 
1846 1887 
1847 
1848 1902 
1849 1921 
1850 
1851 
1852 1919 
1853 
1854 
1855 
1856 
1857 
1858 
1859 1939 
1860 
1861 
1862 
1863 
1864 
1865 
1866 1905 
1867 
1868 
1869 
1870 
1871 
1872 1972 
1873 
1874 
1875 
1876 
1877 
1878 
1879 
1880 
1881 
1882 
1883 1993 
1884 
1885 
1886 
1887 
1888 
1889 
1890 
1891 1965 
1892 1944 
1893 
1894 1903 
1895 
1896 
1897 
1898 
1899 
1900 
1901 1921 
1902 
1903 
1904 
1905 
1906 
1907 
1908 
1909 
1910 
1911 1975 
1912 1946 
1913 
1914 
1915 
1916 
1917 1937 
1918 
1919 
1920 1961 
1921 
1922 
1923 1941 
1924 
1925 
1926 
1927 
1928 
1929 
1930 
1931 
1932 
1933 
1934 
1935 
1936 
1937 
1938 
1939 
1940 1993 
1941 
1942 
1943 
1944 
1945 
1946 
1947 
1948 1973 
1949 
1950 
1951 
1952 
1953 
1954 
1955 
1956 1960 1985 
1957 
1958 1972 
1959 
1960 
1961 1977 
1962 
1963 
1964 
1965 
1966 
1967 
1968 
1969 
1970 
1971 
1972 
1973 
1974 
1975 
1976 
1977 
1978 
1979 
1980 
1981 
1982 
1983 
1984 
1985 
1986 
1987 
1988 
1989 
1990 
1991 
1992 
1993 
1994 
1995 
1996 
1997 
1998 
1999 
[0, 0, 0, 0, 0, 0, 0, 0, 0, 0, 0, 0, 0, 0, 0, 0, 0, 0, 0, 0, 0, 0, 0, 0, 0, 0, 0, 0, 0, 0, 0, 0, 0, 0, 0, 0, 0, 0, 0, 0, 0, 0, 0, 0, 0, 0, 0, 0, 0, 0, 0, 0, 0, 0, 0, 0, 0, 0, 0, 0, 0, 0, 0, 0, 0, 0, 0, 0, 0, 0, 0, 0, 0, 0, 0, 0, 0, 0, 0, 0, 0, 0, 0, 0, 0, 0, 0, 0, 0, 0, 0, 0, 0, 0, 0, 0, 0, 0, 0, 0, 0, 0, 0, 0, 0, 0, 0, 0, 0, 0, 0, 0, 0, 0, 0, 0, 0, 0, 0, 0, 0, 0, 0, 0, 0, 0, 0, 0, 0, 0, 0, 0, 0, 0, 0, 0, 0, 0, 0, 0, 0, 0, 0, 0, 0, 0, 0, 0, 0, 0, 0, 0, 0, 0, 0, 0, 0, 0, 0, 0, 0, 0, 0, 0, 0, 0, 0, 0, 0, 0, 0, 0, 0, 0, 0, 0, 0, 0, 0, 0, 0, 0, 0, 0, 0, 0, 0, 0, 0, 0, 0, 0, 0, 0, 0, 0, 0, 0, 0, 0, 0, 0, 0, 0, 0, 0, 0, 0, 0, 0, 0, 0, 0, 0, 0, 0, 0, 0, 0, 0, 0, 0, 0, 0, 0, 0, 0, 0, 0, 0, 0, 0, 0, 0, 0, 0, 0, 0, 0, 0, 0, 0, 0, 0, 0, 0, 0, 0, 0, 0, 0, 0, 0, 0, 0, 0, 0, 0, 0, 0, 0, 0, 0, 0, 0, 0, 0, 0, 0, 0, 0, 0, 0, 0, 0, 0, 0, 0, 0, 0, 0, 0, 0, 0, 0, 0, 0, 0, 0, 0, 0, 0, 0, 0, 0, 0, 0, 0, 0, 0, 0, 0, 0, 0, 0, 0, 0, 0, 0, 0, 0, 0, 0, 0, 0, 0, 0, 0, 0, 0, 0, 0, 0, 0, 0, 0, 0, 0, 0, 0, 0, 0, 0, 0, 0, 0, 0, 0, 0, 0, 0, 0, 0, 0, 0, 0, 0, 0, 0, 0, 0, 0, 0, 0, 0, 0, 0, 0, 0, 0, 0, 0, 0, 0, 0, 0, 0, 0, 0, 0, 0, 0, 0, 0, 0, 0, 0, 0, 0, 0, 0, 0, 0, 0, 0, 0, 0, 0, 0, 0, 0, 0, 0, 0, 0, 0, 0, 0, 0, 0, 0, 0, 0, 0, 0, 0, 0, 0, 0, 0, 0, 0, 0, 0, 0, 0, 0, 0, 0, 0, 0, 0, 0, 0, 0, 0, 0, 0, 0, 0, 0, 0, 0, 0, 0, 0, 0, 0, 0, 0, 0, 0, 0, 0, 0, 0, 0, 0, 0, 0, 0, 0, 0, 0, 0, 0, 0, 0, 0, 0, 0, 0, 0, 0, 0, 0, 0, 0, 0, 0, 0, 0, 0, 0, 0, 0, 0, 0, 0, 0, 0, 0, 0, 0, 0, 0, 0, 0, 0, 0, 0, 0, 0, 0, 0, 0, 0, 0, 0, 0, 0, 0, 0, 0, 0, 0, 0, 0, 0, 0, 0, 0, 0, 0, 0, 0, 0, 0, 0, 0, 0, 0, 0, 0, 0, 0, 0, 0, 0, 0, 0, 0, 0, 0, 0, 0, 0, 0, 0, 0, 0, 0, 0, 0, 0, 0, 0, 0, 0, 0, 0, 0, 0, 0, 0, 0, 0, 0, 0, 0, 0, 0, 0, 0, 0, 0, 0, 0, 0, 0, 0, 0, 0, 0, 0, 0, 0, 0, 0, 0, 0, 0, 0, 0, 0, 0, 0, 0, 0, 0, 0, 0, 0, 0, 0, 0, 0, 0, 0, 0, 0, 0, 0, 0, 0, 0, 0, 0, 0, 0, 0, 0, 0, 0, 0, 0, 0, 0, 0, 0, 0, 0, 0, 0, 0, 0, 0, 0, 0, 0, 0, 0, 0, 0, 0, 0, 0, 0, 0, 0, 0, 0, 0, 0, 0, 0, 0, 0, 0, 0, 0, 0, 0, 0, 0, 0, 0, 0, 0, 0, 0, 0, 0, 0, 0, 0, 1, 1, 1, 1, 1, 1, 1, 1, 1, 1, 1, 1, 1, 1, 1, 1, 1, 1, 1, 1, 1, 1, 1, 1, 1, 1, 1, 1, 1, 1, 1, 1, 1, 1, 1, 1, 1, 1, 1, 1, 1, 1, 1, 1, 1, 1, 1, 1, 1, 1, 1, 1, 1, 1, 1, 1, 1, 1, 1, 1, 1, 1, 1, 1, 1, 1, 1, 1, 1, 1, 1, 1, 1, 1, 1, 1, 1, 1, 1, 1, 1, 1, 1, 1, 1, 1, 1, 1, 1, 1, 1, 1, 1, 1, 1, 1, 1, 1, 1, 1, 1, 1, 1, 1, 1, 1, 1, 1, 1, 1, 1, 1, 1, 1, 1, 1, 1, 1, 1, 1, 1, 1, 1, 1, 1, 1, 1, 1, 1, 1, 1, 1, 1, 1, 1, 1, 1, 1, 1, 1, 1, 1, 1, 1, 1, 1, 1, 1, 1, 1, 1, 1, 1, 1, 1, 1, 1, 1, 1, 1, 1, 1, 1, 1, 1, 1, 1, 1, 1, 1, 1, 1, 1, 1, 1, 1, 1, 1, 1, 1, 1, 1, 1, 1, 1, 1, 1, 1, 1, 1, 1, 1, 1, 1, 1, 1, 1, 1, 1, 1, 1, 1, 1, 1, 1, 1, 1, 1, 1, 1, 1, 1, 1, 1, 1, 1, 1, 1, 1, 1, 1, 1, 1, 1, 1, 1, 1, 1, 1, 1, 1, 1, 1, 1, 1, 1, 1, 1, 1, 1, 1, 1, 1, 1, 1, 1, 1, 1, 1, 1, 1, 1, 1, 1, 1, 1, 1, 1, 1, 1, 1, 1, 1, 1, 1, 1, 1, 1, 1, 1, 1, 1, 1, 1, 1, 1, 1, 1, 1, 1, 1, 1, 1, 1, 1, 1, 1, 1, 1, 1, 1, 1, 1, 1, 1, 1, 1, 1, 1, 1, 1, 1, 1, 1, 1, 1, 1, 1, 1, 1, 1, 1, 1, 1, 1, 1, 1, 1, 1, 1, 1, 1, 1, 1, 1, 1, 1, 1, 1, 1, 1, 1, 1, 1, 1, 1, 1, 1, 1, 1, 1, 1, 1, 1, 1, 1, 1, 1, 1, 1, 1, 1, 1, 1, 1, 1, 1, 1, 1, 1, 1, 1, 1, 1, 1, 1, 1, 1, 1, 1, 1, 1, 1, 1, 1, 1, 1, 1, 1, 1, 1, 1, 1, 1, 1, 1, 1, 1, 1, 1, 1, 1, 1, 1, 1, 1, 1, 1, 1, 1, 1, 1, 1, 1, 1, 1, 1, 1, 1, 1, 1, 1, 1, 1, 1, 1, 1, 1, 1, 1, 1, 1, 1, 1, 1, 1, 1, 1, 1, 1, 1, 1, 1, 1, 1, 1, 1, 1, 1, 1, 1, 1, 1, 1, 1, 1, 1, 1, 1, 1, 1, 1, 1, 1, 1, 1, 1, 1, 1, 1, 1, 1, 1, 1, 1, 1, 1, 1, 1, 1, 1, 1, 1, 1, 1, 1, 1, 1, 1, 1, 1, 1, 1, 1, 1, 1, 1, 1, 1, 1, 1, 1, 1, 1, 1, 1, 1, 1, 1, 1, 1, 1, 1, 1, 1, 1, 1, 1, 1, 1, 1, 1, 1, 1, 1, 1, 1, 1, 1, 1, 1, 1, 1, 1, 1, 1, 1, 1, 1, 1, 1, 1, 1, 1, 1, 1, 1, 1, 1, 1, 1, 1, 1, 1, 1, 1, 1, 1, 1, 1, 1, 1, 1, 1, 1, 1, 1, 1, 1, 1, 1, 1, 1, 1, 1, 1, 1, 1, 1, 1, 1, 1, 1, 1, 1, 1, 1, 1, 1, 1, 1, 1, 1, 1, 1, 1, 1, 1, 1, 1, 1, 1, 1, 1, 1, 1, 1, 1, 1, 1, 1, 1, 1, 1, 1, 1, 1, 1, 1, 1, 1, 1, 1, 1, 1, 1, 1, 1, 1, 1, 1, 1, 1, 1, 1, 1, 1, 1, 1, 1, 1, 1, 1, 1, 1, 1, 1, 1, 1, 1, 1, 1, 1, 1, 1, 1, 1, 1, 1, 1, 1, 1, 1, 1, 1, 1, 1, 1, 1, 1, 1, 1, 1, 1, 1, 1, 2, 2, 2, 2, 2, 2, 2, 2, 2, 2, 2, 2, 2, 2, 2, 2, 2, 2, 2, 2, 2, 2, 2, 2, 2, 2, 2, 2, 2, 2, 2, 2, 2, 2, 2, 2, 2, 2, 2, 2, 2, 2, 2, 2, 2, 2, 2, 2, 2, 2, 2, 2, 2, 2, 2, 2, 2, 2, 2, 2, 2, 2, 2, 2, 2, 2, 2, 2, 2, 2, 2, 2, 2, 2, 2, 2, 2, 2, 2, 2, 2, 2, 2, 2, 2, 2, 2, 2, 2, 2, 2, 2, 2, 2, 2, 2, 2, 2, 2, 2, 2, 2, 2, 2, 2, 2, 2, 2, 2, 2, 2, 2, 2, 2, 2, 2, 2, 2, 2, 2, 2, 2, 2, 2, 2, 2, 2, 2, 2, 2, 2, 2, 2, 2, 2, 2, 2, 2, 2, 2, 2, 2, 2, 2, 2, 2, 2, 2, 2, 2, 2, 2, 2, 2, 2, 2, 2, 2, 2, 2, 2, 2, 2, 2, 2, 2, 2, 2, 2, 2, 2, 2, 2, 2, 2, 2, 2, 2, 2, 2, 2, 2, 2, 2, 2, 2, 2, 2, 2, 2, 2, 2, 2, 2, 2, 2, 2, 2, 2, 2, 2, 2, 2, 2, 2, 2, 2, 2, 2, 2, 2, 2, 2, 2, 2, 2, 2, 2, 2, 2, 2, 2, 2, 2, 2, 2, 2, 2, 2, 2, 2, 2, 2, 2, 2, 2, 2, 2, 2, 2, 2, 2, 2, 2, 2, 2, 2, 2, 2, 2, 2, 2, 2, 2, 2, 2, 2, 2, 2, 2, 2, 2, 2, 2, 2, 2, 2, 2, 2, 2, 2, 2, 2, 2, 2, 2, 2, 2, 2, 2, 2, 2, 2, 2, 2, 2, 2, 2, 2, 2, 2, 2, 2, 2, 2, 2, 2, 2, 2, 2, 2, 2, 2, 2, 2, 2, 2, 2, 2, 2, 2, 2, 2, 2, 2, 2, 2, 2, 2, 2, 2, 2, 2, 2, 2, 2, 2, 2, 2, 2, 2, 2, 2, 2, 2, 2, 2, 2, 2, 2, 2, 2, 2, 2, 2, 2, 2, 2, 2, 2, 2, 2, 2, 2, 2, 2, 2, 2, 2, 2, 2, 2, 2, 2, 2, 2, 2, 2, 2, 2, 2, 2, 2, 2, 2, 2, 2, 2, 2, 2, 2, 2, 2, 2, 2, 2, 2, 2, 2, 2, 2, 2, 2, 2, 2, 2, 2, 2, 2, 2, 2, 2, 2, 2, 2, 2, 2, 2, 2, 2, 2, 2, 2, 2, 2, 2, 2, 2, 2, 2, 2, 2, 2, 2, 2, 2, 2, 2, 2, 2, 2, 2, 2, 2, 2, 2, 2, 2, 2, 2, 2, 2, 2, 2, 2, 2, 2, 2, 2, 2, 2, 2, 2, 2, 2, 2, 2, 2, 2, 2, 2, 2, 2, 2, 2, 2, 2, 2, 2, 2, 2, 2, 2, 2, 2, 2, 2, 2, 2, 2, 2, 2, 2, 2, 2, 2, 2, 2, 2, 2, 2, 2, 2, 2, 2, 2, 2, 2, 2, 2, 2, 2, 2, 2, 2, 2, 2, 2, 2, 2, 2, 2, 2, 2, 2, 2, 2, 2, 2, 2, 2, 2, 2, 2, 2, 2, 2, 2, 2, 2, 2, 2, 2, 2, 2, 2, 2, 2, 2, 2, 2, 2, 2, 2, 2, 2, 2, 2, 2, 2, 2, 2, 2, 2, 2, 2, 2, 2, 2, 2, 2, 2, 2, 2, 2, 2, 2, 2, 2, 2, 2, 2, 2, 2, 2, 2, 2, 2, 2, 2, 2, 2, 2, 2, 2, 2, 2, 2, 2, 2, 2, 2, 2, 2, 2, 2, 2, 2, 2, 2, 2, 2, 2, 2, 2, 2, 2, 2, 2, 2, 2, 2, 2, 2, 2, 2, 2, 2, 2, 2, 2, 2, 2, 2, 2, 2, 2, 2, 2, 2, 2, 2, 2, 2, 2, 2, 2, 2, 2, 2, 2, 2, 2, 2, 2, 2, 2, 2, 2, 2, 2, 2, 2, 2, 2, 2, 2, 2, 2, 2, 2, 2, 2, 2, 2, 2, 0, 0]