0 
1 
2 197 
3 451 513 
4 1443 
5 1821 
6 
7 115 1949 
8 34 235 
9 103 
10 420 453 
11 458 
12 17 510 
13 127 663 
14 302 
15 22 214 997 
16 637 1625 
17 
18 
19 205 
20 616 904 
21 543 
22 154 
23 34 1097 
24 1526 
25 316 496 
26 238 
27 189 476 
28 94 
29 122 
30 504 
31 507 
32 332 
33 263 
34 
35 268 586 
36 
37 266 323 562 
38 
39 
40 
41 
42 
43 
44 
45 451 
46 333 621 647 1333 
47 
48 155 200 552 
49 459 503 
50 256 
51 115 
52 106 189 
53 454 
54 80 
55 581 
56 123 1203 
57 612 1091 
58 1381 
59 444 
60 821 
61 
62 422 
63 225 
64 497 
65 
66 471 
67 1768 
68 160 539 
69 615 
70 
71 213 642 1615 
72 553 
73 
74 224 310 486 589 
75 
76 495 498 
77 108 504 
78 580 1554 1824 
79 
80 
81 
82 575 581 
83 
84 1154 
85 322 557 
86 
87 154 471 
88 554 
89 664 
90 
91 285 
92 376 639 
93 243 
94 445 
95 
96 
97 256 
98 204 619 
99 448 
100 372 
101 
102 127 
103 241 
104 1311 
105 351 
106 394 
107 125 
108 445 
109 447 
110 
111 
112 386 
113 350 
114 
115 
116 343 
117 293 531 
118 1556 
119 
120 130 
121 262 367 
122 241 647 
123 502 
124 
125 506 1958 
126 277 
127 154 632 
128 590 
129 530 
130 
131 196 571 
132 316 336 
133 506 568 
134 211 294 
135 334 
136 1116 
137 443 646 
138 
139 
140 
141 
142 
143 419 540 
144 
145 388 437 
146 217 341 
147 1526 
148 383 
149 
150 160 
151 
152 446 
153 723 
154 157 
155 
156 
157 1361 
158 556 
159 
160 499 
161 
162 
163 492 
164 510 
165 
166 
167 308 
168 
169 320 498 578 
170 
171 
172 381 457 
173 624 1106 
174 234 
175 196 
176 226 
177 721 
178 
179 
180 
181 322 375 
182 
183 1004 
184 285 551 
185 382 619 
186 
187 377 644 
188 
189 630 
190 
191 
192 
193 559 
194 
195 457 913 
196 
197 254 
198 249 325 525 
199 719 
200 
201 
202 
203 428 
204 
205 1649 
206 
207 
208 
209 
210 339 
211 
212 544 
213 
214 
215 
216 
217 443 
218 379 
219 267 
220 472 
221 484 
222 
223 357 796 
224 
225 1942 
226 250 430 
227 1876 
228 
229 1794 
230 
231 
232 446 1930 
233 383 
234 475 
235 642 
236 
237 253 488 774 
238 278 
239 269 
240 
241 1685 
242 599 
243 
244 521 766 
245 
246 622 623 1921 
247 
248 
249 456 
250 292 
251 
252 
253 
254 
255 
256 308 563 
257 
258 
259 384 
260 318 
261 
262 
263 501 813 
264 1165 
265 
266 
267 
268 
269 
270 
271 
272 
273 
274 382 1759 
275 507 
276 573 1118 
277 501 
278 379 814 
279 
280 
281 444 
282 
283 396 
284 1610 
285 393 
286 321 
287 449 
288 1435 
289 648 888 
290 596 
291 1708 
292 372 
293 324 515 
294 
295 1435 
296 
297 
298 
299 
300 
301 
302 305 463 657 
303 325 
304 
305 502 
306 
307 656 
308 625 
309 
310 427 614 
311 360 
312 345 
313 620 
314 
315 
316 
317 
318 401 444 890 900 
319 
320 
321 489 
322 
323 
324 363 1970 
325 559 1507 
326 536 620 
327 1255 
328 
329 
330 643 
331 662 
332 
333 
334 1363 
335 
336 496 1919 
337 572 
338 
339 1217 
340 446 1085 
341 535 585 676 796 
342 474 514 
343 
344 
345 
346 392 482 510 
347 513 590 1632 
348 1131 
349 1853 
350 550 
351 600 
352 1515 
353 
354 642 
355 
356 
357 376 415 
358 
359 422 651 
360 
361 
362 1318 
363 
364 1483 
365 577 651 
366 
367 
368 
369 934 
370 
371 
372 
373 453 477 508 519 814 
374 
375 
376 
377 
378 547 
379 
380 444 
381 
382 625 643 
383 610 655 
384 521 
385 444 
386 
387 566 
388 578 
389 
390 538 
391 1760 
392 526 
393 490 
394 
395 
396 
397 
398 425 427 487 
399 1595 
400 579 1687 
401 534 
402 
403 607 
404 
405 1865 
406 
407 
408 
409 713 
410 
411 552 
412 
413 523 1654 
414 
415 1978 
416 635 1243 
417 643 
418 535 
419 
420 1696 
421 
422 
423 
424 573 
425 
426 
427 
428 632 
429 447 
430 
431 536 
432 
433 
434 583 630 946 
435 460 572 
436 
437 
438 637 
439 
440 
441 
442 523 
443 
444 
445 
446 
447 
448 570 
449 
450 
451 
452 582 
453 1789 
454 
455 561 
456 554 714 857 1399 
457 
458 501 
459 
460 
461 
462 
463 
464 
465 
466 468 
467 
468 
469 545 
470 
471 634 
472 
473 1015 
474 
475 
476 
477 
478 
479 513 619 
480 
481 651 
482 753 
483 646 
484 832 
485 
486 539 1475 
487 
488 867 
489 
490 
491 
492 
493 643 882 
494 
495 
496 
497 508 604 
498 1699 
499 509 
500 
501 1914 1967 
502 585 
503 
504 
505 
506 893 
507 600 990 
508 
509 540 557 562 1873 
510 
511 
512 
513 583 635 
514 664 
515 
516 521 664 
517 
518 
519 
520 1871 
521 531 1405 
522 527 581 1481 
523 
524 
525 530 
526 542 
527 1163 
528 643 
529 
530 630 
531 
532 
533 1850 
534 1123 1319 
535 
536 
537 
538 614 881 1366 
539 558 
540 1004 
541 764 1139 
542 
543 
544 
545 
546 706 
547 
548 
549 
550 1674 
551 
552 
553 656 
554 
555 
556 
557 
558 
559 
560 
561 630 
562 
563 
564 600 
565 
566 
567 
568 
569 
570 606 
571 1386 
572 
573 1873 
574 
575 
576 
577 665 
578 636 
579 
580 1797 
581 
582 932 
583 
584 
585 
586 1141 
587 
588 654 
589 593 
590 
591 
592 1747 
593 695 
594 
595 716 
596 
597 
598 
599 
600 
601 753 
602 
603 
604 
605 847 1085 
606 
607 
608 
609 
610 
611 
612 
613 
614 
615 
616 
617 
618 1840 1955 
619 
620 
621 
622 
623 677 1950 
624 
625 
626 
627 
628 811 1337 
629 
630 
631 
632 1458 
633 
634 
635 
636 941 
637 
638 1636 
639 
640 1700 
641 
642 
643 784 
644 
645 
646 
647 
648 
649 
650 
651 
652 1924 
653 
654 1188 
655 
656 
657 
658 
659 
660 
661 
662 
663 
664 
665 864 
666 735 1280 
667 1118 
668 836 921 1077 
669 883 916 
670 
671 1478 
672 739 769 1656 
673 
674 1168 
675 
676 
677 819 
678 
679 761 1047 
680 856 
681 977 
682 
683 1658 
684 693 1024 1201 1284 1300 1374 
685 
686 
687 872 1100 
688 1279 
689 
690 808 
691 
692 
693 
694 815 
695 1116 1145 
696 979 
697 719 
698 
699 1082 
700 
701 815 
702 714 1085 
703 
704 941 1025 
705 1144 
706 1457 
707 
708 1617 
709 
710 
711 991 1308 
712 
713 
714 810 1321 
715 
716 1190 1293 
717 875 
718 769 1697 
719 1044 
720 971 
721 
722 
723 
724 
725 1018 1210 1269 
726 913 
727 1129 
728 954 
729 1213 1412 
730 794 802 913 
731 
732 1046 1122 
733 943 1123 
734 
735 1237 1769 
736 1048 
737 930 992 1222 
738 785 1111 1703 
739 
740 1289 1762 
741 1220 1247 
742 
743 766 920 1044 1222 
744 
745 
746 
747 
748 804 1104 1894 
749 1246 
750 1292 
751 
752 1984 
753 1984 
754 
755 989 
756 
757 1199 
758 1624 1829 
759 997 1267 
760 941 
761 1052 
762 
763 
764 1194 1270 
765 
766 1082 1296 
767 
768 938 
769 995 1148 
770 1304 
771 
772 1021 1285 1330 1753 
773 1060 1320 
774 
775 817 
776 899 1072 
777 798 1169 
778 
779 
780 
781 
782 
783 840 887 1280 
784 996 
785 1916 
786 
787 922 989 
788 935 1164 
789 849 
790 799 
791 1271 1307 
792 
793 
794 1172 1224 
795 
796 1779 
797 
798 
799 
800 982 
801 986 
802 822 
803 
804 
805 
806 933 
807 964 979 1500 
808 935 1171 
809 1040 
810 1254 1517 
811 
812 
813 
814 893 
815 1315 
816 1941 
817 1055 
818 1092 
819 947 
820 827 1085 
821 
822 
823 
824 1313 
825 
826 905 1010 
827 
828 868 
829 936 1134 
830 1123 
831 960 
832 
833 
834 942 
835 
836 
837 
838 923 
839 1235 
840 
841 842 
842 1214 
843 1007 
844 970 
845 1282 
846 1945 
847 
848 
849 881 1145 1308 
850 
851 
852 
853 954 1211 
854 
855 
856 1288 
857 997 
858 1248 
859 
860 1021 
861 
862 1123 1308 
863 1049 
864 915 
865 1392 
866 1114 1226 1280 
867 
868 
869 1094 
870 
871 
872 888 1067 1328 
873 911 
874 
875 
876 1085 
877 1238 
878 1046 1079 1210 
879 1108 
880 1107 
881 1022 1675 
882 1901 
883 
884 1208 
885 1144 
886 1104 1227 
887 1125 1300 
888 1187 
889 1160 1936 
890 1098 1315 
891 990 1161 
892 
893 
894 
895 1024 
896 1067 1223 1319 
897 969 1220 
898 986 1259 
899 
900 1222 
901 954 1753 
902 1268 
903 1185 1186 
904 
905 1155 1282 
906 931 
907 1243 
908 
909 
910 1080 
911 
912 
913 
914 
915 
916 
917 
918 
919 967 
920 
921 1207 
922 1305 
923 1017 1197 
924 
925 1275 
926 1144 
927 
928 1487 
929 987 
930 
931 
932 
933 
934 
935 
936 
937 
938 
939 
940 1116 
941 1134 
942 1263 
943 
944 1323 
945 1105 
946 
947 
948 1329 
949 1166 
950 982 
951 
952 961 
953 1151 
954 
955 
956 1193 
957 
958 1104 
959 
960 
961 1031 
962 1984 
963 
964 1225 
965 
966 1067 
967 
968 
969 
970 
971 
972 
973 1821 
974 
975 
976 1581 
977 
978 1029 
979 1192 1194 
980 
981 
982 
983 1094 
984 1315 
985 1106 
986 
987 993 1342 
988 
989 
990 1008 
991 
992 
993 
994 
995 1295 
996 
997 
998 1196 1856 
999 
1000 1053 
1001 
1002 
1003 1244 
1004 1404 
1005 1320 
1006 
1007 
1008 
1009 
1010 1160 1217 
1011 1942 
1012 1158 
1013 
1014 
1015 
1016 
1017 
1018 1133 
1019 1186 
1020 1169 
1021 
1022 1090 
1023 1236 
1024 
1025 
1026 1199 
1027 
1028 1195 
1029 
1030 
1031 
1032 
1033 
1034 1044 
1035 1039 
1036 
1037 
1038 1299 
1039 
1040 
1041 
1042 
1043 
1044 
1045 
1046 
1047 
1048 1310 
1049 1391 
1050 1715 
1051 
1052 
1053 
1054 
1055 
1056 
1057 
1058 
1059 
1060 
1061 
1062 
1063 
1064 
1065 
1066 
1067 1220 
1068 
1069 1331 
1070 1164 1225 1269 
1071 
1072 1737 
1073 1247 
1074 1766 
1075 
1076 
1077 1901 
1078 1296 
1079 
1080 
1081 1227 
1082 1108 
1083 1480 1544 
1084 
1085 
1086 
1087 
1088 1242 
1089 
1090 
1091 
1092 
1093 1217 
1094 
1095 1251 1282 
1096 
1097 
1098 1271 
1099 1132 
1100 
1101 
1102 
1103 
1104 1657 
1105 
1106 1213 
1107 1287 
1108 1223 
1109 
1110 
1111 
1112 
1113 
1114 
1115 
1116 1291 
1117 
1118 
1119 1733 
1120 1216 
1121 
1122 
1123 1260 
1124 
1125 1291 
1126 
1127 
1128 
1129 
1130 1296 
1131 
1132 
1133 
1134 1205 
1135 
1136 
1137 
1138 
1139 
1140 1254 
1141 
1142 
1143 
1144 
1145 1177 
1146 
1147 
1148 1606 
1149 
1150 1161 
1151 
1152 
1153 
1154 
1155 1632 
1156 
1157 
1158 
1159 
1160 
1161 1306 
1162 
1163 
1164 
1165 
1166 
1167 
1168 
1169 
1170 
1171 1270 
1172 
1173 
1174 
1175 
1176 
1177 
1178 1209 
1179 1264 
1180 
1181 1239 
1182 
1183 
1184 
1185 
1186 1810 
1187 1328 
1188 1308 
1189 
1190 
1191 
1192 1288 1876 
1193 
1194 
1195 
1196 
1197 
1198 
1199 
1200 
1201 
1202 
1203 
1204 
1205 
1206 1314 
1207 
1208 1288 
1209 
1210 1211 
1211 
1212 
1213 
1214 
1215 
1216 
1217 
1218 
1219 
1220 
1221 
1222 
1223 1482 1561 1824 
1224 
1225 1269 1365 
1226 
1227 
1228 
1229 
1230 
1231 1245 1262 1324 
1232 
1233 
1234 
1235 
1236 
1237 
1238 
1239 
1240 
1241 
1242 
1243 1318 
1244 1900 
1245 
1246 
1247 
1248 
1249 
1250 
1251 
1252 
1253 
1254 
1255 
1256 
1257 
1258 1951 
1259 
1260 1481 
1261 1528 
1262 
1263 1793 
1264 
1265 
1266 
1267 
1268 
1269 1315 
1270 
1271 1495 
1272 
1273 
1274 
1275 
1276 
1277 
1278 1309 
1279 
1280 
1281 
1282 
1283 
1284 
1285 
1286 
1287 
1288 
1289 
1290 
1291 
1292 
1293 
1294 
1295 
1296 
1297 1415 
1298 1323 
1299 
1300 
1301 
1302 
1303 1528 
1304 
1305 1329 
1306 
1307 
1308 1319 
1309 
1310 
1311 1393 
1312 
1313 1899 
1314 
1315 
1316 
1317 
1318 1326 
1319 
1320 
1321 
1322 
1323 
1324 
1325 1793 
1326 
1327 1394 
1328 
1329 
1330 1899 
1331 1616 
1332 1377 1719 1783 
1333 1565 
1334 
1335 1346 
1336 
1337 
1338 1529 1851 
1339 1683 
1340 
1341 1579 1610 1775 1984 
1342 1556 
1343 1415 
1344 
1345 1952 
1346 1958 
1347 
1348 
1349 
1350 1624 1688 
1351 1597 1771 1945 
1352 
1353 1728 
1354 1786 
1355 1822 
1356 
1357 
1358 1363 1796 
1359 
1360 1487 
1361 1963 
1362 1583 
1363 1575 1609 
1364 
1365 1585 
1366 1695 
1367 1400 1765 1970 
1368 1836 
1369 1604 
1370 1582 1908 
1371 1434 
1372 
1373 1872 
1374 
1375 1728 
1376 1640 
1377 1586 1800 
1378 1700 
1379 1541 
1380 
1381 1431 1750 
1382 1934 1968 
1383 1993 
1384 1923 
1385 
1386 1924 
1387 1807 
1388 
1389 1690 1853 
1390 
1391 1442 1724 1841 
1392 1960 
1393 
1394 1493 
1395 1703 
1396 1885 
1397 
1398 
1399 
1400 1551 
1401 1593 
1402 
1403 1426 1767 
1404 
1405 
1406 
1407 1474 1608 
1408 1983 
1409 
1410 1440 
1411 
1412 
1413 
1414 
1415 
1416 1429 
1417 1651 1898 
1418 1526 
1419 
1420 
1421 1465 1628 1918 1989 
1422 
1423 1899 
1424 1582 
1425 1493 
1426 
1427 
1428 
1429 1908 
1430 1931 
1431 1554 1752 
1432 1572 1830 
1433 
1434 1463 1848 1911 
1435 
1436 1489 
1437 1547 1707 
1438 
1439 
1440 
1441 1572 
1442 
1443 1891 
1444 
1445 1629 
1446 1713 
1447 
1448 1504 
1449 
1450 1588 
1451 1561 
1452 1757 
1453 
1454 
1455 
1456 
1457 1796 
1458 1525 1719 
1459 
1460 1716 1835 
1461 1523 1677 1927 
1462 1826 1923 
1463 
1464 
1465 
1466 1846 
1467 
1468 
1469 
1470 1580 
1471 1625 
1472 
1473 1772 1839 
1474 1499 1608 1923 
1475 
1476 1495 
1477 
1478 1691 1842 
1479 1547 
1480 1559 
1481 
1482 1664 1897 
1483 1796 
1484 
1485 1688 1689 
1486 
1487 1881 
1488 1911 
1489 
1490 
1491 1588 
1492 1919 
1493 
1494 1970 
1495 1660 1882 
1496 1557 1684 1736 1918 1961 1989 
1497 
1498 1961 
1499 1614 
1500 1562 
1501 1810 
1502 1856 
1503 
1504 
1505 1714 
1506 
1507 
1508 1831 
1509 1620 1816 
1510 1957 
1511 1852 
1512 1675 
1513 
1514 
1515 1634 
1516 1900 
1517 1539 
1518 
1519 
1520 1879 
1521 
1522 
1523 1705 1860 
1524 
1525 1699 
1526 1609 1946 
1527 
1528 1799 1962 
1529 
1530 1764 1814 1993 
1531 
1532 1612 
1533 
1534 1873 
1535 
1536 1696 
1537 1616 1710 
1538 
1539 
1540 1712 
1541 
1542 
1543 1677 1708 
1544 1837 1876 
1545 
1546 1792 
1547 
1548 1825 
1549 1883 
1550 
1551 1668 1678 
1552 
1553 
1554 1725 
1555 
1556 
1557 
1558 
1559 1835 1843 1944 
1560 
1561 1831 1980 
1562 1843 
1563 
1564 1570 
1565 
1566 1809 
1567 
1568 
1569 1585 1760 
1570 1598 
1571 1591 1765 
1572 
1573 
1574 1709 
1575 
1576 
1577 
1578 1755 
1579 
1580 
1581 
1582 1696 1932 
1583 1740 1908 
1584 
1585 1759 1957 
1586 
1587 1687 1800 
1588 1672 
1589 1801 1828 
1590 1720 
1591 1697 
1592 1781 
1593 1600 1637 
1594 
1595 
1596 
1597 1678 
1598 
1599 1740 1869 
1600 
1601 
1602 1812 
1603 1643 1804 
1604 1609 
1605 1741 
1606 
1607 
1608 
1609 1741 1832 
1610 
1611 
1612 1626 
1613 
1614 1763 
1615 
1616 
1617 1808 
1618 
1619 
1620 
1621 
1622 
1623 1948 
1624 
1625 1974 
1626 
1627 
1628 1776 1937 
1629 1893 
1630 
1631 
1632 1925 
1633 1779 
1634 1914 
1635 1950 
1636 1667 
1637 
1638 
1639 1646 
1640 
1641 
1642 
1643 
1644 1875 1971 1983 
1645 1710 1711 
1646 1956 
1647 
1648 1674 1872 
1649 
1650 1953 
1651 
1652 1906 
1653 
1654 
1655 1763 
1656 
1657 
1658 
1659 1922 
1660 
1661 1703 1756 
1662 1768 
1663 
1664 
1665 1686 1803 
1666 
1667 
1668 1885 
1669 1922 1966 
1670 
1671 
1672 
1673 1778 
1674 
1675 1972 
1676 
1677 
1678 
1679 
1680 
1681 
1682 1870 
1683 
1684 1745 
1685 1818 
1686 
1687 
1688 1834 
1689 
1690 1921 
1691 1794 
1692 1703 
1693 
1694 
1695 1925 
1696 
1697 
1698 1894 1978 
1699 
1700 
1701 1757 
1702 
1703 
1704 1873 1890 
1705 
1706 
1707 
1708 
1709 1724 
1710 1895 
1711 
1712 
1713 1848 
1714 
1715 
1716 1773 
1717 1765 
1718 
1719 
1720 
1721 
1722 
1723 
1724 
1725 
1726 1749 1778 1885 
1727 
1728 1924 
1729 1802 
1730 
1731 
1732 1770 
1733 
1734 1783 
1735 1857 
1736 
1737 1896 
1738 
1739 
1740 
1741 
1742 
1743 
1744 1971 
1745 1768 
1746 1763 
1747 
1748 1755 1808 1907 
1749 
1750 
1751 
1752 
1753 
1754 
1755 
1756 
1757 
1758 
1759 
1760 
1761 1905 
1762 
1763 1980 
1764 1840 
1765 
1766 
1767 
1768 
1769 
1770 
1771 
1772 
1773 
1774 
1775 
1776 
1777 
1778 
1779 
1780 
1781 
1782 
1783 
1784 
1785 
1786 1918 
1787 
1788 
1789 
1790 
1791 
1792 
1793 1984 
1794 
1795 
1796 1983 
1797 
1798 
1799 1845 
1800 
1801 1843 
1802 
1803 
1804 
1805 
1806 
1807 
1808 
1809 
1810 
1811 
1812 
1813 
1814 1919 
1815 
1816 1997 
1817 
1818 1944 
1819 
1820 
1821 1855 
1822 
1823 
1824 
1825 1913 1919 
1826 
1827 
1828 
1829 
1830 
1831 
1832 1947 
1833 1961 
1834 1926 1988 
1835 1985 
1836 
1837 1905 
1838 1843 
1839 
1840 
1841 
1842 1897 
1843 
1844 
1845 
1846 1875 
1847 
1848 1993 
1849 
1850 
1851 
1852 1898 
1853 
1854 
1855 
1856 
1857 
1858 
1859 
1860 
1861 
1862 
1863 
1864 
1865 
1866 
1867 
1868 
1869 
1870 
1871 
1872 
1873 
1874 1953 
1875 
1876 
1877 
1878 1931 
1879 
1880 
1881 
1882 
1883 1936 
1884 1991 
1885 1902 
1886 
1887 
1888 1936 
1889 
1890 
1891 
1892 
1893 
1894 
1895 
1896 
1897 
1898 
1899 1959 
1900 
1901 
1902 1936 1940 
1903 
1904 
1905 
1906 
1907 
1908 
1909 1935 
1910 
1911 
1912 
1913 
1914 
1915 
1916 
1917 
1918 
1919 
1920 
1921 
1922 
1923 1965 
1924 
1925 
1926 
1927 
1928 
1929 
1930 
1931 
1932 
1933 
1934 
1935 
1936 
1937 
1938 
1939 1944 
1940 
1941 
1942 
1943 
1944 
1945 
1946 
1947 
1948 1973 
1949 
1950 
1951 
1952 
1953 
1954 
1955 
1956 
1957 
1958 
1959 
1960 
1961 
1962 
1963 
1964 
1965 
1966 
1967 
1968 
1969 
1970 
1971 
1972 
1973 
1974 
1975 
1976 
1977 
1978 
1979 
1980 
1981 
1982 
1983 
1984 
1985 
1986 
1987 
1988 
1989 
1990 
1991 
1992 
1993 
1994 
1995 
1996 
1997 
1998 
1999 
[0, 0, 0, 0, 0, 0, 0, 0, 0, 0, 0, 0, 0, 0, 0, 0, 0, 0, 0, 0, 0, 0, 0, 0, 0, 0, 0, 0, 0, 0, 0, 0, 0, 0, 0, 0, 0, 0, 0, 0, 0, 0, 0, 0, 0, 0, 0, 0, 0, 0, 0, 0, 0, 0, 0, 0, 0, 0, 0, 0, 0, 0, 0, 0, 0, 0, 0, 0, 0, 0, 0, 0, 0, 0, 0, 0, 0, 0, 0, 0, 0, 0, 0, 0, 0, 0, 0, 0, 0, 0, 0, 0, 0, 0, 0, 0, 0, 0, 0, 0, 0, 0, 0, 0, 0, 0, 0, 0, 0, 0, 0, 0, 0, 0, 0, 0, 0, 0, 0, 0, 0, 0, 0, 0, 0, 0, 0, 0, 0, 0, 0, 0, 0, 0, 0, 0, 0, 0, 0, 0, 0, 0, 0, 0, 0, 0, 0, 0, 0, 0, 0, 0, 0, 0, 0, 0, 0, 0, 0, 0, 0, 0, 0, 0, 0, 0, 0, 0, 0, 0, 0, 0, 0, 0, 0, 0, 0, 0, 0, 0, 0, 0, 0, 0, 0, 0, 0, 0, 0, 0, 0, 0, 0, 0, 0, 0, 0, 0, 0, 0, 0, 0, 0, 0, 0, 0, 0, 0, 0, 0, 0, 0, 0, 0, 0, 0, 0, 0, 0, 0, 0, 0, 0, 0, 0, 0, 0, 0, 0, 0, 0, 0, 0, 0, 0, 0, 0, 0, 0, 0, 0, 0, 0, 0, 0, 0, 0, 0, 0, 0, 0, 0, 0, 0, 0, 0, 0, 0, 0, 0, 0, 0, 0, 0, 0, 0, 0, 0, 0, 0, 0, 0, 0, 0, 0, 0, 0, 0, 0, 0, 0, 0, 0, 0, 0, 0, 0, 0, 0, 0, 0, 0, 0, 0, 0, 0, 0, 0, 0, 0, 0, 0, 0, 0, 0, 0, 0, 0, 0, 0, 0, 0, 0, 0, 0, 0, 0, 0, 0, 0, 0, 0, 0, 0, 0, 0, 0, 0, 0, 0, 0, 0, 0, 0, 0, 0, 0, 0, 0, 0, 0, 0, 0, 0, 0, 0, 0, 0, 0, 0, 0, 0, 0, 0, 0, 0, 0, 0, 0, 0, 0, 0, 0, 0, 0, 0, 0, 0, 0, 0, 0, 0, 0, 0, 0, 0, 0, 0, 0, 0, 0, 0, 0, 0, 0, 0, 0, 0, 0, 0, 0, 0, 0, 0, 0, 0, 0, 0, 0, 0, 0, 0, 0, 0, 0, 0, 0, 0, 0, 0, 0, 0, 0, 0, 0, 0, 0, 0, 0, 0, 0, 0, 0, 0, 0, 0, 0, 0, 0, 0, 0, 0, 0, 0, 0, 0, 0, 0, 0, 0, 0, 0, 0, 0, 0, 0, 0, 0, 0, 0, 0, 0, 0, 0, 0, 0, 0, 0, 0, 0, 0, 0, 0, 0, 0, 0, 0, 0, 0, 0, 0, 0, 0, 0, 0, 0, 0, 0, 0, 0, 0, 0, 0, 0, 0, 0, 0, 0, 0, 0, 0, 0, 0, 0, 0, 0, 0, 0, 0, 0, 0, 0, 0, 0, 0, 0, 0, 0, 0, 0, 0, 0, 0, 0, 0, 0, 0, 0, 0, 0, 0, 0, 0, 0, 0, 0, 0, 0, 0, 0, 0, 0, 0, 0, 0, 0, 0, 0, 0, 0, 0, 0, 0, 0, 0, 0, 0, 0, 0, 0, 0, 0, 0, 0, 0, 0, 0, 0, 0, 0, 0, 0, 0, 0, 0, 0, 0, 0, 0, 0, 0, 0, 0, 0, 0, 0, 0, 0, 0, 0, 0, 0, 0, 0, 0, 0, 0, 0, 0, 0, 0, 0, 0, 0, 0, 0, 0, 0, 0, 0, 0, 0, 0, 0, 0, 0, 0, 0, 0, 0, 0, 0, 0, 0, 0, 0, 0, 0, 0, 0, 0, 0, 0, 0, 0, 0, 0, 0, 0, 0, 0, 0, 0, 0, 0, 0, 0, 0, 0, 0, 0, 0, 0, 0, 0, 0, 0, 0, 0, 0, 0, 0, 0, 0, 0, 0, 0, 0, 0, 0, 0, 0, 0, 0, 0, 0, 1, 1, 1, 1, 1, 1, 1, 1, 1, 1, 1, 1, 1, 1, 1, 1, 1, 1, 1, 1, 1, 1, 1, 1, 1, 1, 1, 1, 1, 1, 1, 1, 1, 1, 1, 1, 1, 1, 1, 1, 1, 1, 1, 1, 1, 1, 1, 1, 1, 1, 1, 1, 1, 1, 1, 1, 1, 1, 1, 1, 1, 1, 1, 1, 1, 1, 1, 1, 1, 1, 1, 1, 1, 1, 1, 1, 1, 1, 1, 1, 1, 1, 1, 1, 1, 1, 1, 1, 1, 1, 1, 1, 1, 1, 1, 1, 1, 1, 1, 1, 1, 1, 1, 1, 1, 1, 1, 1, 1, 1, 1, 1, 1, 1, 1, 1, 1, 1, 1, 1, 1, 1, 1, 1, 1, 1, 1, 1, 1, 1, 1, 1, 1, 1, 1, 1, 1, 1, 1, 1, 1, 1, 1, 1, 1, 1, 1, 1, 1, 1, 1, 1, 1, 1, 1, 1, 1, 1, 1, 1, 1, 1, 1, 1, 1, 1, 1, 1, 1, 1, 1, 1, 1, 1, 1, 1, 1, 1, 1, 1, 1, 1, 1, 1, 1, 1, 1, 1, 1, 1, 1, 1, 1, 1, 1, 1, 1, 1, 1, 1, 1, 1, 1, 1, 1, 1, 1, 1, 1, 1, 1, 1, 1, 1, 1, 1, 1, 1, 1, 1, 1, 1, 1, 1, 1, 1, 1, 1, 1, 1, 1, 1, 1, 1, 1, 1, 1, 1, 1, 1, 1, 1, 1, 1, 1, 1, 1, 1, 1, 1, 1, 1, 1, 1, 1, 1, 1, 1, 1, 1, 1, 1, 1, 1, 1, 1, 1, 1, 1, 1, 1, 1, 1, 1, 1, 1, 1, 1, 1, 1, 1, 1, 1, 1, 1, 1, 1, 1, 1, 1, 1, 1, 1, 1, 1, 1, 1, 1, 1, 1, 1, 1, 1, 1, 1, 1, 1, 1, 1, 1, 1, 1, 1, 1, 1, 1, 1, 1, 1, 1, 1, 1, 1, 1, 1, 1, 1, 1, 1, 1, 1, 1, 1, 1, 1, 1, 1, 1, 1, 1, 1, 1, 1, 1, 1, 1, 1, 1, 1, 1, 1, 1, 1, 1, 1, 1, 1, 1, 1, 1, 1, 1, 1, 1, 1, 1, 1, 1, 1, 1, 1, 1, 1, 1, 1, 1, 1, 1, 1, 1, 1, 1, 1, 1, 1, 1, 1, 1, 1, 1, 1, 1, 1, 1, 1, 1, 1, 1, 1, 1, 1, 1, 1, 1, 1, 1, 1, 1, 1, 1, 1, 1, 1, 1, 1, 1, 1, 1, 1, 1, 1, 1, 1, 1, 1, 1, 1, 1, 1, 1, 1, 1, 1, 1, 1, 1, 1, 1, 1, 1, 1, 1, 1, 1, 1, 1, 1, 1, 1, 1, 1, 1, 1, 1, 1, 1, 1, 1, 1, 1, 1, 1, 1, 1, 1, 1, 1, 1, 1, 1, 1, 1, 1, 1, 1, 1, 1, 1, 1, 1, 1, 1, 1, 1, 1, 1, 1, 1, 1, 1, 1, 1, 1, 1, 1, 1, 1, 1, 1, 1, 1, 1, 1, 1, 1, 1, 1, 1, 1, 1, 1, 1, 1, 1, 1, 1, 1, 1, 1, 1, 1, 1, 1, 1, 1, 1, 1, 1, 1, 1, 1, 1, 1, 1, 1, 1, 1, 1, 1, 1, 1, 1, 1, 1, 1, 1, 1, 1, 1, 1, 1, 1, 1, 1, 1, 1, 1, 1, 1, 1, 1, 1, 1, 1, 1, 1, 1, 1, 1, 1, 1, 1, 1, 1, 1, 1, 1, 1, 1, 1, 1, 1, 1, 1, 1, 1, 1, 1, 1, 1, 1, 1, 1, 1, 1, 1, 1, 1, 1, 1, 1, 1, 1, 1, 1, 1, 1, 1, 1, 1, 1, 1, 1, 1, 1, 1, 1, 1, 1, 1, 1, 1, 1, 1, 1, 1, 1, 1, 1, 1, 1, 1, 1, 1, 1, 1, 1, 1, 1, 1, 1, 1, 1, 1, 1, 1, 1, 1, 1, 1, 1, 1, 1, 1, 1, 1, 1, 1, 1, 1, 1, 1, 1, 1, 1, 1, 2, 2, 2, 2, 2, 2, 2, 2, 2, 2, 2, 2, 2, 2, 2, 2, 2, 2, 2, 2, 2, 2, 2, 2, 2, 2, 2, 2, 2, 2, 2, 2, 2, 2, 2, 2, 2, 2, 2, 2, 2, 2, 2, 2, 2, 2, 2, 2, 2, 2, 2, 2, 2, 2, 2, 2, 2, 2, 2, 2, 2, 2, 2, 2, 2, 2, 2, 2, 2, 2, 2, 2, 2, 2, 2, 2, 2, 2, 2, 2, 2, 2, 2, 2, 2, 2, 2, 2, 2, 2, 2, 2, 2, 2, 2, 2, 2, 2, 2, 2, 2, 2, 2, 2, 2, 2, 2, 2, 2, 2, 2, 2, 2, 2, 2, 2, 2, 2, 2, 2, 2, 2, 2, 2, 2, 2, 2, 2, 2, 2, 2, 2, 2, 2, 2, 2, 2, 2, 2, 2, 2, 2, 2, 2, 2, 2, 2, 2, 2, 2, 2, 2, 2, 2, 2, 2, 2, 2, 2, 2, 2, 2, 2, 2, 2, 2, 2, 2, 2, 2, 2, 2, 2, 2, 2, 2, 2, 2, 2, 2, 2, 2, 2, 2, 2, 2, 2, 2, 2, 2, 2, 2, 2, 2, 2, 2, 2, 2, 2, 2, 2, 2, 2, 2, 2, 2, 2, 2, 2, 2, 2, 2, 2, 2, 2, 2, 2, 2, 2, 2, 2, 2, 2, 2, 2, 2, 2, 2, 2, 2, 2, 2, 2, 2, 2, 2, 2, 2, 2, 2, 2, 2, 2, 2, 2, 2, 2, 2, 2, 2, 2, 2, 2, 2, 2, 2, 2, 2, 2, 2, 2, 2, 2, 2, 2, 2, 2, 2, 2, 2, 2, 2, 2, 2, 2, 2, 2, 2, 2, 2, 2, 2, 2, 2, 2, 2, 2, 2, 2, 2, 2, 2, 2, 2, 2, 2, 2, 2, 2, 2, 2, 2, 2, 2, 2, 2, 2, 2, 2, 2, 2, 2, 2, 2, 2, 2, 2, 2, 2, 2, 2, 2, 2, 2, 2, 2, 2, 2, 2, 2, 2, 2, 2, 2, 2, 2, 2, 2, 2, 2, 2, 2, 2, 2, 2, 2, 2, 2, 2, 2, 2, 2, 2, 2, 2, 2, 2, 2, 2, 2, 2, 2, 2, 2, 2, 2, 2, 2, 2, 2, 2, 2, 2, 2, 2, 2, 2, 2, 2, 2, 2, 2, 2, 2, 2, 2, 2, 2, 2, 2, 2, 2, 2, 2, 2, 2, 2, 2, 2, 2, 2, 2, 2, 2, 2, 2, 2, 2, 2, 2, 2, 2, 2, 2, 2, 2, 2, 2, 2, 2, 2, 2, 2, 2, 2, 2, 2, 2, 2, 2, 2, 2, 2, 2, 2, 2, 2, 2, 2, 2, 2, 2, 2, 2, 2, 2, 2, 2, 2, 2, 2, 2, 2, 2, 2, 2, 2, 2, 2, 2, 2, 2, 2, 2, 2, 2, 2, 2, 2, 2, 2, 2, 2, 2, 2, 2, 2, 2, 2, 2, 2, 2, 2, 2, 2, 2, 2, 2, 2, 2, 2, 2, 2, 2, 2, 2, 2, 2, 2, 2, 2, 2, 2, 2, 2, 2, 2, 2, 2, 2, 2, 2, 2, 2, 2, 2, 2, 2, 2, 2, 2, 2, 2, 2, 2, 2, 2, 2, 2, 2, 2, 2, 2, 2, 2, 2, 2, 2, 2, 2, 2, 2, 2, 2, 2, 2, 2, 2, 2, 2, 2, 2, 2, 2, 2, 2, 2, 2, 2, 2, 2, 2, 2, 2, 2, 2, 2, 2, 2, 2, 2, 2, 2, 2, 2, 2, 2, 2, 2, 2, 2, 2, 2, 2, 2, 2, 2, 2, 2, 2, 2, 2, 2, 2, 2, 2, 2, 2, 2, 2, 2, 2, 2, 2, 2, 2, 2, 2, 2, 2, 2, 2, 2, 2, 2, 2, 2, 2, 2, 2, 2, 2, 2, 2, 2, 2, 2, 2, 2, 2, 2, 2, 2, 2, 2, 2, 2, 2, 2, 2, 2, 2, 2, 2, 2, 2, 2, 2, 2, 2, 2, 2, 2, 2, 2, 2, 2, 2, 2, 2, 2, 2, 2, 2, 2, 2, 0, 0]