#/home/brian/Documents/summer17/Python/VEC/scripts/make_SBM_graphs.py
# GMT Thu Jul 27 21:52:08 2017
# 
0 128 73 107 164
1 96 193 47 115 116 22 59
2 57 42 19 54 167
3 160 11 19 180 150 151 29
4 65 44 106 12 15 82 116 137 62
5 65 165 40 75 109 118 61 126
6 130 42 43 174 115 183 187 93 127
7 33 74 99 147 127
8 160 99 108 19 156 191
9 40 179 54
10 65 106 76 94 63
11 97 162 139 174 150 151 122 124
12 32 48 56 152 58 92
13 97 98 99 135 161 170 145 114 21 188
14 132 168 48 84 149 23 52 186 159
15 176 37 49 44 46 144 17 148 54 24 155 124 189 190 165
16 100 103 75 78 118 152 155 92
17 97 66 173 23 62
18 184 170 143
19 102 115 51
20 96 34 69 39 143 118 179 62 22 186 189 126 159
21 161 99 112 119 88 124 95
22 75 142 48 83 149
23 32 65 66 163 100 133 72 137 106 118 121 168
24 100 103 75 78 48 182 158
25 100 36 140 45 174 114 185 124 31
26 195 70 41 79 49 52 57 185 29
27 161 123 36 38 135 42 43 51 53 183 58 91 28 74
28 36 197 139 50 53 185 89
29 160 38 195 49 41 140 80 108 50 131 105 88 122
30 38 105 172 143 140 91 124
31 131 36 199 172 170 140 189 91 93
32 35 69 111 155
33 42 43 140 79 113 86 185 91 143 126 159
34 193 132 176 121 125 190
35 193 133 167 48 116 118
36 160 169 45 63 145 120 93
37 128 164 69 71 72 103 77 117 92
38 136 73 145 84 124
39 128 71 111 122 155
40 192 44 47 81 125 126
41 199 80 115 84
42 64 67 135 43 180 55
43 160 197 108 114 147 191
44 65 78 189 62
45 160 136 81 50 54 157 104
46 196 181 182
47 75 141 142 144
48 130 133 103 52 78 116
49 96 100 105 107 117 62 190
50 161 67 159 114 53 86 151 122 91 181
51 123 145 110 143 81 151 124 95
52 197 113 172 81 84 53 54 151 153 122
53 187 54 119 169 171 110 143 80 150 105
54 140 174 113 115 185 92
55 135 72 169 141 174
56 90
57 91 156 183
58 168 137 108 82 127
59 192 133 103
60 160 73 178 150 111
61 193 196 82 179 149
62 76 138
63 129 109 142 144 148 182 121
64 131 102 84 149 151
65 165 106 196 132 189 69
66 128 163 68 133 168 142 111 85 100 90 125 181
67 161 147
68 131 179 134 199 141 177 83 90 158
69 132 73 107 174 83 181 190
70 161 98 199 169 145 122 95
71 163 168 117 121 90
72 107 76 125 126
73 192 74 76 118
74 132 76 173 118 92 158
75 126 159
76 103 176 149
77 169 140 108 183 94
78 94
79 162 166 105 108 175 151 185
80 99 167 171 84 105
81 136 86 93
82 192 137 181 182 93
83 90
84 166 167 111 145
85 193 156 144 179 119 92
86 198 172 174 143 112
87 88 185 183
88 143 115 188 93
89 113 123 119
90 94
91
92 128 196 103 137 171 125 113 148 116 118
93 105 122 124
94 163 132 134 168 113 179
95 104 172 109 184 185
96 168 137 109 111 175
97 162 199 141
98 197 105 112 151 184
99
100 176 163 111 121 149 118 125 190 117
101 184 120 146 160 166
102 162 124 174
103 130 163 135 176 109 179 126 183 120 158
104 157 113 139
105 112
106 135 190 126
107 130 148 154 189 165
108 177 115 175
109 129 196
110 167
111 134 146
112 166 138 114 122 124
113 114
114 157
115 135 139 174 145 199
116 138 146 149 132 189
117 133 189
118 175
119 197 170 183 185
120 180 151
121 134 168 149
122 197 133
123
124 162
125 176
126 164 129 144
127 194 171
128 129 173 144
129 130 146 154
130 165 148
131 171 197 166 139 174 153
132 176 177 142 182 155
133 165 138 190
134 164
135 161 183 140 144
136 161 181 156
137 197 186
138 152 186 165
139 167 153 187
140 183 145 185
141 158
142 181 159
143 160 194 149
144 155 163 167 147
145 172 163
146 154
147 181
148 175
149 164
150 199 185 191
151 162 188
152 179 155
153
154 163
155
156 194 167 170 199
157 197 183
158
159
160 192 166
161 169 195 183 184
162
163
164 173 176
165 176 183 175
166 167 172 191
167 199 194 180
168 192 179
169 199
170 194
171
172 194 187 197
173 189
174 197
175
176 192
177
178
179 190
180 199 187
181 194
182
183
184 194
185
186 196
187 188 191
188
189
190 196
191
192
193
194
195
196
197
198
199
[1, 1, 0, 0, 1, 1, 0, 0, 0, 1, 1, 0, 1, 0, 1, 1, 1, 1, 0, 0, 1, 0, 1, 1, 1, 0, 0, 0, 0, 0, 0, 0, 1, 0, 1, 1, 0, 1, 0, 1, 1, 0, 0, 0, 1, 0, 1, 1, 1, 1, 0, 0, 0, 0, 0, 0, 1, 0, 1, 1, 1, 1, 1, 1, 0, 1, 1, 0, 1, 1, 0, 1, 1, 1, 1, 1, 1, 0, 1, 0, 0, 0, 1, 1, 0, 1, 0, 0, 0, 0, 1, 0, 1, 0, 1, 0, 1, 0, 0, 0, 1, 0, 0, 1, 0, 0, 1, 1, 0, 1, 0, 1, 0, 0, 0, 0, 1, 1, 1, 0, 0, 1, 0, 0, 0, 1, 1, 0, 1, 1, 1, 0, 1, 1, 1, 0, 0, 1, 1, 0, 0, 1, 1, 0, 1, 0, 1, 0, 1, 1, 0, 0, 1, 0, 1, 1, 0, 0, 1, 1, 0, 0, 0, 1, 1, 1, 0, 0, 1, 0, 0, 0, 0, 1, 0, 1, 1, 1, 0, 1, 0, 1, 1, 0, 0, 0, 1, 0, 0, 1, 1, 0, 1, 1, 0, 0, 1, 0, 0, 0]