0 9 125 165 175 385 419 428 1673 
1 81 204 330 546 654 1961 
2 372 392 
3 74 1108 1994 
4 5 68 308 1251 
5 153 187 575 
6 15 75 289 1332 
7 146 148 218 224 330 504 568 605 
8 1168 1226 
9 106 273 586 621 632 
10 168 725 1585 
11 48 60 93 266 291 379 436 572 1494 1525 1856 
12 420 
13 353 1092 
14 75 248 403 421 517 580 1451 
15 142 166 347 
16 62 244 374 422 
17 589 661 744 
18 60 123 499 1680 1955 
19 202 481 603 
20 26 44 374 
21 168 477 1898 
22 77 440 
23 128 517 541 563 
24 258 556 660 738 
25 355 609 
26 164 323 327 481 810 
27 183 456 477 530 1017 
28 158 265 653 1612 
29 243 383 426 591 
30 57 169 483 554 930 
31 369 430 606 706 860 
32 330 997 
33 411 
34 115 
35 1443 1920 
36 161 498 
37 490 
38 85 1111 
39 83 148 964 1773 
40 379 472 509 
41 182 455 
42 650 661 
43 174 253 530 576 
44 550 586 820 
45 172 385 
46 129 306 327 347 1517 
47 424 453 816 
48 404 568 896 
49 211 584 595 
50 159 475 626 
51 848 
52 243 461 867 
53 314 724 1422 
54 129 167 431 529 613 661 
55 304 440 
56 150 323 449 529 
57 63 237 
58 552 660 1283 
59 1366 
60 159 657 1882 
61 71 134 187 190 
62 86 539 542 
63 864 
64 330 348 421 458 609 
65 352 642 833 
66 70 273 531 
67 102 172 471 525 579 663 1074 1152 
68 183 376 445 573 590 
69 447 1013 1100 1168 1866 
70 180 445 511 845 1557 1784 
71 145 219 553 
72 241 301 311 415 484 
73 312 351 358 495 648 1071 
74 346 
75 432 512 
76 481 607 
77 241 314 315 371 587 614 
78 165 187 1126 
79 216 
80 348 442 573 577 655 
81 179 296 468 
82 425 631 1212 
83 106 284 
84 224 257 1469 1544 
85 102 109 495 603 1116 1121 
86 175 233 271 393 
87 338 555 
88 183 186 
89 144 243 254 356 442 491 
90 96 621 645 1468 
91 280 345 378 382 422 
92 160 290 356 1148 
93 156 177 811 
94 124 164 273 509 555 609 663 
95 128 341 361 
96 167 335 
97 166 278 360 448 611 615 1784 
98 280 334 462 505 525 636 1071 1833 
99 142 326 644 
100 279 465 502 1794 
101 134 572 599 657 
102 159 594 1706 
103 239 609 1136 1489 
104 266 390 393 546 608 
105 127 203 278 
106 199 324 417 478 496 
107 227 514 
108 276 345 346 425 557 663 
109 243 451 
110 231 439 442 1414 
111 530 632 955 
112 184 340 342 
113 208 246 324 545 1935 
114 315 397 407 427 598 
115 129 197 267 430 508 514 1015 
116 417 577 
117 246 435 508 
118 210 211 652 655 
119 490 
120 208 
121 229 294 361 
122 157 480 
123 217 241 436 616 642 
124 465 547 582 630 1597 
125 186 517 
126 341 585 
127 205 371 
128 158 196 222 357 1984 
129 333 504 649 701 1138 
130 350 372 
131 477 1833 
132 236 272 418 565 
133 260 501 850 
134 155 204 227 337 420 
135 525 655 1437 1678 1968 
136 495 580 
137 401 
138 204 266 644 
139 426 490 651 1556 1907 
140 149 226 336 
141 648 
142 241 250 459 
143 507 624 
144 561 
145 241 342 551 595 977 
146 307 321 503 505 541 684 
147 583 1078 
148 221 390 622 
149 446 598 
150 291 1830 
151 267 
152 539 
153 379 551 626 1080 
154 203 244 472 
155 
156 
157 253 781 1265 
158 219 354 515 911 
159 299 580 1968 
160 395 660 1452 
161 342 599 
162 206 210 314 426 532 1979 
163 357 
164 165 178 267 317 346 405 566 648 842 1275 
165 1864 
166 265 343 
167 
168 218 447 504 
169 273 333 567 717 
170 320 
171 215 286 407 463 588 
172 468 718 
173 320 344 953 
174 328 637 
175 313 527 632 795 
176 251 477 632 1332 1427 
177 265 504 
178 306 334 337 531 647 654 
179 657 1270 
180 246 403 
181 
182 240 369 840 
183 310 
184 388 551 823 
185 400 
186 300 582 1376 
187 485 535 
188 248 1776 
189 547 1497 
190 252 363 629 
191 214 300 508 
192 505 707 1254 1303 1632 
193 425 506 1370 
194 294 391 566 655 
195 275 364 410 591 
196 353 
197 207 269 629 
198 421 539 569 1318 
199 488 534 606 642 
200 228 447 460 478 520 1893 
201 279 327 553 
202 348 426 473 803 
203 447 1760 
204 229 396 578 641 1039 1413 
205 220 228 499 531 665 
206 360 632 1850 
207 218 566 631 
208 332 432 437 542 
209 554 561 570 1526 
210 299 307 369 
211 342 425 1092 
212 387 1580 
213 323 427 471 571 
214 408 
215 250 258 380 446 
216 
217 594 
218 506 
219 250 796 1277 1582 
220 340 349 548 960 
221 308 
222 261 1970 
223 309 988 
224 250 375 557 618 1189 
225 275 736 772 1287 
226 660 1056 
227 247 499 1266 
228 361 453 
229 355 392 442 607 
230 526 575 621 
231 365 551 1077 1615 
232 400 493 555 790 
233 286 308 628 1508 1880 
234 414 520 582 1756 
235 316 328 340 461 
236 316 372 388 
237 569 1384 
238 
239 258 363 1267 1315 
240 264 345 
241 502 1086 
242 1213 
243 311 400 524 1782 
244 
245 288 680 1531 1690 
246 468 
247 652 948 
248 1820 
249 400 
250 306 
251 296 307 356 433 515 657 
252 364 1523 
253 603 
254 362 394 654 
255 526 586 1463 
256 266 364 423 1387 
257 642 
258 266 401 484 570 1187 
259 413 486 537 556 626 994 
260 496 607 625 717 
261 394 1792 
262 333 427 439 529 649 1579 
263 507 539 
264 317 360 452 1649 
265 646 1830 
266 281 284 1107 1461 1972 
267 313 349 488 525 895 
268 471 
269 626 
270 282 352 477 
271 540 
272 502 644 841 
273 308 633 1775 
274 451 852 
275 664 682 1011 
276 342 560 561 1309 1399 
277 507 1613 
278 500 650 1568 1617 
279 302 337 371 434 
280 339 637 1714 
281 449 644 1049 
282 297 343 
283 354 381 385 493 
284 397 
285 342 714 
286 360 436 
287 342 390 538 754 
288 313 602 626 1241 
289 381 433 637 
290 379 549 
291 500 546 
292 429 509 625 1561 
293 609 914 1110 
294 537 614 
295 
296 350 384 455 
297 542 581 1419 1791 1876 1935 
298 368 393 635 1038 
299 354 485 527 565 
300 325 
301 317 638 1845 
302 319 613 1067 
303 483 1531 
304 312 641 1410 1904 
305 331 428 496 1223 1309 
306 428 470 953 
307 368 385 625 903 
308 314 554 746 1993 
309 530 1437 1518 
310 334 460 526 
311 557 
312 559 574 579 
313 
314 427 439 487 634 
315 317 
316 328 427 657 992 1095 
317 570 1418 1724 
318 623 828 1437 
319 324 1300 
320 942 1367 
321 
322 
323 1874 
324 527 
325 580 1685 
326 388 
327 387 1715 
328 
329 333 369 887 
330 
331 398 1137 
332 452 538 
333 657 
334 
335 503 653 1135 
336 
337 512 568 
338 535 627 1277 1540 1900 
339 577 616 
340 381 493 501 1626 
341 1904 
342 390 
343 
344 
345 432 453 1339 
346 559 1953 
347 358 
348 402 
349 426 
350 756 1754 
351 467 648 
352 374 433 
353 366 574 601 616 808 
354 482 517 812 947 
355 464 546 1067 
356 404 499 500 1465 
357 485 486 528 578 
358 387 400 442 445 708 790 1737 
359 
360 1334 
361 369 452 627 
362 510 1150 
363 398 461 
364 403 604 927 1334 
365 413 708 1347 1780 
366 589 611 
367 587 597 1954 
368 568 1584 
369 419 422 440 
370 391 532 540 645 
371 432 
372 556 562 569 
373 599 635 
374 632 1895 
375 639 
376 1569 
377 648 1686 
378 
379 447 518 1185 
380 517 626 
381 1265 
382 
383 441 618 
384 
385 387 1507 
386 536 
387 829 
388 1697 
389 484 535 583 
390 513 522 658 1449 
391 429 536 961 1825 
392 410 655 
393 507 1451 
394 1356 
395 937 1474 
396 460 497 
397 464 526 637 1777 
398 492 
399 401 571 920 1028 
400 477 545 
401 404 1837 
402 456 516 636 1185 
403 515 
404 600 
405 575 
406 
407 438 631 
408 
409 
410 432 478 561 564 566 1456 
411 803 894 923 
412 457 1116 
413 
414 538 616 1434 
415 563 996 
416 
417 573 736 
418 1324 1641 
419 1152 1453 
420 1476 
421 500 736 978 1370 
422 511 659 816 
423 
424 531 532 
425 602 639 
426 524 646 659 
427 484 650 1742 
428 450 544 
429 585 590 
430 755 1774 
431 642 
432 443 473 1497 
433 470 492 574 665 1964 
434 446 601 1481 
435 576 
436 585 
437 556 1465 
438 493 555 563 1942 
439 629 794 1262 
440 
441 495 1990 
442 600 1029 1298 1435 
443 497 523 547 588 
444 520 586 692 
445 570 615 
446 552 
447 624 661 
448 549 557 645 1515 1815 
449 592 610 
450 540 635 650 1476 
451 488 
452 492 1085 
453 652 
454 633 
455 696 1228 
456 1984 
457 504 1971 
458 464 488 600 1266 
459 
460 496 614 741 1928 
461 524 544 1664 
462 904 
463 584 1072 1482 
464 
465 512 
466 555 
467 1791 
468 498 578 1138 
469 491 526 634 659 
470 564 585 
471 
472 526 
473 1492 
474 624 1408 1445 
475 
476 509 798 856 1914 
477 1086 1605 1675 
478 
479 544 578 
480 565 622 730 
481 
482 594 773 1437 
483 570 900 1364 
484 571 
485 508 1004 1242 
486 512 607 649 660 1461 
487 492 611 1551 
488 
489 612 1210 
490 
491 
492 555 1592 
493 1657 
494 561 
495 837 
496 
497 587 645 1071 
498 
499 535 1996 
500 527 1597 
501 
502 608 644 1749 
503 
504 509 647 791 1389 
505 517 589 
506 514 
507 
508 1075 
509 542 1544 1732 
510 837 
511 968 1122 
512 649 
513 
514 1705 
515 
516 588 1971 
517 1491 1687 
518 
519 
520 531 
521 
522 1927 
523 
524 550 1578 
525 579 
526 
527 
528 535 546 1066 
529 
530 660 
531 1378 
532 557 592 597 
533 634 1095 
534 976 
535 546 559 560 1955 
536 553 999 1516 
537 
538 591 
539 620 621 1526 
540 552 1994 
541 572 
542 1682 
543 637 
544 
545 613 657 
546 1533 
547 593 
548 
549 595 1893 
550 
551 615 640 957 1748 
552 560 569 650 1929 
553 568 1142 
554 642 1414 
555 
556 640 
557 
558 884 1422 
559 597 
560 
561 1099 
562 1319 
563 663 1830 
564 599 
565 1748 
566 
567 572 587 
568 597 635 
569 947 1917 
570 647 
571 1105 
572 595 
573 631 651 
574 1305 
575 
576 591 
577 656 
578 
579 
580 1720 
581 1236 
582 
583 
584 
585 638 691 1488 
586 
587 1244 
588 741 
589 
590 595 617 631 
591 
592 
593 
594 612 807 1015 
595 1091 1532 
596 
597 923 
598 849 1558 
599 605 994 1331 
600 1154 
601 
602 614 1982 
603 627 
604 
605 
606 
607 624 
608 
609 655 
610 1190 
611 1347 
612 1684 
613 1140 
614 655 912 1427 
615 
616 
617 
618 
619 627 1735 1856 
620 658 1499 1603 
621 
622 1349 
623 1313 
624 1248 
625 1721 
626 1995 
627 1208 
628 
629 967 1178 
630 
631 654 
632 
633 637 1460 
634 1107 
635 955 
636 1381 
637 
638 
639 
640 644 
641 1286 
642 1462 
643 819 
644 859 
645 745 1896 
646 1172 
647 1423 1893 
648 1877 
649 
650 
651 
652 
653 848 1746 1781 
654 1122 
655 962 
656 663 1622 
657 1903 
658 1138 
659 
660 
661 898 1772 
662 1950 
663 
664 1058 
665 
666 968 1215 
667 718 1019 
668 
669 1130 1304 1720 
670 706 979 1013 
671 701 728 891 977 995 1264 1739 
672 899 928 989 1310 1320 
673 767 1094 
674 1089 1127 1136 1145 
675 730 1318 
676 1337 
677 723 788 825 897 1021 1517 
678 713 849 
679 719 827 868 963 1131 
680 980 1200 1201 
681 749 843 847 1254 1324 
682 717 762 907 1030 
683 723 842 930 1024 1046 1122 
684 1051 1156 
685 759 949 969 1003 1027 1058 1157 1202 
686 709 740 958 1045 1695 
687 914 1033 1134 1308 
688 818 1081 1135 1166 1384 1454 
689 823 1009 
690 905 907 1119 1137 1158 
691 897 904 1020 1287 
692 736 743 827 1558 
693 748 836 1069 1117 1204 
694 759 782 873 909 924 1172 1308 
695 808 945 1109 
696 939 1004 1072 
697 1055 1674 
698 763 812 1143 1261 1782 
699 705 1047 1312 1328 
700 997 1080 
701 908 920 1111 1140 1172 1200 1272 
702 781 910 1260 1372 
703 890 1112 
704 734 1198 1232 
705 773 931 1005 1055 1240 1254 1285 
706 943 997 1157 1551 
707 724 986 1184 1273 
708 1033 1135 1211 1245 
709 982 1950 
710 731 1057 1545 
711 940 
712 720 786 891 1006 1178 1205 1279 1379 
713 718 728 807 888 
714 969 980 
715 1057 
716 913 1032 1217 
717 915 1077 1163 1307 
718 776 946 1119 1172 
719 830 917 976 1051 1147 
720 730 746 1177 
721 859 1268 
722 768 838 993 1048 1160 1699 
723 791 812 908 1249 1635 
724 750 846 931 1210 
725 785 1150 
726 915 933 
727 1104 1237 1763 
728 814 965 1053 1168 1177 1239 
729 1158 1187 
730 973 1089 1161 
731 1000 1823 
732 813 1134 1152 1192 1209 
733 1055 1296 1380 
734 805 1498 
735 1031 
736 1267 
737 760 764 773 778 1395 
738 754 785 821 1055 
739 786 811 
740 1230 
741 1314 
742 
743 912 1115 1250 
744 930 1188 1190 1291 
745 884 1050 
746 866 943 1110 1179 1297 1330 1827 1874 
747 997 1200 
748 762 861 1014 1091 1310 1370 1660 
749 805 1150 1530 
750 930 
751 801 1329 
752 804 819 1059 1614 1860 1896 
753 1030 1076 1977 
754 775 1255 1304 
755 885 1067 
756 973 
757 895 1161 
758 1050 1054 1137 1170 1187 
759 766 919 1207 
760 853 1300 
761 781 1014 1051 
762 805 958 1043 1201 1301 
763 880 
764 778 823 1085 1161 1272 1546 
765 1027 1035 1130 1602 
766 893 974 1040 1172 1239 1270 1310 
767 899 933 983 1084 1086 1865 
768 1105 
769 832 873 923 1032 1033 1078 1130 1134 1576 
770 979 1093 1169 1291 1355 
771 782 1071 1124 1547 
772 953 994 1010 1129 
773 832 
774 952 1047 1223 1300 
775 1017 
776 952 1102 
777 779 
778 
779 933 1048 
780 839 860 892 899 910 945 986 1070 1930 
781 829 929 1101 1168 1537 
782 1020 1057 1312 
783 802 884 1237 
784 806 945 1262 
785 1740 
786 1063 1071 1168 1296 
787 
788 1314 1330 
789 875 956 1555 
790 821 1101 
791 
792 1010 1211 1504 
793 1315 1505 
794 
795 812 
796 922 
797 934 1071 
798 935 998 1012 1033 1091 1108 1247 1497 
799 810 1015 1093 
800 1144 
801 
802 959 1076 1156 1903 
803 826 855 923 1060 1271 1285 1856 
804 988 1250 
805 845 939 1134 1486 
806 1041 1060 1192 
807 848 1208 
808 927 963 1062 1219 1319 
809 953 1145 1156 
810 849 889 1170 
811 1030 1310 
812 1075 1229 1463 
813 847 898 1204 
814 1609 
815 912 963 996 
816 827 947 1055 1097 1241 1353 1454 
817 1209 1326 
818 842 962 1214 1225 1272 
819 1316 
820 989 1669 
821 857 1175 1244 
822 873 1015 1237 
823 1072 1241 
824 830 969 1201 
825 989 1145 1205 
826 857 
827 1046 1168 
828 1129 1132 
829 856 
830 946 1109 1127 1213 1281 1317 1444 1652 
831 1169 1177 1221 
832 895 906 1015 1200 1291 
833 862 1325 
834 1265 1910 
835 
836 1044 1705 
837 851 1118 
838 870 899 992 1030 1138 1562 
839 1154 1420 
840 1153 1185 1212 1316 
841 867 1107 1127 1148 1194 1205 
842 1096 1170 1293 
843 1007 1210 
844 1231 1293 
845 854 1048 1278 
846 874 
847 884 1016 1115 1777 
848 1014 1182 1309 1416 
849 858 875 885 926 
850 1113 1157 1210 
851 883 916 962 1091 1314 1324 1552 
852 920 
853 1025 1099 1282 1326 
854 1189 
855 1258 
856 966 
857 906 1148 1221 
858 1037 1120 1167 
859 898 1055 1202 1295 1554 
860 1032 1113 1237 1279 
861 1324 
862 1123 1166 
863 907 945 984 1131 
864 
865 896 956 1052 1116 1140 
866 881 999 1276 
867 876 1245 
868 1078 1232 1262 1344 
869 1212 
870 936 1059 1298 
871 954 1111 1149 1304 1311 
872 898 994 1077 1534 1634 1750 
873 933 1279 1304 
874 887 941 1035 1575 
875 1107 1142 
876 1017 1218 
877 1199 
878 906 965 1297 
879 1107 1499 
880 
881 963 966 992 1091 1133 
882 898 1053 1092 1260 1273 1319 
883 1184 
884 1036 
885 1110 
886 898 1069 1190 1286 1840 
887 1045 1203 
888 1037 1048 1089 1215 1300 
889 920 1027 1156 1294 
890 939 1162 1180 1487 
891 936 1122 1232 1247 1269 
892 907 1013 1213 1218 1846 
893 909 1117 
894 923 942 1176 
895 928 
896 1191 1303 
897 
898 1102 1286 
899 980 1043 1209 1303 
900 1133 
901 960 1029 1292 
902 1022 
903 946 961 1039 1120 
904 1033 1062 
905 1096 1258 
906 910 980 1126 1871 
907 1056 1128 1222 1268 1316 
908 
909 918 1171 1764 
910 1181 1232 1318 
911 1100 1932 
912 936 1286 1817 1944 
913 994 1115 
914 928 1135 1267 1736 1845 
915 962 1255 1307 
916 1244 1255 
917 970 1180 1223 1250 
918 1080 1146 1650 
919 1023 1197 1322 1836 
920 1137 
921 1868 
922 952 1314 
923 991 1137 1246 1248 1279 
924 931 1164 
925 956 1019 1163 1224 1321 
926 1116 1126 
927 1283 
928 1100 1138 1179 
929 1164 1236 
930 1239 1288 1390 
931 1006 1059 1111 1278 1486 
932 1005 1299 1805 
933 
934 1226 1257 
935 
936 
937 946 1018 
938 1168 1233 
939 1002 1132 1149 1249 1284 
940 
941 1119 1208 
942 1078 
943 961 1239 1253 1263 
944 
945 1053 1083 
946 959 981 1305 
947 972 
948 1205 1712 
949 1093 1275 1322 1358 
950 965 978 1001 1139 1295 
951 
952 
953 1255 1724 
954 960 1294 
955 960 1072 1320 
956 1090 1197 1744 1885 
957 1010 
958 1449 
959 962 1032 1292 
960 
961 1030 1391 
962 1125 1162 1872 
963 1831 
964 976 998 1218 
965 
966 1077 1155 1157 1267 1439 
967 983 1162 1267 
968 1321 
969 989 1258 
970 984 1114 1412 
971 1206 1250 
972 991 
973 1009 1283 1552 1781 
974 1040 1271 1527 
975 1068 1171 1180 1306 
976 1025 1211 1321 1806 
977 
978 
979 981 
980 1661 
981 1119 1268 1681 
982 1288 1324 
983 1279 
984 1073 1134 
985 1125 1309 1322 
986 1649 
987 1188 1212 1278 1316 1756 
988 1343 
989 1345 
990 1196 1587 
991 1039 
992 1040 1257 1709 
993 1058 1115 1187 1194 
994 
995 1224 
996 1124 
997 1099 1106 1257 1354 
998 1262 1324 1503 
999 1178 
1000 1050 1258 
1001 1015 1291 
1002 1051 
1003 1060 1317 1326 1329 
1004 1168 1191 
1005 1045 1100 1485 1590 
1006 1181 1183 
1007 
1008 1081 
1009 1202 1212 1245 
1010 
1011 
1012 1443 
1013 
1014 1110 1134 1164 1271 
1015 1788 
1016 1106 1159 1168 
1017 1037 1489 
1018 1143 1184 1269 1278 1324 
1019 1267 
1020 1037 1171 1295 1325 1597 
1021 
1022 1547 
1023 1239 
1024 1293 1537 1826 
1025 1030 1220 1988 
1026 1131 1150 1244 1245 1265 1950 
1027 1062 1834 1917 
1028 1189 1241 1959 
1029 1079 1096 
1030 1469 
1031 1207 
1032 1166 1276 1319 1452 
1033 1098 1129 1246 1267 
1034 1138 1584 
1035 1144 1177 1198 
1036 1516 
1037 1057 1167 1270 1324 1616 
1038 1287 
1039 1136 
1040 
1041 1194 
1042 1165 1235 
1043 1056 1075 1136 1308 
1044 1056 1059 1415 
1045 1068 
1046 
1047 1132 1310 
1048 1287 1331 
1049 1182 
1050 1149 1152 1175 
1051 
1052 1075 1179 1262 1985 
1053 1112 1463 1758 
1054 1260 1270 
1055 
1056 1067 1227 1800 
1057 1187 1234 1514 1569 
1058 1120 1153 1213 
1059 
1060 1598 
1061 1170 1247 1289 
1062 
1063 1223 
1064 
1065 1214 1297 1807 
1066 1167 1250 
1067 1068 1700 
1068 1252 
1069 1089 1142 
1070 1271 1652 
1071 1147 1202 1250 
1072 1205 
1073 1162 1300 1308 1665 
1074 1494 
1075 
1076 1114 1631 
1077 1085 1633 
1078 1116 
1079 1169 
1080 1106 1125 1335 
1081 1130 1301 1307 
1082 1101 1303 
1083 1121 
1084 1198 1244 1279 
1085 1177 1397 1593 
1086 1321 1645 
1087 1249 
1088 1092 1229 
1089 1246 1974 
1090 1108 1112 1128 
1091 1168 1297 
1092 1150 1169 1318 1457 
1093 1261 1322 
1094 1279 1281 
1095 1725 
1096 1175 1326 1888 
1097 1327 
1098 1178 
1099 1114 1283 
1100 1953 
1101 
1102 1223 1264 1315 1326 
1103 1146 
1104 1176 1230 
1105 1153 
1106 1178 
1107 1274 1319 1854 
1108 1253 1269 1368 
1109 
1110 1308 
1111 
1112 
1113 
1114 1160 1272 
1115 1136 1241 1916 
1116 1315 
1117 1210 1263 1321 
1118 1143 
1119 
1120 1525 
1121 
1122 1942 
1123 
1124 1189 1263 1269 1333 
1125 
1126 
1127 1385 
1128 
1129 1238 
1130 1157 
1131 1271 1783 
1132 1496 
1133 
1134 1181 1754 
1135 1160 1243 1286 
1136 1261 1486 1519 
1137 1138 
1138 1159 1280 1533 
1139 1293 1323 
1140 1160 1263 1303 1733 
1141 1246 1391 
1142 
1143 
1144 1267 
1145 1341 
1146 1245 1264 
1147 1169 1222 1297 
1148 1607 
1149 1182 
1150 
1151 1220 1318 
1152 
1153 1268 1312 
1154 1218 1285 
1155 
1156 1208 
1157 1226 1233 1313 
1158 1555 
1159 
1160 1854 
1161 1234 1983 
1162 1236 
1163 
1164 
1165 1653 
1166 
1167 
1168 1257 
1169 
1170 1418 
1171 1592 
1172 1233 1808 
1173 1730 
1174 1306 1764 1852 
1175 1268 
1176 1243 1244 1988 
1177 1264 
1178 
1179 
1180 
1181 
1182 1207 1264 
1183 1221 1270 1276 
1184 1253 1788 
1185 
1186 1222 
1187 
1188 1306 
1189 
1190 1234 
1191 1305 1308 1779 
1192 1255 
1193 1197 1199 1787 1856 
1194 1481 
1195 
1196 1229 1924 
1197 
1198 
1199 1617 
1200 
1201 
1202 1594 
1203 1798 
1204 1228 1241 
1205 
1206 1223 1294 
1207 1388 
1208 
1209 1562 
1210 
1211 1227 
1212 
1213 1237 
1214 
1215 1220 1319 1876 
1216 1241 
1217 1959 
1218 1338 1373 
1219 
1220 1246 
1221 1299 
1222 1295 1400 
1223 
1224 1632 1834 
1225 
1226 
1227 1287 1305 
1228 1379 
1229 1259 
1230 1309 1720 
1231 1270 1310 
1232 1303 
1233 1253 
1234 
1235 1289 
1236 1249 
1237 1867 
1238 
1239 1293 
1240 
1241 1299 1699 
1242 1265 
1243 1250 
1244 
1245 1294 
1246 1282 1313 
1247 1307 1613 
1248 
1249 1306 
1250 1340 
1251 
1252 
1253 
1254 1330 1492 
1255 
1256 1312 
1257 
1258 
1259 
1260 
1261 
1262 1290 
1263 1377 
1264 1305 
1265 1323 1329 
1266 
1267 
1268 1929 
1269 1698 1777 
1270 
1271 1310 
1272 1304 
1273 1282 1437 
1274 
1275 1277 
1276 
1277 
1278 
1279 
1280 1294 
1281 
1282 
1283 1982 
1284 
1285 
1286 
1287 1325 
1288 1310 
1289 1528 
1290 
1291 
1292 
1293 
1294 1910 
1295 
1296 
1297 
1298 
1299 1421 
1300 
1301 
1302 
1303 1728 
1304 
1305 
1306 1507 
1307 
1308 
1309 
1310 1810 
1311 1865 
1312 1885 
1313 
1314 1590 
1315 
1316 1320 
1317 
1318 
1319 
1320 
1321 
1322 
1323 1523 
1324 
1325 
1326 1381 
1327 
1328 
1329 
1330 
1331 
1332 1399 1583 1645 1703 1811 
1333 1381 1449 1564 1633 1650 
1334 1348 1361 1387 1611 1919 
1335 1378 1404 1920 
1336 1415 1438 1630 1970 
1337 1357 1512 1578 1674 1709 
1338 1765 1858 
1339 1584 1773 1834 1869 
1340 1784 1970 
1341 1667 1812 1847 1939 1968 
1342 1465 1538 1648 1918 1933 1938 
1343 1459 1633 1780 
1344 1650 1973 
1345 1408 1588 1589 1715 1745 1935 
1346 1386 1445 1449 1593 1762 1858 1894 1969 
1347 1679 1690 1874 1959 
1348 1534 1541 1555 1596 1832 1969 
1349 1739 1922 
1350 1454 1486 1630 1755 
1351 1872 
1352 1506 1722 1870 1930 
1353 1488 1662 1717 
1354 
1355 1404 1656 1984 
1356 1894 
1357 1530 
1358 1445 1654 1696 1794 1984 
1359 1480 1704 1784 1948 
1360 1558 1706 
1361 1507 1703 1752 1946 1981 
1362 1609 1663 1750 
1363 1435 1458 1607 1770 1790 1942 1954 
1364 1976 
1365 1417 1447 1458 1516 1681 1683 1837 1918 
1366 1404 1452 1572 1612 
1367 1395 
1368 1571 1965 
1369 1877 1947 
1370 1660 1779 1979 
1371 1425 1574 
1372 1709 1716 
1373 1419 1533 1706 1728 
1374 1470 1672 1757 1801 1871 
1375 1470 1503 1730 1791 
1376 1449 1503 1529 1907 1971 
1377 
1378 1894 1920 
1379 1503 1541 
1380 1448 1741 
1381 1725 1778 1987 
1382 1414 1523 1611 1807 
1383 1534 
1384 1521 1711 1729 1733 1822 1937 
1385 1465 1657 
1386 1824 
1387 1481 1615 1702 
1388 1398 
1389 1900 
1390 1519 1683 1800 1905 
1391 1573 1751 1979 
1392 1548 1652 1696 1815 1916 
1393 1632 1748 1751 1830 1848 1856 1925 
1394 1626 1968 
1395 1773 
1396 1577 1663 1879 1966 
1397 1518 1599 1804 
1398 1458 1949 1950 
1399 1672 
1400 1632 1778 1842 1947 
1401 1453 1589 1658 1784 
1402 1435 1445 1908 
1403 1522 1684 1775 1861 1912 1939 
1404 1719 
1405 1874 
1406 1466 1575 1615 1710 1809 1906 
1407 1463 1510 1603 1660 
1408 
1409 1793 1938 
1410 1746 1839 1895 
1411 1534 1849 
1412 1862 1944 
1413 1444 1542 1766 1939 
1414 1440 1593 1607 1679 1785 
1415 
1416 1573 1875 
1417 1419 1514 1573 1949 
1418 1430 1679 1818 1860 1934 
1419 1422 1666 1995 
1420 1621 
1421 1534 1609 1675 
1422 1513 1582 1844 1849 
1423 1606 1953 
1424 1493 1731 1744 
1425 1689 1852 1997 
1426 1564 1655 1725 
1427 1609 1764 1774 1922 1955 
1428 1490 1788 
1429 1570 1828 1863 
1430 1643 
1431 1753 1960 1977 
1432 1591 
1433 1523 1914 
1434 1925 1984 
1435 1487 1679 1786 1934 
1436 1458 1518 1589 1661 1703 
1437 1461 
1438 1650 1766 1867 1962 
1439 1537 
1440 
1441 
1442 1670 1787 1878 
1443 1470 1827 
1444 1489 1551 1576 1604 1831 1855 
1445 1493 1556 
1446 1531 1648 1812 1854 1899 1978 
1447 1617 1678 1775 1874 1964 1989 
1448 1762 1894 1961 
1449 1773 
1450 1650 
1451 1470 1484 1700 1962 
1452 1467 1914 
1453 1513 1858 1896 1907 
1454 1458 1829 1833 
1455 
1456 1530 
1457 1515 1668 1709 1984 
1458 1500 1697 1927 
1459 1718 1804 1849 
1460 1472 1678 1785 
1461 
1462 1466 1613 1691 1769 
1463 1617 1862 
1464 1496 1508 1740 
1465 1619 1935 
1466 1518 1599 1665 1719 1826 
1467 1484 1623 1635 1676 1701 1989 
1468 1620 1863 
1469 1477 1496 1680 
1470 1852 
1471 1531 1697 1732 1882 1902 1929 1950 
1472 1494 1509 1797 1829 
1473 1820 1838 
1474 1477 1556 1701 1984 
1475 
1476 1624 1682 1950 
1477 1561 1798 
1478 1519 1779 
1479 1704 1765 
1480 1702 
1481 1517 1557 1591 1600 
1482 1682 
1483 1540 1593 1604 
1484 1486 1821 1827 
1485 1580 1620 1975 1978 
1486 1664 1927 
1487 1761 
1488 1805 1878 1915 1997 
1489 1840 1859 1946 
1490 
1491 1748 
1492 1517 1638 1738 1839 1879 
1493 1585 1667 
1494 1737 1757 1850 1858 
1495 1529 1877 1925 
1496 1734 1749 
1497 1644 1647 1657 1720 1747 1979 
1498 1504 1538 1575 1639 1692 1801 1816 1970 1981 
1499 1646 1689 1767 1892 1936 1988 
1500 1577 1748 1928 1955 
1501 1940 
1502 1655 1798 
1503 1665 1745 1779 
1504 1581 1819 
1505 1704 1748 
1506 1564 1733 1765 
1507 1588 1864 1986 
1508 1821 
1509 1929 
1510 1566 1698 
1511 1730 1968 
1512 1552 1586 1647 1674 1873 
1513 1656 1727 1791 1849 1857 1990 
1514 
1515 
1516 1761 1969 
1517 1648 1909 
1518 
1519 1655 1894 1923 1959 1996 
1520 1907 1965 
1521 1613 1903 1945 1981 
1522 1695 1696 1797 1813 
1523 1541 1627 1753 1853 1862 
1524 1690 1715 1732 1766 1833 
1525 1705 1811 1844 1943 1997 
1526 
1527 
1528 1700 1777 1959 1987 
1529 1948 
1530 1744 1905 
1531 1989 
1532 1977 
1533 1898 1929 1991 
1534 
1535 1732 1866 
1536 1851 1853 
1537 1655 1862 
1538 1659 1767 1837 1859 
1539 1633 1802 
1540 1611 1789 1979 1987 
1541 1632 1703 
1542 1822 1848 1894 1943 
1543 1693 1823 1850 
1544 1619 1765 
1545 1584 1684 1898 
1546 1630 
1547 1663 1732 
1548 1940 
1549 1629 1807 1904 
1550 1856 1963 
1551 1949 
1552 1668 
1553 1907 
1554 1846 
1555 1680 1916 
1556 1568 
1557 1648 1652 1725 1969 
1558 1844 
1559 
1560 1729 
1561 1786 1887 
1562 1773 
1563 
1564 
1565 1631 1677 1692 1720 1762 
1566 1651 1748 1766 1909 
1567 1570 1959 1980 
1568 1622 
1569 1637 1714 1980 
1570 
1571 1605 1750 1778 
1572 1635 1675 
1573 1836 1870 1871 1893 1914 1940 1949 
1574 1697 1801 
1575 
1576 1683 1957 
1577 
1578 1900 
1579 1599 
1580 1959 
1581 
1582 1645 1734 1739 1889 
1583 1804 1846 
1584 1661 1677 1717 1744 
1585 
1586 
1587 1823 1866 
1588 1821 1870 
1589 1815 
1590 1685 
1591 1793 1810 1932 
1592 1655 1930 
1593 1664 1710 1739 1918 
1594 
1595 1616 1915 
1596 1844 1892 
1597 1686 1918 
1598 1690 1713 
1599 1681 1719 1745 1894 
1600 
1601 1942 
1602 1711 1725 
1603 1767 
1604 1636 1829 
1605 1684 
1606 1745 1773 1831 1895 
1607 1759 1838 1859 
1608 
1609 1884 1953 
1610 1816 
1611 1632 1756 1899 
1612 1673 1936 
1613 1640 1696 1990 1993 
1614 
1615 1693 1757 1785 
1616 1635 1965 
1617 1759 1875 
1618 1741 1761 1786 1888 
1619 1746 1898 1929 
1620 
1621 1874 
1622 1670 1671 1749 1768 1817 1984 1988 
1623 1715 1802 1877 
1624 1920 1937 
1625 1728 1858 
1626 
1627 1813 1843 
1628 1699 1909 1915 1957 1992 
1629 1635 1665 
1630 
1631 1632 1824 1867 
1632 1885 1967 
1633 1701 1714 1856 1937 1967 
1634 
1635 1839 
1636 1903 1985 
1637 1655 1754 1759 
1638 
1639 1821 1860 1949 
1640 1870 
1641 
1642 1818 
1643 1923 
1644 1684 1843 
1645 1791 1868 1935 
1646 1655 1792 1821 1898 1935 
1647 1657 
1648 1652 1751 1928 
1649 1767 
1650 1681 1861 1862 
1651 1963 
1652 1696 1698 1765 1917 1950 
1653 
1654 1968 
1655 
1656 1729 1985 
1657 1733 1841 
1658 1760 1915 1937 1973 
1659 1879 1889 
1660 1723 1755 1893 
1661 1853 
1662 1715 1955 
1663 1812 1820 1868 
1664 1968 
1665 1844 
1666 1862 
1667 1865 1904 
1668 
1669 1901 1986 
1670 1776 1867 
1671 1890 
1672 1882 
1673 1832 1904 1985 
1674 1763 
1675 1726 1973 
1676 1715 1920 
1677 
1678 1784 1794 1968 
1679 1930 
1680 1773 1818 1846 1870 
1681 
1682 
1683 1747 
1684 1721 
1685 1730 
1686 1866 1928 
1687 
1688 1955 1972 
1689 
1690 1879 
1691 1821 
1692 1706 1762 
1693 
1694 1733 1796 
1695 1752 
1696 
1697 1750 1799 1985 
1698 1769 1919 
1699 1822 
1700 1761 
1701 1722 
1702 1723 
1703 1883 1960 
1704 1853 1873 1920 
1705 
1706 1844 1937 
1707 1814 
1708 1794 1874 
1709 1751 1796 1825 1834 
1710 
1711 1732 
1712 1884 1890 1939 
1713 
1714 1890 
1715 
1716 1991 
1717 1882 
1718 1920 1946 
1719 1734 
1720 1737 
1721 1737 1767 1778 1831 1855 1866 1965 
1722 1724 1951 
1723 1865 1992 
1724 1807 
1725 1935 
1726 
1727 1830 
1728 
1729 1735 1760 1958 
1730 
1731 
1732 
1733 1734 
1734 1736 1762 
1735 
1736 
1737 1867 
1738 1753 1980 
1739 1796 
1740 1863 
1741 1832 
1742 
1743 
1744 1889 
1745 1746 1791 1805 1875 
1746 1784 1846 
1747 
1748 1755 
1749 1817 
1750 
1751 1795 1928 1933 
1752 1908 
1753 1780 1840 
1754 1956 
1755 1937 1951 1980 
1756 
1757 1781 
1758 
1759 1888 1951 
1760 
1761 1804 1991 
1762 1771 
1763 1832 
1764 1807 
1765 1968 
1766 1892 
1767 1772 
1768 1791 1899 
1769 1784 1868 1981 
1770 1919 
1771 1827 
1772 
1773 
1774 
1775 
1776 
1777 1838 
1778 1870 1872 
1779 1969 
1780 
1781 1985 
1782 1938 
1783 1789 
1784 1810 1847 1863 
1785 1858 1928 
1786 1791 1801 1869 
1787 
1788 
1789 
1790 
1791 1822 1974 
1792 
1793 1905 
1794 
1795 1859 
1796 1967 
1797 
1798 1855 
1799 
1800 1803 1943 
1801 
1802 1953 
1803 1838 
1804 
1805 
1806 
1807 1854 1881 
1808 
1809 1817 
1810 1848 1936 
1811 
1812 1982 
1813 1877 1912 1954 
1814 
1815 1992 
1816 1900 
1817 1850 
1818 
1819 
1820 1850 1916 1917 1920 
1821 1840 1942 1960 1975 
1822 
1823 
1824 1977 
1825 1997 
1826 1925 
1827 1953 
1828 1981 
1829 1900 
1830 1927 1940 
1831 
1832 1853 1875 
1833 1897 
1834 1908 
1835 1895 
1836 1915 
1837 1847 1964 1985 
1838 1967 
1839 1892 
1840 1957 
1841 1904 
1842 1886 
1843 
1844 1894 
1845 1861 
1846 1928 1969 
1847 1871 1878 
1848 1856 1980 
1849 1860 1890 
1850 
1851 
1852 
1853 1936 1942 
1854 1926 
1855 1882 
1856 
1857 1966 1997 
1858 
1859 1987 
1860 
1861 
1862 
1863 1879 
1864 
1865 1921 
1866 1908 
1867 
1868 1884 
1869 
1870 
1871 
1872 1880 1898 
1873 1883 1959 
1874 1956 
1875 
1876 
1877 
1878 
1879 1980 
1880 
1881 
1882 1986 
1883 
1884 1890 
1885 
1886 
1887 1919 
1888 1974 
1889 
1890 1952 
1891 
1892 
1893 
1894 1992 
1895 
1896 
1897 
1898 1911 
1899 
1900 
1901 1944 
1902 1950 
1903 1961 
1904 
1905 
1906 1936 1991 
1907 
1908 
1909 1994 
1910 1948 
1911 
1912 1984 
1913 
1914 
1915 
1916 
1917 
1918 
1919 
1920 1978 
1921 
1922 1957 
1923 
1924 1995 
1925 
1926 1981 
1927 1985 
1928 
1929 
1930 1933 
1931 
1932 
1933 
1934 
1935 
1936 
1937 
1938 
1939 1989 
1940 
1941 1982 
1942 
1943 
1944 
1945 
1946 1954 1974 
1947 1951 
1948 
1949 1958 
1950 
1951 
1952 
1953 
1954 
1955 1995 
1956 1973 
1957 
1958 
1959 
1960 
1961 
1962 
1963 
1964 
1965 
1966 
1967 
1968 
1969 
1970 
1971 
1972 
1973 
1974 
1975 
1976 
1977 1983 
1978 
1979 
1980 
1981 
1982 
1983 1993 
1984 
1985 
1986 
1987 
1988 
1989 
1990 
1991 
1992 
1993 
1994 
1995 
1996 
1997 
[0, 0, 0, 0, 0, 0, 0, 0, 0, 0, 0, 0, 0, 0, 0, 0, 0, 0, 0, 0, 0, 0, 0, 0, 0, 0, 0, 0, 0, 0, 0, 0, 0, 0, 0, 0, 0, 0, 0, 0, 0, 0, 0, 0, 0, 0, 0, 0, 0, 0, 0, 0, 0, 0, 0, 0, 0, 0, 0, 0, 0, 0, 0, 0, 0, 0, 0, 0, 0, 0, 0, 0, 0, 0, 0, 0, 0, 0, 0, 0, 0, 0, 0, 0, 0, 0, 0, 0, 0, 0, 0, 0, 0, 0, 0, 0, 0, 0, 0, 0, 0, 0, 0, 0, 0, 0, 0, 0, 0, 0, 0, 0, 0, 0, 0, 0, 0, 0, 0, 0, 0, 0, 0, 0, 0, 0, 0, 0, 0, 0, 0, 0, 0, 0, 0, 0, 0, 0, 0, 0, 0, 0, 0, 0, 0, 0, 0, 0, 0, 0, 0, 0, 0, 0, 0, 0, 0, 0, 0, 0, 0, 0, 0, 0, 0, 0, 0, 0, 0, 0, 0, 0, 0, 0, 0, 0, 0, 0, 0, 0, 0, 0, 0, 0, 0, 0, 0, 0, 0, 0, 0, 0, 0, 0, 0, 0, 0, 0, 0, 0, 0, 0, 0, 0, 0, 0, 0, 0, 0, 0, 0, 0, 0, 0, 0, 0, 0, 0, 0, 0, 0, 0, 0, 0, 0, 0, 0, 0, 0, 0, 0, 0, 0, 0, 0, 0, 0, 0, 0, 0, 0, 0, 0, 0, 0, 0, 0, 0, 0, 0, 0, 0, 0, 0, 0, 0, 0, 0, 0, 0, 0, 0, 0, 0, 0, 0, 0, 0, 0, 0, 0, 0, 0, 0, 0, 0, 0, 0, 0, 0, 0, 0, 0, 0, 0, 0, 0, 0, 0, 0, 0, 0, 0, 0, 0, 0, 0, 0, 0, 0, 0, 0, 0, 0, 0, 0, 0, 0, 0, 0, 0, 0, 0, 0, 0, 0, 0, 0, 0, 0, 0, 0, 0, 0, 0, 0, 0, 0, 0, 0, 0, 0, 0, 0, 0, 0, 0, 0, 0, 0, 0, 0, 0, 0, 0, 0, 0, 0, 0, 0, 0, 0, 0, 0, 0, 0, 0, 0, 0, 0, 0, 0, 0, 0, 0, 0, 0, 0, 0, 0, 0, 0, 0, 0, 0, 0, 0, 0, 0, 0, 0, 0, 0, 0, 0, 0, 0, 0, 0, 0, 0, 0, 0, 0, 0, 0, 0, 0, 0, 0, 0, 0, 0, 0, 0, 0, 0, 0, 0, 0, 0, 0, 0, 0, 0, 0, 0, 0, 0, 0, 0, 0, 0, 0, 0, 0, 0, 0, 0, 0, 0, 0, 0, 0, 0, 0, 0, 0, 0, 0, 0, 0, 0, 0, 0, 0, 0, 0, 0, 0, 0, 0, 0, 0, 0, 0, 0, 0, 0, 0, 0, 0, 0, 0, 0, 0, 0, 0, 0, 0, 0, 0, 0, 0, 0, 0, 0, 0, 0, 0, 0, 0, 0, 0, 0, 0, 0, 0, 0, 0, 0, 0, 0, 0, 0, 0, 0, 0, 0, 0, 0, 0, 0, 0, 0, 0, 0, 0, 0, 0, 0, 0, 0, 0, 0, 0, 0, 0, 0, 0, 0, 0, 0, 0, 0, 0, 0, 0, 0, 0, 0, 0, 0, 0, 0, 0, 0, 0, 0, 0, 0, 0, 0, 0, 0, 0, 0, 0, 0, 0, 0, 0, 0, 0, 0, 0, 0, 0, 0, 0, 0, 0, 0, 0, 0, 0, 0, 0, 0, 0, 0, 0, 0, 0, 0, 0, 0, 0, 0, 0, 0, 0, 0, 0, 0, 0, 0, 0, 0, 0, 0, 0, 0, 0, 0, 0, 0, 0, 0, 0, 0, 0, 0, 0, 0, 0, 0, 0, 0, 0, 0, 0, 0, 0, 0, 0, 0, 0, 0, 0, 0, 0, 0, 0, 0, 0, 0, 0, 0, 0, 0, 0, 0, 0, 0, 0, 0, 0, 0, 0, 0, 0, 0, 0, 0, 0, 0, 0, 0, 0, 0, 0, 0, 0, 0, 0, 0, 0, 0, 0, 0, 0, 0, 0, 0, 0, 1, 1, 1, 1, 1, 1, 1, 1, 1, 1, 1, 1, 1, 1, 1, 1, 1, 1, 1, 1, 1, 1, 1, 1, 1, 1, 1, 1, 1, 1, 1, 1, 1, 1, 1, 1, 1, 1, 1, 1, 1, 1, 1, 1, 1, 1, 1, 1, 1, 1, 1, 1, 1, 1, 1, 1, 1, 1, 1, 1, 1, 1, 1, 1, 1, 1, 1, 1, 1, 1, 1, 1, 1, 1, 1, 1, 1, 1, 1, 1, 1, 1, 1, 1, 1, 1, 1, 1, 1, 1, 1, 1, 1, 1, 1, 1, 1, 1, 1, 1, 1, 1, 1, 1, 1, 1, 1, 1, 1, 1, 1, 1, 1, 1, 1, 1, 1, 1, 1, 1, 1, 1, 1, 1, 1, 1, 1, 1, 1, 1, 1, 1, 1, 1, 1, 1, 1, 1, 1, 1, 1, 1, 1, 1, 1, 1, 1, 1, 1, 1, 1, 1, 1, 1, 1, 1, 1, 1, 1, 1, 1, 1, 1, 1, 1, 1, 1, 1, 1, 1, 1, 1, 1, 1, 1, 1, 1, 1, 1, 1, 1, 1, 1, 1, 1, 1, 1, 1, 1, 1, 1, 1, 1, 1, 1, 1, 1, 1, 1, 1, 1, 1, 1, 1, 1, 1, 1, 1, 1, 1, 1, 1, 1, 1, 1, 1, 1, 1, 1, 1, 1, 1, 1, 1, 1, 1, 1, 1, 1, 1, 1, 1, 1, 1, 1, 1, 1, 1, 1, 1, 1, 1, 1, 1, 1, 1, 1, 1, 1, 1, 1, 1, 1, 1, 1, 1, 1, 1, 1, 1, 1, 1, 1, 1, 1, 1, 1, 1, 1, 1, 1, 1, 1, 1, 1, 1, 1, 1, 1, 1, 1, 1, 1, 1, 1, 1, 1, 1, 1, 1, 1, 1, 1, 1, 1, 1, 1, 1, 1, 1, 1, 1, 1, 1, 1, 1, 1, 1, 1, 1, 1, 1, 1, 1, 1, 1, 1, 1, 1, 1, 1, 1, 1, 1, 1, 1, 1, 1, 1, 1, 1, 1, 1, 1, 1, 1, 1, 1, 1, 1, 1, 1, 1, 1, 1, 1, 1, 1, 1, 1, 1, 1, 1, 1, 1, 1, 1, 1, 1, 1, 1, 1, 1, 1, 1, 1, 1, 1, 1, 1, 1, 1, 1, 1, 1, 1, 1, 1, 1, 1, 1, 1, 1, 1, 1, 1, 1, 1, 1, 1, 1, 1, 1, 1, 1, 1, 1, 1, 1, 1, 1, 1, 1, 1, 1, 1, 1, 1, 1, 1, 1, 1, 1, 1, 1, 1, 1, 1, 1, 1, 1, 1, 1, 1, 1, 1, 1, 1, 1, 1, 1, 1, 1, 1, 1, 1, 1, 1, 1, 1, 1, 1, 1, 1, 1, 1, 1, 1, 1, 1, 1, 1, 1, 1, 1, 1, 1, 1, 1, 1, 1, 1, 1, 1, 1, 1, 1, 1, 1, 1, 1, 1, 1, 1, 1, 1, 1, 1, 1, 1, 1, 1, 1, 1, 1, 1, 1, 1, 1, 1, 1, 1, 1, 1, 1, 1, 1, 1, 1, 1, 1, 1, 1, 1, 1, 1, 1, 1, 1, 1, 1, 1, 1, 1, 1, 1, 1, 1, 1, 1, 1, 1, 1, 1, 1, 1, 1, 1, 1, 1, 1, 1, 1, 1, 1, 1, 1, 1, 1, 1, 1, 1, 1, 1, 1, 1, 1, 1, 1, 1, 1, 1, 1, 1, 1, 1, 1, 1, 1, 1, 1, 1, 1, 1, 1, 1, 1, 1, 1, 1, 1, 1, 1, 1, 1, 1, 1, 1, 1, 1, 1, 1, 1, 1, 1, 1, 1, 1, 1, 1, 1, 1, 1, 1, 1, 1, 1, 1, 1, 1, 1, 1, 1, 1, 1, 1, 1, 1, 1, 1, 1, 1, 1, 1, 1, 1, 1, 1, 1, 1, 1, 1, 1, 1, 1, 1, 1, 1, 1, 1, 1, 1, 1, 1, 1, 1, 1, 1, 1, 1, 1, 1, 1, 1, 1, 1, 1, 1, 1, 1, 1, 1, 1, 1, 1, 1, 1, 1, 1, 1, 1, 1, 1, 1, 1, 1, 2, 2, 2, 2, 2, 2, 2, 2, 2, 2, 2, 2, 2, 2, 2, 2, 2, 2, 2, 2, 2, 2, 2, 2, 2, 2, 2, 2, 2, 2, 2, 2, 2, 2, 2, 2, 2, 2, 2, 2, 2, 2, 2, 2, 2, 2, 2, 2, 2, 2, 2, 2, 2, 2, 2, 2, 2, 2, 2, 2, 2, 2, 2, 2, 2, 2, 2, 2, 2, 2, 2, 2, 2, 2, 2, 2, 2, 2, 2, 2, 2, 2, 2, 2, 2, 2, 2, 2, 2, 2, 2, 2, 2, 2, 2, 2, 2, 2, 2, 2, 2, 2, 2, 2, 2, 2, 2, 2, 2, 2, 2, 2, 2, 2, 2, 2, 2, 2, 2, 2, 2, 2, 2, 2, 2, 2, 2, 2, 2, 2, 2, 2, 2, 2, 2, 2, 2, 2, 2, 2, 2, 2, 2, 2, 2, 2, 2, 2, 2, 2, 2, 2, 2, 2, 2, 2, 2, 2, 2, 2, 2, 2, 2, 2, 2, 2, 2, 2, 2, 2, 2, 2, 2, 2, 2, 2, 2, 2, 2, 2, 2, 2, 2, 2, 2, 2, 2, 2, 2, 2, 2, 2, 2, 2, 2, 2, 2, 2, 2, 2, 2, 2, 2, 2, 2, 2, 2, 2, 2, 2, 2, 2, 2, 2, 2, 2, 2, 2, 2, 2, 2, 2, 2, 2, 2, 2, 2, 2, 2, 2, 2, 2, 2, 2, 2, 2, 2, 2, 2, 2, 2, 2, 2, 2, 2, 2, 2, 2, 2, 2, 2, 2, 2, 2, 2, 2, 2, 2, 2, 2, 2, 2, 2, 2, 2, 2, 2, 2, 2, 2, 2, 2, 2, 2, 2, 2, 2, 2, 2, 2, 2, 2, 2, 2, 2, 2, 2, 2, 2, 2, 2, 2, 2, 2, 2, 2, 2, 2, 2, 2, 2, 2, 2, 2, 2, 2, 2, 2, 2, 2, 2, 2, 2, 2, 2, 2, 2, 2, 2, 2, 2, 2, 2, 2, 2, 2, 2, 2, 2, 2, 2, 2, 2, 2, 2, 2, 2, 2, 2, 2, 2, 2, 2, 2, 2, 2, 2, 2, 2, 2, 2, 2, 2, 2, 2, 2, 2, 2, 2, 2, 2, 2, 2, 2, 2, 2, 2, 2, 2, 2, 2, 2, 2, 2, 2, 2, 2, 2, 2, 2, 2, 2, 2, 2, 2, 2, 2, 2, 2, 2, 2, 2, 2, 2, 2, 2, 2, 2, 2, 2, 2, 2, 2, 2, 2, 2, 2, 2, 2, 2, 2, 2, 2, 2, 2, 2, 2, 2, 2, 2, 2, 2, 2, 2, 2, 2, 2, 2, 2, 2, 2, 2, 2, 2, 2, 2, 2, 2, 2, 2, 2, 2, 2, 2, 2, 2, 2, 2, 2, 2, 2, 2, 2, 2, 2, 2, 2, 2, 2, 2, 2, 2, 2, 2, 2, 2, 2, 2, 2, 2, 2, 2, 2, 2, 2, 2, 2, 2, 2, 2, 2, 2, 2, 2, 2, 2, 2, 2, 2, 2, 2, 2, 2, 2, 2, 2, 2, 2, 2, 2, 2, 2, 2, 2, 2, 2, 2, 2, 2, 2, 2, 2, 2, 2, 2, 2, 2, 2, 2, 2, 2, 2, 2, 2, 2, 2, 2, 2, 2, 2, 2, 2, 2, 2, 2, 2, 2, 2, 2, 2, 2, 2, 2, 2, 2, 2, 2, 2, 2, 2, 2, 2, 2, 2, 2, 2, 2, 2, 2, 2, 2, 2, 2, 2, 2, 2, 2, 2, 2, 2, 2, 2, 2, 2, 2, 2, 2, 2, 2, 2, 2, 2, 2, 2, 2, 2, 2, 2, 2, 2, 2, 2, 2, 2, 2, 2, 2, 2, 2, 2, 2, 2, 2, 2, 2, 2, 2, 2, 2, 2, 2, 2, 2, 2, 2, 2, 2, 2, 2, 2, 2, 2, 2, 2, 2, 2, 2, 2, 2, 2, 2, 2, 2, 2, 2, 2, 2, 2, 2, 2, 2, 2, 2, 2, 2, 2, 2, 2, 2, 2, 2, 2, 2, 2, 2, 2, 2, 2, 2, 2, 2, 2, 2, 2, 2, 2]