#/home/brian/Documents/summer17/Python/VEC/scripts/make_SBM_graphs.py
# GMT Thu Jul 27 21:51:48 2017
# 
0 704 805 349 199
1 1759
2 323 134 758 1127
3 1465 994 1422 439
4 1226
5 834
6 1842 1107 294 1446
7
8 323 485 687
9 615
10 686
11 989
12 906 103
13 774
14 208 1920 380 1311
15 1201 1891 1364 1861 302
16 626 1110
17 661
18 1536 497
19
20 1181
21
22
23 1520 459 1148
24 1627 1340 813
25 1552 850
26 173
27 1409 1219
28
29 1323
30 96 105 599 1919
31 764
32 1868 157
33 1620
34 1928
35 448
36
37 1432 1412 1533
38 714
39 1728 1081 66 604 1537
40 109
41
42 632 684
43
44
45 1265 1837
46
47
48 1624 626
49 529 1115
50 1631
51
52 1208 908 717 599
53 786 1110
54 653
55
56
57 257 1909
58 1113 70
59 778 734 1871
60 956
61
62 1713 354 519
63
64 474
65 1456 1109
66 357
67
68 824 563 1805
69 1448
70
71
72
73 1949 1183
74
75 409 1035
76
77 520 874
78 1533 927
79 1799
80 1113
81 1850 279
82 342
83 121 530
84
85 1945 501
86
87 1048
88 360
89 283 1629
90 1049 1950
91 1645 1725
92 538 412 1850 598
93
94 1233
95
96 1635 302
97 1939 125
98 1209
99 1027 765
100 370 1619
101
102 962 1973
103 1110 1159
104
105
106
107 1371
108 1779 1295
109 819 1583
110 700 1085 590
111 1848
112
113 1881 746
114 1867 1790
115 1866 1611
116
117 1130 1186 1294 919
118 1058 908 277
119 651 590
120 459 286
121 312 472 570
122 1683
123 771 1245 1621
124 472 1387 166 743
125
126 1060
127 1023
128 803
129 900
130
131 1581 285
132 829
133 1281
134 1252 1509 1095 1456 1693
135 526
136 1736 1594
137 967
138
139 1040 798
140 320
141 808
142 1320
143 1981
144 1323 1834 1659 382
145 694 303
146
147 938
148 530 1039
149
150
151
152 1329
153
154 1705 726 846 813
155
156 331 727
157 305
158
159 602 558
160
161 1038 303
162 507
163 1757 309
164 929 637 391
165 448
166
167 1408 1226 1669
168
169 319
170
171
172 874
173 534 598
174 1070
175 1228 1131 1428
176 632 1940
177
178 1020
179 875 1966
180 1442 1254
181 621 830
182 1136
183 474 207 871
184
185 768 1876
186 1945 1220
187 680 638
188 1079
189 787
190 601 1430 414
191 995 1686
192 308
193 716
194 965 727
195 1640
196 683 301
197 1749 398
198
199 1095
200 1800 1222 1718
201 1544
202
203 1201
204
205
206
207 703 884 1675
208
209
210
211 1196 709
212 1635 1667 1262
213 1235 492 222
214 1173
215 1750
216 1217 1156 705
217
218 1747
219 1938
220 384
221 909
222 265 505
223 1208 970
224 434 367
225 1721 1383
226 274
227 1775
228
229
230 1092 1318
231 1311
232 1383
233
234 735 503
235
236
237 1929 1934 1895
238 936 277 1430
239 304 362
240 1856 1234 1066
241 1204
242
243 473
244 661
245
246 575
247 651 989
248 1815
249 1193
250 1158
251 1918
252 1568 1202
253 1346
254 1585 1644
255
256 689 1394 405 1585
257 1612 484 1126
258 1537 555
259 1496
260 1075
261 288 1093
262 798 1918
263
264 1184 1233 594
265
266 1305 1450
267
268 440 334
269 616 1523
270 1652 428
271
272 1897 1573 1617
273 720 1198
274 1926
275 1868 1503
276 1053 1967
277
278 1121
279 785
280 1345 815 1031
281 1994
282 309 1774
283
284 692 701
285 784
286
287 961 541 1806 1063
288
289 815
290 1050 1892 346
291 798
292 1112
293 500
294
295 320 1692 1957
296 1483
297 908
298 1590
299 647
300 412 1709
301 589
302 1799
303
304 547 484
305 445 1645
306
307 1849 810 1401
308 806 850 757 825 634
309 1438 1663
310
311 1054 935
312 478
313 1794
314
315 1307
316
317 1329 1316 429
318 576 1632 690 1762
319 579 1655 865
320
321 829
322 1598
323
324 1384 435
325 1801 627
326 1561
327
328
329 1884 1981 1957
330 1946 1907
331 1991
332 1996
333 411 813
334 1325
335 1109
336 624 1278
337 1539
338 1148 1755 372
339 1868
340 1168 1106
341 1931 1164 606
342 1532 1421
343 1616
344 961 1676
345 467 804 1095
346 365
347 464
348 744 740 1501
349
350
351 1433
352 1876 1774
353 386 1587 615
354
355
356 405 1158
357 1097 1763 678
358 390
359 453
360 940
361 1349 1781
362 1287 1469
363 1129
364 1761 1747 877 1623
365 449
366 1848 1481
367 1401
368 1415 1100 731 1431
369
370 672
371 1635 1108
372 734
373 1643 499
374 1912 1332 637
375 1908
376 766
377 1406
378 1964 1324
379 1611
380
381
382 439
383 768 850
384 1426 454
385 1521 1622 1113
386 429
387 613 1805
388 1448 1760
389 1922 1383
390
391 1614 1094
392 1017
393
394 680 501 1005
395 1249 948 919
396 1929 490
397 1642 1972 821
398 1129 1191
399 1033 1191
400 654
401 469 511
402
403
404
405 1426 1894
406 648
407 1565 1198
408
409
410 895 789 1285
411 1115
412 1062
413 1131
414 921
415 1397
416 1873
417 553 1676 805
418 1763 1485
419 1995
420
421 809 1173
422 1432 1843
423 464
424 1024
425
426 848 1757
427 1477
428
429 557
430 1154
431
432 1795 1788
433 1670
434 1554 1771
435
436 713
437
438
439
440 776 1651 830
441 1531 1589
442 954
443 872 1141
444 1096 1513 1780 925
445
446 851 1671
447 1986 1356
448 668
449 1273 1276
450 1881 859 903 982 1159
451 1105 924
452 1636 1222
453
454
455 634 1707 1383
456 481
457 1799
458 515 884 1167 1247
459 1104
460 634 543
461 1541
462 616 1356 1783
463
464 1015
465 708 1820
466 832 864 539 839
467
468 1593 975 1182 1833
469 1394 508
470
471 1001 1910 1975
472 1128
473 856
474 1159 1334
475 817
476 1120 1161
477 1157
478 1921 1741 1609
479 1264 930
480 1736 1052
481 1479 511
482 1609 1583
483 568 682 955 1494
484
485
486 732 1956
487
488 1162 1061
489
490 493 902
491 1202 1879
492 630
493
494 562 979 1367
495 669
496 1313
497 526 775
498 1893 750
499 720 1580 1965
500 1204
501 560 1879
502 1995 670
503 913 1135
504 1088 947
505 1465 997
506 1840 913
507
508
509 1599
510 1441
511 685 966
512 1498 651
513 777 966
514 784
515
516
517 1743
518 539
519 1607
520 1338 1634 1363
521
522 1524 900
523 756 1847
524
525 1700 1245 1599
526 1024
527 1876 1239
528
529
530 1379 1459 1561
531 1253
532 1824 755
533
534 1172
535 1101
536 1366
537
538 1690 853
539 876 1034
540
541 760 1890
542
543
544 1737
545 833 1778 1318
546 628
547 1380
548
549 1905 866
550
551 1992
552
553 1482 1595 1638
554 954
555 1497
556 1667
557 1648
558
559
560 1273 1491 788 1253
561 1456 1649 1284
562 1323 995 1367
563 1994
564 1425 1101
565 1252 1295
566 1089 1130 1646 1543
567 1200 1858 1094
568
569 1513
570 1075
571
572 699 1213 886 1719
573 1540 655
574
575
576
577 772
578 697 1639
579 1951
580 956 1907 1972 1470 750
581
582 1281
583
584
585 769 1438
586 1370
587 1630
588
589 1267 1324 1243
590 1135
591 846
592 678 1311
593 1991
594 1544 1547
595 619 1419 1925
596 1378 731 1036 862
597 1721 751
598
599 1433 1662
600 624 1107 1667 939
601 1064 1913 1354
602 923 1012
603 1336 1295 1903
604 1556
605 1629 1101 1511
606 1272 1739
607 1074 1334
608 1441
609 1966
610
611 1943
612
613
614 1185
615 1567
616
617 1421
618
619 853 1022
620 1055
621 1152 1381
622 1789
623 1506
624 1158
625 1245
626
627 1338 955
628
629 1753 1052
630 1641
631 644
632
633 1530
634
635 1576 1754
636 1756 1837
637 1652 1102
638 839
639 852
640
641 1766 1133 1470
642 1480 1204 1543
643 727
644 931
645 1457 803
646
647 1209 1390
648
649 1872 1865 1663
650
651 1774
652
653 1845
654 1018
655
656 1935
657 1793 718
658
659 1668
660
661 1356 1378 791
662 1935
663
664
665 1735
666 1965
667 1922
668 1464 1703
669 1449 1805
670 946
671 1000
672 1746
673 1592
674 680 858
675
676 1444
677 1600 1002
678 1888 1619
679 1077
680
681 1395 1212
682 1184 1706 1103
683
684 1573
685 1039 1463
686
687 1570
688 1988
689
690 1526
691 1179
692 1625 814 1892
693 696 1844 1606
694
695
696 1155 1764 885
697
698 1775
699 1530 854
700 1348 1518 1599
701
702 952
703 725
704 1571 901 1783
705 950
706
707 785 1249
708
709 1312 1217 1871
710 1148
711 1472
712 880
713 913 1883 1886
714
715
716 822
717
718 1595
719
720 1568 1131
721 1517
722 1645 1182
723 1892
724 834
725
726
727 1892 1527
728 1751
729
730 1569 1645
731 1524 955
732 802
733 808 953 772
734 825
735 1297
736 1035 1893 1727
737 1266
738 1304 1817 1943 1895
739 795
740
741 1784
742 1376 795
743
744
745
746 752 1294
747 996 1879
748
749 952 1066
750
751 1482 1469
752 1731 986
753 1170
754
755 783
756 799
757 1032
758 1659 1546
759 1868
760 764
761 1635 1805
762 856 871
763 1236
764 1439 1085
765 1913 1907 1765
766 1856
767 1207
768 1071 841
769 1927 791
770 1518
771 1386 918
772
773
774 1298 1195 1575
775 1570
776
777 1606 1957 814
778
779
780
781 1963 1492 1199
782
783 1756
784 1857 1131 1734
785
786 1671
787 1723 1854 1127
788 1996
789 1902
790
791
792 1759
793 1779
794 1218
795 1689
796 1212
797
798
799 1572
800
801
802
803
804 1887
805 1002 1836
806
807 1842
808
809 1084
810
811
812 1936 1524 1635 1812
813
814 912
815 1748
816 1350
817 840
818 1337
819 951 1542 1767
820 1884 1358
821
822 841 1893
823
824
825
826 929 1965
827 918
828 1800 1251
829
830 1829
831
832
833
834
835
836 1839
837
838 1088 1784
839
840
841
842 1106 1271
843 1393
844
845
846 1196
847 1050 1422
848 1205
849
850 1384 868
851 991
852 1256 1802
853
854 1826 1742 1326
855
856 1921 1372
857 1848 1012
858 1543
859 1475
860 1409 1863 948 1559
861
862 1390
863 1488
864 964
865
866 1179
867 1740 1717
868 1671
869 1370
870
871 1563
872 996
873
874
875 1688
876 1813 1259
877
878
879
880 1042 1870
881 1049
882
883 1049
884
885 1105 1036
886 888 1689 1885
887 1923
888
889 1667 918
890
891 1363 1493
892 1362 1662
893 1688
894 1393
895 1896 1840
896
897
898 1342 1807
899 1545 1703
900
901 1498 1399 1714 1639
902 1483
903
904 1814
905
906 1584
907
908 1853 1169
909 1562 911
910
911 1433 1050 1428
912
913 1923
914 1552
915
916
917
918 1853
919 1993
920
921
922 1457 1990
923
924
925 1122 1803
926 1980
927
928
929 1907
930
931 1484
932
933 1810 1775
934 1903
935 1448 1265 1178 1701
936 1764
937
938 1552
939 1954
940
941 1300
942 1321
943
944
945 1465
946 1740 1941
947
948
949 1146
950 1236
951 1948
952 1620
953
954 978
955 1779
956
957 1897 1541 1430
958
959 1577
960
961 1166
962 1423
963 1345 1214
964 1256 1247
965
966
967 1813
968 1327
969 1218
970
971 1205
972 1102
973 1212
974 1016
975 1400 1979
976 1720 1758
977
978 979
979 1749 1687 1080 1757
980 1189
981 1381 1550
982 1677
983 1275 1699
984 1325
985 1448 1732
986 1069
987 1208 1662
988 1981
989
990 1753 1677 1919
991
992 1139
993
994 1694
995 1308
996 1381
997
998 1768 1044
999
1000 1702
1001 1021
1002
1003
1004 1611 1847
1005
1006
1007 1719
1008 1257
1009
1010
1011 1689
1012 1013
1013 1882
1014 1019 1335
1015 1918
1016 1279
1017 1141 1967
1018 1371
1019 1229
1020 1807
1021 1326
1022 1114 1214 1487
1023 1564
1024
1025 1296 1749
1026 1735 1109 1494 1535
1027
1028
1029
1030
1031 1761 1589 1601
1032
1033
1034
1035
1036
1037
1038
1039 1741
1040 1386
1041 1376
1042
1043
1044 1530
1045
1046
1047
1048 1134
1049
1050
1051
1052
1053 1214
1054
1055 1133
1056
1057 1411
1058 1401 1290 1418
1059 1751
1060
1061 1697 1229
1062
1063 1840 1758
1064
1065
1066 1437
1067
1068 1373 1431
1069
1070
1071 1738
1072 1851 1395
1073
1074
1075 1739
1076
1077
1078 1964
1079 1962
1080
1081 1444
1082 1501
1083 1142
1084 1114
1085
1086
1087 1774 1791
1088 1508
1089
1090
1091
1092 1490 1251 1110
1093
1094 1555
1095 1274 1620
1096
1097 1211
1098 1113
1099
1100 1253 1558
1101
1102
1103
1104 1801
1105 1768
1106
1107 1452
1108
1109
1110
1111 1212 1302
1112 1344 1122
1113 1191
1114 1503
1115 1450 1662
1116 1392 1628
1117
1118 1362 1167
1119
1120
1121 1192 1440
1122 1295
1123
1124 1392 1919
1125
1126
1127 1505
1128 1656
1129
1130 1497 1897
1131 1321
1132
1133 1480
1134
1135 1756
1136 1301
1137 1204
1138
1139
1140 1396 1902 1774 1247
1141
1142
1143
1144 1256
1145
1146 1491
1147
1148 1421 1770
1149 1550
1150 1792
1151 1228
1152 1681 1478
1153 1389
1154
1155
1156 1380 1743
1157
1158 1310
1159 1644 1646
1160 1414
1161 1238
1162 1562
1163
1164
1165 1682
1166 1250 1329
1167
1168
1169
1170 1247
1171 1457
1172 1690
1173 1553
1174 1466
1175
1176 1896 1354
1177 1628 1292
1178
1179
1180
1181
1182 1649
1183 1870
1184
1185 1292
1186 1619
1187 1256 1707 1661
1188
1189
1190
1191 1213 1382
1192
1193 1767
1194 1936 1207
1195
1196
1197 1871
1198 1524 1397
1199 1297
1200
1201 1809 1330
1202
1203
1204
1205 1770 1692
1206
1207 1281
1208
1209 1442
1210 1394 1531
1211 1309
1212 1894 1424
1213 1930
1214 1384 1516
1215
1216 1900
1217 1800 1365
1218 1482
1219 1814 1543
1220
1221
1222 1784 1354 1743
1223
1224
1225
1226
1227 1287
1228 1628
1229
1230
1231 1828
1232 1277
1233 1801 1327
1234 1859 1803
1235 1299 1583
1236
1237 1389
1238
1239
1240
1241 1716
1242
1243
1244 1318
1245 1805
1246 1330
1247 1937 1818
1248
1249
1250 1979
1251
1252 1753
1253
1254
1255 1416
1256
1257 1320 1646
1258
1259 1321
1260 1684 1862
1261
1262 1825 1435 1485
1263 1406
1264
1265
1266
1267
1268 1427
1269
1270 1272 1971
1271
1272
1273
1274
1275
1276
1277 1844 1316
1278 1280
1279 1417
1280 1611 1878
1281
1282
1283 1314 1805
1284
1285
1286
1287 1602
1288
1289
1290
1291 1894
1292
1293 1872
1294 1557
1295
1296
1297
1298
1299 1979
1300 1715 1444
1301 1610
1302
1303 1883
1304
1305 1443
1306
1307 1396
1308
1309
1310
1311
1312 1928
1313
1314
1315
1316 1558
1317
1318
1319
1320
1321 1682 1510
1322
1323
1324
1325 1521 1386
1326 1995 1870
1327 1792
1328
1329
1330
1331 1450
1332 1794
1333
1334
1335 1870
1336 1527
1337
1338 1480
1339
1340 1541
1341 1630
1342
1343
1344 1698
1345
1346 1401 1969
1347
1348 1377
1349
1350
1351
1352
1353
1354
1355 1446
1356 1912 1457
1357
1358
1359 1870
1360 1505
1361 1583
1362 1872
1363
1364
1365
1366 1719
1367 1930 1549
1368 1552
1369 1957
1370 1974 1447
1371
1372
1373
1374 1619
1375 1794
1376 1575
1377
1378 1721
1379
1380 1505
1381
1382 1866
1383
1384 1921
1385
1386 1850 1739
1387
1388
1389
1390
1391 1646
1392 1871
1393
1394
1395 1787
1396 1966
1397
1398
1399
1400 1649 1875
1401 1660
1402
1403 1534
1404 1805
1405
1406
1407 1878
1408
1409
1410
1411
1412
1413
1414 1444
1415
1416
1417 1462
1418
1419
1420 1792
1421 1633
1422
1423
1424
1425 1698
1426 1563
1427 1668
1428
1429
1430
1431
1432
1433
1434 1609
1435 1542
1436 1934
1437
1438
1439
1440
1441 1730
1442
1443 1470
1444
1445 1846
1446
1447
1448
1449 1524
1450
1451 1459
1452 1818 1460
1453 1893
1454 1481
1455
1456 1473 1964 1597
1457
1458
1459 1924
1460
1461 1795
1462 1598
1463
1464 1495
1465
1466
1467
1468 1879
1469
1470 1573
1471
1472 1927
1473
1474
1475 1652
1476
1477
1478 1730
1479
1480 1987 1767
1481 1869
1482
1483
1484
1485 1850
1486 1493 1831
1487 1912
1488
1489
1490 1912 1900
1491 1591
1492
1493
1494
1495
1496
1497
1498 1734
1499 1726
1500
1501
1502 1795
1503
1504 1525
1505 1886
1506
1507
1508
1509 1550 1654
1510 1520
1511 1886
1512
1513
1514 1549
1515 1655
1516
1517 1936
1518
1519
1520
1521
1522
1523 1818
1524
1525 1916 1797
1526
1527
1528
1529
1530
1531
1532
1533
1534 1677 1910
1535 1699
1536
1537
1538 1593 1770
1539
1540 1952 1960 1908
1541 1831
1542 1577
1543
1544
1545 1645
1546
1547
1548
1549 1740
1550
1551
1552
1553 1631
1554
1555 1761
1556 1886
1557
1558
1559
1560 1658
1561
1562
1563
1564
1565
1566
1567 1842
1568
1569
1570 1753 1635
1571
1572 1802
1573
1574
1575
1576
1577
1578
1579 1685
1580
1581
1582
1583
1584
1585
1586
1587
1588
1589
1590
1591
1592
1593
1594
1595
1596
1597
1598
1599
1600
1601
1602
1603
1604 1980
1605
1606
1607 1876
1608
1609 1741
1610
1611 1711
1612
1613
1614
1615
1616
1617 1714
1618
1619
1620
1621
1622
1623 1907
1624
1625
1626
1627
1628
1629 1777
1630
1631
1632
1633 1813
1634
1635 1938
1636
1637
1638
1639
1640
1641
1642
1643
1644
1645 1859
1646
1647
1648 1691
1649
1650
1651 1817
1652
1653
1654
1655
1656
1657
1658
1659
1660 1697
1661
1662
1663
1664
1665
1666
1667
1668 1832
1669 1889 1892
1670 1794
1671
1672 1747 1965
1673 1885
1674
1675
1676 1750
1677
1678 1979
1679
1680
1681
1682
1683
1684 1807
1685
1686
1687
1688
1689
1690 1894
1691
1692 1962
1693 1966
1694
1695 1925
1696
1697 1862
1698
1699
1700
1701
1702
1703
1704
1705
1706
1707
1708
1709
1710 1901
1711 1729
1712
1713
1714
1715
1716
1717 1889 1735
1718
1719 1916
1720
1721
1722
1723
1724
1725
1726
1727
1728 1882
1729
1730
1731
1732
1733
1734
1735
1736
1737
1738
1739
1740
1741
1742
1743 1802
1744
1745
1746
1747
1748
1749
1750 1846
1751
1752
1753
1754
1755
1756
1757
1758
1759
1760
1761
1762
1763
1764
1765
1766 1777
1767
1768
1769 1858
1770
1771 1799
1772
1773
1774
1775 1909
1776
1777
1778
1779 1799
1780 1816
1781
1782 1836
1783
1784
1785
1786 1798
1787
1788
1789
1790
1791
1792
1793
1794 1933 1915
1795
1796
1797 1904
1798
1799
1800
1801
1802
1803
1804
1805
1806
1807
1808
1809
1810
1811 1821
1812
1813
1814
1815
1816 1916
1817
1818
1819
1820
1821
1822
1823
1824
1825
1826
1827
1828
1829
1830
1831
1832
1833
1834
1835
1836
1837 1947
1838
1839
1840
1841
1842
1843
1844 1960
1845 1958
1846 1910
1847
1848
1849
1850
1851
1852
1853
1854
1855
1856
1857
1858
1859
1860
1861
1862
1863
1864
1865 1926
1866
1867
1868
1869
1870
1871
1872
1873
1874
1875
1876
1877
1878
1879
1880 1921
1881
1882 1985
1883
1884
1885
1886
1887
1888
1889
1890
1891
1892 1999
1893
1894
1895
1896
1897
1898
1899
1900 1946
1901
1902
1903
1904
1905
1906
1907 1947
1908
1909 1941
1910
1911
1912
1913
1914
1915 1933
1916
1917
1918 1970
1919
1920
1921
1922
1923
1924
1925
1926
1927
1928
1929 1953
1930
1931
1932
1933
1934
1935
1936
1937
1938
1939
1940
1941 1952
1942
1943
1944
1945
1946
1947
1948
1949
1950
1951
1952
1953
1954
1955
1956
1957
1958
1959
1960
1961
1962
1963
1964
1965
1966
1967
1968
1969
1970
1971
1972
1973
1974
1975
1976
1977
1978
1979
1980
1981
1982
1983
1984
1985
1986
1987
1988
1989
1990
1991
1992
1993
1994
1995
1996
1997
1998
1999
[0, 0, 1, 1, 1, 1, 1, 0, 1, 1, 0, 0, 0, 0, 0, 1, 0, 0, 1, 0, 0, 0, 1, 1, 1, 0, 0, 0, 1, 1, 1, 0, 1, 0, 0, 0, 1, 0, 1, 1, 0, 0, 0, 0, 1, 0, 1, 1, 0, 1, 0, 1, 1, 0, 1, 0, 0, 0, 1, 1, 0, 0, 0, 0, 0, 1, 1, 0, 0, 0, 1, 0, 0, 1, 0, 0, 0, 0, 0, 1, 1, 0, 1, 0, 1, 1, 0, 0, 0, 1, 1, 1, 0, 1, 1, 0, 1, 1, 1, 1, 1, 1, 0, 0, 1, 1, 0, 1, 1, 0, 0, 1, 0, 0, 1, 0, 0, 0, 0, 0, 1, 0, 1, 0, 0, 1, 0, 0, 0, 1, 1, 1, 1, 1, 1, 1, 1, 1, 0, 0, 1, 0, 0, 1, 1, 1, 0, 0, 0, 1, 0, 0, 0, 0, 1, 1, 1, 1, 0, 1, 0, 1, 0, 1, 0, 0, 0, 1, 0, 0, 0, 0, 0, 0, 0, 1, 0, 0, 1, 1, 1, 1, 1, 0, 0, 0, 1, 1, 1, 1, 0, 1, 0, 0, 1, 1, 1, 1, 0, 0, 0, 0, 0, 0, 1, 1, 0, 0, 0, 0, 0, 1, 0, 0, 0, 0, 0, 0, 1, 1, 0, 1, 0, 1, 0, 0, 0, 1, 1, 0, 0, 0, 0, 1, 0, 0, 0, 0, 0, 0, 1, 0, 0, 1, 0, 1, 1, 0, 0, 0, 0, 0, 1, 0, 0, 1, 0, 0, 0, 0, 0, 1, 0, 1, 1, 0, 0, 0, 0, 0, 0, 0, 0, 1, 0, 1, 1, 0, 0, 0, 0, 0, 1, 1, 1, 1, 1, 0, 1, 0, 1, 1, 1, 0, 1, 1, 0, 0, 0, 1, 0, 1, 1, 1, 0, 1, 0, 0, 0, 1, 1, 1, 0, 0, 0, 0, 1, 1, 1, 0, 1, 1, 1, 1, 0, 1, 1, 0, 0, 1, 0, 1, 1, 1, 0, 1, 0, 1, 1, 1, 1, 0, 1, 0, 0, 1, 1, 0, 0, 0, 0, 1, 0, 1, 0, 1, 0, 0, 1, 1, 0, 1, 0, 1, 0, 1, 1, 0, 1, 0, 1, 1, 1, 1, 0, 1, 1, 0, 1, 0, 0, 0, 1, 0, 0, 0, 1, 1, 1, 0, 1, 0, 1, 1, 1, 0, 0, 0, 1, 1, 1, 0, 0, 0, 0, 0, 0, 0, 1, 1, 0, 1, 0, 1, 0, 1, 1, 0, 0, 1, 0, 1, 0, 0, 1, 0, 1, 0, 0, 1, 1, 1, 0, 0, 0, 0, 0, 1, 0, 1, 0, 0, 1, 1, 1, 1, 0, 0, 0, 1, 0, 1, 1, 1, 0, 0, 0, 1, 0, 1, 0, 0, 0, 0, 0, 1, 0, 1, 1, 0, 1, 0, 0, 1, 0, 1, 0, 0, 0, 1, 1, 0, 0, 1, 0, 1, 0, 1, 1, 1, 0, 1, 0, 0, 1, 0, 1, 1, 0, 1, 0, 1, 1, 0, 1, 0, 0, 0, 0, 0, 1, 0, 0, 1, 1, 0, 1, 0, 0, 0, 0, 0, 1, 0, 1, 0, 1, 0, 0, 1, 0, 1, 0, 0, 0, 1, 1, 1, 0, 0, 1, 0, 0, 0, 0, 0, 1, 0, 1, 0, 1, 1, 0, 0, 1, 0, 0, 1, 1, 1, 1, 1, 1, 0, 1, 1, 0, 0, 0, 1, 0, 1, 1, 1, 1, 1, 0, 0, 0, 0, 0, 0, 1, 1, 0, 1, 1, 1, 0, 1, 0, 1, 1, 1, 1, 0, 1, 0, 0, 1, 0, 0, 1, 1, 1, 0, 0, 1, 1, 0, 0, 1, 1, 1, 1, 1, 0, 0, 0, 0, 0, 1, 1, 1, 0, 0, 0, 1, 1, 1, 0, 1, 0, 1, 0, 0, 0, 0, 1, 0, 1, 0, 0, 1, 1, 0, 1, 1, 0, 1, 0, 0, 0, 1, 1, 1, 0, 1, 1, 0, 1, 0, 0, 1, 1, 1, 1, 0, 0, 0, 1, 0, 1, 0, 1, 1, 1, 1, 1, 1, 1, 0, 1, 1, 0, 0, 0, 1, 0, 0, 1, 0, 1, 1, 1, 1, 1, 0, 1, 1, 0, 1, 1, 0, 0, 0, 1, 1, 1, 1, 1, 1, 1, 0, 1, 1, 0, 1, 1, 0, 1, 0, 1, 1, 1, 0, 1, 1, 1, 1, 1, 1, 0, 0, 1, 0, 0, 1, 0, 1, 0, 1, 1, 0, 0, 0, 0, 1, 1, 1, 0, 0, 0, 0, 0, 0, 0, 1, 1, 1, 0, 1, 0, 0, 0, 0, 1, 1, 0, 1, 0, 0, 0, 0, 0, 1, 0, 1, 0, 0, 0, 0, 0, 0, 1, 0, 0, 1, 1, 0, 1, 0, 1, 1, 0, 1, 0, 0, 0, 0, 1, 1, 0, 0, 1, 0, 0, 1, 0, 1, 0, 0, 1, 1, 1, 0, 1, 1, 1, 0, 1, 0, 0, 0, 0, 1, 0, 1, 0, 1, 0, 1, 0, 0, 1, 1, 0, 0, 1, 1, 1, 0, 1, 1, 1, 0, 1, 1, 1, 0, 0, 0, 0, 0, 1, 0, 0, 1, 1, 0, 0, 1, 1, 1, 0, 0, 0, 1, 0, 1, 1, 0, 1, 0, 0, 1, 1, 0, 0, 1, 1, 1, 0, 1, 0, 1, 1, 0, 1, 0, 1, 0, 1, 1, 1, 0, 0, 1, 0, 1, 1, 0, 0, 0, 0, 0, 0, 0, 0, 1, 0, 1, 1, 0, 1, 0, 1, 0, 0, 0, 1, 0, 0, 1, 0, 1, 1, 0, 1, 0, 0, 1, 1, 1, 0, 0, 0, 0, 0, 0, 0, 1, 1, 1, 1, 0, 1, 1, 0, 0, 0, 0, 1, 0, 1, 1, 0, 0, 1, 1, 0, 0, 0, 0, 0, 1, 1, 1, 1, 0, 1, 1, 0, 0, 1, 1, 0, 0, 1, 1, 1, 1, 0, 0, 0, 0, 0, 1, 1, 0, 1, 1, 0, 1, 1, 1, 1, 0, 1, 1, 0, 1, 1, 0, 0, 1, 0, 1, 0, 1, 1, 1, 1, 0, 1, 0, 1, 1, 1, 1, 1, 1, 0, 0, 1, 1, 1, 1, 1, 0, 0, 0, 1, 1, 0, 0, 1, 1, 1, 0, 0, 0, 1, 1, 1, 1, 0, 0, 0, 1, 1, 1, 1, 1, 1, 0, 1, 0, 1, 1, 0, 1, 0, 0, 0, 0, 1, 0, 1, 0, 0, 0, 0, 0, 1, 0, 0, 0, 1, 1, 1, 1, 1, 0, 1, 0, 1, 0, 1, 0, 1, 1, 0, 1, 0, 1, 1, 0, 1, 1, 1, 1, 0, 1, 1, 1, 1, 1, 1, 1, 0, 0, 1, 1, 1, 1, 1, 0, 0, 1, 0, 0, 1, 1, 1, 1, 0, 1, 0, 1, 0, 1, 1, 0, 0, 0, 1, 0, 0, 0, 0, 1, 0, 0, 0, 1, 0, 1, 1, 1, 0, 1, 1, 0, 1, 1, 0, 1, 0, 0, 1, 0, 1, 0, 0, 0, 0, 0, 1, 0, 0, 1, 1, 0, 1, 1, 0, 0, 0, 0, 1, 0, 1, 1, 1, 1, 1, 0, 0, 1, 0, 1, 0, 0, 1, 0, 1, 1, 1, 0, 0, 0, 1, 0, 0, 1, 0, 1, 1, 1, 0, 0, 0, 1, 0, 0, 0, 0, 0, 0, 1, 0, 0, 0, 0, 1, 1, 0, 1, 1, 1, 1, 1, 1, 1, 0, 0, 0, 0, 0, 1, 0, 1, 1, 0, 0, 1, 0, 1, 1, 1, 0, 1, 1, 1, 1, 0, 0, 1, 0, 1, 0, 0, 0, 1, 0, 1, 1, 0, 0, 0, 1, 0, 1, 1, 0, 1, 1, 0, 1, 0, 1, 1, 1, 1, 0, 1, 0, 1, 0, 1, 0, 0, 1, 0, 1, 1, 0, 1, 1, 1, 0, 0, 1, 0, 0, 1, 0, 1, 0, 0, 0, 1, 1, 1, 1, 1, 1, 0, 0, 0, 1, 1, 1, 1, 0, 1, 1, 0, 0, 1, 1, 0, 1, 0, 1, 0, 1, 1, 0, 0, 1, 0, 0, 0, 0, 0, 1, 0, 1, 1, 0, 1, 1, 0, 1, 0, 0, 0, 1, 1, 0, 1, 0, 1, 0, 1, 1, 0, 1, 1, 1, 0, 1, 1, 0, 0, 0, 0, 0, 0, 1, 1, 0, 0, 0, 0, 0, 0, 0, 1, 0, 1, 1, 0, 0, 0, 1, 1, 1, 1, 0, 1, 0, 1, 0, 0, 1, 1, 0, 0, 0, 0, 1, 1, 1, 1, 1, 1, 0, 0, 1, 1, 0, 0, 0, 0, 0, 1, 0, 0, 1, 0, 1, 0, 0, 0, 1, 1, 0, 0, 1, 1, 0, 1, 0, 1, 1, 0, 1, 1, 0, 1, 0, 1, 1, 1, 0, 1, 0, 1, 0, 1, 0, 0, 0, 1, 0, 1, 0, 0, 0, 1, 1, 1, 0, 1, 1, 1, 1, 0, 0, 0, 0, 1, 0, 0, 0, 1, 1, 0, 1, 0, 0, 1, 0, 0, 0, 0, 0, 0, 0, 0, 1, 1, 1, 1, 1, 0, 1, 1, 0, 0, 1, 1, 1, 0, 0, 0, 1, 1, 0, 1, 1, 1, 1, 0, 1, 1, 0, 1, 0, 1, 0, 0, 1, 0, 1, 0, 1, 1, 0, 0, 0, 1, 1, 1, 1, 1, 1, 1, 0, 0, 0, 0, 0, 0, 0, 1, 0, 0, 1, 1, 0, 0, 0, 1, 1, 1, 0, 1, 0, 0, 0, 0, 0, 0, 0, 0, 1, 1, 0, 1, 0, 0, 0, 1, 1, 1, 0, 0, 1, 0, 0, 1, 1, 0, 1, 1, 0, 1, 0, 0, 1, 0, 0, 1, 0, 1, 0, 1, 0, 1, 1, 0, 1, 0, 0, 0, 1, 1, 0, 0, 0, 0, 1, 1, 1, 1, 0, 1, 0, 1, 1, 0, 1, 1, 1, 0, 0, 1, 0, 0, 1, 0, 1, 0, 1, 1, 1, 1, 0, 0, 0, 1, 1, 0, 1, 0, 1, 1, 0, 1, 1, 1, 1, 1, 0, 0, 1, 0, 0, 1, 1, 0, 0, 0, 1, 1, 0, 0, 1, 0, 1, 1, 1, 1, 1, 1, 1, 0, 1, 1, 1, 1, 0, 0, 1, 0, 1, 1, 0, 0, 0, 0, 1, 0, 0, 0, 0, 1, 0, 1, 0, 0, 1, 0, 1, 0, 1, 0, 0, 0, 1, 0, 1, 0, 0, 1, 0, 1, 0, 1, 0, 1, 1, 1, 0, 0, 0, 1, 0, 1, 0, 1, 0, 1, 1, 0, 1, 0, 1, 0, 1, 0, 1, 0, 1, 0, 0, 1, 0, 1, 0, 0, 0, 0, 0, 1, 1, 1, 0, 1, 0, 0, 1, 0, 0, 0, 1, 1, 1, 0, 0, 1, 1, 1, 0, 0, 1, 1, 0, 0, 1, 0, 0, 1, 1, 1, 1, 0, 1, 0, 1, 0, 1, 1, 1, 0, 0, 1, 1, 1, 1, 0, 0, 1, 0, 1, 1, 1, 1, 0, 0, 0, 0, 1, 1, 1, 0, 0, 0, 0, 1, 1, 1, 0, 0, 0, 0, 0, 1, 1, 0, 1, 0, 0, 0, 1, 0, 0, 0, 0, 0, 1, 0, 1, 1, 1, 1, 0, 1, 1, 0, 1, 1, 0, 0, 1, 0, 1, 1, 1, 1, 0, 1, 0, 1, 0, 1, 0, 0, 0, 1, 1, 1, 0, 0, 1, 1, 0, 1, 1, 0, 0, 0, 0, 0, 0, 1, 0, 1, 0, 0, 0, 0, 1, 0, 1, 1, 0, 0, 0, 0, 0, 0, 1, 0, 0, 1, 1, 0, 0, 0, 0, 0, 0, 1, 0, 0, 1, 0, 1, 0, 1, 0, 1, 0, 1, 1, 0, 1, 0, 0, 0, 1, 0, 0, 0, 1, 1, 0, 1, 0, 0, 1, 0, 1, 0, 1, 1, 0, 1, 0, 1, 1, 0, 1, 1, 0, 0, 0, 0, 0, 1, 0, 1, 1, 0, 1, 0, 1, 0, 1, 1, 0, 0, 0, 0, 1, 0, 1, 1, 0, 0, 1, 1, 0, 1, 1]