#/home/brian/Documents/summer17/Python/VEC/scripts/make_SBM_graphs.py
# GMT Thu Jul 27 21:52:03 2017
# 
0 96 1 196 171 55 187
1 67 37 141 52 21 118 184 28 127
2 132 165 110 53 89 157
3 96 98 198 74 13 14 145 110 88 59 158
4 16 138 166
5 137 109 175 112 180 30
6 192 162 41 50 22 57 123 60
7 137 20 117 177 79
8 36 104 16 148 52 122 91
9 144 199 150 111
10 43 19 116 124
11 161 193 44 53 123 117
12 160 195 196 197 38 46 93 114 55 154 124 29
13 73 140 46 81 155 56 123 29
14 164 134 45 110 147 91 189
15 33 170 186 54
16 130 68 139 140 109 176 154 58
17 164 105 46 85 23 36 126
18 72 34 44 101
19 24 193 130
20 144 149 189
21 98 134 172 114 147 58 124
22 144 82 86
23 128 85 142
24 111 180 181 123 159
25 96 65 161 43 44 175 151 191
26 98 35 124 44 110 88 27 28
27 124 141 62
28 163 199 171 55 190
29 167 171 110 142 121
30 44 186 180 143
31 129 185 38 95
32 33 135 60 65
33 97 66 39 162 50 83
34 41 101 94 97
35 160 164 100 172 141 68 125 36
36 108 59 158
37 197 76 53 150 88 91 125
38 133 145 149 120 58
39 168 94 167
40 181 117
41 167 169 66 153 122 94
42 71 144 50 183 186 157
43 73 121
44 108 175 177 83
45 199 140 150 189 63
46 107 148 149 155
47 107 75 85
48 113 82 55
49 64 177 66 115 132
50 130 70 175 115 123 157
51 110 164 173 102
52 96 194 110 136 56 189
53 71 80 186 135
54 192 141 111 145 178 180 152 60
55 100 76 113
56 160 133 102 76 118
57 65 66 132 137 170 175 115 116 169 122 111 157
58 133 136 106 174 88
59 74 109 110 176 88 92 159
60 192 108 117 181
61 80 121 168 93 111
62 155 104 74 139 125 158
63 194 131 104 149 93
64 130 131
65 77 153 157 117
66 192 195 169 106 148
67 136 149 182 81
68 129 98 82
69 71
70 144 136 95 183
71 83 94
72 137 83 79
73 196 134 142 121
74 128 102 89 159
75 145 172 93 185
76 128 139 150 119
77 146
78 161 168 111 114 147 181 122 157 159
79 144 186 175
80 122
81 160 129 168 110 141 145 184
82
83 161 169 106 121 155
84
85 96 141 124 125
86 99 94 157
87 122 90 166 191
88 129 172 140 119
89 193 169 175 181 122
90 161 101 166 111 115
91 172 140 110 151 188 190
92 110 118 127
93
94 144 169
95 134 127 172 173 159
96 182 195 118
97 123 138 177
98 128 100
99 146
100 118
101 178 181
102 195 199 184 119
103 138 163
104 128 140 153
105 152
106 192 193 130 146 187 156 154
107 112 115 149 184 155
108 181
109 180
110 134 199 136 149 127
111
112 169 146
113 197 126
114 160 194 132 198 173
115 186 191
116 169 175 118 184
117 177
118 164
119 139 150
120 133 182
121 179
122 135
123 156 189
124 197 138
125 138
126 171
127 134 136 171 142
128 142 147
129 136 159 155
130 160 146
131 165
132 169 170
133 192 196 172 173
134 198 171
135 161 192 157
136 139 140 151
137 162
138 195 139 183
139 195 198 147
140 160 148 189
141
142 171 145 182 159
143 146 156
144
145 147
146 161
147 179
148 185
149 190
150 195 171
151 162 183
152 187
153 165 182 186 157
154
155 199
156
157
158
159 173
160 184
161 165
162
163
164 165 179 190 197
165
166 177
167
168
169 192 178
170 187 177
171 192 194
172 176
173
174 195
175
176 195
177
178
179 184
180
181 199 183
182 184
183
184
185 194 199
186 193
187
188
189
190 199 196
191
192
193
194
195
196 199
197
198
199
[1, 1, 0, 1, 1, 0, 0, 0, 1, 0, 0, 0, 1, 1, 1, 0, 1, 1, 0, 0, 0, 1, 0, 1, 0, 0, 1, 1, 1, 1, 0, 1, 0, 0, 0, 1, 1, 1, 1, 0, 0, 0, 0, 0, 0, 1, 1, 1, 1, 0, 0, 1, 1, 0, 0, 1, 1, 0, 1, 1, 0, 0, 1, 1, 0, 0, 0, 1, 1, 0, 0, 0, 0, 1, 1, 1, 1, 0, 0, 0, 0, 1, 1, 0, 0, 1, 0, 0, 1, 0, 0, 1, 1, 1, 0, 1, 1, 0, 1, 0, 1, 0, 1, 1, 1, 0, 0, 1, 0, 0, 1, 0, 0, 1, 1, 0, 0, 0, 1, 1, 1, 0, 0, 0, 1, 1, 1, 1, 1, 1, 0, 0, 0, 1, 1, 0, 1, 0, 1, 1, 1, 1, 1, 0, 0, 1, 0, 1, 1, 1, 1, 0, 0, 0, 1, 1, 0, 0, 1, 1, 1, 0, 0, 1, 1, 0, 0, 1, 0, 0, 0, 1, 1, 1, 1, 0, 1, 0, 0, 1, 0, 0, 1, 0, 1, 1, 0, 0, 1, 1, 1, 0, 0, 0, 1, 1, 1, 1, 1, 1]