#/home/brian/Documents/summer17/Python/VEC/scripts/make_SBM_graphs.py
# GMT Thu Jul 27 21:51:46 2017
# 
0 88
1
2 674 1860
3 1172 334
4 1114 1051 1351
5
6
7 1003
8 200
9
10 996
11
12 1582
13
14 1051 1701
15
16 720
17 1810 255
18 1518
19 1030 271
20 1389 1503
21 1609 1515 1933
22
23 1945
24 1389
25 1400 1032 751
26
27 1696
28
29
30
31
32 350
33 504
34
35 892
36
37 1641 1906
38 1106 487
39 353
40 1660 1877
41 1294
42
43
44 1640 998
45 235 365
46 370 1194
47 783
48
49 1945
50
51 1724 551
52 1169 1019 692
53
54 446
55 1598
56 1233 333
57 81
58
59
60 1597 1686
61 1994
62 961 1652 1566
63 1146
64 329
65 1591
66
67
68 1152 1851 1827
69 1794
70 1755
71
72
73 1005
74 207
75
76 888
77 1294
78
79
80 1424 1324
81 867 1413
82 1096 950
83 889 290 1051
84 1382
85 1233 1396
86 1680 288
87 1933
88
89 403 1173
90 1169 1810
91
92
93 809 1923
94
95 184 1416 1671
96 1658
97 1408 830 407
98 648 922
99 1503
100
101 291 308
102 258
103 1026 355 1684
104
105
106 1575
107
108 1338
109 379 1023
110
111 735
112 280 1091
113 1193 1156
114 1402 1614
115
116
117 1528
118
119 1423
120
121 1948 1903
122 336 1105 1786 414
123 160
124
125 1282 314
126
127
128 369 1330 1420
129 1859 806
130 132
131
132 1020
133
134 1635 829 319
135
136 147 958 1807
137
138 611
139 1009
140
141 200 1660
142
143 521
144
145 1539
146 1857 1631
147 784 250
148 1294
149
150 412
151 937 349 262 1673
152 1635 1252
153 1601 756 1569
154 1792 265
155 344 282
156 1078
157
158 1897
159
160 1434 998
161
162
163
164
165 345 665
166 1074 1947
167 691
168
169 793
170
171
172 1908
173 906
174
175 1218
176
177 1801 1018 1351
178
179
180 788
181 219 1597
182 216 577 1124
183 592
184
185
186
187
188 1774
189
190 875 877
191 767
192 773
193
194
195 433 802 1193
196
197 1914
198 428
199
200 1892 1254 1206 1275 413
201 395
202 1864 1317 815
203
204 1050
205 1880 1233
206 685
207 1563 652 773
208
209
210 795 575
211 820 1127
212
213 1837 1343
214 233 1194
215 1832 1872 1658
216 536 1239
217 464
218
219 1964
220 276
221
222 624 357
223 1946 1036
224 337 427
225 1384 1929 1753
226 265 270
227 515
228
229
230 970 990
231 1232
232 759
233 730
234
235 1820
236 1443
237
238
239
240
241
242
243
244 1148
245
246 1711
247
248 1417 1866
249
250 327
251 257 1083
252 309
253
254
255 496
256 425
257 379
258 919
259
260 1831
261 548
262 416
263
264
265 1328 1910 1061
266 736
267 1804 637
268 1487
269
270 856 1357
271 1404
272 1339 1258 1955
273 1065
274 297 1234
275 1923
276 860
277 915 1951
278
279 1106
280 1955
281 1834
282 1907 1422
283 952 1908
284
285
286
287 1338 605 1119
288 1937 1155 953
289 1836 613
290
291 1176
292 917 830
293 1023
294
295 1148
296 1312 1259
297 1136 729 1599 369
298
299 687
300 1352 1682 733
301 1042 1669
302 1072 1113 1620
303 1410
304 413
305 1825
306
307
308
309 408 491
310 1372
311 1705 563 700 902
312
313
314 1140
315 1999
316
317 1550
318
319 548
320 930
321
322 845
323 1903
324 602 731 1924 1026
325 1091
326
327
328
329 1828
330 1433 1765
331
332 536 1036
333 343 1487
334 796 1446
335
336 1547 1732 741
337
338 742 614
339 1291
340 1131
341
342
343 942 1215
344 1622
345
346
347
348 798
349 1356 471 1079
350
351
352 1367
353
354
355 1558
356 1992 1083
357
358 1009 1123
359 1906
360 428 1982
361
362 1603 1453
363
364 457
365
366 1789
367 1234
368
369
370 908
371 1929 1465
372 1663
373
374
375 1735
376 425 798
377
378 1103
379
380 810 581
381
382 1468
383
384 657 1722
385
386
387
388 947
389 1085
390 1300 885
391 690
392 1894
393
394 1009
395
396 1761
397 1064
398
399 1241
400 1635
401 1116
402 1356
403
404
405 436 493 1021
406
407 827
408
409 1438
410
411
412 593 1959
413 527
414 730
415
416 1784
417
418
419 1433 1582
420 1049 1142
421
422 786
423 1502 1934
424
425 1252 1774
426 826
427 834
428 889 1651
429 1141
430 1966
431
432 442
433 789
434
435 767
436 1283
437 1164
438
439 1815
440 489
441
442 1995
443 1815
444 1479
445 1465
446 663
447 1850
448
449 1150
450 1186
451 1901
452 1274 1620 1783
453 1138
454
455 1576
456
457 1360 1905
458 1387
459
460 1657 715
461 1760
462 1160 1834 919
463 831
464
465
466
467 1492
468 1318
469 830
470
471 1548
472
473 1931 990
474 1562
475
476
477 627
478 1130
479
480
481 925
482 1067 783
483
484 1662
485
486 1162 1714
487 862
488 641
489
490 1367
491 1024
492
493 1728
494 798
495
496 704
497 588
498 996
499
500 1655
501 1907
502 1539
503
504 1408 1635
505 883
506 1069
507 973 1254
508 655
509 1709
510 1655
511
512 1947
513 1581
514 692
515 1328
516
517 1735
518 661 1751
519
520
521
522 769 773
523 1072 1273 1268
524
525
526 1117
527
528 1576 1460
529
530 1553
531
532
533
534 764
535 1261
536
537 1878 903
538 1365
539 899
540 1067
541 1520
542 1750
543
544 1707 1174
545 1565
546
547
548 624 1010 735
549
550 1968 655
551
552 713
553 1276
554
555 1953 1081
556 1962
557 1381
558
559
560
561 591
562
563
564 1257 1491
565 766
566 1300
567
568
569 689
570
571 1027 1534
572 1460
573 855
574 1411 1228 1679
575
576
577
578 1978 763
579
580 1661
581
582 787
583
584
585 1139 1782
586
587 1448 1855
588
589 1560 763
590 746
591 1177 743
592 1541
593
594
595 1308
596 1897 1421
597 950
598 1910
599
600 897
601
602 1689 1395 1764
603 1962
604
605
606 636
607
608 1442 1109
609 1965
610 705 1647
611
612
613
614 687
615 793 985
616 1581
617 919
618 1323
619
620
621 1067 1846
622
623 1609
624 1763
625
626 1511
627 1200 1104
628
629
630
631 1122
632
633 1786 798
634 922
635 1153 812
636
637 1815
638 851 1549
639
640 1681
641
642
643 1074
644 755 1822
645 674
646 1687
647 850 1199
648
649
650
651 1941 1311
652 1235
653
654
655 1023
656 1882 1899
657 1077
658 1122
659 680 864 1135
660
661 1069 1607
662
663
664
665 1979 1020
666
667
668
669 886
670 1550
671
672 1544
673
674
675 1987 868
676
677
678
679
680 851
681
682
683 1222
684 1196
685 1095
686
687
688 864 986 1381 758
689 1098 783
690 1274 1930 1709
691
692 983
693 1935
694 1989
695
696
697
698
699 1047
700
701 784 1634 1661
702
703 1009 867
704 1704
705
706
707
708
709
710
711 1657
712 1568 1165
713 1086
714 778
715
716 736
717
718 957
719
720 1145
721
722 1615
723 868
724
725 1617
726
727
728
729 1288 1098
730 1337
731
732 1992 1888 1933
733 1097
734 1617 1407
735
736 1558
737 1861 1230
738 1520 1134 1423
739 1138 1564
740
741 1009
742 1805
743
744 943
745
746 1410
747
748
749 1449 1325
750
751 1350 1502
752 1537
753 1161
754 895
755
756
757
758 1074
759
760 1259 1695
761
762
763 1260
764
765 1263
766
767
768 1935
769
770 1693
771 1621
772
773 1365
774 1344 1107
775 1378
776 1225 1517
777
778 1537
779
780
781
782
783 1603
784
785
786 1936
787 1380
788
789 1648
790
791
792
793
794 988
795 1447
796
797
798
799
800
801
802 1472
803
804
805
806
807 1886
808
809
810 1748 1401
811 1662
812 1437
813
814 1225 1230
815
816 953
817 1783
818
819
820
821 1850
822 1703
823 861
824 1063
825 1439
826 1195 1271 1415
827
828
829
830
831
832
833
834
835 1163
836 1054
837 1112 1093
838 1880
839 1739
840 1956
841
842
843
844 1842
845
846 998
847
848 1757 1046
849 1704
850
851 1444
852
853 1202 1621 1294
854 923 1142
855 1250 923
856
857 1365
858
859 1668
860
861 1658
862
863 1808
864
865 1467
866
867
868
869 1442
870
871 1840
872 971 885 1079
873
874
875
876 912
877 979
878 1523
879
880
881
882
883 1967
884 1785
885 1227
886
887
888
889 1880 1816
890 1834
891 1494
892 1416
893
894 1744 1929 1260
895
896 1475
897
898
899 1169 1654 935
900 910
901
902
903
904 1096 981
905
906
907 1737 1703
908
909
910
911
912 1428
913 1792
914
915 1880 1184
916
917 1305 1901 1326
918 983
919
920
921
922
923
924 981
925 1537
926
927 1207
928 1638
929
930 1956 1124
931 1913 1554
932
933
934 1930
935 1323 1498
936
937
938
939 1344
940
941
942
943
944
945
946 1271
947
948 1442
949
950 1646
951
952 1327
953 1261 983
954
955
956
957 1912 1108
958
959
960
961
962 1931
963 1350
964
965 1028
966 1157
967 1789
968
969
970
971 1617 1150 1927
972
973
974 1417
975
976
977 1115
978 1716 1237
979 1766
980 1626 1011
981 1682
982
983 1436 1869
984
985
986 1822
987
988
989
990
991
992
993
994
995
996
997 1152
998
999 1634
1000 1188 1021
1001
1002
1003 1092
1004
1005
1006
1007
1008
1009
1010
1011 1596 1523
1012 1343
1013
1014
1015 1484
1016
1017 1296
1018
1019
1020
1021 1928 1118
1022 1541 1919
1023 1313
1024
1025 1351
1026 1614
1027 1350
1028
1029
1030
1031 1886
1032 1455 1874 1268 1820 1950
1033 1313
1034
1035
1036
1037 1268
1038 1210
1039
1040
1041
1042
1043
1044
1045 1335
1046 1531
1047
1048
1049 1829 1062
1050 1950
1051 1843 1477
1052 1900
1053 1433
1054
1055 1847
1056
1057
1058 1621
1059 1622
1060
1061 1904 1827
1062 1888
1063 1833 1411 1261
1064 1575
1065 1067
1066 1454
1067
1068 1326
1069 1363
1070
1071
1072 1093
1073
1074 1339
1075
1076 1822
1077
1078 1509
1079 1603
1080
1081 1228 1598
1082
1083 1840
1084
1085
1086 1357
1087 1426
1088 1843
1089 1558
1090 1786
1091
1092
1093
1094
1095 1149
1096 1206
1097
1098 1507
1099 1292
1100
1101
1102
1103 1853
1104
1105 1750
1106 1309
1107
1108 1183
1109
1110
1111
1112
1113 1420
1114
1115
1116 1283
1117
1118
1119 1864
1120
1121
1122 1336
1123
1124 1777
1125
1126
1127 1801 1139
1128
1129
1130 1617
1131
1132
1133 1615
1134
1135
1136 1931
1137 1658
1138
1139
1140 1709
1141
1142 1281
1143
1144 1519
1145
1146 1220
1147 1158
1148
1149
1150 1449
1151 1586
1152
1153
1154
1155
1156
1157
1158
1159
1160 1558
1161 1561
1162
1163 1430 1911
1164
1165 1178
1166
1167 1233
1168 1764
1169
1170
1171 1836
1172 1307 1490
1173 1753
1174
1175
1176
1177 1396
1178
1179
1180
1181
1182
1183
1184
1185
1186 1636
1187 1481 1370
1188 1211
1189
1190
1191
1192
1193
1194
1195 1771 1399
1196
1197 1232 1895
1198
1199 1276
1200
1201
1202
1203
1204 1936
1205
1206 1391
1207
1208 1925
1209
1210
1211
1212 1764
1213 1971
1214
1215 1290
1216
1217
1218
1219
1220
1221 1980
1222 1828
1223
1224 1667
1225
1226 1871
1227
1228
1229
1230
1231
1232 1519
1233 1735
1234 1479
1235 1327
1236
1237
1238
1239 1303
1240
1241
1242 1760 1824
1243
1244
1245
1246
1247
1248
1249 1888
1250
1251
1252
1253
1254
1255
1256
1257 1350
1258
1259 1972 1508
1260
1261
1262 1628
1263
1264 1857
1265
1266
1267
1268
1269 1839
1270 1479
1271
1272 1424 1903
1273 1869 1390
1274
1275
1276 1833
1277
1278
1279 1585
1280
1281 1875
1282
1283 1710
1284
1285 1381
1286 1538
1287
1288 1313
1289
1290
1291 1574
1292
1293 1975
1294 1709
1295
1296 1862
1297
1298
1299
1300 1557
1301
1302
1303
1304
1305 1641
1306
1307 1668
1308
1309 1749 1951
1310
1311
1312
1313
1314
1315
1316 1368
1317
1318 1988
1319
1320 1531
1321
1322
1323
1324 1387
1325
1326
1327 1390
1328
1329
1330
1331
1332 1629
1333
1334
1335
1336
1337
1338
1339
1340
1341
1342 1644
1343 1873
1344 1434
1345
1346 1961
1347
1348
1349
1350
1351 1511
1352
1353
1354
1355 1773
1356
1357 1823
1358
1359
1360
1361
1362
1363
1364
1365 1491
1366 1417
1367
1368 1561 1932
1369
1370
1371
1372
1373
1374
1375
1376
1377
1378
1379
1380
1381 1737 1977
1382
1383
1384 1526
1385
1386 1417
1387 1644
1388
1389
1390
1391
1392
1393
1394
1395 1957
1396
1397
1398
1399 1409
1400
1401 1493
1402
1403
1404 1774
1405
1406
1407
1408
1409
1410 1645
1411
1412
1413
1414
1415 1655
1416
1417 1491
1418
1419
1420
1421
1422
1423
1424
1425
1426 1492
1427
1428
1429
1430
1431 1514
1432
1433
1434 1949
1435 1519
1436
1437
1438
1439 1487
1440
1441
1442
1443
1444
1445
1446
1447
1448
1449 1554
1450 1523
1451 1531
1452 1654
1453
1454 1730 1458
1455 1861
1456
1457
1458
1459 1645
1460 1694
1461
1462
1463
1464 1968
1465
1466
1467
1468
1469
1470
1471 1976
1472
1473 1808
1474
1475
1476
1477 1590
1478 1823
1479 1609
1480
1481
1482 1629
1483 1606
1484 1795
1485
1486
1487
1488
1489
1490
1491
1492 1861
1493 1651
1494
1495
1496
1497 1641
1498 1513
1499
1500 1766
1501
1502
1503
1504
1505
1506 1538
1507 1854
1508 1962 1813
1509
1510 1821
1511
1512 1930
1513 1813 1694
1514 1781
1515
1516 1873
1517
1518
1519
1520
1521
1522
1523
1524
1525
1526 1898
1527 1579
1528
1529
1530
1531 1829
1532
1533
1534
1535
1536
1537
1538
1539
1540
1541
1542
1543
1544 1792 1765
1545
1546 1871
1547
1548
1549
1550
1551 1918
1552
1553
1554
1555 1960
1556 1601
1557
1558
1559 1650
1560
1561
1562 1990
1563
1564
1565 1956
1566
1567
1568
1569
1570 1678
1571
1572
1573
1574
1575
1576
1577
1578
1579 1614
1580
1581
1582
1583
1584
1585 1663
1586
1587
1588
1589
1590
1591
1592 1626
1593
1594 1611
1595
1596
1597 1824
1598
1599
1600 1674
1601 1605
1602
1603
1604
1605 1921
1606
1607
1608
1609
1610
1611
1612
1613
1614
1615
1616
1617
1618
1619
1620
1621
1622
1623
1624
1625
1626
1627
1628 1958
1629 1815
1630 1635
1631
1632
1633
1634
1635
1636
1637
1638 1786
1639
1640
1641 1897
1642
1643
1644
1645
1646
1647
1648
1649
1650
1651
1652 1892
1653
1654
1655
1656
1657
1658
1659
1660
1661
1662
1663
1664
1665 1691
1666
1667
1668
1669
1670
1671
1672
1673 1927
1674
1675
1676
1677
1678
1679
1680
1681
1682 1735
1683
1684
1685
1686
1687
1688
1689 1924
1690
1691
1692
1693
1694
1695
1696
1697
1698
1699
1700
1701
1702
1703 1838
1704
1705
1706
1707
1708
1709
1710
1711
1712
1713
1714
1715
1716
1717
1718 1834
1719
1720
1721
1722
1723
1724
1725
1726
1727
1728
1729 1829
1730
1731
1732
1733
1734
1735
1736
1737
1738
1739
1740
1741
1742
1743 1868
1744
1745
1746
1747
1748
1749
1750
1751 1793
1752
1753
1754
1755
1756
1757 1981
1758
1759 1988
1760
1761
1762
1763
1764
1765
1766
1767
1768
1769
1770
1771
1772 1934
1773
1774
1775
1776
1777
1778 1921
1779
1780
1781 1931
1782
1783
1784
1785
1786
1787
1788 1996
1789
1790
1791
1792 1824
1793
1794
1795
1796
1797
1798
1799
1800
1801 1862
1802
1803
1804
1805
1806 1985
1807
1808
1809 1996
1810
1811
1812
1813 1894
1814
1815
1816
1817
1818
1819
1820
1821 1940
1822
1823
1824
1825
1826
1827
1828
1829
1830
1831
1832
1833
1834
1835
1836
1837
1838
1839
1840
1841
1842
1843
1844
1845
1846
1847
1848
1849
1850
1851
1852
1853
1854
1855
1856
1857
1858
1859 1956
1860
1861
1862
1863
1864
1865
1866 1883
1867
1868
1869
1870
1871 1888
1872
1873
1874
1875
1876
1877
1878
1879
1880
1881
1882
1883
1884 1931
1885
1886 1955
1887
1888
1889
1890
1891
1892
1893
1894
1895
1896
1897
1898
1899
1900
1901
1902
1903
1904
1905
1906
1907
1908
1909
1910
1911
1912
1913 1960
1914
1915
1916
1917
1918
1919
1920
1921
1922
1923
1924
1925
1926
1927
1928
1929
1930
1931
1932
1933
1934
1935
1936 1981
1937
1938
1939
1940
1941
1942
1943
1944
1945
1946
1947
1948
1949
1950
1951
1952
1953
1954
1955
1956
1957
1958
1959
1960
1961
1962
1963
1964
1965
1966
1967
1968
1969
1970
1971
1972
1973
1974
1975
1976
1977
1978
1979
1980
1981
1982
1983
1984
1985
1986
1987
1988
1989
1990
1991
1992
1993
1994
1995
1996
1997
1998
1999
[1, 0, 1, 1, 0, 1, 1, 1, 0, 1, 0, 0, 1, 0, 0, 0, 0, 1, 1, 0, 0, 0, 0, 0, 1, 1, 0, 1, 0, 0, 0, 1, 1, 1, 1, 1, 0, 1, 0, 1, 1, 0, 0, 0, 0, 1, 0, 0, 0, 0, 1, 1, 1, 0, 0, 1, 0, 0, 1, 0, 1, 0, 0, 1, 1, 0, 1, 0, 1, 1, 1, 0, 1, 0, 0, 1, 0, 0, 0, 1, 0, 0, 0, 0, 0, 0, 0, 0, 1, 0, 1, 1, 0, 0, 1, 1, 0, 1, 1, 1, 0, 1, 0, 0, 1, 0, 1, 1, 1, 0, 0, 1, 0, 0, 0, 0, 1, 1, 0, 0, 1, 0, 0, 0, 1, 0, 0, 1, 1, 0, 1, 0, 1, 1, 1, 0, 1, 1, 1, 0, 1, 0, 1, 1, 1, 1, 1, 1, 0, 0, 1, 1, 1, 0, 1, 0, 1, 1, 0, 1, 0, 1, 0, 1, 0, 1, 0, 1, 1, 1, 1, 1, 0, 0, 0, 1, 0, 1, 0, 1, 1, 1, 0, 1, 1, 1, 0, 1, 0, 0, 0, 0, 1, 0, 1, 0, 1, 1, 0, 1, 0, 1, 1, 0, 1, 0, 0, 0, 1, 0, 1, 1, 0, 1, 0, 0, 0, 1, 0, 1, 1, 1, 1, 0, 0, 0, 1, 1, 1, 1, 0, 0, 0, 0, 1, 1, 0, 1, 0, 1, 1, 0, 0, 0, 0, 0, 0, 0, 0, 1, 1, 0, 1, 0, 1, 1, 1, 0, 0, 0, 0, 1, 1, 0, 0, 1, 0, 0, 0, 0, 1, 0, 0, 1, 0, 1, 1, 0, 1, 0, 0, 0, 1, 0, 0, 1, 0, 1, 0, 0, 0, 1, 1, 0, 1, 0, 0, 0, 1, 0, 0, 1, 0, 1, 1, 0, 0, 0, 1, 1, 0, 0, 1, 1, 0, 1, 1, 0, 0, 1, 0, 1, 1, 0, 0, 0, 1, 1, 0, 1, 1, 1, 0, 0, 1, 1, 0, 0, 0, 0, 1, 0, 1, 1, 0, 1, 1, 1, 0, 1, 1, 0, 1, 1, 1, 0, 0, 1, 0, 1, 1, 1, 0, 1, 1, 1, 1, 0, 0, 0, 0, 0, 1, 1, 0, 0, 1, 0, 0, 0, 0, 1, 1, 1, 1, 1, 1, 0, 0, 0, 1, 1, 1, 1, 0, 1, 0, 1, 0, 1, 0, 1, 0, 0, 1, 1, 0, 1, 1, 1, 0, 0, 1, 0, 0, 1, 1, 1, 1, 1, 0, 0, 0, 1, 0, 1, 0, 0, 0, 0, 0, 1, 1, 0, 1, 0, 1, 1, 1, 0, 0, 0, 1, 1, 0, 0, 0, 1, 1, 1, 1, 1, 0, 0, 0, 1, 1, 1, 0, 1, 1, 1, 0, 1, 1, 1, 1, 1, 1, 1, 0, 1, 1, 0, 1, 1, 1, 0, 0, 1, 1, 1, 0, 0, 0, 0, 1, 0, 1, 0, 1, 1, 1, 1, 0, 1, 1, 1, 1, 1, 1, 1, 1, 1, 1, 1, 0, 0, 0, 0, 1, 0, 0, 0, 1, 1, 0, 0, 0, 1, 1, 1, 0, 0, 1, 0, 1, 0, 1, 1, 0, 0, 1, 0, 0, 0, 0, 1, 0, 1, 1, 0, 0, 1, 0, 0, 1, 0, 1, 1, 0, 1, 1, 0, 1, 0, 1, 1, 0, 1, 1, 1, 1, 0, 0, 1, 1, 0, 1, 0, 0, 1, 1, 0, 1, 1, 0, 0, 1, 0, 1, 0, 1, 0, 0, 1, 0, 1, 1, 1, 1, 1, 1, 1, 1, 1, 1, 0, 1, 0, 1, 1, 0, 1, 1, 0, 0, 0, 0, 0, 0, 1, 0, 0, 0, 1, 0, 0, 1, 0, 0, 1, 1, 0, 1, 1, 0, 0, 1, 0, 1, 1, 1, 0, 1, 1, 0, 1, 0, 1, 1, 1, 1, 0, 1, 1, 0, 0, 1, 1, 1, 1, 0, 0, 1, 0, 1, 1, 1, 0, 0, 0, 0, 0, 1, 1, 0, 1, 1, 0, 0, 1, 1, 0, 1, 1, 0, 0, 0, 1, 0, 0, 0, 0, 0, 1, 0, 0, 0, 0, 0, 0, 1, 0, 0, 0, 1, 1, 0, 0, 0, 1, 0, 0, 1, 0, 1, 1, 1, 1, 0, 1, 0, 1, 0, 0, 0, 0, 0, 1, 0, 0, 0, 1, 1, 0, 0, 1, 0, 0, 0, 0, 0, 0, 0, 1, 0, 1, 0, 0, 1, 0, 0, 1, 0, 1, 1, 0, 1, 1, 0, 1, 0, 0, 0, 1, 0, 0, 0, 0, 1, 1, 1, 1, 0, 1, 1, 0, 0, 0, 0, 0, 1, 0, 0, 1, 1, 1, 0, 0, 1, 0, 1, 0, 1, 1, 0, 1, 1, 0, 1, 0, 1, 1, 1, 1, 1, 1, 0, 0, 0, 0, 0, 1, 0, 0, 0, 0, 1, 0, 0, 0, 1, 1, 1, 1, 1, 0, 0, 1, 0, 0, 0, 0, 0, 0, 0, 1, 1, 1, 1, 1, 0, 1, 1, 0, 1, 0, 0, 0, 0, 1, 1, 1, 1, 1, 0, 0, 1, 1, 0, 0, 1, 0, 0, 0, 1, 0, 1, 0, 1, 0, 0, 1, 0, 1, 0, 0, 1, 0, 0, 0, 0, 1, 1, 0, 1, 0, 1, 1, 1, 0, 1, 1, 0, 0, 0, 1, 0, 0, 0, 1, 1, 0, 1, 0, 0, 1, 1, 1, 0, 1, 0, 0, 0, 1, 0, 0, 0, 1, 0, 1, 1, 1, 0, 0, 0, 1, 0, 0, 1, 0, 1, 0, 0, 0, 0, 1, 1, 1, 0, 1, 1, 0, 0, 1, 0, 0, 1, 0, 1, 0, 1, 0, 1, 0, 0, 0, 0, 0, 0, 0, 0, 0, 1, 0, 1, 0, 1, 1, 0, 0, 0, 1, 0, 1, 1, 1, 1, 0, 0, 0, 1, 0, 0, 0, 0, 0, 0, 0, 0, 0, 1, 0, 0, 1, 1, 1, 1, 0, 0, 0, 0, 1, 0, 0, 1, 1, 0, 1, 1, 1, 0, 1, 0, 0, 1, 1, 0, 0, 1, 0, 1, 1, 1, 1, 0, 1, 1, 1, 1, 1, 0, 0, 1, 1, 0, 1, 1, 0, 0, 0, 1, 0, 0, 1, 0, 0, 1, 1, 1, 0, 1, 1, 1, 1, 0, 0, 1, 0, 1, 0, 0, 1, 1, 0, 1, 1, 0, 0, 1, 1, 1, 0, 1, 1, 1, 1, 1, 0, 1, 1, 0, 0, 0, 0, 1, 0, 1, 0, 0, 1, 0, 0, 0, 0, 1, 1, 0, 0, 0, 0, 1, 0, 1, 1, 0, 0, 0, 0, 0, 1, 1, 0, 0, 0, 0, 0, 0, 0, 0, 0, 0, 1, 0, 0, 1, 1, 1, 1, 1, 1, 1, 0, 0, 0, 0, 1, 0, 1, 0, 1, 1, 0, 0, 0, 0, 1, 0, 1, 0, 0, 0, 1, 1, 0, 1, 0, 0, 1, 1, 1, 1, 1, 1, 0, 0, 1, 0, 1, 0, 0, 1, 0, 1, 0, 1, 0, 0, 1, 1, 0, 1, 0, 0, 1, 1, 1, 0, 1, 0, 1, 0, 0, 0, 1, 1, 0, 1, 0, 1, 1, 1, 0, 0, 0, 0, 0, 1, 0, 0, 1, 0, 0, 0, 0, 0, 1, 0, 1, 1, 1, 0, 0, 0, 1, 1, 0, 1, 1, 1, 1, 0, 1, 1, 1, 0, 1, 1, 1, 1, 1, 0, 0, 0, 0, 0, 0, 1, 1, 1, 0, 1, 1, 1, 0, 1, 0, 1, 0, 1, 0, 1, 1, 0, 0, 0, 1, 0, 1, 1, 0, 1, 1, 1, 0, 1, 1, 0, 0, 0, 0, 0, 0, 0, 0, 0, 1, 1, 1, 0, 1, 0, 1, 0, 0, 0, 1, 0, 0, 0, 0, 0, 0, 0, 1, 1, 0, 0, 0, 1, 1, 1, 1, 1, 1, 0, 1, 1, 0, 1, 1, 0, 0, 1, 1, 0, 1, 1, 0, 1, 1, 1, 1, 0, 1, 1, 0, 1, 0, 1, 0, 1, 0, 1, 1, 1, 0, 1, 0, 1, 0, 1, 1, 0, 1, 1, 0, 0, 0, 1, 1, 0, 1, 1, 1, 1, 1, 1, 0, 1, 0, 0, 0, 0, 0, 0, 1, 0, 0, 0, 1, 0, 1, 0, 1, 0, 0, 1, 0, 1, 0, 0, 1, 0, 1, 1, 0, 1, 1, 0, 0, 0, 0, 1, 0, 1, 0, 1, 0, 1, 0, 0, 1, 0, 0, 1, 0, 1, 0, 1, 0, 1, 0, 0, 0, 1, 0, 1, 1, 1, 0, 1, 0, 0, 0, 1, 0, 1, 0, 0, 0, 0, 1, 0, 0, 0, 1, 1, 0, 1, 1, 0, 0, 0, 0, 1, 1, 1, 1, 0, 0, 1, 0, 1, 1, 0, 1, 1, 0, 1, 0, 1, 0, 0, 0, 0, 1, 0, 1, 1, 0, 0, 1, 1, 0, 0, 0, 1, 0, 0, 0, 1, 0, 1, 0, 1, 0, 1, 0, 1, 0, 1, 0, 1, 0, 0, 1, 1, 1, 1, 1, 1, 0, 0, 0, 0, 0, 1, 1, 0, 0, 0, 1, 0, 0, 1, 1, 1, 0, 0, 0, 0, 0, 0, 1, 0, 0, 1, 0, 0, 0, 1, 0, 1, 1, 1, 0, 0, 1, 1, 0, 0, 0, 1, 1, 1, 0, 0, 0, 0, 0, 1, 0, 1, 0, 1, 1, 0, 1, 1, 0, 1, 1, 0, 0, 0, 1, 0, 1, 0, 0, 0, 1, 0, 1, 1, 1, 1, 0, 0, 0, 1, 0, 1, 1, 0, 1, 1, 0, 0, 0, 0, 1, 1, 0, 0, 1, 1, 0, 1, 0, 0, 0, 0, 0, 0, 0, 1, 0, 0, 1, 0, 0, 0, 0, 0, 0, 0, 1, 0, 0, 0, 0, 0, 0, 0, 1, 1, 1, 1, 1, 0, 0, 1, 1, 1, 0, 1, 0, 0, 1, 0, 1, 1, 1, 0, 0, 0, 0, 1, 0, 0, 0, 1, 1, 0, 1, 0, 1, 0, 1, 0, 1, 0, 1, 0, 1, 0, 1, 1, 1, 0, 1, 1, 1, 1, 1, 0, 0, 0, 1, 0, 1, 0, 1, 1, 0, 0, 0, 0, 1, 1, 0, 1, 1, 1, 0, 0, 1, 1, 0, 0, 0, 1, 0, 1, 0, 1, 0, 1, 0, 0, 1, 1, 1, 0, 0, 0, 1, 1, 0, 1, 1, 0, 0, 1, 1, 1, 0, 1, 0, 1, 0, 1, 0, 0, 0, 1, 0, 1, 0, 0, 1, 1, 1, 0, 0, 0, 1, 0, 0, 1, 0, 0, 1, 1, 1, 0, 1, 1, 0, 1, 1, 0, 1, 0, 1, 0, 1, 0, 0, 0, 1, 0, 0, 0, 1, 0, 1, 1, 0, 1, 0, 1, 0, 0, 0, 1, 1, 1, 1, 1, 0, 1, 1, 1, 1, 1, 0, 1, 1, 0, 1, 0, 0, 1, 1, 1, 1, 1, 1, 1, 1, 1, 1, 1, 0, 0, 1, 1, 1, 1, 1, 1, 0, 1, 1, 0, 0, 0, 0, 0, 0, 0, 0, 0, 1, 0, 0, 0, 1, 1, 0, 1, 1, 1, 0, 1, 1, 0, 1, 0, 0, 0, 1, 1, 1, 0, 0, 1, 1, 1, 0, 1, 1, 0, 0, 1, 0, 0, 0, 0, 1, 1, 1, 1, 1, 1, 1, 0, 1, 1, 0, 0, 1, 0, 0, 0, 0, 0, 0, 0, 0, 1, 0, 1, 1, 1, 1, 0, 1, 1, 0, 1, 1, 1, 1, 0, 1, 1, 0, 0, 1, 1, 0, 1, 0, 1, 0, 1, 0, 0, 0, 0, 0, 1, 1, 1, 0, 0, 0, 0, 0, 0, 0, 0, 0, 1, 1, 1, 1, 1, 0, 1, 0, 0, 0, 0, 0, 1, 0, 0, 1, 1, 0, 0, 0, 1, 0, 1, 1, 1, 1, 1, 0, 0, 1, 0, 1, 1, 0, 1, 0, 0, 0, 0, 0, 1, 1, 1, 0, 1, 1, 1, 1, 1, 1, 1, 0, 1, 0, 0, 1, 0, 1, 1, 1, 0, 1]