#/home/brian/Documents/summer17/Python/VEC/scripts/make_SBM_graphs.py
# GMT Thu Jul 27 21:52:08 2017
# 
0 197 163 101 38 20 86 119 88 191 188 127
1 166 8 43 174 26 59 94
2 64 130 196 170 119 25 186 185 95
3 192 34 101 42 110 48 177 118 74
4 48 104 130 22 38
5 42 139 174 80 177 27
6 66 54 71 12 50 113 82 115 84 182 25 62
7 49 74 107 126 158
8 67 71 76 16 57 191
9 33 194 137 172 45 110 146 116 24
10 128 14 149 124 61 63
11 103 107 172 77 49 82 184 122 31
12 66 103 105 107 14 47 184 115 54 87 24 28 62
13 19 51 50 147 182 89 93 30
14 68 198 70 146 180 164 187 93 30
15 161
16 33 100 199 137 44 158 176 50 180 85 169 91 30
17 64 130 37 194 143 145 19 20 23
18 162 131 37 134 111 19 69
19 128 129 69 167 21 119 152 60 190 127
20 165 41 140 52 120 63 37
21 176 160 60 135
22 128 69 136 23 174 181 119 56 132 187 61 159
23 69 38 167 46 53 25
24 171 76 89 157
25 67 165 137 77 116 89 186 28
26 128 131 36 37 73 173 46 144 61
27 106 93 51 55 59 125 126
28 71 171 182 89 31
29 69 73 88 115 151 152
30 64 43 51
31 43 164 165 169 76 46 112
32 144 122 175
33 80 66 195 100 166 35 179 89 186
34 153 186 77
35 98 165 87 184 91
36 64 97 133 135 170 185
37 163 133 145 111 83 150 154
38 193 199 160 109 111 117 150 127
39 54 99 116 125 78
40 161 173 114 117 120 89 60 159
41 196 151 140 144 117 183 187
42 189 182 184 59 118 158
43 44 113 51 89
44 138 47 82 94
45 66 103 178 184 155 189
46 160 119 108 109 121 93
47 98 78
48 198 71 139 172 57 103
49 161 166 112 53 151 156
50 107 180
51 192 171 164 137 180 94 182 57
52 120 156 69 79
53 129 170 111 150 188
54 195 170 116 124 159
55 131 76 110 176 84 57
56 111 148 152 124 127
57 83 68 75 120 164
58 97 194 163 69 111 114 79
59 64 102 75 125 84 74 94
60 161 163 133 112 121 151 153 154 191
61 133 188 140 79 90 124 190
62 91 126 103
63 65 168 73 141 86 152 153
64 163 136 105 170 148 149 119 156
65 129 134 148 117 87
66 196 166 172 106 80 179 87 125
67 172 113 178 88 93
68 92
69 132 140 114 111 185 188
70 171 164 103 139 122
71 192 80 169 178 155 93
72 128 193 181
73 129 194 131 148 85 154 159 94
74 165 75 141 139 182 150 95
75 99 105 146 83 126 191
76 82 182
77 167 82 179 87
78 139 137 107 112 114 89 125
79 194 132 141 190
80 99 137 103 179 87 184
81 168 151 86 127
82 99 174 186 155 157
83 169 172 174 178 125
84 147 102 115 89
85 100 180 125
86 136 156
87 167 186 125
88 97 160 142 191 159
89 92
90 161 133 167 117 151 156 190 197
91
92 106 107 147 186
93 107 112 118 122
94 165 178 118
95 112 166 167
96 105 155 183
97 144 117 158
98 144 169 165
99 110
100 171 186 157
101 160 107 108 187
102 161 162 139
103 139 165 176
104 194 133 136 143 175
105 157 115 125
106 172
107 192 125 158
108 167 140 146 119
109 161 185
110 192 193 138 177 116 126
111 128 163 148 191
112 130 176 115 122
113 139 189
114 199
115 165 167 181 169 189
116 166 178 147
117 141 168 181 121 156
118 162 165 146
119 163 196 149 151 121 187
120 191 168 187
121 130 196 170 151 157
122 164 179 158 126
123 198 137 189 144 151 125
124 193 131 150
125 176
126 165
127 197 140 141 144 149 150 183 187 181
128 131 173
129 194 175 149
130
131 143 144 154
132 140
133 134 179 158 191
134 150 149
135 193 168 173 148
136 190 185 149 151 152 153 158
137 197 158
138 192 194 141 176 186
139 172 179 189 158
140 143 185 153
141 181 194 172 145
142 161 143 173 153
143 175
144 199 194 156
145 176 149 181
146 171 182 178 180 157
147 165 180 186
148 163 181 150
149 193
150 168 190 183
151 163 156
152 163 167
153 188
154
155 192 164 165 182
156 173
157 178
158 192
159 173 168 183 197
160
161
162 171
163
164 165
165 166
166 172 194 179
167 181 185
168 181 196 179
169 176 193 174
170
171 192
172 178
173 181 185
174 176 179
175
176 177 184 186
177 180
178 198
179 189
180
181
182
183
184 189
185 191
186
187 190
188 194
189
190
191 193
192
193
194
195
196 197
197
198
199
[1, 0, 1, 0, 1, 0, 0, 0, 0, 0, 1, 0, 0, 0, 0, 1, 0, 1, 1, 1, 1, 1, 1, 1, 0, 0, 1, 0, 0, 1, 0, 0, 0, 0, 0, 0, 1, 1, 1, 0, 1, 1, 0, 0, 0, 0, 1, 0, 0, 1, 0, 0, 1, 1, 0, 0, 1, 0, 1, 0, 1, 1, 0, 1, 1, 1, 0, 0, 0, 1, 0, 0, 1, 1, 0, 0, 0, 0, 0, 1, 0, 1, 0, 0, 0, 0, 1, 0, 1, 0, 1, 0, 0, 0, 0, 0, 0, 1, 0, 0, 0, 1, 0, 0, 1, 0, 0, 0, 1, 1, 0, 1, 0, 0, 1, 0, 0, 1, 0, 1, 1, 1, 0, 0, 1, 0, 0, 1, 1, 1, 1, 1, 1, 1, 1, 1, 1, 0, 0, 0, 1, 1, 1, 1, 1, 1, 0, 0, 1, 1, 1, 1, 1, 1, 1, 0, 1, 0, 0, 1, 1, 1, 0, 1, 0, 0, 0, 1, 1, 0, 1, 0, 0, 1, 0, 1, 0, 0, 0, 0, 0, 1, 0, 1, 0, 1, 0, 1, 1, 0, 1, 1, 0, 1, 1, 0, 1, 1, 0, 1]