#/home/brian/Documents/summer17/Python/VEC/scripts/make_SBM_graphs.py
# GMT Thu Jul 27 21:51:54 2017
# 
0 1217 1698 710 1772 591 1488 1873 53 794
1 1160 249 12
2 99
3 1224 23 1916 1591
4 1553 1107
5 553
6
7 306
8 1135
9 105
10 76 126 47
11 696 40 223 1263
12 426 1307 653 33
13
14 920 890 1023 1316 55
15 1664 1863 821 206 1199
16 260
17 196
18 1635 1383 1834 1650 595 248
19 1742
20 1232 1131 582
21 1881 1046 1612 573 1838
22 1281 1930 435 1052
23 952 836 1534 1919
24 946 1092
25 330 447 1967
26 352 1770
27 80 1213
28 873 84 1845
29
30 1305 1914 1085
31 1169 1491 998 577
32 1014
33 124 1650 1782
34 1850 635 404 1501 1382
35 1952 537 1935 799
36 280 1164 895
37 809 1979 693
38 1912 873 466 1069 286
39 713 771 852 1862
40 1955 746 952 1432 1371 1258
41 1826
42 1861
43 419 741 328 779 620 438 312 251 491
44 1240 944
45 96 1560 1569
46 432 313 84 413
47 888 1635 1564
48 1690 85 1917
49 1904 241
50 679
51 1433 1301 77 1166 1495
52 1409 1649 1375
53 184 1810 1643 1509
54 428 1797
55 1381 527
56 744 603 1485 735
57 1089 1666 1649 151
58 849 598 1465
59 136 676 175
60 216 400 1188 836 933
61 1612 266 556 333 1645 1592
62 1100
63 1596 1253
64
65 836 1890 1195 68
66
67 360
68 1796 1764 623
69 1129 1219
70 689 826
71 936 400 531 767
72 961 638
73 138 572 1454
74 170 1764 549 663
75
76 390
77 1555 492 294 902
78 1005 566
79 659 1381 1886
80 644 1735 911 1010 374 892
81 1444 1943
82 1594 175 1863
83 424 1209 573
84 144 625 805
85 1600 744
86 1155 388 1863 1805 301 215 538
87 492
88 472 1984 1052
89 1593 222 1606
90 1329 1682 1887 1378 1045
91 807 948 1973 791
92 409
93 978 1251
94 1844 1213 255
95 1669
96 233 1266 316 1041
97 256 1641 138 1549 1199 1182
98 1972 589
99 1931 698 279
100
101 1264 1986 230 1566
102
103 1010 1374
104 1664 808 1252 247
105 1899 1372 1129
106 1475 197
107 1819 476 1390
108
109 296
110 424 123 1764
111 1057 514 233 554 1648 1240 1337
112 962 393 242 1705 728 1917
113 1294 1366
114 1800 1046 1462 1759
115 640 336 1471
116 673 1770 867 597
117 512 1476 1366 206 1775 950
118
119 1856 1905 859 1582
120 625 1954 1238 631
121 1677
122 408 1336 1658 1099 1124
123 1350 1609 1515 1907 1844
124 1602 1716 170 1863
125 912 307 605
126 1187 393 1102 1171 1673
127 594
128 1699 285 990 1486 535
129 1566
130 1291 629
131
132 1041 795 468 163
133 1636
134 1029
135 1992 1072 203
136 354 859 565 1413
137 1737 1787 1327 1807
138 874 1555
139 1599
140 1165 1471
141 1496 449 844 669
142 280 862 1303
143 1824 397 654
144 1150 1102 1231
145 859 870
146 1961 213 1883 405 487
147 1465 1803 923 1167
148 352 1991 764 1829 383
149 1624 997 1934
150 1319
151 1191 940 1486 1151
152 464 1388 1639
153 818
154 1137 1654
155 753 244 653
156 839
157 411 1620
158 865 287
159 1749 1263
160 669 1494 1677
161
162 808 1592 1810
163 1607
164 552 1540 500
165 200 217
166 1406 854 1255
167 516
168 380 405
169 699 899 423
170 1272 651
171 1283 1277 455
172 625 780
173 1603 534 1630
174 1612 692 1684 773
175 1579 466 1497 540
176 393 909 1079
177 986 525
178 1937 998 1303
179 1489 355 574
180 794 1883 1099 1359
181 808 810
182 1033
183 1407
184 1217 1967 887 1752 446
185 962 935
186 563
187 1402 499
188 812 1310 1839
189 683 348 1926
190 1424 356 751
191 1196 754 1740
192 1639
193 1625 1002 653
194 1017 1627 1187 220 1023
195 1000 281 1107 1494
196 1868 1905
197 964
198 203 1205
199 1922 1468 1621 678 1919
200 640 1618 1239
201 592 1836 1502 1678
202
203
204 1363
205 353 884 478
206 1120 1652 780
207 1048 1203 1051 1077
208 320 1494
209 374 1703
210 232
211 312 666 1643 260
212 596 1335
213 576 771 1805 1981 287
214 1864 562 1596 1966 1847
215 1968 531 1716 659
216 1727
217 1952 524 1260
218 444 1940 350 230
219 1262 247
220 309 1269 963 1733
221
222 779 593 374 351 1919
223 1584 1101 1039
224 1187
225 875 1228 358 1743
226 571 804 774 1759
227 473 1010 1229 1006
228 355
229 752 875 364 1845 885
230 1095
231 1460 1959
232
233 1382
234 420 588 1911
235 690 558
236 1011 1228
237 870
238 1920 1794 1718
239
240 1839 1729 779 1292 1703
241 1882 931 317 943
242 874 1317
243 1133 548 997 661
244 452
245
246 1091 548
247 1460
248 1369 1619 1745
249 1422 1070 881
250 1451 318 1726 1021
251 776 1220 892 1486
252 1331 581 390 1599
253
254
255 1092 1859 1780 1535
256 752 1187 1061 945
257 697 778 1841
258 1961
259 1960
260 1347 620 351
261 696 1227
262 1680 309 639
263 1233 407
264 1671 643 325 1262 383
265 475 1510
266 1320 633 1099 1476
267 794
268 1528 587 1604 1699 478
269 897
270 800 320 738 1163 950
271 1361 527 1029 693 1319
272 304 457 653 1110 1113
273 1076 285
274 736 787
275 407 524 1255
276 544 363 1275
277 1682 1427
278 474 1838 1615
279 1865 778 780 431 547 986
280 1781 479
281 1264
282 340
283 728 1914 476
284 1304 1057 738
285 644 1576 778 983
286 1808 925
287 1856 1905 532
288 655
289 720 857 456 534 1833
290 760 545 1629 1862 837
291 1067 1698 1843
292 657 467 869
293 1536 434 1628 999
294 416
295 672 1555
296
297 1270 934 1359
298 1334 644 1725 1518
299 841 364
300 1817 667
301 579 590
302 394 710
303 1842 1723 578
304 882 1580 1450
305 1528 1568 804 1527
306 1477 1163 941
307 1189
308 1191
309 1970
310 427 1070 1167
311 1481
312 1384 1121 1994
313 929 1028
314
315 1204 1645
316 687 1974 1183
317 664 1437 1281
318 1264 1257 1933
319 402 523 1084
320
321 1668 685
322 1968 789
323 448
324 410
325 1209 612 1597
326 1428 1067 1508 734 1225
327 1080 386 1460
328 1632 1423 1554 1652 729 731
329 1774 1686
330
331 1200 956
332 848
333 1376 1392
334 1948 1381 1294
335 1552 1864 802
336 976 534 670 1815
337 1859 1148 351
338 1827 1962 1067 989 1881
339 1387
340 1595 1451 1391
341 1160 681
342 1288 649 565 1925
343 1916 758
344 693 1286
345 396
346 960 1711 1572 1125 1317
347 827 524
348 1675 1807
349 1649 594 956 860 1358
350 1028
351 1552
352 1492 1579
353 1261
354 1659 1869 1365
355 736 959 1623
356 1224 602
357
358 960 910 377
359 1505 931 1516 1609
360 1729 1243 671
361 561 1122 686 366
362 1528
363 1608 825
364 738 1259 1162 639
365 722
366 1416 1967
367
368 668 1486
369 1235 1301
370
371 1525
372 1265 1425
373 408 1112 829
374 860 1245
375 1600 909
376 643 1701 1671 1518 828 1213
377 1978 706
378 769 1419
379 1455
380 384 499 428 1475
381 1808 1122 1580
382 720 537 1146
383 1184
384
385 1113 1516 1727
386 1528 1409 997 725
387 926
388 425 1474 1029 455
389 741
390 1992 1171 692 1846
391 980
392 1850 1615 1428 703
393 1686 1398 409 1147 1183
394 514 1211 1157
395 1883 1166
396 875 1460 1686 1931
397 929 683 716 1709
398 429 1686
399 431
400 1840 921 1918
401 1413
402 1317
403 692
404 1895 1931 770 983 1019
405 1858 1614 1456 1301 1270 1913
406 1688 945 1168
407 531 1767 1805
408 1425 906 785 1780 1300 1150
409 987
410 715 1579 630 1788 861
411
412 625 1963 647 1393
413 1882 988
414 1922
415 1001 1615 1238 911 1789 1343
416 680 1114 539
417 476 901
418 512 1912 949 1246
419 1653 1158
420 1315 1692 1230 975 540
421 1769 858 1398 1087
422 1705 1710
423 1098 1906 684 1093
424 560 1556 1518 507
425 529 1762 1899 1981
426 1645 1846
427
428 642 1211
429 1058 1846 1430 1141 1142 731
430 1389 1191
431 1030
432 961
433 1735
434 897 681 1437 1013 886 952 1757
435 1055
436
437 1018
438 817 1226
439 912 1841 1407
440 1257 1789 1766
441 1697 1091 1126 1487 1790 606
442 504 861
443 1760 1777 1965
444 1240 607 1878 1615
445 693 798 615
446 1257 831
447 819 1086 926
448 696 713 1546
449 1737 626 1963
450 1542 1750
451 829 1086
452 630
453 487
454 678 1039
455 1820
456 690 1498
457 1017 931
458 1439
459 1472 997 1543 1450 879 1209 634
460 1228 613 710 543
461 1411
462 839
463 682
464 1857 895 1909 1671
465 1978 1702 1950 1695
466 1955 487
467
468 1892 1037 1072 689 1650
469 1699 631
470 627 1427 1933
471 1788
472 1296 1790
473 1200 541 1527
474 1888 905
475 1970
476 1931 772 635 1540
477 1265 817
478 950
479 1896
480 632
481 1729 1587 1382 777
482 673 1518
483 568
484 1466 1005 1358
485 1506 1627 1164
486 675 1333 1694
487 1360 1912
488 1450 1252 1789 1982
489 492 1852
490 1736 782
491 1828 744 782 1586 1790 1759
492 1170 1071 914 794
493 1554 1156 1334 1079
494 1784 1651 1468
495 1360 675 1101
496 903 750 1554 1102 731 1693
497 664
498 1980 1292 1077
499
500 1402 1247 1661 1415
501 1047 847
502 1991
503 1330 1914 1349
504 1346 837 690
505 1273 1215
506 1268 1813
507 1048
508 709 681 917 1053 1022 1791
509 1168 793 1630 711
510 1920 1772 1674 1516 1037 1719 985
511 1968 1146 572 846 1647
512 779 1006
513 1282 1187 1829 1991 911 563 596 1108
514 1242 1045 1269
515 1096 1745 1610 611
516 1544 1656 1287 1765
517 1896 1043
518 1120 963
519
520 1218 742 1967
521 1947
522 1666 651
523 1511 1971 1302 1662
524 768 899 879 531 1938 696
525 991 1510 1086 889
526 1473 1228 991
527
528 1864 1586
529
530 1586 1804
531 1000 1740 904
532 1138
533 1233 1268 1781 807
534 800 580 618 651 1042 1491 855 1817
535 1088 875
536 1522 1084
537 585 1503
538 1959 1837 1714 948 1783 1437
539 1649 1701
540 1520 896 1385
541 887
542 668 1109 1719
543 1475 1259 1617 1978 828 1690 735
544 969 1567
545 1145 1874
546 1974
547 779 1683 655 638
548 668 974 1207
549 1155 1610 1303
550 642 1071
551 1464 1818 1726 1558
552 1349 1735
553
554 1794 611
555
556
557
558 1337 1163
559 1227 1757 831
560 1612
561 1867 1326 1057
562 1169
563 839 968 1330 833 1598
564 1912 1235
565
566 1059 1225 1932 1533 1789
567 936 1295 639
568 1868
569 1180 726
570 1596 1805 1205
571 812
572 1536 1815
573 1989 1263 1561 1049
574 1663
575 1009 1147 1988 1270 1183
576
577 1749 981
578 920 1039 668 1629
579 1035 884 887
580 1648 1647 871
581 1688
582 612 703 1393 1119
583 1365
584 601 914 828
585 1242 1461
586 1520 904 1284
587 1189
588 1411 1773 1646 818 915 1678 1534
589
590 1670
591 1051 1103
592 699
593 1114 719 989 1223
594 1194 1554 1272 1435
595 1062 1739 1422 1655 1180
596 1752 996 1495
597 1267
598 1956
599 1770
600 1304 1987 1093 951
601 625 1988
602 962 1626
603 1865 1642 1683
604 1332 1740 1236
605 805 1478 1671 1032 1461
606 618 1623 1304 890 862
607 1616 1840
608 1606 1615
609 1503
610 1731 1167
611 1897 1742 1233
612 1799 1274 828 1983
613 1568
614 1682 917
615 1387 869
616 1834 1739 1060
617 888 1779
618 746 1890 684
619 1667
620 1852 1130 1278
621 1354
622 1399
623 888 1445 895
624 1624 1353 1562 1293
625 947
626
627
628 1352 1867 1983
629 840 716 717 1479
630 1833
631 665 1520 1678
632 961 1443 900 1711
633 1831
634 1212 1019 1499 1591
635 1673 1859 1950
636 1736 1363 903
637 999 1911
638
639
640 1472 995 1895 1065 1362
641 1354 1998
642 896
643
644 956 1858
645 1856 1149
646 1592
647 1392 1141
648 792 1628 1013
649 1894 1655
650 1249 1651
651 1834
652 1056 832 1338 867 1110
653 1968 963
654 1577 1114 1753
655 1296 1902
656 1705 1298 1005
657
658 977 1437
659 1164 1445
660 1645 1007
661 1015 829 1687
662 712 1712 1935
663
664 1232 1716
665 1182 1702
666 1280 1929 1187
667 994 757 1941 1157
668 1736 844
669
670 1148
671
672 1097 957
673 751
674 1522 1222
675
676 1326
677 1929 1083 1308 1033
678 1818
679 1656 1820
680 1085 902
681 1443 848 795
682 1281
683 1728 993 1486
684 1256 1961 1132
685 1443 1384 1071 1879 889 1882 1150
686 1098 1503
687 1476 719 1189 901
688 1701 1002 1260 1871 786 1302 1338 1148
689 1523
690 1937 1972 1173 1077
691 1184 1052
692 787
693 1266
694 1307 1948
695 1283 1061 1414
696 1987
697 1088 1296 761
698 809 1684 1543
699
700 1300 900
701
702
703
704 1081
705
706 1441 1026 1603 1643 1849
707 1379 1133
708 1707
709 1594 1138
710 1417
711 1220 1884 1649 1817 956
712
713 1256 999 800
714 1960 1726 799
715 1899 843
716 1097 1110
717 947 1543 991 1383
718 1586 1358
719 793 1709 1302
720 1314 1266
721 1925
722 1245 1693
723
724 976 985 859 756 1631
725 1209 1271
726 1555 1197
727 1297 1090 827 1179
728 1462 991 1366 735
729
730 1374 782
731 1956
732 1640 1173
733 1409 1034 1492
734 1926 1647
735 1643 1748
736
737 1473 1827 1399 814 1537
738 1992 1980
739 1446
740 1217 1415
741 1030 1706 1198 949
742 787 1158
743 1892 909
744
745 1663 1383
746 1724 1869
747 1146 1820 1757 1445
748 1848 1537 1385
749 819 1187
750 942
751 1568 901
752 992 1699
753 1840 1851 1515
754 1089
755 1594
756 917 1559
757 1466 1714
758 1127
759 1446
760 949 1558
761
762
763 1920
764 1665 975
765 876 1949
766 1529
767
768 1219 1740 1137 1270 873 798
769 1720 1235 1511
770 1543
771 897 1546 824 1311
772 819 1191
773 1216 1251 776 1424 1183
774
775 1221 1302
776 1873 1774 961
777
778 1488 1671
779 1141 796
780 1747 1525 1567
781 1225 1810
782
783 1094 1661 990
784 1936 1830 1606 1591
785 1931 1653 1596 1917 1470
786 1729
787 1669 1751 1527 1467 860
788 875
789 1830 1646
790 1580
791
792
793 1488 901 811 1296 1265 947
794 1772 1689
795 1461 977
796 999
797 1017
798 1120 997 903 1679 1714 1236 1749 1020
799
800 1386
801 856 1706
802 1366 1349 1838
803 1115
804 1168 1598
805
806 1648 1138 1372
807 1287 1138 1239 1497
808 1884
809 1382 813 926 1158
810 1214 1781
811 1038 1641
812 1632 1262 1518 1883
813 1499 1189 1182 1967
814 976 1413
815 1099 1838
816 1041 1559
817 1604
818 976 1716
819 1984
820 1233 1210 1526
821
822 1808 1258
823 985 1060 1497
824 1291 1903
825 1957 1778 1337 1978 1694
826 1421
827 1401
828 1384 1403
829 1058 1642 1838 1854
830
831 1026 1687
832 1832 1266
833 1005
834 1657 1627 1492
835 1071
836 1894
837
838
839 1225
840 1038
841 1245
842 994 1043 1503
843 1321 1036
844 1069
845 1136 1146 862 1894
846 1025 1717 1702
847
848 1572 1722
849
850 1576 904 1863 916 1519
851 1949
852 1140
853 1512 1279
854
855
856 1448 1022 873
857
858
859 1740
860 1291
861
862 1607
863 1793 949 1401
864
865 1008 1809
866 1753 1866
867 1624
868 872
869 1948 1060
870 1381 1862 1994 921
871 1482 882 1685
872
873 1756 1066 1399
874 1376 1336
875 1705 1366 1816
876 1337 1924 1916
877 1616 1369 1553
878 1787
879 1170 1450 1343
880 1616 1955 1286
881 1840 1607
882 1627 1660
883 1932
884 1051 1924
885 1002
886 1818 1805
887 1187 1694
888 1445 1289 1388 1587 1688
889 959 979
890 1401
891 1915
892 1187 1352 1403 1271
893 1921 1389 1974
894
895 1935 1650 1107
896 1413 1149
897 1081 1674
898 1292
899
900 1416 1614 1686 1177 1498
901 1963 1751
902
903 1998 1939 1341
904 1043 1158 1447 1224 1878 1725
905 945
906 1989
907 1664 1870
908 1776
909 1620
910
911 1954 1452 1967
912 1001 1701 1046
913 1215
914 1666 1045 1119
915 1733 1544 1552 1976 1017
916 1429
917 1750 1935
918 1915
919 960 1377 1968 1367
920 1000 1619 1848 1851
921 1152 1422
922 957 1318
923 1506 1162 1194
924 1280 1056 1141
925 1477 1013 1431
926 1395
927 1603 1971
928 1079
929
930 1249
931 1269
932 1047 1332 1895
933 1078
934 1672 1995 1709 1637
935 1006 1390
936 1536 1224 939 1557
937 1329 1404 1431
938 1858 1964 1397
939
940 1314 956
941
942 1448 1980 1215
943 1005
944 1216 1202
945 1954
946 1257 1372 1223
947 1090 1187 1084
948 1696 1922 1516 1293 1491
949
950 1154 1476 1367 1047
951 1406 1399
952 1953
953 1960 1321
954 1923
955
956 1615 1301 1271
957 1819 1356
958 1843 1436 1014
959
960 1218 1710 979 1588
961 1838
962
963 1163 1365
964 1119
965 1233 1796
966 1655
967 1568 1876 1439
968
969 1522
970 1869 1789 1174 1471
971 1517
972 1562 1708 1790
973 1121
974 977 1937 1326 1583 1009 1391
975 1041
976 1628
977 1777
978
979 1540
980
981
982
983 1241 991
984 1762 1307 1622 998
985 1408 1640
986 1704 1801 1389
987
988 1885
989 1828 1486 1231 1403
990 1930 1005
991 1169 1567
992 1188
993 1936 1403 1005 1470
994 1281
995 1481 1762 1051 1731
996
997 1775
998 1571
999 1644
1000
1001 1244
1002 1216
1003 1036 1997
1004 1189 1079
1005 1054 1438 1455
1006 1031 1475
1007 1948 1570 1735
1008 1116
1009 1965
1010 1845 1766
1011 1104
1012 1368 1668 1476 1766 1316
1013 1448 1742
1014 1805
1015 1761
1016 1662
1017 1451
1018
1019 1438
1020
1021 1777 1819 1453
1022
1023 1976 1678
1024 1840 1755 1399
1025 1112 1252
1026 1456
1027 1446
1028 1368 1741
1029 1455
1030
1031
1032
1033
1034 1962 1251
1035 1681 1220
1036 1745 1668 1345
1037 1635 1477 1062 1927
1038 1668
1039 1872
1040
1041 1249 1970 1203 1784
1042 1060
1043
1044 1506
1045
1046 1290 1722 1695
1047 1932 1253
1048 1863 1517 1198
1049 1683 1333
1050 1739 1487
1051 1682 1497
1052 1958 1776 1341
1053 1507 1445
1054 1288 1364
1055 1331 1254
1056 1394 1317
1057 1249 1832 1788 1945
1058 1184 1169 1639
1059 1713 1171 1638
1060 1192 1783
1061 1251
1062 1064 1924 1599
1063
1064 1136 1074 1180
1065 1360 1697
1066 1516 1956 1557
1067 1593 1868
1068 1385 1309
1069 1232 1757
1070 1512 1163
1071 1425 1977
1072 1864 1594
1073 1900
1074 1539
1075 1328 1117
1076 1648 1629 1461
1077
1078
1079 1668 1169 1717
1080 1425
1081 1258
1082 1516 1230
1083
1084 1344 1639 1556 1399 1466 1790
1085 1875
1086 1409 1988 1301 1142
1087 1287
1088 1335 1841
1089 1467
1090 1750
1091 1517 1895
1092
1093
1094 1753
1095 1922 1371 1823
1096 1739 1812 1742
1097 1450
1098 1381
1099
1100 1890 1747
1101
1102
1103 1273
1104 1254
1105 1264
1106 1726
1107 1992 1609 1934
1108 1191
1109 1913
1110 1262
1111
1112 1565
1113 1732
1114 1124 1993
1115 1298 1476 1310
1116 1126
1117 1809
1118 1992
1119 1700
1120 1976
1121 1914
1122 1831
1123 1288 1342
1124
1125
1126 1726
1127 1856 1250 1475 1947
1128 1386
1129 1648 1505
1130 1308 1917 1966
1131
1132 1861
1133
1134 1764 1783
1135
1136 1696
1137 1868 1490
1138 1315
1139 1212
1140 1404
1141 1821
1142
1143 1919
1144
1145
1146 1548
1147 1930 1634
1148 1504
1149 1882
1150 1888 1217 1533
1151 1257 1267
1152 1453
1153 1979 1453
1154 1235 1245
1155 1370
1156 1612
1157 1691
1158
1159 1893
1160 1885 1573
1161 1774
1162 1438
1163 1423 1315
1164
1165 1180 1426
1166 1604 1653
1167
1168 1221
1169 1638 1446 1425 1908 1497
1170 1366
1171 1279
1172
1173
1174 1616
1175
1176 1868
1177
1178 1305 1455
1179 1669
1180 1365
1181 1622
1182 1394 1541
1183 1735 1206
1184 1914
1185 1377 1580 1806
1186
1187
1188 1681
1189 1508 1423
1190 1891 1787 1413 1895
1191
1192 1890
1193
1194 1302
1195
1196 1537
1197
1198 1464
1199 1428 1758
1200 1357
1201 1716 1932 1742 1881 1575
1202
1203 1924
1204 1663
1205 1861 1646 1232 1494
1206
1207 1514
1208 1482 1251
1209 1461
1210 1621
1211 1773
1212
1213 1395 1964
1214
1215 1832 1618
1216 1800 1568
1217 1664 1642
1218 1504
1219 1656
1220 1685 1462 1433
1221 1234 1845 1662
1222
1223 1790
1224 1976 1306
1225 1291
1226 1296
1227 1447 1732
1228
1229 1652 1446
1230 1997 1530 1303
1231 1666 1871 1853
1232 1911
1233 1249
1234
1235 1382 1430
1236 1377
1237 1384 1753 1873
1238
1239
1240 1971 1982
1241 1260 1740 1345
1242
1243
1244
1245
1246 1833
1247 1338
1248 1263 1559
1249
1250 1890 1493
1251 1743
1252 1754 1479
1253 1889
1254 1354 1879
1255
1256 1764
1257
1258
1259 1664 1839 1375
1260 1646
1261 1470
1262 1963 1837
1263 1680 1365 1526
1264 1736 1755
1265 1686
1266
1267 1341 1280 1703
1268 1782
1269
1270
1271 1759
1272
1273
1274 1738
1275 1730 1442 1766
1276 1353 1434 1373
1277 1997 1631
1278 1638
1279
1280 1366
1281
1282
1283 1408 1644
1284 1680 1457 1948
1285 1321
1286 1332 1544
1287 1924 1650 1526
1288
1289 1975
1290 1604
1291
1292
1293 1448 1674 1926
1294 1996
1295 1576 1530
1296 1888 1577
1297
1298 1769 1400
1299 1974
1300 1829
1301
1302
1303
1304 1823
1305 1506 1597
1306 1809 1313
1307 1348 1447 1610
1308
1309 1644 1618
1310
1311 1488 1644
1312 1416 1615
1313 1808 1909
1314 1419
1315 1880 1866
1316 1565
1317 1929
1318 1753 1606
1319
1320 1470
1321 1409
1322 1880 1506 1516
1323 1764 1679
1324 1441
1325
1326 1981 1791
1327 1586 1378
1328 1896
1329 1675 1894
1330 1792
1331 1777 1411
1332 1808 1685
1333
1334 1785
1335 1352
1336
1337
1338 1368
1339
1340 1628 1949 1837
1341 1353 1407
1342
1343
1344 1556 1532 1748
1345 1516 1413
1346
1347 1579
1348 1955 1755 1903
1349
1350 1923
1351 1927
1352 1577
1353 1624 1445
1354 1710
1355
1356 1450 1455
1357 1617
1358 1613
1359
1360
1361 1471
1362 1570
1363
1364
1365 1889
1366 1518 1780 1397
1367
1368 1555 1692
1369 1536 1381
1370 1680 1904
1371 1548
1372 1378 1887
1373
1374 1759
1375 1598 1743
1376 1507
1377 1675 1586 1625
1378
1379 1824 1845
1380 1402 1714
1381 1997
1382
1383 1824 1702
1384 1665
1385
1386
1387 1907 1531
1388 1754 1430 1865
1389
1390
1391
1392
1393
1394 1434 1846
1395 1983
1396 1901
1397 1800 1789
1398 1827
1399 1916
1400
1401 1836 1918
1402 1957 1543
1403 1874
1404 1787
1405 1898 1717 1623
1406
1407 1930 1902
1408
1409 1475
1410 1977 1828
1411 1833 1718
1412 1888
1413 1626
1414 1803 1702
1415 1700 1908
1416
1417
1418
1419
1420
1421
1422
1423
1424
1425 1591
1426
1427
1428
1429 1528 1531 1447 1487
1430 1504 1676
1431 1890
1432
1433
1434 1478
1435 1990
1436 1683
1437 1594
1438 1763 1962
1439 1852
1440 1779 1621 1607
1441
1442 1672
1443 1683 1523
1444
1445 1783 1791
1446 1489 1852
1447 1862
1448 1887
1449
1450
1451 1724
1452
1453 1534 1551
1454 1872
1455 1930 1679
1456
1457
1458 1800 1658
1459 1871
1460 1983
1461 1925
1462 1908
1463 1931
1464
1465 1815
1466
1467 1983
1468 1563
1469 1781
1470
1471 1538 1681
1472 1904 1900 1887
1473 1560 1917
1474 1515
1475 1540 1489
1476
1477 1578
1478
1479 1532 1499
1480 1793
1481
1482 1701
1483
1484 1528 1499
1485 1705 1995
1486 1508
1487
1488 1873
1489 1602
1490
1491
1492
1493 1851 1746
1494 1835
1495 1592 1540
1496 1560
1497 1921 1622
1498 1796
1499 1857 1999
1500 1816 1989
1501
1502
1503 1642
1504
1505
1506
1507 1537
1508 1874 1586
1509 1845
1510 1914
1511
1512
1513 1826
1514 1956 1615
1515
1516
1517 1526
1518 1591 1693
1519 1712
1520 1587
1521 1807
1522 1866 1932 1885
1523 1611
1524 1551
1525
1526 1771 1583 1949
1527 1624
1528
1529 1874 1892
1530
1531 1744 1856 1551
1532
1533 1652
1534 1953
1535 1870
1536 1834 1745 1925
1537 1887
1538
1539 1550
1540
1541 1672
1542 1721
1543 1775 1849
1544 1584 1894
1545
1546 1732
1547
1548
1549 1826
1550
1551
1552
1553
1554
1555
1556 1640
1557
1558
1559 1797
1560 1863
1561 1879
1562 1596
1563 1924 1647
1564
1565 1753
1566 1787
1567
1568
1569
1570 1852 1642
1571
1572
1573 1969
1574 1640 1825 1878
1575
1576
1577 1864 1624
1578
1579 1942
1580
1581 1722
1582 1920 1691
1583
1584 1628
1585
1586
1587 1936
1588 1729
1589 1868
1590 1746
1591
1592
1593 1661 1870
1594 1893 1817 1907
1595 1736 1945
1596
1597 1858
1598
1599 1705
1600
1601 1721 1924
1602 1668
1603 1782
1604 1810
1605
1606
1607
1608 1954
1609
1610
1611
1612 1801
1613 1896
1614
1615 1669 1844
1616
1617
1618
1619
1620 1770 1980 1975
1621
1622
1623
1624 1669 1871
1625
1626
1627
1628
1629
1630
1631 1788
1632 1641
1633 1986
1634 1964 1685
1635 1749 1654
1636 1759
1637 1638
1638
1639
1640
1641
1642
1643 1710
1644 1833
1645
1646 1933
1647
1648 1650
1649
1650
1651 1861
1652
1653 1978 1729
1654 1768
1655
1656
1657 1899
1658
1659 1822
1660
1661
1662
1663
1664
1665 1701
1666
1667
1668
1669 1950
1670
1671
1672
1673
1674
1675
1676 1965 1743
1677
1678
1679
1680
1681
1682 1858
1683
1684 1990
1685
1686
1687
1688 1843
1689
1690
1691
1692 1746
1693
1694
1695
1696
1697 1890
1698
1699 1754
1700
1701 1880
1702
1703
1704
1705
1706 1899
1707
1708
1709 1772
1710
1711 1977 1879 1799
1712 1844
1713
1714
1715 1871
1716
1717
1718 1952 1771
1719 1944
1720
1721
1722
1723 1752
1724 1997
1725 1951
1726 1973
1727 1899
1728
1729
1730
1731
1732
1733
1734
1735
1736
1737
1738 1799
1739
1740 1918
1741
1742 1830
1743
1744
1745 1768
1746
1747
1748 1952
1749 1992
1750
1751
1752
1753
1754 1786
1755 1948 1826
1756
1757
1758
1759
1760
1761 1963
1762 1882
1763
1764
1765
1766
1767
1768
1769 1858
1770 1951
1771
1772 1866
1773
1774 1898 1824
1775 1786
1776 1984
1777
1778
1779
1780
1781
1782 1913
1783
1784
1785 1986 1892
1786
1787
1788
1789
1790
1791 1927
1792
1793
1794
1795
1796
1797
1798
1799
1800 1804
1801
1802 1974
1803
1804
1805 1892
1806
1807 1899
1808 1922 1969
1809
1810
1811
1812
1813 1938 1879
1814
1815
1816
1817
1818 1851
1819 1891
1820
1821
1822
1823
1824
1825
1826
1827
1828
1829
1830 1876
1831
1832
1833
1834
1835
1836
1837
1838
1839
1840
1841
1842
1843 1965
1844
1845
1846 1929
1847
1848
1849
1850 1985
1851 1931
1852
1853
1854
1855
1856
1857
1858
1859
1860 1897
1861 1868
1862
1863 1882
1864
1865
1866
1867
1868
1869
1870
1871
1872
1873 1954
1874 1988
1875
1876
1877
1878 1944
1879 1954
1880
1881 1913 1901
1882
1883
1884
1885
1886
1887
1888 1966
1889
1890
1891 1893
1892
1893
1894
1895
1896
1897
1898
1899 1905
1900
1901
1902
1903
1904
1905
1906
1907
1908
1909 1913
1910
1911 1933
1912 1922
1913
1914
1915
1916
1917
1918
1919
1920
1921
1922 1968
1923 1976 1948
1924
1925
1926
1927
1928
1929
1930 1963
1931
1932
1933 1979
1934
1935
1936
1937 1943
1938
1939
1940
1941
1942 1978
1943
1944
1945
1946
1947
1948
1949
1950 1991
1951
1952
1953
1954
1955
1956
1957
1958
1959
1960
1961
1962
1963
1964
1965
1966
1967
1968
1969
1970
1971
1972
1973
1974
1975
1976
1977
1978
1979
1980
1981
1982
1983
1984
1985
1986
1987
1988
1989
1990
1991
1992
1993
1994
1995
1996
1997
1998
1999
[0, 1, 0, 1, 1, 1, 0, 1, 0, 1, 0, 1, 1, 0, 1, 0, 0, 1, 1, 1, 0, 0, 0, 1, 0, 0, 0, 0, 0, 0, 0, 1, 1, 1, 0, 1, 1, 1, 1, 1, 1, 1, 1, 0, 1, 1, 0, 0, 0, 1, 1, 0, 0, 0, 1, 1, 0, 0, 1, 1, 1, 0, 0, 0, 1, 1, 1, 0, 1, 1, 1, 1, 0, 1, 1, 0, 0, 0, 0, 1, 0, 1, 1, 0, 0, 0, 1, 0, 0, 0, 1, 1, 0, 0, 0, 0, 1, 0, 1, 0, 0, 1, 0, 0, 0, 1, 0, 0, 1, 1, 1, 1, 0, 1, 0, 1, 0, 0, 1, 1, 0, 1, 0, 1, 1, 0, 0, 0, 0, 1, 0, 1, 1, 0, 1, 1, 1, 1, 0, 1, 1, 1, 1, 0, 0, 1, 1, 0, 0, 1, 1, 0, 0, 1, 1, 1, 0, 1, 1, 1, 1, 0, 0, 1, 0, 1, 1, 1, 0, 1, 1, 1, 0, 0, 0, 1, 0, 0, 1, 0, 0, 0, 0, 1, 0, 0, 0, 0, 0, 1, 0, 1, 0, 1, 1, 1, 1, 0, 1, 1, 1, 1, 0, 1, 1, 0, 0, 1, 1, 0, 1, 0, 0, 1, 0, 1, 1, 1, 1, 0, 1, 0, 0, 1, 0, 0, 0, 0, 0, 0, 1, 1, 1, 1, 1, 1, 0, 1, 1, 1, 0, 1, 0, 0, 1, 1, 1, 0, 1, 1, 1, 0, 0, 1, 0, 0, 0, 0, 1, 1, 0, 1, 1, 1, 0, 0, 0, 0, 0, 1, 1, 1, 1, 1, 0, 1, 0, 1, 0, 0, 1, 1, 1, 0, 1, 0, 1, 1, 0, 1, 1, 0, 0, 1, 0, 0, 1, 0, 0, 0, 1, 1, 1, 1, 1, 0, 1, 0, 0, 1, 1, 0, 0, 0, 1, 0, 0, 1, 1, 0, 1, 0, 1, 1, 1, 0, 0, 0, 0, 0, 0, 0, 0, 0, 1, 0, 1, 0, 0, 1, 1, 1, 1, 1, 1, 0, 0, 1, 1, 0, 1, 0, 0, 0, 1, 0, 1, 0, 0, 1, 0, 1, 1, 0, 0, 0, 0, 1, 1, 0, 0, 0, 0, 0, 0, 0, 0, 0, 0, 0, 0, 1, 1, 0, 0, 1, 0, 0, 1, 1, 0, 1, 0, 0, 1, 0, 0, 0, 0, 0, 1, 1, 0, 0, 0, 0, 0, 1, 0, 0, 1, 1, 0, 0, 1, 0, 0, 0, 1, 0, 1, 0, 0, 1, 0, 1, 1, 1, 1, 0, 0, 0, 0, 0, 1, 0, 0, 1, 0, 0, 0, 1, 1, 1, 1, 1, 0, 0, 1, 1, 1, 0, 1, 1, 1, 1, 1, 1, 0, 0, 0, 1, 0, 0, 0, 0, 1, 1, 1, 1, 1, 1, 0, 0, 0, 1, 0, 0, 0, 1, 0, 0, 0, 1, 0, 0, 0, 1, 0, 0, 1, 0, 0, 0, 1, 1, 0, 0, 1, 0, 0, 1, 0, 0, 1, 0, 1, 0, 1, 0, 1, 1, 0, 0, 1, 1, 1, 1, 1, 0, 0, 0, 0, 0, 1, 0, 0, 1, 0, 1, 0, 1, 1, 1, 1, 0, 1, 1, 1, 0, 1, 0, 1, 0, 0, 0, 1, 0, 1, 1, 1, 1, 0, 1, 1, 0, 0, 1, 1, 1, 0, 1, 0, 0, 0, 1, 0, 1, 1, 1, 1, 0, 1, 0, 0, 0, 1, 1, 1, 1, 1, 0, 0, 1, 0, 1, 1, 0, 1, 1, 1, 1, 1, 0, 0, 1, 0, 0, 1, 0, 1, 0, 1, 0, 1, 0, 1, 1, 0, 1, 1, 1, 0, 0, 1, 1, 1, 1, 1, 0, 0, 0, 1, 1, 0, 0, 1, 1, 0, 0, 1, 0, 0, 0, 0, 0, 1, 1, 0, 1, 1, 1, 1, 0, 0, 1, 0, 0, 1, 1, 1, 1, 0, 1, 0, 0, 0, 1, 1, 1, 0, 0, 0, 0, 1, 0, 0, 1, 1, 1, 0, 0, 0, 0, 1, 1, 1, 0, 1, 1, 0, 1, 0, 0, 1, 0, 1, 0, 0, 1, 1, 0, 0, 1, 1, 0, 1, 0, 0, 1, 0, 0, 1, 0, 1, 1, 0, 0, 1, 1, 0, 0, 0, 1, 1, 1, 0, 0, 0, 0, 1, 1, 0, 0, 1, 0, 1, 1, 0, 0, 0, 0, 1, 0, 1, 0, 0, 1, 1, 0, 0, 1, 0, 0, 0, 0, 1, 1, 1, 0, 0, 0, 0, 1, 1, 1, 1, 1, 1, 1, 1, 0, 1, 1, 0, 1, 1, 1, 1, 0, 0, 1, 0, 0, 0, 0, 0, 0, 0, 0, 0, 0, 0, 0, 0, 0, 0, 0, 0, 1, 1, 1, 1, 0, 0, 1, 0, 1, 1, 1, 1, 1, 0, 0, 0, 0, 1, 1, 0, 0, 0, 0, 0, 0, 1, 0, 1, 0, 1, 0, 1, 1, 1, 1, 1, 0, 0, 1, 0, 0, 1, 0, 1, 0, 0, 0, 1, 1, 0, 0, 0, 0, 1, 1, 1, 1, 0, 1, 0, 1, 1, 1, 1, 1, 1, 1, 1, 1, 0, 1, 0, 1, 1, 1, 1, 1, 1, 0, 1, 1, 1, 0, 1, 1, 0, 0, 1, 1, 1, 0, 1, 1, 0, 1, 1, 0, 1, 0, 0, 0, 1, 1, 0, 1, 1, 1, 1, 1, 1, 1, 0, 0, 0, 1, 1, 0, 0, 0, 0, 0, 0, 0, 0, 1, 0, 1, 1, 1, 1, 1, 1, 1, 0, 0, 0, 1, 0, 0, 0, 0, 1, 1, 1, 1, 0, 0, 1, 1, 0, 1, 0, 1, 1, 0, 1, 0, 0, 0, 1, 1, 0, 1, 1, 1, 1, 0, 0, 0, 0, 0, 0, 0, 0, 1, 0, 1, 1, 0, 1, 0, 1, 0, 0, 0, 1, 0, 1, 1, 1, 0, 1, 0, 1, 0, 1, 1, 0, 0, 0, 0, 0, 0, 1, 0, 1, 1, 0, 0, 1, 1, 1, 0, 0, 1, 0, 0, 0, 0, 1, 0, 0, 0, 0, 1, 1, 0, 0, 1, 1, 0, 1, 1, 1, 1, 1, 0, 0, 0, 0, 1, 1, 0, 1, 0, 0, 1, 1, 1, 0, 1, 1, 1, 1, 1, 0, 1, 0, 1, 1, 0, 1, 1, 0, 1, 0, 0, 0, 1, 0, 0, 1, 0, 1, 0, 1, 1, 1, 0, 1, 1, 1, 0, 1, 0, 1, 1, 1, 1, 1, 0, 0, 1, 1, 0, 0, 0, 0, 1, 0, 0, 1, 1, 0, 1, 0, 1, 1, 0, 1, 0, 1, 1, 0, 1, 0, 1, 1, 1, 0, 1, 0, 0, 0, 1, 0, 0, 1, 1, 1, 0, 1, 0, 1, 1, 0, 0, 1, 1, 1, 1, 0, 0, 1, 0, 1, 0, 1, 1, 1, 0, 1, 0, 0, 1, 0, 0, 1, 0, 0, 1, 0, 0, 1, 1, 0, 1, 0, 1, 0, 1, 1, 0, 0, 1, 1, 1, 0, 1, 0, 0, 0, 0, 0, 1, 1, 0, 1, 0, 0, 1, 1, 1, 0, 0, 0, 1, 1, 0, 1, 0, 1, 0, 1, 0, 0, 1, 1, 1, 1, 0, 0, 1, 0, 1, 0, 1, 0, 1, 0, 0, 1, 1, 0, 0, 0, 1, 0, 0, 0, 1, 0, 0, 1, 0, 1, 0, 0, 1, 0, 0, 1, 0, 1, 1, 0, 0, 1, 0, 0, 1, 1, 1, 1, 0, 0, 0, 1, 0, 1, 1, 1, 0, 0, 1, 0, 1, 1, 0, 1, 0, 1, 0, 0, 1, 1, 0, 1, 0, 1, 1, 0, 0, 1, 0, 0, 0, 0, 1, 0, 1, 0, 1, 0, 1, 1, 1, 1, 1, 1, 0, 0, 0, 0, 1, 1, 1, 0, 1, 0, 1, 0, 0, 0, 1, 1, 0, 1, 1, 0, 1, 0, 1, 0, 1, 0, 1, 0, 0, 0, 1, 0, 1, 1, 1, 0, 1, 1, 1, 1, 1, 0, 1, 1, 0, 1, 0, 0, 1, 0, 0, 1, 0, 1, 0, 0, 1, 1, 0, 1, 0, 1, 1, 0, 0, 0, 0, 0, 0, 0, 0, 1, 1, 0, 1, 0, 1, 0, 0, 0, 1, 1, 1, 1, 0, 0, 0, 0, 1, 1, 0, 0, 1, 0, 0, 0, 1, 1, 1, 0, 0, 0, 1, 0, 0, 0, 0, 1, 0, 0, 1, 0, 1, 0, 0, 1, 0, 1, 0, 1, 0, 0, 1, 0, 1, 0, 0, 0, 0, 0, 0, 1, 1, 1, 0, 0, 0, 1, 1, 0, 1, 0, 1, 0, 0, 0, 0, 0, 1, 0, 0, 1, 0, 0, 0, 1, 1, 0, 1, 1, 0, 0, 1, 0, 1, 1, 0, 0, 1, 0, 0, 0, 1, 0, 0, 1, 1, 0, 0, 1, 1, 0, 1, 1, 0, 1, 0, 0, 1, 0, 0, 0, 0, 0, 1, 0, 0, 0, 1, 0, 0, 1, 1, 0, 1, 1, 0, 1, 1, 1, 0, 0, 0, 1, 1, 0, 1, 0, 1, 0, 0, 0, 1, 1, 1, 1, 1, 1, 1, 0, 1, 1, 1, 1, 0, 1, 0, 1, 0, 0, 1, 1, 1, 0, 0, 1, 0, 1, 1, 1, 1, 0, 0, 1, 0, 1, 0, 1, 1, 1, 0, 1, 1, 0, 1, 0, 0, 0, 1, 1, 1, 1, 0, 0, 1, 0, 0, 1, 0, 0, 1, 0, 1, 0, 1, 1, 1, 1, 0, 1, 0, 1, 0, 1, 1, 1, 0, 0, 0, 0, 0, 1, 0, 0, 0, 1, 1, 0, 0, 0, 1, 0, 1, 0, 0, 0, 1, 0, 1, 0, 1, 1, 0, 0, 1, 0, 0, 1, 0, 1, 1, 0, 1, 1, 0, 0, 1, 1, 0, 1, 1, 0, 1, 0, 1, 0, 1, 0, 0, 0, 0, 1, 0, 0, 0, 1, 0, 1, 1, 1, 0, 1, 1, 0, 0, 1, 1, 1, 1, 0, 1, 0, 0, 0, 0, 0, 0, 0, 0, 0, 0, 1, 0, 0, 0, 1, 1, 0, 1, 1, 1, 1, 1, 1, 0, 0, 0, 0, 0, 0, 0, 0, 1, 1, 0, 0, 0, 1, 1, 0, 0, 0, 0, 0, 0, 0, 0, 1, 1, 0, 0, 0, 0, 0, 0, 1, 0, 1, 0, 1, 1, 1, 1, 0, 0, 1, 0, 1, 1, 0, 0, 0, 1, 1, 1, 0, 0, 1, 1, 0, 1, 1, 0, 1, 0, 1, 1, 1, 0, 0, 1, 1, 0, 0, 0, 0, 1, 1, 1, 1, 0, 1, 0, 1, 0, 1, 1, 0, 1, 0, 0, 0, 1, 0, 1, 0, 0, 0, 1, 0, 1, 0, 1, 1, 1, 1, 1, 0, 1, 1, 0, 0, 1, 0, 0, 1, 0, 1, 1, 1, 0, 0, 0, 1, 0, 0, 1, 1, 1, 1, 1, 0, 0, 1, 1, 1, 1, 0, 1, 1, 1, 1, 0, 1, 1, 0, 1, 1, 0, 0, 0, 1, 1, 1, 1, 1, 1, 1, 1, 0, 0, 1, 0, 0, 0, 0, 0, 0, 0, 1, 0, 0, 1, 0, 0, 0, 1, 1, 0, 0, 0, 1, 1, 1, 1, 0, 0, 1, 0, 1, 1, 0, 0, 1, 0, 0, 0, 1, 1, 1, 0, 1, 1, 1, 0, 0, 1, 1, 1, 0, 1, 1, 1, 1, 1, 1, 1, 1, 1, 0, 1, 0, 1, 0, 1, 1, 1, 1, 1, 0, 1, 0, 1, 1, 1, 0, 1, 1, 0, 1, 1, 1, 1, 1, 1, 1, 1, 1, 1, 0, 0, 0, 0, 1, 1, 1, 1, 0, 1, 1, 1, 1, 1, 0, 1, 1, 1, 0, 0, 1, 1, 0, 0, 1, 1, 0, 1, 1, 0, 0, 1, 1, 1, 0, 0, 0, 0, 0, 0, 1, 1, 1, 0, 1, 1, 1, 0, 1, 0, 0, 1, 1, 1, 1, 0, 0, 0, 1, 1, 0, 0, 0, 0, 1, 0, 1, 0, 1, 1, 1, 0]