0 30 38 53 74 186 
1 4 14 23 56 73 
2 5 28 29 34 39 46 66 75 78 193 195 
3 19 28 30 59 62 66 69 90 
4 10 13 48 60 72 99 103 
5 13 76 
6 32 81 88 155 
7 17 59 72 88 197 
8 14 15 21 39 89 93 
9 44 70 73 84 90 
10 17 18 28 29 39 52 58 66 
11 15 85 
12 14 17 31 62 63 75 81 
13 35 55 93 
14 27 37 42 49 54 63 70 78 88 
15 37 43 50 76 80 109 117 188 
16 42 56 61 68 73 85 87 88 99 128 166 
17 47 49 53 85 95 98 
18 61 81 84 86 194 
19 30 31 32 43 68 
20 21 45 60 75 82 
21 31 37 76 79 
22 86 
23 25 73 153 167 
24 52 53 95 
25 57 64 82 83 150 
26 29 48 81 98 191 
27 37 42 68 83 89 96 160 
28 58 
29 69 79 97 98 
30 38 53 67 75 
31 43 55 60 83 91 
32 82 96 98 
33 60 68 81 169 
34 49 53 78 168 170 
35 54 59 89 153 
36 53 57 
37 48 67 70 72 83 87 164 
38 45 68 
39 63 64 75 86 88 
40 57 60 74 82 92 101 
41 63 79 91 99 
42 49 59 61 65 72 82 
43 64 75 101 154 
44 65 74 
45 46 63 69 74 75 
46 49 58 65 68 87 170 
47 73 93 
48 55 65 73 74 
49 72 84 93 
50 134 176 195 
51 53 79 82 88 
52 101 
53 68 69 
54 65 71 76 85 191 
55 67 80 99 
56 61 69 71 72 79 170 
57 64 67 
58 62 182 
59 67 129 
60 185 
61 62 64 80 96 180 
62 77 94 
63 78 93 160 
64 86 87 
65 68 69 70 79 96 
66 68 77 87 138 
67 97 
68 73 97 
69 73 79 84 163 
70 80 
71 85 86 
72 96 
73 95 185 188 
74 79 177 
75 87 
76 
77 80 85 92 170 
78 95 
79 90 106 
80 159 168 185 
81 
82 
83 88 
84 92 114 
85 86 99 
86 93 
87 92 
88 
89 97 99 172 
90 125 
91 98 172 
92 149 
93 185 
94 95 
95 98 
96 
97 134 
98 99 106 182 192 
99 136 137 149 
100 101 124 182 
101 110 148 154 163 185 
102 105 133 158 194 
103 125 169 
104 119 125 133 136 151 164 
105 120 137 149 160 161 176 
106 167 169 180 
107 117 123 171 
108 123 138 140 141 159 161 
109 116 141 142 148 158 164 176 179 182 
110 112 113 127 129 140 159 164 195 
111 126 141 165 178 185 197 
112 134 148 155 176 193 195 198 
113 124 131 148 177 192 
114 116 153 155 171 177 182 
115 125 150 175 181 183 
116 125 126 160 162 168 186 197 
117 132 156 176 
118 123 124 136 149 162 177 
119 127 131 
120 126 127 153 165 167 174 195 199 
121 136 139 150 167 194 
122 
123 148 149 174 175 176 178 194 195 198 
124 128 175 180 183 192 198 
125 128 135 140 143 149 173 
126 137 145 147 168 182 
127 138 147 162 176 191 
128 136 152 161 167 198 
129 139 164 182 196 
130 186 
131 152 168 171 179 
132 150 154 175 185 189 
133 156 
134 139 140 168 181 183 195 
135 183 196 
136 151 167 172 193 196 
137 138 152 172 176 182 183 186 196 
138 152 181 
139 143 160 173 180 182 195 
140 150 165 189 190 
141 145 161 164 
142 158 165 
143 151 175 192 194 
144 
145 160 185 
146 147 167 183 194 
147 148 171 175 176 
148 159 191 
149 163 171 174 
150 170 
151 157 160 173 
152 163 173 177 190 
153 155 170 177 
154 166 168 
155 182 197 198 199 
156 168 184 191 
157 163 197 
158 172 196 198 199 
159 173 177 187 
160 173 176 187 188 191 193 
161 176 
162 
163 194 
164 170 183 198 
165 181 194 
166 175 197 198 
167 
168 
169 
170 174 
171 194 
172 192 
173 178 
174 
175 
176 177 186 195 
177 191 
178 179 
179 183 195 199 
180 
181 190 194 
182 197 
183 187 
184 186 192 193 
185 
186 190 197 
187 
188 
189 
190 
191 195 197 
192 
193 
194 
195 
196 
197 
198 
199 
[0, 0, 0, 0, 0, 0, 0, 0, 0, 0, 0, 0, 0, 0, 0, 0, 0, 0, 0, 0, 0, 0, 0, 0, 0, 0, 0, 0, 0, 0, 0, 0, 0, 0, 0, 0, 0, 0, 0, 0, 0, 0, 0, 0, 0, 0, 0, 0, 0, 0, 0, 0, 0, 0, 0, 0, 0, 0, 0, 0, 0, 0, 0, 0, 0, 0, 0, 0, 0, 0, 0, 0, 0, 0, 0, 0, 0, 0, 0, 0, 0, 0, 0, 0, 0, 0, 0, 0, 0, 0, 0, 0, 0, 0, 0, 0, 0, 0, 0, 0, 1, 1, 1, 1, 1, 1, 1, 1, 1, 1, 1, 1, 1, 1, 1, 1, 1, 1, 1, 1, 1, 1, 1, 1, 1, 1, 1, 1, 1, 1, 1, 1, 1, 1, 1, 1, 1, 1, 1, 1, 1, 1, 1, 1, 1, 1, 1, 1, 1, 1, 1, 1, 1, 1, 1, 1, 1, 1, 1, 1, 1, 1, 1, 1, 1, 1, 1, 1, 1, 1, 1, 1, 1, 1, 1, 1, 1, 1, 1, 1, 1, 1, 1, 1, 1, 1, 1, 1, 1, 1, 1, 1, 1, 1, 1, 1, 1, 1, 1, 1]