0 36 52 
1 22 49 57 
2 37 130 
3 46 
4 36 44 
5 7 
6 8 32 38 45 195 
7 13 
8 25 45 
9 30 49 123 
10 36 
11 20 56 157 
12 14 56 
13 55 
14 28 30 
15 
16 31 47 171 
17 35 112 
18 27 65 
19 30 60 
20 34 
21 30 
22 32 145 176 
23 61 188 
24 53 63 
25 
26 40 60 
27 39 44 63 
28 30 64 
29 31 
30 98 
31 
32 42 110 142 
33 174 
34 61 
35 
36 
37 48 161 
38 
39 56 
40 45 
41 62 64 108 
42 43 44 51 
43 58 83 
44 
45 58 65 118 
46 
47 119 
48 143 
49 64 
50 61 129 
51 63 80 
52 64 
53 
54 
55 
56 111 144 
57 
58 63 
59 
60 65 
61 69 176 
62 
63 
64 65 
65 149 
66 100 
67 70 81 110 123 
68 93 101 
69 129 
70 76 
71 104 124 
72 94 98 157 
73 
74 108 123 
75 96 105 120 
76 114 118 119 
77 114 116 126 
78 112 
79 91 104 130 
80 100 101 
81 180 
82 104 139 
83 130 
84 103 168 
85 178 
86 106 127 
87 167 
88 120 128 
89 111 125 
90 
91 102 
92 95 102 106 131 146 
93 103 
94 
95 
96 107 
97 
98 116 
99 106 
100 
101 112 115 
102 112 127 
103 105 129 
104 122 
105 160 173 
106 112 
107 116 118 
108 143 
109 112 
110 
111 131 159 
112 
113 114 
114 
115 117 130 
116 
117 
118 124 
119 177 
120 127 
121 
122 
123 
124 
125 
126 
127 
128 131 
129 
130 164 
131 
132 136 172 173 180 
133 186 
134 
135 155 173 
136 172 
137 187 
138 164 181 
139 183 188 
140 145 164 187 
141 167 168 196 
142 152 188 
143 174 
144 149 175 182 
145 151 181 197 
146 171 189 
147 167 
148 163 
149 161 195 
150 185 
151 182 
152 157 160 189 
153 162 
154 
155 163 
156 189 
157 
158 
159 
160 
161 188 
162 185 
163 191 
164 168 
165 168 
166 
167 180 
168 195 
169 
170 
171 191 
172 189 
173 176 191 
174 184 197 
175 186 192 197 
176 189 
177 189 
178 
179 
180 183 186 193 
181 
182 
183 192 
184 191 
185 191 
186 
187 194 
188 
189 197 
190 
191 
192 
193 
194 
195 
196 
197 
[0, 0, 0, 0, 0, 0, 0, 0, 0, 0, 0, 0, 0, 0, 0, 0, 0, 0, 0, 0, 0, 0, 0, 0, 0, 0, 0, 0, 0, 0, 0, 0, 0, 0, 0, 0, 0, 0, 0, 0, 0, 0, 0, 0, 0, 0, 0, 0, 0, 0, 0, 0, 0, 0, 0, 0, 0, 0, 0, 0, 0, 0, 0, 0, 0, 0, 1, 1, 1, 1, 1, 1, 1, 1, 1, 1, 1, 1, 1, 1, 1, 1, 1, 1, 1, 1, 1, 1, 1, 1, 1, 1, 1, 1, 1, 1, 1, 1, 1, 1, 1, 1, 1, 1, 1, 1, 1, 1, 1, 1, 1, 1, 1, 1, 1, 1, 1, 1, 1, 1, 1, 1, 1, 1, 1, 1, 1, 1, 1, 1, 1, 1, 2, 2, 2, 2, 2, 2, 2, 2, 2, 2, 2, 2, 2, 2, 2, 2, 2, 2, 2, 2, 2, 2, 2, 2, 2, 2, 2, 2, 2, 2, 2, 2, 2, 2, 2, 2, 2, 2, 2, 2, 2, 2, 2, 2, 2, 2, 2, 2, 2, 2, 2, 2, 2, 2, 2, 2, 2, 2, 2, 2, 2, 2, 2, 2, 2, 2]