0 32 66 73 166 
1 55 56 62 79 
2 30 45 82 85 96 117 194 
3 10 14 26 82 92 98 99 
4 8 16 22 38 46 193 
5 
6 15 27 50 
7 15 21 24 
8 65 71 73 78 
9 28 49 92 
10 13 35 59 74 188 
11 30 34 44 152 
12 14 38 55 67 74 
13 17 29 92 
14 53 68 79 85 
15 20 68 
16 18 44 48 69 98 99 183 
17 49 56 67 76 
18 64 
19 27 42 93 99 
20 42 
21 39 62 71 162 191 
22 42 75 
23 60 
24 26 31 53 92 
25 46 65 69 70 
26 97 99 
27 54 88 
28 73 91 118 126 
29 98 
30 41 64 66 85 86 95 112 
31 69 75 77 93 147 
32 35 
33 61 63 75 95 
34 61 69 175 
35 78 
36 82 
37 56 86 
38 51 
39 44 
40 96 
41 79 92 
42 53 59 61 91 97 
43 65 70 71 74 81 
44 
45 55 57 73 
46 57 67 70 86 
47 54 61 75 98 
48 67 72 79 87 
49 58 
50 53 
51 97 
52 63 
53 67 92 153 
54 59 142 187 
55 68 71 85 
56 99 
57 88 
58 133 149 
59 87 130 
60 68 87 
61 
62 79 
63 94 
64 89 
65 93 94 135 182 
66 86 151 
67 69 72 85 90 182 
68 98 
69 
70 72 
71 86 95 102 
72 198 
73 77 
74 94 131 
75 95 99 
76 175 
77 82 96 98 104 
78 
79 80 81 
80 97 98 195 
81 87 90 99 
82 
83 88 131 
84 93 
85 90 145 
86 
87 110 
88 91 95 
89 
90 160 
91 113 
92 146 
93 179 188 
94 
95 98 
96 
97 167 
98 165 
99 
100 115 131 143 155 187 191 194 
101 150 170 185 
102 
103 149 177 180 182 
104 124 184 
105 139 
106 110 132 169 
107 127 153 155 192 
108 148 161 169 186 191 192 
109 137 199 
110 134 159 164 
111 114 135 191 
112 128 137 141 143 192 197 
113 115 120 153 199 
114 129 135 188 193 
115 126 176 179 180 195 
116 117 141 150 151 192 
117 164 192 193 
118 121 129 178 
119 137 139 181 190 
120 124 128 139 
121 159 169 
122 125 143 195 
123 154 170 190 
124 151 166 
125 147 190 
126 189 
127 138 149 175 
128 176 193 199 
129 131 145 172 182 185 
130 136 157 160 170 
131 
132 143 
133 138 157 191 192 
134 170 177 180 
135 140 143 190 197 
136 180 
137 
138 147 148 173 199 
139 163 191 194 198 
140 153 167 177 
141 144 177 
142 153 
143 150 185 
144 149 184 187 199 
145 153 164 165 170 177 179 198 
146 168 180 
147 158 160 186 
148 
149 
150 161 170 
151 184 
152 172 175 190 
153 154 165 168 188 197 
154 158 185 
155 181 
156 166 189 191 
157 159 166 
158 160 169 180 198 
159 199 
160 179 185 191 
161 163 
162 171 
163 177 
164 
165 167 182 
166 185 194 
167 188 
168 176 194 198 
169 180 
170 
171 183 
172 
173 175 
174 184 198 
175 180 182 
176 199 
177 
178 191 
179 191 192 
180 194 
181 195 
182 
183 
184 
185 
186 
187 
188 
189 
190 195 
191 199 
192 
193 
194 
195 
196 
197 
198 
199 
[0, 0, 0, 0, 0, 0, 0, 0, 0, 0, 0, 0, 0, 0, 0, 0, 0, 0, 0, 0, 0, 0, 0, 0, 0, 0, 0, 0, 0, 0, 0, 0, 0, 0, 0, 0, 0, 0, 0, 0, 0, 0, 0, 0, 0, 0, 0, 0, 0, 0, 0, 0, 0, 0, 0, 0, 0, 0, 0, 0, 0, 0, 0, 0, 0, 0, 0, 0, 0, 0, 0, 0, 0, 0, 0, 0, 0, 0, 0, 0, 0, 0, 0, 0, 0, 0, 0, 0, 0, 0, 0, 0, 0, 0, 0, 0, 0, 0, 0, 0, 1, 1, 1, 1, 1, 1, 1, 1, 1, 1, 1, 1, 1, 1, 1, 1, 1, 1, 1, 1, 1, 1, 1, 1, 1, 1, 1, 1, 1, 1, 1, 1, 1, 1, 1, 1, 1, 1, 1, 1, 1, 1, 1, 1, 1, 1, 1, 1, 1, 1, 1, 1, 1, 1, 1, 1, 1, 1, 1, 1, 1, 1, 1, 1, 1, 1, 1, 1, 1, 1, 1, 1, 1, 1, 1, 1, 1, 1, 1, 1, 1, 1, 1, 1, 1, 1, 1, 1, 1, 1, 1, 1, 1, 1, 1, 1, 1, 1, 1, 1]