0 43 177 190 203 205 211 271 461 501 539 587 658 740 801 899 910 932 1741 
1 15 49 189 228 330 366 400 422 497 586 681 687 702 744 1807 
2 145 181 307 407 534 641 660 814 920 989 1782 
3 12 91 132 430 707 784 812 1394 
4 19 69 348 420 552 594 784 801 969 1222 
5 51 152 581 694 880 
6 164 170 198 459 473 478 532 537 628 733 756 902 1053 1365 1671 
7 122 133 240 377 379 491 784 824 832 882 956 1853 1921 
8 87 147 195 281 321 322 339 350 485 491 516 545 734 808 879 
9 115 372 516 557 563 757 788 798 834 862 1025 1079 
10 326 334 382 443 446 528 531 561 788 829 1891 
11 74 206 296 425 449 474 640 686 797 846 873 883 
12 14 220 222 264 294 299 455 472 544 915 933 994 
13 55 104 135 165 285 295 373 388 390 392 453 633 666 707 824 1337 1408 
14 62 106 234 274 368 468 561 823 971 
15 67 342 481 488 550 611 624 670 
16 28 106 143 322 350 548 567 713 842 872 911 963 981 1422 1522 1536 
17 132 143 251 253 430 472 511 594 796 882 894 928 942 
18 32 139 166 193 209 377 452 603 742 844 958 1205 1887 
19 427 451 628 662 771 830 844 922 1318 
20 224 228 300 484 554 607 686 873 
21 253 472 697 754 755 791 861 1497 
22 23 33 35 113 201 346 349 356 475 483 539 568 600 678 687 776 868 940 1315 1360 
23 157 220 264 269 344 604 783 786 823 920 990 1175 1177 1382 
24 69 136 236 263 389 543 550 670 824 889 893 1097 
25 339 365 437 553 667 787 907 955 984 1982 
26 173 222 246 531 565 591 632 675 689 1324 1694 
27 379 512 659 713 859 865 897 1163 1627 
28 76 170 257 572 632 869 947 970 994 
29 31 53 342 343 353 427 847 872 892 941 968 
30 35 121 158 209 213 278 323 491 685 708 725 734 846 994 1270 
31 266 458 473 476 524 661 690 705 822 897 928 929 
32 124 238 402 439 479 557 662 684 772 830 1310 
33 121 275 287 445 592 732 850 1841 
34 162 601 778 780 1945 
35 82 180 375 444 752 1781 
36 386 393 438 472 530 571 718 730 748 752 789 798 806 870 1633 
37 78 232 316 440 499 592 618 650 755 786 799 859 980 1934 
38 56 68 130 239 251 320 429 725 752 1084 1740 
39 125 203 408 429 682 765 782 943 980 996 1191 
40 401 446 509 557 1531 
41 124 130 140 154 205 243 587 638 648 778 788 813 861 920 
42 44 61 98 123 338 396 573 713 808 1309 1552 1947 
43 113 154 289 298 301 353 406 453 541 542 650 736 817 853 933 939 1405 
44 98 152 247 251 265 405 499 519 524 663 920 
45 115 206 382 494 560 647 797 1207 
46 116 348 406 496 615 700 767 782 870 874 917 987 1305 1724 1916 
47 93 401 498 513 538 607 658 752 1648 
48 258 303 341 470 595 943 956 1256 
49 191 229 272 429 529 550 574 597 632 694 838 928 
50 154 282 350 354 493 615 893 1372 
51 89 516 763 1172 
52 106 124 400 412 463 479 638 667 743 813 835 918 920 
53 115 169 276 307 345 420 452 492 499 509 571 580 671 789 917 998 
54 163 165 249 282 363 627 720 750 937 1917 1972 
55 251 436 449 452 899 
56 153 251 315 363 503 660 763 1201 1977 
57 254 258 291 548 596 891 1337 1529 
58 64 210 243 382 431 478 518 750 1992 
59 73 92 111 133 213 247 460 646 679 927 1245 1537 1609 1857 
60 543 747 862 883 919 958 967 
61 124 131 253 590 632 962 
62 99 205 481 488 559 587 639 775 836 910 995 
63 91 150 267 334 419 422 485 622 815 949 977 993 
64 90 289 330 549 610 837 
65 482 574 590 930 972 
66 95 152 175 303 470 772 794 1012 
67 398 428 574 680 697 878 1087 
68 132 238 259 405 422 553 631 735 756 764 766 1865 
69 88 93 96 103 357 520 541 588 598 608 610 665 
70 304 343 396 448 478 505 664 936 944 1203 1937 
71 81 89 215 678 683 710 729 797 917 944 956 980 
72 106 266 281 468 510 596 670 
73 160 309 866 899 955 985 
74 89 209 375 547 584 707 770 863 926 1538 
75 129 189 263 369 504 543 625 988 995 
76 184 430 435 779 866 894 
77 243 470 539 786 880 927 930 
78 173 180 220 420 819 870 888 925 957 
79 119 163 252 388 402 452 526 545 727 777 868 
80 174 238 282 330 370 371 467 486 599 800 917 
81 124 132 156 166 284 379 468 485 524 531 565 693 803 824 1555 
82 130 573 684 704 725 754 867 934 1920 
83 214 366 377 389 803 939 
84 111 360 455 530 674 751 774 1581 1717 1864 
85 204 378 714 738 
86 151 339 369 465 477 520 558 585 852 913 1833 
87 127 135 141 268 303 690 753 755 
88 197 298 500 629 851 959 985 1508 1993 
89 224 282 301 461 535 648 721 749 796 879 950 997 1294 1509 
90 196 314 333 479 519 596 801 841 
91 399 521 557 626 682 745 753 782 1609 
92 150 184 258 288 339 487 687 811 934 988 
93 232 344 420 759 840 1384 1559 
94 309 373 393 511 584 609 629 825 930 
95 482 575 663 703 964 993 1208 
96 312 360 377 383 557 579 604 625 687 895 939 1152 1457 
97 210 329 345 363 530 608 712 801 
98 145 259 344 363 418 623 820 920 922 950 1396 1775 
99 116 187 253 318 454 697 734 736 796 901 959 
100 188 248 377 696 708 710 728 830 881 937 989 
101 111 130 253 310 423 492 529 714 760 905 921 970 1298 
102 126 214 302 318 444 534 669 889 898 943 1069 
103 115 333 754 766 797 800 949 
104 139 205 251 261 315 353 356 432 633 635 716 904 
105 180 192 265 344 384 389 574 680 691 800 893 947 948 
106 136 171 173 522 539 628 644 707 815 850 925 
107 160 185 524 633 722 757 768 816 832 884 1268 1628 
108 191 536 561 608 732 775 862 870 943 1478 1485 
109 203 362 450 520 844 865 909 978 1119 1287 
110 184 422 775 819 908 961 981 
111 260 290 713 845 894 1111 1245 
112 189 281 324 554 566 591 661 733 757 820 825 
113 354 363 389 452 591 
114 219 331 413 533 557 715 1528 
115 196 207 431 435 542 641 791 952 979 1886 
116 144 148 175 478 513 601 689 815 
117 189 290 357 462 580 680 769 831 1085 1359 
118 235 246 296 421 505 932 934 940 1526 
119 276 326 356 423 433 527 531 546 819 881 889 
120 154 227 236 557 639 735 754 797 852 938 974 1308 
121 220 289 293 334 470 580 630 651 684 951 1508 1678 1978 
122 314 423 853 888 895 
123 168 233 353 401 467 517 568 685 777 899 907 935 963 1104 1690 
124 177 296 422 446 732 789 931 1571 
125 144 164 590 615 616 638 867 962 
126 366 452 482 521 729 751 892 1499 1676 
127 156 330 511 521 590 681 711 948 1291 1935 
128 242 253 295 385 394 420 479 480 537 903 
129 178 348 634 745 844 896 914 930 985 997 
130 167 242 264 457 561 626 646 807 
131 489 527 570 617 623 651 921 939 1006 1608 
132 263 349 384 508 704 744 872 874 
133 335 381 446 710 790 1013 1605 
134 136 220 254 342 369 426 635 700 798 1001 1176 
135 220 427 507 518 594 711 890 894 969 973 1192 
136 196 444 487 502 608 695 858 951 1543 
137 189 362 363 387 487 579 751 755 863 898 
138 258 266 288 305 427 480 682 845 854 895 974 1991 
139 183 379 387 564 569 645 806 819 841 1649 
140 250 576 671 798 887 915 935 961 1298 1519 
141 236 371 426 910 930 1379 
142 610 681 686 1028 1457 
143 164 175 354 487 553 614 665 841 964 1911 
144 208 258 266 679 834 883 976 1391 
145 158 168 177 371 409 410 599 612 863 909 
146 186 272 277 305 318 341 506 641 823 927 
147 207 303 362 546 668 714 750 761 774 825 878 897 1874 
148 207 314 316 386 535 540 558 935 
149 208 397 416 621 636 653 
150 182 388 442 491 529 749 1861 
151 172 182 288 397 404 440 446 602 741 843 883 951 980 
152 205 401 432 669 814 883 975 1408 
153 253 283 334 473 550 566 610 916 925 1096 1433 1605 1706 1718 
154 178 186 238 530 822 839 1178 1209 
155 159 230 365 442 497 564 582 644 784 904 
156 243 255 435 489 504 515 628 891 1000 1713 
157 169 234 361 596 617 718 812 870 
158 286 485 710 714 880 935 971 1309 1494 
159 163 218 286 450 479 727 774 801 882 925 943 955 1425 
160 171 499 649 662 813 821 844 893 929 948 964 1313 
161 180 218 433 446 651 714 747 877 894 936 967 1096 
162 208 289 304 321 341 365 394 414 415 425 449 782 818 970 1219 1522 
163 268 297 357 363 759 914 942 1344 1433 
164 188 216 250 523 547 735 816 867 973 1206 
165 324 372 405 441 474 525 604 653 986 996 1426 1666 1796 
166 227 391 460 519 927 952 1884 
167 191 254 602 604 663 736 786 812 814 1354 1641 
168 195 295 324 405 444 546 736 784 822 935 
169 253 416 442 847 911 935 1198 1523 
170 220 247 252 284 341 359 376 559 676 835 919 1912 
171 232 289 379 489 490 557 701 741 816 827 863 1259 
172 261 499 577 591 610 756 778 
173 182 276 293 429 482 509 581 630 835 861 889 1816 
174 202 392 622 808 830 906 946 
175 227 272 472 493 678 764 780 1566 
176 226 695 730 812 874 957 1881 
177 231 240 667 908 936 
178 242 284 287 352 475 706 952 991 
179 199 387 494 495 589 593 653 
180 362 516 535 674 942 958 974 1056 1395 
181 458 636 712 743 843 972 979 1936 
182 341 644 879 1082 
183 259 314 336 421 839 1674 
184 394 428 561 582 694 784 909 1130 1420 
185 754 940 948 980 
186 302 364 556 582 623 779 857 897 909 917 921 935 1745 
187 246 247 281 348 430 507 568 586 640 672 689 855 919 1631 
188 204 239 257 364 393 523 877 988 1374 
189 587 602 644 739 844 866 872 920 935 1115 1511 
190 335 359 708 854 993 1110 1159 1694 
191 295 463 609 652 844 953 955 996 1092 
192 269 385 393 553 556 679 855 
193 309 312 528 571 651 753 870 907 969 1357 
194 245 284 410 545 570 585 667 705 706 708 731 733 775 935 
195 288 316 400 698 711 
196 464 469 720 791 801 909 1032 1428 1949 
197 248 249 308 333 642 740 811 844 851 
198 408 489 496 497 552 606 625 668 679 708 860 1204 1553 
199 239 272 373 398 409 446 507 546 649 922 1591 
200 211 229 326 491 505 541 561 596 872 959 1718 
201 235 284 368 461 545 642 667 742 820 983 988 
202 214 220 551 598 654 775 
203 256 262 654 743 824 1562 1608 1641 
204 271 421 427 542 618 654 689 719 806 819 936 990 1668 
205 453 518 602 747 826 860 978 981 986 
206 212 243 264 399 496 559 639 729 917 
207 291 367 508 566 637 669 730 789 796 1361 1619 
208 243 247 399 480 509 604 853 854 871 1668 
209 315 448 572 817 888 1364 
210 411 737 776 901 1715 
211 230 332 384 683 718 847 912 987 1012 1015 1914 1984 
212 260 410 704 941 1106 
213 295 332 337 338 379 558 645 694 774 1683 
214 352 363 380 438 494 540 566 599 657 673 887 
215 242 345 731 786 934 1510 1706 
216 260 314 381 461 654 768 964 
217 290 351 373 733 743 760 868 972 
218 243 446 475 488 599 644 681 839 973 990 1174 
219 361 715 817 863 1102 
220 245 370 530 644 806 822 833 866 916 956 
221 375 406 514 538 721 872 892 937 966 1232 
222 231 312 1301 1373 1779 
223 313 405 470 491 531 536 800 863 877 1586 
224 402 405 414 429 469 547 879 892 922 1488 1743 1834 
225 567 673 771 784 854 
226 464 554 571 662 716 732 772 
227 551 582 596 760 761 804 863 981 
228 279 378 548 650 771 814 828 970 1671 
229 235 297 483 876 991 1565 1968 
230 235 329 361 520 524 564 602 706 709 841 847 1606 1927 
231 296 316 497 661 907 1095 1756 
232 428 436 519 649 722 739 834 866 977 984 1294 1947 
233 266 313 592 637 906 
234 328 329 397 450 528 720 775 1836 
235 248 563 585 644 648 782 865 939 966 1143 
236 278 457 548 882 896 919 964 1604 
237 386 439 572 626 683 745 758 790 981 992 1079 
238 374 378 411 515 594 604 671 681 683 712 742 878 963 1345 1557 1596 
239 399 463 549 622 630 686 778 824 828 1834 
240 264 379 411 425 448 575 617 681 792 1132 
241 504 506 577 772 932 1962 
242 272 313 314 349 471 500 613 641 771 
243 275 315 435 774 777 791 
244 257 304 370 417 492 548 561 648 729 983 1895 1988 
245 306 496 564 872 885 1218 
246 345 403 455 551 734 807 863 977 1968 
247 257 296 306 397 460 497 528 596 630 719 726 757 837 849 918 925 930 951 1029 1033 1399 
248 294 608 680 726 728 898 1483 
249 654 655 703 749 814 852 888 1047 
250 282 433 507 538 898 1547 1881 
251 760 897 998 1008 
252 268 498 510 688 698 806 808 850 
253 332 374 454 593 655 696 
254 335 373 393 477 592 618 702 735 
255 293 432 457 511 792 869 884 920 972 1717 
256 364 487 621 642 936 1219 1421 
257 431 585 732 877 1648 1950 
258 277 377 407 448 497 529 534 574 697 742 911 1157 1436 
259 408 699 828 864 994 1403 
260 290 536 675 730 785 854 
261 280 451 558 623 650 849 1139 1153 
262 279 390 450 621 666 668 816 827 837 
263 280 360 437 610 786 828 835 848 
264 345 430 486 488 598 722 742 751 985 1543 
265 693 772 1528 1698 1755 
266 593 738 796 942 958 975 1129 
267 292 335 336 410 512 539 557 694 797 835 1088 1813 
268 406 440 470 493 508 591 746 786 846 914 997 1637 
269 351 366 519 529 959 976 1349 
270 326 446 521 566 604 917 920 1542 1713 
271 471 652 688 752 822 929 1876 
272 581 742 792 1253 1281 
273 310 510 527 736 792 941 1122 1178 1395 
274 359 373 416 430 453 455 468 475 593 622 670 847 851 854 971 
275 311 369 372 537 552 559 714 847 933 1197 1526 1688 
276 363 379 419 589 834 848 878 890 976 1197 
277 347 386 602 606 625 723 725 807 809 963 1517 1835 
278 773 838 898 900 
279 404 417 528 541 573 714 850 878 977 1173 1552 
280 359 498 546 629 794 874 895 
281 680 708 788 871 968 1147 1434 
282 390 392 417 473 587 718 821 
283 316 458 536 1620 
284 567 621 668 686 734 765 823 955 956 1096 
285 289 348 389 611 612 649 684 710 848 
286 362 530 608 630 703 759 795 818 960 962 967 969 1809 1905 
287 362 376 403 782 953 956 1390 1789 1796 
288 466 478 485 487 796 926 988 1854 
289 374 428 455 517 602 913 1713 
290 325 538 556 574 632 735 1837 
291 348 359 396 423 536 558 731 792 925 983 1019 1718 
292 304 327 329 337 401 426 497 570 590 636 852 905 
293 965 984 
294 387 457 621 706 716 753 758 875 903 1335 
295 340 353 369 664 707 719 751 789 903 913 
296 374 416 429 525 553 562 600 702 732 800 
297 503 507 534 831 922 1060 1593 1862 1936 
298 412 440 496 614 684 708 712 970 1819 
299 378 473 499 534 569 650 652 679 767 805 980 1095 1555 
300 321 388 397 456 514 542 562 669 678 830 961 1466 
301 572 588 648 724 869 942 973 
302 355 408 473 681 819 821 921 982 1296 
303 330 557 695 742 880 1224 1503 1582 1919 
304 405 413 441 491 552 631 640 666 858 963 1411 1684 
305 349 562 
306 345 352 450 466 574 589 629 734 1056 1553 1609 1995 
307 367 389 426 588 624 651 670 881 1956 
308 341 542 547 791 847 
309 409 483 484 549 569 643 646 841 877 971 981 1119 1955 
310 311 433 660 706 759 876 948 1577 
311 365 385 842 871 904 908 1569 1713 
312 362 363 486 490 586 705 831 888 
313 324 368 375 398 504 568 599 628 639 772 1982 
314 418 439 446 482 508 561 614 631 773 808 868 902 903 1183 
315 323 
316 493 583 674 864 979 1459 
317 522 558 731 739 743 766 772 854 880 1656 1922 
318 370 400 573 631 848 953 
319 384 511 601 669 737 746 833 907 
320 329 496 520 714 753 1487 1722 
321 424 525 687 1354 1815 
322 346 553 723 737 856 891 929 1757 
323 349 390 391 431 556 620 635 727 965 983 1261 1938 
324 365 476 559 625 644 784 872 
325 360 392 398 456 770 877 894 959 1532 1900 
326 702 782 994 1630 
327 392 545 560 
328 329 345 448 527 549 718 1670 1784 1948 
329 519 569 665 683 694 703 738 
330 383 589 638 647 651 690 734 964 1321 
331 537 913 990 
332 350 606 625 826 854 915 1356 1398 
333 379 524 529 641 719 766 782 805 1210 1990 
334 505 513 703 854 
335 698 713 816 
336 386 411 463 536 558 614 665 728 775 980 
337 428 434 618 851 961 1933 
338 443 473 575 590 832 872 885 915 1088 1248 
339 351 386 401 498 550 737 954 1793 
340 449 488 490 621 637 1196 1560 
341 509 650 701 851 966 
342 396 398 426 461 612 620 722 911 948 
343 420 450 666 734 804 830 837 916 1779 
344 521 615 649 678 
345 351 562 778 817 890 913 963 972 985 
346 484 584 749 767 827 838 996 
347 466 493 588 1228 
348 558 579 692 811 912 921 1424 1522 
349 471 570 770 805 882 895 987 
350 368 393 438 449 456 601 713 764 934 937 956 998 1795 1826 
351 470 506 853 929 993 1440 1804 1877 
352 515 569 712 1278 
353 379 480 526 626 722 742 917 950 1487 1661 
354 455 726 818 1908 
355 455 488 572 777 981 1086 1582 
356 632 653 758 775 828 946 
357 444 515 845 
358 394 477 497 815 872 1172 1668 
359 549 578 594 681 755 805 
360 400 609 616 772 893 997 
361 486 865 1044 1055 1919 
362 363 367 446 588 626 712 771 802 846 936 997 
363 494 667 845 882 
364 395 419 462 531 577 680 754 782 801 1559 
365 392 483 500 571 849 
366 444 446 
367 529 791 
368 496 652 810 856 884 953 1817 
369 506 683 747 784 885 912 966 1449 
370 376 402 449 569 611 613 652 659 802 922 994 1640 1756 
371 437 448 486 519 523 679 744 983 1031 
372 401 622 638 643 738 777 841 
373 407 421 767 802 1197 
374 410 696 697 919 1626 
375 409 500 538 608 619 986 1223 
376 404 503 524 774 788 791 845 993 1095 1301 
377 734 792 940 945 
378 393 502 575 624 693 858 903 926 940 1401 
379 451 889 956 965 
380 637 757 869 
381 527 696 798 967 1592 1909 
382 630 672 698 861 894 1015 1341 1971 
383 427 430 569 739 740 801 993 1173 1292 
384 395 432 548 681 895 1602 
385 400 524 525 527 681 768 986 
386 512 787 916 980 1850 
387 453 460 487 586 612 826 904 1496 
388 484 489 612 657 715 759 854 935 
389 538 567 588 645 676 683 695 730 805 889 1495 
390 427 461 534 980 1004 1945 
391 429 468 486 661 675 696 765 1048 1420 1593 
392 430 635 715 722 802 879 917 
393 567 808 886 1222 1516 1933 
394 680 860 896 986 1157 1637 
395 481 590 757 788 
396 574 736 920 1698 
397 402 435 482 515 600 733 802 968 1149 
398 401 403 569 649 676 916 1233 
399 411 450 492 503 509 580 612 670 710 875 1555 
400 439 623 662 753 921 931 939 966 
401 429 577 695 951 992 
402 443 486 520 857 915 991 1024 
403 522 533 630 
404 624 667 674 750 838 1009 1048 
405 625 656 666 731 866 998 1530 
406 430 482 486 568 680 708 866 951 979 1650 
407 426 513 583 597 671 934 1208 
408 486 638 709 717 805 807 825 866 1973 
409 468 587 664 725 739 
410 416 565 595 612 772 816 877 1686 1978 
411 679 760 894 901 935 1851 
412 417 652 717 1166 
413 588 642 669 759 790 829 910 923 1630 
414 460 515 631 726 785 815 898 1897 
415 496 733 811 868 907 
416 493 509 526 608 695 722 726 996 
417 542 586 592 697 871 923 933 981 1404 1431 1615 
418 714 749 967 1525 
419 514 617 676 751 1310 1576 1999 
420 573 679 734 1228 1376 1585 
421 483 558 647 706 724 735 743 750 776 821 845 907 929 1195 
422 544 547 636 714 895 909 956 983 1928 
423 424 734 757 1240 
424 596 630 825 909 
425 488 548 694 735 776 921 1245 
426 499 620 640 674 739 790 954 1179 
427 490 691 762 864 907 941 973 1621 
428 770 775 780 922 931 964 
429 531 1070 
430 517 637 862 889 1897 
431 477 535 575 633 694 700 703 858 928 971 979 990 
432 493 742 813 815 836 862 
433 560 570 794 
434 476 503 574 773 812 
435 478 593 684 719 723 754 920 941 1638 
436 551 555 780 815 977 978 981 1874 
437 474 674 728 871 885 1796 
438 544 689 910 
439 620 735 798 859 954 1545 
440 518 520 538 775 1748 
441 536 760 779 826 935 1495 1779 
442 540 545 641 831 979 1333 
443 450 498 634 840 
444 459 463 692 813 862 915 1603 
445 597 718 769 839 859 892 1371 1695 
446 473 504 511 877 934 
447 522 538 562 639 693 791 828 1006 1007 1138 
448 484 528 594 609 648 678 840 947 
449 450 503 506 556 718 837 868 881 894 913 984 1206 1275 
450 660 917 
451 471 611 680 817 947 1063 1610 1684 
452 518 578 579 679 823 860 1803 
453 471 472 502 648 786 957 1274 
454 455 484 616 627 641 699 909 924 1908 
455 853 897 972 1930 
456 497 501 607 762 1388 
457 470 570 635 785 799 997 
458 501 655 674 1361 1620 
459 779 811 
460 695 789 802 1498 
461 510 567 590 897 911 1955 
462 655 669 825 937 941 
463 510 547 971 975 1955 
464 471 552 1104 1116 
465 473 544 858 1452 1950 
466 524 540 634 769 806 913 918 1366 
467 500 661 851 
468 546 557 758 885 911 
469 615 995 
470 819 
471 579 960 1046 1504 1809 
472 567 633 652 673 715 766 818 
473 493 537 539 651 670 696 710 882 1358 1751 1785 
474 501 536 613 675 868 870 1978 
475 705 725 775 785 861 915 
476 528 699 703 718 723 822 893 931 1006 1067 
477 530 629 714 722 821 915 976 
478 607 883 1367 1929 
479 845 938 939 1640 
480 535 553 596 822 826 882 888 1462 1508 
481 485 501 535 905 1791 
482 498 594 626 647 650 734 829 1590 1990 
483 654 847 1672 
484 720 884 996 1841 
485 609 633 811 989 1673 1802 
486 682 
487 552 606 740 889 890 905 1167 
488 510 521 601 741 780 809 832 923 1923 
489 729 1083 1424 
490 496 637 639 647 844 941 1210 1670 
491 499 522 575 865 987 1741 1880 
492 590 638 644 699 870 872 943 962 
493 813 935 
494 586 658 
495 623 634 807 860 1507 1620 1862 
496 533 595 612 642 706 808 
497 556 693 726 868 908 1081 1188 1840 
498 646 700 762 763 847 850 
499 585 652 681 724 932 970 1131 1250 1379 
500 506 566 583 588 644 688 690 1166 1626 
501 547 576 672 675 722 729 774 783 816 965 
502 507 596 695 855 857 
503 698 709 722 795 862 958 
504 569 750 824 860 1787 
505 520 646 1298 1456 1656 1948 
506 532 548 577 771 822 829 
507 817 920 981 
508 529 539 692 778 835 878 
509 564 639 739 836 1406 1845 
510 581 640 714 774 791 831 867 1153 1886 
511 646 648 812 893 
512 736 886 932 
513 562 644 735 
514 664 719 882 972 981 1574 1588 1665 
515 780 783 907 948 1009 1708 
516 789 842 982 
517 692 925 1530 1868 
518 677 681 723 834 
519 554 614 777 783 919 969 
520 540 578 596 670 898 947 1309 1680 
521 551 577 641 803 
522 651 711 748 910 1288 
523 614 634 636 1339 1354 
524 538 626 689 857 1042 1146 
525 557 612 621 694 699 755 875 908 923 
526 613 636 698 977 
527 647 810 1103 
528 871 962 
529 556 579 721 859 889 905 906 939 1839 
530 696 708 718 932 967 
531 548 662 684 908 
532 590 646 787 796 886 907 918 946 967 1102 1739 
533 591 621 643 805 823 980 1811 
534 588 669 952 
535 606 755 775 818 943 
536 748 944 964 990 
537 622 647 759 808 962 1083 1221 1866 
538 638 677 704 747 828 882 890 906 917 919 
539 590 766 902 931 
540 619 622 682 798 819 863 
541 826 975 
542 571 667 1161 
543 565 572 824 911 
544 885 927 931 961 964 
545 796 806 951 999 
546 633 649 765 821 889 925 977 1373 1487 1992 
547 580 717 742 791 
548 562 577 611 658 716 888 926 964 1459 
549 702 730 789 
550 587 720 968 
551 704 967 976 
552 597 688 790 975 1230 1336 1820 
553 731 1088 
554 590 664 667 762 860 1195 1404 
555 557 562 602 625 753 1286 
556 562 576 894 1324 1326 1760 
557 846 908 954 
558 581 619 982 1051 
559 628 650 694 782 801 1320 
560 598 647 721 783 830 834 955 
561 736 828 840 909 941 952 
562 604 641 656 975 999 1251 
563 749 802 896 985 988 996 
564 662 692 742 1503 
565 571 728 785 844 938 991 
566 584 591 615 663 714 
567 589 617 797 949 1553 
568 770 810 825 
569 593 983 988 1803 
570 885 948 1472 1506 
571 700 927 1187 1255 
572 729 896 
573 580 635 691 805 847 860 946 1750 1897 1967 
574 636 670 857 887 
575 643 973 1466 
576 770 817 964 
577 654 920 1043 
578 612 682 792 827 1159 1595 1691 
579 
580 604 673 809 843 902 918 
581 778 956 1223 
582 631 656 664 715 774 1812 
583 664 954 1922 
584 790 806 826 899 
585 689 793 869 982 
586 610 667 693 728 849 885 917 
587 773 778 797 849 
588 594 687 876 1070 1418 1760 1871 
589 621 651 766 830 916 949 
590 608 694 799 847 935 985 1183 
591 691 745 772 844 1500 1522 
592 734 872 904 938 
593 741 748 903 1256 
594 630 705 1272 
595 796 1105 1811 
596 968 972 1800 
597 617 642 798 863 979 
598 694 774 878 881 
599 620 772 932 957 1037 1223 
600 612 692 760 787 1057 1080 
601 644 692 721 839 965 1359 
602 758 887 958 1445 1723 
603 720 769 867 980 
604 620 689 691 721 729 803 
605 670 734 799 898 
606 623 681 745 1985 
607 692 770 774 848 884 951 991 1373 1762 
608 652 665 698 902 953 1209 1514 
609 663 767 889 
610 650 797 856 
611 675 749 896 1239 
612 654 838 852 867 1023 
613 676 727 1762 
614 
615 705 
616 628 673 686 751 760 924 932 946 949 988 1853 
617 645 811 850 892 893 961 973 
618 619 770 785 1484 1703 
619 870 930 956 
620 778 860 978 
621 655 715 754 855 1089 
622 692 996 
623 643 675 804 886 1192 
624 744 844 985 1065 
625 908 1362 1830 
626 994 
627 875 971 1188 
628 691 782 794 1376 
629 644 671 862 1613 
630 1699 
631 951 
632 755 1542 
633 642 812 844 855 933 942 953 
634 672 699 1485 1535 1797 1849 
635 661 974 1589 
636 681 780 866 902 
637 741 1644 1957 
638 670 684 766 949 960 
639 715 716 875 1191 
640 673 677 716 753 767 821 881 883 932 989 
641 684 767 786 1840 
642 661 758 831 833 1277 
643 684 717 762 877 947 1318 1845 
644 1150 1504 
645 665 734 797 878 1489 1596 
646 696 697 788 992 
647 822 832 833 882 1033 
648 730 738 867 1078 1681 1755 1940 
649 777 864 
650 858 891 968 
651 686 704 755 865 983 990 1479 1658 
652 656 749 838 
653 676 700 781 859 903 
654 709 870 968 984 1169 1607 1614 1640 
655 702 708 768 793 918 932 955 987 1219 1632 
656 792 908 
657 735 778 848 1874 
658 713 741 748 806 824 975 981 1734 1753 
659 698 807 
660 675 729 805 851 1274 
661 720 810 
662 724 785 900 1998 
663 700 741 810 824 882 954 989 992 1390 1449 
664 933 959 1244 1709 
665 861 886 896 967 981 996 1197 1496 1682 
666 705 903 960 1008 1414 
667 783 982 1024 1337 
668 822 895 917 1871 
669 819 831 1001 1819 1864 
670 769 
671 672 779 950 1903 
672 722 807 899 1524 
673 863 888 929 1540 
674 679 820 880 905 1404 1524 1668 
675 904 952 980 
676 911 921 1663 
677 796 903 979 1555 
678 
679 744 757 937 1326 1458 1977 
680 738 779 942 1373 
681 813 902 924 1031 
682 858 1583 1785 
683 819 930 1115 1779 
684 816 823 1173 
685 693 708 893 926 1504 1725 
686 707 728 782 867 942 1746 
687 692 730 760 863 
688 689 907 
689 717 727 800 945 1744 
690 712 725 735 818 913 
691 695 777 807 837 915 
692 942 981 997 
693 818 918 944 948 956 960 1234 1648 
694 721 785 916 
695 765 825 845 878 1962 
696 970 
697 1263 1694 
698 762 927 1445 
699 797 846 893 912 
700 802 908 1849 
701 766 832 835 844 1145 1156 
702 783 926 
703 710 906 932 
704 746 1981 
705 772 966 1951 
706 787 812 893 
707 718 751 935 963 1835 1840 
708 800 838 872 967 1736 
709 728 942 1300 
710 947 
711 801 818 858 969 1558 1819 
712 736 981 
713 731 759 887 893 991 
714 881 939 960 
715 925 996 1575 
716 984 986 1384 
717 850 1558 
718 855 1184 1623 
719 770 775 926 
720 806 1154 
721 942 1771 
722 920 933 969 1235 1501 
723 810 961 
724 762 765 768 861 940 
725 754 1624 
726 868 924 941 943 1767 
727 867 956 999 
728 733 804 930 
729 807 841 901 992 1058 
730 823 824 870 919 950 
731 897 904 920 1223 
732 837 1625 
733 789 803 975 
734 877 961 981 992 
735 782 810 904 999 1113 1137 1623 
736 848 1057 1970 
737 829 1210 1776 
738 758 836 860 974 993 
739 866 987 1751 1943 
740 810 1350 1832 
741 957 984 1396 
742 830 1755 
743 765 
744 790 801 875 978 984 
745 815 894 1279 1720 1884 
746 810 867 918 990 1481 1849 
747 862 907 1338 1491 
748 791 792 844 884 956 965 1336 
749 1452 1544 1956 
750 868 872 895 948 1762 
751 876 950 982 993 1801 
752 837 928 1120 1263 1970 
753 774 789 791 810 857 
754 796 973 974 1704 
755 834 1521 
756 806 834 906 1209 
757 917 
758 869 
759 837 1888 
760 834 838 841 
761 773 897 915 1466 1909 
762 810 961 1072 1666 1852 1975 
763 933 1559 
764 1971 
765 777 862 912 946 960 
766 798 844 892 904 963 1815 1876 
767 769 784 803 840 
768 792 878 1366 
769 1482 1488 
770 929 1240 
771 772 810 956 
772 897 985 1440 1694 1978 
773 975 996 1071 
774 1893 1899 1952 
775 977 
776 973 979 1781 1802 
777 789 875 1399 
778 818 1869 
779 850 886 1019 
780 821 915 942 1932 
781 878 947 
782 816 819 874 1034 1545 
783 807 955 1121 1608 1813 
784 848 928 1160 1332 
785 920 1579 
786 838 939 947 
787 896 1177 1204 
788 834 903 1731 1861 
789 887 893 1338 1435 
790 818 825 845 901 1154 1241 1264 1958 1988 
791 813 851 1756 
792 801 851 942 951 
793 858 877 939 1075 
794 929 943 1725 1757 
795 988 
796 930 959 980 
797 815 1546 1591 1813 1853 
798 935 1808 
799 842 951 963 992 
800 1571 
801 825 
802 883 971 1714 
803 1470 
804 877 934 1610 
805 937 
806 891 948 962 999 1028 1296 
807 891 988 
808 956 990 1143 
809 854 928 930 944 987 1864 
810 1229 
811 873 876 900 
812 818 898 905 
813 929 931 
814 818 822 853 983 1234 
815 938 
816 910 924 983 1586 
817 922 1106 
818 863 955 1501 
819 853 867 951 1217 
820 834 836 845 972 1310 
821 850 878 1191 1393 1594 
822 858 992 1898 
823 903 974 1220 
824 1353 
825 924 
826 845 906 917 
827 844 1423 
828 940 950 989 
829 850 1297 1617 1739 1901 
830 844 941 1241 
831 865 893 982 1118 1227 
832 860 871 987 
833 838 905 992 
834 991 1206 1623 
835 932 996 
836 968 1765 1996 
837 984 1813 
838 903 912 991 1032 1309 
839 1401 
840 1073 1853 
841 908 966 1156 1282 
842 864 938 979 
843 873 883 988 999 1065 
844 
845 1274 
846 888 
847 937 957 
848 951 1262 1417 1572 1753 1890 
849 
850 987 1042 
851 
852 
853 1144 1248 1830 
854 863 888 897 952 968 994 1500 1696 
855 986 
856 892 973 975 1441 
857 897 900 1612 1984 
858 898 
859 873 975 
860 1796 
861 
862 972 
863 926 992 1827 
864 895 936 954 962 1213 1428 
865 903 
866 899 951 
867 1540 
868 896 1665 
869 
870 
871 
872 991 1846 
873 945 1094 1504 
874 945 1097 
875 990 1023 
876 904 927 1739 1958 
877 1068 1415 
878 897 1656 1836 
879 937 999 1607 
880 936 1859 
881 962 1412 
882 909 1285 
883 936 
884 904 1207 1406 1917 
885 1142 1443 
886 906 
887 1685 
888 897 
889 969 
890 1203 1637 1805 
891 923 966 1227 1996 
892 1723 1861 
893 945 957 
894 1544 1807 
895 1425 
896 
897 1898 
898 1065 
899 978 1499 
900 928 
901 943 944 1194 
902 
903 927 941 962 996 1017 
904 991 1518 
905 914 1009 1533 1973 
906 
907 1907 1996 
908 916 917 1597 
909 
910 1808 
911 
912 1550 1591 
913 973 1310 
914 983 
915 932 
916 1871 
917 984 
918 921 936 950 
919 976 
920 956 961 
921 
922 1036 
923 989 
924 
925 982 1177 1285 
926 1161 1437 1739 
927 960 984 989 
928 1033 
929 
930 1977 
931 964 
932 964 1057 1813 1855 
933 1019 1495 
934 
935 
936 997 
937 992 1648 
938 987 
939 
940 1134 
941 951 
942 949 1271 
943 1468 
944 982 1069 1371 1922 
945 1558 1934 
946 973 1699 
947 1877 
948 972 1577 
949 977 1203 
950 973 979 1863 
951 
952 1415 1741 
953 
954 
955 1093 1320 1376 1866 
956 1932 
957 1478 
958 965 1977 
959 986 1001 1505 
960 1533 
961 989 1658 
962 
963 1440 1565 
964 
965 992 1040 
966 
967 995 1654 1787 
968 
969 1306 1647 1989 
970 1640 
971 
972 989 1591 1724 
973 1774 
974 1493 
975 
976 
977 1154 
978 1374 1404 1758 
979 1204 
980 
981 1839 
982 1689 
983 
984 987 1108 1526 1806 1945 
985 1275 
986 1819 
987 1090 1957 
988 
989 1778 
990 991 1585 
991 1957 
992 
993 1621 1993 
994 
995 
996 
997 
998 1094 
999 1939 
1000 1209 1213 1249 1320 1325 1397 1519 1535 1549 1620 1715 1717 1763 1863 
1001 1058 1142 1183 1192 1359 1360 1393 1487 1639 1764 
1002 1031 1404 1438 1693 1731 1734 1820 1930 
1003 1124 1176 1229 1249 1283 1284 1295 1348 1357 1466 1677 1679 1707 1832 1936 
1004 1020 1104 1216 1226 1359 1385 1623 1831 1893 1927 
1005 1165 1290 1390 1458 1544 1597 1612 1673 1689 1773 
1006 1144 1204 1247 1267 1333 1357 1651 1816 1904 
1007 1037 1056 1189 1445 1614 1692 1693 1755 1760 1788 1816 1823 1950 
1008 1050 1464 1543 1711 
1009 1105 1113 1272 1380 1523 1629 1686 1829 
1010 1066 1127 1237 1258 1409 1445 1470 1478 1567 1821 1911 1994 
1011 1116 1127 1144 1307 1408 1425 1443 1481 1499 1533 1586 1675 1789 1808 
1012 1101 1122 1131 1147 1565 1579 1809 1826 1988 
1013 1016 1111 1140 1223 1317 1384 1665 1780 
1014 1058 1238 1251 1302 1321 1432 1541 1610 1629 1787 1857 
1015 1055 1095 1354 1490 1493 1702 1748 1860 1930 
1016 1106 1161 1178 1192 1223 1319 1476 1521 1548 1733 1765 1977 
1017 1140 1213 1622 1661 1662 
1018 1131 1206 1408 1532 1677 1760 1903 1944 
1019 1077 1104 1212 1460 1567 1583 1674 1676 1745 
1020 1068 1324 1793 1908 
1021 1156 1203 1428 1541 1569 1695 1701 1831 1930 1931 
1022 1024 1056 1072 1118 1348 1460 1557 1726 
1023 1187 1231 1260 1313 1345 1398 1439 1559 1563 1711 1799 1818 
1024 1133 1178 1347 1471 1501 1551 1555 1642 1769 1816 
1025 1178 1288 1413 1726 1744 1786 1962 
1026 1356 1426 1445 1698 1744 1821 
1027 1032 1112 1133 1207 1230 1236 1268 1486 1599 1649 1714 1910 1945 1953 1994 
1028 1206 1248 1253 1255 1366 1476 1480 1645 1647 1654 
1029 1248 1460 1471 1515 1711 1712 1918 1994 
1030 1292 1354 1406 1617 1721 1841 1961 
1031 1732 1754 1917 1949 1992 
1032 1222 1262 1505 1521 1669 1869 1884 1974 
1033 1086 1401 1600 1676 1745 1749 
1034 1157 1248 1835 
1035 1227 1379 1472 1599 1727 1751 1755 1854 1862 1882 
1036 1077 1228 1392 1420 1480 1498 1662 1928 1999 
1037 1071 1139 1166 1364 1581 1956 
1038 1039 1080 1140 1165 1257 1263 1381 1401 1487 1521 1569 1579 1847 1937 1978 
1039 1308 1432 1458 1473 1488 1606 1868 
1040 1062 1303 1443 1453 1558 1741 1947 
1041 1077 1330 1563 1590 1709 1952 
1042 1195 1304 1336 1392 1406 1477 1498 1648 1685 1738 1992 
1043 1129 1167 1186 1562 1834 1932 
1044 1106 1110 1214 1229 1306 1586 1653 1751 1785 1812 1882 1933 
1045 1188 1261 1309 1310 1377 1382 1501 1538 1661 1672 1745 1813 1823 
1046 1090 1208 1417 1498 1543 1559 1584 1606 1642 1671 1743 1768 1794 1817 1903 1927 
1047 1116 1199 1201 1206 1345 1416 1451 1507 1518 1588 1616 1647 1699 1834 1851 1866 1940 
1048 1231 1271 1371 1466 1483 1494 1674 1897 
1049 1074 1275 1405 1442 1582 1603 1756 1785 1935 
1050 1074 1188 1227 1403 1410 1467 1527 1551 1748 1833 1920 1968 
1051 1079 1171 1693 1791 1832 1861 1897 
1052 1113 1171 1260 1335 1347 1394 1425 1557 1561 1570 1809 1868 1873 1920 1961 1965 
1053 1089 1366 1367 1438 1526 1687 1823 1836 1943 
1054 1061 1111 1163 1205 1228 1389 1402 1483 1541 1588 1636 1721 1900 1948 
1055 1115 1194 1272 1448 1670 1870 
1056 1103 1228 1304 1341 1346 1379 1426 1598 1910 1940 
1057 1143 1196 1263 1405 1418 1870 1884 1980 
1058 1077 1384 1394 1713 1813 1929 1941 
1059 1188 1373 1376 1642 1786 
1060 1339 1367 1480 1719 1892 
1061 1155 1324 1373 1413 1464 1579 1621 1718 1756 1831 
1062 1077 1095 1133 1155 1408 1477 1748 1951 1985 
1063 1371 1379 1457 1621 1635 1649 1658 1676 1750 
1064 1088 1104 1287 1289 1355 1400 1909 1916 
1065 1149 1458 1534 1535 1554 1653 1659 
1066 1098 1243 1279 1367 1432 1535 1585 1611 1656 1892 
1067 1121 1140 1268 1409 1506 1532 1536 1537 1677 1709 1744 
1068 1303 1629 1757 1919 1925 1953 
1069 1147 1189 1303 1344 1375 1444 1728 1907 1978 
1070 1078 1111 1296 1464 1822 
1071 1336 1426 1536 1737 1832 1881 1893 1932 
1072 1113 1477 1669 1740 1956 
1073 1124 1263 1280 1284 1290 1379 1529 1565 1807 
1074 1328 1523 1588 1596 1767 1775 1800 1877 1980 
1075 1108 1156 1329 1417 1438 1517 1614 1710 1851 
1076 1310 1418 1598 1657 1929 
1077 1174 1317 1443 1572 1577 1610 1660 1748 1828 1933 1995 
1078 1198 1333 1392 1453 1494 1812 1871 1953 
1079 1124 1280 1289 1352 1663 1764 1938 
1080 1095 1163 1417 1548 1555 1590 1603 1684 
1081 1103 1110 1128 1342 1356 1679 1987 
1082 1161 1199 1306 1567 1786 1896 
1083 1136 1352 1402 1903 
1084 1172 1181 1491 1515 1673 1693 1696 1970 
1085 1141 1204 1295 1457 1540 1637 1659 1769 1810 1926 
1086 1090 1162 1237 1265 1275 1442 1443 1469 1576 1657 1734 
1087 1228 1394 1808 1938 
1088 1261 1394 1412 1420 1894 
1089 1322 1345 1621 1724 1821 
1090 1182 1238 1466 1481 1499 1616 1868 
1091 1112 1188 1288 1369 1425 1436 1652 1759 1770 1940 1942 
1092 1476 1537 1745 
1093 1374 1448 1468 1470 1491 1752 1863 1875 1904 
1094 1170 1269 1279 1381 1432 1487 1525 1791 1857 1896 
1095 1274 1345 1519 1587 1601 1679 1731 1736 1801 1816 1890 1924 1943 
1096 1112 1274 1404 1406 1519 1633 1683 1693 1920 1984 
1097 1147 1609 1750 1963 
1098 1241 1286 1322 1333 1473 1590 1606 1779 1812 1868 1885 1974 
1099 1107 1168 1213 1278 1301 1384 1587 1801 1877 1971 
1100 1161 1297 1404 1534 1681 1727 1819 1849 1948 1975 
1101 1265 1269 1468 1581 1695 1768 1904 
1102 1234 1256 1302 1312 1448 1456 1642 1784 
1103 1203 1204 1383 1391 1482 1509 1617 1665 1826 1896 
1104 1368 1376 1431 1493 1539 1571 1687 1717 1748 1753 1840 
1105 1212 1340 1376 1447 1499 1673 1746 1800 1856 1882 1954 1955 1960 
1106 1207 1296 1379 1567 1737 1902 1926 1937 1996 
1107 1437 1616 1843 1887 1898 
1108 1162 1204 1206 1346 1386 1387 1399 1488 1531 1566 1648 1963 
1109 1115 1263 1355 1392 1717 1961 1966 
1110 1162 1200 1265 1305 1405 1523 1563 1631 1669 1731 1741 1757 1806 1903 1974 
1111 1181 1283 1287 1294 1346 1446 1486 1672 
1112 1150 1169 1689 1843 1850 1915 
1113 1133 1145 1280 1593 1641 1723 1728 1869 1995 
1114 1274 1390 1401 1433 1489 1620 1623 
1115 1135 1186 1206 1280 1324 1439 1449 1476 1604 1659 1732 1836 
1116 1242 1375 1409 1437 1478 1498 1525 1685 1879 
1117 1143 1183 1299 1374 1376 1518 1549 1558 1846 1855 1929 1972 
1118 1220 1228 1229 1243 1379 1446 1667 1903 1932 
1119 1135 1274 1417 1530 1691 1791 1827 
1120 1206 1253 1299 1349 1623 1695 1707 1800 1971 1990 
1121 1453 1538 1831 1912 1998 
1122 1123 1219 1490 1582 1594 1855 
1123 1152 1174 1258 1311 1368 1585 1606 1646 1698 1723 1749 1777 1911 1914 
1124 1175 1194 1240 1276 1284 1403 1600 1615 1665 1672 1893 1948 1957 1969 
1125 1127 1158 1441 1494 1599 1716 
1126 1224 1284 1363 1364 1394 1414 1589 1822 1851 1940 1949 
1127 1197 1198 1331 1407 1431 1441 1581 1602 1742 1955 1961 
1128 1467 1689 1706 1735 1800 1873 1891 1919 1971 
1129 1147 1199 1286 1352 1381 1424 1432 1454 1521 1707 1785 1909 
1130 1179 1211 1231 1416 1450 1485 1672 1731 1803 1869 
1131 1138 1398 1786 1860 
1132 1146 1154 1205 1256 1316 1321 1366 1560 1603 1622 1637 1715 1737 
1133 1235 1314 1465 1472 1516 1711 1753 1780 
1134 1176 1220 1350 1474 1497 1545 1734 1805 1871 1924 1983 
1135 1166 1283 1363 1495 1537 1589 1622 
1136 1348 1356 1365 1407 1571 1576 1623 1710 1938 1954 1997 
1137 1224 1372 1488 1531 1764 1813 1847 1854 
1138 1265 1380 1400 1417 1450 1486 1495 1558 1665 1803 1865 1920 1926 1941 
1139 1265 1327 1353 1395 1557 1567 1807 1815 
1140 1310 1329 1369 1445 1452 1561 1766 1769 1781 1878 1944 1995 
1141 1183 1453 1463 1477 1479 1526 1567 1613 1628 1649 1681 1825 1886 1980 
1142 1150 1180 1244 1408 1497 1504 1699 1703 1842 1993 
1143 1161 1163 1200 1559 1607 1719 1875 1988 
1144 1151 1191 1295 1380 1453 1519 1852 1902 
1145 1218 1329 1568 1574 1759 
1146 1183 1193 1270 1533 1649 1723 1747 1874 
1147 1495 1597 1974 1982 
1148 1218 1221 1236 1257 1276 1314 1545 1569 1605 1699 1771 1870 1929 1997 
1149 1206 1292 1405 1431 1525 1528 1553 1692 1904 1982 1986 1987 
1150 1183 1316 1585 1773 1816 
1151 1281 1339 1429 1520 1959 1976 
1152 1221 1277 1293 1343 1476 1666 1677 1767 
1153 1183 1562 1628 1849 1959 1983 
1154 1169 1250 1327 1341 1427 1429 1521 1557 1567 1616 1617 1649 1739 1840 1910 
1155 1201 1341 1604 1643 1789 1828 1839 1889 1894 1928 1984 
1156 1272 1282 1301 1416 1540 1572 1635 1839 1957 
1157 1240 1357 1372 1546 
1158 1311 1423 1624 1643 1714 1748 1769 1803 
1159 1208 1218 1378 1455 1505 1512 1538 1553 1579 1654 1662 1671 1734 1793 1837 1972 1989 
1160 1297 1375 1675 1756 
1161 1434 1480 1546 1555 1646 1703 1777 1958 
1162 1241 1524 1595 1662 1845 1863 1876 1988 
1163 1247 1645 1821 
1164 1292 1410 1752 1846 1938 
1165 1219 1289 1524 1560 1631 1716 1801 1802 1861 
1166 1245 1421 1504 1800 1951 
1167 1200 1365 1492 1806 1943 1954 
1168 1290 1300 1330 1357 1447 1923 1981 
1169 1196 1272 1599 1619 1951 1981 1990 
1170 1279 1328 1481 1628 1649 1650 1668 1806 1979 
1171 1252 1266 1273 1276 1314 1454 1463 1485 1513 1557 1635 1836 1954 
1172 1213 1320 1361 1450 1599 1745 1816 1944 1962 
1173 1482 1488 1513 1719 1795 1877 1950 
1174 1254 1367 1429 1501 1732 1815 1816 1891 1958 
1175 1266 1376 1456 1458 1648 1717 
1176 1192 1197 1329 1353 1425 1469 1515 1627 1641 1676 1908 
1177 1191 1220 1267 1458 1527 1566 1612 1643 1784 1814 1957 1960 
1178 1214 1223 1280 1324 1432 1471 1595 1684 
1179 1188 1559 1657 1728 1974 
1180 1260 1300 1453 1472 1659 1810 1869 1996 
1181 1244 1372 1376 1532 
1182 1215 1222 1225 1318 1412 1493 1495 1557 1958 
1183 1312 1351 1568 1601 1679 1958 1965 1994 
1184 1260 1424 1457 1610 1645 1792 1809 
1185 1199 1358 1464 1601 1606 1608 1688 1787 1995 
1186 1268 1297 1487 1564 1581 1770 1981 1989 
1187 1191 1288 1375 1638 1643 1721 1841 1870 1940 1949 1982 
1188 1220 1427 1526 1736 1765 1811 1818 1844 1952 
1189 1223 1284 1371 1454 1537 1625 1654 1736 1829 1935 
1190 1277 1447 1717 1971 1992 
1191 1269 1429 1516 1536 1663 1839 1939 
1192 1212 1254 1388 1617 1824 1856 1868 1969 
1193 1309 1365 1392 1461 1495 1573 1620 1645 1688 1800 1989 
1194 1349 1471 1486 1628 1657 1787 1864 1925 
1195 1203 1228 1236 1379 1548 1701 1869 1925 1991 
1196 1221 1237 1273 1283 1458 1567 1572 
1197 1223 1320 1412 1624 1660 1747 1768 1789 1881 1971 1983 
1198 1330 1457 1646 1719 1865 1889 
1199 1255 1295 1466 1491 1498 1722 1859 
1200 1297 1418 1446 1568 1639 1687 1760 1860 
1201 1349 1352 1408 1640 
1202 1233 1426 1543 1549 1638 1739 1801 1829 1938 1947 
1203 1339 1403 1558 1589 1846 1949 1954 1998 
1204 1487 1595 1709 1816 
1205 1464 1488 1579 1678 1682 1694 1726 1799 1830 1902 
1206 1289 1320 1458 1596 1635 1694 1843 1884 1943 
1207 1462 1464 1489 1549 1660 1793 1881 1959 1993 
1208 1245 1264 1268 1290 1317 1416 1492 1576 1699 1751 1833 1948 
1209 1313 1460 1539 1645 1711 1736 1820 1918 1923 
1210 1371 1385 1534 
1211 1260 1272 1314 1321 1439 1486 1577 1600 1692 1759 1828 1923 1981 1984 
1212 1314 1383 1643 1672 1761 1857 1872 1919 1989 
1213 1277 1290 1391 1409 1594 1656 1788 1881 1916 1937 
1214 1289 1290 1435 1441 1559 1576 1650 1675 1699 1820 1976 
1215 1220 1293 1309 1433 1472 1551 1693 1744 1771 
1216 1231 1346 1351 1612 1636 1681 1682 1872 
1217 1242 1302 1348 1394 1553 1636 1705 1708 1783 1911 1934 
1218 1307 1541 1620 1640 1656 1766 
1219 1333 1350 1366 1488 1544 1583 1671 1684 1743 1766 1795 
1220 1354 1426 1455 1527 1533 1605 
1221 1230 1292 1758 1865 1872 1901 1970 
1222 1331 1348 1376 1633 1689 1691 1739 
1223 1280 1283 1303 1522 1533 1535 1582 1644 1990 1997 
1224 1251 1321 1344 1444 1512 1677 1914 1937 1947 1955 1970 
1225 1644 1858 1881 
1226 1252 1349 1496 1591 1595 1837 1897 1940 1951 
1227 1453 1469 1510 1579 1628 1731 1774 1835 
1228 1317 1777 1783 
1229 1325 1446 1813 1855 1936 1957 1995 
1230 1262 1304 1314 1380 1444 1600 1626 1764 1898 1929 
1231 1309 1377 1389 1399 1411 1564 1608 1731 1764 1946 1966 
1232 1320 1426 1432 1598 1602 1724 1788 1905 
1233 1382 1465 1500 1842 1943 
1234 1344 1354 1537 1571 1721 1770 1819 1859 1899 1942 
1235 1306 1675 1735 1935 
1236 1282 1421 1615 1630 1698 1700 1846 1917 
1237 1270 1383 1493 1620 1645 1693 1738 1780 1874 1951 
1238 1279 1305 1395 1518 1565 1825 1839 1988 
1239 1427 1469 1524 1908 1970 
1240 1263 1437 1460 1562 1633 1797 
1241 1264 1621 1634 1657 1765 1800 1811 1851 1884 
1242 1592 1628 1736 1758 1895 1963 1992 
1243 1370 1453 1468 1513 1630 1706 1712 1749 1918 
1244 1349 1395 1438 1484 1656 1723 
1245 1392 1415 1483 1711 1745 1902 1937 
1246 1322 1509 1535 1540 
1247 1610 1726 1921 
1248 1409 1524 1637 1689 1758 1831 1857 1873 1889 1955 1956 1959 1960 
1249 1302 1480 1665 1714 1737 1834 1846 1863 1915 1978 
1250 1276 1354 1380 1459 1489 1515 1583 1628 1771 1816 1826 1845 1914 1974 
1251 1252 1259 1285 1573 1607 1705 1734 
1252 1289 1326 1359 1587 1680 1720 1860 1914 1916 1932 1970 
1253 1313 1330 1501 1563 1568 1724 1833 
1254 1401 1474 1504 1527 1620 1624 1736 1759 1795 1839 1995 
1255 1329 1377 1680 1789 1794 1922 1980 
1256 1308 1646 1679 1699 1720 1744 1809 1828 1830 1995 
1257 1549 1714 1717 1932 
1258 1492 1710 1763 
1259 1303 1350 1428 1453 1499 1564 1678 1901 1911 
1260 1261 1270 1301 1408 1436 1445 1517 1742 1750 1859 1867 
1261 1289 1425 1538 1638 1650 1722 1995 
1262 1367 1517 
1263 1268 1319 1405 1632 1677 1898 
1264 1598 1630 1641 1672 1729 1777 1815 1841 1869 1885 1916 
1265 1382 1532 1541 1736 1744 1859 1883 1934 
1266 1275 1344 1469 1478 1580 1696 1917 1971 
1267 1628 1635 1763 1780 1793 1966 
1268 1377 1414 1460 1619 1626 1826 1827 1999 
1269 1347 1375 1446 1654 1668 1906 1958 
1270 1314 1339 1466 1487 1684 1771 1813 1828 
1271 1300 1416 1485 1492 1631 1765 1808 1821 1851 1894 1895 1900 
1272 1297 1387 1448 1552 1585 1589 1628 1849 1950 
1273 1337 1390 1667 1696 1768 1783 1785 
1274 1396 1603 1628 1655 1667 1810 1871 
1275 1340 1425 1646 1671 1866 1934 1949 1959 
1276 1517 1580 1613 1918 
1277 1366 1655 1771 1800 1829 
1278 1440 1465 1675 1690 1730 1803 1810 1838 1880 1887 1895 
1279 1346 1350 1391 1457 1562 1690 1776 1867 
1280 1369 1425 1453 1486 1514 1670 
1281 1323 1326 1355 1470 1732 1875 
1282 1361 1427 1669 1731 1807 1924 1952 1970 
1283 1344 1394 1447 1467 1524 1595 1612 1665 
1284 1287 1343 1347 1508 1747 1841 1893 1902 
1285 1360 1450 1574 1751 1753 1863 1952 
1286 1292 1370 1513 1634 1812 1833 1846 1865 1873 1996 
1287 1348 1434 1482 1582 1598 1715 1731 1734 1856 1932 
1288 1301 1331 1374 1433 1489 1599 1738 
1289 1347 1360 1394 1461 1535 1836 1853 1864 1949 
1290 1416 1474 1571 1621 1635 1648 1686 1757 1853 1946 1974 
1291 1475 1598 1605 1676 1724 1776 1867 1898 
1292 1405 1542 1606 1648 1672 1828 1862 
1293 1465 1579 1659 1737 1772 1816 1870 1994 
1294 1466 1472 1492 1697 
1295 1396 1425 1444 1687 1773 
1296 1319 1549 1628 1633 1817 
1297 1450 1551 1617 1738 1758 1798 1850 1887 1942 
1298 1411 1531 1627 1858 1905 1909 
1299 1429 1436 1464 1488 1579 1660 1693 1796 1984 1989 
1300 1661 1976 1994 
1301 1321 1327 1535 1722 
1302 1401 1463 1505 1547 1731 1831 1851 1871 
1303 1446 1465 1607 1702 1780 
1304 1322 1327 1352 1518 1887 
1305 1313 1408 1487 1803 
1306 1311 1383 1420 1642 1668 1704 1737 1811 1960 1962 
1307 1358 1431 1462 1557 1714 1762 1874 1932 1937 1939 
1308 1359 1464 1713 1919 
1309 1470 1494 1698 1735 1739 1940 
1310 1316 1324 1341 1394 1416 1447 1464 1924 
1311 1425 1525 1735 1794 1964 
1312 1360 1426 1532 1712 1784 1815 1823 1841 1897 1910 
1313 1351 1496 1527 1601 1738 
1314 1340 1504 1586 1623 1814 
1315 1383 1469 1542 1593 1718 1724 1752 
1316 1335 1401 1536 
1317 1319 1425 1451 1550 1795 1829 
1318 1357 1443 1492 1622 1693 1994 
1319 1559 1598 1606 1726 1798 1801 1828 1917 
1320 1367 1582 1710 1757 
1321 1410 1439 1800 1843 1888 
1322 1378 1540 1739 1773 1964 
1323 1375 1445 1611 1638 
1324 1325 1380 1415 1495 1602 1709 
1325 1401 1455 1502 1534 1674 1729 1740 1838 1853 1936 
1326 1402 1616 1648 1662 1696 1708 1709 1715 1847 1879 
1327 1460 1527 1578 1606 1621 1791 1895 1925 1966 
1328 1531 1535 1611 1627 1632 1850 
1329 1353 1395 1411 1464 1472 1520 1722 1738 1785 1839 1905 1935 
1330 1376 1413 1475 1511 1644 1669 1671 1676 1705 1729 1832 1993 
1331 1350 1450 1457 1558 1583 1637 1664 1695 1757 1830 
1332 1348 1397 1408 1449 1465 1562 1708 1709 1762 1810 
1333 1567 1606 1889 1965 
1334 1672 1750 1765 1920 1948 1965 
1335 1465 1658 1685 1761 1820 1824 1837 1882 1895 1905 
1336 1670 1685 1721 1791 1862 1878 
1337 1447 1481 1501 1550 1581 1960 
1338 1457 1602 1618 1623 1710 1766 1823 
1339 1483 1490 1566 1577 1978 
1340 1341 1368 1377 1479 1504 1538 1621 1719 1778 1810 1843 1979 
1341 1411 1561 1648 1791 1923 
1342 1371 1548 1592 1611 1719 1742 1821 1921 1931 
1343 1473 1480 1537 1685 1699 1809 1810 1884 1894 1906 
1344 1346 1420 1488 1529 1601 1720 1894 1988 
1345 1362 1371 1616 1664 1689 1695 1854 
1346 1439 1654 1880 1986 
1347 1538 1969 
1348 1436 1573 1666 1732 1745 1949 
1349 1356 1359 1393 1412 1480 1532 1621 1631 1675 1857 1871 1876 
1350 1388 1538 1576 1589 1664 1830 1878 1886 1947 
1351 1747 1850 1854 1948 
1352 1406 1414 1429 1467 1473 1487 1513 1554 1877 1893 
1353 1380 1383 1385 1394 1452 1495 1593 1750 1986 
1354 1448 1550 1551 1648 1652 1713 1715 1748 1761 1773 1820 1896 1916 
1355 1595 1777 1818 1959 
1356 1386 1519 1551 1667 1721 1740 1793 1807 
1357 1371 1561 1585 1623 1674 1762 1959 
1358 1473 1570 1973 
1359 1546 1627 1768 1793 1827 1876 1930 
1360 1385 1403 1618 1975 
1361 1416 1666 1701 1942 1963 
1362 1392 1500 1601 1608 1649 1857 1964 
1363 1383 1598 1703 1857 1858 1903 1910 1980 
1364 1558 1649 1652 1692 1701 
1365 1387 1566 1748 1791 1971 
1366 1381 1467 1522 1625 1649 1729 1736 
1367 1405 1449 1582 1614 1637 1985 
1368 1446 1454 1520 1535 1837 1882 1917 
1369 1384 1453 1536 1655 1797 1908 
1370 1524 1579 1610 1712 1925 1965 
1371 1412 1484 1555 1616 1795 1942 
1372 1494 1529 1612 1628 1682 1976 
1373 1442 1629 1804 1891 1947 1979 1993 
1374 1379 1456 1480 
1375 1476 1485 1831 
1376 1415 1432 1656 1711 1868 
1377 1378 1457 1644 1723 
1378 1449 1481 1551 1635 1704 1804 1914 1975 
1379 1436 1604 1638 1722 1763 
1380 1531 1561 1566 1647 1740 1761 1981 
1381 1606 
1382 1614 1757 1910 
1383 1430 1442 1607 1694 1726 1737 1771 1779 1944 1947 
1384 1518 1596 1735 1744 1783 1808 1877 1913 1945 
1385 1532 1552 1646 1731 1987 
1386 1486 1592 1744 1766 1810 1888 1928 1995 
1387 1456 1530 1553 1610 1786 1979 
1388 1393 1558 1590 1641 1823 1867 1880 1886 
1389 1409 1448 1736 1742 
1390 1475 1487 1517 1616 1693 1828 1834 1890 1974 1987 
1391 1420 1464 1543 1633 1876 1908 1958 
1392 1516 1543 1558 1573 1596 1643 1709 1735 1805 
1393 1498 1520 1586 1843 1874 1959 
1394 1423 1457 1557 1587 1732 1761 1802 1812 1985 1991 
1395 1653 1739 1767 1860 1927 1937 1981 
1396 1456 1647 1847 1888 1910 1928 
1397 1483 1757 1789 1855 1990 
1398 1575 1843 1996 
1399 1451 1593 1614 1657 1741 1898 
1400 1463 1508 1597 1782 1800 1821 1908 
1401 1624 1627 1753 1825 1928 
1402 1484 1509 1566 1803 1847 
1403 1422 1442 1551 1638 1642 1683 1708 1986 
1404 1444 1474 1499 1599 1641 1770 
1405 1442 1549 1643 1651 1693 1712 1737 1933 
1406 1505 1615 1666 1713 1769 1784 1786 1858 1861 
1407 1564 1639 1723 1904 
1408 1441 1470 1520 1639 1649 1728 1741 1755 1807 1816 1838 1924 1929 
1409 1420 1502 1585 1830 1852 1859 1864 1868 1990 1992 
1410 1426 1490 1587 1699 1726 1929 
1411 1596 1637 1667 1677 1742 1813 1881 
1412 1554 1565 1828 1884 1940 
1413 1571 1799 1941 
1414 1580 1674 1709 1981 1987 
1415 1463 1552 1560 1746 1821 1863 1953 
1416 1476 1634 1666 1830 1858 1891 1931 1988 
1417 1449 1528 1764 1935 1939 1951 
1418 1487 1699 1752 1853 1972 
1419 1462 1906 1969 
1420 1616 1640 1651 1653 1675 1811 1934 
1421 1621 1651 1800 1966 
1422 1424 1795 1796 1801 1882 
1423 1579 1708 1721 1745 1824 1868 
1424 1438 1697 1717 1748 1951 
1425 1427 1581 1715 1740 1815 
1426 1501 1504 1532 1603 1681 1786 1850 1868 1884 
1427 1710 1799 1830 1927 1972 
1428 1442 1455 1488 1721 1779 1795 1886 1930 
1429 1738 1820 1873 1957 1969 1991 
1430 1532 1606 1711 1784 
1431 1432 1445 1456 1582 1808 1902 1991 
1432 1457 1473 1484 1535 1626 1837 
1433 1890 1895 
1434 1614 1691 1706 1856 
1435 1439 1467 1558 1595 1615 1732 1840 
1436 1604 1725 1743 1980 1999 
1437 1520 1733 
1438 1451 1495 1522 1598 1693 1726 1744 
1439 1562 1664 1743 1751 1903 
1440 1473 1476 1551 1678 1691 1720 1741 1839 1862 1898 1993 
1441 1451 1476 1541 1584 1598 1637 1765 1872 1886 
1442 1742 1795 
1443 1499 1531 1586 1649 1709 1756 1787 
1444 1683 1960 
1445 1471 1608 1659 1765 1794 1853 1977 
1446 1594 1887 
1447 1451 1527 1578 1629 1771 1781 1802 1851 1862 1868 1963 
1448 1519 1583 1671 1850 1900 
1449 1585 1671 1683 1685 1931 1997 
1450 1559 1674 1872 1891 1946 1985 
1451 1454 1727 1790 1880 1928 
1452 1524 1693 1694 1905 
1453 1479 1902 1926 
1454 1568 1851 1887 
1455 1627 1711 1975 
1456 1710 1765 1786 1941 
1457 1611 1660 
1458 1551 1728 1744 1786 1823 
1459 1610 1817 1872 
1460 1487 1561 1576 1628 1648 1710 1716 1897 1966 
1461 1495 1517 1543 1558 1657 1686 1833 
1462 1491 1713 
1463 1739 1754 1899 1970 
1464 1596 1600 1819 
1465 1509 1530 1584 1742 
1466 1534 1628 1634 
1467 1672 1793 1955 
1468 1565 1674 1683 1717 1720 1731 1885 1972 
1469 1547 1576 1860 
1470 1564 1588 1633 1638 1697 1832 1888 
1471 1556 1574 
1472 1651 1723 1726 1756 1873 1910 1947 
1473 1589 1764 
1474 1543 1644 1828 1917 
1475 1498 1504 1578 1844 1958 1966 
1476 1491 1526 1540 1595 1824 1963 
1477 1543 1569 1622 1941 
1478 1657 1791 1879 1893 1956 1995 
1479 1505 1518 1654 1772 1805 1870 1923 
1480 1575 1637 1638 1713 1873 1882 1932 1974 
1481 1538 1676 1683 1753 1765 1869 1901 
1482 1583 1602 
1483 1495 1710 1717 1719 1773 
1484 1688 1705 1938 1949 
1485 
1486 1517 1687 1835 1968 
1487 1594 1796 1949 
1488 1544 1559 1744 1769 1793 1917 1953 
1489 1518 1624 1711 1730 1840 1858 1979 
1490 1499 1551 1683 1702 1716 1814 1957 1987 
1491 1567 1618 1757 1784 
1492 1568 1600 1657 1712 1713 1822 1970 
1493 1872 1874 
1494 1497 1503 1566 1571 1654 1701 1984 
1495 1606 1610 1749 1798 1944 
1496 1532 1856 1889 1915 
1497 1527 1555 1603 1962 1995 
1498 1499 1721 1722 1799 1820 1846 1914 1986 
1499 1627 1693 1767 1787 1879 1967 
1500 1526 1628 1709 1726 1794 1868 1887 
1501 1723 1845 
1502 1530 1559 1573 1670 1718 1894 
1503 1529 1593 1768 1782 1822 
1504 1567 1814 
1505 1530 1539 1647 1784 1791 1844 1999 
1506 1558 1862 1872 
1507 1519 1589 1613 1650 1693 1712 1728 1766 1946 1982 
1508 1518 1550 1598 1614 1642 1749 1907 1994 
1509 1569 1651 1772 1895 1950 
1510 1609 1800 1922 
1511 1618 1736 1741 1813 
1512 1629 1668 1684 1740 1753 1799 1848 1849 1850 1890 1898 
1513 1683 1688 1735 1754 
1514 1656 1664 1792 1827 1933 1983 
1515 1584 1808 1863 
1516 1620 1741 1804 1820 1879 1889 1905 1947 
1517 1522 1535 1559 1566 1629 1757 1762 1877 1944 
1518 1527 1552 1578 1583 1695 
1519 1553 1654 1741 1791 
1520 1885 1896 
1521 1538 1862 1980 
1522 1757 1789 
1523 1580 1678 1774 1795 1912 1940 
1524 1560 1630 1713 1847 1877 1912 
1525 1573 1600 1626 1705 1865 
1526 1731 
1527 1545 1661 
1528 1674 1748 
1529 1720 1889 
1530 1586 1628 1697 1855 1947 1965 
1531 1696 1834 1851 
1532 1571 1705 1791 1911 1976 
1533 1625 1651 1711 1749 1758 1956 
1534 1542 1548 1618 1756 1770 1785 1830 1959 
1535 1588 1597 
1536 1638 1725 1730 1921 1998 
1537 1772 1783 
1538 1564 1677 
1539 1584 1637 1676 1790 1853 
1540 1550 1766 1808 1865 1890 1916 1924 1972 
1541 1645 1697 1732 1868 1892 1969 
1542 1813 
1543 1556 1908 1940 
1544 1567 1816 1834 1842 1937 1967 1997 
1545 1585 1629 1664 1793 1912 1999 
1546 1589 1623 1818 1949 1963 
1547 1558 1622 1699 1715 1736 1802 1857 1885 
1548 1612 1667 1730 
1549 1585 1594 1739 1740 1780 1847 1977 
1550 1661 1773 1955 
1551 1670 1951 
1552 1578 1675 1770 1941 
1553 1641 1949 
1554 1567 1876 
1555 1674 1874 1924 
1556 1632 1660 
1557 1733 1895 1915 1936 1991 
1558 1560 1654 1679 1715 1736 1815 1833 1872 
1559 1614 1686 1930 1959 
1560 1645 1762 1773 1774 1835 1858 1979 
1561 1626 1768 1897 
1562 1641 1890 
1563 1667 1738 1779 1956 
1564 1599 1616 1787 1797 1827 1886 1905 1960 
1565 1595 1607 1646 1656 1741 1818 1880 
1566 1573 1630 1715 1729 1740 1814 
1567 1686 1955 1960 1999 
1568 1759 1791 1793 1888 1904 
1569 1627 1654 1672 1714 1736 1777 1784 1918 1971 
1570 1708 1711 1832 1864 1872 1926 1946 1960 1987 
1571 1646 1768 
1572 1737 1968 1999 
1573 1785 1862 1896 1903 1956 
1574 1749 1759 1895 
1575 1622 1755 1775 1780 1837 1865 1869 1936 
1576 1762 1810 
1577 1917 1922 
1578 1619 1735 1752 1869 1928 1946 1952 
1579 1842 1875 1952 
1580 1709 1778 1953 
1581 1583 1613 1699 1732 1750 1941 1977 
1582 1626 1733 1839 
1583 
1584 1702 
1585 1679 1701 1793 1807 1883 
1586 1664 
1587 1721 1762 1824 1925 1994 
1588 1653 1783 1859 1894 
1589 1654 1778 
1590 1623 1634 1664 1741 1817 1963 
1591 1683 1685 1710 1797 1846 1870 1923 
1592 1601 1701 1726 1745 1827 1942 1964 
1593 1849 1863 1938 1961 1989 
1594 1600 1776 1894 1921 1932 1986 
1595 1651 
1596 1641 1768 1947 1976 
1597 1653 1799 1865 
1598 1661 1686 1944 1979 1985 
1599 1667 1693 1838 1866 
1600 1761 
1601 1665 1748 1765 1820 1865 1908 
1602 1755 1811 1879 
1603 1627 1713 1769 1796 1864 
1604 1688 1709 1897 1945 1984 
1605 1876 1989 
1606 1813 1846 1864 
1607 1725 1726 1796 1857 1912 1976 
1608 1733 1789 1853 1859 1918 
1609 1614 1776 1821 
1610 1703 1780 1812 1818 1831 1892 1907 
1611 1653 1706 1746 
1612 1678 1683 1722 1772 1879 1882 1915 1922 
1613 1956 1991 1996 
1614 1669 1718 1732 1971 1981 1996 1999 
1615 
1616 1791 1953 1956 
1617 1788 1851 1861 1956 1976 
1618 1642 1763 1910 1952 
1619 1665 1787 1822 1857 1927 
1620 1657 1659 
1621 1636 1777 1795 1926 
1622 1733 1829 1901 
1623 1859 
1624 1656 1660 1713 
1625 1646 1741 1763 1825 1922 1999 
1626 1921 1963 
1627 1710 1760 1797 1834 1847 
1628 1679 1704 1728 1875 1920 
1629 1635 1713 1803 1834 1944 
1630 1710 1740 1744 1783 1793 1856 1908 
1631 
1632 1677 1783 1816 
1633 1822 1831 
1634 1685 1910 1912 
1635 1837 1920 
1636 1679 1836 
1637 1681 1712 1780 
1638 1855 1906 
1639 1670 1692 1849 1928 1947 
1640 1666 1673 1725 1936 1938 
1641 1666 1702 1755 1887 1893 1952 1967 
1642 1673 1795 1811 1917 1920 
1643 1687 1757 1811 1858 1926 
1644 1677 
1645 1733 1782 
1646 1685 1930 1969 1995 
1647 1688 1717 1754 1787 1816 
1648 1713 1740 1761 1808 1861 1917 1949 1985 
1649 1686 1756 1794 1967 1971 
1650 1673 1698 1792 1844 1936 1946 
1651 1658 1671 1717 1756 1773 1777 1918 
1652 1733 1750 1762 
1653 1789 1829 1856 1954 
1654 1681 1735 
1655 1892 1969 
1656 1667 1668 1717 
1657 1816 
1658 1710 1837 1859 1916 1981 
1659 1748 1763 1898 1953 1982 
1660 1808 1810 1994 
1661 1667 1668 1677 1845 1912 1960 1998 
1662 1678 1779 1918 1920 
1663 1890 
1664 1921 1961 
1665 1788 1917 1940 
1666 1768 1911 
1667 1738 1744 1759 1773 
1668 1959 
1669 1957 
1670 1712 1761 1888 1913 1937 1960 
1671 1778 1866 1881 1898 
1672 1758 
1673 1793 1906 1994 
1674 1760 1882 1985 
1675 1757 1761 1808 1915 1954 
1676 1729 1870 
1677 1705 1710 1772 1797 1868 1984 
1678 1764 1783 1968 1981 
1679 1778 1833 1893 1966 1981 
1680 1729 1760 
1681 1887 1917 1984 
1682 
1683 1746 1992 
1684 1997 
1685 1776 1842 
1686 1984 
1687 1867 1893 1940 1986 
1688 1709 1736 1858 1923 
1689 1712 1813 1942 1997 
1690 1695 1804 1857 1877 1897 
1691 1841 1870 1940 
1692 1957 1976 
1693 1740 1881 1977 
1694 1708 1817 1830 1858 1916 1982 
1695 1769 1913 1916 1927 
1696 1833 1969 1983 
1697 1710 1729 1735 1750 
1698 1709 1802 1888 1981 1990 
1699 1827 
1700 1731 1742 1773 1832 1835 1898 1935 1970 
1701 1883 
1702 1735 1931 1945 1992 
1703 1902 1994 
1704 
1705 1791 1839 1859 1973 
1706 1749 1796 1842 1947 
1707 1735 1898 1910 1925 
1708 1770 1786 1977 
1709 
1710 1751 1924 
1711 1740 1869 1898 1923 
1712 1861 1974 
1713 1753 
1714 1875 1961 
1715 1802 1852 1902 1962 
1716 1872 1952 1953 1984 
1717 
1718 1719 1942 1953 
1719 1781 1812 1840 
1720 1782 1803 
1721 1755 1781 1920 1949 
1722 1761 1775 
1723 1758 1835 1904 1929 
1724 1746 1762 1855 1966 
1725 1749 1805 1855 1858 1925 
1726 1921 1964 
1727 1804 
1728 1983 
1729 1741 1961 
1730 1850 1996 
1731 1767 1855 
1732 1817 1868 1882 1933 
1733 1912 1935 
1734 1893 1894 1931 
1735 1808 1911 1939 1993 
1736 1770 1802 1857 1962 
1737 1800 1981 
1738 1855 1857 
1739 1744 1778 1888 1894 
1740 1799 1842 1912 
1741 1794 1819 
1742 1759 1835 1994 
1743 1878 1924 1965 
1744 1798 1860 
1745 1795 1810 
1746 1860 1990 
1747 1884 1968 
1748 1759 1767 1797 1799 1835 1908 
1749 1939 
1750 1772 1849 1869 1974 
1751 1763 1790 1888 1922 1935 1970 
1752 1753 1834 
1753 1868 
1754 1893 
1755 1862 1976 1977 1981 1987 
1756 1970 
1757 1791 1816 1884 1990 
1758 1857 1975 
1759 1773 1876 
1760 1792 
1761 1773 1847 1909 1922 
1762 1809 1957 1969 
1763 1807 1832 1991 
1764 1784 1841 1893 
1765 1991 
1766 1800 1900 1923 
1767 1846 1864 1998 
1768 1892 1996 
1769 1795 1908 
1770 1978 1992 
1771 1983 
1772 
1773 1846 
1774 1836 1907 1939 1970 
1775 
1776 
1777 1996 
1778 
1779 1789 1803 1810 1832 
1780 
1781 1885 1933 1961 
1782 1831 
1783 1836 1891 1987 
1784 
1785 1970 
1786 1790 1796 1851 1921 
1787 1945 
1788 1832 1837 
1789 1836 
1790 1928 
1791 1814 1913 
1792 1853 
1793 1963 
1794 1833 1912 1918 
1795 1835 1866 1951 
1796 1870 
1797 1883 1972 1993 
1798 1845 1969 
1799 1873 1916 1931 
1800 1837 1989 
1801 
1802 1844 1877 1931 1983 
1803 
1804 1836 1954 
1805 1814 1841 1985 
1806 1872 1980 
1807 1915 
1808 1851 1858 
1809 
1810 1849 1913 1935 1952 
1811 1891 1939 
1812 1960 
1813 1984 
1814 
1815 1845 1951 1957 1973 1982 
1816 1979 
1817 1871 1886 1975 
1818 1892 1948 
1819 
1820 
1821 1829 1963 
1822 1962 
1823 1847 1898 
1824 1871 1912 
1825 1853 
1826 1829 1893 
1827 1881 1980 1983 
1828 1920 1921 1926 
1829 1981 1985 
1830 1847 1950 1967 
1831 1927 1942 
1832 1897 1935 
1833 1917 1979 
1834 1868 1966 
1835 1840 1934 1952 1971 
1836 1927 1938 
1837 1931 1943 1994 
1838 1978 
1839 1876 1881 1970 1977 
1840 
1841 1852 1884 
1842 
1843 1890 1904 1931 1976 
1844 1921 1962 1979 
1845 1973 
1846 1868 
1847 1986 
1848 1851 1960 1979 
1849 
1850 1851 1971 
1851 1924 1965 
1852 1919 1928 
1853 
1854 1910 1928 
1855 1929 
1856 1937 1938 
1857 1900 1931 1989 
1858 1904 
1859 
1860 1896 
1861 1896 1897 
1862 1894 1913 1987 
1863 1868 1970 1974 
1864 1969 1995 
1865 1961 1990 
1866 1985 
1867 1888 1894 1959 
1868 1881 1935 
1869 1878 1956 
1870 
1871 1940 1946 
1872 1923 1964 
1873 1916 1928 
1874 
1875 1929 
1876 1949 
1877 1974 
1878 1974 
1879 
1880 
1881 1899 
1882 1918 1949 
1883 1936 1939 
1884 1936 
1885 1897 
1886 1954 
1887 1891 1904 1977 
1888 1985 
1889 
1890 
1891 
1892 1894 
1893 1926 1932 1980 
1894 1930 
1895 1916 
1896 1909 
1897 
1898 
1899 1991 
1900 
1901 1904 
1902 1923 1985 
1903 1930 
1904 1939 
1905 
1906 
1907 1950 
1908 1968 1969 
1909 1952 
1910 1970 
1911 1926 
1912 
1913 
1914 
1915 
1916 1953 
1917 
1918 1960 
1919 
1920 1999 
1921 1981 
1922 
1923 1929 
1924 
1925 
1926 
1927 1968 
1928 1930 1939 
1929 1989 
1930 
1931 
1932 1989 
1933 1946 
1934 
1935 1983 
1936 
1937 
1938 
1939 
1940 
1941 
1942 
1943 
1944 
1945 1969 
1946 
1947 1965 
1948 1988 
1949 
1950 
1951 
1952 
1953 
1954 
1955 
1956 
1957 1990 
1958 
1959 1965 1970 
1960 
1961 
1962 1970 
1963 1969 
1964 1985 
1965 1974 
1966 1973 
1967 
1968 
1969 1980 
1970 
1971 
1972 1982 
1973 
1974 1990 
1975 
1976 1984 1987 
1977 
1978 
1979 
1980 
1981 
1982 
1983 
1984 
1985 1988 1999 
1986 
1987 
1988 
1989 
1990 
1991 1993 
1992 
1993 
1994 
1995 
1996 
1997 
1998 
1999 
[0, 0, 0, 0, 0, 0, 0, 0, 0, 0, 0, 0, 0, 0, 0, 0, 0, 0, 0, 0, 0, 0, 0, 0, 0, 0, 0, 0, 0, 0, 0, 0, 0, 0, 0, 0, 0, 0, 0, 0, 0, 0, 0, 0, 0, 0, 0, 0, 0, 0, 0, 0, 0, 0, 0, 0, 0, 0, 0, 0, 0, 0, 0, 0, 0, 0, 0, 0, 0, 0, 0, 0, 0, 0, 0, 0, 0, 0, 0, 0, 0, 0, 0, 0, 0, 0, 0, 0, 0, 0, 0, 0, 0, 0, 0, 0, 0, 0, 0, 0, 0, 0, 0, 0, 0, 0, 0, 0, 0, 0, 0, 0, 0, 0, 0, 0, 0, 0, 0, 0, 0, 0, 0, 0, 0, 0, 0, 0, 0, 0, 0, 0, 0, 0, 0, 0, 0, 0, 0, 0, 0, 0, 0, 0, 0, 0, 0, 0, 0, 0, 0, 0, 0, 0, 0, 0, 0, 0, 0, 0, 0, 0, 0, 0, 0, 0, 0, 0, 0, 0, 0, 0, 0, 0, 0, 0, 0, 0, 0, 0, 0, 0, 0, 0, 0, 0, 0, 0, 0, 0, 0, 0, 0, 0, 0, 0, 0, 0, 0, 0, 0, 0, 0, 0, 0, 0, 0, 0, 0, 0, 0, 0, 0, 0, 0, 0, 0, 0, 0, 0, 0, 0, 0, 0, 0, 0, 0, 0, 0, 0, 0, 0, 0, 0, 0, 0, 0, 0, 0, 0, 0, 0, 0, 0, 0, 0, 0, 0, 0, 0, 0, 0, 0, 0, 0, 0, 0, 0, 0, 0, 0, 0, 0, 0, 0, 0, 0, 0, 0, 0, 0, 0, 0, 0, 0, 0, 0, 0, 0, 0, 0, 0, 0, 0, 0, 0, 0, 0, 0, 0, 0, 0, 0, 0, 0, 0, 0, 0, 0, 0, 0, 0, 0, 0, 0, 0, 0, 0, 0, 0, 0, 0, 0, 0, 0, 0, 0, 0, 0, 0, 0, 0, 0, 0, 0, 0, 0, 0, 0, 0, 0, 0, 0, 0, 0, 0, 0, 0, 0, 0, 0, 0, 0, 0, 0, 0, 0, 0, 0, 0, 0, 0, 0, 0, 0, 0, 0, 0, 0, 0, 0, 0, 0, 0, 0, 0, 0, 0, 0, 0, 0, 0, 0, 0, 0, 0, 0, 0, 0, 0, 0, 0, 0, 0, 0, 0, 0, 0, 0, 0, 0, 0, 0, 0, 0, 0, 0, 0, 0, 0, 0, 0, 0, 0, 0, 0, 0, 0, 0, 0, 0, 0, 0, 0, 0, 0, 0, 0, 0, 0, 0, 0, 0, 0, 0, 0, 0, 0, 0, 0, 0, 0, 0, 0, 0, 0, 0, 0, 0, 0, 0, 0, 0, 0, 0, 0, 0, 0, 0, 0, 0, 0, 0, 0, 0, 0, 0, 0, 0, 0, 0, 0, 0, 0, 0, 0, 0, 0, 0, 0, 0, 0, 0, 0, 0, 0, 0, 0, 0, 0, 0, 0, 0, 0, 0, 0, 0, 0, 0, 0, 0, 0, 0, 0, 0, 0, 0, 0, 0, 0, 0, 0, 0, 0, 0, 0, 0, 0, 0, 0, 0, 0, 0, 0, 0, 0, 0, 0, 0, 0, 0, 0, 0, 0, 0, 0, 0, 0, 0, 0, 0, 0, 0, 0, 0, 0, 0, 0, 0, 0, 0, 0, 0, 0, 0, 0, 0, 0, 0, 0, 0, 0, 0, 0, 0, 0, 0, 0, 0, 0, 0, 0, 0, 0, 0, 0, 0, 0, 0, 0, 0, 0, 0, 0, 0, 0, 0, 0, 0, 0, 0, 0, 0, 0, 0, 0, 0, 0, 0, 0, 0, 0, 0, 0, 0, 0, 0, 0, 0, 0, 0, 0, 0, 0, 0, 0, 0, 0, 0, 0, 0, 0, 0, 0, 0, 0, 0, 0, 0, 0, 0, 0, 0, 0, 0, 0, 0, 0, 0, 0, 0, 0, 0, 0, 0, 0, 0, 0, 0, 0, 0, 0, 0, 0, 0, 0, 0, 0, 0, 0, 0, 0, 0, 0, 0, 0, 0, 0, 0, 0, 0, 0, 0, 0, 0, 0, 0, 0, 0, 0, 0, 0, 0, 0, 0, 0, 0, 0, 0, 0, 0, 0, 0, 0, 0, 0, 0, 0, 0, 0, 0, 0, 0, 0, 0, 0, 0, 0, 0, 0, 0, 0, 0, 0, 0, 0, 0, 0, 0, 0, 0, 0, 0, 0, 0, 0, 0, 0, 0, 0, 0, 0, 0, 0, 0, 0, 0, 0, 0, 0, 0, 0, 0, 0, 0, 0, 0, 0, 0, 0, 0, 0, 0, 0, 0, 0, 0, 0, 0, 0, 0, 0, 0, 0, 0, 0, 0, 0, 0, 0, 0, 0, 0, 0, 0, 0, 0, 0, 0, 0, 0, 0, 0, 0, 0, 0, 0, 0, 0, 0, 0, 0, 0, 0, 0, 0, 0, 0, 0, 0, 0, 0, 0, 0, 0, 0, 0, 0, 0, 0, 0, 0, 0, 0, 0, 0, 0, 0, 0, 0, 0, 0, 0, 0, 0, 0, 0, 0, 0, 0, 0, 0, 0, 0, 0, 0, 0, 0, 0, 0, 0, 0, 0, 0, 0, 0, 0, 0, 0, 0, 0, 0, 0, 0, 0, 0, 0, 0, 0, 0, 0, 0, 0, 0, 0, 0, 0, 0, 0, 0, 0, 0, 0, 0, 0, 0, 0, 0, 0, 0, 0, 0, 0, 0, 0, 0, 0, 0, 0, 0, 0, 0, 0, 0, 0, 0, 0, 0, 0, 0, 0, 0, 0, 0, 0, 0, 0, 0, 0, 0, 0, 0, 0, 0, 0, 0, 0, 0, 0, 0, 0, 0, 0, 0, 0, 0, 0, 0, 0, 0, 0, 0, 0, 0, 0, 0, 0, 0, 0, 0, 0, 0, 0, 0, 0, 0, 0, 0, 0, 0, 0, 0, 0, 0, 0, 0, 0, 0, 0, 0, 0, 0, 0, 0, 0, 0, 0, 0, 0, 0, 0, 0, 0, 0, 0, 0, 0, 0, 0, 0, 0, 0, 0, 0, 0, 0, 0, 0, 0, 0, 0, 0, 0, 0, 0, 0, 0, 0, 0, 0, 0, 0, 0, 0, 0, 0, 0, 0, 0, 0, 1, 1, 1, 1, 1, 1, 1, 1, 1, 1, 1, 1, 1, 1, 1, 1, 1, 1, 1, 1, 1, 1, 1, 1, 1, 1, 1, 1, 1, 1, 1, 1, 1, 1, 1, 1, 1, 1, 1, 1, 1, 1, 1, 1, 1, 1, 1, 1, 1, 1, 1, 1, 1, 1, 1, 1, 1, 1, 1, 1, 1, 1, 1, 1, 1, 1, 1, 1, 1, 1, 1, 1, 1, 1, 1, 1, 1, 1, 1, 1, 1, 1, 1, 1, 1, 1, 1, 1, 1, 1, 1, 1, 1, 1, 1, 1, 1, 1, 1, 1, 1, 1, 1, 1, 1, 1, 1, 1, 1, 1, 1, 1, 1, 1, 1, 1, 1, 1, 1, 1, 1, 1, 1, 1, 1, 1, 1, 1, 1, 1, 1, 1, 1, 1, 1, 1, 1, 1, 1, 1, 1, 1, 1, 1, 1, 1, 1, 1, 1, 1, 1, 1, 1, 1, 1, 1, 1, 1, 1, 1, 1, 1, 1, 1, 1, 1, 1, 1, 1, 1, 1, 1, 1, 1, 1, 1, 1, 1, 1, 1, 1, 1, 1, 1, 1, 1, 1, 1, 1, 1, 1, 1, 1, 1, 1, 1, 1, 1, 1, 1, 1, 1, 1, 1, 1, 1, 1, 1, 1, 1, 1, 1, 1, 1, 1, 1, 1, 1, 1, 1, 1, 1, 1, 1, 1, 1, 1, 1, 1, 1, 1, 1, 1, 1, 1, 1, 1, 1, 1, 1, 1, 1, 1, 1, 1, 1, 1, 1, 1, 1, 1, 1, 1, 1, 1, 1, 1, 1, 1, 1, 1, 1, 1, 1, 1, 1, 1, 1, 1, 1, 1, 1, 1, 1, 1, 1, 1, 1, 1, 1, 1, 1, 1, 1, 1, 1, 1, 1, 1, 1, 1, 1, 1, 1, 1, 1, 1, 1, 1, 1, 1, 1, 1, 1, 1, 1, 1, 1, 1, 1, 1, 1, 1, 1, 1, 1, 1, 1, 1, 1, 1, 1, 1, 1, 1, 1, 1, 1, 1, 1, 1, 1, 1, 1, 1, 1, 1, 1, 1, 1, 1, 1, 1, 1, 1, 1, 1, 1, 1, 1, 1, 1, 1, 1, 1, 1, 1, 1, 1, 1, 1, 1, 1, 1, 1, 1, 1, 1, 1, 1, 1, 1, 1, 1, 1, 1, 1, 1, 1, 1, 1, 1, 1, 1, 1, 1, 1, 1, 1, 1, 1, 1, 1, 1, 1, 1, 1, 1, 1, 1, 1, 1, 1, 1, 1, 1, 1, 1, 1, 1, 1, 1, 1, 1, 1, 1, 1, 1, 1, 1, 1, 1, 1, 1, 1, 1, 1, 1, 1, 1, 1, 1, 1, 1, 1, 1, 1, 1, 1, 1, 1, 1, 1, 1, 1, 1, 1, 1, 1, 1, 1, 1, 1, 1, 1, 1, 1, 1, 1, 1, 1, 1, 1, 1, 1, 1, 1, 1, 1, 1, 1, 1, 1, 1, 1, 1, 1, 1, 1, 1, 1, 1, 1, 1, 1, 1, 1, 1, 1, 1, 1, 1, 1, 1, 1, 1, 1, 1, 1, 1, 1, 1, 1, 1, 1, 1, 1, 1, 1, 1, 1, 1, 1, 1, 1, 1, 1, 1, 1, 1, 1, 1, 1, 1, 1, 1, 1, 1, 1, 1, 1, 1, 1, 1, 1, 1, 1, 1, 1, 1, 1, 1, 1, 1, 1, 1, 1, 1, 1, 1, 1, 1, 1, 1, 1, 1, 1, 1, 1, 1, 1, 1, 1, 1, 1, 1, 1, 1, 1, 1, 1, 1, 1, 1, 1, 1, 1, 1, 1, 1, 1, 1, 1, 1, 1, 1, 1, 1, 1, 1, 1, 1, 1, 1, 1, 1, 1, 1, 1, 1, 1, 1, 1, 1, 1, 1, 1, 1, 1, 1, 1, 1, 1, 1, 1, 1, 1, 1, 1, 1, 1, 1, 1, 1, 1, 1, 1, 1, 1, 1, 1, 1, 1, 1, 1, 1, 1, 1, 1, 1, 1, 1, 1, 1, 1, 1, 1, 1, 1, 1, 1, 1, 1, 1, 1, 1, 1, 1, 1, 1, 1, 1, 1, 1, 1, 1, 1, 1, 1, 1, 1, 1, 1, 1, 1, 1, 1, 1, 1, 1, 1, 1, 1, 1, 1, 1, 1, 1, 1, 1, 1, 1, 1, 1, 1, 1, 1, 1, 1, 1, 1, 1, 1, 1, 1, 1, 1, 1, 1, 1, 1, 1, 1, 1, 1, 1, 1, 1, 1, 1, 1, 1, 1, 1, 1, 1, 1, 1, 1, 1, 1, 1, 1, 1, 1, 1, 1, 1, 1, 1, 1, 1, 1, 1, 1, 1, 1, 1, 1, 1, 1, 1, 1, 1, 1, 1, 1, 1, 1, 1, 1, 1, 1, 1, 1, 1, 1, 1, 1, 1, 1, 1, 1, 1, 1, 1, 1, 1, 1, 1, 1, 1, 1, 1, 1, 1, 1, 1, 1, 1, 1, 1, 1, 1, 1, 1, 1, 1, 1, 1, 1, 1, 1, 1, 1, 1, 1, 1, 1, 1, 1, 1, 1, 1, 1, 1, 1, 1, 1, 1, 1, 1, 1, 1, 1, 1, 1, 1, 1, 1, 1, 1, 1, 1, 1, 1, 1, 1, 1, 1, 1, 1, 1, 1, 1, 1, 1, 1, 1, 1, 1, 1, 1, 1, 1, 1, 1, 1, 1, 1, 1, 1, 1, 1, 1, 1, 1, 1, 1, 1, 1, 1, 1, 1, 1, 1, 1, 1, 1, 1, 1, 1, 1, 1, 1, 1, 1, 1, 1, 1, 1, 1, 1, 1, 1, 1, 1, 1, 1, 1, 1, 1, 1, 1, 1, 1, 1, 1, 1, 1, 1, 1, 1, 1, 1, 1, 1, 1, 1, 1, 1, 1, 1, 1, 1, 1, 1, 1, 1, 1, 1, 1, 1, 1, 1, 1, 1, 1, 1, 1, 1, 1, 1, 1, 1, 1, 1, 1, 1, 1, 1, 1, 1, 1, 1, 1, 1, 1, 1, 1, 1, 1, 1, 1, 1, 1, 1, 1, 1, 1, 1, 1, 1, 1, 1, 1, 1, 1, 1, 1, 1, 1, 1, 1, 1, 1, 1, 1, 1, 1, 1, 1, 1, 1, 1, 1, 1, 1, 1, 1]