#/home/brian/Documents/summer17/Python/VEC/scripts/make_SBM_graphs.py
# GMT Thu Jul 27 21:51:57 2017
# 
0 131 680 877 275 822 1400 669
1 249 34 1676 1334 1655
2 1955 1358
3 897 387 68 213 1305 380
4 1840 614
5 1360 1873 927
6 1833 1418 1588 1069 510
7 1992 449 979
8 1603 651 1702 1267
9 1176 32 968 527
10 1024 152 1098 501 542
11 1088 1329 224 1037
12 1890 748 1490
13 1728 1107 165 687
14
15 1465
16 83 698 403 1527
17 1360 1848 799 1887
18 1536 962 261 1515 48 465 1112 991 1567
19 1539 1618 1745 946 1059 1396 1943 1624 1467
20 1739 1894
21 200 1299 1116 1029 979
22 352 330 653 303 1562 796 122
23 1594 348 802 1190
24 527 695 1071
25 993 597 334 1021
26 1435 268 1292 656 566 667
27 888 207 1367
28 119 628 965 29
29 839 200 110 1330 1397 731 509
30 808 187
31 750 1095
32 101 1918 97
33 1424 874 637
34 1096 250 1270 1537
35 1433 758
36 107
37 1721
38 1794 1667 695 1774 1119
39 1290
40 600 1528
41 1898 1106 1806
42 1196 508 382 1588
43 1793 1890 1254 1990 1226 1265 1753
44 206 947 1076 1205 250 277
45 1051 960 859 1640 1223
46 899 807 462 695 282 1055
47 416 705 67 489 1489 1716 1205 1854
48 388 1287 523 1004 1261 1616 1370
49 489 1851 1132
50 219 671
51 144 1260 140 270
52 321 1571 1493 654
53 1009 1724 1348
54 1824 427 839 843 750 1391 207
55 1568 1831 1807 624 1400 1306
56 377 914 589 1078
57 1508 1420 973 527 698 943
58 312 240 725 61 1287
59 854
60 428 1931 1068 486 910
61 213 426
62 873 610 805
63 1424 1228 304 1875 1014 1847 382
64 218 1759
65 1988 869 1384 621 1112 989
66 1013 332 229 1719
67 840 1643 333 1135 275 155
68 217 546 213 895
69 1633 1345 297 657 980 474 893
70 1834 187 1830
71 1156 770 1300 663
72 486 1803 879 372 1110 251 735
73 413 1538 1954 1511
74 1777 179 1681
75 1134 884 517 1510
76 772
77 1195 300 502
78 373 1958
79 1168 144 1654 360
80 930 565 1183
81 1129 1890 223
82 1673 747 980
83 229 1963 1452 1909 350
84 811 1038 752 724 1301 761 1405
85 288 329 970 588 275 1494 1452
86
87 1537 1483 1002 1003 847 1074 217 1147
88 352 1656 1766
89 1012 554 835 364 941
90 424 1041 1111
91 1611 1972 1743
92 554 1370 631
93 305 1434 1691 404 286
94 1079 174 756 950 1463 152
95 1521 1077 183
96 712 1097 508 438
97 1326 1904 403 757 668 573
98 946
99 1323 1189
100 1794 1916 402 1047
101 1896 1017 556 1311
102 359
103 842 1500 373
104 1976 120 882 1196 1039
105 632 251 229
106 261 366
107 204 1373 1501
108 1976 304 1834 302 1086
109 273 634 1099 212 466
110 556 996 958 367
111 1668 883 1369 1540 987 735
112 1753 154 1519
113 490
114 1859
115 1988 907 1585 1141 1622 250
116 948 1431
117 1121 1185 1964 235 588 191
118 372 131 1620 207
119 1520 408 951
120 759
121 1010 1780 198
122 232 620 303 1296 572 767
123 1643 594 1491 887 316 1983
124 220 1220 173 1581
125 720 401 143 1862 1407
126 1088 1639 530 278 475 510 1279
127 1303
128 1401 434 686 1662 319
129 153 1203 676 313
130 1119 796 1710 1999
131 881 1818 1508
132 1410 1127 1960 169 706 815 281
133 739 1033 1579 757 1599 1498 507 191
134 674 939 1410 1743 1049 349 638
135 1786 851 781 1342
136 1550 1623
137 1925 1704 682 1234 696 1755
138 476 1526
139 690 170 1861 742 215
140 1810 492 885 287
141 211 853 1799
142 944 1419 524 975
143 1219 621 463 821 918
144 705 321 1074
145 1298 879
146 259 244 182
147 1968 545 163 1503 1879
148 1744 1401 1921
149 1936 665 1587
150 1073 1434 411 789 407
151 1300 1180
152 1410 1388 1559 793
153 1339 1548 917 1105
154 1980 1655
155 1098 1173 967
156 457 554 407
157 1608 1519 567 632 1401 1679 732
158 864 234 1743
159 1036 690 1753 1051 957 1343
160 436 245 431
161 834 1283 387 308 1146 1242
162 207 548 1021 759
163 413 1897 637 1093
164 1156
165 1321 1442 1707
166 1286 1292 588 1870 1583 1850 1179
167 803 699 998 703
168 1578 883 1805 1674 906
169 632 353 1514 1270
170 1059 1707 1406
171 384 1540 1542 423 680 1617 211 600
172 521 530
173 1380 1691
174
175 1600 762 261 374
176 1986 1923 445 1398
177 810 595 188
178 297
179 1344 1859 684 1213 1296 1047 760 989
180 640 551
181 284
182 1038 1142 1463 1532 1021
183 792 884 1181 1966
184 419 1166
185 1780 566
186 1243 295 1035 1517 1059 1492 1301 1593 1915
187 1414
188 266 283
189 433 1924 1318
190 1452 1844 1117
191 1440 1062 1043 988
192 946 1643 1243
193 672 1316 1937 242 1845 566
194 848 1421
195 1952 392 1442 987
196 1369
197 536 1481 1170 1403 213
198 326 1003 563 1363 1845 1144
199 995 708 458 555 1234 821
200 934 712 880 1299 1399 1657
201 813
202 1713 308
203 672 740 474 636 423
204 1096 392 901 406
205 1698 395 676
206 1832 1022
207 1604 1770
208 1648 1745 820 891 1022 1247
209 1606 590 1745 468 1879 916 218 1787
210 969 1374
211 1216 427 1591
212
213 1713 857 1978 901
214
215 1796 1869 1104 338 1590 1215 703
216 832
217 1519 685 1334
218 394 1968
219 489 803 1412 1767
220 1481 1674
221 955 508 638 1159
222 325 614 1192 649 1578 1004 1780
223 1934 1294 1582
224 483 1183
225 1218 1765 1230 1905 1650 670
226 954 1556 1509 918
227 1736 1921 263 1150 487
228 481 1482 919
229 580 391 1897 1561 1279
230 1509 680 617 363 1263 1143
231 1133 1655 856 986 1820 927
232 1158 1495
233 1696 894 271
234 1843 1095 989 847
235 1906 1846 1005
236 1841 1283
237 1401 787 900 457
238 1880 740 1804
239 599 267 894 279
240 457 875
241 1027 326 947 986 443 1919
242 402 1721
243 856 1669 374
244 1024 1489 1339 1791
245 1381 1161 976 1109 695 597
246 1457 1370 1092 479
247 1616 1840 1242 1229 1958
248 1273 1795
249 1096 846 497
250 706 1839 664
251 1663
252 1987 1787 1654
253 439
254 345 428 964 833 769
255 1249 1346 968 268 1741 976 1041 1721 1212
256 1048 1769 323 665 1929
257 1815 1427 1727
258 1153 1315 1964 494 339 1678 441 1695
259 1759 540 1862 1431
260
261 1312 475 458 270 751 1049
262 924 766
263
264 544 1617 1819 286 1587
265 1691 1860 278 731
266 1800 1585 1556 519
267 886
268 1725 882
269 1757 638
270 1363 1181
271 1379 1956 657 1617 348
272 1825 1797 719
273 1985 515 1829 454 1269
274 1138 1774
275 1026 1252 710 718
276 1525
277 1818 1277 542
278 1110 1062
279 872 1218 1155 1645
280 1443 947 415
281 1772 756 1038 565
282 1892 1126 911 692 988
283 1337 866 318
284 1738 542 1494 406
285 707 932 1180 1197 1261 1308
286 1299 1014
287 1091 1029 1074 598 1468 1087
288 1523
289 1728 544 549 521 318 1369 1822
290
291 657 1579 974 1745 626 1178
292 950 1990 1607
293 913 1545 1751
294 1466 1373 1982
295 770 805 1868 565 1270
296 1115 1116 1165
297 1585
298 1363 1307
299 610 1276 1173 983
300 742 966 1614 1525 758 1958 1624
301 1260 709
302 1154 1053
303 837 1959 1000 1226 401 405 1372 538
304 905 1890
305 843
306 1026 1653 665 1369 1435 735
307 1734 1224 1836 399 655 669
308 1510 1351 405 1015
309 1754 1423
310 1603 1542 840 654 1523 1571 1235 1879 540
311 1088 1127
312 956 1386 1901
313 1570 673 1837 850 1172 1730
314 388 616 1067 815 1648 1820 414
315 1834 1315
316 961 963 1511
317 1763 812 1745 597 534 1656 890 1277
318 543
319 1313 750
320 729 599
321 880 1617 1263
322 832 1653 1854 687
323 680 706 1801 1057
324 1205 1119
325 1457 867 1148
326 1736
327 1765 1487
328 1997
329 1929 1102 565 846 789
330 1370 1851 1484 1053
331 1840 1105 1452 1894
332 1714
333 946 781 818 1013 495 1645 1151
334 833 1571 961 1490 403 692 1653 1756
335 842 694 375 858 1917 383
336 1808 1321 498 1647
337 1905 1722 1780
338 1283
339 953 1316 1617
340 1280
341 493
342 352 898 1810
343 1224 1674 463 600 1402 1883
344 1265 1507 413 1822
345 1496 649 1426 1203
346 372 389 1374 1135
347 769
348 795 748 1746 1490 1423
349 562 1275 388 1935
350 376 1426
351 937 428 1267 950 473 1022
352 1955 1522 1175
353 754 1355 668 540
354 992 1029 565
355 713 1522 1866
356 1088 555 749 1231 371 826
357 1088 483
358 1272 561 491 695
359 1464 532
360 1473 1506 421 1390 758
361 1168 490 836
362 1452 1538 1324 518
363 491 816 1842 503 1048
364 482 1627 1044
365 1538 1987 1096 1801 970 1420 968 664
366 482 614 648 1482 556 685 686 400
367 1067 591 1810 469 443
368 523 1684
369 896 1101 1735
370 1505 1554 940
371 1226 1830 671
372 573 1647
373 1468 1386 892
374 1988 1222 1576 721 1074 1013 1110 1114
375 1807 1531 694 438
376 1297 1051 1901 1595
377 1961 830 934
378 883 1022 670
379 692 1772 1669 1761
380 1904 1123 1588 1691
381 1472 1314 1812
382 1328 1794 1378 1008 1016
383 1332 1046 696 1050 1307
384 1400 426 527
385 1020 1996 1053 1070 559
386 1650
387
388 1482 1338 1231
389 1798 1771 400 564 406
390 689 1764 1693 558 741
391 1985 750 1758 1103
392 754
393 624 1104 611 1212
394 1578 1935 1904 586 447
395 1042 979 725 1654 599
396 1218 1411 1414 1067 1234 884 1913
397 1051 1884 1614 1135
398 1793 1307 1933 1038 1881 1146 699 1053
399 994 1572 1493 411 1045
400 704 596 421
401 1605 1662
402 544 935 940 462 978 1971 1429 600
403 967
404 924 1386 1972 457
405 1953 1218
406 1353 883 472 539
407 1736 979 1990
408 1995
409
410 881 542
411 1673 977 1273
412 986
413 1728 840 1645 1199 560 565 1335
414 1384 1867 1383
415 1386 766
416 1911 1983 1422
417 681 1119
418 1920 531 1981 1918
419 1842 1508
420 1500 1867 1675
421 1411 1229 1562 1468 701
422 1083 1861 1413
423 1064 811 1580 1946
424 760 1738 1980 1818
425 1347 1647
426 1395 1179 741
427 1484 1614
428 1025 741 903 1489
429 1802 1566 1727
430 1857 1131 622 1391 662 1433 1051 1951
431 544 804 904 1463 1820
432 1764 1511 586 1579 844 525 1750 1466 763
433 1736 1264 1604
434 1527 614 1303
435 1565 1671
436 585 730 1673
437 1305 621
438 936 842
439 1241 1730 715
440 1387 1231
441 824 498 1319
442
443 1905 1256 1231 469 1079 763
444 1536 899 628 1758 703
445 1762 1220 1582 1296 949
446 1178 1739 514 1022 755
447 1072 955
448 787 899 1926 558 807
449 938 631
450 1321
451 1915 1947 1381 739
452 1972 998
453 832 1913 949 694
454 1601 1860 1705 1524 989
455 1017 955 828
456 804 1606 1227 686 624 1686
457 1894 1943
458 745
459 1746 1188 1666 1647
460 1217 1825 1249 878 976 1274
461 1312 1329 1229
462 1075 1966 1178 1717
463 772 818 1530 1245
464 1305 626
465 1899 1209 1724 957 1662
466 1248 855 1881 1631 767
467 1248 1681 603 900 1085
468 544 672 836 552 1161 1706 626 1960 1693
469
470 572
471 1050 1199 917 1094 1223
472 612 1277 1585 1631 637 1119
473
474 964
475 1321 1818
476 1728 1447 879 1201 1236
477 1216 625 1054
478 1585 1931 881
479 1392 1442 1571
480 1248
481 1160 653 1169 533 507
482 1317 1225 1197 1777 1945
483 1026 933 840 573 1989 1117
484 1531
485 1621
486 1833 907 1665
487 1688
488 1976 992 852
489 1012 1828
490 887 1846
491 933 1896 1322 1484 1402
492 1546 1007 1263
493 1753 642 1907 1831
494
495 1572 1452 1805 759 1534
496 1168 625 1650 870
497 833 744 1451 1304 1626
498 898
499 1712 858 1171 1005
500 1329 1244 1711
501 1005
502 676 1372
503 1424 1353 970 1110
504 1136 705 1318 1774 1321
505 915 1742
506 1523 526
507 1696 934 1482 1261 1807 1808
508 1397 855 1051
509 674 621
510 769 1635 1362 1716 1503
511 1492
512 864 554 939 1156
513 1713 1034 743
514 913 1139 910
515 1824 835 868 839 1360 1396 1462 1092 955
516 684 1478 943
517 1184 1763 1305 1628 1374
518 640
519 811
520
521 1795 693 657
522 1001 773 1321
523 1473 684 1393 1266 1242 1756 1757 1823
524 1330 797 958
525 1875 1452 1013
526 935 553 1405 1232 1949
527 1449 719 1779
528 1526 627 790 782
529 1561 1685 1590 1167
530 1596 907 1380
531 1800 969 907
532 1512 1921 1291 1132
533 1737 1497
534 1568 1573 1135 1491 1948 766
535 1966 847 1296 635 1244 797
536 721 1082 966 949
537 1076 550 838
538 800 1075
539 642 983 1623
540 711 1673 1301
541 1097 1130 599 902 1063
542 1728 1075 667 954
543 1922 1058 1670
544 1927 935 1818
545 711 1487
546 1678 1231 690 567 1595
547 1404 1492 1189 1662
548 689 829 726 1489
549 800 643 1486
550 1926 680 778 1486 1043 1882
551 1554 1547
552 1371
553 1880 1737
554 1381
555 1862 1000 565 1115
556 1230 1901 1593
557 825 1306
558 1938 1572 1503
559 1977 1028 1933 1841
560 1057 1763 711 1324 848 561
561
562 1094 1196 1933 925 1947
563 648 845
564 866 707 876 909 861
565 1968 1451 656 735
566 1823 1063
567 922 1215
568 953
569 820 1350 1719
570 665 706 1198
571 1554 1195 1980 1357
572 808 1394
573 1088
574 1811 1235 1239
575 595 697 1594 1107 1005
576 664 1902
577 1953 1754 1025 1477 1799
578 811 1371 1321 1167
579 845 591
580 667 1604
581 738 941 1015
582 1425 1090 1108
583 1313 734
584 737 1194 1262 975 1238 607
585 872
586 1759
587 1704 955 677 1966
588 863 806 1772 1553 1079 1978 1503
589 1928 939 1006 806
590 1647 1831 641
591 666
592
593 1603 604 741 1071
594 1593
595 936 969 667
596 1416 1073 1812 1877 981
597 1395 1108 629
598 1672 601 1426
599 1270
600 834 1273
601 1760 1856 806 1482 1519 1522
602 1797 1322 847 1072 1650 1978 1437
603 1652 1885 1085
604 1079
605 1209 1602 1419 733 625
606 1603 1382 1630
607 1314 941 1608 1139 1012 1144 1593 1343
608 1722 1695 995 1893 631
609 1155
610 1767
611 1440 1573
612 858
613 742
614 1389 708 892
615 680 1530 1603
616 696
617 1011 1719
618 1469
619
620 1416 1441 1045 1143
621 965 1377 744 788 1471
622 708 1901
623 966 971 782 1203 628 760
624 1067 1774
625 1257 1747
626 1904 1026 658 1756
627 1940 1691 1364
628 1967 1810 1332 981 1305 1726
629 1960 1149 1957
630 755 941
631 1477 1192 1065
632 1474 1670 1103 1021
633 1781 933
634 1520 853
635 1479 1828 782 1222
636 880 1417 1628 1453
637 1491 1365 1178
638 1124 1488 794
639 872 1812 774
640 705 1575 969 1619 820 1818 1212 1402
641 1090 1844
642 1532 726 1469
643 650 1563 831
644
645 648 1928 826 1403
646 1681 1117
647 1980 1886
648 1601 1507 1621
649 1984 1280 1899 1840
650 1811 1878
651 1579 1868 983
652 1888 1065 1546 1436 1326
653 1053 751 925 1470
654 1668 680 1583 1340
655 720 1488 842 1567
656 931 1764 1045 1623
657
658 1080 1456
659 1867
660 1090
661 1678 958 1158
662 1297 786 837
663 1072 1480 1399 1780
664 930 1700 1365
665 1630 1118
666 1579 943 1655 893 734
667 1665 807 1171
668
669 836 1030 683 1653
670 1072 1691 1181 1919
671 768 1336 1496 859
672 1771 1866 883 1111
673 1072 1003 884 1303
674 1160 1139 764
675 1201 1971
676 1871 914 1399
677 773 1237 1885
678 1674
679 780 907 700 1991
680 1703
681 1121
682
683 820 1237
684 1021
685 1515 1358
686 1213
687 1568 1676 977 1043
688 1488 1777 1717
689 1136 1772
690 1099 1992 1890 1455 849 1462 1016 1215
691 1059 1484
692
693 790 847
694 1153
695
696 1504 1283 965 1471
697 1640 1051 1437
698 1140
699 1008 1146
700 1592 1682 1597
701 1328
702 1512 723 1676 1630 1599
703 1347 1544 1146
704 1725
705 1505 782 1653
706 1350 1291 1325 1199 1490 1619 1367 1432
707 1315 1604 1004 1742 1839 1753
708 1347 1283
709 1864 1689 1222 1253
710 807 879 1141 1176 954
711 775
712 1055
713 1400 980 855
714 945 827
715 1969
716 1408 1227 1750
717 1718
718
719 1144 1656
720 1529 1711 1553
721 1251 925 1221
722
723 1345 1410 756
724 1188 1906 735
725
726 832 993 1478 1865 1738 816
727 1515 1868 1733 855
728 800
729 1874
730 1969 1690
731 885 1329
732 1401 1172 1393
733 1184 1602
734 1929 769
735 1994 1111
736 1257 1667 750
737 1841 1675
738 1223
739 1505 1572 748 1778
740 1720 1114 1183
741 1960 1547
742 1229 1427 1020
743 1224 1805 1205
744
745 1040 1132
746 1000
747 800 937 1171
748 1768 1610 883 1460
749 1597 1469
750 1595
751 872 821 1975 1470
752 1224
753 1998
754
755 832 899
756 1664 1772 1164
757 1796 1512 1746 1945
758 1985
759 1796 1929 1340
760 889 1419
761 1800 1620 898 1795
762 1803 1111 1395
763 1009 1261
764 989
765 1316 1070
766 1255 958
767 1352 1809
768 1177 1439
769 1770 1246 1041 1368 1530
770 958
771 955
772 907 1725 1878
773 1840 884 1599 1386 1253
774 880 1008 1570
775
776 1577
777 1808 1181
778 1868 1772 1452 1301 1333
779 1801 1577
780 1609 1779 1141
781 1376 1791 1927
782 1958 1423 1427
783 985 1091 1645
784 945 1796
785 1056
786 1049 1591
787 931 1710 1207 1084
788 1496 1338 926
789 1554 1236
790 1961 962 1097
791
792 1496 1563 1557
793 1623
794 1977 1597 919
795 1033 1038 1580
796 1867
797 1813
798 1713 938 1220 913
799 1235 1119
800 1098
801 1201 1338 1270
802 1250 1127 1420 1075 1429 829
803 1242 1524
804 1503 1477
805 945 1922 1715
806 1297 917
807 1700 1199 1361
808 919
809 852 1100 1092
810 961 1201 1929 1739 987 1822
811 1200
812 1690 1842 1317
813 1323 1023 1006 1935
814 1497 1714 1620 1422 1558
815 1220 1462 1215
816 1712 1816 964
817 1360 1195
818 992 865 1573 1900
819 1012
820 1122 971
821 1252 1221
822 1652 1206 1016 1818 1692
823 1393 1845 902 1589
824 1234 949 1799
825 1555 1623 1525 1670
826 1730 1480 1130 1356 1072 1525
827 1707 1676 1606
828 1356
829 1545
830 961 975
831 1232 1842 910
832 1352 1707 1489
833 1873
834 1568 1796 879 1873 1916
835 1124 1994 1940 1162
836 1728 1096 1361 1463
837 1657 1548
838 1779 1181
839 1733 1158 1852 1261 1308 991
840 1783
841 1673
842 1496
843 1063
844 1986 977 1580 1805 1615 881
845 1601 1384 1482 1581 1680 1672 1087
846 1954 1532
847 1433 894
848 1200 1059 1569 1193 874 855 1528
849 881 1828
850 1184 1813 1679
851 1355 1239 1474 1038
852 1962 1451 1196 1520 1394
853 1297 1397
854 1008 1144 1229 1158
855 1303 1149
856 1821 1878 1530 1117
857 1082 1700 1221
858 1291 1452 1210
859 917 1642
860 1629
861 1544 886
862 1696 1602 932
863 929 1606 1176 1049 1725
864 1992 1262 1269 1177
865 1336
866 1767 1609 1838 1141
867 1891 1197 1681 1749 1565
868 1218
869 1872 1588
870 1897 1998
871 1883 1251
872 1868 1613
873 1674 1131
874 1991 1553 1552 1857
875 1234 1780 1114
876 1504 1370
877 970 1703
878 1764 1751 918 1991
879 1200 1509 1968
880 1247
881
882 1482 1925 1839
883 1501 1784 1781 1848 1405 1151
884 1662 1182
885 1065
886 1475 1515
887 1550 1422
888 1528 1033 1396
889 1370 1390 1414 1087
890 916 1445
891 1032 1499 1375
892 1586
893 1233 988
894 1312 1046
895 1857 946
896 1760 1076 953
897
898 1298
899 1490
900 1377 1799
901 1200
902 1905 1170 1235 1012
903 1451 1258 1163 1071 1395 1304
904 1578 1479 918
905 1331 1858 971 1807
906
907 1515 1171 1241 1465 1178 1275
908 1574
909 1426
910 976 1460 1044
911 1721 1527
912 1690
913
914 1600 1124 1255 1998 1839
915
916 1080 1246 1304
917 1681
918 1024 1321 1866 1258
919
920 1382 1991
921 1596
922 1881 1785 1262
923 1312 1989 969 1674 1357 1276
924 1650 1095
925 1834 942 1520 1309
926 1104 1833 971 1140
927 1026 1491
928 1216 1344 1055
929 1008
930 1782 977
931 1932
932 1834 1902
933 1922
934 1036 1430
935 1489
936 1314 1541 1992 1197 986
937 1405 1487
938 1511 1839 1881 1372
939 947 1253
940 1788 1636 1789
941 1930 1202
942 1377
943 1011 1603
944 1792
945 976 1583 1623
946 1362 1527 1947
947 1874 1014
948 1200 1876
949 1614 1299
950 1574 1382 1610
951 1946
952 1785 1731
953 1889 1506 1733 1085 1629
954 1996 1199 1202 1653 985 1583 1212
955 1316 1423
956 1433 1349 1461
957 1184 1225 1590
958 1416
959 1137 1444 1918
960 1648 1257
961 1909
962 1762 1975
963 1756
964 1418 1451 1422
965 1007 1748 1690 1499
966 1698 1662
967 1339 1353
968 1227 1837
969 1505 1771 1327
970 1024 982 1013
971 1712 1500
972 1808
973 1919
974 1619 1292 1341 1431
975 1419 1480 1628
976 1126 1831
977 1947
978 1305 1378 1586
979 1910 1723 1565 1215
980 1325 1005 1916
981
982 1750
983 1583 1142 1151
984
985 1806 1454
986
987 1081
988 1091 1284
989 1103 1456 1177 1066
990 1857 1604
991 1762
992 1994 1666
993 1763 1801
994 1360 1545 1783 1189
995 1441 1251 998 1748 1913
996
997 1474 1309
998 1044 1426
999
1000 1028 1951
1001 1008 1809 1248 1386
1002 1889 1354 1507
1003 1426 1861
1004 1792 1519
1005
1006 1979 1735
1007 1146 1115 1455
1008 1595 1733 1928 1209
1009 1698
1010 1792 1050 1387 1597
1011 1173
1012 1713 1023
1013 1359
1014 1457
1015 1065
1016 1705
1017 1278
1018 1346
1019 1672 1640 1698 1491
1020 1051 1203
1021 1526 1474 1267 1498
1022 1932
1023 1308
1024
1025 1943 1772 1185
1026 1048
1027 1240 1586 1907 1727
1028 1978 1407 1974
1029 1705
1030 1444 1682 1756
1031 1086
1032 1841 1162 1748 1830
1033 1670 1929 1950
1034 1741 1269 1317
1035 1865
1036 1296 1080 1813
1037 1568 1921 1527
1038 1122 1829 1805
1039
1040 1657 1375
1041 1514
1042 1968 1945
1043 1458 1709
1044 1985 1637 1964
1045 1404
1046 1360 1319 1995
1047 1098
1048 1664
1049 1637 1502
1050 1423
1051 1677 1985
1052 1760 1128 1068 1070
1053 1196 1685 1467
1054 1101
1055
1056 1069 1463
1057 1994
1058 1739
1059 1102
1060 1887
1061 1520 1218
1062 1577 1205
1063 1598 1383
1064 1744
1065 1621
1066 1192 1953 1430 1182
1067 1536 1115
1068 1508 1580 1424 1365
1069
1070 1506 1417
1071 1783
1072 1336
1073 1801 1183
1074 1099 1740
1075 1741 1662
1076 1988 1422 1585
1077 1859
1078 1252 1397
1079 1498
1080 1894 1518 1882
1081 1971 1438
1082 1472 1590
1083 1177 1251
1084 1800 1898
1085 1896
1086 1265
1087
1088 1890 1139
1089 1613
1090 1772
1091 1157
1092 1516 1165 1269 1695
1093 1322 1452 1829 1119
1094
1095 1642
1096 1355
1097 1942 1291 1777
1098 1653 1596
1099 1255 1488 1330
1100 1168 1621 1813
1101
1102 1664 1774
1103 1203 1977 1500
1104
1105 1621 1129
1106 1925
1107 1763 1295 1778 1587
1108 1816 1630
1109 1930 1725
1110 1440
1111 1503
1112
1113 1216 1462
1114 1239
1115 1380 1269 1913
1116
1117 1331 1492
1118 1508 1772 1292
1119 1944
1120 1166 1831
1121 1451 1191 1259 1789
1122 1478 1326 1687
1123
1124 1223 1385 1748 1589 1851
1125 1355 1717
1126 1180
1127 1228 1841 1620
1128 1447 1159
1129 1618 1567 1252
1130
1131 1730
1132 1376 1508 1871 1402 1759
1133 1659 1868 1334
1134 1262 1975
1135 1392 1494
1136 1490
1137
1138 1618 1842 1398
1139 1922 1353 1774
1140 1956 1478 1258 1841 1822
1141 1907
1142 1501 1861
1143 1250 1838
1144
1145
1146
1147 1629 1582
1148 1384 1793 1302
1149 1467 1262
1150 1585
1151 1763 1618 1365
1152
1153 1632 1640 1303 1947
1154 1407
1155 1446 1862 1193 1562 1407
1156 1748
1157 1646 1591
1158 1252 1758
1159 1760 1323
1160 1507 1590
1161
1162 1302 1895
1163 1174 1816 1750 1926
1164 1509
1165 1412 1428
1166 1424 1818
1167 1248 1311
1168 1840 1225 1999
1169 1272 1988 1560 1193
1170 1910 1823
1171 1540 1931 1490 1530 1405 1947
1172 1436
1173 1636
1174 1816
1175 1899
1176 1769
1177 1461 1884
1178 1662
1179 1571
1180 1510 1766 1382 1885 1979
1181
1182 1608 1852 1253
1183 1666 1398 1527 1435
1184 1317 1758
1185 1914 1609 1585
1186 1860 1709
1187 1888 1255 1447
1188 1440
1189 1667 1505
1190 1273 1270
1191 1553 1381 1369
1192 1312 1230
1193 1619 1278
1194 1263
1195 1210 1359
1196 1574
1197 1562
1198 1744 1420 1383
1199 1227 1235
1200 1388
1201 1645 1205 1334 1368
1202 1480 1681 1260
1203 1699 1656 1885
1204 1494 1448 1236 1405 1870
1205 1795 1838 1778 1243
1206
1207 1828 1423
1208 1826 1770 1676 1394 1593 1882
1209 1409 1732 1877
1210
1211 1240
1212 1759
1213 1384 1399
1214 1422 1599
1215 1384
1216 1316 1278 1310
1217 1818 1715 1533
1218 1755
1219 1321
1220 1685
1221 1344
1222 1410
1223 1331
1224 1954 1396
1225 1705 1976 1240
1226 1294 1428 1941
1227 1253
1228 1252 1702
1229 1933 1333 1595
1230
1231 1611 1969
1232 1360 1367 1246
1233 1585 1606
1234
1235
1236 1448
1237 1793 1414
1238 1740 1998 1330 1908 1972
1239 1991
1240
1241 1296 1603
1242 1287
1243 1575
1244 1443
1245 1764 1670
1246 1819 1580
1247 1861 1640 1459 1622 1752
1248 1964
1249 1526
1250
1251 1315 1928 1877
1252 1282
1253 1799 1467 1469
1254
1255 1450 1996
1256 1566
1257
1258 1596
1259
1260
1261 1447 1972
1262 1636 1328
1263 1681
1264 1778 1350
1265 1638 1524 1974
1266 1796 1966
1267 1878
1268
1269 1827 1768
1270 1452 1805
1271 1638 1855
1272 1931 1277 1756 1725
1273 1384
1274 1408 1946 1783
1275 1801
1276 1442 1410 1643 1595
1277 1538 1355
1278 1676 1814
1279 1388 1559
1280 1691 1651
1281 1329 1562 1889
1282
1283 1480
1284 1539 1788 1578 1396 1596
1285
1286 1994 1587
1287 1506 1662
1288 1465 1419 1961
1289 1297 1437 1909
1290 1355
1291 1973
1292
1293
1294
1295 1361 1660
1296 1975
1297 1302 1753
1298
1299 1320 1524 1370
1300 1375 1485
1301
1302 1976
1303 1799 1524
1304 1585
1305 1488 1730 1629
1306
1307 1797 1342 1662 1695
1308 1390 1766
1309 1678
1310 1377 1654
1311 1733
1312 1374 1823
1313 1482
1314 1966 1648 1841 1758
1315 1515 1518 1657 1433
1316 1959
1317
1318 1918
1319 1936
1320
1321 1550 1693
1322
1323 1419
1324 1904 1831 1392 1816
1325 1452 1918 1686
1326 1584 1821
1327 1989
1328 1910
1329 1888 1518
1330 1595
1331 1520
1332 1389 1790 1766
1333 1948 1927
1334 1927 1820 1692
1335 1350
1336 1472 1478 1546
1337 1552
1338 1933
1339 1667 1604 1763 1431 1592
1340
1341
1342 1712 1855
1343 1417 1839
1344 1384 1347
1345
1346 1647 1660 1758
1347
1348 1649 1602 1882 1447
1349 1925
1350
1351 1786
1352 1774
1353 1931
1354 1805
1355 1653
1356 1624 1765
1357
1358 1472
1359
1360
1361 1729 1894 1700
1362
1363 1757 1815
1364 1942
1365 1880 1405
1366
1367 1806
1368 1782
1369 1379 1863 1564
1370 1476 1869 1902 1975
1371 1478 1514 1717 1398
1372 1583 1935
1373
1374
1375 1953 1890 1401
1376
1377 1930 1967 1917
1378 1951
1379 1543 1588 1897
1380
1381 1578 1392
1382 1464
1383 1566
1384 1765
1385 1513 1829 1757
1386
1387 1616 1858
1388 1987 1415 1489 1945
1389 1704 1648 1467
1390
1391 1661
1392 1914
1393 1752 1576
1394 1874
1395 1572
1396
1397 1802
1398
1399 1810
1400
1401 1482 1485
1402
1403 1579 1662
1404 1866 1668
1405 1594
1406 1555 1545 1731 1954
1407
1408 1527
1409 1849
1410 1478
1411 1626
1412 1979 1562
1413 1896 1960 1622
1414
1415
1416 1521
1417 1892
1418
1419 1815
1420 1439
1421 1696
1422 1802
1423 1472 1881
1424 1719
1425 1569 1981
1426 1902
1427 1470
1428
1429 1880
1430 1827 1597
1431 1847
1432 1856 1750 1622 1989
1433
1434 1989 1639 1576 1587
1435 1904 1555 1718
1436 1500
1437
1438 1572
1439 1482
1440 1557 1783
1441 1467 1694
1442 1666
1443 1468 1472
1444 1692
1445 1480 1564 1822 1655
1446 1961
1447 1711 1467
1448 1703 1592 1972 1980
1449
1450 1852
1451 1509 1643 1492 1946
1452 1854 1670
1453 1580
1454 1835
1455
1456 1959
1457 1994
1458
1459 1642 1908 1813
1460 1564
1461 1889
1462
1463 1559
1464 1645 1542
1465 1724
1466 1664 1931 1943
1467 1891 1681
1468 1596
1469 1645
1470 1614
1471
1472
1473 1834
1474 1929 1707 1811
1475 1813
1476
1477 1518 1654 1629
1478 1584 1594 1820
1479 1495
1480 1595 1852
1481 1508
1482
1483 1976 1695
1484
1485 1762
1486
1487 1667 1968 1498 1983
1488 1908
1489
1490 1588
1491
1492 1712
1493
1494
1495 1511 1789
1496 1633 1895
1497 1626
1498 1569 1709
1499 1713
1500
1501
1502 1740 1949 1820 1677
1503 1707 1770 1963
1504 1524
1505
1506
1507
1508
1509 1982
1510 1990
1511 1553
1512 1831
1513
1514 1946 1833
1515
1516 1605
1517 1771
1518
1519 1985
1520 1899 1972
1521
1522 1613
1523 1555
1524 1625
1525
1526 1573
1527 1772
1528 1981 1553
1529 1792 1628
1530
1531 1586 1925
1532 1693
1533
1534 1784
1535
1536 1672
1537
1538
1539 1693
1540 1647 1739
1541
1542
1543 1879 1805 1787
1544 1755
1545 1547
1546 1699 1588 1975
1547 1767 1974
1548 1792 1681
1549 1974 1598
1550 1991
1551
1552
1553
1554 1989
1555 1643
1556 1896 1707
1557 1606
1558
1559 1563
1560 1963
1561
1562
1563 1624 1997
1564
1565 1963 1905 1722 1663
1566
1567 1723
1568
1569 1868
1570
1571 1761 1587
1572 1764
1573
1574
1575
1576 1732 1609
1577 1833 1789
1578 1836
1579 1714
1580
1581 1891
1582
1583 1929
1584
1585
1586 1964
1587 1922 1778 1758
1588 1629
1589 1814
1590 1890
1591
1592
1593
1594 1789
1595
1596
1597
1598 1919
1599 1922
1600 1628
1601
1602 1891
1603 1866 1947
1604 1811
1605 1861 1869
1606 1748 1879 1876
1607
1608 1735
1609
1610 1721
1611 1672 1657 1794
1612 1811
1613 1774 1935 1992
1614
1615 1904 1886
1616
1617
1618 1951
1619
1620 1873 1693
1621 1902 1694
1622
1623 1694
1624 1903 1844
1625
1626
1627
1628 1952 1885
1629
1630
1631
1632
1633
1634 1826 1941
1635
1636 1940
1637
1638
1639
1640 1760 1911
1641 1946 1922
1642 1962
1643
1644 1698
1645 1994 1904 1682
1646
1647 1865
1648 1930 1662
1649
1650
1651
1652 1950
1653
1654
1655 1674 1806
1656 1763
1657
1658
1659 1692
1660
1661 1669
1662 1978
1663
1664 1956 1832
1665
1666
1667 1700 1945
1668 1670
1669 1923 1818 1939
1670 1880
1671
1672 1995
1673
1674
1675 1952 1953
1676 1980
1677 1869
1678 1817 1692
1679
1680
1681
1682
1683
1684
1685
1686 1857
1687 1860
1688
1689 1752 1919
1690
1691
1692 1831 1822
1693 1788
1694 1867 1966 1839
1695
1696 1905
1697 1754 1935
1698 1996
1699 1929
1700
1701 1907 1900 1903
1702
1703 1870
1704
1705 1742 1999
1706 1816 1770
1707
1708
1709
1710 1961
1711
1712 1924
1713
1714 1916
1715
1716 1797
1717
1718 1982
1719 1795 1944
1720
1721 1729
1722 1746 1965
1723
1724
1725
1726
1727
1728
1729 1898 1973
1730 1762
1731
1732 1927
1733
1734
1735
1736 1848
1737
1738 1924 1991 1770
1739
1740
1741
1742
1743
1744 1916 1746
1745
1746 1865 1789
1747
1748
1749 1933
1750 1782
1751
1752
1753 1871
1754 1975
1755
1756
1757 1856
1758 1786
1759 1822
1760
1761
1762
1763
1764 1989 1821
1765
1766
1767
1768 1869
1769
1770 1968
1771
1772
1773 1821
1774
1775
1776
1777
1778
1779
1780
1781
1782 1784
1783
1784
1785
1786
1787 1945
1788
1789 1960
1790 1817
1791 1842
1792
1793
1794 1889
1795
1796
1797
1798
1799
1800
1801
1802
1803 1971
1804
1805
1806 1957
1807 1847
1808
1809 1877
1810 1917
1811
1812 1951
1813 1953
1814
1815
1816
1817
1818
1819 1923
1820
1821
1822 1960
1823
1824
1825 1906
1826 1930
1827
1828 1840
1829
1830
1831
1832
1833
1834
1835
1836
1837
1838
1839 1871 1950
1840
1841
1842
1843
1844 1915
1845
1846
1847
1848
1849
1850
1851 1912
1852
1853 1922
1854
1855
1856 1902
1857
1858 1965
1859 1860 1877
1860
1861
1862
1863
1864 1901
1865
1866 1920
1867 1964
1868
1869
1870
1871 1935
1872 1958
1873
1874
1875
1876
1877
1878 1896 1880
1879
1880
1881
1882
1883 1897 1922
1884 1992
1885 1937
1886 1927
1887
1888
1889
1890 1959
1891
1892
1893
1894
1895 1959
1896
1897
1898
1899 1970
1900 1940 1926
1901
1902
1903
1904
1905 1955
1906
1907
1908 1976
1909
1910
1911
1912
1913
1914
1915
1916
1917 1942
1918 1989
1919
1920
1921
1922
1923
1924
1925 1949
1926
1927
1928
1929
1930 1942
1931
1932
1933 1940
1934 1936
1935
1936
1937
1938
1939
1940
1941
1942
1943 1960
1944
1945 1987
1946
1947
1948
1949
1950
1951
1952
1953
1954
1955
1956
1957
1958
1959
1960
1961
1962
1963
1964
1965
1966
1967
1968
1969
1970
1971
1972
1973
1974
1975
1976
1977
1978
1979
1980
1981
1982
1983
1984
1985
1986
1987
1988
1989
1990
1991
1992
1993
1994
1995
1996
1997
1998
1999
[1, 1, 0, 0, 0, 1, 1, 0, 1, 1, 1, 1, 1, 1, 1, 0, 1, 1, 0, 1, 1, 0, 0, 1, 1, 1, 1, 1, 0, 0, 0, 0, 1, 1, 1, 0, 1, 1, 1, 1, 1, 1, 0, 0, 1, 0, 1, 1, 0, 0, 0, 0, 1, 0, 0, 1, 0, 1, 0, 0, 1, 0, 1, 0, 1, 0, 1, 1, 0, 1, 0, 0, 1, 1, 0, 0, 1, 0, 0, 0, 1, 0, 1, 1, 1, 1, 1, 0, 0, 0, 1, 0, 0, 0, 1, 0, 0, 1, 1, 0, 1, 0, 1, 0, 0, 1, 0, 1, 0, 0, 0, 1, 0, 1, 1, 1, 1, 1, 1, 0, 0, 0, 0, 1, 0, 0, 1, 0, 0, 0, 0, 1, 1, 1, 0, 1, 1, 0, 1, 0, 0, 0, 0, 1, 0, 0, 1, 1, 1, 1, 1, 0, 1, 0, 1, 1, 0, 0, 0, 0, 1, 0, 1, 1, 0, 1, 1, 0, 1, 1, 1, 1, 1, 0, 1, 0, 1, 1, 1, 0, 1, 1, 1, 0, 1, 0, 1, 0, 1, 1, 1, 1, 1, 0, 0, 1, 1, 0, 0, 0, 0, 0, 0, 1, 1, 0, 1, 1, 1, 1, 0, 0, 1, 0, 0, 0, 1, 0, 1, 0, 1, 0, 0, 0, 1, 0, 1, 1, 0, 1, 1, 1, 1, 0, 0, 1, 0, 0, 1, 0, 0, 0, 1, 1, 1, 1, 0, 0, 1, 1, 1, 1, 1, 0, 1, 1, 1, 0, 0, 1, 1, 0, 0, 1, 1, 0, 1, 0, 1, 0, 0, 1, 1, 0, 1, 1, 0, 1, 1, 0, 0, 1, 1, 1, 1, 0, 0, 0, 1, 1, 1, 1, 0, 1, 1, 1, 0, 1, 0, 1, 0, 0, 0, 0, 0, 0, 1, 1, 0, 0, 1, 1, 0, 0, 0, 0, 1, 1, 1, 0, 0, 0, 1, 1, 1, 0, 0, 1, 1, 1, 0, 0, 1, 1, 1, 0, 0, 0, 0, 0, 0, 1, 0, 1, 1, 0, 1, 1, 1, 0, 0, 1, 0, 1, 1, 1, 0, 1, 1, 1, 0, 1, 1, 1, 0, 1, 0, 0, 0, 0, 1, 0, 1, 0, 1, 0, 0, 0, 1, 1, 0, 0, 0, 0, 1, 0, 0, 0, 0, 1, 1, 0, 1, 1, 1, 0, 0, 0, 0, 1, 0, 0, 1, 1, 0, 0, 1, 0, 0, 1, 1, 1, 0, 1, 0, 0, 1, 1, 1, 1, 0, 0, 0, 1, 1, 0, 1, 0, 1, 0, 0, 1, 1, 1, 0, 0, 1, 0, 0, 0, 0, 0, 1, 0, 0, 0, 1, 0, 1, 0, 1, 1, 0, 0, 0, 0, 1, 0, 0, 1, 1, 0, 1, 1, 0, 0, 0, 0, 1, 0, 0, 0, 1, 1, 1, 1, 1, 0, 1, 1, 0, 0, 0, 1, 0, 0, 1, 1, 0, 0, 1, 1, 0, 1, 0, 1, 0, 1, 0, 1, 0, 1, 0, 1, 1, 0, 1, 0, 0, 0, 1, 1, 0, 1, 1, 0, 1, 0, 1, 1, 1, 1, 0, 0, 0, 1, 1, 1, 0, 0, 1, 1, 1, 0, 1, 0, 0, 1, 1, 1, 1, 0, 1, 1, 1, 1, 0, 1, 1, 1, 1, 1, 1, 1, 0, 0, 0, 1, 1, 0, 1, 1, 0, 0, 0, 1, 0, 0, 0, 1, 1, 1, 0, 1, 1, 1, 0, 0, 1, 0, 1, 0, 1, 1, 0, 1, 1, 0, 1, 0, 1, 0, 1, 1, 0, 1, 0, 1, 0, 0, 1, 0, 0, 0, 1, 0, 1, 0, 0, 0, 1, 1, 1, 0, 0, 1, 0, 1, 1, 1, 0, 0, 0, 0, 1, 0, 1, 0, 0, 1, 0, 0, 1, 1, 0, 0, 0, 1, 0, 0, 1, 1, 1, 1, 0, 0, 1, 1, 0, 0, 1, 1, 0, 0, 1, 0, 1, 1, 0, 1, 1, 0, 0, 0, 1, 1, 1, 1, 1, 1, 0, 0, 1, 0, 0, 1, 0, 0, 1, 1, 1, 1, 0, 1, 0, 0, 0, 1, 0, 1, 0, 1, 1, 0, 0, 1, 0, 0, 1, 0, 1, 0, 1, 0, 0, 1, 1, 0, 0, 0, 1, 1, 0, 1, 1, 0, 1, 1, 1, 1, 0, 0, 1, 1, 1, 0, 1, 0, 1, 0, 0, 0, 0, 0, 1, 1, 0, 0, 0, 1, 1, 1, 0, 1, 1, 0, 0, 1, 1, 0, 0, 0, 1, 0, 1, 1, 1, 1, 0, 1, 0, 1, 1, 0, 0, 0, 0, 0, 0, 1, 1, 0, 1, 0, 0, 1, 1, 0, 1, 1, 1, 1, 0, 1, 1, 1, 0, 0, 0, 1, 0, 0, 0, 1, 0, 1, 0, 0, 0, 1, 1, 1, 1, 0, 1, 1, 0, 1, 0, 0, 1, 1, 1, 0, 1, 0, 1, 1, 1, 0, 1, 0, 1, 0, 0, 1, 0, 1, 0, 1, 0, 1, 1, 1, 1, 0, 1, 0, 1, 0, 1, 1, 0, 0, 1, 0, 1, 0, 1, 0, 0, 1, 0, 0, 0, 0, 1, 0, 1, 0, 0, 0, 0, 1, 0, 0, 1, 0, 0, 0, 0, 0, 0, 1, 1, 0, 0, 1, 1, 1, 0, 1, 0, 1, 0, 0, 0, 1, 1, 0, 1, 0, 0, 1, 0, 1, 1, 0, 0, 1, 0, 1, 0, 1, 1, 0, 1, 1, 1, 0, 1, 1, 0, 1, 0, 0, 1, 0, 1, 0, 1, 1, 0, 1, 0, 0, 1, 1, 0, 0, 1, 1, 0, 1, 0, 1, 0, 1, 0, 0, 1, 0, 0, 1, 0, 1, 1, 0, 1, 0, 1, 1, 1, 0, 1, 0, 0, 0, 0, 1, 0, 1, 0, 1, 1, 0, 0, 1, 1, 1, 1, 0, 0, 1, 1, 0, 1, 1, 0, 0, 1, 0, 1, 1, 1, 1, 0, 1, 1, 0, 1, 0, 1, 1, 1, 0, 0, 1, 0, 1, 0, 0, 0, 0, 0, 1, 0, 0, 0, 0, 0, 1, 0, 1, 0, 0, 0, 0, 1, 0, 0, 1, 1, 0, 1, 1, 1, 0, 0, 0, 1, 0, 0, 1, 1, 1, 0, 1, 1, 0, 0, 1, 1, 1, 0, 1, 0, 1, 1, 0, 0, 0, 0, 0, 0, 0, 1, 1, 1, 1, 0, 0, 1, 0, 1, 0, 0, 0, 1, 1, 0, 1, 0, 1, 0, 1, 1, 0, 0, 1, 0, 1, 0, 0, 1, 0, 0, 0, 1, 0, 1, 1, 0, 1, 0, 0, 1, 0, 1, 0, 0, 0, 1, 0, 1, 0, 1, 1, 1, 1, 1, 1, 0, 0, 1, 0, 0, 1, 1, 1, 1, 1, 1, 0, 0, 1, 1, 1, 0, 0, 0, 0, 1, 1, 0, 1, 1, 1, 1, 1, 1, 1, 1, 1, 0, 1, 0, 0, 0, 0, 1, 1, 1, 0, 0, 0, 0, 1, 0, 0, 0, 1, 0, 1, 1, 0, 1, 0, 0, 1, 0, 1, 0, 1, 1, 0, 1, 0, 1, 1, 0, 0, 0, 1, 0, 1, 1, 0, 1, 1, 1, 1, 0, 1, 0, 1, 0, 0, 1, 1, 1, 1, 0, 0, 1, 1, 1, 0, 0, 0, 1, 0, 1, 0, 1, 0, 0, 1, 0, 1, 0, 0, 0, 0, 1, 0, 0, 1, 0, 0, 0, 0, 1, 1, 0, 1, 1, 0, 0, 1, 0, 1, 0, 1, 0, 1, 1, 0, 0, 1, 1, 0, 0, 0, 0, 0, 0, 0, 1, 1, 0, 0, 0, 0, 1, 0, 0, 1, 0, 0, 1, 1, 1, 1, 1, 1, 1, 1, 0, 1, 0, 0, 0, 0, 1, 0, 1, 0, 0, 0, 1, 1, 1, 0, 0, 1, 0, 0, 0, 0, 0, 1, 0, 0, 1, 0, 1, 0, 0, 0, 0, 0, 0, 1, 0, 0, 0, 0, 1, 1, 0, 1, 1, 0, 1, 1, 0, 1, 0, 0, 0, 0, 0, 1, 1, 1, 0, 1, 0, 1, 1, 1, 1, 0, 0, 1, 1, 0, 0, 0, 1, 0, 1, 1, 0, 1, 0, 1, 0, 1, 1, 1, 1, 0, 0, 1, 1, 1, 1, 1, 0, 1, 0, 1, 0, 0, 1, 0, 0, 1, 1, 1, 1, 0, 0, 0, 0, 0, 1, 0, 0, 0, 1, 0, 0, 1, 1, 0, 1, 0, 1, 0, 1, 0, 1, 1, 1, 0, 1, 0, 1, 0, 0, 1, 0, 1, 0, 0, 1, 0, 1, 0, 1, 0, 1, 1, 0, 0, 0, 1, 0, 1, 1, 0, 1, 1, 0, 0, 1, 0, 1, 0, 1, 0, 1, 1, 0, 0, 1, 0, 0, 1, 1, 0, 1, 0, 0, 0, 1, 0, 1, 0, 0, 1, 1, 0, 1, 0, 0, 1, 0, 0, 0, 0, 1, 0, 0, 0, 1, 1, 0, 1, 0, 0, 0, 0, 1, 1, 0, 1, 1, 1, 1, 1, 1, 1, 0, 0, 1, 0, 0, 1, 0, 1, 0, 1, 0, 0, 1, 1, 0, 1, 1, 0, 1, 0, 0, 1, 0, 0, 0, 0, 0, 1, 0, 0, 1, 1, 1, 0, 1, 0, 1, 1, 1, 0, 0, 1, 1, 1, 1, 0, 1, 1, 0, 1, 0, 1, 0, 0, 1, 0, 1, 1, 1, 1, 1, 1, 0, 1, 1, 1, 0, 1, 1, 0, 0, 0, 1, 1, 0, 1, 1, 1, 1, 1, 1, 1, 1, 1, 1, 0, 0, 1, 1, 1, 0, 1, 0, 0, 0, 0, 1, 0, 1, 0, 1, 0, 0, 1, 0, 0, 0, 1, 1, 0, 1, 0, 0, 1, 1, 0, 1, 0, 0, 1, 0, 1, 1, 1, 1, 0, 1, 1, 1, 0, 0, 1, 0, 0, 1, 0, 0, 0, 0, 1, 0, 0, 1, 1, 0, 1, 0, 1, 0, 1, 1, 1, 0, 0, 0, 0, 1, 1, 0, 1, 1, 0, 0, 1, 1, 0, 0, 1, 1, 1, 1, 1, 1, 1, 1, 0, 0, 1, 1, 0, 1, 0, 0, 0, 0, 0, 1, 1, 0, 0, 1, 0, 1, 0, 0, 0, 1, 1, 0, 0, 0, 0, 0, 0, 1, 1, 0, 1, 0, 0, 1, 1, 1, 1, 0, 0, 1, 0, 1, 1, 1, 1, 1, 1, 1, 1, 0, 0, 0, 1, 0, 0, 1, 1, 0, 1, 1, 0, 1, 0, 1, 1, 1, 1, 0, 1, 0, 0, 1, 1, 1, 0, 0, 0, 1, 1, 0, 0, 0, 0, 1, 0, 0, 1, 0, 1, 0, 1, 1, 0, 0, 1, 0, 1, 1, 1, 1, 1, 1, 0, 0, 0, 1, 1, 0, 1, 1, 1, 1, 1, 1, 1, 1, 1, 0, 1, 0, 0, 0, 1, 1, 0, 1, 0, 1, 1, 0, 1, 1, 1, 1, 0, 0, 0, 0, 1, 0, 0, 0, 0, 1, 0, 1, 1, 1, 1, 1, 0, 0, 1, 0, 0, 0, 0, 0, 1, 0, 1, 0, 1, 1, 0, 1, 0, 0, 0, 1, 0, 1, 0, 1, 0, 1, 0, 1, 0, 0, 1, 1, 1, 0, 1, 0, 0, 0, 0, 0, 1, 0, 1, 1, 0, 1, 0, 1, 0, 0, 1, 0, 1, 1, 0, 1, 1, 1, 0, 0, 1, 0, 0, 1, 0, 0, 0, 0, 0, 1, 0, 0, 0, 1, 1, 1, 0, 1, 0, 0, 1, 1, 0, 1, 1, 0, 1, 0, 1, 0, 0, 1, 1, 1, 0, 1, 0, 1, 1, 1, 1, 1, 0, 1, 1, 0, 1, 0, 1, 1, 0, 1, 0, 1, 0, 1, 1, 0, 0, 0, 1, 1, 1, 1, 1, 1, 0, 1, 0, 0, 0, 1, 0, 1, 0, 0, 0, 1, 0, 0, 1, 0, 0, 0, 0, 1, 0, 0, 1, 0, 1, 0, 0, 0, 0, 0, 0, 1, 1, 1, 1, 0, 0, 1, 1, 1, 1, 0, 1, 0, 0, 1, 0, 0, 1, 0, 0]