0 167 343 438 523 
1 21 277 361 
2 219 368 
3 320 
4 266 387 436 
5 260 1911 
6 
7 
8 1283 
9 241 659 
10 561 
11 
12 243 393 403 1319 
13 52 59 331 384 405 
14 396 615 
15 
16 86 196 1195 1252 
17 162 340 474 586 932 
18 620 
19 49 307 547 
20 87 137 164 547 
21 76 221 316 961 
22 107 136 476 
23 217 652 
24 127 563 988 
25 392 727 
26 131 624 
27 355 974 
28 90 1873 
29 112 513 
30 146 391 402 479 
31 184 
32 557 
33 38 322 589 
34 450 
35 56 226 1599 
36 390 568 
37 270 505 
38 274 363 541 607 
39 62 156 348 415 527 623 1863 
40 187 492 582 
41 161 308 591 640 
42 77 174 260 389 482 529 559 649 665 1002 
43 1313 
44 85 301 
45 87 137 
46 265 325 399 462 582 
47 395 1853 
48 
49 52 251 1051 
50 69 376 
51 109 194 1257 1488 
52 
53 273 397 435 508 
54 357 388 
55 217 291 339 580 
56 
57 493 
58 817 
59 285 1004 
60 480 579 
61 590 999 
62 568 
63 
64 767 
65 601 
66 179 426 
67 469 1590 
68 144 472 
69 94 377 402 1257 
70 120 
71 350 1397 
72 460 469 649 
73 242 574 
74 348 1456 
75 90 183 203 542 764 1523 
76 
77 171 646 
78 284 
79 372 454 543 
80 
81 160 311 611 1608 1665 
82 392 621 
83 87 125 204 
84 
85 124 147 
86 152 332 443 602 616 
87 265 621 
88 323 442 464 
89 216 247 603 
90 497 1075 
91 362 569 1524 1788 
92 281 1548 
93 262 1797 
94 267 461 634 724 
95 621 933 989 1045 
96 605 
97 
98 
99 155 224 282 568 
100 278 
101 162 488 610 1554 
102 
103 223 601 
104 525 
105 174 454 
106 169 317 546 621 1932 
107 359 522 
108 
109 
110 187 268 
111 281 296 318 492 
112 367 1260 1784 
113 630 
114 637 
115 
116 149 
117 130 163 449 651 1282 
118 615 
119 416 
120 331 
121 237 303 502 
122 565 628 641 1601 
123 132 242 630 
124 
125 
126 459 501 
127 418 593 
128 496 
129 187 215 506 
130 
131 164 196 613 
132 320 464 
133 405 567 1176 
134 156 322 455 1482 
135 362 528 
136 195 274 330 
137 
138 
139 192 347 1589 
140 273 384 
141 446 
142 348 1364 
143 399 537 
144 615 637 
145 319 
146 583 631 
147 149 535 
148 260 424 
149 340 1704 
150 312 1800 1994 
151 223 
152 176 533 651 
153 333 638 
154 259 641 
155 606 648 835 
156 
157 207 
158 459 
159 824 
160 193 237 
161 733 1530 1930 
162 1914 
163 
164 424 1496 
165 1052 
166 297 403 
167 244 
168 
169 174 266 
170 583 1571 
171 548 624 1949 
172 287 511 
173 174 235 438 
174 437 491 627 
175 191 
176 508 
177 257 653 
178 249 
179 589 
180 530 
181 380 1394 
182 436 494 530 
183 363 
184 
185 353 
186 194 332 450 
187 1889 
188 551 
189 273 648 
190 514 
191 211 644 1318 
192 194 990 1782 
193 480 546 
194 263 594 
195 251 415 443 1967 
196 590 653 
197 200 
198 
199 239 408 
200 319 1521 
201 262 1411 
202 260 512 
203 222 270 304 428 
204 302 389 422 524 757 
205 
206 
207 260 302 474 542 
208 1134 
209 451 576 
210 536 558 
211 230 
212 652 1175 
213 
214 343 518 
215 365 376 438 
216 316 461 564 
217 430 631 
218 
219 510 
220 264 297 508 
221 315 385 
222 256 362 
223 
224 306 481 1686 
225 401 774 
226 300 
227 305 1594 
228 603 1748 
229 
230 342 528 600 604 1132 
231 636 648 
232 
233 502 
234 322 508 636 
235 244 
236 552 
237 703 1021 1340 
238 414 
239 365 564 644 1995 
240 322 1698 
241 586 
242 449 663 
243 
244 
245 313 331 355 473 1627 
246 328 1190 
247 
248 392 
249 
250 568 1724 
251 318 
252 599 1354 
253 583 602 1366 1407 
254 473 513 
255 392 468 1206 
256 363 465 
257 928 1518 
258 404 
259 
260 594 1480 
261 575 
262 
263 439 505 
264 562 
265 482 881 
266 462 
267 352 475 679 714 1737 
268 638 1727 
269 589 600 
270 
271 274 337 
272 428 930 1126 
273 1799 
274 386 487 
275 484 
276 402 
277 655 734 1580 
278 598 
279 431 501 
280 402 
281 476 1318 1366 
282 
283 587 830 
284 553 676 
285 311 647 969 
286 
287 466 
288 
289 377 
290 466 505 606 
291 314 491 
292 506 1592 
293 
294 330 348 761 
295 407 503 792 
296 473 517 639 
297 434 
298 301 441 657 
299 
300 1884 
301 1389 1665 
302 477 890 1663 
303 629 633 
304 
305 386 
306 
307 
308 328 1010 
309 
310 356 
311 345 472 505 
312 1057 
313 1032 1324 
314 714 
315 
316 382 562 
317 580 
318 470 639 
319 716 
320 
321 644 924 1178 
322 
323 420 
324 466 1710 1804 
325 480 
326 499 564 717 
327 424 1501 
328 
329 371 424 
330 392 
331 
332 551 565 945 
333 453 
334 
335 356 491 
336 1520 
337 440 479 
338 446 480 
339 468 802 1378 
340 
341 1900 1949 
342 563 571 576 
343 
344 
345 416 
346 438 534 1159 1410 
347 1747 
348 610 
349 1478 1590 
350 662 
351 1645 1744 
352 397 
353 1448 
354 523 583 600 628 1939 
355 379 384 
356 633 
357 439 
358 728 
359 
360 496 606 640 
361 
362 499 664 
363 712 
364 418 
365 
366 
367 1970 
368 
369 530 
370 434 582 
371 
372 440 632 1846 
373 409 
374 
375 
376 524 671 
377 502 516 549 560 738 
378 
379 846 1440 
380 596 
381 555 
382 483 640 
383 422 500 874 1119 
384 415 499 612 
385 408 1519 
386 647 
387 389 
388 623 
389 450 
390 
391 1499 
392 441 
393 462 1031 
394 
395 644 657 964 
396 441 
397 
398 554 
399 651 
400 1666 
401 
402 560 564 1554 
403 444 827 
404 525 629 
405 532 569 
406 480 
407 1650 
408 980 
409 603 
410 
411 
412 439 1909 
413 
414 
415 
416 
417 1344 
418 432 495 1006 1798 
419 581 603 
420 447 
421 849 
422 559 649 
423 
424 
425 568 
426 754 
427 
428 527 
429 
430 468 594 608 
431 1988 
432 509 1960 
433 
434 509 567 631 659 
435 520 
436 
437 1056 1248 
438 
439 1591 
440 541 
441 507 1726 
442 456 700 829 
443 507 1726 
444 
445 463 
446 547 
447 577 907 
448 600 
449 
450 652 
451 518 1393 
452 
453 584 1163 
454 605 
455 510 523 1603 
456 645 694 
457 578 
458 588 
459 
460 
461 
462 559 
463 
464 559 
465 517 569 628 
466 
467 
468 758 
469 
470 
471 497 
472 515 
473 
474 490 
475 607 
476 525 551 1561 
477 519 
478 
479 
480 621 1712 
481 1037 
482 1006 1776 
483 555 
484 
485 704 
486 1577 
487 612 
488 501 574 588 594 
489 517 533 746 
490 515 587 644 648 
491 559 610 1073 
492 575 
493 
494 
495 
496 
497 1238 
498 
499 1924 
500 528 
501 
502 
503 
504 
505 
506 
507 595 607 
508 617 
509 1610 
510 1338 
511 
512 657 1980 
513 583 
514 
515 1074 
516 
517 1939 
518 548 1917 
519 
520 1243 1308 
521 
522 
523 
524 657 1138 
525 622 
526 
527 1685 
528 923 1801 
529 
530 
531 884 947 
532 
533 
534 
535 1425 
536 838 
537 
538 579 871 
539 
540 
541 606 
542 583 629 696 1777 
543 
544 
545 662 679 
546 
547 620 
548 556 
549 585 
550 
551 
552 1893 
553 1519 
554 
555 557 1743 
556 
557 1036 
558 1848 
559 603 
560 
561 591 
562 955 1065 
563 
564 
565 625 
566 
567 575 
568 646 806 
569 
570 
571 
572 1222 
573 591 633 
574 645 
575 
576 627 935 
577 1771 
578 613 635 1216 
579 
580 1939 
581 
582 
583 
584 
585 
586 826 1018 1479 
587 
588 665 1968 
589 
590 832 1302 
591 
592 614 
593 
594 616 
595 1302 
596 645 
597 622 815 
598 1705 
599 
600 1398 
601 
602 
603 648 944 
604 851 
605 1324 
606 
607 
608 1510 
609 641 
610 
611 
612 
613 615 629 930 
614 985 1209 
615 
616 
617 
618 
619 651 
620 1630 
621 651 654 
622 
623 1423 
624 
625 
626 
627 
628 1034 1186 
629 1700 
630 
631 1728 
632 1502 
633 
634 751 992 1830 
635 
636 
637 
638 
639 1011 1474 
640 
641 1303 
642 
643 
644 1776 
645 
646 1640 1981 
647 
648 1512 
649 1327 
650 
651 
652 
653 
654 
655 1708 
656 
657 1924 
658 1992 
659 
660 
661 
662 
663 
664 
665 
666 676 840 924 
667 753 999 
668 
669 1072 1476 
670 833 
671 1079 1225 
672 733 779 858 1077 1397 1698 
673 893 905 1177 
674 853 955 
675 1013 
676 1119 
677 981 1036 1060 1072 1284 
678 940 
679 
680 706 853 1138 
681 750 
682 759 1065 
683 907 1145 1256 
684 844 1234 
685 890 980 1241 
686 836 879 971 
687 1200 
688 779 1322 
689 962 1152 
690 1123 1142 
691 1203 1250 1259 
692 906 1186 
693 720 1024 
694 
695 870 1501 
696 
697 812 1200 
698 1129 1264 1820 
699 1100 
700 909 1060 1320 
701 955 969 1076 
702 815 1082 1221 1238 
703 
704 846 1190 
705 857 1781 
706 
707 734 832 909 1096 1164 
708 1260 
709 852 877 1080 1264 1317 
710 1965 
711 1321 
712 942 1203 
713 1355 
714 1007 1280 
715 912 1110 
716 1014 1244 1249 
717 
718 1118 
719 876 
720 1231 1240 
721 1077 1181 1255 
722 806 1025 1294 
723 741 1155 
724 764 839 961 1291 
725 837 1129 
726 778 1245 1300 1722 
727 
728 1279 
729 855 1322 
730 
731 747 1964 
732 
733 1035 
734 922 961 
735 879 1217 1248 
736 852 
737 778 
738 843 1273 1276 
739 1053 1196 
740 769 1218 
741 847 1089 
742 1266 1275 
743 
744 1161 
745 872 1283 1312 
746 1248 1968 
747 779 1276 
748 1012 1202 1315 
749 1047 1450 1685 1704 
750 1507 
751 846 929 1108 
752 994 1050 1174 
753 790 854 981 1197 
754 956 1198 1239 1404 
755 925 
756 998 1408 
757 941 1245 1865 
758 1200 1329 
759 817 
760 1171 
761 1012 1285 
762 868 1252 
763 
764 793 794 995 997 1271 
765 1132 1223 
766 966 1940 
767 976 1106 1192 
768 890 1090 
769 981 1079 1092 
770 932 999 1088 1242 
771 
772 1034 1123 1166 1196 
773 925 1812 
774 1145 
775 798 1055 
776 905 1231 
777 1159 
778 807 889 928 
779 1076 1285 
780 
781 828 876 1059 
782 
783 1169 1382 1946 
784 
785 913 1120 
786 
787 1092 
788 1744 
789 877 1082 1661 
790 1093 
791 833 1000 1573 
792 1056 
793 1459 
794 
795 1237 
796 1143 1324 1937 
797 824 901 
798 1298 1319 
799 
800 
801 1805 
802 985 
803 
804 
805 900 
806 
807 822 916 1144 
808 1277 1324 
809 978 1283 1330 
810 
811 873 1035 
812 
813 1169 1229 1252 
814 823 852 858 1005 1120 1416 
815 1587 
816 1088 
817 
818 864 1246 1281 
819 942 
820 1017 1261 
821 894 953 
822 1079 1247 
823 836 1333 
824 1238 1379 
825 1069 
826 983 
827 1041 1059 1942 
828 994 1127 
829 847 877 1202 1967 
830 879 
831 833 841 1293 
832 1169 1304 
833 1028 
834 922 1249 1270 
835 1206 
836 891 1320 
837 1293 
838 974 
839 989 1051 1653 
840 965 
841 1127 1275 
842 871 1051 
843 1523 
844 1788 
845 1290 
846 1122 1824 
847 956 
848 1777 
849 872 913 1097 1151 
850 1317 
851 
852 1067 
853 1112 1178 1195 
854 1024 1224 
855 980 
856 1148 
857 1034 1251 
858 
859 1023 1129 1211 
860 
861 992 1148 1183 
862 1027 1109 1282 1708 1849 
863 1093 1143 1227 
864 972 
865 882 910 938 
866 1004 1044 1206 
867 971 1103 
868 1179 1309 
869 886 
870 1703 
871 
872 938 
873 1053 1070 
874 1269 
875 949 1125 
876 920 
877 983 1173 1249 1412 1688 
878 1250 1308 1321 
879 1071 
880 896 
881 936 
882 1226 1317 
883 1234 1239 1887 
884 
885 988 1031 
886 
887 1200 
888 
889 
890 1196 
891 
892 1194 
893 896 945 956 1176 
894 1166 
895 945 
896 1070 
897 1220 
898 
899 1239 1559 
900 1210 
901 910 1817 
902 1282 
903 930 1058 1330 1983 
904 1341 
905 1165 1433 
906 1212 1215 
907 
908 
909 1023 
910 1047 1262 
911 
912 
913 959 
914 1014 
915 1176 
916 1112 
917 1874 
918 
919 1123 1345 
920 
921 
922 1057 1136 
923 1216 1756 
924 
925 
926 1309 
927 
928 1699 
929 969 1144 1265 1287 1290 
930 1318 
931 1247 
932 
933 1074 1185 
934 1010 1082 
935 
936 1007 1247 
937 1100 
938 1190 1315 
939 965 
940 1360 
941 1245 1271 
942 
943 1205 
944 
945 
946 1221 
947 1049 1088 1240 1360 
948 979 1234 
949 1031 1044 1161 1329 
950 953 1106 1126 
951 988 1040 1142 
952 1060 1100 
953 1471 
954 1112 
955 1008 1307 
956 980 1153 1289 
957 1538 
958 
959 1111 
960 1036 1059 1244 
961 
962 
963 1120 1230 1241 
964 
965 
966 
967 1056 
968 1489 
969 1323 
970 
971 1035 1101 1234 1326 
972 1081 1103 1292 1752 
973 1068 1076 
974 1013 
975 1088 1613 
976 1783 
977 1127 
978 1175 1297 
979 1260 1329 
980 
981 
982 1064 
983 1305 
984 
985 1004 1073 1318 
986 1031 1172 1314 
987 1161 
988 1004 1325 
989 
990 1007 1097 1273 1566 
991 1003 1017 1029 1262 
992 
993 
994 
995 1804 
996 1066 1222 1258 
997 1038 
998 1239 1311 
999 1258 
1000 
1001 
1002 1064 
1003 1192 1279 1302 
1004 
1005 
1006 1232 1661 
1007 1105 1186 
1008 1067 
1009 
1010 1027 
1011 1137 1182 
1012 
1013 1089 1103 
1014 1924 
1015 1141 1220 
1016 1559 
1017 1079 
1018 
1019 1886 
1020 1283 
1021 1130 
1022 
1023 1104 1121 
1024 1128 1663 
1025 1144 1162 
1026 1055 
1027 
1028 1077 
1029 
1030 1032 
1031 1085 1121 1268 
1032 1131 
1033 
1034 1193 
1035 
1036 1053 
1037 
1038 1121 
1039 1165 
1040 1189 1226 
1041 1054 
1042 
1043 
1044 
1045 1051 1920 
1046 1192 1473 
1047 1752 
1048 1244 1820 
1049 
1050 
1051 1201 1238 1325 
1052 1225 
1053 1250 1878 
1054 
1055 1322 
1056 
1057 1274 1568 
1058 1833 
1059 1424 
1060 1068 1252 
1061 
1062 
1063 1182 
1064 1251 
1065 
1066 1116 1204 
1067 1160 
1068 
1069 
1070 
1071 1088 
1072 
1073 1255 1331 
1074 
1075 1189 
1076 1277 1814 
1077 
1078 
1079 1130 1170 1319 
1080 1218 
1081 
1082 1863 
1083 1203 
1084 1095 1310 
1085 1167 
1086 1458 
1087 1269 1592 
1088 1993 
1089 
1090 
1091 1234 1261 1263 1278 1328 
1092 
1093 1273 
1094 1208 
1095 
1096 
1097 1255 
1098 
1099 1774 
1100 1287 
1101 1269 
1102 1210 
1103 1238 
1104 1134 1165 1596 
1105 1154 1186 
1106 1312 
1107 1258 1279 
1108 1128 
1109 1163 1227 1238 
1110 
1111 1789 
1112 
1113 1294 
1114 1305 1787 
1115 1234 1573 
1116 1147 1170 1616 
1117 1278 1747 
1118 1327 
1119 
1120 
1121 1199 1252 1275 
1122 1195 1447 
1123 
1124 1255 
1125 
1126 1295 
1127 
1128 
1129 
1130 
1131 1541 
1132 1264 
1133 1991 
1134 1259 1277 
1135 1210 1262 
1136 1264 
1137 1381 
1138 1219 
1139 
1140 
1141 
1142 1151 
1143 1202 
1144 
1145 1198 
1146 1193 
1147 1303 
1148 
1149 1167 1212 1284 
1150 1237 
1151 1251 1316 1978 
1152 1292 
1153 
1154 
1155 
1156 1244 
1157 1237 
1158 
1159 
1160 
1161 
1162 
1163 1316 
1164 
1165 
1166 1224 
1167 1287 1325 
1168 1285 
1169 
1170 
1171 
1172 
1173 1297 1754 
1174 
1175 
1176 
1177 
1178 1330 
1179 
1180 
1181 1254 
1182 
1183 1834 
1184 1282 
1185 
1186 1200 1215 1881 
1187 1276 1289 
1188 
1189 1234 
1190 
1191 1287 
1192 
1193 1309 
1194 
1195 1265 
1196 1358 
1197 1307 
1198 1286 1496 1895 
1199 
1200 1289 1597 
1201 
1202 1311 
1203 1260 
1204 1318 1450 
1205 1221 
1206 1575 
1207 1470 1604 
1208 1300 
1209 1251 
1210 
1211 
1212 1764 
1213 
1214 1221 
1215 1289 
1216 
1217 
1218 
1219 1543 
1220 1226 1291 
1221 
1222 
1223 
1224 1284 
1225 1239 1313 
1226 
1227 1299 1471 
1228 1235 1315 
1229 1298 
1230 
1231 1325 
1232 
1233 1982 
1234 
1235 
1236 
1237 1463 1503 1735 
1238 1288 1731 
1239 1245 
1240 1642 
1241 
1242 
1243 
1244 1620 
1245 
1246 1784 
1247 
1248 1328 
1249 1261 
1250 1503 
1251 1926 
1252 1305 
1253 
1254 
1255 
1256 
1257 
1258 
1259 
1260 
1261 1265 
1262 
1263 1551 
1264 
1265 
1266 
1267 
1268 
1269 1283 
1270 
1271 1711 
1272 
1273 
1274 
1275 1809 
1276 1865 
1277 1843 
1278 
1279 
1280 1502 
1281 
1282 
1283 
1284 1303 
1285 1567 
1286 
1287 
1288 1988 
1289 1312 
1290 
1291 
1292 
1293 
1294 
1295 1739 
1296 
1297 
1298 1396 
1299 
1300 1304 
1301 
1302 1806 
1303 
1304 
1305 
1306 
1307 
1308 
1309 1902 
1310 1324 
1311 1911 
1312 
1313 1664 
1314 
1315 1326 
1316 
1317 
1318 
1319 
1320 
1321 1350 
1322 
1323 
1324 
1325 
1326 
1327 
1328 
1329 
1330 
1331 
1332 1698 1770 1905 
1333 1965 
1334 1591 1753 
1335 1340 1550 1662 1985 1990 
1336 1997 
1337 1661 1722 
1338 1707 
1339 
1340 1464 1916 
1341 
1342 1368 1557 1606 
1343 1418 1576 1924 1939 1985 
1344 1842 
1345 1362 
1346 1731 1849 
1347 1518 
1348 1867 
1349 1613 
1350 1371 1418 1462 1660 1936 
1351 1370 1467 1540 1730 1927 1948 
1352 1359 1700 
1353 1566 1671 
1354 1764 
1355 1374 1828 
1356 1463 
1357 1719 
1358 1404 1559 
1359 1458 
1360 1399 
1361 
1362 
1363 1503 1560 1824 1890 
1364 1750 1983 
1365 1721 1769 
1366 1623 1781 1906 1934 
1367 1618 
1368 1555 1781 1947 
1369 1791 
1370 1495 1649 1898 
1371 1391 1792 1825 
1372 1423 1498 
1373 1756 
1374 1608 1786 
1375 1505 1788 1848 
1376 1534 1660 1948 1965 
1377 1725 1747 1884 
1378 1406 1429 1760 1771 
1379 1701 
1380 1982 
1381 1608 1714 
1382 1532 
1383 1393 1690 1767 
1384 1744 
1385 1691 
1386 
1387 
1388 1763 
1389 1431 1480 
1390 1462 1678 
1391 1397 1415 1539 1763 1950 
1392 1454 1972 
1393 1559 1765 1959 
1394 1857 1863 
1395 1475 1636 1908 
1396 1425 
1397 1692 
1398 1809 1943 
1399 1556 
1400 
1401 
1402 1513 1726 1870 1978 
1403 
1404 1633 1819 1997 
1405 1808 1894 
1406 1764 
1407 1562 1963 
1408 1415 1424 1571 1723 1883 
1409 1964 
1410 1414 1798 1829 
1411 1626 1855 1899 
1412 1693 1787 1828 
1413 
1414 1484 1687 1930 
1415 
1416 1601 
1417 1842 
1418 1446 1567 1633 1859 
1419 1823 
1420 1479 1673 1945 
1421 1645 1907 
1422 1469 1659 1767 
1423 1667 1669 1989 
1424 1996 
1425 1675 
1426 1567 
1427 1443 1636 1850 
1428 1740 1964 
1429 
1430 
1431 1731 
1432 1728 1855 
1433 
1434 1525 1653 1689 1973 
1435 1973 
1436 1716 1789 1833 
1437 1991 
1438 1694 1977 
1439 1454 1553 1894 
1440 1603 1725 1852 
1441 1932 1984 
1442 1492 1772 
1443 1752 
1444 1658 
1445 1841 1915 
1446 1773 1953 
1447 1554 
1448 1586 1737 1813 
1449 1849 
1450 1454 1598 
1451 1506 
1452 1508 1750 1836 
1453 1801 
1454 1467 1498 1706 1921 
1455 
1456 
1457 1540 1661 1676 1723 1765 
1458 1581 1710 1862 1987 
1459 1771 
1460 1497 1614 1655 
1461 1599 
1462 1689 
1463 1557 1652 1707 1966 
1464 1638 1733 1800 
1465 1963 
1466 1548 
1467 1932 
1468 1566 1583 1708 1751 1783 
1469 
1470 1879 
1471 1882 1904 
1472 1654 
1473 
1474 
1475 1764 
1476 1715 1926 
1477 
1478 1817 1871 
1479 1743 1925 
1480 1803 
1481 
1482 1521 1897 
1483 1488 1674 1980 
1484 1613 
1485 1876 
1486 
1487 1507 
1488 1566 1740 
1489 
1490 1788 1902 
1491 
1492 1535 
1493 1818 1866 1886 
1494 1550 1616 1788 1790 1810 
1495 1798 1819 
1496 
1497 
1498 1874 
1499 1971 
1500 1531 
1501 1503 
1502 
1503 1896 
1504 1952 
1505 1612 
1506 1717 
1507 
1508 1571 1597 
1509 1534 1750 1789 1927 
1510 1531 1758 1907 
1511 
1512 1554 1620 
1513 
1514 
1515 1808 1871 
1516 1890 
1517 1617 1682 1709 1819 1976 
1518 1886 
1519 1521 1605 1857 
1520 1778 1930 1966 
1521 1835 1867 
1522 
1523 1562 
1524 
1525 
1526 
1527 1941 1945 
1528 
1529 
1530 1668 1925 
1531 1548 1590 1699 1861 
1532 1677 1731 1863 1957 
1533 1795 
1534 
1535 
1536 
1537 1645 
1538 1580 1687 
1539 1970 
1540 
1541 1772 1874 1907 1997 
1542 
1543 1716 1829 1914 
1544 1903 1987 
1545 
1546 1697 
1547 1732 1985 
1548 1749 
1549 
1550 
1551 
1552 
1553 1788 
1554 1794 
1555 1638 1993 
1556 
1557 
1558 1697 
1559 1950 1956 
1560 1687 
1561 1578 1593 
1562 1791 
1563 1684 1746 1787 1917 
1564 
1565 1649 
1566 1759 
1567 1578 1794 
1568 1725 1833 
1569 1735 1871 
1570 1641 
1571 1763 1955 
1572 1642 1730 1799 1936 
1573 1931 
1574 
1575 1868 
1576 1809 
1577 
1578 1695 
1579 
1580 1721 
1581 1694 1941 
1582 1856 
1583 1610 1951 
1584 1797 1823 
1585 1654 1707 1757 
1586 1811 
1587 1738 
1588 1751 1919 
1589 1672 
1590 1860 
1591 1705 
1592 1601 
1593 1778 1962 
1594 1670 1680 
1595 1719 1725 
1596 1696 
1597 
1598 1869 
1599 1741 1873 1884 
1600 1839 
1601 
1602 
1603 
1604 1666 
1605 1757 1776 1806 
1606 
1607 
1608 1810 1850 
1609 
1610 1747 
1611 1795 
1612 
1613 1701 
1614 1688 
1615 1878 1917 
1616 
1617 1826 
1618 1626 1970 1995 
1619 
1620 1745 1951 
1621 
1622 1770 1778 
1623 
1624 1981 1995 
1625 1647 
1626 1783 
1627 
1628 1924 
1629 1906 
1630 1707 
1631 1822 
1632 
1633 1889 
1634 1645 
1635 1994 
1636 
1637 
1638 1711 1965 
1639 1874 
1640 
1641 1723 1973 
1642 
1643 1892 
1644 1751 
1645 1792 1866 
1646 1784 
1647 1669 1686 1813 1832 1890 
1648 1865 1928 1931 
1649 1978 
1650 1934 1957 
1651 
1652 1808 1829 
1653 1733 1922 
1654 1696 
1655 1731 1878 
1656 1994 
1657 1802 
1658 
1659 
1660 1728 1844 
1661 1867 1940 
1662 1704 
1663 1953 
1664 
1665 1917 
1666 1913 
1667 1759 1982 
1668 1904 
1669 1804 
1670 
1671 1945 
1672 
1673 
1674 1761 1812 1865 1936 
1675 1716 1840 1847 
1676 1696 1877 
1677 
1678 
1679 1712 1825 
1680 
1681 
1682 
1683 1846 
1684 
1685 
1686 
1687 1712 1713 1997 
1688 1958 
1689 1799 1864 
1690 1902 
1691 1844 
1692 1832 
1693 
1694 
1695 
1696 1723 1820 1887 
1697 1720 
1698 1965 
1699 1824 1896 1927 
1700 1708 1907 
1701 
1702 
1703 1734 1987 1990 
1704 
1705 
1706 1799 
1707 1941 
1708 1961 
1709 1898 
1710 
1711 
1712 1744 
1713 1882 1981 
1714 1977 
1715 1776 
1716 1750 
1717 
1718 
1719 1763 1921 
1720 1769 
1721 1950 
1722 
1723 1930 
1724 1995 
1725 
1726 
1727 1798 
1728 
1729 
1730 
1731 
1732 1787 
1733 
1734 
1735 1929 
1736 1785 
1737 
1738 
1739 
1740 1905 
1741 
1742 1869 
1743 
1744 1823 1936 
1745 1781 1988 
1746 
1747 1807 
1748 1799 1810 1912 
1749 
1750 1825 1913 
1751 
1752 
1753 1962 
1754 1849 
1755 1837 
1756 1785 
1757 
1758 
1759 1843 1869 
1760 
1761 
1762 
1763 
1764 
1765 
1766 
1767 1813 1927 
1768 1928 1958 
1769 1835 
1770 
1771 1782 
1772 1956 
1773 1831 
1774 1953 
1775 
1776 
1777 
1778 
1779 
1780 
1781 1904 
1782 1921 
1783 
1784 
1785 1792 
1786 
1787 
1788 1955 
1789 1980 
1790 1882 1993 
1791 
1792 1876 
1793 
1794 1859 
1795 
1796 
1797 
1798 1889 
1799 
1800 
1801 
1802 
1803 
1804 1863 
1805 1870 
1806 
1807 
1808 
1809 
1810 1883 
1811 
1812 1914 
1813 
1814 1875 
1815 1979 
1816 
1817 1832 
1818 
1819 
1820 
1821 1826 1920 
1822 
1823 
1824 1904 
1825 
1826 
1827 1928 
1828 1829 
1829 1831 1887 1904 
1830 1904 1906 
1831 1895 
1832 1876 
1833 
1834 
1835 
1836 
1837 1914 
1838 1991 
1839 1950 
1840 1935 
1841 1907 
1842 
1843 
1844 1934 
1845 
1846 
1847 
1848 
1849 
1850 1902 1955 1966 
1851 
1852 
1853 
1854 
1855 
1856 
1857 
1858 
1859 1964 
1860 1938 
1861 
1862 
1863 
1864 
1865 
1866 
1867 1894 
1868 1905 
1869 
1870 1872 
1871 
1872 
1873 1913 
1874 
1875 
1876 
1877 1918 
1878 
1879 
1880 1904 
1881 
1882 1910 
1883 
1884 1907 
1885 1997 
1886 
1887 1893 
1888 1929 
1889 
1890 
1891 1892 1962 
1892 
1893 
1894 1939 1946 
1895 1944 
1896 1948 
1897 
1898 1949 
1899 
1900 
1901 
1902 
1903 
1904 
1905 
1906 
1907 
1908 1921 
1909 
1910 
1911 
1912 1946 
1913 
1914 
1915 
1916 1966 1991 
1917 
1918 
1919 
1920 
1921 
1922 
1923 
1924 
1925 1966 
1926 
1927 
1928 
1929 
1930 
1931 1968 
1932 
1933 
1934 
1935 
1936 
1937 
1938 
1939 
1940 
1941 1997 
1942 
1943 
1944 
1945 1995 
1946 
1947 1972 
1948 
1949 
1950 
1951 
1952 
1953 
1954 
1955 1965 
1956 
1957 
1958 
1959 
1960 
1961 
1962 1970 
1963 
1964 
1965 1974 
1966 
1967 
1968 1969 
1969 
1970 
1971 
1972 1991 
1973 
1974 
1975 
1976 
1977 
1978 
1979 
1980 
1981 
1982 
1983 
1984 
1985 
1986 1989 
1987 
1988 
1989 
1990 
1991 
1992 
1993 
1994 
1995 
1996 
1997 
1998 
1999 
[0, 0, 0, 0, 0, 0, 0, 0, 0, 0, 0, 0, 0, 0, 0, 0, 0, 0, 0, 0, 0, 0, 0, 0, 0, 0, 0, 0, 0, 0, 0, 0, 0, 0, 0, 0, 0, 0, 0, 0, 0, 0, 0, 0, 0, 0, 0, 0, 0, 0, 0, 0, 0, 0, 0, 0, 0, 0, 0, 0, 0, 0, 0, 0, 0, 0, 0, 0, 0, 0, 0, 0, 0, 0, 0, 0, 0, 0, 0, 0, 0, 0, 0, 0, 0, 0, 0, 0, 0, 0, 0, 0, 0, 0, 0, 0, 0, 0, 0, 0, 0, 0, 0, 0, 0, 0, 0, 0, 0, 0, 0, 0, 0, 0, 0, 0, 0, 0, 0, 0, 0, 0, 0, 0, 0, 0, 0, 0, 0, 0, 0, 0, 0, 0, 0, 0, 0, 0, 0, 0, 0, 0, 0, 0, 0, 0, 0, 0, 0, 0, 0, 0, 0, 0, 0, 0, 0, 0, 0, 0, 0, 0, 0, 0, 0, 0, 0, 0, 0, 0, 0, 0, 0, 0, 0, 0, 0, 0, 0, 0, 0, 0, 0, 0, 0, 0, 0, 0, 0, 0, 0, 0, 0, 0, 0, 0, 0, 0, 0, 0, 0, 0, 0, 0, 0, 0, 0, 0, 0, 0, 0, 0, 0, 0, 0, 0, 0, 0, 0, 0, 0, 0, 0, 0, 0, 0, 0, 0, 0, 0, 0, 0, 0, 0, 0, 0, 0, 0, 0, 0, 0, 0, 0, 0, 0, 0, 0, 0, 0, 0, 0, 0, 0, 0, 0, 0, 0, 0, 0, 0, 0, 0, 0, 0, 0, 0, 0, 0, 0, 0, 0, 0, 0, 0, 0, 0, 0, 0, 0, 0, 0, 0, 0, 0, 0, 0, 0, 0, 0, 0, 0, 0, 0, 0, 0, 0, 0, 0, 0, 0, 0, 0, 0, 0, 0, 0, 0, 0, 0, 0, 0, 0, 0, 0, 0, 0, 0, 0, 0, 0, 0, 0, 0, 0, 0, 0, 0, 0, 0, 0, 0, 0, 0, 0, 0, 0, 0, 0, 0, 0, 0, 0, 0, 0, 0, 0, 0, 0, 0, 0, 0, 0, 0, 0, 0, 0, 0, 0, 0, 0, 0, 0, 0, 0, 0, 0, 0, 0, 0, 0, 0, 0, 0, 0, 0, 0, 0, 0, 0, 0, 0, 0, 0, 0, 0, 0, 0, 0, 0, 0, 0, 0, 0, 0, 0, 0, 0, 0, 0, 0, 0, 0, 0, 0, 0, 0, 0, 0, 0, 0, 0, 0, 0, 0, 0, 0, 0, 0, 0, 0, 0, 0, 0, 0, 0, 0, 0, 0, 0, 0, 0, 0, 0, 0, 0, 0, 0, 0, 0, 0, 0, 0, 0, 0, 0, 0, 0, 0, 0, 0, 0, 0, 0, 0, 0, 0, 0, 0, 0, 0, 0, 0, 0, 0, 0, 0, 0, 0, 0, 0, 0, 0, 0, 0, 0, 0, 0, 0, 0, 0, 0, 0, 0, 0, 0, 0, 0, 0, 0, 0, 0, 0, 0, 0, 0, 0, 0, 0, 0, 0, 0, 0, 0, 0, 0, 0, 0, 0, 0, 0, 0, 0, 0, 0, 0, 0, 0, 0, 0, 0, 0, 0, 0, 0, 0, 0, 0, 0, 0, 0, 0, 0, 0, 0, 0, 0, 0, 0, 0, 0, 0, 0, 0, 0, 0, 0, 0, 0, 0, 0, 0, 0, 0, 0, 0, 0, 0, 0, 0, 0, 0, 0, 0, 0, 0, 0, 0, 0, 0, 0, 0, 0, 0, 0, 0, 0, 0, 0, 0, 0, 0, 0, 0, 0, 0, 0, 0, 0, 0, 0, 0, 0, 0, 0, 0, 0, 0, 0, 0, 0, 0, 0, 0, 0, 0, 0, 0, 0, 0, 0, 0, 0, 0, 0, 0, 0, 0, 0, 0, 0, 0, 0, 0, 0, 0, 0, 0, 0, 0, 0, 0, 0, 0, 0, 0, 0, 0, 0, 0, 0, 0, 0, 0, 0, 0, 0, 0, 0, 0, 0, 0, 0, 0, 0, 0, 0, 0, 0, 0, 0, 0, 0, 0, 0, 0, 0, 1, 1, 1, 1, 1, 1, 1, 1, 1, 1, 1, 1, 1, 1, 1, 1, 1, 1, 1, 1, 1, 1, 1, 1, 1, 1, 1, 1, 1, 1, 1, 1, 1, 1, 1, 1, 1, 1, 1, 1, 1, 1, 1, 1, 1, 1, 1, 1, 1, 1, 1, 1, 1, 1, 1, 1, 1, 1, 1, 1, 1, 1, 1, 1, 1, 1, 1, 1, 1, 1, 1, 1, 1, 1, 1, 1, 1, 1, 1, 1, 1, 1, 1, 1, 1, 1, 1, 1, 1, 1, 1, 1, 1, 1, 1, 1, 1, 1, 1, 1, 1, 1, 1, 1, 1, 1, 1, 1, 1, 1, 1, 1, 1, 1, 1, 1, 1, 1, 1, 1, 1, 1, 1, 1, 1, 1, 1, 1, 1, 1, 1, 1, 1, 1, 1, 1, 1, 1, 1, 1, 1, 1, 1, 1, 1, 1, 1, 1, 1, 1, 1, 1, 1, 1, 1, 1, 1, 1, 1, 1, 1, 1, 1, 1, 1, 1, 1, 1, 1, 1, 1, 1, 1, 1, 1, 1, 1, 1, 1, 1, 1, 1, 1, 1, 1, 1, 1, 1, 1, 1, 1, 1, 1, 1, 1, 1, 1, 1, 1, 1, 1, 1, 1, 1, 1, 1, 1, 1, 1, 1, 1, 1, 1, 1, 1, 1, 1, 1, 1, 1, 1, 1, 1, 1, 1, 1, 1, 1, 1, 1, 1, 1, 1, 1, 1, 1, 1, 1, 1, 1, 1, 1, 1, 1, 1, 1, 1, 1, 1, 1, 1, 1, 1, 1, 1, 1, 1, 1, 1, 1, 1, 1, 1, 1, 1, 1, 1, 1, 1, 1, 1, 1, 1, 1, 1, 1, 1, 1, 1, 1, 1, 1, 1, 1, 1, 1, 1, 1, 1, 1, 1, 1, 1, 1, 1, 1, 1, 1, 1, 1, 1, 1, 1, 1, 1, 1, 1, 1, 1, 1, 1, 1, 1, 1, 1, 1, 1, 1, 1, 1, 1, 1, 1, 1, 1, 1, 1, 1, 1, 1, 1, 1, 1, 1, 1, 1, 1, 1, 1, 1, 1, 1, 1, 1, 1, 1, 1, 1, 1, 1, 1, 1, 1, 1, 1, 1, 1, 1, 1, 1, 1, 1, 1, 1, 1, 1, 1, 1, 1, 1, 1, 1, 1, 1, 1, 1, 1, 1, 1, 1, 1, 1, 1, 1, 1, 1, 1, 1, 1, 1, 1, 1, 1, 1, 1, 1, 1, 1, 1, 1, 1, 1, 1, 1, 1, 1, 1, 1, 1, 1, 1, 1, 1, 1, 1, 1, 1, 1, 1, 1, 1, 1, 1, 1, 1, 1, 1, 1, 1, 1, 1, 1, 1, 1, 1, 1, 1, 1, 1, 1, 1, 1, 1, 1, 1, 1, 1, 1, 1, 1, 1, 1, 1, 1, 1, 1, 1, 1, 1, 1, 1, 1, 1, 1, 1, 1, 1, 1, 1, 1, 1, 1, 1, 1, 1, 1, 1, 1, 1, 1, 1, 1, 1, 1, 1, 1, 1, 1, 1, 1, 1, 1, 1, 1, 1, 1, 1, 1, 1, 1, 1, 1, 1, 1, 1, 1, 1, 1, 1, 1, 1, 1, 1, 1, 1, 1, 1, 1, 1, 1, 1, 1, 1, 1, 1, 1, 1, 1, 1, 1, 1, 1, 1, 1, 1, 1, 1, 1, 1, 1, 1, 1, 1, 1, 1, 1, 1, 1, 1, 1, 1, 1, 1, 1, 1, 1, 1, 1, 1, 1, 1, 1, 1, 1, 1, 1, 1, 1, 1, 1, 1, 1, 1, 1, 1, 1, 1, 1, 1, 1, 1, 1, 1, 1, 1, 1, 1, 1, 1, 1, 1, 1, 1, 1, 1, 1, 1, 1, 1, 1, 1, 1, 1, 1, 1, 1, 1, 1, 1, 1, 1, 1, 1, 1, 1, 1, 1, 1, 1, 1, 1, 1, 1, 1, 1, 1, 1, 1, 1, 1, 1, 1, 1, 1, 1, 1, 1, 1, 1, 1, 1, 1, 1, 1, 1, 1, 1, 1, 1, 1, 1, 1, 1, 1, 1, 1, 1, 1, 1, 1, 1, 1, 1, 1, 1, 1, 2, 2, 2, 2, 2, 2, 2, 2, 2, 2, 2, 2, 2, 2, 2, 2, 2, 2, 2, 2, 2, 2, 2, 2, 2, 2, 2, 2, 2, 2, 2, 2, 2, 2, 2, 2, 2, 2, 2, 2, 2, 2, 2, 2, 2, 2, 2, 2, 2, 2, 2, 2, 2, 2, 2, 2, 2, 2, 2, 2, 2, 2, 2, 2, 2, 2, 2, 2, 2, 2, 2, 2, 2, 2, 2, 2, 2, 2, 2, 2, 2, 2, 2, 2, 2, 2, 2, 2, 2, 2, 2, 2, 2, 2, 2, 2, 2, 2, 2, 2, 2, 2, 2, 2, 2, 2, 2, 2, 2, 2, 2, 2, 2, 2, 2, 2, 2, 2, 2, 2, 2, 2, 2, 2, 2, 2, 2, 2, 2, 2, 2, 2, 2, 2, 2, 2, 2, 2, 2, 2, 2, 2, 2, 2, 2, 2, 2, 2, 2, 2, 2, 2, 2, 2, 2, 2, 2, 2, 2, 2, 2, 2, 2, 2, 2, 2, 2, 2, 2, 2, 2, 2, 2, 2, 2, 2, 2, 2, 2, 2, 2, 2, 2, 2, 2, 2, 2, 2, 2, 2, 2, 2, 2, 2, 2, 2, 2, 2, 2, 2, 2, 2, 2, 2, 2, 2, 2, 2, 2, 2, 2, 2, 2, 2, 2, 2, 2, 2, 2, 2, 2, 2, 2, 2, 2, 2, 2, 2, 2, 2, 2, 2, 2, 2, 2, 2, 2, 2, 2, 2, 2, 2, 2, 2, 2, 2, 2, 2, 2, 2, 2, 2, 2, 2, 2, 2, 2, 2, 2, 2, 2, 2, 2, 2, 2, 2, 2, 2, 2, 2, 2, 2, 2, 2, 2, 2, 2, 2, 2, 2, 2, 2, 2, 2, 2, 2, 2, 2, 2, 2, 2, 2, 2, 2, 2, 2, 2, 2, 2, 2, 2, 2, 2, 2, 2, 2, 2, 2, 2, 2, 2, 2, 2, 2, 2, 2, 2, 2, 2, 2, 2, 2, 2, 2, 2, 2, 2, 2, 2, 2, 2, 2, 2, 2, 2, 2, 2, 2, 2, 2, 2, 2, 2, 2, 2, 2, 2, 2, 2, 2, 2, 2, 2, 2, 2, 2, 2, 2, 2, 2, 2, 2, 2, 2, 2, 2, 2, 2, 2, 2, 2, 2, 2, 2, 2, 2, 2, 2, 2, 2, 2, 2, 2, 2, 2, 2, 2, 2, 2, 2, 2, 2, 2, 2, 2, 2, 2, 2, 2, 2, 2, 2, 2, 2, 2, 2, 2, 2, 2, 2, 2, 2, 2, 2, 2, 2, 2, 2, 2, 2, 2, 2, 2, 2, 2, 2, 2, 2, 2, 2, 2, 2, 2, 2, 2, 2, 2, 2, 2, 2, 2, 2, 2, 2, 2, 2, 2, 2, 2, 2, 2, 2, 2, 2, 2, 2, 2, 2, 2, 2, 2, 2, 2, 2, 2, 2, 2, 2, 2, 2, 2, 2, 2, 2, 2, 2, 2, 2, 2, 2, 2, 2, 2, 2, 2, 2, 2, 2, 2, 2, 2, 2, 2, 2, 2, 2, 2, 2, 2, 2, 2, 2, 2, 2, 2, 2, 2, 2, 2, 2, 2, 2, 2, 2, 2, 2, 2, 2, 2, 2, 2, 2, 2, 2, 2, 2, 2, 2, 2, 2, 2, 2, 2, 2, 2, 2, 2, 2, 2, 2, 2, 2, 2, 2, 2, 2, 2, 2, 2, 2, 2, 2, 2, 2, 2, 2, 2, 2, 2, 2, 2, 2, 2, 2, 2, 2, 2, 2, 2, 2, 2, 2, 2, 2, 2, 2, 2, 2, 2, 2, 2, 2, 2, 2, 2, 2, 2, 2, 2, 2, 2, 2, 2, 2, 2, 2, 2, 2, 2, 2, 2, 2, 2, 2, 2, 2, 2, 2, 2, 2, 2, 2, 2, 2, 2, 2, 2, 2, 2, 2, 2, 2, 2, 2, 2, 2, 2, 2, 2, 2, 2, 2, 2, 2, 2, 2, 2, 2, 2, 2, 2, 2, 2, 2, 2, 2, 2, 2, 2, 2, 2, 2, 2, 2, 2, 2, 2, 2, 2, 2, 2, 2, 2, 2, 2, 2, 0, 0]