0 17 21 86 
1 25 65 79 131 
2 26 39 43 46 87 
3 20 46 73 92 
4 9 69 70 86 92 180 
5 
6 48 51 163 
7 48 53 87 
8 31 56 60 
9 70 90 
10 34 62 64 71 178 
11 22 71 98 
12 34 56 69 81 
13 28 74 94 182 
14 78 
15 71 85 
16 18 25 41 52 69 119 
17 56 69 85 
18 49 
19 35 95 
20 91 
21 45 67 
22 35 
23 29 81 
24 61 63 82 167 
25 62 68 85 
26 155 
27 29 
28 33 64 
29 56 92 164 
30 50 56 79 
31 44 59 96 
32 77 98 173 
33 
34 93 97 
35 
36 87 
37 42 67 94 
38 90 
39 99 
40 59 77 86 90 
41 48 
42 49 51 62 97 
43 64 81 98 146 
44 53 92 
45 54 
46 68 69 85 92 99 
47 61 80 95 
48 
49 67 90 179 
50 
51 53 95 
52 
53 166 
54 
55 58 72 76 85 86 100 
56 60 90 98 
57 79 153 
58 61 71 
59 
60 61 
61 66 86 95 120 
62 183 
63 74 97 
64 
65 78 89 96 155 193 
66 91 
67 
68 75 92 
69 70 
70 81 95 98 
71 98 99 
72 
73 
74 84 86 108 
75 77 164 
76 
77 85 89 92 
78 93 
79 85 
80 96 
81 114 
82 
83 94 
84 147 165 
85 99 119 
86 
87 144 179 
88 
89 
90 
91 
92 
93 113 115 
94 
95 
96 97 
97 
98 
99 101 
100 109 160 166 
101 130 133 181 
102 144 163 168 198 
103 110 158 
104 122 133 
105 119 187 
106 125 134 197 
107 118 
108 134 144 166 
109 127 152 
110 124 171 172 195 
111 112 135 188 194 
112 120 160 
113 117 177 191 
114 121 
115 
116 131 135 
117 133 153 185 186 
118 147 184 195 
119 123 168 
120 178 
121 138 158 163 
122 128 158 
123 175 
124 193 
125 187 
126 128 140 142 145 190 
127 147 
128 130 190 
129 146 158 160 172 180 184 
130 143 165 
131 138 173 199 
132 
133 173 
134 185 
135 138 142 175 189 
136 191 
137 165 169 187 194 
138 161 187 196 
139 179 
140 
141 
142 160 167 182 
143 176 
144 151 192 
145 
146 160 190 
147 167 189 
148 156 
149 159 167 168 169 190 199 
150 189 
151 
152 153 175 
153 187 
154 178 
155 170 172 196 
156 
157 
158 160 195 
159 165 
160 173 
161 
162 198 
163 
164 176 
165 169 
166 175 
167 182 
168 176 
169 
170 
171 175 
172 178 
173 176 189 
174 193 
175 176 
176 187 
177 
178 
179 193 
180 
181 
182 185 
183 
184 
185 191 
186 196 
187 190 
188 
189 
190 197 
191 
192 
193 
194 
195 199 
196 
197 
198 
199 
[0, 0, 0, 0, 0, 0, 0, 0, 0, 0, 0, 0, 0, 0, 0, 0, 0, 0, 0, 0, 0, 0, 0, 0, 0, 0, 0, 0, 0, 0, 0, 0, 0, 0, 0, 0, 0, 0, 0, 0, 0, 0, 0, 0, 0, 0, 0, 0, 0, 0, 0, 0, 0, 0, 0, 0, 0, 0, 0, 0, 0, 0, 0, 0, 0, 0, 0, 0, 0, 0, 0, 0, 0, 0, 0, 0, 0, 0, 0, 0, 0, 0, 0, 0, 0, 0, 0, 0, 0, 0, 0, 0, 0, 0, 0, 0, 0, 0, 0, 0, 1, 1, 1, 1, 1, 1, 1, 1, 1, 1, 1, 1, 1, 1, 1, 1, 1, 1, 1, 1, 1, 1, 1, 1, 1, 1, 1, 1, 1, 1, 1, 1, 1, 1, 1, 1, 1, 1, 1, 1, 1, 1, 1, 1, 1, 1, 1, 1, 1, 1, 1, 1, 1, 1, 1, 1, 1, 1, 1, 1, 1, 1, 1, 1, 1, 1, 1, 1, 1, 1, 1, 1, 1, 1, 1, 1, 1, 1, 1, 1, 1, 1, 1, 1, 1, 1, 1, 1, 1, 1, 1, 1, 1, 1, 1, 1, 1, 1, 1, 1]