#/home/brian/Documents/summer17/Python/VEC/scripts/make_SBM_graphs.py
# GMT Thu Jul 27 21:51:52 2017
# 
0 1412 394 1571 1196 1510
1 274
2 131 271
3 210 1260 791
4 1672 1592 1940
5 1664 645 686 211 88 735
6 89 170 1966
7 644 423 1772 1488 791 1124 925
8 1800 1136 651 765
9 289 282 715 353 119
10 842 718
11 207
12 1057 1524 1261 641
13 101
14 1665
15 712 654
16 201 1706
17
18 840 852 652 1911
19 1001 541 1463
20 1177 1156
21 1814 1422
22 1472 403 1278
23 737 842 844 1607
24 1816 356 27 284 1086
25 1893
26 1008
27 1989 103 1287 1722 1341
28 527 586 699 990 1763
29 1264 1284 325
30 937 1418 1586 1244 1141
31 1842 1091 1903
32 1446 1039
33 275 1889 1283
34 249 596 1573
35 1259 1387 371 1012 309 1119
36 1880 1326
37 130 1132 109
38 1418 579 62 1478
39 368 273 1454
40 316 1347 703 788 767
41 1642 1710
42 1048 1169 1594 819 1591
43 1234 295
44 585 662 1079
45 1713 378 1475 367
46 205
47 1870
48 1073 314 627
49 610 571
50 1467 1780 1583
51 1867 1811 1221
52 939
53 1577 1210 1660 1806
54 770 75 519
55 1297 830 143
56 426 542
57 705 1899
58 960 1540 533 1030 205
59
60
61 320 145 1147
62 1361
63 1505 1076 1037 1383
64 396 1580 1897 1231
65 1577 780 1007
66 101 190
67 1154 1659 1610
68 1495
69 1528 1693 1134
70 1089 1211 997 1813
71 730 1386
72 1784 1121
73 818 354
74 441 1436 107 1836
75 176 319 1127
76 1120 553 1634 1877
77 1384 90 1963 606 647
78 754 95
79 1620 1268 884
80 1112 1425 595
81 867 1636 396 1456 1635 693 1178 510
82 932 1644 430 295
83 276 318
84 1176 1329
85
86 1560 1891 1876
87 172 314 204
88 165 934 1127 202 948 1461
89 1472 1280 1014
90 1968 1676 837
91 320 1686 1830
92 1667 1007
93 1458 164
94 976 527
95 1616 1353 684
96 1653 1983
97 1153 1196
98 1419
99 519 287
100 539 1923 141
101 1313 890 1266
102 137
103 1283 1185 1948
104 451 260 1966 1951
105 1907 677 709
106 136 1329 196
107
108
109 1394 765 1812 1055
110 1968 249
111 1634 836 183 1940 1911 212 1151
112 955 382
113 1109
114 1936 1560 214
115 978 1012 1414 374
116 612 1853
117 656 705 966
118 347 670
119 1255
120 1801 1145
121 1545 695 596 1645 1215
122 1986
123 1216 1577 943
124 344
125 833 1460
126 380 476 262 1103
127 1631
128 1464 1650
129 1083 788
130 241 1714 1956
131 1297 596 1869 694
132 1052
133 1391
134
135 576 1857 998 616 1362 1719 1432
136 706
137 886
138 649 1041 517 558 1663
139
140 456 172 1906 1780 1023
141 1809 433 786 789 1407
142 1537 509 773
143 1735 589 1368 604 863
144 609 1675
145 1105 754 190 1397
146 1524 765
147
148 985
149 568 243 727 1183
150 1284 996 1844 215
151 1482 723 1485 791
152 289 1539 158 1046 751
153 1055 1643 1107 1129 1833
154 1816 445
155 1567
156 1217 1630
157 320 1481 1708
158 832 709 811 685 1913 669
159 1936 1057 1561 397 1095
160 955
161 946 980 679
162 1672 547 548 1117 389
163
164 962 1579
165 561 731 1495
166 1504 1201
167 1577 1027
168 1883 1765 439
169 496
170 964 541
171 1678
172 1789
173 1173 1533
174 617 1154 1612 1596 879
175 1879 758 366 277
176 336 411
177 1624 1753 1242
178 1546
179 472 1985 1501
180 1649 1380
181
182 1193 476 326
183 1460 1781 663
184
185 1021 414
186 1883 1413
187 1360 232 861
188 568 1960 1162 1022
189 289 1204 966
190 317
191 987 197
192 1411
193 348 1332 1157
194
195 1651 1277 469 1255
196 1288 1914
197 1574
198 1913 674 1179 1932 834
199 1499 493 854
200 472 520 973 1886
201 1279 1319
202 1016 1995 1213 1510
203 944 885
204 1600 1940 564 781
205 1007
206 425 1402 1899 1675
207
208 1362 1300
209 264 1672 472 1094 1070
210 1907
211 387 975
212 433 1866 1290
213 1712 1455
214 850
215 419
216 1148 1807
217 1346 1715
218 1707 1455 1991
219 1569 1599 1182 1929
220
221 871
222 964 1742
223 579 1260
224 1781 1758 599
225 440 1176 1318
226 767 716 319
227 1730 1635 822
228 481 915 317 1118 1821
229 873 1042 493
230 824 451 1486 1559
231 1999
232 1356 973
233 392 732 837
234 1385 442 1748 898
235 313 509 1286
236 1768 1870 1871 981 1047 792
237 1832 1780 1263
238 1305 1999
239 1307 773
240 1256
241 876 1674 1559
242 1664 634 1428
243 1304 1736 1080
244
245
246 689 594 666
247 1056 258 460
248 1359 911 559
249 1932 1157 682
250 329 463 499 1112 857 924
251
252 685
253 1001 1340
254 1105 930 390 817
255 1538
256
257 1928 1001 642 1406
258 934
259 1961 962 1609
260 460
261 1033 676
262 378 738
263 788 981
264 1873 1582 1071
265 1217 1683 1094
266 1489 1052 1790
267 1476
268 1995 1597
269 945
270 678
271 640 688 524 1847
272 1540 1686
273 1911 1357
274 1026 356 1642 1529
275 402
276 1094
277 673 991 886
278 623
279 1584 1827 339 709
280 340
281 1890 805
282 289 1313 1025
283 1477
284 1920
285 1754 389 1839
286 1119
287 1394
288 539
289 1817
290 393 1131 1380
291 1882 1181 887
292 1688 1993 1771 1459 646
293 689 948 1613 1342
294
295 1383 936 1871 983
296 897 1362 1013
297 334 422 1517
298 1225 643 911
299 1263
300 1370 1130 1463
301 1403 1276 1127
302 1129 1321 369
303 1597 830
304 1378 1028 1189 1143
305 1779 790 1919
306 962 356
307 385 1988 422 745
308 354 691 1861 1438 639
309
310 965
311 1919
312 962
313 645
314 432 1958 1517 1775
315 1889 1542 847 562 1140 1272
316 1448 1347 748
317 338
318 344 1796 1798 1646
319 608 971 1030 1390 1501
320 962 482
321 1449 1426 796 902 1286
322 1314 789
323
324 330 1223 1421 751
325 920 1497 1731
326 577 1404
327 1036 756 1705 910 620
328 1836
329 1313 803 882 1743
330 1553 1107 1971 1159
331 393 618
332 787
333 1496 545 350
334 1602
335 1523
336 1249 715 1771
337 1634 1611 1165 695
338 1024 590
339 1442 947 1302
340 1928 940 478
341
342 750
343 1259
344 822 406
345 859 455 652 430 1460 1814 1151 1727
346 376 1905 1115
347 1669
348 1181
349 1571 879
350 1367 551
351 1620
352 1961 554 1395 486
353 444
354
355 1193
356 420 1109 1397
357 561 1132 1367
358
359 689 1570 555
360 1129 1299 589 1905
361 1161
362
363 538 548 602
364 1819
365 946 1583
366 1504 1857 1983 1728
367 616 1176
368 619 1163 1838
369 786 563 1094 1029
370 1858 1947 1018
371 847 429 911
372
373 1664 1097 1565
374 1974
375
376 1222
377 422
378 1840
379
380 1402 412 1470 1743
381 1060 1893 1670 1466 763 479
382 1888
383 1201 803 1331
384 850
385 672 1243
386
387 1780 950
388 451 1612
389
390
391 1697 1249
392 1950 1433
393 1581 1949
394 556 1108 1110
395
396 1483 848 1585 690 1203 1045
397
398 1130 1077 1086
399 1561 1580 413
400 1897 1412 1925
401 1811
402 1586 1195 1755
403 1620
404 1194 733
405 1057 1081
406 1296 417 1545
407 456
408 569 1979
409 1052 997 1789
410 1807
411 1795 1283 914
412 1484 1278 1839
413 978 1627 419
414 1044
415 792 897 1837
416 1013
417 505 1379 1676
418 508 677
419 1054
420
421 1008 1018
422 1961
423 486
424 1072 701
425
426 512 691
427 459 1620 702 639
428 1583
429 1992 1009 989
430 594 477 479
431 1344
432 689
433 1856 585
434 1596 1166 1663
435 1907 1276 1126
436 1801 1234 1307 556
437 1314
438 1825 973
439 608 741 1782 1006
440 1223
441 703
442 1769
443 626 1140
444
445 1236 1116
446 819
447 593
448 737 906 1553 1714 1107 1718 1054
449 1732 1533
450 1314 594
451 698
452 1272 714 1771 1308 922
453 601
454 1945
455
456 1144 1463
457 1344 1960 1101 1976 1567 1438 1311
458 1794
459
460 1713 1086 1454
461 1072 1869
462 1880
463 1811 1698 1125
464
465 934
466 1459
467 713 1834 601
468 1275
469
470 1563
471 993 1010 1676 701 1055
472 1312 631 1052
473 528 542
474 683 1078
475 899 1511 1518 695
476 906
477 1361 1846 701
478 643 493 1237 1173
479 1518
480
481 778 774
482 1595
483 1936 1810 915 588
484 1296 955 574 1439
485 1219 911
486 684
487 1024 1522 743
488 870
489 1762 1237
490 1932
491 1153 584 748 1453 1806 943 1950
492 1248 1058
493 1482
494 1851 1524 1887
495
496 605 750
497 746 1330
498 1944 888 1811
499 1235 546
500 814
501 1591
502 1682
503
504 1416 834 1838
505 616 1131 1652 1219
506 733
507 1640 1160 1034 1631
508 1968 828 522
509 726 1510 1168 1518 534 1502
510 1798 1926 1639 530 1714
511 831 1318 1671
512 1409 1038
513 537 1343
514 1036 1885 1463
515 1118
516 1285 1479
517 980
518 928 1311
519 1390 1454
520 1817 1284 1910 807
521 1338 1779
522
523 705 968 1068 1421 1488 529 755
524 1663 1525
525 1312 1353 1002 1356 858
526 1096 1138
527 1863 1072 1108 1972
528 1838 1057
529 1193 1383
530 1250 1157 1384 682 625 1622
531 1699
532 1342 566 1733
533 577 1412
534 888 857 1503
535 1208 1096 818 1990 1246
536
537 1204 1249
538 1570 1300 1118
539 1012 1736 1567
540 640
541
542 1213 1049
543 554 1613 1166 1326 1368 1022
544 811 1530 1723 750
545 1196
546 1673 567
547 1742 1789 798
548 1322 1004 1570 1951
549 830
550 1333
551 1991 682 1068 1491 863
552 721 1457
553 872 1885
554 617 1771 1073 1609
555 1475
556 1049 811 1298
557 1169 772 1014
558 653 1927
559 1704 1659
560 1937 1204 1495
561 1314 1999
562 1194
563 978
564 1850
565
566 1481 771
567 1843 1165 1935
568 1873 1802
569 1969
570 1497 1098 1515
571 654 1862
572
573 777
574 1615
575 1840 1278
576 1423
577 1021
578 1489
579 1568 823
580
581 1281 1938 1147 1564 1018
582 666 1875 1699
583
584 1707 1605
585 1667 1517 1105
586 1763
587 1864 763
588 1862
589
590 1144 1372 1894
591 1157
592 1738 1507
593 610 1499 1509 991
594 1689
595 1681
596
597 1989
598 1064 1138 1603 622
599 1304 1894
600 1263
601 1322 1290 1251
602
603 1254
604 1791
605 1742 1358 743
606
607 1929 933 726
608
609
610 1156 837 1612 816 1914
611 656 1346
612 1475
613 656 1505 762 898
614 864 1633 1453 1934
615 1112
616
617 1629
618 755
619 704 1180 1645
620 1504 1159
621 1407 1517 1167
622 1392 1594 1748
623 1065
624 1730 939
625 897 1644 866
626 1940 1886
627 714 1580 1149
628 1097 938 1045
629 815 1191
630 1330 1766
631 1880 1598
632 1778
633 1346 1123 1366
634 769
635 1432 1921 983 1164 1439
636 644 1069
637 1633
638 1619 1747
639 1225 1443
640
641 1945 829
642 913
643
644
645 1100 876
646 1188 1305
647 1602
648
649 1771 655
650 1452 1114 1812 774 1239
651 1521 1423
652 1896 1601
653 1048
654 803
655 1058 1166
656 1995
657
658 696 1117
659 832 881 1218
660
661
662 1670
663 1504
664
665 1201 787 1318 1862
666 736 1683
667 1138 714 974
668 1092 1460
669 1053
670 818
671 1253 1549 1199
672 852 1597 1399
673 1480
674 1489
675
676 1695
677 1115
678 1091 1115 1870
679
680
681 738
682 1379
683 936 961 1324
684
685 1346 1415 1427 1877
686 864 1882 1676 1709
687 1821 1598 1559
688 1984 722 1726
689 801 939 903 788 1630
690 831
691 1558 1735
692
693 1143
694 806
695 1659 1638
696
697 738 1234
698
699 868
700 1980
701 1045
702 1579
703 1525 921
704 1156 1205 719
705 739
706 1180
707 905
708 808 1634 1763 1170
709 804 1707 1553
710 1507 1550 1686
711 1199
712 1689 866 1724
713
714 939
715
716 1024 1202 806 1711
717 1745 1340 1670 1465
718 1286
719 738 1871
720 745 1522 1836
721
722 1992 778 1466
723
724 1739 1276 1878
725
726 1496 1604
727 1598 1431
728 1434 1052
729 1117 1726 1135
730 1484 1773
731
732 851
733 1187 1544 1740 1966
734 1662
735 1495
736 1755 1238 1606
737 1425 1363
738
739 1754 1875 1261 846
740 1056 1611
741 1000
742
743
744 1972
745 1647 1381 1079
746 1737 1907 1337 1179 1693
747
748 969
749 1728 1624 1842
750 775 1353
751 1057 1314
752 1129 1947 1645 1862
753 881 1035
754 1344 1354 1204
755 1124
756
757 896 1114
758 1572 1164 1488 1139 1791
759 856 1812 1261
760 939 1116 1630
761 1609
762 1564
763 911
764
765 1780
766
767
768 1409 1314 1906 1418
769 1608 1428 1013 1719 1533
770 1054
771 1733
772
773 1927
774
775 1385
776
777 1843 1171
778 1348 1077
779 1450
780 1978 1250 1615
781 1346
782 1930
783 1480
784 1094
785 828 1629 1301
786
787 1450 1956
788 1191 936 1522 1142 1785
789
790
791 1705
792 917
793 1456 1400 1556
794 922
795 1057 946 1068
796
797 1968 1756 1492
798 878
799
800 1113 1591 1959
801 1008 1658
802
803 1859 1055 1291 1379 1787
804 970 967
805 1472 1603 1670
806
807 1755
808 1608 894
809 1228
810 1872 1573
811
812 1828
813
814 1706 994
815 1241 1166 1185
816 883 822
817 1816 1247
818 1380 1490 1881 1087
819 1692
820 1128 1114
821 1404 1991
822
823 1186
824 865 1159 1906 1335 956
825
826 1162 1986
827
828 1760 1439
829 1931 1573
830 1726
831 874
832 1768
833 1536 1940
834 1585
835 1874 1599 1791
836 1514 1026 1022
837 1761 1772 1074
838 1983
839 878
840
841 1642 1011
842 1543 1868
843 1374
844
845 1240 1145
846 1928 1233 1563
847 1575
848
849
850 1673 1869 1489 1170
851 1333 1765
852 1730
853
854 1607 1950
855 1692 1238
856
857
858 1680 1525
859
860 1877
861 1128 884
862 1148
863 1812
864 1495 1583 1935
865 1312
866 1842 1333 1983
867
868 1139 1115
869 1466
870 1437
871 1233 1690 1321
872
873 1514 1631
874 1512
875
876 1703
877
878 978 907
879
880 1099 1127
881 1376
882
883
884 1759
885 1394 987
886 1978
887 1512
888
889 1339 1693 975
890 1154
891 1961 1355 1212 1894 1945
892 1412
893 962
894
895 1256
896 1410 1068 1349
897 1318
898
899 1424 1521
900 922 1246
901 1728 1000 1231
902 1634 1333
903 939 999
904 1697 1243
905 1952 1542 1182
906 1764 1581 1055
907 1894
908 1024 996
909 1939 1692
910 1125 1518
911
912
913 1203
914 1562 1958 1207
915 1027 1010 1805
916 1373
917
918 1968 1481
919 1180 1077
920
921
922 1984 1742
923
924 1156
925 1235 1455
926 1840 955
927 1997 1902 959
928 1282 1778 1231
929 1714
930 1938 1382 1629
931 1795
932 1932 1685 1445
933
934
935 1338 1783
936 1952
937 1121 1821 1407
938 1250 1509
939 946
940
941
942 1280 1682
943 1806
944 1248 1822
945 1735 1460 1446 1133
946
947 1408 1585 1617
948 1808
949
950 1107 1130 1295
951
952
953
954 1336
955 1348
956 1456 1890 1217
957 1447
958
959 1819 1667 1222
960 1240 1146
961
962 1192 1340
963 1934
964
965 1946 1158
966 1996
967
968 1153 1916 1502
969
970 1452 1450 1946
971 1411
972
973 1341
974 1717
975 1395
976 985
977 1346 1771
978
979
980 1116
981 1153
982 1608 1547 1190
983
984 1238
985 1875
986 1060 1477 1775
987 1219 1087 1521 1239 1179
988 1505 1926
989 1233 1781 1143 1498 1183
990 1603
991 1527
992 1109
993
994 1009 1444
995
996 1266 1174
997 1465
998 1664
999 1938
1000 1614
1001 1192 1959
1002
1003
1004
1005 1375
1006 1712 1110
1007 1127 1949
1008
1009
1010 1329 1234
1011 1752 1405
1012
1013
1014 1894
1015 1584
1016 1044
1017 1673 1502
1018 1985 1462
1019 1701
1020
1021 1091
1022
1023 1961 1451 1399
1024
1025 1112 1041
1026 1270 1823
1027
1028 1122 1564
1029
1030 1983 1492 1837
1031 1061
1032 1299 1084
1033 1706
1034 1596 1310
1035 1894
1036 1339
1037 1986 1751 1316 1227
1038 1078
1039 1769 1076 1326
1040 1556
1041
1042
1043 1904
1044 1921 1879
1045 1070
1046 1577 1634 1979
1047 1213
1048 1542 1677
1049 1973
1050 1736 1521 1298 1189
1051 1321
1052
1053
1054
1055
1056 1179 1445 1398
1057 1744 1777 1626
1058
1059 1947
1060 1889 1861
1061 1777 1414
1062 1696 1599
1063 1480 1476
1064 1936
1065 1761 1611 1428
1066 1568
1067 1854
1068 1848
1069 1833
1070 1818
1071 1975
1072
1073 1161 1839
1074
1075 1719
1076 1101
1077 1636 1130
1078 1305
1079 1993
1080 1364 1828 1781 1839
1081 1782 1125
1082 1513
1083
1084
1085 1353 1451 1990
1086 1982
1087
1088 1895
1089 1194
1090 1206
1091
1092
1093 1336 1212 1365 1110 1895
1094 1824 1435
1095 1509 1499 1149
1096 1277
1097 1882
1098 1491
1099 1449 1181
1100 1776 1930
1101 1336 1719
1102 1975
1103
1104
1105
1106 1121
1107 1446
1108 1398
1109
1110
1111 1541
1112 1810 1555
1113
1114 1944 1644
1115 1509
1116
1117 1658 1364
1118
1119 1185
1120
1121 1233
1122 1596
1123
1124 1313
1125 1953
1126 1874
1127 1798 1833 1720
1128 1940
1129
1130 1991 1480 1402 1919
1131 1819 1787
1132
1133 1794 1566
1134 1250 1179 1502 1853
1135
1136
1137
1138
1139 1812 1170 1533
1140
1141 1860
1142 1584
1143
1144
1145 1805
1146 1457 1671 1439 1215
1147 1706 1565
1148 1278
1149
1150 1520 1764
1151
1152 1900 1197
1153 1196
1154 1264
1155
1156
1157 1753
1158
1159 1921
1160
1161
1162
1163 1763
1164
1165 1176
1166
1167 1731 1815
1168
1169 1582
1170 1842 1712 1719 1636
1171
1172
1173
1174 1516
1175 1533
1176
1177 1263
1178 1434 1684
1179 1547
1180 1493
1181 1605 1596 1822
1182 1485
1183 1602
1184
1185 1683
1186 1218
1187 1293 1894 1783
1188 1713
1189 1771 1542
1190
1191 1913
1192 1858
1193
1194
1195 1659
1196
1197 1992
1198 1261 1894
1199 1411 1413
1200
1201 1790
1202 1325 1998
1203 1903
1204 1733
1205 1405
1206 1280 1697 1455
1207 1354 1397 1966
1208 1409 1923
1209 1555
1210 1530
1211 1754 1820
1212 1637
1213 1500
1214
1215
1216 1442
1217
1218 1724
1219
1220 1835
1221
1222
1223 1383
1224 1301
1225 1898 1477
1226 1329
1227
1228 1865
1229 1249
1230 1539 1636
1231 1963 1780
1232 1998
1233
1234 1924
1235 1403 1518
1236
1237
1238
1239
1240
1241 1592
1242 1428
1243
1244 1624 1333
1245 1874 1501
1246 1414
1247 1545 1334 1791
1248
1249
1250
1251 1740 1799
1252 1594 1691 1494
1253
1254 1276
1255 1605
1256 1886
1257
1258 1835 1725 1263
1259 1369
1260
1261 1345 1966
1262 1321 1957
1263 1328
1264
1265
1266 1803 1796
1267 1298
1268
1269 1937 1602
1270 1736 1655
1271
1272
1273 1557 1927
1274 1595
1275 1828
1276 1583
1277 1321
1278
1279
1280 1401
1281 1935
1282
1283 1305 1366
1284 1616
1285 1603
1286
1287 1416
1288
1289 1763
1290 1515 1821 1749
1291 1472
1292 1601 1925
1293
1294 1793 1402
1295 1487
1296 1313 1470
1297
1298
1299 1867
1300 1315 1858
1301 1988
1302 1874
1303
1304 1880
1305 1992 1682
1306
1307 1566 1783
1308 1376
1309 1477 1479
1310
1311 1759
1312 1678 1631
1313
1314 1540
1315 1680 1459
1316 1438
1317 1845
1318
1319 1691 1771
1320 1723 1671
1321 1600
1322 1858 1478
1323 1566
1324 1617
1325
1326 1821
1327 1365
1328 1483 1773
1329 1538
1330 1904
1331 1993 1746
1332
1333 1545
1334 1476
1335 1809
1336 1633
1337 1349
1338 1851 1821
1339 1657
1340
1341 1785 1403
1342
1343
1344 1371
1345 1814
1346
1347
1348 1801 1455
1349 1684
1350
1351
1352 1465 1915 1934
1353
1354 1658
1355
1356 1886 1517
1357 1901
1358
1359
1360
1361 1521
1362
1363 1386 1611
1364 1731 1991
1365 1407
1366 1721
1367 1793
1368
1369
1370 1496 1946 1757
1371
1372 1600
1373
1374 1620 1487 1591
1375 1572 1515 1617 1915 1503
1376
1377 1406
1378 1881
1379
1380 1958
1381 1688
1382
1383
1384 1608 1495
1385 1708 1686 1638
1386
1387
1388
1389
1390 1394
1391 1598
1392
1393 1787
1394 1540
1395 1621
1396
1397 1856
1398 1762 1947
1399 1732 1957 1584 1748
1400
1401 1604
1402
1403 1888
1404
1405 1752
1406
1407
1408
1409 1589
1410 1643
1411
1412 1471
1413 1827 1814
1414 1830 1607 1941
1415
1416 1971
1417
1418 1881
1419 1667 1551
1420 1705
1421 1693
1422
1423
1424 1543
1425
1426
1427
1428 1810
1429 1622
1430 1916
1431
1432
1433 1863
1434
1435 1556
1436 1802
1437
1438 1686
1439 1698 1878
1440
1441
1442 1737
1443
1444
1445
1446
1447 1945
1448
1449
1450 1625
1451
1452 1865
1453 1565
1454 1735
1455
1456 1939
1457 1936 1461
1458 1570 1494 1591
1459
1460 1607 1707
1461 1801
1462 1669
1463 1898
1464 1648 1573 1525
1465 1614
1466
1467 1693
1468
1469 1792 1624
1470 1527
1471 1634 1511
1472
1473
1474
1475 1952
1476
1477
1478
1479
1480 1635
1481
1482 1687 1549 1879 1691
1483 1949 1543
1484
1485
1486
1487 1927 1836
1488
1489 1755
1490
1491 1854
1492
1493
1494 1695
1495 1840 1502
1496 1863
1497 1642 1995
1498
1499
1500 1642 1894
1501
1502
1503
1504 1646 1711 1727
1505
1506
1507
1508 1693
1509
1510
1511
1512
1513
1514
1515
1516
1517 1911 1769
1518
1519 1707
1520
1521
1522 1658
1523 1866 1995
1524 1665 1889 1936 1981 1534
1525
1526
1527 1912
1528 1796
1529 1742
1530
1531
1532
1533
1534 1542
1535
1536 1749
1537
1538
1539 1549
1540
1541 1983
1542 1559
1543
1544
1545
1546
1547
1548
1549
1550
1551 1714
1552
1553
1554
1555 1856
1556 1767
1557
1558
1559
1560 1686
1561 1605
1562
1563
1564 1692 1911
1565
1566
1567
1568 1645
1569
1570
1571
1572 1787 1805
1573
1574
1575 1630
1576
1577 1946
1578 1749
1579
1580
1581
1582 1843
1583 1978
1584 1750
1585 1916
1586 1649 1834
1587 1821 1918
1588 1900
1589
1590
1591
1592
1593
1594 1610
1595 1641
1596
1597
1598
1599 1874
1600 1984
1601 1644
1602
1603 1715
1604
1605
1606
1607
1608
1609
1610
1611
1612
1613
1614
1615 1761
1616
1617
1618 1939 1647
1619 1653
1620 1690
1621 1868
1622
1623
1624
1625 1968 1903
1626
1627 1985
1628 1826
1629
1630
1631
1632
1633
1634
1635
1636 1719
1637
1638
1639 1874
1640
1641 1677
1642 1990 1654
1643
1644 1699
1645
1646
1647 1774
1648
1649
1650
1651 1829
1652
1653
1654
1655 1963
1656
1657
1658
1659 1962
1660
1661
1662
1663
1664
1665 1725
1666
1667
1668
1669
1670 1672
1671
1672
1673 1874
1674 1761 1685 1727
1675 1990 1718
1676 1805 1883
1677
1678
1679
1680 1904 1995
1681
1682
1683
1684
1685
1686
1687
1688 1733
1689
1690
1691
1692
1693
1694
1695
1696
1697
1698
1699 1842 1911
1700 1851
1701
1702
1703
1704 1896 1931 1974
1705
1706 1750
1707
1708
1709
1710
1711
1712
1713
1714
1715 1931
1716
1717
1718
1719
1720
1721 1948
1722 1834
1723
1724
1725
1726 1775
1727
1728
1729
1730 1731 1923
1731
1732
1733
1734
1735
1736
1737
1738
1739
1740
1741
1742 1926
1743
1744
1745 1754 1764
1746 1844 1973
1747 1969 1780
1748 1824 1778
1749
1750
1751
1752
1753 1953
1754
1755
1756
1757 1907
1758 1809 1834 1939
1759 1940
1760
1761
1762
1763
1764
1765
1766 1861
1767
1768
1769
1770
1771 1780
1772
1773 1855
1774
1775 1851
1776
1777
1778
1779
1780 1879
1781
1782
1783
1784 1849 1874
1785
1786
1787
1788
1789 1852
1790
1791
1792
1793 1895 1996
1794
1795
1796
1797 1853
1798
1799
1800
1801
1802 1911
1803
1804
1805
1806
1807
1808
1809
1810 1838
1811
1812
1813
1814 1831
1815
1816
1817
1818
1819 1870
1820
1821
1822
1823
1824 1926
1825
1826 1976
1827
1828 1843 1971
1829
1830
1831 1906
1832
1833 1870
1834 1841
1835 1881 1845
1836
1837 1973
1838
1839
1840
1841
1842
1843
1844
1845
1846
1847 1953
1848
1849
1850
1851
1852
1853
1854 1973
1855
1856
1857
1858
1859
1860
1861
1862
1863
1864
1865
1866
1867
1868
1869
1870
1871
1872 1887
1873
1874 1947
1875
1876 1978
1877
1878
1879
1880
1881
1882 1884
1883
1884
1885
1886 1962
1887
1888
1889 1951
1890
1891
1892 1959
1893
1894
1895
1896
1897
1898 1954
1899
1900
1901 1972
1902
1903
1904
1905
1906
1907
1908
1909
1910
1911
1912
1913
1914
1915
1916
1917
1918
1919
1920
1921
1922
1923
1924
1925
1926
1927
1928
1929 1977
1930
1931 1990
1932
1933
1934
1935
1936
1937
1938
1939 1943
1940 1960 1988
1941
1942
1943
1944
1945
1946
1947
1948
1949
1950
1951
1952
1953
1954
1955
1956
1957
1958
1959
1960
1961
1962
1963
1964
1965
1966
1967
1968
1969
1970
1971
1972
1973
1974
1975
1976
1977
1978
1979
1980
1981
1982
1983
1984
1985
1986
1987
1988
1989
1990
1991
1992
1993
1994
1995
1996
1997
1998
1999
[0, 1, 0, 0, 1, 0, 1, 0, 0, 0, 0, 1, 1, 1, 1, 0, 1, 1, 1, 1, 0, 0, 1, 0, 1, 1, 1, 1, 0, 1, 1, 0, 1, 1, 0, 1, 1, 0, 0, 0, 1, 1, 1, 0, 1, 0, 1, 0, 1, 0, 0, 0, 1, 0, 0, 1, 1, 0, 0, 1, 1, 1, 0, 1, 0, 0, 1, 1, 0, 0, 1, 0, 1, 1, 1, 0, 0, 0, 1, 1, 0, 1, 0, 0, 0, 1, 1, 1, 0, 1, 0, 1, 0, 1, 1, 1, 0, 0, 0, 0, 1, 1, 0, 1, 1, 0, 0, 1, 0, 0, 0, 1, 0, 1, 0, 1, 0, 1, 1, 0, 0, 0, 1, 0, 0, 0, 0, 1, 1, 1, 0, 0, 1, 1, 1, 0, 0, 0, 1, 0, 1, 1, 0, 0, 0, 1, 0, 0, 1, 1, 1, 0, 0, 0, 1, 1, 1, 1, 0, 0, 0, 1, 1, 1, 1, 0, 0, 0, 0, 1, 1, 0, 1, 0, 1, 0, 1, 0, 1, 1, 1, 1, 0, 0, 0, 0, 0, 1, 1, 0, 1, 0, 1, 0, 1, 1, 0, 0, 0, 0, 1, 1, 0, 0, 1, 0, 0, 0, 0, 1, 0, 0, 1, 0, 0, 1, 0, 1, 0, 0, 0, 1, 1, 0, 1, 0, 1, 1, 1, 0, 1, 0, 1, 0, 1, 0, 0, 0, 1, 1, 0, 0, 0, 1, 0, 0, 1, 0, 1, 0, 0, 1, 0, 1, 1, 1, 1, 1, 0, 1, 1, 1, 0, 0, 1, 1, 0, 0, 1, 0, 0, 1, 1, 0, 1, 1, 0, 0, 0, 0, 1, 1, 0, 1, 1, 1, 1, 0, 1, 0, 0, 0, 1, 1, 0, 0, 0, 1, 1, 0, 0, 0, 1, 1, 1, 1, 1, 1, 1, 1, 0, 1, 1, 0, 1, 1, 1, 1, 0, 0, 1, 0, 1, 1, 0, 1, 0, 0, 0, 0, 0, 0, 1, 0, 1, 1, 1, 0, 1, 0, 0, 1, 1, 0, 0, 0, 0, 1, 0, 0, 0, 0, 1, 0, 1, 0, 1, 0, 1, 1, 0, 1, 0, 1, 0, 0, 0, 0, 0, 1, 1, 1, 1, 0, 0, 1, 0, 1, 0, 0, 0, 1, 0, 0, 0, 1, 1, 0, 1, 1, 1, 1, 0, 0, 0, 1, 0, 1, 0, 0, 0, 0, 1, 1, 1, 0, 0, 1, 0, 1, 0, 1, 0, 1, 0, 0, 0, 0, 0, 1, 1, 1, 1, 1, 0, 0, 1, 1, 0, 1, 0, 1, 1, 1, 1, 0, 0, 1, 1, 0, 0, 1, 1, 1, 0, 1, 1, 0, 0, 1, 0, 1, 1, 1, 1, 0, 1, 1, 0, 1, 0, 0, 1, 0, 0, 0, 1, 1, 0, 0, 1, 0, 1, 0, 1, 0, 0, 0, 0, 0, 0, 0, 1, 0, 0, 0, 1, 1, 1, 0, 0, 0, 0, 0, 1, 1, 1, 1, 0, 0, 1, 1, 1, 0, 0, 0, 0, 1, 0, 0, 0, 0, 1, 1, 0, 1, 1, 1, 1, 0, 1, 1, 1, 0, 1, 1, 1, 0, 0, 0, 0, 1, 1, 0, 0, 1, 1, 1, 1, 1, 0, 1, 0, 1, 0, 0, 0, 1, 1, 1, 0, 0, 0, 0, 1, 0, 0, 1, 1, 1, 1, 0, 1, 1, 1, 1, 1, 0, 1, 0, 1, 0, 1, 0, 0, 0, 0, 0, 0, 0, 1, 1, 1, 1, 0, 1, 0, 1, 0, 0, 1, 0, 1, 0, 0, 0, 0, 1, 1, 1, 0, 1, 1, 1, 0, 1, 0, 0, 0, 0, 0, 1, 0, 1, 0, 0, 0, 1, 0, 0, 0, 1, 1, 0, 1, 0, 1, 1, 0, 0, 1, 1, 1, 1, 0, 0, 0, 1, 0, 1, 1, 1, 1, 0, 0, 0, 1, 1, 0, 1, 0, 0, 0, 1, 0, 1, 1, 0, 1, 0, 1, 1, 1, 0, 0, 0, 1, 0, 0, 0, 1, 0, 1, 0, 0, 0, 1, 0, 0, 1, 0, 0, 0, 1, 1, 0, 0, 1, 1, 1, 0, 1, 0, 1, 0, 0, 1, 0, 0, 0, 0, 0, 1, 1, 0, 1, 0, 0, 0, 0, 1, 0, 0, 1, 1, 0, 1, 1, 0, 0, 1, 0, 1, 0, 0, 0, 0, 1, 1, 1, 0, 0, 0, 1, 0, 0, 1, 0, 0, 1, 0, 0, 0, 1, 1, 1, 0, 1, 1, 0, 1, 0, 0, 1, 1, 0, 0, 0, 0, 0, 1, 1, 1, 1, 0, 0, 1, 1, 1, 0, 0, 1, 1, 1, 0, 1, 0, 0, 0, 0, 0, 1, 0, 0, 1, 0, 1, 0, 1, 1, 1, 0, 0, 1, 0, 0, 0, 0, 1, 1, 1, 1, 1, 0, 0, 1, 1, 1, 0, 0, 1, 0, 0, 1, 1, 1, 1, 1, 1, 1, 0, 0, 1, 0, 1, 0, 1, 1, 0, 1, 1, 0, 0, 0, 0, 0, 1, 0, 1, 1, 1, 0, 0, 1, 0, 0, 1, 1, 1, 1, 0, 0, 1, 0, 0, 1, 0, 0, 1, 0, 0, 1, 1, 0, 0, 1, 0, 1, 0, 1, 1, 1, 1, 1, 0, 1, 0, 0, 1, 1, 0, 0, 0, 1, 1, 0, 0, 0, 0, 0, 1, 1, 0, 0, 0, 0, 0, 0, 1, 0, 1, 0, 0, 1, 1, 0, 0, 1, 1, 1, 0, 1, 0, 0, 1, 0, 1, 0, 1, 0, 1, 1, 1, 1, 0, 0, 0, 0, 0, 1, 1, 1, 0, 0, 0, 1, 1, 1, 0, 1, 0, 1, 1, 0, 0, 0, 0, 0, 0, 1, 0, 0, 1, 0, 1, 0, 1, 1, 1, 0, 0, 1, 1, 1, 1, 0, 0, 0, 0, 1, 0, 0, 0, 1, 0, 0, 1, 1, 1, 1, 1, 0, 0, 0, 0, 1, 1, 0, 1, 1, 1, 0, 1, 0, 1, 1, 1, 1, 0, 1, 0, 1, 1, 0, 1, 1, 0, 0, 1, 1, 0, 0, 1, 0, 1, 1, 0, 0, 1, 0, 1, 0, 1, 1, 1, 0, 1, 0, 1, 1, 0, 1, 0, 1, 1, 1, 0, 1, 1, 1, 1, 0, 0, 0, 0, 0, 0, 0, 1, 0, 1, 1, 1, 0, 0, 0, 0, 0, 1, 0, 1, 1, 1, 0, 1, 0, 0, 0, 0, 0, 0, 1, 0, 1, 0, 0, 1, 0, 1, 1, 1, 0, 0, 1, 0, 1, 1, 1, 1, 1, 1, 0, 0, 1, 1, 0, 1, 0, 0, 0, 0, 1, 1, 0, 0, 1, 1, 0, 0, 1, 0, 0, 0, 1, 0, 0, 1, 1, 1, 1, 0, 1, 1, 1, 0, 0, 0, 0, 1, 0, 0, 0, 0, 0, 0, 1, 0, 1, 1, 0, 1, 0, 1, 1, 1, 0, 0, 1, 1, 0, 1, 0, 0, 0, 1, 1, 0, 0, 0, 0, 1, 1, 1, 0, 0, 0, 1, 1, 1, 1, 0, 1, 0, 0, 1, 1, 0, 0, 1, 0, 0, 0, 0, 1, 0, 1, 0, 1, 0, 1, 1, 0, 1, 0, 1, 1, 0, 1, 1, 0, 1, 0, 1, 0, 1, 0, 1, 1, 1, 1, 0, 1, 1, 0, 0, 0, 1, 1, 0, 0, 1, 0, 0, 0, 1, 1, 0, 1, 0, 1, 0, 0, 1, 1, 0, 0, 1, 0, 1, 0, 0, 1, 0, 1, 0, 0, 1, 0, 0, 1, 0, 1, 1, 0, 1, 0, 0, 1, 1, 0, 0, 1, 1, 0, 1, 0, 1, 0, 1, 1, 1, 1, 1, 1, 1, 0, 0, 1, 1, 1, 1, 0, 1, 1, 1, 1, 0, 0, 0, 1, 1, 0, 0, 1, 0, 1, 0, 0, 0, 0, 1, 1, 0, 1, 1, 1, 0, 0, 0, 1, 1, 1, 1, 0, 0, 1, 1, 1, 0, 1, 0, 1, 1, 0, 1, 1, 1, 1, 0, 0, 1, 0, 0, 0, 0, 1, 1, 0, 1, 0, 1, 1, 1, 1, 1, 1, 1, 1, 0, 0, 0, 0, 1, 1, 1, 1, 1, 0, 1, 1, 0, 0, 0, 0, 1, 1, 1, 0, 0, 0, 0, 1, 1, 1, 1, 1, 0, 0, 1, 0, 1, 1, 1, 0, 0, 1, 0, 1, 1, 0, 0, 1, 1, 0, 0, 1, 0, 1, 0, 1, 1, 1, 0, 0, 0, 0, 1, 1, 0, 1, 0, 0, 0, 0, 1, 0, 0, 1, 1, 0, 0, 0, 0, 0, 0, 0, 1, 0, 0, 1, 0, 1, 0, 0, 1, 1, 1, 1, 1, 0, 1, 0, 1, 1, 1, 0, 0, 1, 1, 0, 0, 1, 0, 0, 0, 0, 1, 0, 1, 1, 0, 0, 1, 0, 1, 1, 1, 0, 1, 0, 0, 0, 1, 0, 1, 0, 0, 1, 0, 1, 0, 1, 0, 0, 0, 0, 1, 1, 0, 0, 1, 0, 0, 0, 1, 0, 0, 1, 1, 0, 1, 0, 0, 1, 0, 1, 1, 1, 0, 0, 0, 0, 1, 0, 1, 1, 1, 1, 0, 0, 1, 0, 1, 1, 1, 1, 0, 0, 0, 1, 0, 1, 1, 0, 1, 0, 1, 0, 1, 0, 0, 0, 1, 0, 1, 0, 1, 0, 1, 0, 1, 0, 0, 0, 0, 1, 1, 1, 1, 1, 1, 0, 1, 1, 1, 0, 0, 1, 0, 0, 1, 0, 0, 1, 0, 1, 0, 0, 0, 1, 0, 0, 1, 0, 1, 0, 1, 1, 0, 1, 1, 1, 1, 0, 1, 1, 1, 1, 1, 0, 1, 0, 1, 1, 0, 0, 1, 0, 0, 1, 1, 0, 1, 1, 1, 0, 1, 1, 1, 0, 1, 1, 1, 1, 0, 0, 0, 1, 1, 1, 1, 1, 0, 1, 0, 1, 0, 1, 0, 0, 1, 1, 1, 0, 0, 0, 0, 1, 0, 1, 1, 1, 0, 0, 1, 1, 1, 0, 1, 1, 0, 0, 0, 1, 0, 1, 1, 0, 1, 1, 1, 0, 1, 0, 0, 0, 0, 1, 0, 1, 1, 0, 1, 1, 0, 0, 1, 0, 1, 0, 1, 1, 1, 0, 0, 1, 1, 1, 0, 1, 1, 0, 1, 0, 1, 0, 1, 0, 1, 0, 0, 0, 0, 0, 0, 1, 1, 0, 0, 0, 0, 1, 1, 0, 0, 1, 1, 0, 0, 1, 1, 1, 1, 1, 0, 0, 1, 0, 1, 0, 1, 0, 1, 0, 0, 1, 1, 0, 1, 1, 1, 1, 0, 0, 1, 1, 0, 0, 1, 1, 0, 0, 0, 0, 1, 0, 1, 0, 0, 1, 1, 1, 0, 0, 1, 1, 0, 1, 1, 1, 0, 1, 0, 1, 0, 1, 0, 0, 0, 1, 0, 0, 0, 0, 0, 1, 0, 0, 0, 1, 0, 0, 1, 1, 0, 0, 0, 0, 0, 1, 0, 0, 0, 1, 1, 1, 1, 0, 0, 0, 0, 1, 0, 1, 1, 1, 1, 0, 0, 1, 1, 1, 0, 0, 1, 1, 1, 0, 0, 1, 0, 1, 0, 0, 1, 1, 0, 0, 0, 0, 0, 1, 1, 0, 0, 0, 1, 0, 1, 0, 0, 1, 0, 0, 1, 0, 1, 0, 1, 0, 0, 0, 1, 1, 0, 1, 0, 0, 0, 0, 1, 1, 0, 0, 0, 0, 1, 1, 0, 1, 1, 1, 1, 1, 1, 1, 0, 0, 1, 0, 0, 0, 0, 0, 1, 0, 1, 0, 1, 1, 1, 1, 1, 0, 0, 1, 0, 1, 1, 1, 0, 0, 1, 1, 0, 0, 1, 1, 1, 0, 0, 1, 0, 0, 1, 0, 0, 1, 1, 1, 1, 1, 1, 1, 0, 1, 0, 0, 1, 0, 0, 1, 0, 0, 0, 1, 0, 1, 1, 1, 1, 1, 1, 0, 0, 1, 1, 1, 0, 0, 0, 0, 0, 0, 0, 1, 1, 0, 0, 0, 0, 1, 1, 0, 1, 1, 1, 1, 1, 1, 1, 0, 1, 1, 0, 1, 0, 0, 1, 1]