0 139 169 181 325 
1 
2 100 231 
3 10 189 213 
4 197 
5 108 151 
6 166 174 177 
7 95 110 
8 108 190 
9 81 174 222 
10 26 33 34 152 
11 63 207 
12 26 225 
13 73 
14 
15 
16 65 73 216 
17 314 
18 39 153 175 252 
19 47 
20 171 
21 132 168 209 
22 132 327 
23 28 149 
24 37 41 155 
25 52 103 134 188 219 
26 
27 198 232 
28 249 
29 362 
30 59 189 207 420 
31 
32 140 
33 68 199 
34 35 165 
35 
36 60 220 
37 
38 
39 247 
40 54 75 96 
41 160 
42 181 199 
43 105 167 204 
44 103 116 
45 51 196 
46 228 
47 149 
48 
49 66 119 184 
50 281 
51 413 
52 169 
53 85 
54 88 
55 204 413 
56 158 
57 
58 233 
59 140 
60 73 173 182 
61 75 99 157 
62 
63 115 136 
64 79 84 
65 415 
66 152 233 
67 144 156 176 183 202 
68 204 
69 180 213 433 
70 
71 80 
72 202 215 
73 117 133 
74 
75 
76 141 171 183 271 
77 80 197 228 
78 188 202 253 
79 85 
80 
81 158 
82 
83 159 
84 249 382 
85 234 474 
86 112 139 164 245 
87 
88 330 
89 156 
90 136 
91 133 
92 
93 
94 162 196 
95 
96 122 
97 155 183 356 
98 125 219 
99 
100 114 153 236 243 
101 
102 203 230 
103 152 230 
104 383 
105 157 186 247 
106 168 221 
107 417 
108 
109 118 238 
110 
111 
112 160 198 401 
113 
114 159 472 
115 125 166 168 
116 156 
117 148 
118 171 
119 
120 222 242 
121 170 
122 163 189 
123 134 193 
124 138 139 
125 138 
126 270 
127 140 368 
128 
129 161 
130 
131 
132 174 206 
133 167 
134 239 
135 240 
136 
137 
138 169 187 
139 163 201 214 
140 170 205 212 
141 241 
142 
143 
144 192 
145 
146 188 464 
147 294 
148 
149 
150 328 
151 
152 
153 164 
154 165 196 
155 182 
156 
157 
158 418 
159 163 
160 211 246 
161 
162 231 241 247 
163 248 
164 
165 248 
166 
167 423 
168 170 198 272 
169 212 436 
170 238 260 
171 236 
172 278 
173 182 199 219 300 
174 
175 
176 212 
177 244 
178 210 
179 189 
180 333 
181 
182 
183 
184 304 
185 238 243 361 430 
186 
187 228 
188 
189 
190 
191 
192 
193 229 
194 217 
195 281 
196 
197 245 361 
198 247 
199 298 
200 231 
201 
202 
203 
204 238 
205 207 438 
206 
207 
208 
209 216 245 
210 
211 
212 226 294 
213 218 365 
214 
215 
216 
217 
218 
219 231 
220 
221 
222 
223 
224 
225 337 495 
226 244 
227 
228 
229 429 
230 
231 
232 433 
233 
234 
235 
236 287 
237 
238 358 
239 
240 242 
241 
242 
243 
244 268 
245 
246 
247 
248 
249 
250 281 395 410 444 
251 316 319 345 
252 278 458 
253 
254 318 352 396 453 
255 352 446 452 
256 268 
257 277 341 488 
258 309 
259 389 499 
260 291 351 408 
261 436 
262 
263 296 392 
264 
265 355 
266 393 395 
267 301 400 
268 
269 333 348 
270 279 456 
271 490 
272 386 
273 371 
274 338 
275 421 
276 323 
277 307 316 343 
278 482 
279 281 351 466 469 
280 400 
281 337 485 
282 
283 290 301 303 323 383 389 
284 
285 353 372 443 
286 
287 357 
288 330 337 394 
289 298 411 459 460 
290 313 475 480 494 
291 
292 393 417 
293 379 444 468 
294 486 
295 388 
296 357 416 
297 
298 
299 459 
300 357 365 489 490 
301 351 428 458 
302 437 
303 432 497 
304 354 
305 463 
306 
307 440 496 
308 454 
309 384 
310 311 487 
311 388 404 444 467 487 
312 
313 380 381 
314 408 461 
315 
316 401 460 469 
317 
318 
319 380 439 
320 469 
321 347 349 401 
322 344 495 
323 354 427 483 
324 371 458 
325 
326 451 
327 
328 397 426 
329 
330 413 457 463 
331 343 381 
332 409 470 
333 411 
334 
335 
336 407 410 426 446 
337 441 448 476 
338 
339 
340 469 
341 430 
342 373 439 489 
343 358 
344 390 400 465 
345 434 449 
346 
347 368 421 468 
348 361 
349 354 459 
350 
351 
352 393 454 
353 409 
354 
355 418 
356 
357 440 443 477 
358 458 
359 389 447 496 
360 409 
361 
362 402 
363 
364 
365 383 393 
366 
367 419 
368 431 
369 
370 486 
371 408 
372 
373 
374 464 
375 377 396 463 491 
376 390 439 
377 497 
378 457 
379 416 492 
380 404 
381 
382 439 
383 
384 448 459 
385 420 
386 410 
387 418 
388 
389 436 484 
390 466 
391 447 477 491 
392 
393 438 
394 471 
395 479 
396 
397 408 449 470 
398 481 
399 
400 408 
401 494 
402 
403 
404 
405 
406 
407 
408 
409 493 498 
410 491 494 
411 426 
412 
413 415 
414 429 
415 
416 441 
417 
418 496 
419 
420 
421 475 
422 
423 430 
424 487 
425 445 496 
426 461 477 
427 456 
428 
429 
430 
431 435 
432 452 
433 460 
434 
435 
436 
437 
438 
439 
440 486 
441 449 481 
442 
443 
444 
445 
446 
447 
448 
449 493 
450 491 
451 465 
452 
453 
454 460 
455 
456 459 488 
457 
458 
459 
460 
461 
462 
463 469 471 
464 467 
465 466 
466 
467 
468 
469 
470 
471 
472 
473 
474 
475 
476 
477 
478 492 
479 
480 
481 
482 
483 
484 
485 
486 
487 
488 
489 
490 
491 
492 
493 
494 
495 
496 
497 
498 
499 
[0, 0, 0, 0, 0, 0, 0, 0, 0, 0, 0, 0, 0, 0, 0, 0, 0, 0, 0, 0, 0, 0, 0, 0, 0, 0, 0, 0, 0, 0, 0, 0, 0, 0, 0, 0, 0, 0, 0, 0, 0, 0, 0, 0, 0, 0, 0, 0, 0, 0, 0, 0, 0, 0, 0, 0, 0, 0, 0, 0, 0, 0, 0, 0, 0, 0, 0, 0, 0, 0, 0, 0, 0, 0, 0, 0, 0, 0, 0, 0, 0, 0, 0, 0, 0, 0, 0, 0, 0, 0, 0, 0, 0, 0, 0, 0, 0, 0, 0, 0, 0, 0, 0, 0, 0, 0, 0, 0, 0, 0, 0, 0, 0, 0, 0, 0, 0, 0, 0, 0, 0, 0, 0, 0, 0, 0, 0, 0, 0, 0, 0, 0, 0, 0, 0, 0, 0, 0, 0, 0, 0, 0, 0, 0, 0, 0, 0, 0, 0, 0, 0, 0, 0, 0, 0, 0, 0, 0, 0, 0, 0, 0, 0, 0, 0, 0, 0, 0, 0, 0, 0, 0, 0, 0, 0, 0, 0, 0, 0, 0, 0, 0, 0, 0, 0, 0, 0, 0, 0, 0, 0, 0, 0, 0, 0, 0, 0, 0, 0, 0, 0, 0, 0, 0, 0, 0, 0, 0, 0, 0, 0, 0, 0, 0, 0, 0, 0, 0, 0, 0, 0, 0, 0, 0, 0, 0, 0, 0, 0, 0, 0, 0, 0, 0, 0, 0, 0, 0, 0, 0, 0, 0, 0, 0, 0, 0, 0, 0, 0, 0, 1, 1, 1, 1, 1, 1, 1, 1, 1, 1, 1, 1, 1, 1, 1, 1, 1, 1, 1, 1, 1, 1, 1, 1, 1, 1, 1, 1, 1, 1, 1, 1, 1, 1, 1, 1, 1, 1, 1, 1, 1, 1, 1, 1, 1, 1, 1, 1, 1, 1, 1, 1, 1, 1, 1, 1, 1, 1, 1, 1, 1, 1, 1, 1, 1, 1, 1, 1, 1, 1, 1, 1, 1, 1, 1, 1, 1, 1, 1, 1, 1, 1, 1, 1, 1, 1, 1, 1, 1, 1, 1, 1, 1, 1, 1, 1, 1, 1, 1, 1, 1, 1, 1, 1, 1, 1, 1, 1, 1, 1, 1, 1, 1, 1, 1, 1, 1, 1, 1, 1, 1, 1, 1, 1, 1, 1, 1, 1, 1, 1, 1, 1, 1, 1, 1, 1, 1, 1, 1, 1, 1, 1, 1, 1, 1, 1, 1, 1, 1, 1, 1, 1, 1, 1, 1, 1, 1, 1, 1, 1, 1, 1, 1, 1, 1, 1, 1, 1, 1, 1, 1, 1, 1, 1, 1, 1, 1, 1, 1, 1, 1, 1, 1, 1, 1, 1, 1, 1, 1, 1, 1, 1, 1, 1, 1, 1, 1, 1, 1, 1, 1, 1, 1, 1, 1, 1, 1, 1, 1, 1, 1, 1, 1, 1, 1, 1, 1, 1, 1, 1, 1, 1, 1, 1, 1, 1, 1, 1, 1, 1, 1, 1, 1, 1, 1, 1, 1, 1, 1, 1, 1, 1, 1, 1, 1, 1, 1, 1, 1, 1]