0 2238 2419 4333 4894 
1 21 217 737 854 1325 1926 2161 2281 
2 53 467 1393 1498 1751 
3 360 692 1258 1789 1955 2150 2278 
4 323 1258 1760 2610 
5 208 426 747 767 1521 1861 
6 27 1751 2111 4487 
7 1499 
8 708 
9 92 248 269 
10 757 2070 2352 
11 834 986 1983 2452 4494 
12 1163 1631 1906 3726 
13 1518 1926 
14 
15 871 962 1001 1690 2404 3954 
16 108 891 1123 
17 1157 1491 1673 1975 2103 2458 
18 1809 1938 2025 2289 3176 
19 2253 
20 581 665 1649 2273 
21 932 2031 2070 2432 
22 533 1016 1369 1776 2487 
23 828 2492 4319 4392 
24 975 1387 2042 2093 2257 
25 2026 2269 3599 
26 233 2078 2325 3975 4001 
27 478 1467 1540 2291 2368 2566 
28 1282 2396 
29 127 1530 1890 2134 
30 398 1044 
31 495 673 1516 2015 2385 
32 626 1111 1431 1801 2290 3000 
33 61 153 1215 1480 1761 2448 
34 1658 1928 
35 761 1170 1593 1628 2354 
36 1388 1699 4019 
37 835 2011 
38 1107 1897 
39 49 1344 1657 2409 3452 
40 1844 1861 
41 452 459 499 808 902 1390 2086 2438 
42 1154 1159 1165 1873 3009 
43 519 
44 73 1137 2048 2270 2327 2904 
45 175 288 1263 1765 3823 
46 367 520 1169 2045 4188 
47 68 119 404 
48 815 918 
49 308 623 1560 3767 
50 802 2350 
51 2169 2188 
52 58 
53 290 1479 1578 1951 
54 131 4091 4889 
55 168 993 997 1270 1735 2925 
56 747 925 1084 1525 1555 1866 2555 
57 408 828 1962 2422 
58 174 857 
59 707 1025 1555 2465 
60 384 616 939 
61 130 1711 
62 741 1312 2006 
63 519 1168 1737 
64 1329 1415 2016 3545 
65 756 1383 2717 
66 133 617 729 
67 
68 171 1562 1969 2017 
69 1247 4339 
70 646 1620 1913 4218 
71 659 1771 
72 1274 
73 786 1379 2213 
74 635 2274 
75 992 2181 2389 
76 490 649 1313 1423 1654 1782 1878 2372 3601 
77 375 1103 2028 3700 
78 1294 1397 
79 615 920 1104 1684 1685 
80 1138 2031 3819 
81 1346 1394 1585 
82 923 2789 
83 525 2045 2161 
84 1927 3984 
85 1289 1403 
86 
87 620 
88 419 1066 2173 
89 1266 
90 866 1533 1966 
91 597 981 1281 1468 1733 
92 181 1687 2131 
93 647 1180 2248 
94 442 725 786 951 3938 
95 544 
96 104 1739 1750 1882 2059 2752 
97 836 1315 2145 2326 
98 340 402 2182 3684 
99 843 1009 1791 2857 
100 1588 2161 
101 775 
102 571 1071 2282 2451 3575 
103 379 1286 1684 2358 
104 1220 1267 1511 4118 
105 312 
106 303 355 1844 1918 2060 2292 
107 3237 
108 387 681 828 1350 1829 2267 
109 510 1227 1244 
110 320 385 886 1991 2085 
111 565 740 1660 
112 206 
113 880 1213 1622 1691 2600 
114 365 2234 3405 
115 701 1032 1383 1688 1975 2033 2644 3618 
116 934 985 3614 4489 
117 428 1587 1707 2951 
118 511 731 1701 2052 
119 252 1804 2151 2473 4543 
120 
121 332 472 2477 3311 4479 
122 596 1584 1715 2247 
123 1245 
124 485 2172 
125 591 1294 
126 326 584 1223 2135 2401 
127 873 1078 
128 1556 4315 
129 
130 1974 2142 
131 814 943 1188 1288 
132 730 988 1715 2118 
133 448 743 850 1216 1450 
134 694 
135 289 550 917 1192 1590 4562 
136 445 1100 
137 2301 3212 
138 186 1458 1788 
139 2397 
140 1594 4656 
141 834 961 1923 2470 
142 229 1032 1611 
143 
144 398 
145 157 442 680 3639 
146 2005 2327 3925 
147 886 
148 1047 1879 
149 
150 414 880 4501 
151 1997 2206 3026 4249 
152 848 2142 
153 227 2221 
154 3390 
155 866 1796 
156 2203 
157 708 1099 1114 1355 2462 
158 215 795 976 1971 
159 2067 
160 696 740 1794 2182 
161 
162 694 1228 1335 
163 
164 513 1063 1135 1704 
165 386 1073 1274 
166 909 1999 
167 1053 1356 2055 
168 2269 4246 
169 847 1795 
170 772 925 1428 1656 
171 1584 1620 2071 2150 2168 
172 697 1835 2330 
173 174 689 1094 1393 2021 3286 
174 857 
175 300 626 2492 
176 1600 2338 
177 2193 
178 1640 1785 
179 476 885 1092 1453 
180 1322 1659 2273 
181 1369 
182 667 
183 367 1106 
184 901 1537 2476 
185 906 1378 
186 509 825 2094 
187 358 1231 1748 2189 
188 2498 
189 1158 1571 
190 447 649 1287 1393 4138 
191 925 3710 4700 
192 2137 
193 825 1758 2169 
194 378 
195 295 1333 
196 903 
197 2063 
198 226 1312 1551 
199 401 1077 
200 523 1226 2249 2524 4405 
201 872 1465 1771 
202 738 882 1532 1941 2126 4986 
203 214 329 1280 
204 963 1375 1805 2128 
205 710 1127 1302 1878 2059 
206 1555 1919 
207 4832 
208 2219 
209 965 1256 1771 
210 519 766 1527 1636 
211 1761 4059 
212 1694 
213 1654 
214 388 
215 586 1160 1275 1531 
216 2108 2151 
217 2213 
218 
219 993 1675 1813 2039 2482 
220 1058 1717 2132 4552 
221 1635 2283 
222 4319 
223 247 369 504 898 1244 1789 1889 
224 1031 1355 1541 1575 
225 773 
226 1594 
227 652 4601 
228 302 1252 2025 2128 2157 2557 
229 1084 1951 1974 
230 521 2229 2477 
231 438 445 950 2410 2473 
232 538 762 2335 4844 
233 4358 
234 
235 292 1608 1779 1980 3618 
236 734 2265 
237 928 1352 1578 2297 
238 
239 1261 2239 3146 
240 1142 1969 3659 
241 516 1236 1486 2604 
242 674 1548 3424 
243 1086 1160 1429 4382 4541 
244 458 1838 2139 4487 
245 774 1288 2001 
246 295 1630 1704 1883 1928 2289 
247 1675 1926 
248 1771 2175 2406 
249 965 1660 
250 425 3346 
251 845 863 918 1123 1352 4176 
252 476 633 752 1720 2260 
253 288 309 913 1855 2155 2193 
254 602 656 1850 
255 1068 3197 
256 543 600 682 700 1599 1919 1985 
257 499 968 
258 1946 2182 2295 2313 3203 3446 3459 
259 405 723 1396 2482 
260 302 523 747 1165 2379 
261 319 894 1603 2185 
262 1004 1272 1381 1916 3682 
263 398 551 776 1054 1843 2290 
264 719 1417 1429 2245 
265 867 984 1519 2392 2893 
266 751 907 1097 1271 1396 2472 4893 
267 947 2062 
268 796 1105 1482 1525 2490 
269 1075 1452 
270 963 1691 4983 
271 2197 
272 450 1392 1781 1984 2041 
273 346 1009 2277 2339 
274 686 1909 
275 294 915 1062 1274 
276 1344 
277 1095 1371 1664 
278 693 
279 
280 959 2176 2421 
281 1378 1453 
282 1091 1544 2004 2103 2396 
283 825 1993 
284 1299 
285 1115 1248 1645 2086 2125 4130 
286 399 717 1245 
287 907 1362 1791 2259 
288 
289 1249 1705 1785 
290 1524 1828 2001 2310 4947 
291 586 4895 
292 380 678 1485 2334 
293 727 906 937 2012 2181 
294 2332 2411 
295 413 468 489 717 4126 
296 2018 2430 3559 
297 1328 1500 1619 1948 2190 
298 1249 1252 1436 3716 4406 
299 1614 
300 847 1043 2259 
301 580 1572 
302 2134 2571 
303 846 948 
304 488 1464 2154 2387 
305 3248 
306 1361 1472 2036 2530 4592 
307 663 1122 2111 
308 892 1505 1533 3870 
309 394 1530 
310 1825 
311 578 649 2055 
312 1585 1684 2062 2290 
313 1984 
314 614 1395 2782 
315 1302 1543 
316 757 1284 
317 1382 1444 1854 1978 
318 
319 639 1091 1289 2339 2394 
320 358 726 899 1472 1748 1820 
321 2146 
322 911 1610 2004 2241 
323 674 1802 1881 1992 2108 2258 2322 4847 
324 1080 
325 728 
326 1881 1928 2497 
327 906 1356 1740 
328 2187 
329 2205 
330 1452 1966 
331 693 2189 
332 803 848 1029 1478 1749 1981 
333 1085 
334 517 1183 1985 
335 1033 1075 1710 1737 
336 516 719 1768 
337 387 1231 1795 1892 
338 531 1309 1696 2372 
339 3156 
340 1133 4311 
341 389 580 869 1129 1738 2042 
342 1149 1358 1594 1918 2048 2379 2388 3923 
343 451 671 4781 
344 2474 4286 
345 996 1287 1637 1840 
346 589 608 670 893 1823 2234 
347 452 
348 1003 1575 
349 507 2175 3585 
350 405 1180 
351 496 890 1570 2264 2404 
352 998 2252 
353 387 610 1459 
354 1036 1447 
355 
356 882 1066 
357 619 
358 1783 2278 
359 413 943 1138 
360 1621 1865 
361 711 1754 
362 
363 1110 1550 2487 
364 571 734 847 1542 2786 
365 823 1203 1597 2038 
366 580 878 1055 1949 3034 4592 
367 616 1692 2237 4926 
368 567 1049 1529 1667 2111 
369 559 2046 
370 407 2235 2430 
371 
372 
373 891 1154 2474 3597 
374 666 773 1204 2004 
375 
376 718 857 929 2441 
377 2584 3744 
378 1059 1255 1560 2096 2495 
379 492 2100 2530 
380 722 1584 
381 767 924 2084 2413 
382 1273 
383 1394 2329 4301 
384 1024 1830 1875 2189 
385 1072 1129 1390 1696 2475 
386 2327 
387 540 3704 
388 1930 
389 439 521 912 
390 407 834 988 1550 1606 
391 1662 2168 4224 
392 733 1996 
393 2276 
394 647 1273 1510 4913 
395 
396 4475 
397 923 1051 1059 2121 2338 
398 2024 
399 1263 1417 1791 1888 2426 
400 994 1014 3930 
401 774 810 1176 1178 1961 2304 4514 
402 1013 1771 2471 2714 3915 
403 535 912 1482 
404 611 1469 2257 
405 1347 1588 
406 570 643 1044 1349 1371 1483 2122 
407 628 947 1439 1971 
408 715 1842 2327 
409 448 2076 
410 461 559 
411 622 961 2070 2867 
412 638 1066 2224 
413 1432 1546 1632 
414 679 719 2322 
415 1240 
416 588 
417 1232 1801 
418 1089 1473 1800 
419 525 680 913 1420 
420 453 1684 2360 
421 432 754 
422 590 690 748 2438 3999 
423 655 1384 
424 610 851 1863 2284 
425 481 2113 4052 
426 1297 2262 2391 
427 467 489 679 827 1436 3967 
428 1040 1108 2658 
429 2174 2459 
430 774 
431 913 3778 
432 701 1020 3849 
433 1013 1067 1640 1944 2259 2270 
434 745 1394 2122 
435 1614 1727 1817 1861 2238 
436 1256 3447 
437 
438 596 615 1884 2198 
439 1048 
440 
441 1709 
442 495 1413 
443 1866 1871 2204 
444 901 2786 
445 1007 1316 1985 
446 458 1801 
447 526 
448 930 1426 
449 953 1895 
450 822 1187 1558 4823 
451 986 1739 
452 
453 
454 1110 1963 
455 2401 
456 590 
457 
458 1564 3695 
459 491 1363 4359 
460 543 667 770 873 
461 1145 1339 
462 2179 2228 2232 
463 
464 1584 2259 
465 874 1243 1474 1696 1952 
466 1988 
467 574 839 1017 1097 1201 2096 2325 
468 1031 1367 1413 2391 
469 1804 1945 2233 2478 
470 800 944 
471 1484 1885 
472 606 1097 2193 3069 
473 1720 1781 1820 2126 
474 1083 1484 2056 2084 2150 
475 1005 1026 2813 
476 1448 
477 
478 490 698 1190 
479 1472 1996 
480 575 1004 2046 
481 810 
482 1223 2239 4445 
483 1062 1412 2460 
484 699 1267 1657 2082 
485 885 1441 1454 1654 1687 4241 
486 874 1446 1723 
487 739 1060 1399 
488 1318 
489 2116 
490 1320 
491 1290 1520 
492 869 1182 2260 
493 726 
494 680 4100 
495 
496 1013 1297 1352 1434 1900 
497 826 1123 1197 1693 
498 536 693 1665 1775 2028 
499 682 2366 3652 
500 866 2136 
501 762 1249 2393 4662 
502 2872 
503 510 646 792 836 876 1596 1822 
504 559 3216 
505 4955 
506 573 1262 3138 3713 
507 1812 1901 2145 2421 4677 4769 
508 660 2154 3347 
509 540 
510 1138 1309 1573 1575 1808 2160 
511 1737 
512 1211 1549 2275 3915 
513 872 1771 1855 1875 2144 4262 
514 723 1463 1956 2293 
515 2463 
516 519 2140 2317 
517 2077 2222 
518 1112 1358 
519 2256 4555 
520 583 968 1312 1444 2361 3448 3868 
521 
522 736 1491 1804 2008 
523 1510 
524 660 1837 2137 
525 775 2034 
526 2152 
527 718 1014 1103 1750 
528 1448 
529 1369 
530 646 869 2490 
531 
532 2022 2133 
533 1016 1469 1659 2116 
534 664 1916 
535 1857 
536 2224 2229 3119 
537 550 
538 1072 1351 
539 1288 2170 
540 1829 
541 1171 2240 
542 1678 1968 
543 1102 
544 1801 1861 2269 3871 
545 727 1358 1413 1795 2305 
546 1181 1394 1684 
547 932 1996 4844 
548 2119 4082 
549 874 2236 2439 2478 
550 906 1728 2376 
551 597 1737 
552 669 1445 2954 
553 606 
554 859 1406 1650 
555 3594 3806 
556 
557 1307 1460 1994 
558 797 2056 
559 2098 
560 1117 2446 
561 1265 
562 836 999 1728 3046 
563 571 1182 1249 3211 
564 1281 
565 2661 3795 
566 758 1653 1782 2382 
567 1576 
568 798 2151 2646 
569 1077 
570 1772 
571 1263 
572 1503 1667 2094 
573 1200 
574 644 1630 4101 
575 
576 1092 2121 2242 
577 906 2100 2236 2902 
578 723 2142 4866 
579 762 875 1187 2465 
580 867 996 1786 1932 2046 
581 1910 2201 3450 
582 832 1394 4096 
583 4875 
584 2214 
585 834 991 2062 
586 
587 1163 1680 2470 
588 2172 
589 729 2532 
590 2339 2477 
591 1788 
592 1067 1227 1301 1565 1915 2155 
593 951 1434 
594 597 809 843 1423 2331 
595 779 814 1122 1175 1313 1377 
596 691 705 2123 
597 713 758 1380 1658 2176 3098 
598 754 2861 
599 1877 2049 
600 841 1423 2446 
601 
602 1054 1380 3853 
603 2841 
604 1286 1344 1553 
605 758 
606 1428 2031 
607 662 1500 1764 2076 2150 
608 1204 1436 2441 
609 1043 1374 
610 655 1144 1374 1381 1646 2107 2226 3779 
611 738 1150 1225 2726 
612 997 1450 1471 
613 1886 
614 1129 
615 1337 1885 2334 4293 
616 973 1479 
617 714 883 1542 1605 2029 2207 2288 2412 4555 
618 628 1484 1685 2431 
619 834 1506 1600 1957 
620 810 2213 
621 1855 
622 
623 
624 
625 2301 
626 713 972 1153 1786 
627 634 687 
628 1682 1820 
629 
630 2221 
631 1224 1650 2193 
632 681 1557 
633 905 1960 
634 1778 
635 816 1111 1438 
636 1332 1805 3276 
637 900 912 1069 1119 1386 1746 
638 
639 779 1321 1703 2359 2788 
640 1817 1982 2395 
641 1620 
642 1883 2053 
643 852 1369 1554 1657 
644 728 1480 3225 
645 1736 1764 1958 1971 3416 
646 1315 1396 2192 
647 915 1886 2323 
648 2006 2983 
649 685 734 1005 2050 2233 
650 848 1196 2066 2349 
651 674 2172 
652 2400 
653 864 
654 1342 4494 
655 1117 1628 1828 4983 
656 1417 2012 2373 3601 
657 1034 1547 3177 
658 817 
659 886 971 1616 1881 4718 
660 
661 1590 2033 4935 
662 778 1475 2316 3466 
663 803 2088 
664 667 
665 1143 2222 2299 
666 1767 2136 2406 
667 906 2469 4334 
668 841 
669 1127 1387 1866 1874 2010 2259 3515 
670 1005 1413 1712 
671 1187 1744 2430 
672 741 
673 1620 2314 3819 3964 
674 1691 3538 
675 1585 1897 3819 
676 962 966 1079 
677 2101 
678 1458 
679 934 1181 4151 
680 4934 
681 1938 4484 
682 1260 1477 
683 1009 1154 3157 
684 900 1091 1620 
685 687 1688 
686 1764 2327 
687 1220 1782 2424 3887 
688 778 810 1394 
689 933 1216 3759 
690 694 1106 2578 
691 1464 1866 2075 
692 790 1015 1936 1953 
693 1077 2474 
694 1367 1870 
695 939 
696 1559 2279 
697 
698 1415 1703 1888 1937 2101 
699 2297 2333 
700 803 
701 827 1536 1565 
702 
703 
704 1134 1664 
705 1126 1236 3015 
706 985 2132 
707 3012 
708 1384 
709 958 1182 2195 
710 1393 2194 4327 
711 1668 1997 
712 1596 1799 2235 3151 
713 1843 1899 2443 
714 935 1573 1735 
715 767 1251 1572 1681 2205 
716 1168 4164 
717 796 1291 1731 2825 
718 1958 2056 
719 1853 
720 1241 2551 
721 1157 1471 2179 2296 2309 
722 2159 
723 1460 
724 1594 
725 742 
726 1659 2014 
727 1362 1672 1910 2331 2412 4639 
728 994 1155 1506 1917 
729 1501 1728 3622 
730 1812 2270 
731 1924 2181 
732 992 
733 1207 2293 4843 
734 2195 2244 3628 4319 
735 937 1474 1746 
736 747 1025 1770 
737 741 
738 1243 1255 1376 1845 
739 1005 1499 2495 3114 
740 1059 1415 2020 4485 
741 787 3136 
742 
743 1392 2215 
744 1928 2023 
745 956 2183 2414 
746 830 1001 1330 1914 2178 
747 
748 1673 
749 981 1642 1858 2338 
750 2276 
751 970 1896 
752 1354 1788 2224 
753 2444 
754 1609 2218 2264 
755 1626 1671 
756 1497 2194 4451 
757 792 1208 1647 2450 
758 2203 
759 1602 
760 891 1265 3495 
761 882 1537 2085 3578 
762 1702 
763 3766 
764 1456 2040 
765 1016 1670 2207 
766 800 997 2284 
767 955 1160 1525 2419 
768 944 1168 1405 1698 3287 
769 905 
770 2046 2420 
771 1216 1839 2119 
772 823 
773 913 1065 1124 2328 
774 2076 
775 860 1140 1727 2355 2359 4487 4565 
776 1110 1970 
777 1077 1154 
778 1463 2418 
779 1812 
780 1425 
781 1540 1719 
782 1491 1839 
783 786 1489 1739 1805 1958 
784 1106 1573 
785 
786 983 987 1859 1926 1964 2497 
787 1028 
788 875 2459 
789 4890 
790 1190 1723 2240 
791 1951 2295 
792 1622 3997 
793 1020 1341 1553 
794 1141 2454 
795 889 2021 2100 
796 2136 
797 1166 2471 
798 2299 
799 1415 1733 2159 2375 4590 
800 2122 
801 2054 2293 
802 1547 2456 
803 1447 1490 1688 
804 2430 
805 1346 1718 2175 4052 
806 1312 2310 
807 1695 3561 
808 
809 1330 1427 2401 2443 
810 1725 
811 
812 1435 1497 
813 2271 4602 
814 
815 1592 
816 1757 
817 1193 1377 1452 1475 2021 2078 
818 2171 2205 
819 2138 
820 1595 4197 4836 
821 920 2444 
822 2438 
823 908 1331 1335 1756 
824 1317 2087 2336 
825 
826 1158 1728 1748 1889 
827 4007 
828 4431 
829 1626 1871 
830 2001 2366 
831 
832 1116 1437 2917 3924 
833 1628 2061 
834 
835 1833 
836 3468 
837 1154 4187 4292 
838 2856 3821 
839 3097 
840 884 1354 1585 
841 3921 
842 897 1306 2389 2391 
843 1069 1463 2205 
844 1860 
845 1929 
846 1363 1816 
847 2015 2855 
848 1990 
849 1311 2392 
850 1290 1796 2353 2457 
851 
852 1765 
853 1537 2081 
854 1044 1205 
855 1744 
856 1447 1704 
857 861 975 
858 1400 2059 
859 1096 
860 1137 1615 1847 3639 
861 1685 
862 1054 
863 956 1001 1549 2386 
864 1245 1630 1872 2169 
865 875 
866 2194 
867 1290 1550 
868 983 1071 1285 1564 
869 1019 2382 
870 923 945 1253 1278 
871 1022 1567 2341 
872 1835 
873 1559 
874 1246 1250 1276 1952 1955 
875 927 2079 2943 
876 916 1362 1915 2008 2286 4241 
877 1276 1846 1934 2239 
878 1689 3122 3130 
879 1247 1438 2415 2487 
880 889 
881 1309 1992 
882 1241 1589 2061 
883 942 999 
884 4238 
885 
886 2462 
887 2398 4862 
888 2078 
889 1932 
890 3423 4300 4315 
891 1568 4099 
892 1302 1324 1908 
893 1259 1957 2486 3391 
894 2389 
895 
896 1373 2494 4124 
897 1571 1856 2110 
898 1460 2065 2390 
899 961 1322 
900 1590 
901 1900 1995 2267 3743 
902 1927 2079 
903 2185 
904 1242 1655 
905 1303 1405 3605 3901 4565 
906 983 1006 3023 
907 1769 2258 
908 1608 
909 1328 
910 3097 
911 1237 2422 4599 
912 2269 2463 3830 
913 1756 3870 
914 1479 1578 3245 
915 1970 2365 
916 
917 1055 1193 1736 4191 
918 
919 2356 
920 1274 1398 1885 2009 3051 
921 2916 
922 1234 1629 1723 
923 
924 1724 2323 2347 
925 1230 2190 4491 
926 1400 1484 1550 1860 1893 2186 2480 
927 1163 
928 1531 1969 2338 2401 
929 1651 2226 
930 1450 3563 
931 1481 1761 2034 2153 
932 958 2408 
933 1341 1785 2097 4887 
934 1589 1694 2364 
935 1254 2490 
936 3234 
937 
938 1445 
939 1491 1606 
940 1103 1654 1738 2359 2390 3694 4060 
941 2218 2289 3318 
942 964 
943 1816 
944 1082 1639 2004 
945 1445 1795 2138 2266 2284 4329 
946 1242 
947 2046 2627 
948 1672 
949 
950 1266 1405 1876 
951 1506 1979 
952 2261 2433 3256 
953 2793 
954 1647 
955 1181 1734 2825 3065 
956 1054 1147 1163 
957 1699 
958 1413 1572 3561 
959 1646 2398 
960 2472 
961 1304 1327 
962 2306 
963 2362 
964 1813 
965 1266 1757 3604 
966 1724 2006 
967 1436 1875 
968 1728 2443 
969 1402 2135 2455 
970 1115 2348 2453 
971 1641 1650 
972 1064 1900 2004 2021 2105 2460 
973 1288 1325 1503 
974 1537 1638 2056 2437 
975 1685 2244 2333 
976 1171 1175 
977 1324 
978 1285 2027 
979 1815 2428 
980 1911 1981 2454 
981 2083 2124 
982 1486 2282 
983 4723 
984 2086 2160 
985 2243 
986 1228 
987 1377 1949 2309 2645 
988 1092 1626 2283 
989 1247 2430 
990 2003 3295 
991 
992 1839 
993 1021 1835 
994 
995 
996 1118 1278 3891 
997 2305 
998 1606 2252 2428 
999 1089 1555 2307 
1000 1061 1361 1681 1741 2454 
1001 1764 
1002 1708 2352 
1003 1112 1736 1806 
1004 2399 
1005 1250 1296 1327 1747 1760 1807 
1006 2450 
1007 1259 2407 
1008 2412 3472 3639 4695 4763 
1009 3548 
1010 2984 
1011 1672 2106 2175 2739 
1012 2116 
1013 1477 1835 
1014 1543 
1015 1923 4663 
1016 1191 1634 2382 4524 
1017 1221 1734 
1018 4555 
1019 2300 
1020 1243 1653 2341 
1021 2167 
1022 1482 1708 2081 2432 
1023 2927 
1024 1245 1588 2400 
1025 2460 3402 
1026 1675 2346 
1027 
1028 3525 
1029 1802 2343 2903 
1030 1128 1410 
1031 1183 
1032 1830 2425 
1033 1916 1971 
1034 1704 2406 
1035 2273 
1036 1676 2246 4837 
1037 1446 2198 
1038 
1039 1523 
1040 1075 1183 2125 4559 
1041 
1042 1353 
1043 1683 1720 1796 1829 1980 
1044 1113 
1045 1143 1946 4270 4482 
1046 1208 
1047 1373 
1048 2022 3660 
1049 2043 2115 
1050 1434 
1051 1515 
1052 1863 3773 
1053 1323 2113 2286 3576 
1054 1180 2020 
1055 1068 1533 1750 1890 
1056 2423 
1057 2205 
1058 1539 2207 
1059 2389 3759 
1060 
1061 1343 2097 4219 
1062 2360 3190 
1063 1813 
1064 4047 
1065 
1066 1470 1663 1716 3901 
1067 1941 1979 2073 
1068 1964 
1069 
1070 1267 1411 1432 
1071 1396 1693 
1072 
1073 
1074 1307 
1075 2313 
1076 1469 1540 1888 1951 3776 3836 
1077 1662 
1078 1120 1848 
1079 1105 1149 2019 3688 4219 
1080 1453 
1081 1227 2063 2393 2449 
1082 4913 
1083 2018 
1084 2287 
1085 1185 
1086 1805 1888 
1087 1158 1703 
1088 1617 1967 2073 2118 2169 
1089 1268 1424 2220 
1090 1617 1845 3565 
1091 3141 
1092 2479 3957 
1093 1406 2058 
1094 2169 3584 
1095 1096 
1096 1803 2003 
1097 2233 2448 
1098 
1099 1129 1131 1569 
1100 1154 1653 
1101 1820 2248 
1102 2381 
1103 1667 3561 
1104 
1105 1429 1628 1676 2392 
1106 4645 
1107 
1108 2056 
1109 1161 1848 
1110 1335 3480 
1111 1524 1577 2631 
1112 1219 1451 2596 4041 
1113 4528 
1114 1387 
1115 2322 
1116 1800 
1117 2074 2475 2543 
1118 2388 
1119 1283 1692 
1120 1572 
1121 2232 4055 
1122 1327 1356 1374 1719 2063 2303 
1123 1162 2790 
1124 1900 2450 4408 
1125 1301 
1126 1765 2191 
1127 2450 
1128 1671 
1129 2020 2229 2507 
1130 1402 2432 
1131 1360 2076 
1132 
1133 1347 2223 3250 4732 
1134 1565 1769 4759 
1135 1844 2046 3273 3707 
1136 1902 2142 2174 
1137 1778 
1138 2912 
1139 2140 
1140 
1141 
1142 1312 1932 
1143 1861 2371 
1144 2046 2346 2378 
1145 
1146 2233 
1147 1371 1656 
1148 1244 2281 
1149 1924 
1150 1733 3421 
1151 4670 4878 
1152 1189 1813 
1153 1629 1705 
1154 
1155 1335 2141 2289 
1156 1967 2029 3410 
1157 1625 3061 
1158 2351 
1159 2095 2302 2344 
1160 2234 
1161 1311 1936 2001 
1162 2757 
1163 1630 2136 3404 
1164 1759 
1165 1299 2204 2244 
1166 
1167 
1168 
1169 2395 
1170 1639 2332 
1171 1673 1755 3985 
1172 1242 1405 1720 
1173 1183 1872 2004 2232 2414 
1174 
1175 
1176 2188 
1177 1216 2403 
1178 1890 2470 
1179 1981 2094 
1180 1883 2264 
1181 1717 1772 1866 2024 2067 2356 2468 4310 
1182 1771 1849 
1183 2307 2342 
1184 1207 1601 1875 2300 3696 
1185 
1186 2028 2453 4370 4411 
1187 1633 1853 4292 
1188 1430 1585 1729 
1189 1299 1617 2211 
1190 
1191 2128 2277 2335 2424 2472 
1192 2322 
1193 1687 
1194 1324 1392 2119 
1195 1635 
1196 
1197 1692 1821 
1198 1635 
1199 1324 2447 3295 
1200 1229 1287 1638 2046 2480 
1201 1207 1687 3377 
1202 
1203 1605 
1204 1782 
1205 1709 2260 4250 
1206 
1207 1395 1452 4371 
1208 1637 
1209 2270 4823 
1210 1318 
1211 
1212 1233 1401 1527 
1213 2378 2428 
1214 
1215 1521 
1216 2369 2387 3907 
1217 
1218 
1219 1381 2059 2288 
1220 1347 1765 
1221 1863 2451 
1222 
1223 4469 
1224 1599 2114 
1225 4966 
1226 1408 1561 
1227 1812 
1228 1471 1503 
1229 3141 
1230 2397 4619 
1231 1886 
1232 1430 
1233 1840 2178 3628 
1234 1520 
1235 1727 1935 
1236 4013 
1237 1402 2090 
1238 
1239 1569 1887 3286 
1240 1950 2021 2300 2469 
1241 1521 2340 4187 
1242 
1243 1321 1559 2335 
1244 1329 
1245 1279 1437 
1246 1848 
1247 1536 
1248 
1249 1264 1265 1366 4989 
1250 2435 3176 4619 
1251 
1252 2013 2361 4388 
1253 1764 2229 
1254 
1255 1668 3092 3800 
1256 1737 2291 2517 
1257 1766 3362 
1258 1500 2008 2293 
1259 
1260 1444 
1261 
1262 1345 1371 
1263 1859 
1264 
1265 
1266 1525 
1267 1317 
1268 3844 4174 
1269 2191 2404 
1270 1474 
1271 2989 
1272 
1273 1936 
1274 
1275 1351 1565 4151 4663 
1276 1555 4831 
1277 1588 1897 1905 2084 
1278 1364 1781 2070 3983 
1279 1435 1489 
1280 
1281 1593 
1282 2452 4574 
1283 1398 1586 2418 
1284 1789 2183 2246 
1285 2184 
1286 1523 2031 2032 2169 2285 3430 
1287 1437 2972 
1288 1615 2268 2475 
1289 2096 3645 4267 
1290 2379 
1291 1474 4099 4665 
1292 1889 
1293 1645 2303 3299 
1294 1683 2184 
1295 1938 2437 
1296 1487 1799 1873 2356 
1297 2320 
1298 1712 3834 
1299 1957 4002 
1300 1308 1458 
1301 2134 2959 
1302 
1303 1380 
1304 1954 2248 
1305 
1306 
1307 2126 2991 
1308 4604 
1309 1410 1772 2339 
1310 1606 1845 2320 2769 3084 
1311 1315 
1312 
1313 
1314 1409 2004 
1315 2072 2209 
1316 4364 4792 
1317 2024 
1318 1515 1552 3284 
1319 
1320 1978 
1321 
1322 
1323 1377 2062 
1324 1448 1601 2031 2443 4333 
1325 1493 1542 
1326 1840 1967 2372 
1327 1333 1454 
1328 1655 1920 2049 
1329 2370 
1330 2083 
1331 1966 2166 
1332 1756 2072 
1333 1475 2417 
1334 
1335 4251 
1336 2206 
1337 
1338 1515 1784 3354 
1339 2118 
1340 
1341 1789 2252 
1342 1373 1481 2099 
1343 1363 1992 2160 
1344 1526 1940 
1345 1419 2271 
1346 1412 1436 1500 3378 
1347 1507 2889 
1348 1474 2465 
1349 
1350 
1351 1858 2261 4430 
1352 2463 
1353 4611 
1354 2250 2356 2448 
1355 1970 2173 
1356 1918 
1357 1532 
1358 2233 
1359 
1360 1611 2291 3415 
1361 4492 
1362 1496 
1363 2294 
1364 3438 
1365 1405 2037 3212 
1366 
1367 1927 1990 
1368 1781 
1369 
1370 1467 1576 1623 1723 
1371 1390 1506 1753 1930 4049 
1372 2833 
1373 4072 
1374 
1375 1405 1568 
1376 1761 4126 
1377 2366 2483 
1378 2180 2411 
1379 1470 
1380 
1381 1547 2115 2175 2657 
1382 2342 
1383 1502 1666 2211 3885 
1384 1618 2681 
1385 2315 4064 
1386 1826 2481 
1387 1421 2103 2159 
1388 1843 
1389 1947 4209 
1390 1962 2444 
1391 2245 
1392 1455 1746 2714 
1393 1411 
1394 1819 
1395 1824 2119 
1396 1423 2491 4601 
1397 2377 
1398 1997 2014 2770 4803 
1399 1686 
1400 
1401 1661 1918 
1402 2777 
1403 1417 2180 
1404 1528 
1405 1447 2243 
1406 1526 
1407 1809 4347 4963 
1408 2318 2339 
1409 
1410 3381 
1411 1875 1943 2938 4804 
1412 2057 2200 4512 
1413 1893 
1414 3657 
1415 1662 
1416 
1417 2065 
1418 2201 4060 4847 
1419 1817 4713 
1420 1605 1770 
1421 
1422 
1423 
1424 2286 3354 4384 
1425 1686 
1426 
1427 
1428 
1429 2208 2284 
1430 1706 2390 
1431 1681 2159 2698 
1432 1531 1831 2148 3610 
1433 1601 2230 2391 
1434 
1435 4860 
1436 
1437 1462 
1438 1995 
1439 
1440 1803 3864 3883 
1441 
1442 
1443 
1444 2024 3874 4865 
1445 
1446 4684 
1447 
1448 2053 
1449 3310 
1450 1519 2231 
1451 
1452 
1453 1540 1694 3132 
1454 2145 4139 
1455 1623 1811 1842 2140 2157 
1456 1564 
1457 
1458 1855 
1459 2231 
1460 
1461 1597 
1462 1544 2216 4652 
1463 1828 1834 2212 4498 
1464 1948 
1465 1577 2376 2453 
1466 1729 
1467 1888 
1468 1719 2457 
1469 
1470 1557 2167 2228 
1471 1729 3616 
1472 
1473 2022 2116 2122 
1474 
1475 
1476 1704 2407 
1477 1843 2438 
1478 1521 
1479 
1480 
1481 1511 
1482 1970 1994 2238 3708 4446 
1483 
1484 1524 2300 
1485 
1486 2302 
1487 1645 2145 
1488 1850 4919 
1489 
1490 2443 
1491 1684 
1492 1673 2278 
1493 2270 2354 
1494 3649 
1495 1595 2266 
1496 3956 
1497 2169 2415 
1498 1662 
1499 
1500 2391 4132 
1501 
1502 1508 2287 
1503 1788 
1504 2081 2415 3755 
1505 1521 1846 
1506 2439 
1507 1741 2024 2049 
1508 
1509 1583 4232 
1510 
1511 1650 1998 2665 
1512 1549 2093 4972 
1513 2411 3728 
1514 1972 
1515 1897 2310 2371 
1516 1734 2111 
1517 1898 2298 2300 
1518 2258 
1519 2300 
1520 3241 
1521 4801 
1522 1801 2627 
1523 1946 2220 4432 
1524 2019 
1525 1975 
1526 
1527 4853 
1528 1892 2063 
1529 
1530 2124 2415 
1531 4053 
1532 1844 
1533 2452 
1534 
1535 
1536 3825 
1537 2304 
1538 2079 3554 
1539 4251 
1540 1912 2094 
1541 1602 2249 2445 
1542 1635 1725 2147 2359 
1543 1795 
1544 1805 2106 
1545 2293 
1546 1821 
1547 1764 1780 1869 1964 
1548 1914 2469 2917 4879 
1549 1711 
1550 
1551 1712 2550 
1552 1679 
1553 1946 
1554 1958 
1555 1847 2108 
1556 2103 
1557 2196 
1558 2352 
1559 1834 
1560 
1561 1673 
1562 2121 2245 2309 4727 
1563 
1564 
1565 2259 
1566 1958 
1567 1932 2224 
1568 1609 
1569 
1570 2131 
1571 1903 2093 
1572 
1573 1615 1745 1751 2335 
1574 1655 4196 
1575 2797 
1576 
1577 1773 2086 
1578 1980 
1579 1973 2126 2172 2270 
1580 1636 1759 
1581 2106 
1582 
1583 1725 1760 
1584 1896 1920 
1585 2062 
1586 1907 
1587 
1588 2500 
1589 3090 
1590 
1591 
1592 1839 
1593 2416 
1594 2638 3002 3130 3742 
1595 1864 
1596 2140 2214 
1597 
1598 2364 2382 2610 4545 
1599 1946 
1600 1672 2246 
1601 1792 1812 2102 2153 
1602 1683 1981 2082 2420 2444 4154 
1603 
1604 1806 1873 1897 
1605 1791 2091 3572 
1606 1781 
1607 1865 2020 
1608 3123 
1609 2033 2065 2337 2423 2626 
1610 1705 1794 
1611 
1612 2483 
1613 2071 2194 
1614 
1615 
1616 
1617 4575 
1618 
1619 
1620 2180 
1621 2395 4128 
1622 1757 1982 
1623 4651 
1624 
1625 
1626 1818 2065 2481 
1627 2035 2248 2968 
1628 1681 1937 2236 
1629 3883 
1630 2047 
1631 1945 
1632 1894 2087 2118 2470 4156 
1633 
1634 1948 2373 2493 4669 
1635 2119 2253 
1636 2431 
1637 1898 3604 
1638 1738 1917 
1639 1814 2056 2432 
1640 1688 
1641 
1642 2233 4038 
1643 2188 2403 
1644 
1645 
1646 1937 4134 
1647 1741 1859 2418 
1648 
1649 1827 
1650 1955 2898 
1651 4852 
1652 3098 
1653 
1654 2159 
1655 
1656 2156 
1657 1973 2407 4779 
1658 1668 1772 2301 
1659 1907 
1660 2034 2491 
1661 2094 3411 
1662 2002 2044 
1663 1692 2424 
1664 1742 2025 2105 2385 
1665 
1666 
1667 2389 
1668 1669 
1669 1943 2209 4515 
1670 
1671 
1672 2364 3210 
1673 2175 2272 2349 
1674 1861 2164 
1675 1874 
1676 
1677 3710 
1678 2493 4321 
1679 1819 2228 
1680 1813 3909 
1681 3031 
1682 
1683 
1684 3183 
1685 1967 2356 
1686 2133 
1687 
1688 1923 
1689 
1690 
1691 
1692 2380 3788 
1693 1998 2257 3442 
1694 3406 
1695 3604 3712 
1696 
1697 1983 
1698 
1699 1857 2974 
1700 2047 2272 
1701 1781 
1702 1790 1924 
1703 1849 2230 2485 3874 
1704 2341 2555 4500 
1705 
1706 2625 
1707 2047 2314 2986 
1708 2089 
1709 1910 3046 
1710 2118 2269 
1711 4155 
1712 1852 2496 
1713 
1714 1915 
1715 4226 
1716 
1717 3946 
1718 1740 2357 
1719 2234 
1720 3801 4143 
1721 3201 
1722 2476 2497 
1723 3287 
1724 
1725 
1726 2024 
1727 2046 2375 
1728 2346 
1729 2045 
1730 
1731 1781 1941 2490 
1732 
1733 
1734 2210 
1735 3744 
1736 1973 
1737 1749 4078 
1738 
1739 2214 2231 
1740 
1741 1764 1961 
1742 1846 2982 3464 
1743 
1744 
1745 1793 2369 
1746 2139 
1747 2456 4383 
1748 1936 2242 
1749 1960 2146 2202 
1750 1760 1937 2657 
1751 
1752 
1753 
1754 
1755 
1756 2670 
1757 1998 
1758 1832 
1759 1854 
1760 2078 
1761 
1762 2266 
1763 
1764 
1765 1775 1869 2195 2865 
1766 1823 2043 
1767 2376 2416 4808 
1768 
1769 2449 
1770 2112 
1771 
1772 4227 
1773 
1774 2332 
1775 
1776 
1777 
1778 2331 
1779 1892 2113 
1780 4698 
1781 1970 2215 2361 
1782 2175 
1783 
1784 
1785 
1786 2014 
1787 
1788 
1789 1920 2290 
1790 
1791 4343 
1792 2240 2481 4009 
1793 2223 2475 
1794 
1795 
1796 2303 
1797 1872 2048 
1798 1835 
1799 
1800 1891 
1801 3590 3682 
1802 2220 
1803 2030 
1804 
1805 1973 4195 
1806 2258 
1807 1815 1954 2149 
1808 2218 
1809 2023 2045 3270 3334 
1810 
1811 2208 
1812 2370 4929 
1813 2240 
1814 
1815 2080 3091 
1816 2772 
1817 1916 2075 2371 
1818 2294 
1819 2109 
1820 1855 1909 2840 
1821 1961 2459 
1822 2212 
1823 
1824 2307 3949 
1825 1977 
1826 3784 
1827 
1828 1961 3544 
1829 
1830 
1831 4889 
1832 2330 
1833 
1834 2273 
1835 1856 1884 1990 
1836 2130 
1837 2233 
1838 1918 2424 4864 
1839 2448 
1840 
1841 
1842 2237 2483 
1843 
1844 2405 
1845 
1846 
1847 2382 
1848 
1849 2477 
1850 
1851 
1852 1944 4429 
1853 2144 2406 
1854 
1855 
1856 2377 3533 
1857 
1858 
1859 1894 2144 2286 
1860 2066 
1861 
1862 2348 
1863 
1864 
1865 
1866 
1867 2119 3124 3995 
1868 1872 2186 2919 
1869 2213 
1870 2422 
1871 
1872 3766 4234 
1873 4574 
1874 
1875 1884 2176 
1876 3299 
1877 1909 
1878 
1879 2186 4170 
1880 1898 2266 2286 4575 
1881 
1882 
1883 1972 2004 2015 2397 
1884 
1885 1889 2489 
1886 2129 2263 2402 4826 
1887 
1888 2014 2330 
1889 2178 
1890 
1891 
1892 2286 
1893 2001 2052 2099 
1894 
1895 
1896 1998 2037 
1897 1926 2419 
1898 2004 3925 
1899 
1900 4276 
1901 
1902 2018 
1903 2452 3176 
1904 2426 
1905 
1906 2062 2121 2362 
1907 2002 
1908 
1909 2130 
1910 3368 4853 4885 
1911 2324 
1912 
1913 2375 2441 
1914 2243 
1915 2231 3430 
1916 
1917 2929 
1918 
1919 2249 3896 
1920 2184 3329 
1921 
1922 2154 
1923 2197 
1924 
1925 
1926 2082 
1927 
1928 3119 
1929 
1930 
1931 
1932 2402 
1933 2243 
1934 
1935 1947 2045 
1936 2218 3044 3107 
1937 4694 
1938 2351 
1939 2183 
1940 
1941 
1942 2389 2462 
1943 2376 3489 
1944 2145 
1945 2087 4993 
1946 4963 
1947 2398 3280 
1948 2165 4242 
1949 
1950 
1951 2294 
1952 2122 2219 
1953 2960 
1954 
1955 2762 
1956 2343 
1957 
1958 
1959 2177 2220 
1960 
1961 2167 2226 
1962 3819 
1963 2197 
1964 
1965 2009 2078 2141 
1966 2138 
1967 2260 2447 2448 4571 
1968 2209 2452 
1969 
1970 2041 
1971 
1972 2224 
1973 
1974 
1975 2525 2655 4768 
1976 
1977 
1978 
1979 
1980 
1981 2091 2124 2259 2375 
1982 4492 4496 
1983 
1984 2120 2272 
1985 1997 2148 
1986 2327 
1987 
1988 3000 
1989 2042 
1990 2405 
1991 2082 2246 
1992 2418 
1993 2270 
1994 2482 
1995 2035 
1996 3287 
1997 2384 4146 
1998 
1999 2154 
2000 2128 2195 2208 
2001 
2002 4026 
2003 
2004 2186 3089 
2005 
2006 2483 4015 
2007 
2008 2072 2454 2494 4154 
2009 2203 2412 
2010 
2011 2432 
2012 2019 
2013 3075 
2014 4760 
2015 2335 
2016 
2017 2046 2468 
2018 
2019 
2020 
2021 2570 
2022 
2023 2241 2253 
2024 
2025 4909 
2026 2124 2195 
2027 2375 
2028 2272 
2029 
2030 
2031 4354 
2032 2062 2364 2484 4889 
2033 2163 2788 
2034 3514 
2035 
2036 2088 
2037 
2038 
2039 2484 3350 4362 
2040 2122 2485 
2041 2112 
2042 
2043 
2044 
2045 
2046 
2047 2431 
2048 2763 
2049 2353 
2050 2064 
2051 2292 
2052 
2053 2090 4933 
2054 4833 
2055 2337 2395 3117 
2056 2119 4032 
2057 2227 2252 
2058 
2059 
2060 2277 
2061 2553 
2062 2118 2291 
2063 2289 4096 
2064 
2065 
2066 
2067 2243 2297 2370 
2068 
2069 2466 
2070 2087 
2071 
2072 
2073 
2074 2418 
2075 
2076 2086 
2077 
2078 2477 
2079 2090 
2080 2178 2760 
2081 
2082 2289 
2083 
2084 
2085 
2086 2489 
2087 3927 
2088 
2089 2267 
2090 2245 
2091 4704 
2092 
2093 
2094 4833 
2095 2250 
2096 2265 2876 
2097 2483 2886 
2098 
2099 2135 2428 
2100 3391 
2101 4836 
2102 4484 
2103 
2104 
2105 3184 
2106 
2107 2303 
2108 2369 2433 
2109 2288 4208 
2110 2387 
2111 
2112 2538 
2113 
2114 2151 2455 
2115 
2116 
2117 
2118 
2119 
2120 
2121 
2122 4558 
2123 2323 
2124 4226 
2125 
2126 2173 2318 2356 
2127 
2128 
2129 2408 
2130 
2131 2421 
2132 2150 
2133 
2134 2243 2297 
2135 2242 2345 
2136 
2137 
2138 2175 2226 
2139 
2140 2315 2745 3691 
2141 2453 
2142 2170 4979 
2143 4043 
2144 
2145 3342 
2146 
2147 
2148 
2149 
2150 3240 
2151 3783 
2152 2774 
2153 
2154 
2155 2359 
2156 
2157 3073 
2158 2242 2449 
2159 2301 3677 
2160 
2161 
2162 3344 
2163 
2164 
2165 
2166 
2167 
2168 2300 
2169 2382 
2170 2309 4294 
2171 2900 
2172 
2173 2942 
2174 
2175 3643 4230 
2176 2308 
2177 
2178 
2179 
2180 4609 
2181 
2182 
2183 2293 
2184 3410 3613 
2185 
2186 
2187 4173 
2188 
2189 3378 
2190 
2191 2193 2375 
2192 2260 
2193 
2194 
2195 
2196 
2197 
2198 
2199 
2200 3374 
2201 2277 
2202 
2203 
2204 
2205 
2206 
2207 2334 
2208 
2209 
2210 
2211 
2212 2409 2473 
2213 
2214 2466 
2215 
2216 2352 
2217 2488 
2218 3921 
2219 
2220 3551 
2221 2262 2369 
2222 
2223 
2224 
2225 2269 
2226 
2227 
2228 
2229 
2230 
2231 4039 
2232 
2233 2457 
2234 2412 
2235 
2236 2443 4063 
2237 
2238 
2239 3755 4172 
2240 4033 
2241 
2242 3848 
2243 2383 3193 
2244 
2245 
2246 
2247 3916 
2248 
2249 
2250 
2251 
2252 
2253 4429 
2254 2258 
2255 
2256 2379 
2257 2284 2413 3614 
2258 
2259 
2260 2277 
2261 
2262 2389 
2263 
2264 3984 
2265 
2266 2639 3459 
2267 2412 4037 
2268 
2269 2510 
2270 
2271 2426 2675 2743 
2272 
2273 2461 
2274 
2275 
2276 
2277 
2278 
2279 4011 
2280 2380 
2281 
2282 
2283 
2284 
2285 2485 
2286 2816 
2287 2326 2479 
2288 
2289 2453 
2290 
2291 
2292 
2293 2350 4689 
2294 
2295 
2296 3484 
2297 
2298 
2299 
2300 
2301 4493 
2302 
2303 
2304 2405 
2305 
2306 
2307 2480 
2308 2952 4104 
2309 2382 
2310 2371 
2311 
2312 
2313 
2314 2430 
2315 
2316 
2317 2402 
2318 
2319 
2320 2369 
2321 2450 
2322 
2323 
2324 4206 
2325 
2326 
2327 
2328 2954 2989 
2329 
2330 3163 
2331 3593 
2332 
2333 
2334 3926 
2335 
2336 
2337 
2338 
2339 3979 4976 
2340 2343 3919 
2341 
2342 
2343 
2344 
2345 
2346 
2347 
2348 
2349 
2350 2423 
2351 2452 
2352 2477 
2353 3208 3444 
2354 2432 2467 
2355 3540 
2356 
2357 2410 
2358 
2359 
2360 3911 
2361 
2362 2472 
2363 
2364 
2365 
2366 
2367 
2368 2775 
2369 
2370 2418 
2371 
2372 
2373 
2374 3534 4646 
2375 
2376 
2377 2827 
2378 
2379 2404 
2380 3609 
2381 
2382 4363 
2383 
2384 
2385 
2386 
2387 
2388 
2389 3061 4227 
2390 
2391 4798 
2392 
2393 
2394 2441 
2395 
2396 
2397 
2398 
2399 
2400 
2401 
2402 2482 
2403 2460 2498 
2404 4188 4681 
2405 3035 
2406 
2407 
2408 
2409 
2410 
2411 
2412 
2413 
2414 
2415 
2416 
2417 
2418 2455 
2419 2773 
2420 
2421 2625 3052 
2422 
2423 2429 4086 
2424 
2425 
2426 4571 
2427 
2428 
2429 
2430 4490 
2431 
2432 
2433 3054 
2434 
2435 
2436 
2437 2480 
2438 
2439 
2440 4678 
2441 2493 
2442 
2443 
2444 3263 
2445 
2446 
2447 
2448 3741 
2449 
2450 
2451 
2452 2752 
2453 
2454 
2455 
2456 
2457 
2458 4313 
2459 
2460 2492 
2461 
2462 
2463 4148 
2464 
2465 
2466 3076 3383 
2467 
2468 
2469 
2470 4357 
2471 
2472 2971 4307 
2473 
2474 4706 
2475 
2476 
2477 2803 
2478 3256 
2479 
2480 
2481 
2482 
2483 
2484 4674 
2485 4774 
2486 
2487 
2488 
2489 2604 
2490 
2491 
2492 
2493 2878 
2494 
2495 
2496 
2497 
2498 
2499 
2500 3266 4417 
2501 3849 3924 4754 
2502 2993 4324 
2503 2766 3160 3658 4418 
2504 3429 
2505 3516 3680 3920 
2506 3139 4060 4244 
2507 2750 4314 4675 4782 
2508 4651 
2509 
2510 2520 2725 2745 2986 4231 4504 4742 
2511 4106 
2512 2636 2985 3857 
2513 
2514 
2515 2671 3062 3241 3473 4588 
2516 2539 2825 2859 3595 4477 
2517 3596 4749 4817 
2518 4442 4786 
2519 3121 3135 3808 
2520 3485 3732 3956 3972 4564 
2521 2552 2967 3807 4387 
2522 3564 4656 
2523 2594 2949 2995 4258 4592 4829 
2524 2854 3484 4299 4898 4925 
2525 3462 
2526 2633 4236 4694 
2527 3035 3867 
2528 3180 
2529 3826 4721 
2530 2727 4075 4644 4892 
2531 2931 
2532 3211 4287 4751 
2533 
2534 3741 3842 3917 
2535 3003 3983 4131 4221 
2536 3134 3227 3770 4594 
2537 2928 4041 4901 
2538 2858 2886 2940 3039 3861 
2539 4653 4705 4990 
2540 2753 3077 4004 
2541 3389 4960 
2542 4256 4685 
2543 3808 4249 4263 4585 
2544 4523 
2545 3069 3429 4415 
2546 2691 2904 3458 3824 
2547 3869 4468 4554 
2548 3276 3425 
2549 3277 4480 4570 
2550 3817 4357 
2551 3184 3753 
2552 
2553 2610 3047 4128 
2554 3228 3750 
2555 3948 4685 
2556 3422 4521 
2557 2861 4014 
2558 2573 3043 4736 4915 
2559 2844 3254 4491 4860 
2560 4255 
2561 3181 4118 
2562 3172 3852 4116 
2563 3298 4746 
2564 4797 4981 4987 
2565 2941 
2566 3469 3722 3792 4119 4625 
2567 2758 2914 3399 4585 
2568 3986 4603 4877 
2569 2892 3501 3751 4305 
2570 2804 2881 2937 4112 4314 4661 
2571 
2572 3639 
2573 
2574 2651 3223 3499 
2575 3752 4674 
2576 
2577 3306 3743 3905 4791 
2578 3914 3987 4162 4527 
2579 4213 4654 
2580 4307 4550 
2581 2663 2723 3735 
2582 2987 4044 4221 4641 4889 
2583 2830 4372 4849 
2584 2600 4744 4803 
2585 2946 
2586 4527 
2587 4828 
2588 4658 
2589 3861 
2590 3820 4922 
2591 3476 4590 
2592 2902 3086 3203 3775 3980 4911 
2593 4936 
2594 3218 3677 3947 4374 
2595 3581 3799 4937 
2596 4721 4933 
2597 3135 3955 4893 
2598 2751 4102 4191 4854 
2599 2688 3852 
2600 3404 3694 
2601 2940 3417 4932 
2602 4351 4743 
2603 2810 2890 3258 
2604 4264 4851 
2605 2691 3787 4171 4669 
2606 2747 2810 3759 
2607 3303 3791 4072 
2608 2667 3772 4192 4644 4815 4900 
2609 3119 4486 4905 
2610 2910 3075 4739 
2611 3730 4337 
2612 3759 4283 
2613 3719 3811 
2614 3899 4868 
2615 2768 2786 3476 3793 4406 
2616 2641 3318 3349 4259 
2617 2722 3607 4194 4295 
2618 2832 3166 4694 
2619 3431 3597 3849 3941 
2620 3189 3324 3854 4602 
2621 4097 4197 4506 4950 
2622 3144 4462 4465 4806 
2623 2785 4500 
2624 
2625 4978 
2626 2980 3651 4663 
2627 3821 
2628 4854 
2629 2669 2694 3371 4015 4299 4660 
2630 2853 3224 4412 
2631 3953 
2632 3531 
2633 2919 3566 
2634 
2635 3588 4630 
2636 2864 3479 4783 4805 
2637 3920 
2638 3449 3471 3508 
2639 2772 2899 
2640 2914 3132 3218 3791 4048 4515 4543 4975 
2641 3144 3389 3995 4428 4603 
2642 4506 
2643 2776 3687 3950 4175 4562 4619 
2644 3600 4012 4125 4511 
2645 3373 4393 4826 
2646 3617 4588 
2647 4324 4811 
2648 3456 3523 4631 4721 
2649 3001 3625 4860 
2650 2880 3230 3958 4153 
2651 2764 3427 
2652 3177 3725 4599 4962 
2653 3479 3510 4787 
2654 4982 
2655 3004 3668 
2656 
2657 2741 3390 4334 4489 4661 4967 
2658 2766 3222 3545 
2659 3334 3473 3863 
2660 
2661 3981 4892 
2662 2793 3899 
2663 3612 4128 4155 
2664 3580 3934 4384 
2665 3299 3822 
2666 3123 3435 4395 4922 
2667 
2668 2767 2959 
2669 4124 4921 
2670 3649 4417 
2671 3566 3612 4436 
2672 3505 
2673 2752 2871 4070 4087 4143 4903 
2674 2733 
2675 4517 
2676 4785 4801 4881 
2677 3342 3372 3557 4613 
2678 3717 4602 
2679 3524 3987 4040 4486 
2680 3363 3485 4833 4899 4994 
2681 2964 3266 3324 3730 4314 4715 4893 
2682 3945 
2683 2760 4715 
2684 3166 3562 4142 
2685 3503 3874 
2686 3364 4269 
2687 3856 4000 4131 
2688 3896 4726 
2689 3061 
2690 3927 4197 4585 4745 
2691 3091 4325 
2692 4022 4227 
2693 3637 3834 
2694 2931 3175 
2695 3405 3920 
2696 
2697 3085 4803 
2698 3053 4624 4732 4795 
2699 4238 4349 4639 
2700 3301 3327 4129 4401 
2701 3641 4115 
2702 4269 
2703 2979 3579 3691 
2704 2860 3768 4722 4870 4945 
2705 3773 4711 
2706 2844 2913 3281 3948 3983 4588 4908 
2707 3065 3265 3858 
2708 3030 3370 3676 4573 4740 
2709 2783 2824 3084 3344 3580 
2710 2806 3031 3423 4804 
2711 3900 4136 4627 4940 
2712 2761 3109 3447 3864 4094 4769 
2713 3342 3511 
2714 
2715 3828 3938 4639 4653 
2716 3529 
2717 3109 3238 3619 3799 4644 
2718 4372 
2719 2997 3168 3614 
2720 2920 3081 3285 3822 4045 4059 4861 
2721 3470 
2722 3043 3141 3700 3992 4314 4646 
2723 3265 3762 
2724 2741 3157 3298 4107 
2725 3529 3796 3855 4126 
2726 
2727 
2728 3238 
2729 3655 
2730 4027 4431 
2731 3358 3414 4029 4542 
2732 3266 3571 3688 4823 4830 
2733 3294 3637 4343 
2734 3514 4223 
2735 4159 4577 
2736 2960 2974 3694 3967 4953 
2737 3253 3671 3837 4380 4619 4735 
2738 2788 2932 4563 4820 
2739 2992 3269 3437 3966 
2740 3041 4966 
2741 2886 3770 4637 
2742 3027 3280 3856 4389 4743 4759 4927 
2743 3782 3851 
2744 2840 4198 4217 4942 
2745 3696 3958 4369 
2746 3081 3839 3969 4141 
2747 3527 4240 4676 
2748 
2749 3200 
2750 2863 3491 
2751 4021 4538 4842 
2752 2982 
2753 3366 4241 4326 4456 
2754 3017 4822 4965 
2755 3084 4339 
2756 2835 2859 4296 
2757 4457 4676 4704 4835 
2758 2789 2792 
2759 3256 3376 3467 
2760 3063 
2761 2788 3318 3836 4609 
2762 4167 4193 4471 
2763 3496 4067 4281 
2764 3121 3718 
2765 3825 
2766 2824 3167 3182 3703 
2767 4306 4810 
2768 4930 
2769 3050 3376 4721 
2770 3532 3560 3914 4062 4246 4742 
2771 3336 
2772 
2773 3080 3702 
2774 4433 4756 
2775 4894 
2776 3569 3735 4714 4985 
2777 3233 4708 4725 
2778 2791 3058 
2779 3651 4047 
2780 4804 
2781 
2782 2910 3501 4186 4366 
2783 3180 3271 3423 3502 4563 
2784 2852 
2785 3053 3986 
2786 4073 4130 4530 4561 4800 
2787 4736 
2788 
2789 2910 4066 
2790 3470 
2791 3998 4107 
2792 2886 
2793 2852 3565 3938 4436 
2794 3697 4203 4382 
2795 3151 3603 4571 4825 4850 
2796 4080 
2797 2956 3182 3341 3808 4546 
2798 3690 4382 
2799 3023 4264 4704 
2800 
2801 3248 3599 4114 4567 
2802 3019 3515 4695 4732 4750 
2803 3222 3472 3798 4577 4956 
2804 2808 4010 4689 
2805 3544 
2806 2859 3050 3652 4239 4694 4794 
2807 3216 4135 
2808 3262 3529 4074 4826 
2809 4479 
2810 
2811 3079 4037 
2812 3327 4011 4447 4591 
2813 2978 3373 
2814 4934 
2815 3387 3538 4686 
2816 3721 4676 
2817 3337 3683 3929 4114 4444 4641 
2818 2866 
2819 4003 
2820 3031 
2821 3125 3194 4007 
2822 3803 3851 4103 4244 
2823 3447 4050 4761 
2824 3080 4953 
2825 2928 3211 3336 4102 
2826 3115 
2827 3729 4064 4417 
2828 
2829 3926 3968 
2830 2841 2861 3547 4138 
2831 2927 4256 
2832 
2833 3485 4644 
2834 3057 
2835 3894 4968 
2836 3997 
2837 2842 3187 3866 4067 4246 4765 
2838 3784 
2839 2840 2880 3029 3090 4346 4942 
2840 4405 
2841 3361 3459 3707 3709 4040 
2842 4341 
2843 2942 3204 3257 3548 4126 
2844 4920 
2845 2878 4018 4588 
2846 3627 3702 4641 4916 
2847 3222 4175 4529 
2848 2862 3070 3772 4717 
2849 4314 4345 4376 
2850 3195 3727 3815 4483 
2851 2879 3291 3584 3678 4696 
2852 2944 3924 4539 
2853 4870 
2854 3514 
2855 3748 4394 4933 
2856 3524 4239 
2857 2928 3530 3796 
2858 3547 3954 4664 4935 
2859 3279 4070 4090 
2860 3562 4109 
2861 4018 4113 4766 
2862 4255 
2863 3008 3132 3472 3679 
2864 3210 3347 3876 4757 
2865 3400 3470 3685 4218 
2866 3516 3910 4112 4172 
2867 2894 3411 4992 
2868 
2869 3860 3967 
2870 3952 
2871 
2872 
2873 2874 4768 
2874 
2875 4449 4608 4670 
2876 3477 3849 4069 
2877 
2878 4506 
2879 3019 
2880 4128 
2881 3845 4160 
2882 3129 3653 3921 4679 4987 
2883 2967 3013 4909 
2884 3059 3443 3475 3650 4695 
2885 3875 4465 4660 4665 
2886 3574 3603 4073 4213 4697 
2887 3656 
2888 3486 3738 
2889 
2890 4773 4866 
2891 3371 3502 3622 3865 
2892 3213 3952 
2893 3308 4346 4443 
2894 4208 4466 
2895 2995 3832 4282 
2896 3112 4073 4270 
2897 2997 4376 4701 
2898 3152 3594 4982 
2899 2969 3821 4439 4582 
2900 3145 4835 4930 
2901 3754 4498 
2902 3805 4275 4631 
2903 3584 4923 
2904 4395 4686 
2905 2963 4131 4371 4746 
2906 3012 3022 3418 4611 4639 
2907 4540 4790 4959 
2908 3739 3899 3939 4201 
2909 3237 4863 
2910 4869 
2911 4415 4766 
2912 3794 
2913 3902 4240 4487 
2914 3098 3512 3863 4131 
2915 3826 
2916 3218 3958 4250 
2917 4286 4495 
2918 3231 3974 
2919 3501 4614 
2920 
2921 2927 3224 4357 
2922 3811 4208 4345 
2923 4176 4659 
2924 3569 4458 4710 4873 
2925 3193 3488 4992 
2926 3128 3420 3529 4692 4738 
2927 3900 4268 4657 4869 
2928 3769 4551 
2929 3638 
2930 2980 4017 
2931 3269 4095 4718 4810 4884 
2932 3481 3651 4703 4751 
2933 3211 4848 
2934 2994 3967 
2935 3211 4735 
2936 4637 4857 
2937 3390 4867 
2938 3123 3349 4938 
2939 2996 3057 3360 4241 
2940 3658 4570 4804 
2941 3852 3892 4223 4652 
2942 3125 3274 4041 
2943 3187 3226 3355 
2944 3441 3931 4563 4812 
2945 
2946 3403 4093 4642 4670 4704 
2947 
2948 3621 3974 4357 4651 
2949 3157 4609 4838 
2950 
2951 3059 
2952 3961 
2953 3569 4198 
2954 3138 3929 
2955 4599 
2956 3276 3500 4321 4590 4642 
2957 4333 
2958 3188 3410 4821 
2959 3662 4002 4469 
2960 3103 3420 4616 4964 
2961 3284 3741 4865 
2962 3048 3208 3789 4914 
2963 3886 
2964 4160 4304 4416 
2965 4539 
2966 
2967 3418 3562 4610 
2968 3287 4928 
2969 3029 
2970 3364 3396 3608 3716 3816 3938 
2971 3382 4018 4465 4571 
2972 4309 4514 
2973 4050 4653 
2974 3047 3981 4833 
2975 3175 3330 
2976 3416 3507 4703 4862 
2977 
2978 3481 3938 4414 
2979 3133 3567 3772 4415 
2980 3249 
2981 4482 
2982 
2983 3146 3799 
2984 3180 3206 4511 4610 4816 4941 
2985 3173 3660 
2986 3240 3406 3561 4422 
2987 3487 
2988 3012 3468 3724 4303 
2989 3515 3549 3947 
2990 3510 3559 3604 4889 
2991 3215 3243 3301 4629 
2992 3259 3472 
2993 2995 3513 4400 
2994 3117 4309 4412 
2995 
2996 4596 4885 
2997 3346 4446 4628 
2998 3314 3886 4532 
2999 
3000 4314 
3001 4179 4705 
3002 3373 3729 3794 4070 4887 
3003 3140 4032 4047 4281 
3004 4377 4630 4693 4920 
3005 3267 3828 3930 4550 
3006 4477 
3007 4140 4349 4489 
3008 3795 4063 
3009 3075 3424 3443 4102 4318 
3010 3280 3281 3315 3667 
3011 3834 3841 4605 4718 
3012 3709 3996 4568 4585 4630 
3013 4148 
3014 3283 3733 4331 
3015 3043 
3016 3303 
3017 3333 3403 3637 3848 4076 
3018 3630 
3019 3425 3471 4096 4721 
3020 3379 
3021 3358 3600 4266 4781 
3022 3033 3139 3653 3873 
3023 3672 
3024 3089 3291 3337 3621 4587 4904 
3025 3171 3253 3824 4998 
3026 4309 
3027 3427 3600 3961 4065 4654 
3028 3907 3939 4100 4228 
3029 4019 4542 4749 4852 
3030 4562 
3031 4017 4265 
3032 4640 4718 
3033 3085 4323 
3034 4952 
3035 3087 4415 
3036 3755 4062 4204 4385 4394 4516 
3037 3621 
3038 4383 
3039 3264 3666 4607 4774 
3040 3978 4796 
3041 4986 
3042 3618 3944 4953 
3043 
3044 3707 4551 4559 4678 
3045 4953 
3046 3126 3161 3186 4054 
3047 4434 
3048 3358 3600 4161 4263 4820 
3049 4097 
3050 3741 4277 4853 
3051 3379 3939 4459 4786 
3052 3566 3701 
3053 3951 
3054 4321 4426 4897 
3055 3323 4610 
3056 3488 3706 3769 4057 
3057 3590 4117 
3058 4322 
3059 3843 3864 4076 4394 4419 
3060 3314 4059 4665 
3061 4402 4663 
3062 3324 4229 4570 
3063 
3064 4772 
3065 3776 
3066 4729 
3067 
3068 3736 
3069 
3070 
3071 3596 3681 4532 4692 
3072 3124 3390 4636 
3073 3220 3795 3977 4588 4834 
3074 3806 3887 4040 4411 4546 
3075 3375 4576 4669 4928 
3076 3215 3443 
3077 3259 3417 4132 4762 
3078 3306 
3079 3670 4793 4954 
3080 3759 4918 
3081 3248 3550 4115 
3082 4233 
3083 3645 4774 
3084 3970 
3085 3212 3280 3619 4133 4651 
3086 4414 4464 
3087 4280 4966 
3088 3227 3558 3640 3987 4930 
3089 3548 
3090 4052 
3091 3328 3420 3961 4220 
3092 3573 4349 4969 
3093 4453 
3094 4473 4578 4874 
3095 3427 3893 4907 
3096 3333 3469 3738 4219 4960 
3097 3363 4392 4945 
3098 3302 3425 3845 4402 
3099 4182 4920 
3100 4123 4178 4815 
3101 3185 4837 
3102 3306 3898 4216 4774 4858 
3103 3842 4705 
3104 3396 3703 4025 4341 
3105 4691 
3106 4456 
3107 3902 
3108 3823 
3109 4485 4711 4716 
3110 3150 3195 4502 
3111 3403 3555 3976 
3112 3192 3228 3667 
3113 3918 4584 4834 
3114 3613 4296 
3115 3757 4531 4574 4892 4940 
3116 4250 
3117 4349 4941 
3118 3231 
3119 3407 3520 4334 
3120 3210 3280 3955 
3121 4268 4592 4612 
3122 3471 3490 3588 3892 4929 
3123 4719 
3124 3269 3350 3792 
3125 3595 4206 
3126 3227 
3127 3181 3562 
3128 3131 3792 4232 4386 4635 
3129 3655 
3130 3689 4172 4448 4953 4962 
3131 4785 
3132 4269 
3133 4109 
3134 3241 3432 
3135 3829 4812 
3136 3277 3675 4715 
3137 3298 3643 3773 
3138 4120 4592 4888 4935 
3139 3420 3488 
3140 
3141 3653 4209 4825 
3142 3350 4927 
3143 4901 
3144 3912 3978 4175 
3145 3258 4648 
3146 3649 3652 4219 
3147 3187 4232 
3148 4315 4669 4772 4888 
3149 3565 4048 4715 
3150 3754 
3151 
3152 4282 
3153 4955 
3154 3319 3658 3859 4238 4542 
3155 3202 4425 4442 4730 
3156 3340 3345 3536 
3157 4359 
3158 3382 
3159 3401 4584 
3160 4565 
3161 4026 4338 
3162 3279 3630 3771 3808 4094 4782 
3163 3752 
3164 4600 4770 
3165 4055 4283 4403 
3166 3415 3887 
3167 3831 4065 
3168 3178 3339 3584 
3169 3969 4802 
3170 
3171 3888 4098 
3172 3446 
3173 3291 4496 
3174 4306 
3175 3534 4283 
3176 4028 4638 
3177 
3178 4072 
3179 3479 4076 4743 
3180 
3181 3417 3683 
3182 4702 
3183 3189 3461 4233 4379 4382 4389 
3184 3403 3805 4313 4664 
3185 3601 4331 4435 4539 
3186 4318 
3187 3910 
3188 3222 
3189 3815 4019 4082 4948 
3190 
3191 4266 
3192 4755 
3193 3358 4309 
3194 3752 3772 
3195 4840 
3196 3403 
3197 3738 4377 
3198 3314 3728 3927 4690 
3199 3344 3572 3832 4426 4575 4812 
3200 
3201 4871 
3202 3334 
3203 4969 
3204 3763 3850 
3205 3295 4464 4556 4803 
3206 
3207 
3208 3240 4513 
3209 4419 4822 
3210 3329 3482 3909 4009 
3211 3408 3790 4154 4907 
3212 4363 4617 
3213 3621 3978 
3214 
3215 3327 3514 4047 4742 
3216 
3217 3849 4021 4539 4969 
3218 3716 3837 3982 4005 4269 
3219 3448 4582 
3220 3756 4106 4537 
3221 4586 
3222 4826 
3223 3928 4531 4802 
3224 3395 3729 
3225 4456 4981 
3226 4795 
3227 3906 4361 4519 4573 
3228 4713 
3229 3587 3655 4009 
3230 4201 
3231 3258 4438 
3232 
3233 4302 4489 
3234 3599 
3235 3685 4909 
3236 3410 
3237 
3238 4136 
3239 
3240 
3241 3611 3778 
3242 
3243 3564 
3244 4154 4188 4297 4371 
3245 3934 4073 4928 
3246 4408 
3247 4294 
3248 3305 4057 4371 4799 4826 
3249 4048 
3250 
3251 4193 4375 4986 
3252 
3253 3763 3927 4068 
3254 4364 
3255 3334 
3256 3542 3810 4563 
3257 3812 3952 4368 4498 
3258 3861 
3259 3540 3704 
3260 3317 4136 4475 4575 
3261 3713 4636 
3262 3660 3778 
3263 
3264 3695 3710 4009 4421 
3265 4104 4191 4525 
3266 3385 3910 4370 
3267 4664 
3268 3772 3909 4878 
3269 4824 
3270 3946 3964 3970 4268 4425 
3271 4571 
3272 4155 4160 4287 4362 4811 4850 
3273 4008 4126 4487 
3274 3642 4784 
3275 3326 3790 3918 4290 4337 
3276 4570 4728 4739 
3277 3387 3944 3983 4229 
3278 3823 4938 
3279 
3280 4449 
3281 
3282 4176 4424 
3283 4004 4242 
3284 3867 4097 4121 
3285 
3286 3310 3478 4372 
3287 
3288 3748 3878 4866 
3289 3358 3522 3854 3904 4610 4834 
3290 
3291 4918 
3292 3772 4050 4247 
3293 3325 3761 4696 4868 4947 
3294 3904 4716 
3295 4761 
3296 4620 4952 
3297 4771 
3298 
3299 3471 3565 3684 4412 
3300 3530 4530 
3301 3510 3565 
3302 3458 4127 4352 4605 4949 
3303 3312 3815 4008 4540 
3304 
3305 3885 
3306 3764 
3307 
3308 3606 3874 3929 4248 
3309 4384 
3310 
3311 
3312 3824 4418 
3313 3874 4306 
3314 
3315 4065 4130 4663 
3316 4729 4832 
3317 4040 
3318 3781 4314 
3319 4766 
3320 3497 4001 4003 4108 4262 4327 
3321 3481 4540 
3322 3666 3701 4490 
3323 
3324 3882 3947 4136 4909 
3325 3848 4378 
3326 3793 4507 
3327 3894 
3328 4930 
3329 3860 
3330 4629 
3331 3376 4978 
3332 3348 3645 3748 4659 
3333 3349 3923 
3334 3408 3778 3902 4706 4982 
3335 4404 4553 4732 
3336 3427 3578 
3337 3590 4268 
3338 4602 4670 
3339 3724 
3340 4110 
3341 3839 3947 
3342 3363 3832 4841 
3343 3348 3917 3930 4531 4759 4871 
3344 3508 3570 3816 4297 4407 4712 
3345 3599 4480 4531 4778 
3346 3985 4127 
3347 3656 4240 4525 
3348 3461 4213 4242 4789 
3349 4389 4409 4964 
3350 
3351 4123 
3352 3781 4149 4600 
3353 3929 4579 
3354 3598 
3355 3494 
3356 3492 4207 4389 4796 4916 
3357 4595 
3358 3869 4950 
3359 3852 
3360 3498 
3361 3726 4858 
3362 3492 4032 
3363 3711 
3364 3703 
3365 4941 
3366 3438 3890 4078 4245 
3367 
3368 4256 
3369 4627 
3370 3550 4892 
3371 
3372 4121 4241 
3373 
3374 4265 4495 4731 
3375 4334 4355 4905 
3376 3511 4275 4559 
3377 3611 3698 4624 4645 4850 
3378 4467 
3379 4094 4204 
3380 3910 4330 4655 
3381 
3382 4359 
3383 4768 
3384 4178 4564 
3385 3558 
3386 3858 4255 4575 4700 
3387 3565 4331 4356 4888 
3388 
3389 3497 3530 4252 4416 
3390 3523 
3391 
3392 4316 4432 4900 
3393 4538 
3394 4542 
3395 3554 3713 3796 4701 
3396 4637 
3397 3460 3845 4015 4228 4330 
3398 
3399 4563 
3400 3522 4782 4902 
3401 4617 4710 
3402 3590 4527 4813 4922 
3403 3407 3864 4111 4313 4340 
3404 3498 3999 4124 
3405 3743 3792 4635 
3406 3980 
3407 3711 4374 
3408 3521 4322 
3409 3566 
3410 4716 4791 
3411 3611 
3412 3796 
3413 3818 4025 
3414 3898 
3415 4163 4209 
3416 3796 
3417 4071 
3418 3869 
3419 4332 4411 
3420 3936 4871 
3421 3804 4800 
3422 
3423 3869 
3424 3814 3992 
3425 3468 3474 4030 4619 
3426 4651 
3427 3640 3850 
3428 3450 4057 4203 4785 4815 
3429 3511 3535 3857 4892 
3430 4489 
3431 4744 
3432 3681 
3433 3514 4685 
3434 3915 4179 4404 4776 4950 4961 
3435 3725 4687 
3436 3956 
3437 3798 4148 4514 
3438 
3439 4025 4779 
3440 3808 4044 4576 4822 4855 4889 
3441 3554 3627 
3442 3864 4492 
3443 3687 4678 
3444 4066 4525 
3445 3799 
3446 4842 
3447 
3448 3828 4170 
3449 
3450 
3451 3924 4646 
3452 3979 
3453 3533 4197 4375 
3454 3862 
3455 3625 3837 4591 
3456 
3457 3877 
3458 4227 4801 
3459 3474 3576 3956 4610 
3460 3630 4314 4985 
3461 4673 
3462 3464 
3463 4222 4232 
3464 4902 
3465 3491 3692 3995 4605 
3466 
3467 
3468 4183 
3469 3519 4033 4745 
3470 4304 4432 
3471 
3472 3890 4307 4599 4632 
3473 4839 
3474 3723 4398 4566 
3475 3863 4063 4215 4252 4881 
3476 4378 4898 
3477 3762 
3478 4113 
3479 4055 4599 4859 
3480 
3481 4142 
3482 4031 4659 
3483 3696 
3484 4737 4786 
3485 4122 4142 
3486 3500 4599 4641 
3487 4624 4939 
3488 3670 3986 4239 4266 
3489 3953 
3490 4820 4881 
3491 4366 4906 
3492 3648 4903 
3493 4852 
3494 4341 4498 4989 
3495 4783 4966 
3496 4025 
3497 
3498 3797 4570 4685 
3499 3573 3835 4346 
3500 
3501 4250 
3502 4813 
3503 3914 
3504 3691 3893 
3505 3893 4750 
3506 4288 
3507 4540 4814 4915 
3508 
3509 4426 4779 
3510 4076 4320 
3511 4048 4115 4609 4627 4705 
3512 4402 4446 
3513 3634 3771 
3514 3790 
3515 3710 3878 4186 
3516 3673 4394 
3517 4284 4455 
3518 
3519 
3520 3609 4455 
3521 4856 
3522 4675 4782 4835 
3523 
3524 3672 4262 4571 
3525 4164 
3526 4005 4668 
3527 4042 
3528 3695 
3529 4333 4807 4869 4896 
3530 3888 4440 
3531 3746 4711 
3532 4108 4137 4781 
3533 4670 
3534 3925 4181 4214 4287 
3535 
3536 4918 
3537 4019 4553 
3538 
3539 4219 4569 
3540 3755 
3541 4752 
3542 
3543 4112 4230 4865 
3544 3832 4115 4133 4194 4971 
3545 4064 
3546 
3547 4634 
3548 
3549 4083 4386 4775 4808 
3550 4481 4644 
3551 3685 3751 4227 4239 
3552 4185 4609 
3553 4407 
3554 3836 3993 
3555 3772 4048 4489 
3556 4032 4446 4675 
3557 3622 3924 4150 
3558 
3559 4669 
3560 3672 
3561 3741 
3562 3575 4959 
3563 3849 4425 
3564 
3565 
3566 3792 4116 
3567 3997 4313 4848 
3568 3767 
3569 3805 4358 4656 4819 
3570 3624 3795 4223 4533 
3571 3687 4430 
3572 
3573 3893 4046 
3574 4241 
3575 
3576 
3577 3629 3959 4293 4632 
3578 3759 4056 4682 
3579 4088 4728 
3580 3979 
3581 
3582 
3583 3763 3894 
3584 4463 
3585 3663 
3586 4067 4149 
3587 3909 
3588 3782 3810 
3589 3993 
3590 
3591 
3592 4137 
3593 3619 
3594 4020 4186 
3595 3925 4317 4482 
3596 3946 
3597 4642 
3598 4787 
3599 4779 
3600 4311 
3601 4018 
3602 3653 3975 4586 4771 4923 
3603 
3604 4464 4569 
3605 4073 
3606 3761 4816 
3607 4578 
3608 4330 
3609 4122 4744 
3610 
3611 4481 4868 
3612 4606 
3613 3992 
3614 
3615 4712 4838 
3616 4013 
3617 3869 4925 
3618 4661 4956 
3619 3652 4854 
3620 4679 
3621 
3622 3868 4134 4849 4965 
3623 3812 4938 
3624 
3625 3707 3867 4669 
3626 3635 
3627 4854 
3628 
3629 
3630 3695 4662 4710 4770 4777 
3631 3804 4521 
3632 3668 4220 4998 
3633 4340 
3634 4655 
3635 4175 
3636 
3637 
3638 
3639 4932 
3640 3752 4493 
3641 3772 3936 4081 4268 4549 4663 
3642 4421 
3643 4328 
3644 3697 
3645 4477 4822 4830 
3646 3858 3903 4749 
3647 4606 4908 
3648 3682 4957 
3649 3856 4029 
3650 
3651 4284 
3652 3726 
3653 4084 
3654 4654 
3655 
3656 
3657 
3658 4133 4525 4600 
3659 
3660 4365 
3661 3810 3923 
3662 
3663 
3664 3974 4966 
3665 
3666 4145 
3667 4916 
3668 4678 
3669 
3670 4353 4490 4500 
3671 3688 
3672 4291 4661 
3673 4001 4876 4918 
3674 4586 
3675 4645 
3676 3830 4077 
3677 3903 
3678 3843 
3679 4161 
3680 3696 4631 
3681 4158 
3682 4558 
3683 4223 
3684 3891 4565 4699 4979 
3685 4056 4515 4660 4831 4969 
3686 4311 4541 
3687 4570 4644 
3688 4620 
3689 
3690 3955 4461 
3691 
3692 
3693 3743 3835 4316 4798 
3694 
3695 3814 4299 
3696 4250 4371 4590 
3697 3754 4385 
3698 
3699 3737 3929 
3700 4070 4251 4586 
3701 4372 
3702 
3703 4189 4203 4640 4643 
3704 3908 4427 
3705 3837 3856 4556 4583 4708 4854 
3706 
3707 3794 
3708 3833 3980 4383 
3709 3790 
3710 
3711 4421 
3712 3745 4698 
3713 4611 4899 
3714 
3715 4018 4658 
3716 
3717 3781 
3718 3839 4364 4426 
3719 4338 4355 4750 4922 
3720 4553 
3721 4312 
3722 4767 4873 
3723 4351 
3724 4419 
3725 3893 
3726 4188 4276 4826 
3727 
3728 3783 3837 
3729 4587 
3730 
3731 4163 
3732 4695 
3733 
3734 4572 
3735 
3736 3811 4659 
3737 
3738 4570 4727 
3739 3785 4724 
3740 3911 4523 
3741 4203 
3742 4264 
3743 4001 4337 4416 4678 
3744 
3745 4103 4861 
3746 4869 
3747 3781 
3748 4113 4127 4880 
3749 4036 4182 4780 
3750 
3751 3985 
3752 3780 3899 
3753 4007 
3754 3777 4261 4388 
3755 4100 
3756 4386 
3757 3828 3953 
3758 
3759 4246 
3760 4707 
3761 3800 
3762 3774 3916 4476 4483 4636 4824 
3763 3929 3930 4669 
3764 4824 4915 
3765 3865 4045 4574 
3766 
3767 3881 4035 
3768 4216 4549 
3769 4127 4178 4768 
3770 4725 4799 
3771 4395 
3772 
3773 3794 4701 
3774 4644 
3775 4802 
3776 4645 4755 
3777 4694 
3778 4042 
3779 3803 3826 4397 
3780 
3781 4291 4342 4383 
3782 
3783 
3784 3810 
3785 4356 4503 4804 
3786 4020 
3787 3916 4012 4013 4355 4388 
3788 
3789 3971 
3790 
3791 4039 4873 
3792 3938 
3793 
3794 4891 
3795 
3796 
3797 4707 
3798 3835 
3799 
3800 3869 4601 
3801 3985 4073 4702 
3802 4534 4626 
3803 3954 4032 
3804 
3805 
3806 4097 4851 
3807 4433 
3808 
3809 4847 
3810 3859 4585 4922 4939 4996 
3811 4140 4219 4296 4596 
3812 3866 4545 
3813 3944 4589 
3814 4638 
3815 
3816 4063 
3817 4959 
3818 4990 
3819 4041 4957 
3820 4073 
3821 
3822 4343 
3823 4119 
3824 3927 4219 
3825 4798 
3826 4068 
3827 4568 
3828 3838 4009 4539 
3829 4546 
3830 4334 4405 4485 4750 
3831 4280 4627 
3832 3998 4892 
3833 4041 4243 4778 
3834 4622 
3835 4573 4585 
3836 3953 
3837 
3838 4106 
3839 3994 4276 
3840 4543 
3841 4449 
3842 4142 4235 4744 
3843 4237 4593 4632 
3844 4090 4582 
3845 4486 
3846 4504 4701 
3847 4220 4977 
3848 4583 
3849 4115 
3850 4041 4062 4465 4920 
3851 4929 
3852 
3853 4974 
3854 4547 4921 
3855 4672 
3856 4170 
3857 4345 4754 4764 
3858 4089 4420 4911 
3859 3974 
3860 
3861 4893 4924 
3862 4246 4996 
3863 
3864 3987 4925 
3865 4105 4672 4781 
3866 
3867 
3868 4381 
3869 4338 
3870 4105 
3871 
3872 
3873 4974 
3874 
3875 4030 
3876 3948 4414 
3877 
3878 
3879 4010 
3880 3951 4337 4833 
3881 3938 4280 4446 4899 
3882 
3883 4084 4476 4506 4696 
3884 
3885 
3886 
3887 4971 
3888 4114 4403 
3889 
3890 
3891 4613 
3892 
3893 4586 
3894 4408 
3895 4119 4919 
3896 4401 4456 
3897 3993 
3898 4313 4699 4876 
3899 
3900 
3901 4416 
3902 4237 
3903 4117 
3904 4131 
3905 4002 4014 4154 
3906 4102 4344 
3907 4086 4167 4979 
3908 4977 
3909 4082 
3910 
3911 
3912 4671 
3913 4700 
3914 4262 
3915 4507 
3916 4522 
3917 4026 
3918 
3919 4083 
3920 
3921 3926 
3922 4474 
3923 4954 
3924 
3925 4100 
3926 4583 
3927 4061 4352 
3928 4700 
3929 
3930 4011 4027 4733 4882 
3931 4476 
3932 4067 4443 
3933 4034 4053 4129 4413 
3934 4627 
3935 4308 4607 
3936 4198 
3937 4176 
3938 3966 4302 
3939 4371 4496 4673 
3940 4923 
3941 
3942 4709 4842 
3943 
3944 4379 4499 4694 
3945 
3946 4601 
3947 4856 
3948 
3949 3962 4294 
3950 3964 4625 
3951 4660 
3952 4529 
3953 3958 3992 4361 4667 
3954 4048 4630 
3955 4240 4949 
3956 4250 4859 
3957 4814 
3958 
3959 4700 
3960 
3961 
3962 4547 
3963 4165 
3964 
3965 
3966 4097 4517 
3967 3969 4484 4799 
3968 4534 
3969 4675 
3970 4414 4739 
3971 
3972 4029 4440 4581 
3973 4457 
3974 4161 
3975 
3976 4264 
3977 4282 4729 
3978 
3979 4671 
3980 
3981 3990 
3982 
3983 4570 4940 
3984 
3985 
3986 4170 4816 4998 
3987 4614 4971 
3988 4856 
3989 4655 4858 
3990 4230 
3991 4818 
3992 4283 
3993 4994 
3994 
3995 4142 4144 4391 
3996 
3997 4394 4809 4989 
3998 4329 4827 
3999 4549 
4000 4662 4665 
4001 
4002 4285 
4003 4301 
4004 
4005 4721 
4006 
4007 4145 
4008 4017 4250 
4009 
4010 
4011 
4012 4223 
4013 4303 4756 
4014 4296 4389 4833 
4015 4675 
4016 4143 4636 
4017 4728 4807 4891 
4018 
4019 4080 4401 4823 4959 
4020 4198 4351 4842 
4021 4310 4587 4652 
4022 4568 4806 
4023 4028 4833 
4024 4915 
4025 
4026 
4027 4282 
4028 4132 
4029 4737 
4030 
4031 4953 
4032 4211 
4033 4469 
4034 4330 4961 
4035 4924 
4036 
4037 4316 4497 4571 4768 
4038 4043 4716 4958 
4039 4851 
4040 4364 
4041 4363 
4042 4529 4700 
4043 
4044 4635 
4045 4304 4332 
4046 4169 4359 
4047 4067 
4048 4248 
4049 4344 4379 
4050 4521 
4051 4646 4909 
4052 4088 4858 
4053 4466 
4054 4372 4761 4973 
4055 
4056 4615 4660 
4057 4460 
4058 
4059 
4060 
4061 4353 4770 4909 
4062 
4063 4286 
4064 4463 4509 
4065 
4066 
4067 
4068 4497 4953 
4069 
4070 4727 
4071 
4072 4235 
4073 
4074 4161 
4075 4167 4416 4642 
4076 
4077 4244 
4078 
4079 
4080 
4081 4214 
4082 
4083 4388 4696 
4084 4300 
4085 4659 
4086 4578 4814 4820 
4087 4516 4868 
4088 
4089 4302 
4090 4881 4966 
4091 
4092 4979 
4093 
4094 4132 
4095 4216 4853 4898 
4096 
4097 
4098 4124 
4099 4526 
4100 
4101 4281 4378 
4102 4198 4317 4899 
4103 4839 
4104 4342 4813 
4105 4356 4640 4909 
4106 4814 
4107 4279 
4108 4574 4952 
4109 
4110 4440 4522 
4111 4117 4223 
4112 4365 
4113 4295 4712 
4114 4726 
4115 
4116 
4117 4187 4784 
4118 4624 4694 
4119 4996 
4120 4705 
4121 4199 
4122 4687 4810 
4123 
4124 4337 4498 
4125 4444 
4126 
4127 4326 4869 4899 
4128 
4129 4287 4695 
4130 4148 4274 4655 
4131 4242 
4132 4587 
4133 
4134 
4135 4381 4434 4643 
4136 4384 4797 
4137 4540 
4138 4518 
4139 4166 
4140 
4141 4960 
4142 4407 
4143 4527 4987 
4144 4881 
4145 4372 
4146 4632 4939 
4147 4648 
4148 
4149 
4150 
4151 4756 4838 
4152 
4153 4304 4684 
4154 4212 4546 4559 
4155 4713 
4156 4659 
4157 4761 4790 
4158 4594 4969 
4159 
4160 4378 
4161 
4162 
4163 
4164 4282 4654 
4165 4737 4940 4973 
4166 4503 
4167 4339 4985 
4168 
4169 
4170 
4171 4540 
4172 4368 4550 4596 
4173 4180 4453 4839 
4174 4371 
4175 4309 4503 
4176 4986 
4177 4183 4242 4375 4540 4795 4948 
4178 
4179 
4180 4369 
4181 
4182 4428 4469 
4183 4396 4773 
4184 4814 
4185 4613 4830 
4186 4208 
4187 
4188 4844 
4189 
4190 4999 
4191 4463 4891 
4192 4589 
4193 4761 
4194 
4195 4537 
4196 
4197 4659 4916 
4198 4517 4730 
4199 4383 4757 
4200 
4201 4747 
4202 
4203 
4204 4245 4608 4745 
4205 
4206 
4207 
4208 
4209 4867 
4210 
4211 4572 4899 4984 
4212 
4213 4275 
4214 4278 4353 
4215 4748 
4216 
4217 
4218 
4219 
4220 4502 
4221 4828 
4222 4371 4487 4926 
4223 4354 
4224 
4225 4297 
4226 4294 4857 
4227 
4228 4383 4489 4721 
4229 
4230 4567 
4231 
4232 
4233 
4234 
4235 
4236 4910 
4237 4668 
4238 4802 
4239 
4240 4835 
4241 
4242 
4243 
4244 4262 4971 
4245 4511 
4246 4371 
4247 
4248 4448 4596 4958 
4249 4634 
4250 4376 
4251 
4252 
4253 
4254 4854 
4255 4382 4809 
4256 4616 
4257 4275 
4258 4646 4997 
4259 
4260 
4261 
4262 
4263 4736 
4264 4388 4523 
4265 4344 4612 
4266 4372 
4267 4683 
4268 4909 
4269 4493 
4270 4403 4716 
4271 
4272 4583 
4273 4364 
4274 4725 
4275 
4276 4378 4473 
4277 4795 
4278 4986 
4279 
4280 
4281 4602 4669 
4282 
4283 
4284 4884 
4285 4642 
4286 
4287 
4288 
4289 
4290 
4291 4916 
4292 4525 
4293 4344 
4294 4866 
4295 4509 4617 
4296 4718 
4297 
4298 4359 4536 4933 
4299 
4300 
4301 
4302 4837 
4303 
4304 4622 4717 
4305 4531 4733 
4306 
4307 
4308 
4309 4547 4743 
4310 
4311 
4312 
4313 4377 4433 
4314 4881 
4315 4863 4901 
4316 
4317 4504 
4318 4424 
4319 
4320 
4321 4593 
4322 4922 
4323 
4324 4955 4974 
4325 
4326 4615 4644 
4327 4366 4389 
4328 4495 4939 
4329 
4330 4707 
4331 
4332 4751 
4333 
4334 4504 
4335 4570 
4336 4366 
4337 4383 4389 
4338 4516 
4339 4487 4792 
4340 
4341 4346 4975 
4342 
4343 4416 
4344 4363 4693 
4345 4553 
4346 
4347 
4348 
4349 
4350 
4351 4777 4875 
4352 4507 
4353 4753 
4354 
4355 
4356 4686 
4357 4613 
4358 
4359 4367 
4360 
4361 
4362 
4363 
4364 
4365 
4366 
4367 4776 
4368 
4369 
4370 4883 
4371 4709 
4372 4476 4761 4990 
4373 4470 4589 4696 
4374 4822 4895 
4375 
4376 
4377 
4378 4643 
4379 4621 
4380 4818 
4381 
4382 4729 
4383 4843 
4384 
4385 4924 
4386 
4387 4766 4878 
4388 4762 4988 4989 
4389 
4390 
4391 4861 
4392 
4393 4879 
4394 
4395 4635 4923 4969 
4396 
4397 4764 4961 
4398 
4399 
4400 4586 
4401 4967 
4402 
4403 
4404 
4405 
4406 4931 
4407 4734 
4408 
4409 
4410 4907 
4411 4832 
4412 4539 
4413 
4414 4520 
4415 
4416 4839 
4417 4939 
4418 
4419 
4420 4423 
4421 4821 
4422 4685 
4423 4624 
4424 4609 
4425 
4426 
4427 
4428 
4429 
4430 4770 
4431 4671 
4432 4911 
4433 
4434 
4435 
4436 4460 4837 4845 
4437 
4438 4703 
4439 4500 
4440 
4441 
4442 4544 
4443 
4444 
4445 
4446 4892 
4447 
4448 4952 4954 
4449 4454 4523 
4450 
4451 
4452 4708 4794 4926 
4453 
4454 4582 
4455 
4456 
4457 4799 
4458 
4459 4582 
4460 4475 4853 
4461 
4462 
4463 
4464 4696 
4465 
4466 
4467 4507 4643 4656 
4468 
4469 
4470 4826 
4471 4552 4754 
4472 
4473 4854 
4474 4770 
4475 4514 4901 
4476 4621 4691 
4477 4750 4943 
4478 4549 
4479 4706 4912 
4480 
4481 
4482 4715 4814 
4483 4746 
4484 
4485 
4486 4507 
4487 4663 
4488 
4489 
4490 4989 
4491 
4492 4790 
4493 
4494 
4495 4547 
4496 
4497 
4498 
4499 4645 4837 
4500 4773 
4501 4536 4584 4788 
4502 4567 
4503 4780 
4504 
4505 4789 4820 4911 
4506 4792 4832 
4507 
4508 
4509 
4510 
4511 
4512 4579 
4513 
4514 4539 
4515 
4516 4965 
4517 
4518 4708 4986 
4519 4681 
4520 4950 
4521 
4522 4841 
4523 
4524 
4525 4807 
4526 4795 
4527 4638 4868 4896 
4528 4580 4842 
4529 
4530 
4531 
4532 
4533 
4534 4626 4782 
4535 
4536 
4537 
4538 4786 
4539 4769 
4540 
4541 4757 
4542 
4543 
4544 4829 
4545 
4546 
4547 4688 
4548 
4549 4940 
4550 4832 
4551 
4552 4755 
4553 
4554 4727 
4555 4961 
4556 
4557 
4558 4663 4719 
4559 
4560 
4561 
4562 4775 
4563 
4564 
4565 
4566 
4567 4661 
4568 
4569 
4570 
4571 4651 4926 
4572 4721 4726 
4573 
4574 
4575 
4576 4895 
4577 4589 4919 
4578 
4579 
4580 
4581 
4582 
4583 4954 
4584 
4585 4621 
4586 
4587 4824 4929 
4588 4983 
4589 4748 
4590 4677 
4591 
4592 
4593 4681 
4594 
4595 
4596 
4597 
4598 4919 4921 
4599 4640 
4600 
4601 
4602 4621 
4603 
4604 4858 
4605 
4606 
4607 4949 
4608 4922 
4609 4778 4906 
4610 
4611 4705 
4612 
4613 4747 4777 
4614 4772 
4615 
4616 
4617 4779 
4618 
4619 
4620 
4621 4893 
4622 4694 
4623 
4624 4755 
4625 4724 
4626 4674 
4627 
4628 
4629 
4630 
4631 4738 
4632 
4633 
4634 
4635 4894 
4636 4864 
4637 4939 
4638 
4639 4983 
4640 4835 
4641 
4642 4897 
4643 
4644 4670 4832 4879 
4645 
4646 
4647 
4648 
4649 
4650 4821 
4651 
4652 
4653 4781 
4654 
4655 4666 
4656 
4657 
4658 
4659 
4660 4810 4922 
4661 
4662 
4663 
4664 
4665 
4666 4996 
4667 4975 
4668 
4669 
4670 
4671 4684 
4672 4872 
4673 4892 
4674 
4675 
4676 
4677 
4678 
4679 
4680 
4681 
4682 
4683 
4684 
4685 
4686 4701 
4687 
4688 
4689 4691 4806 
4690 4862 
4691 
4692 4867 
4693 
4694 4916 
4695 
4696 4858 
4697 4911 
4698 
4699 4989 
4700 4845 
4701 
4702 4943 
4703 
4704 
4705 
4706 4757 
4707 
4708 
4709 
4710 4839 
4711 
4712 4737 
4713 
4714 4755 
4715 
4716 
4717 4842 
4718 
4719 4779 
4720 
4721 
4722 
4723 4906 
4724 
4725 
4726 
4727 
4728 4894 
4729 
4730 
4731 4917 
4732 
4733 
4734 4963 
4735 
4736 
4737 4785 
4738 
4739 
4740 
4741 4777 
4742 
4743 4786 4848 4930 
4744 4763 
4745 
4746 
4747 
4748 
4749 
4750 
4751 
4752 
4753 
4754 
4755 
4756 
4757 4852 
4758 
4759 
4760 
4761 
4762 4786 4912 
4763 
4764 4970 
4765 
4766 4774 4970 
4767 4993 
4768 
4769 
4770 
4771 
4772 
4773 
4774 
4775 
4776 
4777 
4778 4907 
4779 
4780 
4781 4794 
4782 4809 
4783 
4784 
4785 
4786 
4787 4804 
4788 
4789 4956 
4790 
4791 
4792 
4793 
4794 
4795 
4796 
4797 
4798 
4799 
4800 
4801 
4802 
4803 4884 
4804 
4805 4809 
4806 
4807 
4808 
4809 4979 
4810 4847 
4811 
4812 
4813 4955 
4814 
4815 
4816 
4817 
4818 
4819 
4820 
4821 
4822 
4823 
4824 
4825 
4826 
4827 
4828 
4829 
4830 4966 
4831 
4832 
4833 
4834 
4835 
4836 
4837 4984 
4838 
4839 
4840 
4841 
4842 
4843 4915 
4844 
4845 
4846 
4847 
4848 
4849 
4850 4928 
4851 
4852 4935 
4853 
4854 
4855 
4856 
4857 
4858 4999 
4859 4897 
4860 
4861 
4862 
4863 
4864 
4865 
4866 
4867 
4868 4941 
4869 
4870 
4871 
4872 
4873 4890 
4874 4930 
4875 
4876 
4877 4959 4987 
4878 
4879 
4880 
4881 
4882 
4883 
4884 
4885 
4886 
4887 
4888 
4889 4979 
4890 
4891 
4892 
4893 
4894 
4895 4916 
4896 
4897 
4898 
4899 4904 
4900 
4901 
4902 
4903 4927 
4904 
4905 
4906 
4907 
4908 
4909 
4910 
4911 
4912 
4913 
4914 
4915 
4916 
4917 
4918 4923 
4919 
4920 
4921 4969 
4922 
4923 
4924 
4925 
4926 
4927 
4928 
4929 
4930 
4931 4932 
4932 
4933 
4934 
4935 
4936 
4937 
4938 
4939 
4940 
4941 
4942 
4943 
4944 
4945 
4946 
4947 
4948 
4949 
4950 
4951 
4952 
4953 
4954 
4955 4972 
4956 
4957 
4958 
4959 
4960 
4961 
4962 
4963 
4964 
4965 
4966 
4967 4969 
4968 
4969 
4970 
4971 
4972 4994 
4973 
4974 
4975 
4976 
4977 
4978 
4979 
4980 
4981 
4982 
4983 
4984 
4985 
4986 
4987 
4988 
4989 
4990 
4991 
4992 
4993 
4994 
4995 
4996 
4997 
4998 
4999 
[0, 0, 0, 0, 0, 0, 0, 0, 0, 0, 0, 0, 0, 0, 0, 0, 0, 0, 0, 0, 0, 0, 0, 0, 0, 0, 0, 0, 0, 0, 0, 0, 0, 0, 0, 0, 0, 0, 0, 0, 0, 0, 0, 0, 0, 0, 0, 0, 0, 0, 0, 0, 0, 0, 0, 0, 0, 0, 0, 0, 0, 0, 0, 0, 0, 0, 0, 0, 0, 0, 0, 0, 0, 0, 0, 0, 0, 0, 0, 0, 0, 0, 0, 0, 0, 0, 0, 0, 0, 0, 0, 0, 0, 0, 0, 0, 0, 0, 0, 0, 0, 0, 0, 0, 0, 0, 0, 0, 0, 0, 0, 0, 0, 0, 0, 0, 0, 0, 0, 0, 0, 0, 0, 0, 0, 0, 0, 0, 0, 0, 0, 0, 0, 0, 0, 0, 0, 0, 0, 0, 0, 0, 0, 0, 0, 0, 0, 0, 0, 0, 0, 0, 0, 0, 0, 0, 0, 0, 0, 0, 0, 0, 0, 0, 0, 0, 0, 0, 0, 0, 0, 0, 0, 0, 0, 0, 0, 0, 0, 0, 0, 0, 0, 0, 0, 0, 0, 0, 0, 0, 0, 0, 0, 0, 0, 0, 0, 0, 0, 0, 0, 0, 0, 0, 0, 0, 0, 0, 0, 0, 0, 0, 0, 0, 0, 0, 0, 0, 0, 0, 0, 0, 0, 0, 0, 0, 0, 0, 0, 0, 0, 0, 0, 0, 0, 0, 0, 0, 0, 0, 0, 0, 0, 0, 0, 0, 0, 0, 0, 0, 0, 0, 0, 0, 0, 0, 0, 0, 0, 0, 0, 0, 0, 0, 0, 0, 0, 0, 0, 0, 0, 0, 0, 0, 0, 0, 0, 0, 0, 0, 0, 0, 0, 0, 0, 0, 0, 0, 0, 0, 0, 0, 0, 0, 0, 0, 0, 0, 0, 0, 0, 0, 0, 0, 0, 0, 0, 0, 0, 0, 0, 0, 0, 0, 0, 0, 0, 0, 0, 0, 0, 0, 0, 0, 0, 0, 0, 0, 0, 0, 0, 0, 0, 0, 0, 0, 0, 0, 0, 0, 0, 0, 0, 0, 0, 0, 0, 0, 0, 0, 0, 0, 0, 0, 0, 0, 0, 0, 0, 0, 0, 0, 0, 0, 0, 0, 0, 0, 0, 0, 0, 0, 0, 0, 0, 0, 0, 0, 0, 0, 0, 0, 0, 0, 0, 0, 0, 0, 0, 0, 0, 0, 0, 0, 0, 0, 0, 0, 0, 0, 0, 0, 0, 0, 0, 0, 0, 0, 0, 0, 0, 0, 0, 0, 0, 0, 0, 0, 0, 0, 0, 0, 0, 0, 0, 0, 0, 0, 0, 0, 0, 0, 0, 0, 0, 0, 0, 0, 0, 0, 0, 0, 0, 0, 0, 0, 0, 0, 0, 0, 0, 0, 0, 0, 0, 0, 0, 0, 0, 0, 0, 0, 0, 0, 0, 0, 0, 0, 0, 0, 0, 0, 0, 0, 0, 0, 0, 0, 0, 0, 0, 0, 0, 0, 0, 0, 0, 0, 0, 0, 0, 0, 0, 0, 0, 0, 0, 0, 0, 0, 0, 0, 0, 0, 0, 0, 0, 0, 0, 0, 0, 0, 0, 0, 0, 0, 0, 0, 0, 0, 0, 0, 0, 0, 0, 0, 0, 0, 0, 0, 0, 0, 0, 0, 0, 0, 0, 0, 0, 0, 0, 0, 0, 0, 0, 0, 0, 0, 0, 0, 0, 0, 0, 0, 0, 0, 0, 0, 0, 0, 0, 0, 0, 0, 0, 0, 0, 0, 0, 0, 0, 0, 0, 0, 0, 0, 0, 0, 0, 0, 0, 0, 0, 0, 0, 0, 0, 0, 0, 0, 0, 0, 0, 0, 0, 0, 0, 0, 0, 0, 0, 0, 0, 0, 0, 0, 0, 0, 0, 0, 0, 0, 0, 0, 0, 0, 0, 0, 0, 0, 0, 0, 0, 0, 0, 0, 0, 0, 0, 0, 0, 0, 0, 0, 0, 0, 0, 0, 0, 0, 0, 0, 0, 0, 0, 0, 0, 0, 0, 0, 0, 0, 0, 0, 0, 0, 0, 0, 0, 0, 0, 0, 0, 0, 0, 0, 0, 0, 0, 0, 0, 0, 0, 0, 0, 0, 0, 0, 0, 0, 0, 0, 0, 0, 0, 0, 0, 0, 0, 0, 0, 0, 0, 0, 0, 0, 0, 0, 0, 0, 0, 0, 0, 0, 0, 0, 0, 0, 0, 0, 0, 0, 0, 0, 0, 0, 0, 0, 0, 0, 0, 0, 0, 0, 0, 0, 0, 0, 0, 0, 0, 0, 0, 0, 0, 0, 0, 0, 0, 0, 0, 0, 0, 0, 0, 0, 0, 0, 0, 0, 0, 0, 0, 0, 0, 0, 0, 0, 0, 0, 0, 0, 0, 0, 0, 0, 0, 0, 0, 0, 0, 0, 0, 0, 0, 0, 0, 0, 0, 0, 0, 0, 0, 0, 0, 0, 0, 0, 0, 0, 0, 0, 0, 0, 0, 0, 0, 0, 0, 0, 0, 0, 0, 0, 0, 0, 0, 0, 0, 0, 0, 0, 0, 0, 0, 0, 0, 0, 0, 0, 0, 0, 0, 0, 0, 0, 0, 0, 0, 0, 0, 0, 0, 0, 0, 0, 0, 0, 0, 0, 0, 0, 0, 0, 0, 0, 0, 0, 0, 0, 0, 0, 0, 0, 0, 0, 0, 0, 0, 0, 0, 0, 0, 0, 0, 0, 0, 0, 0, 0, 0, 0, 0, 0, 0, 0, 0, 0, 0, 0, 0, 0, 0, 0, 0, 0, 0, 0, 0, 0, 0, 0, 0, 0, 0, 0, 0, 0, 0, 0, 0, 0, 0, 0, 0, 0, 0, 0, 0, 0, 0, 0, 0, 0, 0, 0, 0, 0, 0, 0, 0, 0, 0, 0, 0, 0, 0, 0, 0, 0, 0, 0, 0, 0, 0, 0, 0, 0, 0, 0, 0, 0, 0, 0, 0, 0, 0, 0, 0, 0, 0, 0, 0, 0, 0, 0, 0, 0, 0, 0, 0, 0, 0, 0, 0, 0, 0, 0, 0, 0, 0, 0, 0, 0, 0, 0, 0, 0, 0, 0, 0, 0, 0, 0, 0, 0, 0, 0, 0, 0, 0, 0, 0, 0, 0, 0, 0, 0, 0, 0, 0, 0, 0, 0, 0, 0, 0, 0, 0, 0, 0, 0, 0, 0, 0, 0, 0, 0, 0, 0, 0, 0, 0, 0, 0, 0, 0, 0, 0, 0, 0, 0, 0, 0, 0, 0, 0, 0, 0, 0, 0, 0, 0, 0, 0, 0, 0, 0, 0, 0, 0, 0, 0, 0, 0, 0, 0, 0, 0, 0, 0, 0, 0, 0, 0, 0, 0, 0, 0, 0, 0, 0, 0, 0, 0, 0, 0, 0, 0, 0, 0, 0, 0, 0, 0, 0, 0, 0, 0, 0, 0, 0, 0, 0, 0, 0, 0, 0, 0, 0, 0, 0, 0, 0, 0, 0, 0, 0, 0, 0, 0, 0, 0, 0, 0, 0, 0, 0, 0, 0, 0, 0, 0, 0, 0, 0, 0, 0, 0, 0, 0, 0, 0, 0, 0, 0, 0, 0, 0, 0, 0, 0, 0, 0, 0, 0, 0, 0, 0, 0, 0, 0, 0, 0, 0, 0, 0, 0, 0, 0, 0, 0, 0, 0, 0, 0, 0, 0, 0, 0, 0, 0, 0, 0, 0, 0, 0, 0, 0, 0, 0, 0, 0, 0, 0, 0, 0, 0, 0, 0, 0, 0, 0, 0, 0, 0, 0, 0, 0, 0, 0, 0, 0, 0, 0, 0, 0, 0, 0, 0, 0, 0, 0, 0, 0, 0, 0, 0, 0, 0, 0, 0, 0, 0, 0, 0, 0, 0, 0, 0, 0, 0, 0, 0, 0, 0, 0, 0, 0, 0, 0, 0, 0, 0, 0, 0, 0, 0, 0, 0, 0, 0, 0, 0, 0, 0, 0, 0, 0, 0, 0, 0, 0, 0, 0, 0, 0, 0, 0, 0, 0, 0, 0, 0, 0, 0, 0, 0, 0, 0, 0, 0, 0, 0, 0, 0, 0, 0, 0, 0, 0, 0, 0, 0, 0, 0, 0, 0, 0, 0, 0, 0, 0, 0, 0, 0, 0, 0, 0, 0, 0, 0, 0, 0, 0, 0, 0, 0, 0, 0, 0, 0, 0, 0, 0, 0, 0, 0, 0, 0, 0, 0, 0, 0, 0, 0, 0, 0, 0, 0, 0, 0, 0, 0, 0, 0, 0, 0, 0, 0, 0, 0, 0, 0, 0, 0, 0, 0, 0, 0, 0, 0, 0, 0, 0, 0, 0, 0, 0, 0, 0, 0, 0, 0, 0, 0, 0, 0, 0, 0, 0, 0, 0, 0, 0, 0, 0, 0, 0, 0, 0, 0, 0, 0, 0, 0, 0, 0, 0, 0, 0, 0, 0, 0, 0, 0, 0, 0, 0, 0, 0, 0, 0, 0, 0, 0, 0, 0, 0, 0, 0, 0, 0, 0, 0, 0, 0, 0, 0, 0, 0, 0, 0, 0, 0, 0, 0, 0, 0, 0, 0, 0, 0, 0, 0, 0, 0, 0, 0, 0, 0, 0, 0, 0, 0, 0, 0, 0, 0, 0, 0, 0, 0, 0, 0, 0, 0, 0, 0, 0, 0, 0, 0, 0, 0, 0, 0, 0, 0, 0, 0, 0, 0, 0, 0, 0, 0, 0, 0, 0, 0, 0, 0, 0, 0, 0, 0, 0, 0, 0, 0, 0, 0, 0, 0, 0, 0, 0, 0, 0, 0, 0, 0, 0, 0, 0, 0, 0, 0, 0, 0, 0, 0, 0, 0, 0, 0, 0, 0, 0, 0, 0, 0, 0, 0, 0, 0, 0, 0, 0, 0, 0, 0, 0, 0, 0, 0, 0, 0, 0, 0, 0, 0, 0, 0, 0, 0, 0, 0, 0, 0, 0, 0, 0, 0, 0, 0, 0, 0, 0, 0, 0, 0, 0, 0, 0, 0, 0, 0, 0, 0, 0, 0, 0, 0, 0, 0, 0, 0, 0, 0, 0, 0, 0, 0, 0, 0, 0, 0, 0, 0, 0, 0, 0, 0, 0, 0, 0, 0, 0, 0, 0, 0, 0, 0, 0, 0, 0, 0, 0, 0, 0, 0, 0, 0, 0, 0, 0, 0, 0, 0, 0, 0, 0, 0, 0, 0, 0, 0, 0, 0, 0, 0, 0, 0, 0, 0, 0, 0, 0, 0, 0, 0, 0, 0, 0, 0, 0, 0, 0, 0, 0, 0, 0, 0, 0, 0, 0, 0, 0, 0, 0, 0, 0, 0, 0, 0, 0, 0, 0, 0, 0, 0, 0, 0, 0, 0, 0, 0, 0, 0, 0, 0, 0, 0, 0, 0, 0, 0, 0, 0, 0, 0, 0, 0, 0, 0, 0, 0, 0, 0, 0, 0, 0, 0, 0, 0, 0, 0, 0, 0, 0, 0, 0, 0, 0, 0, 0, 0, 0, 0, 0, 0, 0, 0, 0, 0, 0, 0, 0, 0, 0, 0, 0, 0, 0, 0, 0, 0, 0, 0, 0, 0, 0, 0, 0, 0, 0, 0, 0, 0, 0, 0, 0, 0, 0, 0, 0, 0, 0, 0, 0, 0, 0, 0, 0, 0, 0, 0, 0, 0, 0, 0, 0, 0, 0, 0, 0, 0, 0, 0, 0, 0, 0, 0, 0, 0, 0, 0, 0, 0, 0, 0, 0, 0, 0, 0, 0, 0, 0, 0, 0, 0, 0, 0, 0, 0, 0, 0, 0, 0, 0, 0, 0, 0, 0, 0, 0, 0, 0, 0, 0, 0, 0, 0, 0, 0, 0, 0, 0, 0, 0, 0, 0, 0, 0, 0, 0, 0, 0, 0, 0, 0, 0, 0, 0, 0, 0, 0, 0, 0, 0, 0, 0, 0, 0, 0, 0, 0, 0, 0, 0, 0, 0, 0, 0, 0, 0, 0, 0, 0, 0, 0, 0, 0, 0, 0, 0, 0, 0, 0, 0, 0, 0, 0, 0, 0, 0, 0, 0, 0, 0, 0, 0, 0, 0, 0, 0, 0, 0, 0, 0, 0, 0, 0, 0, 0, 0, 0, 0, 0, 0, 0, 0, 0, 0, 0, 0, 0, 0, 0, 0, 0, 0, 0, 0, 0, 0, 0, 0, 0, 0, 0, 0, 0, 0, 0, 0, 0, 0, 0, 0, 0, 0, 0, 0, 0, 0, 0, 0, 0, 0, 0, 0, 0, 0, 0, 0, 0, 0, 0, 0, 0, 0, 0, 0, 0, 0, 0, 0, 0, 0, 0, 0, 0, 0, 0, 0, 0, 0, 0, 0, 0, 0, 0, 0, 0, 0, 0, 0, 0, 0, 0, 0, 0, 0, 0, 0, 0, 0, 0, 0, 0, 0, 0, 0, 0, 0, 0, 0, 0, 0, 0, 0, 0, 0, 0, 0, 0, 0, 0, 0, 0, 0, 0, 0, 0, 0, 0, 0, 0, 0, 0, 0, 0, 0, 0, 0, 0, 0, 0, 0, 0, 0, 0, 0, 0, 0, 0, 0, 0, 0, 0, 0, 0, 0, 0, 0, 0, 0, 0, 0, 0, 0, 0, 0, 0, 0, 0, 0, 0, 0, 0, 0, 0, 0, 0, 0, 0, 0, 0, 0, 0, 0, 0, 0, 0, 0, 0, 0, 0, 0, 0, 0, 0, 0, 0, 0, 0, 0, 0, 0, 0, 0, 0, 0, 0, 0, 0, 0, 0, 0, 0, 0, 0, 0, 0, 0, 0, 0, 0, 0, 0, 0, 0, 0, 0, 0, 0, 0, 0, 0, 0, 0, 0, 0, 0, 0, 0, 0, 0, 0, 0, 0, 0, 0, 0, 0, 0, 0, 0, 0, 0, 0, 0, 0, 0, 0, 0, 0, 0, 0, 0, 0, 0, 0, 0, 0, 0, 0, 0, 0, 0, 0, 0, 0, 0, 0, 0, 0, 0, 0, 0, 0, 0, 0, 0, 0, 0, 0, 0, 0, 0, 0, 0, 0, 0, 0, 0, 0, 0, 0, 0, 0, 0, 0, 0, 0, 0, 0, 0, 0, 0, 0, 0, 0, 0, 0, 0, 0, 0, 0, 0, 0, 0, 0, 0, 0, 0, 0, 0, 0, 0, 0, 0, 0, 0, 0, 0, 0, 0, 0, 0, 0, 0, 0, 0, 0, 0, 0, 0, 0, 0, 0, 0, 0, 0, 0, 0, 0, 0, 0, 0, 0, 0, 0, 0, 0, 0, 0, 0, 0, 0, 0, 0, 0, 0, 0, 0, 0, 0, 0, 0, 0, 0, 0, 0, 0, 0, 0, 0, 0, 0, 0, 0, 0, 0, 0, 0, 0, 0, 0, 0, 0, 0, 0, 0, 0, 0, 0, 0, 0, 0, 0, 0, 0, 0, 0, 0, 0, 0, 0, 0, 0, 0, 0, 0, 0, 0, 0, 0, 0, 0, 0, 0, 0, 0, 0, 0, 0, 0, 0, 0, 0, 0, 0, 0, 0, 0, 0, 0, 0, 0, 0, 0, 0, 0, 0, 0, 0, 0, 0, 0, 0, 0, 0, 0, 0, 0, 0, 0, 0, 0, 0, 0, 0, 0, 0, 0, 0, 0, 0, 0, 0, 0, 0, 0, 0, 0, 0, 0, 0, 0, 0, 0, 0, 0, 0, 0, 0, 0, 0, 0, 0, 0, 0, 0, 0, 0, 0, 0, 0, 0, 0, 0, 0, 0, 0, 0, 0, 0, 0, 0, 0, 0, 0, 0, 0, 0, 0, 0, 0, 0, 0, 0, 0, 0, 0, 0, 0, 0, 0, 0, 0, 0, 0, 0, 0, 0, 0, 0, 0, 0, 0, 0, 0, 0, 0, 0, 0, 0, 0, 0, 0, 0, 0, 0, 0, 0, 0, 0, 0, 0, 0, 0, 0, 0, 0, 0, 0, 0, 0, 0, 0, 0, 0, 0, 0, 0, 0, 1, 1, 1, 1, 1, 1, 1, 1, 1, 1, 1, 1, 1, 1, 1, 1, 1, 1, 1, 1, 1, 1, 1, 1, 1, 1, 1, 1, 1, 1, 1, 1, 1, 1, 1, 1, 1, 1, 1, 1, 1, 1, 1, 1, 1, 1, 1, 1, 1, 1, 1, 1, 1, 1, 1, 1, 1, 1, 1, 1, 1, 1, 1, 1, 1, 1, 1, 1, 1, 1, 1, 1, 1, 1, 1, 1, 1, 1, 1, 1, 1, 1, 1, 1, 1, 1, 1, 1, 1, 1, 1, 1, 1, 1, 1, 1, 1, 1, 1, 1, 1, 1, 1, 1, 1, 1, 1, 1, 1, 1, 1, 1, 1, 1, 1, 1, 1, 1, 1, 1, 1, 1, 1, 1, 1, 1, 1, 1, 1, 1, 1, 1, 1, 1, 1, 1, 1, 1, 1, 1, 1, 1, 1, 1, 1, 1, 1, 1, 1, 1, 1, 1, 1, 1, 1, 1, 1, 1, 1, 1, 1, 1, 1, 1, 1, 1, 1, 1, 1, 1, 1, 1, 1, 1, 1, 1, 1, 1, 1, 1, 1, 1, 1, 1, 1, 1, 1, 1, 1, 1, 1, 1, 1, 1, 1, 1, 1, 1, 1, 1, 1, 1, 1, 1, 1, 1, 1, 1, 1, 1, 1, 1, 1, 1, 1, 1, 1, 1, 1, 1, 1, 1, 1, 1, 1, 1, 1, 1, 1, 1, 1, 1, 1, 1, 1, 1, 1, 1, 1, 1, 1, 1, 1, 1, 1, 1, 1, 1, 1, 1, 1, 1, 1, 1, 1, 1, 1, 1, 1, 1, 1, 1, 1, 1, 1, 1, 1, 1, 1, 1, 1, 1, 1, 1, 1, 1, 1, 1, 1, 1, 1, 1, 1, 1, 1, 1, 1, 1, 1, 1, 1, 1, 1, 1, 1, 1, 1, 1, 1, 1, 1, 1, 1, 1, 1, 1, 1, 1, 1, 1, 1, 1, 1, 1, 1, 1, 1, 1, 1, 1, 1, 1, 1, 1, 1, 1, 1, 1, 1, 1, 1, 1, 1, 1, 1, 1, 1, 1, 1, 1, 1, 1, 1, 1, 1, 1, 1, 1, 1, 1, 1, 1, 1, 1, 1, 1, 1, 1, 1, 1, 1, 1, 1, 1, 1, 1, 1, 1, 1, 1, 1, 1, 1, 1, 1, 1, 1, 1, 1, 1, 1, 1, 1, 1, 1, 1, 1, 1, 1, 1, 1, 1, 1, 1, 1, 1, 1, 1, 1, 1, 1, 1, 1, 1, 1, 1, 1, 1, 1, 1, 1, 1, 1, 1, 1, 1, 1, 1, 1, 1, 1, 1, 1, 1, 1, 1, 1, 1, 1, 1, 1, 1, 1, 1, 1, 1, 1, 1, 1, 1, 1, 1, 1, 1, 1, 1, 1, 1, 1, 1, 1, 1, 1, 1, 1, 1, 1, 1, 1, 1, 1, 1, 1, 1, 1, 1, 1, 1, 1, 1, 1, 1, 1, 1, 1, 1, 1, 1, 1, 1, 1, 1, 1, 1, 1, 1, 1, 1, 1, 1, 1, 1, 1, 1, 1, 1, 1, 1, 1, 1, 1, 1, 1, 1, 1, 1, 1, 1, 1, 1, 1, 1, 1, 1, 1, 1, 1, 1, 1, 1, 1, 1, 1, 1, 1, 1, 1, 1, 1, 1, 1, 1, 1, 1, 1, 1, 1, 1, 1, 1, 1, 1, 1, 1, 1, 1, 1, 1, 1, 1, 1, 1, 1, 1, 1, 1, 1, 1, 1, 1, 1, 1, 1, 1, 1, 1, 1, 1, 1, 1, 1, 1, 1, 1, 1, 1, 1, 1, 1, 1, 1, 1, 1, 1, 1, 1, 1, 1, 1, 1, 1, 1, 1, 1, 1, 1, 1, 1, 1, 1, 1, 1, 1, 1, 1, 1, 1, 1, 1, 1, 1, 1, 1, 1, 1, 1, 1, 1, 1, 1, 1, 1, 1, 1, 1, 1, 1, 1, 1, 1, 1, 1, 1, 1, 1, 1, 1, 1, 1, 1, 1, 1, 1, 1, 1, 1, 1, 1, 1, 1, 1, 1, 1, 1, 1, 1, 1, 1, 1, 1, 1, 1, 1, 1, 1, 1, 1, 1, 1, 1, 1, 1, 1, 1, 1, 1, 1, 1, 1, 1, 1, 1, 1, 1, 1, 1, 1, 1, 1, 1, 1, 1, 1, 1, 1, 1, 1, 1, 1, 1, 1, 1, 1, 1, 1, 1, 1, 1, 1, 1, 1, 1, 1, 1, 1, 1, 1, 1, 1, 1, 1, 1, 1, 1, 1, 1, 1, 1, 1, 1, 1, 1, 1, 1, 1, 1, 1, 1, 1, 1, 1, 1, 1, 1, 1, 1, 1, 1, 1, 1, 1, 1, 1, 1, 1, 1, 1, 1, 1, 1, 1, 1, 1, 1, 1, 1, 1, 1, 1, 1, 1, 1, 1, 1, 1, 1, 1, 1, 1, 1, 1, 1, 1, 1, 1, 1, 1, 1, 1, 1, 1, 1, 1, 1, 1, 1, 1, 1, 1, 1, 1, 1, 1, 1, 1, 1, 1, 1, 1, 1, 1, 1, 1, 1, 1, 1, 1, 1, 1, 1, 1, 1, 1, 1, 1, 1, 1, 1, 1, 1, 1, 1, 1, 1, 1, 1, 1, 1, 1, 1, 1, 1, 1, 1, 1, 1, 1, 1, 1, 1, 1, 1, 1, 1, 1, 1, 1, 1, 1, 1, 1, 1, 1, 1, 1, 1, 1, 1, 1, 1, 1, 1, 1, 1, 1, 1, 1, 1, 1, 1, 1, 1, 1, 1, 1, 1, 1, 1, 1, 1, 1, 1, 1, 1, 1, 1, 1, 1, 1, 1, 1, 1, 1, 1, 1, 1, 1, 1, 1, 1, 1, 1, 1, 1, 1, 1, 1, 1, 1, 1, 1, 1, 1, 1, 1, 1, 1, 1, 1, 1, 1, 1, 1, 1, 1, 1, 1, 1, 1, 1, 1, 1, 1, 1, 1, 1, 1, 1, 1, 1, 1, 1, 1, 1, 1, 1, 1, 1, 1, 1, 1, 1, 1, 1, 1, 1, 1, 1, 1, 1, 1, 1, 1, 1, 1, 1, 1, 1, 1, 1, 1, 1, 1, 1, 1, 1, 1, 1, 1, 1, 1, 1, 1, 1, 1, 1, 1, 1, 1, 1, 1, 1, 1, 1, 1, 1, 1, 1, 1, 1, 1, 1, 1, 1, 1, 1, 1, 1, 1, 1, 1, 1, 1, 1, 1, 1, 1, 1, 1, 1, 1, 1, 1, 1, 1, 1, 1, 1, 1, 1, 1, 1, 1, 1, 1, 1, 1, 1, 1, 1, 1, 1, 1, 1, 1, 1, 1, 1, 1, 1, 1, 1, 1, 1, 1, 1, 1, 1, 1, 1, 1, 1, 1, 1, 1, 1, 1, 1, 1, 1, 1, 1, 1, 1, 1, 1, 1, 1, 1, 1, 1, 1, 1, 1, 1, 1, 1, 1, 1, 1, 1, 1, 1, 1, 1, 1, 1, 1, 1, 1, 1, 1, 1, 1, 1, 1, 1, 1, 1, 1, 1, 1, 1, 1, 1, 1, 1, 1, 1, 1, 1, 1, 1, 1, 1, 1, 1, 1, 1, 1, 1, 1, 1, 1, 1, 1, 1, 1, 1, 1, 1, 1, 1, 1, 1, 1, 1, 1, 1, 1, 1, 1, 1, 1, 1, 1, 1, 1, 1, 1, 1, 1, 1, 1, 1, 1, 1, 1, 1, 1, 1, 1, 1, 1, 1, 1, 1, 1, 1, 1, 1, 1, 1, 1, 1, 1, 1, 1, 1, 1, 1, 1, 1, 1, 1, 1, 1, 1, 1, 1, 1, 1, 1, 1, 1, 1, 1, 1, 1, 1, 1, 1, 1, 1, 1, 1, 1, 1, 1, 1, 1, 1, 1, 1, 1, 1, 1, 1, 1, 1, 1, 1, 1, 1, 1, 1, 1, 1, 1, 1, 1, 1, 1, 1, 1, 1, 1, 1, 1, 1, 1, 1, 1, 1, 1, 1, 1, 1, 1, 1, 1, 1, 1, 1, 1, 1, 1, 1, 1, 1, 1, 1, 1, 1, 1, 1, 1, 1, 1, 1, 1, 1, 1, 1, 1, 1, 1, 1, 1, 1, 1, 1, 1, 1, 1, 1, 1, 1, 1, 1, 1, 1, 1, 1, 1, 1, 1, 1, 1, 1, 1, 1, 1, 1, 1, 1, 1, 1, 1, 1, 1, 1, 1, 1, 1, 1, 1, 1, 1, 1, 1, 1, 1, 1, 1, 1, 1, 1, 1, 1, 1, 1, 1, 1, 1, 1, 1, 1, 1, 1, 1, 1, 1, 1, 1, 1, 1, 1, 1, 1, 1, 1, 1, 1, 1, 1, 1, 1, 1, 1, 1, 1, 1, 1, 1, 1, 1, 1, 1, 1, 1, 1, 1, 1, 1, 1, 1, 1, 1, 1, 1, 1, 1, 1, 1, 1, 1, 1, 1, 1, 1, 1, 1, 1, 1, 1, 1, 1, 1, 1, 1, 1, 1, 1, 1, 1, 1, 1, 1, 1, 1, 1, 1, 1, 1, 1, 1, 1, 1, 1, 1, 1, 1, 1, 1, 1, 1, 1, 1, 1, 1, 1, 1, 1, 1, 1, 1, 1, 1, 1, 1, 1, 1, 1, 1, 1, 1, 1, 1, 1, 1, 1, 1, 1, 1, 1, 1, 1, 1, 1, 1, 1, 1, 1, 1, 1, 1, 1, 1, 1, 1, 1, 1, 1, 1, 1, 1, 1, 1, 1, 1, 1, 1, 1, 1, 1, 1, 1, 1, 1, 1, 1, 1, 1, 1, 1, 1, 1, 1, 1, 1, 1, 1, 1, 1, 1, 1, 1, 1, 1, 1, 1, 1, 1, 1, 1, 1, 1, 1, 1, 1, 1, 1, 1, 1, 1, 1, 1, 1, 1, 1, 1, 1, 1, 1, 1, 1, 1, 1, 1, 1, 1, 1, 1, 1, 1, 1, 1, 1, 1, 1, 1, 1, 1, 1, 1, 1, 1, 1, 1, 1, 1, 1, 1, 1, 1, 1, 1, 1, 1, 1, 1, 1, 1, 1, 1, 1, 1, 1, 1, 1, 1, 1, 1, 1, 1, 1, 1, 1, 1, 1, 1, 1, 1, 1, 1, 1, 1, 1, 1, 1, 1, 1, 1, 1, 1, 1, 1, 1, 1, 1, 1, 1, 1, 1, 1, 1, 1, 1, 1, 1, 1, 1, 1, 1, 1, 1, 1, 1, 1, 1, 1, 1, 1, 1, 1, 1, 1, 1, 1, 1, 1, 1, 1, 1, 1, 1, 1, 1, 1, 1, 1, 1, 1, 1, 1, 1, 1, 1, 1, 1, 1, 1, 1, 1, 1, 1, 1, 1, 1, 1, 1, 1, 1, 1, 1, 1, 1, 1, 1, 1, 1, 1, 1, 1, 1, 1, 1, 1, 1, 1, 1, 1, 1, 1, 1, 1, 1, 1, 1, 1, 1, 1, 1, 1, 1, 1, 1, 1, 1, 1, 1, 1, 1, 1, 1, 1, 1, 1, 1, 1, 1, 1, 1, 1, 1, 1, 1, 1, 1, 1, 1, 1, 1, 1, 1, 1, 1, 1, 1, 1, 1, 1, 1, 1, 1, 1, 1, 1, 1, 1, 1, 1, 1, 1, 1, 1, 1, 1, 1, 1, 1, 1, 1, 1, 1, 1, 1, 1, 1, 1, 1, 1, 1, 1, 1, 1, 1, 1, 1, 1, 1, 1, 1, 1, 1, 1, 1, 1, 1, 1, 1, 1, 1, 1, 1, 1, 1, 1, 1, 1, 1, 1, 1, 1, 1, 1, 1, 1, 1, 1, 1, 1, 1, 1, 1, 1, 1, 1, 1, 1, 1, 1, 1, 1, 1, 1, 1, 1, 1, 1, 1, 1, 1, 1, 1, 1, 1, 1, 1, 1, 1, 1, 1, 1, 1, 1, 1, 1, 1, 1, 1, 1, 1, 1, 1, 1, 1, 1, 1, 1, 1, 1, 1, 1, 1, 1, 1, 1, 1, 1, 1, 1, 1, 1, 1, 1, 1, 1, 1, 1, 1, 1, 1, 1, 1, 1, 1, 1, 1, 1, 1, 1, 1, 1, 1, 1, 1, 1, 1, 1, 1, 1, 1, 1, 1, 1, 1, 1, 1, 1, 1, 1, 1, 1, 1, 1, 1, 1, 1, 1, 1, 1, 1, 1, 1, 1, 1, 1, 1, 1, 1, 1, 1, 1, 1, 1, 1, 1, 1, 1, 1, 1, 1, 1, 1, 1, 1, 1, 1, 1, 1, 1, 1, 1, 1, 1, 1, 1, 1, 1, 1, 1, 1, 1, 1, 1, 1, 1, 1, 1, 1, 1, 1, 1, 1, 1, 1, 1, 1, 1, 1, 1, 1, 1, 1, 1, 1, 1, 1, 1, 1, 1, 1, 1, 1, 1, 1, 1, 1, 1, 1, 1, 1, 1, 1, 1, 1, 1, 1, 1, 1, 1, 1, 1, 1, 1, 1, 1, 1, 1, 1, 1, 1, 1, 1, 1, 1, 1, 1, 1, 1, 1, 1, 1, 1, 1, 1, 1, 1, 1, 1, 1, 1, 1, 1, 1, 1, 1, 1, 1, 1, 1, 1, 1, 1, 1, 1, 1, 1, 1, 1, 1, 1, 1, 1, 1, 1, 1, 1, 1, 1, 1, 1, 1, 1, 1, 1, 1, 1, 1, 1, 1, 1, 1, 1, 1, 1, 1, 1, 1, 1, 1, 1, 1, 1, 1, 1, 1, 1, 1, 1, 1, 1, 1, 1, 1, 1, 1, 1, 1, 1, 1, 1, 1, 1, 1, 1, 1, 1, 1, 1, 1, 1, 1, 1, 1, 1, 1, 1, 1, 1, 1, 1, 1, 1, 1, 1, 1, 1, 1, 1, 1, 1, 1, 1, 1, 1, 1, 1, 1, 1, 1, 1, 1, 1, 1, 1, 1, 1, 1, 1, 1, 1, 1, 1, 1, 1, 1, 1, 1, 1, 1, 1, 1, 1, 1, 1, 1, 1, 1, 1, 1, 1, 1, 1, 1, 1, 1, 1, 1, 1, 1, 1, 1, 1, 1, 1, 1, 1, 1, 1, 1, 1, 1, 1, 1, 1, 1, 1, 1, 1, 1, 1, 1, 1, 1, 1, 1, 1, 1, 1, 1, 1, 1, 1, 1, 1, 1, 1, 1, 1, 1, 1, 1, 1, 1, 1, 1, 1, 1, 1, 1, 1, 1, 1, 1, 1, 1, 1, 1, 1, 1, 1, 1, 1, 1, 1, 1, 1, 1, 1, 1, 1, 1, 1, 1, 1, 1, 1, 1, 1, 1, 1, 1, 1, 1, 1, 1, 1, 1, 1, 1, 1, 1, 1, 1, 1, 1, 1, 1, 1, 1, 1, 1, 1, 1, 1, 1, 1, 1, 1, 1, 1, 1, 1, 1, 1, 1, 1, 1, 1, 1, 1, 1, 1, 1, 1, 1, 1, 1, 1, 1, 1, 1, 1, 1, 1, 1, 1, 1, 1, 1, 1, 1, 1, 1, 1, 1, 1, 1, 1, 1, 1, 1, 1, 1, 1, 1, 1, 1, 1, 1, 1, 1, 1, 1, 1, 1, 1, 1, 1, 1, 1, 1, 1, 1, 1, 1, 1, 1, 1, 1, 1, 1, 1, 1, 1, 1, 1, 1, 1, 1, 1, 1, 1, 1, 1, 1, 1, 1, 1, 1, 1, 1, 1, 1, 1, 1, 1, 1, 1, 1, 1, 1, 1, 1, 1, 1, 1, 1, 1, 1, 1, 1, 1, 1, 1, 1, 1, 1, 1, 1, 1, 1, 1, 1, 1, 1, 1, 1, 1, 1, 1, 1, 1, 1, 1, 1, 1, 1, 1, 1, 1, 1, 1, 1, 1, 1, 1, 1, 1, 1, 1, 1, 1, 1, 1, 1, 1, 1, 1, 1, 1, 1, 1, 1, 1, 1, 1, 1, 1, 1, 1, 1, 1, 1, 1, 1, 1]