0 97 236 302 
1 
2 212 224 
3 49 113 
4 247 
5 22 
6 129 176 204 221 
7 44 187 
8 
9 47 
10 88 154 
11 146 173 
12 178 
13 
14 
15 
16 67 188 
17 
18 194 
19 161 
20 165 
21 88 134 
22 143 
23 238 
24 68 150 
25 36 52 160 249 
26 
27 155 184 
28 238 
29 
30 34 44 
31 
32 198 
33 133 
34 164 317 
35 214 
36 149 375 
37 67 430 
38 194 
39 94 
40 77 160 
41 241 
42 85 226 
43 165 
44 105 219 
45 
46 83 
47 85 
48 88 340 
49 213 248 490 
50 
51 490 
52 
53 124 
54 
55 247 
56 
57 
58 141 
59 272 
60 86 
61 66 228 236 
62 
63 203 
64 104 
65 
66 216 
67 
68 
69 232 
70 
71 206 
72 218 
73 112 190 
74 
75 
76 177 231 
77 152 160 
78 228 336 
79 172 
80 232 
81 491 
82 
83 
84 96 176 
85 
86 167 178 
87 103 
88 
89 
90 213 
91 240 
92 
93 
94 122 154 
95 118 
96 
97 
98 225 
99 
100 216 218 
101 254 
102 133 
103 168 
104 243 
105 140 216 
106 246 
107 194 
108 
109 230 
110 
111 276 
112 136 176 
113 
114 213 246 
115 215 
116 150 217 323 
117 169 201 
118 135 
119 172 
120 128 
121 
122 
123 144 
124 
125 242 
126 
127 
128 215 
129 
130 192 
131 
132 213 
133 
134 
135 196 
136 157 171 425 
137 
138 231 239 
139 
140 141 
141 
142 194 
143 
144 
145 
146 231 
147 203 232 
148 
149 323 
150 
151 
152 187 
153 
154 231 
155 227 
156 215 
157 
158 
159 215 
160 246 365 402 
161 
162 243 245 
163 236 
164 408 
165 264 
166 173 
167 355 
168 
169 171 336 
170 
171 186 
172 
173 245 
174 
175 
176 
177 181 
178 
179 214 
180 
181 318 
182 
183 283 
184 
185 206 
186 
187 
188 
189 
190 
191 
192 
193 223 
194 196 235 
195 454 
196 
197 232 
198 242 326 
199 422 423 
200 
201 226 
202 217 230 446 
203 250 
204 227 
205 
206 
207 
208 
209 
210 
211 
212 
213 238 
214 241 
215 
216 
217 
218 
219 
220 238 
221 
222 247 
223 
224 
225 
226 
227 
228 
229 
230 
231 
232 
233 
234 
235 237 
236 
237 
238 
239 275 
240 247 
241 
242 
243 326 
244 
245 
246 
247 
248 
249 
250 
251 463 
252 358 497 
253 397 
254 395 491 
255 292 330 384 
256 
257 400 449 
258 456 
259 325 
260 281 
261 357 395 
262 
263 423 
264 405 
265 347 
266 
267 327 361 
268 414 
269 
270 324 356 452 
271 290 
272 
273 
274 354 
275 383 396 
276 301 
277 
278 423 482 
279 422 436 
280 289 
281 
282 346 475 
283 384 467 
284 495 
285 
286 337 358 
287 
288 472 
289 
290 377 
291 
292 352 469 495 
293 339 
294 314 380 416 
295 
296 333 365 444 
297 
298 300 
299 
300 
301 
302 
303 422 
304 
305 
306 
307 
308 497 
309 407 
310 363 446 
311 
312 442 
313 
314 381 
315 367 475 
316 473 
317 
318 
319 
320 326 407 
321 362 
322 335 
323 357 445 455 
324 360 438 488 
325 394 396 408 474 484 
326 
327 328 
328 369 488 
329 382 390 
330 
331 
332 398 
333 361 
334 
335 435 
336 
337 430 
338 368 429 441 471 
339 
340 
341 437 
342 
343 
344 351 352 401 
345 446 
346 368 
347 384 400 454 
348 
349 
350 474 
351 
352 
353 
354 
355 
356 438 
357 
358 
359 387 
360 
361 
362 421 
363 440 
364 399 
365 495 
366 
367 
368 379 455 
369 389 449 
370 
371 
372 396 
373 414 469 475 
374 
375 
376 
377 413 
378 
379 
380 
381 
382 460 477 
383 479 
384 405 
385 397 
386 
387 398 486 
388 469 
389 
390 410 
391 
392 
393 
394 
395 
396 443 
397 482 
398 442 
399 462 
400 421 422 
401 421 
402 415 
403 
404 
405 467 
406 
407 417 
408 461 
409 447 
410 
411 428 
412 494 
413 419 
414 439 
415 
416 423 
417 449 499 
418 464 
419 
420 
421 480 
422 
423 
424 
425 
426 
427 466 
428 476 
429 
430 
431 
432 
433 
434 490 
435 
436 473 
437 
438 
439 487 
440 
441 452 
442 480 482 
443 
444 
445 
446 
447 
448 475 
449 
450 
451 
452 498 
453 
454 
455 
456 
457 494 
458 
459 
460 
461 
462 
463 
464 
465 
466 
467 
468 
469 
470 
471 
472 
473 
474 
475 
476 
477 
478 
479 
480 
481 
482 
483 
484 
485 
486 
487 
488 
489 
490 
491 
492 
493 
494 
495 
496 
497 
498 
499 
[0, 0, 0, 0, 0, 0, 0, 0, 0, 0, 0, 0, 0, 0, 0, 0, 0, 0, 0, 0, 0, 0, 0, 0, 0, 0, 0, 0, 0, 0, 0, 0, 0, 0, 0, 0, 0, 0, 0, 0, 0, 0, 0, 0, 0, 0, 0, 0, 0, 0, 0, 0, 0, 0, 0, 0, 0, 0, 0, 0, 0, 0, 0, 0, 0, 0, 0, 0, 0, 0, 0, 0, 0, 0, 0, 0, 0, 0, 0, 0, 0, 0, 0, 0, 0, 0, 0, 0, 0, 0, 0, 0, 0, 0, 0, 0, 0, 0, 0, 0, 0, 0, 0, 0, 0, 0, 0, 0, 0, 0, 0, 0, 0, 0, 0, 0, 0, 0, 0, 0, 0, 0, 0, 0, 0, 0, 0, 0, 0, 0, 0, 0, 0, 0, 0, 0, 0, 0, 0, 0, 0, 0, 0, 0, 0, 0, 0, 0, 0, 0, 0, 0, 0, 0, 0, 0, 0, 0, 0, 0, 0, 0, 0, 0, 0, 0, 0, 0, 0, 0, 0, 0, 0, 0, 0, 0, 0, 0, 0, 0, 0, 0, 0, 0, 0, 0, 0, 0, 0, 0, 0, 0, 0, 0, 0, 0, 0, 0, 0, 0, 0, 0, 0, 0, 0, 0, 0, 0, 0, 0, 0, 0, 0, 0, 0, 0, 0, 0, 0, 0, 0, 0, 0, 0, 0, 0, 0, 0, 0, 0, 0, 0, 0, 0, 0, 0, 0, 0, 0, 0, 0, 0, 0, 0, 0, 0, 0, 0, 0, 0, 1, 1, 1, 1, 1, 1, 1, 1, 1, 1, 1, 1, 1, 1, 1, 1, 1, 1, 1, 1, 1, 1, 1, 1, 1, 1, 1, 1, 1, 1, 1, 1, 1, 1, 1, 1, 1, 1, 1, 1, 1, 1, 1, 1, 1, 1, 1, 1, 1, 1, 1, 1, 1, 1, 1, 1, 1, 1, 1, 1, 1, 1, 1, 1, 1, 1, 1, 1, 1, 1, 1, 1, 1, 1, 1, 1, 1, 1, 1, 1, 1, 1, 1, 1, 1, 1, 1, 1, 1, 1, 1, 1, 1, 1, 1, 1, 1, 1, 1, 1, 1, 1, 1, 1, 1, 1, 1, 1, 1, 1, 1, 1, 1, 1, 1, 1, 1, 1, 1, 1, 1, 1, 1, 1, 1, 1, 1, 1, 1, 1, 1, 1, 1, 1, 1, 1, 1, 1, 1, 1, 1, 1, 1, 1, 1, 1, 1, 1, 1, 1, 1, 1, 1, 1, 1, 1, 1, 1, 1, 1, 1, 1, 1, 1, 1, 1, 1, 1, 1, 1, 1, 1, 1, 1, 1, 1, 1, 1, 1, 1, 1, 1, 1, 1, 1, 1, 1, 1, 1, 1, 1, 1, 1, 1, 1, 1, 1, 1, 1, 1, 1, 1, 1, 1, 1, 1, 1, 1, 1, 1, 1, 1, 1, 1, 1, 1, 1, 1, 1, 1, 1, 1, 1, 1, 1, 1, 1, 1, 1, 1, 1, 1, 1, 1, 1, 1, 1, 1, 1, 1, 1, 1, 1, 1, 1, 1, 1, 1, 1, 1]