#/home/brian/Documents/summer17/Python/VEC/scripts/make_SBM_graphs.py
# GMT Thu Jul 27 21:52:13 2017
# 
0 304 334 362 12 237 270 176 337 436 405 126
1 458 97 71 168 74 242 470 57 157
2 386 453 39 458 327 50 313 217 156 63
3 38 135 106 391 79 182 60 381
4 299 389 10 403 406 153 32 422 298 171 438 439 312 186 62 66 219 354 359 236 499 122 127
5 64 194 453 6 489 274 174 111 273 82 23 474 383 351
6 193 290 263 296 489 18 435 245 121 349 133
7 256 480 66 69 423 488 170 264 184 473 220 222
8 64 291 229 430 336 306 51 340 110 345 313 245
9 74 139 76 397 13 370 475
10 289 66 197 263 392 362 49 307 244 357 60 426 95
11 115 388 358 169 362 237 302 466 83 476
12 256 451 69 486 423 360 73 108 142 79 273 19 84 118
13 96 99 336 211 52 149 22
14 128 160 425 435 86 282 63
15 272 263 29 333
16 483 328 87 104 277 279 445
17 224 97 392 489 139 492 398 318 30 342 183 57 26 94
18 129 70 488 453 174 375 411 188 126 479
19 289 451 401 173 184 83 52 53 216 217 92 277
20 162 36 300 210 182 126
21 290 99 137 398 207 305 82 227 313 89
22 96 291 454 263 138 139 141 208 447
23 132 363 364 301 113 51 85 219 156 382
24 385 482 34 133 488 169 330 364 365 398 207 402 151 344 411 475 261
25 160 391 203 428 143 467 244
26 352 162 136 41 331 63 463 496 340 341 118 219 319
27 64 142 463 466 51 85 342 431
28 456 441 190 159
29 374 63 278 39 233 491 398 341 342 183 217 218 119 92 351
30 290 294 70 305 275 63 427 172 174 339 217 351 296 319
31 256 288 485 102 328 173 302 211 212 282
32 100 310 389 166 428 234 43 140 306 115 126 438 260 347 362 62 426
33 194 100 497 425 106 78 208 337 148 478 279 152 244 187 426 414
34 161 386 69 74 491 290 110 81 121 218 286
35 192 160 36 165 464 49 196 220 126
36 480 193 236 208 145 67 404 478 184 315 412 222 191
37 193 310 38 358 104 457 400 273 83 244 406 56 347 445 254 383
38 225 321 457 170 79 178 179 469 122
39 168 80 55
40 388 485 199 424 169 108 144 49 210 148 472 84 410 381
41 162 131 331 268 323 149 156
42 70 331 172 237 431 250 378
43 225 260 209 115 277 377 155 254
44 128 473 485 138 331 237 111 122 438 87 281 314 252 186 414
45 449 182 199 366 403 310
46 130 234 75 226 237 241 468 470 215 348
47 416 198 295 112 344 125
48 192 96 387 51 227 74 397 272 352 242 211 85 63 309
49 470 422 241 396 61 175 465 419 212 117 406 87 409 380 232 222 52
50 352 484 209 239 113 214 120 250 413
51 417 131 486 379 266 119 141 398 365 498 211 447 55 255
52 289 310 389 167 54 265 205 182 143 252 446 357
53 129 291 161 297 74 444 190
54 485 390 103 489 362 238 303 400 401 338 277 406 73 56 84 287
55 290 134 330 396 335 336 84 149 474 266 255
56 320 193 299 406 203 142 59 419 468 235 377 347 444 287
57 227 70 489 364 303 157 93 63
58 98 100 328 205 436 405 88 473 186 252 221 62
59 225 450 337 360 106 332 365 399 152 435 279 187
60 226 228 232 363 111 144 338 285 376 220 445
61 256 483 423 328 259 75 147 375 216 380
62 225 487 232 460 462 464 465 153
63 483 329 290 365 157 253 494 190 151 188 341
64 162 379 137 397 207 82 237 93 158
65 352 386 131 452 267 429 343 376 218 183
66 208 98 171 357 75 418 240 145 437 182 473
67 129 324 325 136 489 298 267 368 340 342 92
68 155 388 199 377 410 283
69 102 166 328 366 273 345 287
70 129 162 199 488 396 335 305 180 278 184 219 125
71 250 107 378 158
72 308 295 264 370 467 84 310 185
73 389 428 236 170 145 437 87 473 122 283
74 390 456 81 121 312 441
75 240 483 389 358 108 450 464 338 244 438 215 153
76 323 455 397 430 173 334 245 398 217 219 124
77 289 262 487 328 88 315
78 147 246 275 361 143 403 182 311 452 284
79 98 392 234 299 109 176 241 362 227 310 106
80 224 392 201 365 81 121 150 183 408 89 382
81 385 131 356 327 156 107 429 431 177 466 449 188
82 165 343 491 181 200 458 395 335 151 217 444 85
83 320 304 163 486 423 399 208 241 308 278 281 155 414
84 257 102 300 304 277
85 293 172
86 449 358 170 332 400 115 405 184
87 480 321 363 467 199 203 434 398 465 403 148 437 246 152 345 469
88 98 380 337 281 345 475 220
89 416 290 297 492 306 121
90 288 195 359 104 205 424 210 312 348 477 95
91 448 251 100 197 237 239 241 187 279 315 421
92 224 356 325 119 93 157 339 151 121
93 103 125 341 443 188 317 190
94 192 395 486 327 138 427 364 238 276 174 375 316
95 224 417 195 260 171 240 401 435 472 283 380 222
96 482 489 371 213 297 415
97 352 129 324 392 137 267 178 438 120 474 158
98 448 323 197 102 361 394 171 270 304 370 483 203 143
99 110 165 437 226 330 331 206 362 371 372 150 313 475 316 285 325
100 417 228 358 439 338 269 366 288 384 469 279 160 473 185 127
101 131 392 233 490 397 333 177 183 120 447
102 359 169 459 237 223 111 499 312 155 412
103 292 229 336 305 120 219 476 190 319
104 304 236 339 244 252
105 323 392 457 235 342 343 410
106 256 420 197 401 254 318
107 227 484 324 202 338 217 443 255
108 448 240 299 359 361 205 366 400 281 155
109 482 427 333 496 313 154 156 157
110 395 217 475 476 158
111 384 390 158 409 282 414 296 299 434 308 437 195 460 205 467 475 221 358 360 499
112 417 369 294
113 387 365 275 474 124
114 288 289 483 420 326 193 424 462 448 153 410 223
115 327 462 465 404 439 314 347
116 481 453 294 461 210 120 313 477
117 480 225 418 259 428 142 208 213 349 414
118 448 132 229 486 200 266 427 372 313
119 387 431 339 342 120 350
120 263 290 491 204 379 261
121 375 397 301 307 151 471
122 163 394 171 205 355 311 250 315 170
123 464 153 155 228 493
124 137 431 342 175 286
125 484 134 455 333 280 223
126 182 283
127 389 422 424 457 492 302 308 393 376
128 256 326 167 173 147 469 438 407 189
129 290 201 354 141 463 227 342 248 159
130 201 463 441 250 444
131 482 227 342 385 461 272 336 164
132 192 385 198 295 245 150 313 319
133 386 260 295 266 245 250 158
134 416 490 141 157 145 242
135 160 435 406 281 252 254 287
136 177 154 455
137 386 224 301 343 154 474 158
138 165 294 329 364 177 339 309 297
139 385 490 140 398 146 413
140 430 370 371 188
141 290 161 490 267 238 368 180 151 379
142 260 294 465 310 247 477 277
143 487 425 404 477 240 467 398 310 381
144 358 425 206 437 470 407
145 197 422 424 234 402 245 438 473 345
146 258 227 399 498 245 344
147 450 451 424 348 459 173 377 345 442 252
148 355 420 257 193 273 178 435 152 381 254
149 292 266 461 433 275 245 329 415 479
150 427 180 444 157
151 416 417 484 387 356 389 172 427 364 272 341 158
152 485 169 459 241 243 254
153 169 338 270 337 182 407 446
154 353 365 175 447
155 225 315 358 460 451 400 311 472 164 189 215
156 429 272 350
157 387 164 307 174 498 339 309 249 190
158 161 455 396 175 304 433 398 164 265 381
159 162 324 161 258 245 441 286
160 166 170 209 471 189
161 192 385 331 267 365 339 379
162 365 399 383 319
163 320 260 331 428 173 462 499 213 281 345 215 191
164 417 293 353 392 487 280 218 255
165 386 324 295 392 395 430 475
166 196 390 244 279 230 223
167 321 196 236 205 400 436 405 348 222 287
168 246 372 341 342 191
169 497 417 355 423 399 243 469 314 200
170 358 205 499 244 469 311 254 223
171 449 388
172 227 356 325 351
173 230 226 262 390 357 288
174 387 490 364 229 280 443 351
175 352 248 350
176 416 226 325 424 366 320 276 464 239 382
177 352 292 198 263 396 207 371 456 356 495
178 421 367 409
179 480 449 451 230 360 492 462 432 424 311
180 297 429 238 271 371 303
181 288 482 264 201 397 238 371 375 474
182 326 360 235 254 440 441 191 220
183 489 297 430 495 498 278 343 216 441
184 234 396 401 283 254
185 483 220 460 467 457 252
186 193 485 406 234 399 304 243 469 374 315 252 362
187 452 289 264 425 279 302 436 439 282 477
188 328 364 333 253 236 248 379 380
189 388 421 300 429 213 410
190 416 316 202 397 433 221 351
191 288 257 262 326 394 400 360 467 473
192 295 298 429 305 214 472 319
193 432 354 424 232 464 401 345 346
194 201 365 325
195 246 470 391 425 300 401 406 428 220
196 230 235 497 402 345 442 315 252 414
197 337 209 265 354 430 373 462 409
198 385 386 275 215 218
199 355 235 483 493 328 467 312 260
200 320 451 454 426 279 204 465 235 414 247 308 222
201 327 395 236
202 484 455 267 429 494 242 214
203 321 421 234 279 418 376 310 283 348 298 478
204 490 271 408 476
205 240 483 235 464 210
206 397 455
207 408 336 402 275 372 443
208 394 274 311 472 445
209 289 315 360 460 285 241 451 414 407 251 380 445 318
210 320 244 484 485 294 299 428 403 412
211 496 219
212 291 391 235 239 341 223
213 460 400
214 451 491 343 253
215 228 389 239 401 467 406
216 391 437 379 252
217 458 219 380
218 323 329 458 331 463 498 483 280 412 318
219 268 305 373 249
220 256 438 259 391 300 328 473 381 222
221 448 451 389 454 472
222 352 359 424 499 372 347 446
223 328 300 232 247 281
224 429 398 335 339
225 363 332 419 304 355 436 246 380
226 388 228 262 231 298 359 401 420 347
227 481 268 417 433 233 331
228 449 338 308 472 409 446
229 416 291 325 431 313
230 425 494 241 341 410
231 450 489 247 236 361
232 288 359 289 412 491 247
233 482 488 387 372 255
234 459 326 424 302 471
235 328 485 264 377
236 483 294 391 237 334 304 467 405 446
237 283 465 337 471
238 364 306 343
239 400 425 279 398 468 282 377
240 385 324 424 450 252
241 320 289 264 359
242 287 411 316 479
243 334 273 251
244 486 332 302 424 279
245 284 331 369 408 444 413 350
246 258 434 355 494 310 315
247 418 259 357 361 391 366 347
248 291 397 461 341 342 378 317 373
249 387 271
250 323 274 372 318 383
251 322 348
252 376 328 338 345
253 261 268 396 301 303
254 322 358 328 428 367 400 307 378
255 343 267 392 356 309 484 443 444
256 320 428 288 436 287
257 304 328 493 494 464 499 381
258 385 484 278 452
259 284 302 436 287
260 421 428 442
261 323 425 490 349
262 420 389 394 462
263 416 386 292 267 434 271
264 407
265 420 326 358 366 379
266 484 296 313 316
267 455 488 303 286
268 398 495 369 383 372 415
269 320 354 390 459 338 494 465 466 405 280
270 390 326 285
271 353 476
272 331 339
273 308 349 404 410 284
274 495 286 383
275 416 487 297 378
276 422 359 494 437 409
277 388 424 367 469 407 345 315
278 290 291 456 375 335 466 405 343 382
279 493 400 483 299 410
280 323 460 495 342 379 286
281 394 440
282 418 337 434 445
283 448 354 390 360 394 302 367 338 310 407 412
284 452 359 315
285 384 337 401 316 403 404 473
286 335 374
287 420 427 300
288 480 403 470
289 480 419 347 357 492 333 400 471 446
290 392 461 496 305 443 476
291 480 496 309 447
292 491 496 339
293 482 295 330 382
294
295 455 395 336 379
296 450 455 430 476 350 383
297 449 392 491
298 454 450 437 446
299 384 322 424 400 497 406 473
300 448 420 424 494 400 440
301 481 368 337 415
302 399 436
303 456 396 369 383
304 451 358 394 418 349 369 472 378
305 385 488 489 386 392 408
306 429 313
307 334 402 443 382
308 390 486 487
309 369 462 433 374 379
310 449 425 338 366
311 459 404 346 426
312 486 363 366
313 333 356
314 486 394 334 393
315 485 358 483 436 473 345
316 370 383
317 335 433 340 372
318 482 331 495 374 375 383
319 360 368 466
320 391 359 364 424
321 480 428
322 362
323 327 395 431 371
324 371 372 342
325 356 456 336 402 453
326 337 468 472
327 488 429 494 411
328 418 462 369
329 373 396 492 365 496
330 385 458 461 496 369 402
331 392 429 456 344 476
332 399 424 499 435 345
333 398 369 341
334 480 451 485 394 493 432 469 377
335 481 374 498 336 368
336 441 343 489 496 429
337 462 499
338 388 451 349 459
339 365
340 431 374
341 368
342 354 417 369 478
343 484 385 411 476
344 352 492 397 375
345 358 494 349 410 381
346 480 419 485 359 459 396 347 477
347
348 393 401 470
349 460 471 358
350
351 489 491 495 492 378 476 469
352 486 492 378 413
353 461 365 495 369 372
354 477
355 483 493 464 401 403 404
356 375
357 393 473
358 473 414
359 362
360 399 362 464 436 473
361 407 401 380
362 405 471
363 389 467 377
364 482 395 454 402 372 490
365
366 448 394 477
367 395
368 431
369 420 378
370 487 413 414
371 492
372 488 408 463
373 491 495 433 383
374 387 379 415 444
375 382 397 430
376 400 465 407 380 381
377 426 460 440 436
378 386 396 413 431 447 490
379 482 458 397
380 424 426 434 435
381 384
382 488
383 416 427 498 429 431
384 422 436
385 444
386
387 489 397 495 498 491
388 454 499 440
389 485 421 401
390 485 499 440 394 414
391 487 471
392 458 431 479
393 460 462 478
394 414
395 433
396 466 476
397
398
399 487 497
400 470 485 423
401 483 469 439
402 489 429 414 415
403 435 469 414
404 425 484
405 494 409
406 471 440 445
407 452 446
408
409 499 473
410 480 418 424
411
412 425 497 472 414
413 481 496 474 447
414 460 425 434 421
415 492
416
417 453 491
418 469
419
420 449
421 451
422 451
423 497
424 438
425 454 471
426 452 472 478
427 456
428 480 452 464 497
429 457 434
430 441 443
431 461
432
433 466 474
434 460 435 440
435
436 493 463 499 470
437 468
438 498
439 497 445
440
441
442 480 462
443 484
444
445
446 455 488 462 470
447
448
449 468
450 459 467 494 471
451
452 485
453
454 483
455
456 482
457 483
458
459 494 497 470
460 493
461
462
463
464 487
465
466 488 476
467 497
468
469 493
470
471 487 494
472 493
473
474 483
475 477
476 478
477 494
478 493
479 484
480
481
482
483 497
484 490
485 497
486
487 494
488
489 495
490 498
491
492
493
494
495
496
497 499
498
499
[1, 0, 0, 1, 1, 0, 0, 1, 0, 0, 1, 1, 1, 0, 1, 0, 1, 0, 0, 1, 1, 0, 0, 0, 0, 1, 0, 0, 0, 0, 0, 1, 1, 1, 0, 1, 1, 1, 1, 0, 1, 0, 0, 1, 1, 1, 1, 0, 0, 1, 0, 0, 1, 0, 1, 0, 1, 0, 1, 1, 1, 1, 1, 0, 0, 0, 1, 0, 1, 1, 0, 0, 1, 1, 0, 1, 0, 1, 1, 1, 0, 0, 0, 1, 1, 0, 1, 1, 1, 0, 1, 1, 0, 0, 0, 1, 0, 0, 1, 0, 1, 0, 1, 0, 1, 0, 1, 0, 1, 0, 0, 1, 0, 0, 1, 1, 0, 1, 0, 0, 0, 0, 1, 1, 0, 0, 1, 1, 1, 0, 0, 0, 0, 0, 0, 1, 0, 0, 0, 0, 0, 0, 1, 1, 1, 1, 0, 1, 1, 0, 0, 0, 1, 1, 0, 1, 0, 0, 0, 0, 1, 0, 0, 1, 0, 0, 1, 1, 0, 1, 1, 1, 0, 1, 0, 0, 1, 0, 1, 1, 0, 0, 1, 0, 1, 1, 1, 1, 0, 1, 0, 1, 0, 1, 0, 1, 1, 1, 0, 1, 1, 0, 0, 1, 0, 1, 0, 0, 1, 1, 1, 0, 1, 1, 0, 1, 1, 0, 0, 0, 1, 1, 1, 1, 0, 1, 1, 0, 1, 0, 1, 1, 1, 0, 1, 1, 1, 1, 0, 1, 1, 1, 0, 1, 1, 0, 1, 1, 0, 0, 0, 1, 1, 0, 1, 0, 1, 1, 0, 1, 1, 0, 1, 0, 1, 1, 0, 0, 0, 1, 1, 0, 0, 1, 0, 0, 1, 1, 0, 1, 0, 1, 1, 1, 1, 1, 0, 1, 1, 1, 0, 0, 0, 0, 0, 0, 0, 0, 1, 1, 1, 0, 1, 0, 1, 0, 0, 0, 1, 0, 1, 1, 1, 0, 1, 1, 0, 0, 0, 0, 1, 1, 1, 0, 0, 0, 1, 0, 1, 0, 0, 0, 1, 0, 1, 0, 0, 1, 1, 0, 0, 0, 0, 0, 0, 1, 1, 1, 1, 1, 0, 0, 0, 0, 1, 1, 0, 1, 1, 1, 1, 1, 1, 1, 0, 0, 1, 1, 0, 0, 0, 0, 0, 0, 0, 0, 1, 1, 0, 0, 1, 1, 0, 0, 1, 0, 0, 0, 1, 1, 1, 1, 0, 1, 1, 0, 0, 0, 0, 1, 1, 1, 0, 1, 1, 1, 1, 1, 0, 1, 1, 0, 1, 0, 1, 0, 0, 0, 1, 1, 1, 1, 1, 1, 1, 1, 1, 0, 1, 0, 0, 0, 1, 0, 1, 1, 1, 1, 1, 1, 1, 0, 1, 0, 0, 1, 1, 0, 1, 1, 1, 1, 1, 0, 1, 0, 0, 1, 0, 1, 1, 0, 1, 0, 1, 1, 0, 1, 1, 1, 1, 1, 1, 1, 0, 0, 0, 1, 1, 0, 1, 0, 0, 1, 0, 1, 1, 1, 0, 0, 0, 0, 0, 1, 1, 0, 0, 1, 0, 1]