0 227 1064 
1 742 777 1090 1511 
2 628 
3 2153 2631 
4 1478 
5 359 451 
6 
7 15 176 726 1253 1676 
8 412 555 1126 1588 
9 1543 
10 4703 
11 
12 116 342 1204 1305 3358 
13 
14 353 408 1632 
15 685 948 1476 
16 449 784 1398 2036 3616 
17 899 1183 
18 1074 1269 1540 
19 888 1262 1531 
20 1176 1302 2282 
21 892 
22 59 89 813 1528 
23 1005 1053 3903 
24 653 
25 1350 
26 366 1353 1495 
27 1584 
28 
29 1528 
30 517 
31 304 4843 
32 1483 4353 
33 352 666 1492 
34 999 4100 
35 38 1271 
36 2852 
37 99 693 853 1001 1008 3671 
38 364 1422 
39 193 218 906 
40 962 1092 
41 627 
42 2051 
43 491 
44 893 
45 874 1093 
46 53 195 530 982 
47 
48 451 1173 
49 301 427 1454 2880 
50 1617 
51 4347 
52 762 
53 95 237 301 820 1310 
54 689 931 1660 
55 425 2085 3265 
56 766 1483 1615 
57 
58 923 1130 
59 529 
60 251 994 1291 
61 546 1134 1761 
62 140 1129 
63 577 685 799 1576 1837 
64 
65 567 1038 
66 627 
67 1495 
68 
69 
70 
71 360 967 1126 1235 1395 
72 
73 3279 
74 145 
75 299 1659 
76 131 407 1479 1501 1588 
77 244 
78 576 
79 231 1543 1578 
80 231 1556 
81 489 694 1069 1100 1536 
82 100 1248 
83 1027 1599 4831 
84 
85 
86 1039 1049 3984 
87 110 193 839 1079 
88 254 
89 1005 1388 
90 
91 1000 1012 1592 4348 
92 138 451 
93 1027 
94 362 578 
95 1643 
96 
97 918 1128 1238 2923 
98 421 3473 
99 1102 
100 1283 2726 3030 
101 126 
102 966 1298 4490 
103 120 794 
104 298 1511 1661 
105 137 684 1717 
106 402 3411 3493 
107 466 808 4116 
108 267 3696 
109 839 
110 1574 
111 755 827 845 889 
112 457 1223 
113 672 
114 1258 1434 
115 1142 
116 
117 
118 790 807 922 1630 
119 1103 1421 1534 2176 
120 1024 
121 
122 231 407 1436 
123 470 686 1405 
124 687 2542 
125 388 1029 1172 1452 2579 
126 355 382 
127 183 916 1000 
128 996 
129 541 1114 4828 
130 153 1285 
131 219 224 512 
132 
133 446 595 
134 612 1029 4600 
135 1547 
136 1121 1294 3301 4312 
137 633 830 4279 
138 583 686 1323 
139 1497 4376 
140 416 
141 968 1274 3646 
142 322 333 2462 3495 
143 370 
144 752 
145 1632 
146 1661 1703 3397 
147 710 1056 1334 1875 
148 225 
149 2109 
150 2548 2698 
151 1505 
152 170 822 1011 
153 1325 1672 
154 757 1156 
155 1265 
156 1099 1387 4575 
157 190 1036 
158 
159 585 
160 516 2839 
161 535 1472 
162 1713 
163 622 795 
164 
165 252 
166 1276 2931 4097 
167 1650 
168 645 646 935 1151 2134 4249 
169 298 952 
170 
171 178 707 786 930 
172 4712 
173 212 
174 887 2382 
175 355 599 
176 905 1601 1656 2817 
177 1642 3035 
178 
179 196 395 902 
180 640 
181 746 1369 1520 
182 1053 2974 3937 
183 744 1149 3645 
184 458 559 
185 912 1452 
186 
187 524 3812 
188 1518 1592 
189 223 876 1101 4143 
190 550 803 1035 1058 1113 
191 1172 
192 1078 2360 
193 1197 1460 
194 572 1650 
195 239 1174 
196 
197 560 863 
198 374 1033 
199 812 1154 1779 
200 606 938 
201 857 2820 
202 1361 
203 
204 4168 
205 320 
206 
207 1267 
208 428 484 685 
209 664 1428 
210 1554 1752 2530 
211 3940 
212 1088 1382 
213 889 
214 4021 4604 
215 
216 541 545 3825 3901 
217 964 
218 838 951 
219 965 1364 1427 1528 
220 
221 1221 
222 321 
223 
224 1305 1544 
225 505 572 1168 1556 
226 989 
227 
228 648 
229 915 1324 1532 
230 860 917 1896 2259 
231 535 1111 
232 1012 
233 634 1379 3980 
234 
235 286 1204 2086 
236 1321 
237 1370 
238 1203 1419 
239 315 1467 
240 254 
241 2734 4830 
242 413 578 1503 
243 578 797 
244 918 1182 
245 
246 343 867 1069 
247 329 1996 
248 672 
249 862 918 
250 781 784 
251 652 
252 691 773 930 
253 650 947 1565 
254 421 694 1107 3294 
255 
256 600 825 1100 2055 
257 676 1083 
258 297 
259 362 410 
260 
261 1407 3110 
262 1028 
263 1532 4921 
264 725 
265 
266 528 614 
267 759 
268 2256 
269 4389 
270 612 
271 2989 
272 2398 2663 2950 
273 1313 1362 1445 
274 
275 981 
276 859 
277 
278 770 1079 1282 
279 
280 407 
281 296 1352 2194 
282 650 1572 
283 1220 
284 571 4604 
285 860 1105 
286 618 677 1451 
287 1076 
288 308 1650 2923 
289 766 1065 
290 788 1572 1620 
291 1084 
292 295 962 1360 
293 1978 3404 
294 778 
295 987 1410 
296 
297 
298 990 3603 
299 402 560 1436 
300 4271 
301 1587 1596 
302 3235 
303 451 558 730 
304 1507 
305 
306 1246 1394 
307 1512 
308 1093 1453 2117 
309 531 
310 928 1236 1252 
311 1294 
312 1589 1627 
313 
314 2097 
315 411 1456 
316 461 993 1091 
317 412 523 1194 1288 1532 4721 
318 343 1326 1438 
319 3639 
320 558 723 
321 361 561 767 
322 759 
323 555 818 1644 
324 452 1220 1565 
325 
326 544 1246 
327 879 1243 
328 
329 566 3447 
330 4139 
331 
332 1043 3544 
333 
334 
335 470 577 613 
336 826 
337 4316 
338 415 1374 4996 
339 866 1605 2681 
340 719 
341 1614 
342 1229 3277 
343 382 
344 
345 610 1312 1365 
346 
347 
348 676 4573 
349 523 1262 
350 
351 
352 945 1174 1612 
353 4291 
354 2316 
355 1607 4978 
356 1635 1860 
357 476 
358 4525 
359 766 1511 4002 
360 1288 4350 
361 364 1481 
362 641 738 1519 3473 
363 1420 
364 895 
365 1364 
366 1445 
367 754 1598 
368 542 4141 
369 
370 
371 1843 
372 737 1315 1504 1557 
373 
374 459 2250 
375 880 990 
376 
377 3434 4337 
378 3872 
379 
380 883 1147 1389 
381 456 460 795 3709 
382 554 1061 
383 1587 
384 1347 
385 1237 4005 
386 572 1028 
387 593 1498 
388 1771 
389 643 787 1057 
390 1030 
391 597 1261 1988 3881 
392 
393 1487 1614 2484 
394 
395 4499 
396 1010 
397 1270 1665 
398 
399 1060 1622 
400 965 
401 
402 533 1030 1379 1586 4010 
403 919 952 1120 4943 
404 1367 1549 
405 866 
406 999 
407 461 
408 542 1129 1167 1214 
409 1542 
410 
411 2808 
412 604 1114 1601 4865 
413 1453 
414 
415 1096 2947 
416 761 1157 1355 2188 
417 
418 2318 
419 1062 
420 
421 1214 1592 
422 697 1639 
423 1322 
424 458 779 
425 1249 2608 
426 2229 
427 551 1172 
428 479 823 2184 
429 
430 933 
431 580 665 
432 865 1247 1426 1525 
433 
434 4789 
435 969 3775 
436 1039 1052 
437 1226 4287 
438 
439 1057 1582 
440 844 885 969 1518 
441 573 1173 1586 
442 
443 1332 2153 2995 
444 630 
445 
446 1064 1301 1384 
447 1473 
448 837 
449 
450 815 
451 1340 
452 1437 1508 
453 575 1194 
454 522 571 735 1300 
455 
456 2876 
457 
458 924 1435 
459 833 905 1412 
460 1084 3894 
461 566 610 1077 1502 4175 
462 1059 
463 1125 
464 969 
465 1064 1164 
466 1504 
467 3557 
468 2489 4889 
469 967 
470 927 1360 
471 537 
472 2785 
473 
474 
475 813 
476 812 847 1187 
477 
478 
479 3305 
480 
481 565 636 1041 
482 630 693 
483 545 1168 
484 3124 
485 1425 1514 
486 1889 
487 715 
488 
489 1188 
490 
491 919 1457 4942 
492 1039 1252 1255 
493 4248 
494 1087 
495 1046 
496 
497 
498 
499 501 1607 
500 648 970 2330 
501 1122 1425 1575 
502 1159 
503 647 710 
504 807 987 3610 
505 694 1228 
506 512 1224 1292 1309 3376 
507 1335 1739 
508 2337 
509 957 
510 
511 4278 
512 944 1454 
513 1174 
514 1107 1282 1895 
515 
516 651 671 
517 3950 
518 1141 1393 
519 
520 1316 2308 
521 
522 1206 1715 3830 3910 
523 
524 
525 1429 
526 848 1042 
527 
528 1228 
529 893 
530 824 1025 
531 883 904 1333 
532 1209 1644 
533 4145 
534 562 
535 1653 
536 1014 1173 1599 
537 4456 4803 
538 992 1045 
539 1364 
540 595 
541 1530 3590 
542 1472 
543 1307 
544 548 
545 1510 4354 
546 
547 1549 
548 3100 
549 1486 
550 
551 1208 2592 
552 1147 
553 879 
554 864 1082 4274 
555 1544 3579 
556 
557 2918 
558 938 3591 
559 980 1444 
560 
561 
562 573 717 1228 1602 
563 862 
564 1540 
565 817 1151 1367 
566 
567 674 939 1204 1565 
568 741 1533 
569 
570 942 
571 916 1059 1647 3838 
572 580 4767 
573 4975 
574 2506 4259 
575 1281 1313 4546 
576 1703 
577 1301 
578 737 
579 1082 1273 
580 1092 1634 
581 
582 1103 2107 
583 
584 1006 1564 2155 
585 
586 1101 1471 3308 
587 1391 1401 1645 4936 
588 617 815 951 1060 
589 635 
590 
591 
592 
593 3816 
594 660 
595 792 
596 3383 
597 1297 1520 
598 
599 818 
600 815 1121 1779 
601 983 
602 
603 
604 1265 1370 3081 
605 800 
606 1288 
607 790 
608 2902 3024 
609 1115 1289 
610 966 1059 4451 
611 1033 1380 
612 1186 
613 1140 
614 1041 1050 1154 
615 665 792 4092 4892 
616 1165 
617 4610 
618 
619 757 
620 
621 851 2395 3174 
622 1629 
623 1049 2128 
624 2145 
625 913 
626 707 789 917 
627 688 1212 2471 
628 2805 
629 776 1164 1516 1656 
630 1522 
631 
632 1527 
633 1107 1498 1528 
634 2699 
635 645 987 
636 942 1347 
637 
638 3146 
639 
640 760 
641 1027 1350 
642 
643 1368 
644 888 1283 1356 
645 690 1070 1431 
646 1534 
647 4274 
648 1108 
649 
650 1417 
651 
652 4115 
653 1179 
654 2721 
655 681 
656 
657 1361 
658 737 1048 1417 1852 
659 1394 1581 
660 954 
661 
662 4506 
663 734 4084 
664 870 
665 
666 849 4282 
667 
668 765 1057 2024 
669 849 1171 1525 
670 2754 
671 
672 997 1086 1116 
673 698 1520 
674 1069 3794 4515 
675 892 1453 
676 
677 
678 
679 
680 
681 1515 
682 
683 2605 
684 1044 1134 
685 972 
686 
687 897 1135 
688 
689 1025 1143 
690 948 4260 
691 2249 3404 
692 2595 
693 
694 
695 836 
696 
697 802 1347 4695 
698 1087 
699 2664 
700 1550 1554 
701 1170 
702 
703 1352 
704 1200 
705 852 1409 
706 726 942 1200 1565 
707 1603 4869 
708 
709 1275 
710 1034 
711 1542 
712 
713 4343 
714 924 
715 4836 
716 1154 1285 
717 818 
718 1121 1574 
719 930 
720 1590 2189 
721 1064 
722 971 
723 780 1451 
724 2835 
725 3368 4836 
726 836 1032 1139 2231 
727 
728 4137 
729 1619 
730 
731 1333 
732 1131 1260 1380 2474 
733 780 
734 1261 1540 4153 
735 770 
736 1133 1432 4387 
737 1064 1495 1548 4584 4759 
738 1021 1057 
739 1324 
740 
741 960 
742 1346 1528 
743 1760 4053 
744 
745 949 
746 861 985 994 1264 1386 1493 
747 1417 1531 
748 1200 1269 1428 
749 1483 2952 
750 
751 1299 
752 
753 1557 1665 
754 831 
755 1290 
756 880 2465 
757 
758 1614 1655 
759 1522 2718 
760 1153 1352 2385 2468 
761 935 1112 1277 1486 
762 
763 
764 848 1066 
765 1308 2520 
766 857 4582 
767 
768 777 
769 
770 1257 
771 1032 1425 3261 
772 916 2222 
773 1489 
774 
775 1384 1445 
776 
777 1006 1305 
778 1369 
779 901 1314 
780 1382 
781 1303 
782 1611 
783 1585 
784 
785 
786 1504 
787 
788 1158 
789 1148 
790 873 
791 1090 2229 
792 1131 
793 1191 3696 4417 4690 
794 1868 
795 1472 
796 978 995 1279 3528 
797 4991 
798 898 1473 
799 1540 
800 899 1472 
801 
802 
803 1004 
804 1649 
805 3370 
806 
807 1616 
808 888 
809 1435 4276 
810 3420 3750 
811 871 
812 
813 1104 1314 
814 
815 1040 
816 998 3722 
817 1957 
818 963 
819 
820 3855 
821 1274 1964 
822 
823 
824 887 
825 
826 1531 1593 
827 
828 1303 
829 
830 
831 1111 
832 842 851 
833 1229 
834 
835 1141 2454 3925 
836 3806 
837 
838 3310 
839 1607 
840 1295 
841 
842 954 1491 3450 
843 3579 
844 1156 
845 
846 
847 945 
848 
849 965 996 1166 1231 1645 
850 
851 1347 
852 1174 1633 
853 
854 
855 
856 928 1448 
857 
858 1186 3739 4634 
859 1278 1488 1501 
860 
861 
862 1002 1109 1204 
863 1240 4181 
864 
865 1580 2127 
866 1584 
867 2866 
868 
869 3150 
870 1631 
871 1053 1547 
872 
873 921 1555 
874 1263 1287 1405 
875 932 2109 
876 
877 
878 
879 1601 
880 923 
881 1609 
882 3799 
883 
884 3752 
885 1213 2747 
886 1492 2719 
887 2978 3708 
888 1189 1662 
889 2116 3616 4335 
890 
891 
892 
893 898 1310 
894 
895 
896 3727 
897 1131 
898 4110 
899 
900 1630 
901 1325 1569 4726 
902 
903 
904 2176 
905 1158 1191 
906 2998 
907 939 1244 1318 1472 
908 
909 1754 
910 
911 
912 1235 1553 
913 
914 1621 
915 1434 1555 
916 1193 
917 2396 2864 3468 
918 1334 
919 
920 1047 
921 
922 
923 1620 
924 3304 3477 
925 982 994 
926 1284 1394 1606 1798 
927 
928 1155 1182 1241 1485 1601 
929 
930 
931 3482 
932 2174 
933 
934 
935 1344 1568 
936 
937 1626 
938 1360 
939 1191 1387 
940 1241 
941 1208 1665 1974 
942 1602 
943 1353 1998 
944 1260 
945 2476 
946 1005 
947 1051 1169 1463 1556 2138 
948 
949 
950 
951 
952 
953 
954 1346 
955 1248 1772 
956 1063 1577 
957 
958 1294 
959 1161 
960 4969 
961 1162 1402 
962 1134 4022 4069 
963 
964 996 4695 
965 2944 
966 973 
967 1106 
968 1314 3075 
969 1260 1502 1612 
970 1523 3418 
971 1032 
972 
973 4925 
974 1555 
975 1047 1588 
976 1557 4984 
977 1108 1501 
978 
979 1213 
980 
981 
982 
983 1513 
984 
985 1446 
986 
987 1294 
988 1434 1511 
989 1177 1381 
990 1309 2914 
991 
992 1023 
993 
994 
995 1013 2578 
996 1295 
997 1849 
998 1109 1431 4752 
999 1164 
1000 1031 1052 
1001 1102 1513 2825 
1002 1469 
1003 1214 1252 
1004 2409 
1005 1574 
1006 1109 
1007 
1008 1542 
1009 3480 3958 
1010 1396 
1011 
1012 1398 1612 
1013 1492 
1014 
1015 
1016 1036 
1017 1541 3604 
1018 1576 3393 
1019 
1020 
1021 
1022 1312 
1023 
1024 1570 1662 
1025 1093 
1026 
1027 
1028 2344 
1029 
1030 2292 
1031 1203 1310 1353 1363 4928 
1032 1231 
1033 
1034 2001 4630 
1035 
1036 
1037 3336 
1038 1261 1596 
1039 1319 1607 4321 
1040 
1041 1468 
1042 1340 1596 
1043 2227 2279 
1044 4523 
1045 
1046 
1047 
1048 1092 
1049 1436 
1050 1492 
1051 3972 
1052 1588 
1053 
1054 
1055 1168 1192 
1056 
1057 
1058 1295 
1059 1625 
1060 1104 
1061 
1062 1197 2252 
1063 1462 3621 
1064 
1065 1609 
1066 3384 
1067 
1068 1375 
1069 
1070 
1071 
1072 
1073 
1074 1521 4241 
1075 
1076 
1077 2876 
1078 1264 
1079 4322 
1080 
1081 
1082 
1083 1170 1510 
1084 
1085 1157 1563 1830 
1086 
1087 
1088 
1089 
1090 1904 
1091 
1092 
1093 1605 3286 3502 
1094 
1095 1480 
1096 1403 1906 
1097 1231 
1098 3352 
1099 4594 
1100 1459 1645 3312 
1101 
1102 
1103 
1104 
1105 
1106 
1107 
1108 2735 
1109 1311 3763 
1110 1222 1625 2684 
1111 1581 
1112 
1113 
1114 
1115 1436 
1116 2554 3797 
1117 1339 
1118 
1119 
1120 
1121 1488 
1122 3376 
1123 1201 
1124 
1125 1553 
1126 1638 
1127 1654 
1128 2680 
1129 1298 
1130 
1131 1524 1647 
1132 2669 
1133 1245 1627 
1134 
1135 
1136 
1137 
1138 
1139 4115 
1140 
1141 1541 3662 
1142 1280 
1143 
1144 1317 
1145 4540 
1146 
1147 
1148 3023 
1149 4598 
1150 1261 2628 
1151 1472 3020 
1152 
1153 1214 1618 
1154 1953 3648 
1155 1583 
1156 1255 
1157 1270 
1158 3270 
1159 3486 
1160 
1161 1617 
1162 1179 1275 1507 
1163 1275 
1164 1541 
1165 4738 
1166 
1167 1187 2794 
1168 1577 
1169 1507 1509 
1170 
1171 2566 4190 
1172 
1173 1357 1537 
1174 
1175 1322 
1176 1656 3568 
1177 1571 2885 
1178 
1179 
1180 1357 
1181 1289 
1182 1586 1860 2132 4476 
1183 
1184 
1185 1547 
1186 1624 1650 
1187 4220 
1188 
1189 
1190 
1191 
1192 1509 
1193 4557 
1194 
1195 4298 
1196 
1197 3664 
1198 
1199 1701 
1200 
1201 1522 4470 
1202 
1203 4569 
1204 
1205 
1206 
1207 1228 1270 1378 4552 
1208 1507 1561 
1209 1393 1528 
1210 1241 1648 
1211 2436 4787 
1212 
1213 1524 
1214 
1215 1627 
1216 1453 
1217 1477 
1218 3601 
1219 1531 
1220 
1221 
1222 4563 
1223 
1224 3654 4964 
1225 
1226 1229 1808 
1227 
1228 
1229 
1230 
1231 4677 
1232 
1233 1507 
1234 3709 
1235 
1236 2429 
1237 3981 
1238 
1239 
1240 1328 1562 
1241 
1242 
1243 1657 4212 
1244 
1245 1656 
1246 
1247 
1248 
1249 3141 
1250 1338 
1251 
1252 3626 
1253 
1254 1327 
1255 1635 4324 
1256 
1257 
1258 1358 1462 1501 2092 2185 2312 
1259 
1260 1330 1575 
1261 
1262 1649 
1263 
1264 4022 
1265 1546 2427 
1266 2816 
1267 3646 
1268 
1269 2515 
1270 1594 
1271 3927 
1272 
1273 2620 
1274 1449 
1275 3968 
1276 1516 
1277 
1278 1322 1861 3460 
1279 1624 
1280 
1281 1300 
1282 2686 
1283 1446 
1284 2539 
1285 
1286 1317 
1287 
1288 1362 2376 2680 
1289 1535 
1290 1351 
1291 
1292 1334 1561 1578 
1293 
1294 1440 
1295 
1296 
1297 1349 
1298 
1299 
1300 
1301 1556 
1302 1322 1405 4587 
1303 
1304 1392 
1305 
1306 
1307 1650 2319 
1308 1582 
1309 
1310 3186 
1311 
1312 1638 2938 
1313 1458 
1314 
1315 1461 
1316 1326 
1317 3868 
1318 
1319 3487 
1320 1531 1609 2494 3411 
1321 
1322 
1323 
1324 2524 
1325 
1326 
1327 
1328 1416 1475 
1329 1518 
1330 
1331 1653 4025 
1332 1595 
1333 
1334 
1335 1614 
1336 
1337 4027 
1338 
1339 1400 
1340 2426 
1341 1423 1621 
1342 
1343 4380 
1344 
1345 1559 1621 
1346 1455 1612 
1347 
1348 3742 
1349 
1350 
1351 
1352 1575 
1353 3866 4252 
1354 
1355 1614 
1356 1959 
1357 1569 
1358 1498 
1359 
1360 1407 
1361 3257 4140 
1362 
1363 
1364 
1365 1569 
1366 
1367 1534 
1368 1638 
1369 1609 
1370 1377 3814 
1371 1783 
1372 
1373 1395 4483 
1374 
1375 1486 
1376 
1377 1487 
1378 
1379 3315 
1380 
1381 1549 
1382 
1383 
1384 
1385 1979 
1386 
1387 1491 
1388 
1389 
1390 
1391 
1392 
1393 1546 
1394 1517 2975 
1395 3244 
1396 1454 2318 4800 
1397 
1398 1504 2055 
1399 1522 
1400 
1401 1584 
1402 1515 
1403 
1404 
1405 
1406 1467 
1407 3961 
1408 
1409 
1410 
1411 
1412 4276 4486 
1413 
1414 4209 
1415 
1416 1628 
1417 2254 
1418 1650 
1419 1613 
1420 
1421 
1422 
1423 
1424 
1425 3250 
1426 
1427 
1428 
1429 2512 
1430 
1431 1481 
1432 2655 
1433 4436 
1434 1476 
1435 2163 
1436 
1437 
1438 
1439 
1440 1442 1611 2364 4753 
1441 1734 3527 
1442 1703 
1443 2922 
1444 
1445 2052 2354 
1446 3486 
1447 
1448 1454 
1449 4135 
1450 4377 
1451 
1452 
1453 
1454 1542 2323 
1455 
1456 2718 
1457 4011 
1458 
1459 
1460 
1461 1602 
1462 
1463 1508 
1464 
1465 3650 
1466 
1467 4604 
1468 
1469 
1470 
1471 1631 
1472 
1473 
1474 
1475 
1476 
1477 2858 3163 
1478 
1479 
1480 
1481 
1482 
1483 
1484 1882 2939 
1485 4012 
1486 
1487 
1488 
1489 1552 
1490 
1491 
1492 1633 
1493 1978 
1494 3035 
1495 
1496 
1497 4144 
1498 1753 
1499 
1500 1554 
1501 
1502 
1503 
1504 
1505 
1506 1784 
1507 
1508 
1509 2158 2528 4622 
1510 
1511 
1512 1647 
1513 
1514 4707 
1515 
1516 4572 
1517 3245 
1518 
1519 
1520 
1521 
1522 
1523 
1524 
1525 
1526 2006 
1527 2113 
1528 
1529 2425 
1530 
1531 
1532 1553 
1533 
1534 
1535 
1536 
1537 
1538 3254 4441 
1539 
1540 
1541 2280 2598 3947 
1542 
1543 
1544 1612 
1545 
1546 1689 
1547 
1548 
1549 
1550 3543 
1551 1829 3493 
1552 
1553 
1554 
1555 
1556 
1557 
1558 3968 
1559 
1560 3654 
1561 1968 
1562 2744 
1563 4947 
1564 3637 
1565 1598 
1566 1651 
1567 
1568 
1569 1614 2430 
1570 
1571 
1572 
1573 
1574 3129 
1575 
1576 
1577 
1578 1626 
1579 1640 2221 3447 
1580 
1581 
1582 
1583 
1584 
1585 
1586 1676 
1587 2305 3806 
1588 2795 3340 
1589 
1590 
1591 4762 
1592 2861 2986 
1593 
1594 
1595 1601 2558 3980 
1596 
1597 
1598 
1599 
1600 
1601 4346 
1602 
1603 4156 
1604 
1605 
1606 
1607 3337 4630 
1608 
1609 4675 
1610 
1611 1952 
1612 
1613 
1614 3196 
1615 
1616 
1617 
1618 
1619 2629 
1620 
1621 2701 
1622 
1623 1626 2603 
1624 
1625 
1626 4837 
1627 
1628 3921 4058 
1629 
1630 
1631 
1632 
1633 1652 
1634 
1635 
1636 
1637 
1638 4369 
1639 4991 
1640 2280 2790 
1641 3884 4651 
1642 
1643 3500 
1644 
1645 
1646 
1647 
1648 
1649 
1650 
1651 
1652 
1653 
1654 
1655 
1656 
1657 1847 
1658 
1659 
1660 
1661 2827 
1662 3219 
1663 
1664 
1665 3304 
1666 1704 2174 2870 3195 
1667 3873 
1668 2692 
1669 2875 
1670 2476 2850 
1671 3072 
1672 3228 3284 
1673 2737 2789 
1674 2089 2404 3279 
1675 2832 
1676 1976 2229 2781 
1677 2133 2843 3306 
1678 
1679 3182 
1680 1985 3103 
1681 2812 3199 
1682 1705 3326 4846 
1683 1947 
1684 2065 3157 
1685 1740 2790 
1686 
1687 1909 2516 3236 
1688 2546 3051 3229 3331 
1689 2110 2547 2938 3834 
1690 1713 2170 2941 3287 
1691 1697 2128 2183 2875 3007 
1692 2688 4165 
1693 2107 2563 
1694 3056 
1695 
1696 1753 2375 2716 3087 
1697 2182 2406 
1698 2458 3096 
1699 
1700 2035 2217 2796 3023 
1701 3205 
1702 
1703 2557 4946 
1704 2059 
1705 2490 2579 2844 3958 
1706 1757 2608 2928 
1707 2108 
1708 2771 2845 
1709 2615 4019 
1710 
1711 2125 2958 
1712 2278 3193 
1713 
1714 1859 2644 3012 
1715 
1716 2772 
1717 
1718 2020 2998 3225 3307 
1719 1731 1941 
1720 2822 
1721 2358 
1722 3311 
1723 
1724 2257 2529 
1725 2140 2748 2850 
1726 2173 
1727 3252 
1728 2520 3033 
1729 1875 1907 2891 
1730 2192 2750 
1731 1894 2076 2281 2326 2581 
1732 2098 
1733 2012 3182 
1734 3244 
1735 1936 2881 2937 3266 
1736 2646 
1737 2931 
1738 3139 3164 
1739 2421 
1740 
1741 3087 
1742 2785 
1743 2507 
1744 1913 
1745 
1746 2159 
1747 
1748 2628 3250 
1749 1963 2910 
1750 3151 
1751 1760 3060 
1752 
1753 
1754 2986 
1755 1778 3119 
1756 3533 
1757 1835 1845 2605 2788 
1758 2051 2177 
1759 
1760 
1761 2518 2695 3299 
1762 
1763 3260 
1764 2808 
1765 3140 
1766 
1767 2193 2204 2492 2617 2695 3159 
1768 2111 
1769 3302 
1770 2175 
1771 2338 
1772 2941 
1773 2131 4334 
1774 1924 1979 3176 
1775 
1776 4815 
1777 
1778 2196 3170 
1779 2250 2712 3171 4259 
1780 1870 2504 
1781 1805 1892 3125 3962 
1782 2886 
1783 2118 3120 
1784 2054 2139 3038 
1785 1820 
1786 2952 
1787 3284 
1788 2459 
1789 2520 
1790 2018 2301 2556 
1791 2193 2337 
1792 2222 2291 2360 
1793 
1794 2863 2896 
1795 4521 
1796 1916 
1797 2909 
1798 
1799 2808 3864 
1800 1829 2391 2858 
1801 1807 
1802 2928 3073 
1803 2516 2816 
1804 
1805 2866 
1806 2111 
1807 2267 
1808 3849 
1809 3627 
1810 
1811 3058 3180 
1812 2007 2416 
1813 2515 2902 3228 
1814 2181 
1815 2036 
1816 1980 
1817 1897 2003 
1818 2409 2919 2924 
1819 3283 
1820 1863 2251 
1821 2430 
1822 
1823 
1824 2793 3164 
1825 2000 3103 
1826 
1827 2008 2115 2203 2696 2796 
1828 2307 3262 
1829 2444 
1830 
1831 3233 3268 4926 
1832 2019 2595 2607 2812 4016 
1833 2189 2256 2537 
1834 4870 
1835 2034 
1836 1961 2159 2491 
1837 3016 3227 
1838 2459 3053 
1839 2637 
1840 2095 
1841 2423 
1842 2140 4620 4789 
1843 2913 
1844 
1845 1930 2834 2860 
1846 2364 
1847 2313 
1848 
1849 2441 
1850 2217 2227 2769 4776 
1851 3274 
1852 
1853 1970 3155 3280 
1854 1885 2095 2290 2690 2885 3038 
1855 2672 
1856 2009 
1857 2531 
1858 
1859 
1860 2859 2977 3049 
1861 1959 2604 
1862 2648 
1863 
1864 2121 3294 3312 3560 
1865 2002 2557 3064 
1866 2092 2508 2652 
1867 1934 2360 
1868 2856 
1869 2551 2761 3047 
1870 2908 
1871 2033 2760 2903 
1872 
1873 
1874 2182 2668 3220 
1875 2586 
1876 2250 3172 4038 4668 
1877 
1878 2388 
1879 2270 2870 
1880 1900 
1881 2054 2257 
1882 
1883 2434 
1884 4692 
1885 2252 
1886 3058 
1887 3316 
1888 2080 2174 
1889 4742 
1890 2844 4579 
1891 1932 
1892 2095 2405 
1893 2738 3076 
1894 2322 2627 
1895 2504 
1896 2265 2501 2778 3938 
1897 2255 2390 
1898 2594 
1899 3253 
1900 2631 
1901 2212 3104 
1902 2889 2946 3305 
1903 3116 4091 
1904 2749 2815 3242 
1905 2564 
1906 2028 
1907 2122 2767 
1908 3006 
1909 2025 
1910 2158 
1911 2984 
1912 
1913 
1914 2310 2985 4736 
1915 3319 
1916 2421 2820 2986 
1917 1924 2246 3107 3315 
1918 2005 2593 
1919 2087 
1920 
1921 
1922 2308 2830 
1923 
1924 
1925 2113 
1926 2316 2375 4059 
1927 1997 2293 
1928 1951 
1929 3022 
1930 2628 
1931 2030 2156 2309 2599 
1932 2520 2859 2946 3028 
1933 2432 2494 3406 
1934 1975 2835 2897 
1935 2106 2242 2382 
1936 
1937 2376 2444 2918 
1938 
1939 3241 
1940 2181 3038 3144 
1941 1973 
1942 
1943 2196 2685 
1944 2158 2173 2208 2464 
1945 2359 
1946 
1947 2511 
1948 2006 2474 4127 
1949 
1950 2556 2655 
1951 2433 
1952 3314 3322 
1953 2953 
1954 2174 2879 
1955 2599 
1956 2681 4004 
1957 1987 2099 2679 
1958 4852 
1959 
1960 3099 
1961 3182 4789 
1962 2698 2725 
1963 2522 
1964 2209 
1965 
1966 2633 
1967 3689 
1968 2614 
1969 2588 
1970 
1971 2630 
1972 3029 
1973 2141 2170 3008 3022 3079 3148 
1974 
1975 
1976 2035 
1977 2652 
1978 2576 4251 
1979 3241 4075 
1980 
1981 2059 2241 2661 2970 
1982 2240 3057 
1983 2681 
1984 2816 
1985 2517 4201 
1986 2155 2487 2570 
1987 
1988 2255 2815 
1989 2095 2224 2969 2975 3176 
1990 2646 3319 
1991 2015 2522 3105 3651 3760 
1992 
1993 2202 2797 3019 3298 
1994 2114 
1995 
1996 2144 2501 3004 3145 3758 4320 
1997 
1998 2050 2965 3320 
1999 2178 2942 4637 
2000 2351 3228 
2001 3284 3323 4019 
2002 2141 
2003 2924 3322 
2004 2164 3241 
2005 
2006 2057 2398 2956 3064 
2007 2525 3268 
2008 
2009 2117 2333 
2010 3239 
2011 2321 
2012 2318 2906 3179 
2013 2072 2232 3014 
2014 2681 3005 3078 
2015 
2016 
2017 
2018 2605 
2019 2617 
2020 
2021 
2022 2452 2911 3055 4427 
2023 3012 
2024 2894 
2025 2540 
2026 
2027 2761 3315 
2028 3041 4165 
2029 2275 4008 
2030 2228 2615 3099 
2031 2778 2818 
2032 2480 2870 
2033 2785 
2034 
2035 2116 2978 
2036 2851 3050 
2037 2565 
2038 2571 
2039 2629 2975 2993 
2040 
2041 2734 3153 
2042 2732 3073 
2043 
2044 2064 2188 3292 
2045 2594 3171 3227 3407 
2046 
2047 2714 3272 4479 
2048 3195 4845 
2049 3081 3099 
2050 2965 3189 
2051 2262 2756 3093 
2052 
2053 2553 2861 3043 
2054 
2055 
2056 
2057 2501 
2058 2434 3126 3301 
2059 
2060 3305 3360 3447 
2061 2234 2336 2961 3101 
2062 
2063 
2064 2583 
2065 2156 
2066 
2067 
2068 2599 
2069 2097 
2070 
2071 2298 
2072 2872 3093 
2073 3070 
2074 2859 
2075 2548 3213 
2076 2379 2655 2917 
2077 3309 4727 
2078 
2079 2138 2811 
2080 
2081 4479 
2082 
2083 2620 3337 
2084 
2085 2663 
2086 2476 
2087 2503 2614 3141 
2088 
2089 2318 2328 2789 2890 
2090 
2091 2332 2904 
2092 3026 
2093 3081 3785 
2094 2158 2568 2952 
2095 2216 
2096 
2097 3058 
2098 2140 2483 
2099 2139 
2100 3272 
2101 
2102 2769 
2103 
2104 2263 3227 
2105 2166 
2106 2431 
2107 2295 
2108 2206 2811 2921 
2109 3041 
2110 2553 3703 
2111 
2112 
2113 3168 
2114 
2115 3112 
2116 2561 4974 
2117 2253 2767 
2118 2232 3030 
2119 3004 3309 
2120 3216 
2121 2581 
2122 2562 4568 
2123 2588 2998 
2124 2443 
2125 2503 
2126 2140 2252 2452 
2127 2909 3447 
2128 2659 2704 
2129 2132 2331 2630 
2130 
2131 2308 2500 
2132 
2133 2849 
2134 
2135 2173 2191 3600 
2136 
2137 2825 
2138 2530 
2139 
2140 
2141 3272 
2142 2280 2800 
2143 2809 
2144 3026 
2145 
2146 2975 3099 
2147 3021 
2148 3104 
2149 
2150 
2151 
2152 2871 
2153 2455 2531 
2154 
2155 2245 2997 
2156 2180 
2157 2880 
2158 2743 2848 
2159 2514 3207 
2160 3041 
2161 2546 3756 
2162 2888 
2163 2198 2647 2699 
2164 2657 
2165 2714 3457 
2166 
2167 2422 
2168 2664 2757 2976 3099 4169 
2169 2628 2835 4239 
2170 3211 3576 4416 
2171 2293 
2172 
2173 2808 4533 
2174 2374 2787 
2175 2549 2715 
2176 2749 3304 
2177 2572 3130 
2178 
2179 
2180 2415 
2181 3043 3180 3324 
2182 
2183 
2184 2346 2941 
2185 3188 
2186 2510 
2187 
2188 
2189 
2190 2983 
2191 
2192 2372 2744 
2193 2359 2902 3177 
2194 
2195 3089 4652 
2196 2208 2576 
2197 2967 
2198 2740 
2199 2496 2714 
2200 2239 
2201 3329 
2202 2211 3080 
2203 2882 4088 
2204 2524 2991 
2205 2454 4351 
2206 2627 2891 
2207 2550 2620 
2208 3194 
2209 
2210 2359 3036 
2211 2598 3159 
2212 
2213 
2214 2405 2519 
2215 4055 
2216 2999 
2217 
2218 2287 3090 
2219 2684 
2220 2372 2979 3588 
2221 3219 4883 
2222 3230 
2223 3065 
2224 
2225 4261 
2226 2330 4473 
2227 2324 2865 
2228 
2229 2310 
2230 
2231 2641 
2232 2472 3228 
2233 
2234 2958 
2235 3222 
2236 2852 2881 
2237 2330 2440 3346 
2238 
2239 2630 
2240 4610 
2241 
2242 2446 2826 2928 
2243 2320 
2244 
2245 3179 
2246 
2247 
2248 
2249 4141 
2250 
2251 
2252 2281 2447 2670 2805 3201 
2253 4720 
2254 
2255 
2256 2457 2692 2757 2958 
2257 3089 
2258 2386 
2259 
2260 
2261 
2262 
2263 3132 3260 
2264 3163 
2265 
2266 2693 3190 
2267 4613 
2268 2767 
2269 2417 2947 
2270 
2271 2866 3027 
2272 2439 3170 
2273 2779 
2274 2701 
2275 2408 2615 2930 4502 4687 4930 
2276 
2277 3462 
2278 
2279 2735 3303 
2280 
2281 2564 2777 2816 3127 3297 
2282 
2283 2579 2739 2869 2934 3705 4191 
2284 
2285 
2286 3308 
2287 
2288 2805 
2289 2639 2815 
2290 
2291 2528 
2292 
2293 2808 
2294 3320 3798 
2295 3198 4609 
2296 3047 
2297 2344 2785 
2298 2421 3233 
2299 4230 
2300 3259 
2301 2680 
2302 2946 2972 
2303 2975 3316 
2304 3043 
2305 3100 
2306 2634 2675 3218 4549 
2307 
2308 2475 3020 
2309 2570 3085 
2310 3322 
2311 3197 
2312 2558 2973 
2313 2468 
2314 2825 2974 
2315 3042 
2316 2632 
2317 3205 
2318 2672 
2319 2480 2516 
2320 
2321 2781 2934 
2322 3257 
2323 2711 3083 
2324 2869 
2325 
2326 2378 
2327 
2328 
2329 2593 3105 
2330 
2331 2855 
2332 2951 
2333 4583 
2334 2530 
2335 
2336 
2337 2385 
2338 2652 
2339 4749 
2340 4619 
2341 2874 3131 3304 
2342 2593 3103 
2343 3134 
2344 2552 2768 
2345 3130 
2346 2996 3257 
2347 2709 2722 3116 
2348 3137 
2349 2447 3076 
2350 2640 
2351 3115 3263 
2352 
2353 2649 
2354 
2355 2951 
2356 2390 2932 
2357 2913 
2358 3159 
2359 
2360 
2361 2749 
2362 
2363 2382 2926 
2364 2932 3218 
2365 3179 
2366 
2367 3086 
2368 
2369 3314 
2370 
2371 2648 
2372 3151 3927 
2373 2394 
2374 
2375 2425 
2376 3163 
2377 2640 3174 
2378 
2379 2410 
2380 2688 
2381 
2382 
2383 3195 3207 
2384 2748 
2385 2610 2614 
2386 3266 4223 
2387 2477 2680 3265 
2388 
2389 
2390 
2391 2781 
2392 
2393 
2394 2915 3114 
2395 2652 
2396 2843 3328 
2397 2517 2986 3201 
2398 2452 2620 2808 
2399 3646 
2400 
2401 3990 
2402 4852 
2403 
2404 4947 
2405 2925 
2406 
2407 2865 
2408 
2409 2934 
2410 3076 
2411 
2412 2745 3299 4098 
2413 2536 
2414 
2415 3248 
2416 2451 
2417 2771 2824 2851 
2418 2784 4605 
2419 2649 3280 
2420 
2421 2459 
2422 
2423 2436 
2424 4213 
2425 2935 2936 
2426 2993 3226 
2427 2947 3139 3258 
2428 2671 2818 
2429 3169 
2430 3214 
2431 
2432 3207 
2433 2949 3753 
2434 
2435 2620 3087 3625 
2436 3027 
2437 
2438 2919 
2439 2520 2847 
2440 4612 
2441 
2442 4067 
2443 2448 2918 
2444 3017 3052 
2445 4534 
2446 
2447 2713 2814 
2448 4551 
2449 
2450 3226 
2451 3078 
2452 2667 3242 
2453 
2454 
2455 3052 
2456 
2457 
2458 3129 
2459 4507 
2460 
2461 3067 
2462 2811 
2463 
2464 
2465 
2466 4488 
2467 
2468 2751 
2469 
2470 
2471 
2472 
2473 3003 
2474 2609 
2475 
2476 2515 2958 3625 
2477 
2478 4928 
2479 
2480 2594 
2481 2520 
2482 
2483 3133 4646 
2484 2930 
2485 2754 
2486 
2487 2993 
2488 
2489 2834 
2490 
2491 2642 
2492 2757 
2493 3320 
2494 2917 
2495 2682 
2496 
2497 
2498 3125 
2499 
2500 
2501 2731 3090 
2502 
2503 3239 
2504 
2505 2816 
2506 2762 3245 
2507 
2508 
2509 
2510 
2511 3259 
2512 
2513 
2514 2679 
2515 2937 3144 
2516 2763 
2517 3317 4565 
2518 2906 3206 3279 
2519 2803 
2520 2831 3273 4772 
2521 
2522 3056 
2523 3327 
2524 3013 4894 
2525 
2526 3250 
2527 
2528 
2529 3316 
2530 2782 3108 3567 
2531 2949 
2532 2791 
2533 3149 
2534 2701 4107 
2535 
2536 2539 2733 2744 3176 
2537 2654 3221 3530 4390 
2538 2862 2930 
2539 4882 
2540 2644 2724 
2541 2569 
2542 2673 
2543 
2544 3200 
2545 
2546 2883 
2547 3033 3889 
2548 
2549 
2550 
2551 
2552 2575 2696 2856 
2553 
2554 3093 
2555 
2556 2693 
2557 2690 2856 
2558 3329 3624 3686 
2559 
2560 2611 2988 
2561 
2562 3676 
2563 3092 
2564 
2565 3179 
2566 2937 4056 
2567 3294 
2568 3082 3652 
2569 
2570 
2571 
2572 2664 3300 
2573 2862 3237 
2574 3918 
2575 
2576 3235 
2577 3809 
2578 2984 3125 3127 
2579 2625 4640 
2580 
2581 
2582 
2583 
2584 
2585 
2586 3295 3316 
2587 2677 2707 3126 
2588 3303 
2589 
2590 
2591 
2592 2895 
2593 2880 3084 
2594 
2595 
2596 2869 3766 
2597 
2598 
2599 3021 4561 
2600 
2601 
2602 2776 2912 
2603 3171 
2604 3056 
2605 
2606 2877 
2607 2833 
2608 
2609 3226 3319 
2610 3065 3265 3322 
2611 
2612 2681 2760 
2613 
2614 2764 
2615 
2616 3299 
2617 2843 
2618 
2619 2833 
2620 2849 
2621 3207 
2622 
2623 3272 
2624 
2625 
2626 
2627 3045 
2628 3033 
2629 2937 3691 
2630 4353 
2631 3218 
2632 2757 2779 3137 3327 
2633 
2634 2778 2960 
2635 3208 
2636 3251 
2637 3152 
2638 4543 
2639 3133 
2640 2726 3478 
2641 3237 
2642 3031 
2643 
2644 
2645 
2646 
2647 3258 
2648 3211 
2649 2723 
2650 3210 
2651 2936 
2652 3180 3268 
2653 2848 
2654 2806 
2655 
2656 3150 3642 
2657 2671 3006 
2658 
2659 3112 
2660 3123 3275 
2661 2960 
2662 
2663 
2664 2838 2937 
2665 
2666 3033 
2667 3314 3588 
2668 4094 
2669 3107 3855 
2670 3223 3471 
2671 3323 
2672 3237 
2673 2942 
2674 4050 
2675 2920 3868 
2676 
2677 2840 
2678 2683 2914 2998 3515 4737 4986 
2679 
2680 
2681 
2682 2755 
2683 
2684 3085 4527 
2685 
2686 2874 
2687 3170 3293 
2688 
2689 
2690 3243 
2691 2737 3219 
2692 
2693 3074 
2694 2906 3240 3280 3309 
2695 
2696 3226 
2697 2857 3025 
2698 
2699 
2700 2948 3319 
2701 2702 2872 
2702 4233 
2703 2831 
2704 
2705 
2706 
2707 3113 
2708 
2709 2730 3537 4664 
2710 
2711 
2712 4678 
2713 2895 3752 
2714 
2715 4616 
2716 3873 
2717 
2718 3042 
2719 2840 3198 
2720 3302 
2721 
2722 3206 3925 
2723 3116 
2724 
2725 2820 3178 
2726 2874 2885 3263 
2727 
2728 3218 
2729 
2730 3195 
2731 
2732 
2733 3248 
2734 
2735 2995 
2736 2795 
2737 
2738 2927 
2739 
2740 
2741 3300 
2742 3237 4393 
2743 2976 3240 
2744 3171 4529 4616 
2745 2830 3255 
2746 3362 
2747 
2748 4440 
2749 3016 
2750 3217 
2751 
2752 2875 2914 
2753 
2754 
2755 3147 
2756 
2757 
2758 2796 
2759 2869 
2760 3350 
2761 2772 
2762 3066 4580 
2763 
2764 2856 3545 4872 
2765 
2766 
2767 2923 3061 
2768 3206 
2769 
2770 
2771 
2772 
2773 
2774 
2775 4943 
2776 
2777 2837 2964 
2778 4512 
2779 2951 
2780 3077 4588 
2781 
2782 
2783 3116 
2784 2931 
2785 3078 
2786 
2787 
2788 
2789 
2790 2847 3010 
2791 
2792 3452 
2793 3323 
2794 4625 
2795 3928 
2796 2822 
2797 4916 
2798 
2799 4335 
2800 2958 3359 
2801 2964 3328 
2802 
2803 3180 
2804 3091 
2805 
2806 3530 
2807 3207 3692 
2808 
2809 3240 
2810 3103 3135 
2811 3130 
2812 
2813 
2814 
2815 
2816 3380 
2817 
2818 
2819 
2820 
2821 2829 4017 
2822 4304 
2823 3279 
2824 2831 
2825 
2826 3013 
2827 
2828 
2829 
2830 
2831 3302 
2832 2910 
2833 2987 
2834 
2835 3073 4852 
2836 3303 
2837 
2838 2881 
2839 3115 3183 3533 
2840 2984 
2841 3024 3092 
2842 
2843 
2844 3231 
2845 
2846 
2847 
2848 3700 
2849 2852 3033 
2850 3163 3221 
2851 
2852 
2853 
2854 
2855 
2856 
2857 
2858 3049 4117 
2859 2887 
2860 
2861 4324 
2862 
2863 3071 
2864 
2865 3021 4810 
2866 
2867 4383 
2868 
2869 2913 4900 
2870 
2871 2939 
2872 2977 4513 
2873 2954 3803 
2874 
2875 3242 
2876 
2877 
2878 3017 
2879 
2880 3101 
2881 3040 
2882 3281 
2883 3253 
2884 4774 
2885 
2886 2953 
2887 
2888 
2889 2908 3153 
2890 
2891 
2892 3135 
2893 
2894 3248 3650 
2895 3092 
2896 
2897 3827 
2898 
2899 
2900 3065 
2901 
2902 
2903 2906 4390 
2904 3211 3947 
2905 3932 
2906 4513 4582 
2907 
2908 3074 
2909 
2910 4088 
2911 3324 
2912 
2913 
2914 3008 3175 
2915 3114 
2916 4795 
2917 2921 
2918 2971 3925 
2919 
2920 
2921 
2922 2954 3599 
2923 3201 
2924 
2925 3103 
2926 3107 
2927 
2928 
2929 
2930 
2931 3894 
2932 
2933 
2934 3510 
2935 
2936 
2937 4399 
2938 3602 
2939 
2940 
2941 
2942 
2943 3171 3241 
2944 
2945 3086 
2946 
2947 
2948 
2949 
2950 
2951 
2952 3147 3743 
2953 
2954 3328 
2955 
2956 
2957 
2958 4052 
2959 
2960 3644 
2961 
2962 
2963 
2964 3050 3154 
2965 
2966 
2967 
2968 4683 
2969 
2970 3132 3205 
2971 
2972 
2973 3774 
2974 3108 
2975 3211 
2976 
2977 
2978 3290 
2979 3811 
2980 
2981 
2982 3145 3907 
2983 4374 
2984 2989 3280 4056 
2985 3299 
2986 
2987 3120 
2988 3196 
2989 3800 
2990 
2991 
2992 
2993 3151 
2994 3068 3085 3969 3990 
2995 
2996 3581 
2997 
2998 3236 
2999 3173 
3000 3237 
3001 
3002 
3003 
3004 3104 
3005 
3006 
3007 
3008 
3009 
3010 3271 
3011 
3012 3141 3281 
3013 
3014 4653 
3015 
3016 
3017 
3018 
3019 
3020 3203 4559 
3021 3137 4497 
3022 
3023 
3024 
3025 3215 
3026 3032 3654 
3027 
3028 
3029 
3030 
3031 
3032 
3033 
3034 
3035 3206 
3036 3094 
3037 
3038 
3039 
3040 
3041 
3042 3220 
3043 
3044 4416 
3045 
3046 
3047 
3048 
3049 3340 
3050 
3051 
3052 
3053 3215 
3054 
3055 3253 
3056 
3057 3209 
3058 3176 
3059 3073 
3060 
3061 3289 
3062 3275 
3063 
3064 3245 
3065 3169 4817 
3066 
3067 3269 
3068 3169 
3069 
3070 3096 
3071 4852 
3072 4062 
3073 
3074 
3075 
3076 3146 
3077 
3078 4610 
3079 
3080 
3081 
3082 
3083 
3084 3866 
3085 3261 
3086 
3087 
3088 
3089 
3090 
3091 
3092 3108 
3093 
3094 
3095 
3096 3321 
3097 
3098 4033 
3099 
3100 3165 3899 
3101 
3102 3210 
3103 4995 
3104 
3105 
3106 3176 
3107 
3108 
3109 
3110 
3111 
3112 
3113 
3114 
3115 3131 3170 
3116 
3117 
3118 
3119 
3120 3187 
3121 
3122 
3123 
3124 
3125 3257 
3126 
3127 3196 
3128 4930 
3129 
3130 
3131 4006 
3132 3902 
3133 3278 
3134 3273 
3135 
3136 
3137 
3138 
3139 
3140 3489 
3141 
3142 
3143 3155 3186 3327 
3144 
3145 
3146 
3147 
3148 3261 3861 
3149 
3150 
3151 
3152 3204 4916 
3153 3158 
3154 
3155 
3156 
3157 
3158 
3159 
3160 
3161 
3162 
3163 
3164 3795 
3165 
3166 
3167 
3168 
3169 
3170 4875 
3171 
3172 
3173 
3174 3821 
3175 
3176 
3177 
3178 
3179 3295 
3180 
3181 
3182 
3183 
3184 3920 
3185 
3186 
3187 
3188 3195 
3189 
3190 
3191 
3192 
3193 
3194 3314 3340 
3195 
3196 4387 
3197 
3198 
3199 3240 
3200 
3201 
3202 
3203 
3204 
3205 3735 
3206 
3207 
3208 
3209 4731 
3210 
3211 
3212 
3213 3280 4131 
3214 4100 4123 
3215 4608 
3216 
3217 
3218 
3219 
3220 4660 
3221 4132 
3222 
3223 
3224 4277 
3225 4395 
3226 
3227 
3228 
3229 3438 
3230 
3231 
3232 3310 3866 
3233 
3234 
3235 
3236 3309 
3237 3613 
3238 
3239 
3240 
3241 
3242 
3243 
3244 
3245 
3246 
3247 
3248 
3249 
3250 4583 
3251 
3252 
3253 
3254 
3255 
3256 
3257 
3258 3739 
3259 
3260 4548 
3261 
3262 
3263 
3264 4465 
3265 
3266 3314 
3267 4133 
3268 
3269 
3270 
3271 
3272 
3273 
3274 
3275 
3276 
3277 
3278 3298 
3279 4768 
3280 
3281 
3282 
3283 
3284 
3285 
3286 
3287 4295 
3288 
3289 3314 
3290 
3291 
3292 
3293 
3294 
3295 
3296 
3297 
3298 
3299 
3300 
3301 4695 
3302 
3303 
3304 
3305 4899 
3306 
3307 
3308 
3309 3755 
3310 
3311 
3312 4919 
3313 
3314 
3315 3891 4879 
3316 
3317 
3318 3684 
3319 4966 
3320 
3321 
3322 
3323 
3324 4031 
3325 
3326 
3327 3749 
3328 
3329 
3330 4670 
3331 
3332 3572 
3333 3343 4774 
3334 3388 
3335 3749 3789 4057 4627 
3336 3459 
3337 3775 
3338 3954 4898 
3339 3478 3963 4741 
3340 3641 
3341 3701 4540 4624 
3342 4152 4353 
3343 3817 
3344 
3345 4984 
3346 3539 4260 4263 4888 4939 
3347 4011 4225 4339 
3348 4517 
3349 4176 4465 4706 
3350 
3351 4586 
3352 3728 4602 4763 
3353 3467 3736 4335 
3354 4281 
3355 
3356 3423 
3357 
3358 4717 
3359 4210 
3360 
3361 3706 4241 
3362 4437 
3363 4385 4882 
3364 
3365 4046 
3366 
3367 3380 4145 4638 
3368 4196 4647 4795 
3369 4198 
3370 4114 4685 
3371 4952 
3372 4055 4155 4902 
3373 4762 4992 
3374 3545 
3375 4031 4322 4496 
3376 
3377 
3378 
3379 4292 
3380 3474 3515 4991 
3381 3671 
3382 3572 4786 
3383 3636 4408 4674 
3384 4510 
3385 3788 
3386 
3387 4132 4642 
3388 4814 
3389 3838 
3390 3632 3948 
3391 4357 4545 
3392 3464 4093 4209 
3393 3570 
3394 4803 
3395 3643 3841 4134 
3396 3534 4510 
3397 3634 4202 4219 4731 4944 
3398 3417 3990 4797 
3399 3458 
3400 4042 4103 4476 
3401 3534 4166 
3402 
3403 3691 4151 4630 
3404 4071 4639 
3405 3931 
3406 3410 
3407 3933 4426 
3408 4102 4127 4509 4823 
3409 3829 4791 
3410 3498 4420 
3411 4488 4732 4904 
3412 4154 4584 
3413 3616 3909 
3414 4849 
3415 3790 3887 4065 4244 
3416 
3417 4363 
3418 3783 
3419 4280 4772 
3420 
3421 3488 3578 4923 
3422 4253 4366 
3423 4161 4408 4599 
3424 4027 
3425 
3426 4673 4966 
3427 3924 4180 4437 4582 
3428 
3429 4782 4882 
3430 4571 
3431 3553 3571 
3432 3813 4688 
3433 3612 4968 
3434 3662 3800 3955 4022 4964 
3435 4974 
3436 
3437 
3438 4112 
3439 4467 
3440 
3441 3692 
3442 3612 
3443 4769 
3444 3767 4425 
3445 4482 
3446 3715 3806 4721 
3447 
3448 3533 4763 
3449 
3450 4003 4619 
3451 3594 4745 
3452 3614 
3453 3918 
3454 4736 
3455 
3456 
3457 
3458 
3459 4097 4687 4762 
3460 4402 
3461 
3462 3682 
3463 3768 
3464 3769 4019 
3465 
3466 4093 
3467 
3468 3586 4509 
3469 3666 3850 3876 
3470 4370 
3471 4030 4492 
3472 
3473 3824 4111 
3474 
3475 3659 4176 
3476 4586 4780 
3477 
3478 
3479 3978 
3480 
3481 4585 
3482 3911 4588 
3483 4653 4682 
3484 3770 4239 
3485 
3486 3511 3707 4210 4787 
3487 4165 4253 
3488 4736 
3489 3541 4219 4629 
3490 4834 
3491 
3492 4077 4503 
3493 
3494 
3495 
3496 3519 
3497 3773 4068 
3498 3619 4579 4702 
3499 3689 
3500 3620 4592 
3501 3504 4132 4854 
3502 3725 4104 4372 4386 4681 4757 
3503 3854 4752 
3504 
3505 3765 3917 4013 4650 
3506 4553 
3507 
3508 3726 3814 4155 4860 
3509 
3510 4222 4770 
3511 3660 3881 4285 
3512 3751 4517 
3513 
3514 
3515 4598 
3516 3737 3965 4178 4423 
3517 4909 
3518 3837 4277 4487 
3519 
3520 4900 4953 
3521 
3522 
3523 3580 4329 
3524 4832 
3525 3789 
3526 3931 
3527 
3528 3647 4219 4507 
3529 3908 3971 4951 4969 
3530 4021 
3531 3746 4495 
3532 3948 
3533 3965 4852 4980 
3534 3617 3638 4138 4829 
3535 
3536 3896 
3537 4542 
3538 4228 
3539 4247 
3540 
3541 
3542 4245 4912 
3543 3871 4518 
3544 3705 3849 4011 
3545 3587 
3546 
3547 
3548 
3549 3846 
3550 4564 
3551 4642 
3552 4030 
3553 
3554 4104 4792 4837 
3555 4182 
3556 4263 4530 
3557 3904 
3558 3678 
3559 4428 
3560 3568 3582 
3561 
3562 
3563 4645 
3564 4160 
3565 3964 4231 
3566 3634 4416 
3567 
3568 3823 4261 4647 
3569 3634 3999 
3570 3598 
3571 4025 
3572 4220 
3573 
3574 4226 4617 4744 4852 
3575 3888 
3576 3828 3856 4425 
3577 
3578 3821 4057 4691 
3579 3828 
3580 4304 
3581 4379 
3582 3637 4359 4561 4902 
3583 3792 3815 4491 4701 
3584 4176 4310 4647 
3585 4720 4892 
3586 4504 
3587 
3588 4975 4978 
3589 3661 3850 4710 
3590 4613 
3591 3602 4373 4470 
3592 
3593 4241 
3594 4236 
3595 
3596 3656 4797 4968 
3597 3799 
3598 4290 
3599 
3600 
3601 
3602 4714 
3603 3990 
3604 3643 
3605 4276 4461 4867 4911 
3606 3622 4920 
3607 4082 4156 
3608 3737 4834 
3609 3613 4638 
3610 3850 4336 
3611 4664 
3612 
3613 
3614 3619 4184 
3615 4223 4776 
3616 4187 
3617 3938 4560 
3618 
3619 3652 4487 
3620 4570 4694 
3621 3755 4319 
3622 4304 
3623 4035 4090 
3624 3809 4010 
3625 3906 4367 4592 
3626 4547 4902 
3627 
3628 4156 
3629 4461 4768 
3630 4714 
3631 4723 4793 
3632 4697 4950 
3633 3963 
3634 4537 
3635 3727 3752 
3636 4422 4477 4640 
3637 3725 
3638 
3639 
3640 4470 
3641 3783 4166 
3642 4395 
3643 3774 4242 4325 4904 
3644 4534 
3645 3915 4063 4681 4755 
3646 
3647 4894 
3648 4421 
3649 3746 
3650 4457 4731 
3651 3833 4088 
3652 4081 
3653 3858 4135 
3654 4606 
3655 4495 
3656 4462 4647 
3657 4937 
3658 4391 
3659 
3660 3860 4754 4767 4808 
3661 3670 4860 
3662 
3663 
3664 4817 
3665 
3666 
3667 3850 3961 4025 4730 
3668 
3669 4960 
3670 
3671 
3672 4167 4673 
3673 4711 
3674 4941 
3675 
3676 
3677 3937 4591 
3678 
3679 4907 
3680 4344 4825 4944 
3681 4257 
3682 
3683 4280 
3684 
3685 3867 4482 4538 
3686 4616 
3687 4760 
3688 4104 
3689 4171 4358 
3690 4074 4552 
3691 
3692 
3693 
3694 4935 
3695 3723 4722 4996 
3696 4352 4496 4914 
3697 
3698 
3699 4458 
3700 
3701 
3702 4453 4740 
3703 
3704 3985 4625 4796 
3705 
3706 3791 
3707 4893 
3708 
3709 
3710 
3711 3838 4289 
3712 3771 
3713 
3714 
3715 4230 
3716 
3717 3768 4661 4712 
3718 4539 4690 
3719 4067 
3720 4560 
3721 4415 4821 
3722 3873 3884 4777 
3723 4290 4822 
3724 4911 4939 
3725 4152 4457 
3726 4405 4726 
3727 
3728 3873 4494 
3729 3970 4841 
3730 4836 
3731 
3732 4762 
3733 
3734 4140 
3735 
3736 
3737 
3738 3884 4620 4763 
3739 3804 3920 4921 
3740 4171 4821 
3741 3806 
3742 4724 4826 
3743 3929 4201 4852 
3744 4002 4125 4461 4690 4837 
3745 4660 
3746 4212 4221 4654 
3747 4836 
3748 4473 
3749 4053 
3750 3768 3869 4869 
3751 3984 4403 
3752 4640 
3753 3971 
3754 4938 
3755 4037 4835 
3756 3949 4769 
3757 4436 
3758 4044 4047 
3759 
3760 3897 
3761 
3762 4365 
3763 4877 
3764 4281 4568 4715 
3765 
3766 4959 
3767 4427 4433 
3768 
3769 
3770 3948 
3771 4314 4632 
3772 
3773 4835 4868 4945 
3774 4887 
3775 
3776 3975 3999 4516 
3777 4483 4694 
3778 3967 4315 4977 
3779 
3780 
3781 
3782 
3783 
3784 3952 4295 4640 
3785 4344 
3786 3887 4037 4399 
3787 4540 
3788 4477 
3789 4541 
3790 4185 4761 4850 
3791 
3792 4474 4486 
3793 
3794 3839 4072 
3795 4221 
3796 4238 4257 
3797 3826 3941 
3798 
3799 4835 
3800 4545 
3801 
3802 
3803 4037 4091 4111 
3804 
3805 
3806 4884 
3807 3996 4841 
3808 4155 4550 4599 4812 4957 
3809 4406 4512 
3810 
3811 3894 4645 
3812 4589 4612 4948 
3813 4529 4714 4819 4879 4902 
3814 4504 
3815 
3816 3882 3889 4304 4634 
3817 3857 4094 4800 
3818 
3819 4374 
3820 
3821 4295 4856 4934 
3822 4348 4569 
3823 
3824 4480 
3825 4298 
3826 4225 
3827 
3828 4526 4733 
3829 4094 4987 
3830 4078 4515 
3831 4449 
3832 4621 4673 
3833 
3834 4610 
3835 3979 4239 
3836 4273 4379 4747 4780 
3837 
3838 
3839 4347 4788 
3840 4196 4414 
3841 4648 
3842 4132 4881 4940 
3843 4119 
3844 4188 4687 
3845 4449 4661 
3846 3945 4896 
3847 
3848 4817 
3849 3897 4671 
3850 4850 4855 
3851 3866 4060 4479 
3852 4541 
3853 4306 4819 
3854 
3855 
3856 
3857 3938 3957 4613 
3858 4082 4113 4303 4710 
3859 4700 
3860 3966 3999 4601 4853 
3861 4254 4866 
3862 4808 
3863 
3864 4819 
3865 4451 
3866 3869 4847 4968 
3867 3944 
3868 4466 
3869 
3870 
3871 3877 4655 
3872 3992 4318 4489 
3873 4370 
3874 4228 4766 
3875 4676 
3876 
3877 
3878 
3879 4230 4528 
3880 
3881 3895 4880 
3882 3908 4812 4982 
3883 3966 
3884 
3885 4383 4424 4644 
3886 4619 
3887 4964 
3888 4068 4099 4299 
3889 3920 4271 4788 
3890 
3891 4722 
3892 4170 4192 
3893 
3894 4343 
3895 4437 4607 
3896 
3897 4162 
3898 
3899 
3900 4984 
3901 4951 
3902 3962 4775 
3903 
3904 
3905 
3906 4338 
3907 4203 
3908 4400 
3909 4123 4125 4520 
3910 
3911 
3912 
3913 4452 
3914 4234 
3915 4367 
3916 
3917 4458 
3918 4484 
3919 
3920 4559 
3921 3954 
3922 4870 
3923 4350 
3924 4258 4295 
3925 
3926 
3927 
3928 4923 
3929 
3930 
3931 4499 
3932 
3933 
3934 3988 
3935 
3936 
3937 
3938 4624 
3939 4761 
3940 4521 4748 
3941 
3942 4627 4890 
3943 4427 
3944 3949 4292 
3945 4754 
3946 
3947 4011 
3948 
3949 4410 
3950 
3951 
3952 
3953 4397 4571 
3954 4059 
3955 
3956 4224 4563 
3957 4365 
3958 
3959 4766 
3960 4566 4636 
3961 
3962 
3963 4778 
3964 
3965 4890 
3966 4463 
3967 4294 
3968 4456 4484 
3969 4120 
3970 4573 
3971 4526 
3972 
3973 4774 
3974 
3975 4162 
3976 4077 4662 
3977 4283 
3978 4043 4643 
3979 3982 4665 
3980 
3981 4129 4411 4802 
3982 
3983 4132 
3984 4339 
3985 4097 
3986 
3987 4127 
3988 4992 
3989 4002 4443 
3990 4963 
3991 4496 4591 4822 
3992 4097 4744 
3993 
3994 
3995 
3996 4821 4856 
3997 
3998 
3999 4031 4078 4899 
4000 4352 4439 4618 
4001 4211 4654 
4002 
4003 
4004 4198 4468 
4005 4486 
4006 4891 
4007 4739 
4008 4156 
4009 4842 
4010 4315 4414 4814 4995 
4011 
4012 4290 
4013 4553 4824 
4014 4205 
4015 4298 4320 4412 4920 
4016 4129 
4017 4634 4875 
4018 4497 4511 4779 
4019 4281 4317 
4020 4054 4182 4527 
4021 4441 4589 4762 
4022 
4023 
4024 4075 
4025 
4026 4857 
4027 
4028 4480 
4029 4472 
4030 
4031 
4032 4668 
4033 4335 4355 
4034 
4035 
4036 
4037 4859 
4038 
4039 4493 4497 
4040 4424 4778 
4041 
4042 4183 4476 
4043 4169 4678 4997 
4044 4068 4782 4967 
4045 4568 4940 
4046 
4047 4479 4717 
4048 4643 
4049 4066 4554 
4050 
4051 4063 4652 
4052 4195 4257 
4053 
4054 
4055 
4056 4205 
4057 4311 4381 4970 4988 
4058 
4059 4887 
4060 4530 4934 
4061 
4062 4841 4940 
4063 4539 
4064 
4065 
4066 4895 
4067 4262 4627 
4068 4710 
4069 
4070 
4071 4446 
4072 4080 4245 4584 
4073 4138 4236 4845 4942 
4074 4989 
4075 4657 
4076 4256 4317 
4077 4365 
4078 4496 4711 
4079 4869 
4080 4203 
4081 
4082 
4083 4131 4692 
4084 
4085 
4086 4480 4526 4548 
4087 4577 
4088 
4089 4355 
4090 4858 
4091 
4092 
4093 4130 
4094 
4095 
4096 4262 
4097 
4098 4919 
4099 4332 
4100 
4101 
4102 4722 4876 
4103 4707 
4104 4951 
4105 4443 4607 
4106 
4107 4229 
4108 4994 
4109 4255 
4110 
4111 4166 4638 
4112 
4113 4539 
4114 
4115 
4116 4509 
4117 4207 
4118 
4119 
4120 
4121 4147 4567 
4122 4233 
4123 
4124 4458 4791 
4125 
4126 4843 
4127 4626 4883 
4128 4360 4613 4821 
4129 4148 4664 4735 
4130 
4131 4757 
4132 4364 4739 
4133 4405 
4134 4230 4650 
4135 4172 4420 4912 
4136 
4137 4649 4728 
4138 
4139 4239 4614 
4140 4184 4444 4783 
4141 4765 
4142 4179 4687 
4143 
4144 4781 
4145 4146 4275 
4146 
4147 
4148 
4149 
4150 4204 
4151 4261 4870 
4152 
4153 4406 4481 
4154 4915 
4155 4333 4613 4635 
4156 4242 
4157 
4158 
4159 4916 
4160 
4161 4941 
4162 4471 
4163 4280 
4164 4989 
4165 4682 
4166 
4167 
4168 
4169 4769 
4170 4506 
4171 
4172 
4173 
4174 4278 
4175 4918 
4176 
4177 4416 4566 
4178 
4179 
4180 4975 
4181 
4182 4492 4900 
4183 4877 
4184 4828 4997 
4185 
4186 
4187 
4188 
4189 4321 
4190 
4191 4313 
4192 4797 
4193 
4194 4989 
4195 
4196 
4197 4848 
4198 4752 
4199 
4200 4819 
4201 4715 
4202 
4203 4296 
4204 4967 
4205 
4206 4215 
4207 
4208 4703 4786 
4209 4735 
4210 
4211 
4212 4716 4730 
4213 4792 
4214 
4215 4518 4959 
4216 4384 4442 
4217 
4218 
4219 
4220 4460 
4221 
4222 4948 
4223 4453 4504 4794 
4224 
4225 4833 
4226 4910 
4227 
4228 4650 
4229 
4230 4451 4627 
4231 4769 
4232 
4233 
4234 4684 
4235 4462 
4236 4780 
4237 4289 
4238 4246 
4239 
4240 
4241 
4242 4755 
4243 
4244 4993 
4245 4374 
4246 4277 4401 4685 
4247 4468 4963 
4248 
4249 
4250 4455 4527 
4251 4442 
4252 4267 4328 
4253 4796 
4254 4786 4817 
4255 
4256 
4257 4277 4560 
4258 
4259 4361 
4260 
4261 4286 
4262 4451 
4263 
4264 4584 
4265 
4266 
4267 
4268 
4269 4450 
4270 
4271 
4272 
4273 
4274 4440 4541 4644 
4275 4572 
4276 4970 
4277 
4278 4475 
4279 
4280 
4281 
4282 4585 
4283 4344 4607 4691 4714 
4284 4465 4532 
4285 4793 4987 
4286 
4287 
4288 4513 
4289 4345 4607 4979 
4290 
4291 
4292 
4293 
4294 
4295 4537 
4296 
4297 4382 4388 
4298 4923 
4299 
4300 4391 
4301 
4302 4990 
4303 4328 
4304 
4305 
4306 
4307 4808 
4308 
4309 
4310 
4311 
4312 4711 
4313 
4314 4892 
4315 4554 
4316 
4317 4352 
4318 4335 
4319 
4320 
4321 
4322 4867 
4323 
4324 
4325 
4326 
4327 
4328 
4329 4583 
4330 4368 
4331 4781 
4332 
4333 
4334 4936 
4335 4490 
4336 
4337 4358 
4338 
4339 4688 
4340 
4341 
4342 
4343 
4344 4435 4765 
4345 4510 
4346 
4347 4885 
4348 
4349 4893 
4350 4772 
4351 4637 4860 
4352 
4353 
4354 
4355 
4356 4455 
4357 4532 
4358 4645 4773 
4359 
4360 4725 
4361 4889 
4362 4378 4420 
4363 
4364 4395 4493 4896 
4365 4656 
4366 4522 
4367 4882 4931 
4368 
4369 4868 
4370 4412 
4371 
4372 4816 4838 
4373 
4374 
4375 4415 4430 
4376 
4377 
4378 
4379 4732 
4380 
4381 4599 
4382 4994 
4383 4575 4935 
4384 
4385 4405 4676 
4386 
4387 4694 
4388 
4389 4657 
4390 
4391 4750 4845 
4392 4720 
4393 4973 
4394 
4395 
4396 
4397 
4398 4657 4769 
4399 
4400 
4401 
4402 
4403 
4404 4562 
4405 4957 
4406 
4407 4654 
4408 
4409 
4410 4535 
4411 
4412 4803 4818 
4413 4446 4676 4697 
4414 4592 
4415 4771 4852 
4416 
4417 
4418 4658 
4419 
4420 4745 
4421 
4422 
4423 
4424 4497 
4425 4431 
4426 
4427 
4428 4802 
4429 
4430 
4431 4659 
4432 
4433 
4434 
4435 
4436 4978 
4437 4845 
4438 4799 
4439 4499 
4440 
4441 4916 
4442 4905 
4443 4604 
4444 
4445 
4446 
4447 
4448 
4449 4657 
4450 4760 
4451 4541 4745 
4452 4536 
4453 
4454 4766 
4455 
4456 
4457 
4458 4721 
4459 4882 
4460 
4461 
4462 
4463 
4464 4688 4961 4987 
4465 
4466 4471 
4467 4597 
4468 4680 4970 
4469 
4470 
4471 
4472 
4473 4898 
4474 4834 
4475 4536 
4476 
4477 4842 4940 
4478 
4479 4554 
4480 
4481 
4482 
4483 
4484 
4485 
4486 4811 
4487 4645 
4488 4771 
4489 
4490 
4491 4862 
4492 4619 4980 
4493 4920 
4494 4914 4993 
4495 4899 
4496 4651 4722 
4497 
4498 4523 
4499 
4500 4662 
4501 
4502 
4503 4751 
4504 
4505 
4506 
4507 
4508 4520 
4509 4654 
4510 
4511 
4512 
4513 
4514 4802 
4515 4705 
4516 
4517 
4518 4598 
4519 
4520 
4521 4765 4930 
4522 
4523 
4524 4865 
4525 
4526 4844 
4527 
4528 
4529 4589 4742 4911 
4530 4969 
4531 
4532 
4533 
4534 
4535 4686 
4536 
4537 
4538 
4539 
4540 
4541 
4542 
4543 4720 4722 
4544 
4545 4597 
4546 4730 4765 
4547 
4548 
4549 
4550 
4551 
4552 4946 
4553 4616 
4554 4785 
4555 
4556 4567 
4557 
4558 4632 
4559 4780 
4560 
4561 4678 
4562 4803 4831 
4563 
4564 
4565 
4566 4568 4738 
4567 4584 
4568 
4569 
4570 
4571 
4572 4879 
4573 
4574 
4575 
4576 
4577 
4578 4986 
4579 
4580 
4581 4841 
4582 
4583 
4584 
4585 
4586 
4587 
4588 
4589 4793 
4590 4623 
4591 4876 
4592 
4593 4981 4995 
4594 4702 
4595 
4596 
4597 
4598 
4599 4971 
4600 
4601 4987 
4602 
4603 
4604 
4605 
4606 
4607 4814 
4608 
4609 4828 
4610 
4611 4734 4754 4786 
4612 4770 
4613 
4614 4808 
4615 
4616 4829 4961 
4617 4991 
4618 
4619 
4620 
4621 4637 
4622 
4623 
4624 
4625 4732 
4626 4726 
4627 4753 
4628 
4629 
4630 4698 
4631 
4632 
4633 
4634 
4635 
4636 
4637 
4638 4919 4977 
4639 
4640 4926 
4641 
4642 
4643 4971 
4644 4877 
4645 4790 4943 
4646 
4647 
4648 
4649 
4650 
4651 4808 
4652 4659 4743 
4653 
4654 
4655 
4656 
4657 
4658 
4659 
4660 
4661 
4662 
4663 
4664 
4665 
4666 
4667 4899 
4668 4810 
4669 
4670 
4671 
4672 
4673 
4674 4847 
4675 
4676 4762 
4677 4766 
4678 
4679 
4680 
4681 
4682 
4683 
4684 4926 
4685 
4686 
4687 
4688 
4689 
4690 4745 
4691 
4692 
4693 
4694 
4695 4988 
4696 
4697 
4698 
4699 
4700 4861 
4701 
4702 4756 4988 
4703 4851 
4704 
4705 
4706 4868 
4707 
4708 4804 4825 
4709 4794 
4710 4813 
4711 4783 
4712 
4713 
4714 
4715 
4716 
4717 
4718 4928 4935 
4719 
4720 4975 
4721 
4722 
4723 
4724 
4725 
4726 4959 
4727 
4728 
4729 4731 4989 
4730 
4731 
4732 
4733 4893 4981 
4734 4836 
4735 
4736 
4737 4892 
4738 
4739 4856 
4740 
4741 
4742 
4743 
4744 
4745 
4746 
4747 
4748 
4749 
4750 4978 
4751 4846 
4752 
4753 
4754 
4755 
4756 
4757 
4758 
4759 4898 
4760 
4761 
4762 
4763 
4764 
4765 
4766 
4767 
4768 
4769 4962 
4770 
4771 
4772 4926 
4773 
4774 
4775 4979 
4776 
4777 4784 
4778 
4779 
4780 
4781 
4782 
4783 
4784 
4785 
4786 
4787 
4788 
4789 
4790 
4791 
4792 
4793 
4794 
4795 4820 
4796 
4797 
4798 
4799 
4800 4946 4954 4973 
4801 
4802 
4803 4975 
4804 
4805 
4806 4946 
4807 
4808 4997 
4809 
4810 
4811 
4812 
4813 4864 
4814 
4815 4818 4852 
4816 
4817 4899 
4818 
4819 
4820 
4821 
4822 4970 
4823 
4824 
4825 4869 
4826 
4827 
4828 4952 
4829 4830 
4830 
4831 
4832 
4833 
4834 
4835 
4836 
4837 
4838 4866 
4839 
4840 
4841 
4842 
4843 
4844 
4845 4954 
4846 
4847 
4848 4946 
4849 
4850 
4851 
4852 
4853 
4854 
4855 
4856 
4857 
4858 4935 
4859 
4860 
4861 
4862 
4863 4944 
4864 
4865 
4866 
4867 
4868 
4869 
4870 
4871 
4872 
4873 
4874 
4875 
4876 
4877 
4878 4908 
4879 
4880 
4881 
4882 
4883 
4884 
4885 
4886 
4887 
4888 
4889 
4890 
4891 
4892 
4893 
4894 
4895 
4896 
4897 
4898 
4899 
4900 
4901 
4902 
4903 
4904 
4905 
4906 
4907 
4908 
4909 
4910 
4911 
4912 
4913 
4914 
4915 
4916 
4917 
4918 
4919 
4920 
4921 
4922 
4923 
4924 
4925 4927 
4926 
4927 
4928 
4929 
4930 
4931 
4932 
4933 
4934 
4935 
4936 
4937 
4938 
4939 
4940 
4941 
4942 
4943 
4944 
4945 
4946 
4947 
4948 4978 
4949 
4950 
4951 
4952 
4953 
4954 
4955 
4956 
4957 
4958 
4959 
4960 
4961 
4962 
4963 
4964 
4965 
4966 4967 
4967 
4968 
4969 
4970 
4971 
4972 
4973 
4974 
4975 
4976 
4977 
4978 
4979 
4980 
4981 
4982 
4983 
4984 
4985 
4986 
4987 
4988 
4989 
4990 
4991 
4992 
4993 
4994 
4995 
4996 
4997 
4998 
4999 
[0, 0, 0, 0, 0, 0, 0, 0, 0, 0, 0, 0, 0, 0, 0, 0, 0, 0, 0, 0, 0, 0, 0, 0, 0, 0, 0, 0, 0, 0, 0, 0, 0, 0, 0, 0, 0, 0, 0, 0, 0, 0, 0, 0, 0, 0, 0, 0, 0, 0, 0, 0, 0, 0, 0, 0, 0, 0, 0, 0, 0, 0, 0, 0, 0, 0, 0, 0, 0, 0, 0, 0, 0, 0, 0, 0, 0, 0, 0, 0, 0, 0, 0, 0, 0, 0, 0, 0, 0, 0, 0, 0, 0, 0, 0, 0, 0, 0, 0, 0, 0, 0, 0, 0, 0, 0, 0, 0, 0, 0, 0, 0, 0, 0, 0, 0, 0, 0, 0, 0, 0, 0, 0, 0, 0, 0, 0, 0, 0, 0, 0, 0, 0, 0, 0, 0, 0, 0, 0, 0, 0, 0, 0, 0, 0, 0, 0, 0, 0, 0, 0, 0, 0, 0, 0, 0, 0, 0, 0, 0, 0, 0, 0, 0, 0, 0, 0, 0, 0, 0, 0, 0, 0, 0, 0, 0, 0, 0, 0, 0, 0, 0, 0, 0, 0, 0, 0, 0, 0, 0, 0, 0, 0, 0, 0, 0, 0, 0, 0, 0, 0, 0, 0, 0, 0, 0, 0, 0, 0, 0, 0, 0, 0, 0, 0, 0, 0, 0, 0, 0, 0, 0, 0, 0, 0, 0, 0, 0, 0, 0, 0, 0, 0, 0, 0, 0, 0, 0, 0, 0, 0, 0, 0, 0, 0, 0, 0, 0, 0, 0, 0, 0, 0, 0, 0, 0, 0, 0, 0, 0, 0, 0, 0, 0, 0, 0, 0, 0, 0, 0, 0, 0, 0, 0, 0, 0, 0, 0, 0, 0, 0, 0, 0, 0, 0, 0, 0, 0, 0, 0, 0, 0, 0, 0, 0, 0, 0, 0, 0, 0, 0, 0, 0, 0, 0, 0, 0, 0, 0, 0, 0, 0, 0, 0, 0, 0, 0, 0, 0, 0, 0, 0, 0, 0, 0, 0, 0, 0, 0, 0, 0, 0, 0, 0, 0, 0, 0, 0, 0, 0, 0, 0, 0, 0, 0, 0, 0, 0, 0, 0, 0, 0, 0, 0, 0, 0, 0, 0, 0, 0, 0, 0, 0, 0, 0, 0, 0, 0, 0, 0, 0, 0, 0, 0, 0, 0, 0, 0, 0, 0, 0, 0, 0, 0, 0, 0, 0, 0, 0, 0, 0, 0, 0, 0, 0, 0, 0, 0, 0, 0, 0, 0, 0, 0, 0, 0, 0, 0, 0, 0, 0, 0, 0, 0, 0, 0, 0, 0, 0, 0, 0, 0, 0, 0, 0, 0, 0, 0, 0, 0, 0, 0, 0, 0, 0, 0, 0, 0, 0, 0, 0, 0, 0, 0, 0, 0, 0, 0, 0, 0, 0, 0, 0, 0, 0, 0, 0, 0, 0, 0, 0, 0, 0, 0, 0, 0, 0, 0, 0, 0, 0, 0, 0, 0, 0, 0, 0, 0, 0, 0, 0, 0, 0, 0, 0, 0, 0, 0, 0, 0, 0, 0, 0, 0, 0, 0, 0, 0, 0, 0, 0, 0, 0, 0, 0, 0, 0, 0, 0, 0, 0, 0, 0, 0, 0, 0, 0, 0, 0, 0, 0, 0, 0, 0, 0, 0, 0, 0, 0, 0, 0, 0, 0, 0, 0, 0, 0, 0, 0, 0, 0, 0, 0, 0, 0, 0, 0, 0, 0, 0, 0, 0, 0, 0, 0, 0, 0, 0, 0, 0, 0, 0, 0, 0, 0, 0, 0, 0, 0, 0, 0, 0, 0, 0, 0, 0, 0, 0, 0, 0, 0, 0, 0, 0, 0, 0, 0, 0, 0, 0, 0, 0, 0, 0, 0, 0, 0, 0, 0, 0, 0, 0, 0, 0, 0, 0, 0, 0, 0, 0, 0, 0, 0, 0, 0, 0, 0, 0, 0, 0, 0, 0, 0, 0, 0, 0, 0, 0, 0, 0, 0, 0, 0, 0, 0, 0, 0, 0, 0, 0, 0, 0, 0, 0, 0, 0, 0, 0, 0, 0, 0, 0, 0, 0, 0, 0, 0, 0, 0, 0, 0, 0, 0, 0, 0, 0, 0, 0, 0, 0, 0, 0, 0, 0, 0, 0, 0, 0, 0, 0, 0, 0, 0, 0, 0, 0, 0, 0, 0, 0, 0, 0, 0, 0, 0, 0, 0, 0, 0, 0, 0, 0, 0, 0, 0, 0, 0, 0, 0, 0, 0, 0, 0, 0, 0, 0, 0, 0, 0, 0, 0, 0, 0, 0, 0, 0, 0, 0, 0, 0, 0, 0, 0, 0, 0, 0, 0, 0, 0, 0, 0, 0, 0, 0, 0, 0, 0, 0, 0, 0, 0, 0, 0, 0, 0, 0, 0, 0, 0, 0, 0, 0, 0, 0, 0, 0, 0, 0, 0, 0, 0, 0, 0, 0, 0, 0, 0, 0, 0, 0, 0, 0, 0, 0, 0, 0, 0, 0, 0, 0, 0, 0, 0, 0, 0, 0, 0, 0, 0, 0, 0, 0, 0, 0, 0, 0, 0, 0, 0, 0, 0, 0, 0, 0, 0, 0, 0, 0, 0, 0, 0, 0, 0, 0, 0, 0, 0, 0, 0, 0, 0, 0, 0, 0, 0, 0, 0, 0, 0, 0, 0, 0, 0, 0, 0, 0, 0, 0, 0, 0, 0, 0, 0, 0, 0, 0, 0, 0, 0, 0, 0, 0, 0, 0, 0, 0, 0, 0, 0, 0, 0, 0, 0, 0, 0, 0, 0, 0, 0, 0, 0, 0, 0, 0, 0, 0, 0, 0, 0, 0, 0, 0, 0, 0, 0, 0, 0, 0, 0, 0, 0, 0, 0, 0, 0, 0, 0, 0, 0, 0, 0, 0, 0, 0, 0, 0, 0, 0, 0, 0, 0, 0, 0, 0, 0, 0, 0, 0, 0, 0, 0, 0, 0, 0, 0, 0, 0, 0, 0, 0, 0, 0, 0, 0, 0, 0, 0, 0, 0, 0, 0, 0, 0, 0, 0, 0, 0, 0, 0, 0, 0, 0, 0, 0, 0, 0, 0, 0, 0, 0, 0, 0, 0, 0, 0, 0, 0, 0, 0, 0, 0, 0, 0, 0, 0, 0, 0, 0, 0, 0, 0, 0, 0, 0, 0, 0, 0, 0, 0, 0, 0, 0, 0, 0, 0, 0, 0, 0, 0, 0, 0, 0, 0, 0, 0, 0, 0, 0, 0, 0, 0, 0, 0, 0, 0, 0, 0, 0, 0, 0, 0, 0, 0, 0, 0, 0, 0, 0, 0, 0, 0, 0, 0, 0, 0, 0, 0, 0, 0, 0, 0, 0, 0, 0, 0, 0, 0, 0, 0, 0, 0, 0, 0, 0, 0, 0, 0, 0, 0, 0, 0, 0, 0, 0, 0, 0, 0, 0, 0, 0, 0, 0, 0, 0, 0, 0, 0, 0, 0, 0, 0, 0, 0, 0, 0, 0, 0, 0, 0, 0, 0, 0, 0, 0, 0, 0, 0, 0, 0, 0, 0, 0, 0, 0, 0, 0, 0, 0, 0, 0, 0, 0, 0, 0, 0, 0, 0, 0, 0, 0, 0, 0, 0, 0, 0, 0, 0, 0, 0, 0, 0, 0, 0, 0, 0, 0, 0, 0, 0, 0, 0, 0, 0, 0, 0, 0, 0, 0, 0, 0, 0, 0, 0, 0, 0, 0, 0, 0, 0, 0, 0, 0, 0, 0, 0, 0, 0, 0, 0, 0, 0, 0, 0, 0, 0, 0, 0, 0, 0, 0, 0, 0, 0, 0, 0, 0, 0, 0, 0, 0, 0, 0, 0, 0, 0, 0, 0, 0, 0, 0, 0, 0, 0, 0, 0, 0, 0, 0, 0, 0, 0, 0, 0, 0, 0, 0, 0, 0, 0, 0, 0, 0, 0, 0, 0, 0, 0, 0, 0, 0, 0, 0, 0, 0, 0, 0, 0, 0, 0, 0, 0, 0, 0, 0, 0, 0, 0, 0, 0, 0, 0, 0, 0, 0, 0, 0, 0, 0, 0, 0, 0, 0, 0, 0, 0, 0, 0, 0, 0, 0, 0, 0, 0, 0, 0, 0, 0, 0, 0, 0, 0, 0, 0, 0, 0, 0, 0, 0, 0, 0, 0, 0, 0, 0, 0, 0, 0, 0, 0, 0, 0, 0, 0, 0, 0, 0, 0, 0, 0, 0, 0, 0, 0, 0, 0, 0, 0, 0, 0, 0, 0, 0, 0, 0, 0, 0, 0, 0, 0, 0, 0, 0, 0, 0, 0, 0, 0, 0, 0, 0, 0, 0, 0, 0, 0, 0, 0, 0, 0, 0, 0, 0, 0, 0, 0, 0, 0, 0, 0, 0, 0, 0, 0, 0, 0, 0, 0, 0, 0, 0, 0, 0, 0, 0, 0, 0, 0, 0, 0, 0, 0, 0, 0, 0, 0, 0, 0, 0, 0, 0, 0, 0, 0, 0, 0, 0, 0, 0, 0, 0, 0, 0, 0, 0, 0, 0, 0, 0, 0, 0, 0, 0, 0, 0, 0, 0, 0, 0, 0, 0, 0, 0, 0, 0, 0, 0, 0, 0, 0, 0, 0, 0, 0, 0, 0, 0, 0, 0, 0, 0, 0, 0, 0, 0, 0, 0, 0, 0, 0, 0, 0, 0, 0, 0, 0, 0, 0, 0, 0, 0, 0, 0, 0, 0, 0, 0, 0, 0, 0, 0, 0, 0, 0, 0, 0, 0, 0, 0, 0, 0, 0, 0, 0, 0, 0, 0, 0, 0, 0, 0, 0, 0, 0, 0, 0, 0, 0, 0, 0, 0, 0, 0, 0, 0, 0, 0, 0, 0, 0, 0, 0, 0, 0, 0, 0, 0, 0, 0, 0, 0, 0, 0, 0, 0, 0, 0, 0, 0, 0, 0, 0, 0, 0, 0, 0, 0, 0, 0, 0, 0, 0, 0, 0, 0, 0, 0, 0, 0, 0, 0, 0, 0, 0, 0, 0, 0, 0, 0, 0, 0, 0, 0, 0, 0, 0, 0, 0, 0, 0, 0, 0, 0, 0, 0, 0, 0, 0, 0, 0, 0, 0, 0, 0, 0, 0, 0, 0, 0, 0, 0, 0, 0, 0, 0, 0, 0, 0, 0, 0, 0, 0, 0, 0, 0, 0, 0, 0, 0, 0, 0, 0, 0, 0, 0, 0, 0, 0, 0, 0, 0, 0, 0, 0, 0, 0, 0, 0, 0, 0, 0, 0, 0, 0, 0, 0, 0, 0, 0, 0, 0, 0, 0, 0, 0, 0, 0, 0, 0, 0, 0, 0, 0, 0, 0, 0, 0, 1, 1, 1, 1, 1, 1, 1, 1, 1, 1, 1, 1, 1, 1, 1, 1, 1, 1, 1, 1, 1, 1, 1, 1, 1, 1, 1, 1, 1, 1, 1, 1, 1, 1, 1, 1, 1, 1, 1, 1, 1, 1, 1, 1, 1, 1, 1, 1, 1, 1, 1, 1, 1, 1, 1, 1, 1, 1, 1, 1, 1, 1, 1, 1, 1, 1, 1, 1, 1, 1, 1, 1, 1, 1, 1, 1, 1, 1, 1, 1, 1, 1, 1, 1, 1, 1, 1, 1, 1, 1, 1, 1, 1, 1, 1, 1, 1, 1, 1, 1, 1, 1, 1, 1, 1, 1, 1, 1, 1, 1, 1, 1, 1, 1, 1, 1, 1, 1, 1, 1, 1, 1, 1, 1, 1, 1, 1, 1, 1, 1, 1, 1, 1, 1, 1, 1, 1, 1, 1, 1, 1, 1, 1, 1, 1, 1, 1, 1, 1, 1, 1, 1, 1, 1, 1, 1, 1, 1, 1, 1, 1, 1, 1, 1, 1, 1, 1, 1, 1, 1, 1, 1, 1, 1, 1, 1, 1, 1, 1, 1, 1, 1, 1, 1, 1, 1, 1, 1, 1, 1, 1, 1, 1, 1, 1, 1, 1, 1, 1, 1, 1, 1, 1, 1, 1, 1, 1, 1, 1, 1, 1, 1, 1, 1, 1, 1, 1, 1, 1, 1, 1, 1, 1, 1, 1, 1, 1, 1, 1, 1, 1, 1, 1, 1, 1, 1, 1, 1, 1, 1, 1, 1, 1, 1, 1, 1, 1, 1, 1, 1, 1, 1, 1, 1, 1, 1, 1, 1, 1, 1, 1, 1, 1, 1, 1, 1, 1, 1, 1, 1, 1, 1, 1, 1, 1, 1, 1, 1, 1, 1, 1, 1, 1, 1, 1, 1, 1, 1, 1, 1, 1, 1, 1, 1, 1, 1, 1, 1, 1, 1, 1, 1, 1, 1, 1, 1, 1, 1, 1, 1, 1, 1, 1, 1, 1, 1, 1, 1, 1, 1, 1, 1, 1, 1, 1, 1, 1, 1, 1, 1, 1, 1, 1, 1, 1, 1, 1, 1, 1, 1, 1, 1, 1, 1, 1, 1, 1, 1, 1, 1, 1, 1, 1, 1, 1, 1, 1, 1, 1, 1, 1, 1, 1, 1, 1, 1, 1, 1, 1, 1, 1, 1, 1, 1, 1, 1, 1, 1, 1, 1, 1, 1, 1, 1, 1, 1, 1, 1, 1, 1, 1, 1, 1, 1, 1, 1, 1, 1, 1, 1, 1, 1, 1, 1, 1, 1, 1, 1, 1, 1, 1, 1, 1, 1, 1, 1, 1, 1, 1, 1, 1, 1, 1, 1, 1, 1, 1, 1, 1, 1, 1, 1, 1, 1, 1, 1, 1, 1, 1, 1, 1, 1, 1, 1, 1, 1, 1, 1, 1, 1, 1, 1, 1, 1, 1, 1, 1, 1, 1, 1, 1, 1, 1, 1, 1, 1, 1, 1, 1, 1, 1, 1, 1, 1, 1, 1, 1, 1, 1, 1, 1, 1, 1, 1, 1, 1, 1, 1, 1, 1, 1, 1, 1, 1, 1, 1, 1, 1, 1, 1, 1, 1, 1, 1, 1, 1, 1, 1, 1, 1, 1, 1, 1, 1, 1, 1, 1, 1, 1, 1, 1, 1, 1, 1, 1, 1, 1, 1, 1, 1, 1, 1, 1, 1, 1, 1, 1, 1, 1, 1, 1, 1, 1, 1, 1, 1, 1, 1, 1, 1, 1, 1, 1, 1, 1, 1, 1, 1, 1, 1, 1, 1, 1, 1, 1, 1, 1, 1, 1, 1, 1, 1, 1, 1, 1, 1, 1, 1, 1, 1, 1, 1, 1, 1, 1, 1, 1, 1, 1, 1, 1, 1, 1, 1, 1, 1, 1, 1, 1, 1, 1, 1, 1, 1, 1, 1, 1, 1, 1, 1, 1, 1, 1, 1, 1, 1, 1, 1, 1, 1, 1, 1, 1, 1, 1, 1, 1, 1, 1, 1, 1, 1, 1, 1, 1, 1, 1, 1, 1, 1, 1, 1, 1, 1, 1, 1, 1, 1, 1, 1, 1, 1, 1, 1, 1, 1, 1, 1, 1, 1, 1, 1, 1, 1, 1, 1, 1, 1, 1, 1, 1, 1, 1, 1, 1, 1, 1, 1, 1, 1, 1, 1, 1, 1, 1, 1, 1, 1, 1, 1, 1, 1, 1, 1, 1, 1, 1, 1, 1, 1, 1, 1, 1, 1, 1, 1, 1, 1, 1, 1, 1, 1, 1, 1, 1, 1, 1, 1, 1, 1, 1, 1, 1, 1, 1, 1, 1, 1, 1, 1, 1, 1, 1, 1, 1, 1, 1, 1, 1, 1, 1, 1, 1, 1, 1, 1, 1, 1, 1, 1, 1, 1, 1, 1, 1, 1, 1, 1, 1, 1, 1, 1, 1, 1, 1, 1, 1, 1, 1, 1, 1, 1, 1, 1, 1, 1, 1, 1, 1, 1, 1, 1, 1, 1, 1, 1, 1, 1, 1, 1, 1, 1, 1, 1, 1, 1, 1, 1, 1, 1, 1, 1, 1, 1, 1, 1, 1, 1, 1, 1, 1, 1, 1, 1, 1, 1, 1, 1, 1, 1, 1, 1, 1, 1, 1, 1, 1, 1, 1, 1, 1, 1, 1, 1, 1, 1, 1, 1, 1, 1, 1, 1, 1, 1, 1, 1, 1, 1, 1, 1, 1, 1, 1, 1, 1, 1, 1, 1, 1, 1, 1, 1, 1, 1, 1, 1, 1, 1, 1, 1, 1, 1, 1, 1, 1, 1, 1, 1, 1, 1, 1, 1, 1, 1, 1, 1, 1, 1, 1, 1, 1, 1, 1, 1, 1, 1, 1, 1, 1, 1, 1, 1, 1, 1, 1, 1, 1, 1, 1, 1, 1, 1, 1, 1, 1, 1, 1, 1, 1, 1, 1, 1, 1, 1, 1, 1, 1, 1, 1, 1, 1, 1, 1, 1, 1, 1, 1, 1, 1, 1, 1, 1, 1, 1, 1, 1, 1, 1, 1, 1, 1, 1, 1, 1, 1, 1, 1, 1, 1, 1, 1, 1, 1, 1, 1, 1, 1, 1, 1, 1, 1, 1, 1, 1, 1, 1, 1, 1, 1, 1, 1, 1, 1, 1, 1, 1, 1, 1, 1, 1, 1, 1, 1, 1, 1, 1, 1, 1, 1, 1, 1, 1, 1, 1, 1, 1, 1, 1, 1, 1, 1, 1, 1, 1, 1, 1, 1, 1, 1, 1, 1, 1, 1, 1, 1, 1, 1, 1, 1, 1, 1, 1, 1, 1, 1, 1, 1, 1, 1, 1, 1, 1, 1, 1, 1, 1, 1, 1, 1, 1, 1, 1, 1, 1, 1, 1, 1, 1, 1, 1, 1, 1, 1, 1, 1, 1, 1, 1, 1, 1, 1, 1, 1, 1, 1, 1, 1, 1, 1, 1, 1, 1, 1, 1, 1, 1, 1, 1, 1, 1, 1, 1, 1, 1, 1, 1, 1, 1, 1, 1, 1, 1, 1, 1, 1, 1, 1, 1, 1, 1, 1, 1, 1, 1, 1, 1, 1, 1, 1, 1, 1, 1, 1, 1, 1, 1, 1, 1, 1, 1, 1, 1, 1, 1, 1, 1, 1, 1, 1, 1, 1, 1, 1, 1, 1, 1, 1, 1, 1, 1, 1, 1, 1, 1, 1, 1, 1, 1, 1, 1, 1, 1, 1, 1, 1, 1, 1, 1, 1, 1, 1, 1, 1, 1, 1, 1, 1, 1, 1, 1, 1, 1, 1, 1, 1, 1, 1, 1, 1, 1, 1, 1, 1, 1, 1, 1, 1, 1, 1, 1, 1, 1, 1, 1, 1, 1, 1, 1, 1, 1, 1, 1, 1, 1, 1, 1, 1, 1, 1, 1, 1, 1, 1, 1, 1, 1, 1, 1, 1, 1, 1, 1, 1, 1, 1, 1, 1, 1, 1, 1, 1, 1, 1, 1, 1, 1, 1, 1, 1, 1, 1, 1, 1, 1, 1, 1, 1, 1, 1, 1, 1, 1, 1, 1, 1, 1, 1, 1, 1, 1, 1, 1, 1, 1, 1, 1, 1, 1, 1, 1, 1, 1, 1, 1, 1, 1, 1, 1, 1, 1, 1, 1, 1, 1, 1, 1, 1, 1, 1, 1, 1, 1, 1, 1, 1, 1, 1, 1, 1, 1, 1, 1, 1, 1, 1, 1, 1, 1, 1, 1, 1, 1, 1, 1, 1, 1, 1, 1, 1, 1, 1, 1, 1, 1, 1, 1, 1, 1, 1, 1, 1, 1, 1, 1, 1, 1, 1, 1, 1, 1, 1, 1, 1, 1, 1, 1, 1, 1, 1, 1, 1, 1, 1, 1, 1, 1, 1, 1, 1, 1, 1, 1, 1, 1, 1, 1, 1, 1, 1, 1, 1, 1, 1, 1, 1, 1, 1, 1, 1, 1, 1, 1, 1, 1, 1, 1, 1, 1, 1, 1, 1, 1, 1, 1, 1, 1, 1, 1, 1, 1, 1, 1, 1, 1, 1, 1, 1, 1, 1, 1, 1, 1, 1, 1, 1, 1, 1, 1, 1, 1, 1, 1, 1, 1, 1, 1, 1, 1, 1, 1, 1, 1, 1, 1, 1, 1, 1, 1, 1, 1, 1, 1, 1, 1, 1, 1, 1, 1, 1, 1, 1, 1, 1, 1, 1, 1, 1, 1, 1, 1, 1, 1, 1, 1, 1, 1, 1, 1, 1, 1, 1, 1, 1, 1, 1, 1, 1, 1, 1, 1, 1, 1, 1, 1, 1, 1, 1, 1, 1, 1, 1, 1, 1, 1, 1, 1, 1, 1, 1, 1, 1, 1, 1, 1, 1, 1, 1, 1, 1, 1, 1, 1, 1, 1, 1, 1, 1, 1, 1, 1, 1, 1, 1, 1, 1, 1, 1, 1, 1, 1, 1, 1, 1, 1, 1, 1, 1, 1, 1, 1, 1, 1, 1, 1, 1, 1, 1, 1, 1, 1, 1, 1, 1, 1, 1, 1, 1, 1, 1, 1, 1, 1, 1, 1, 1, 1, 1, 1, 1, 1, 1, 1, 1, 1, 1, 1, 1, 1, 1, 1, 1, 1, 1, 1, 1, 1, 1, 1, 1, 1, 1, 1, 1, 1, 1, 1, 1, 1, 1, 1, 1, 1, 1, 1, 1, 1, 1, 1, 1, 1, 1, 1, 1, 1, 1, 1, 1, 1, 1, 1, 1, 1, 1, 1, 1, 1, 1, 1, 1, 1, 1, 1, 1, 1, 1, 1, 1, 1, 1, 1, 1, 1, 1, 1, 1, 1, 1, 1, 1, 1, 1, 1, 1, 1, 1, 1, 2, 2, 2, 2, 2, 2, 2, 2, 2, 2, 2, 2, 2, 2, 2, 2, 2, 2, 2, 2, 2, 2, 2, 2, 2, 2, 2, 2, 2, 2, 2, 2, 2, 2, 2, 2, 2, 2, 2, 2, 2, 2, 2, 2, 2, 2, 2, 2, 2, 2, 2, 2, 2, 2, 2, 2, 2, 2, 2, 2, 2, 2, 2, 2, 2, 2, 2, 2, 2, 2, 2, 2, 2, 2, 2, 2, 2, 2, 2, 2, 2, 2, 2, 2, 2, 2, 2, 2, 2, 2, 2, 2, 2, 2, 2, 2, 2, 2, 2, 2, 2, 2, 2, 2, 2, 2, 2, 2, 2, 2, 2, 2, 2, 2, 2, 2, 2, 2, 2, 2, 2, 2, 2, 2, 2, 2, 2, 2, 2, 2, 2, 2, 2, 2, 2, 2, 2, 2, 2, 2, 2, 2, 2, 2, 2, 2, 2, 2, 2, 2, 2, 2, 2, 2, 2, 2, 2, 2, 2, 2, 2, 2, 2, 2, 2, 2, 2, 2, 2, 2, 2, 2, 2, 2, 2, 2, 2, 2, 2, 2, 2, 2, 2, 2, 2, 2, 2, 2, 2, 2, 2, 2, 2, 2, 2, 2, 2, 2, 2, 2, 2, 2, 2, 2, 2, 2, 2, 2, 2, 2, 2, 2, 2, 2, 2, 2, 2, 2, 2, 2, 2, 2, 2, 2, 2, 2, 2, 2, 2, 2, 2, 2, 2, 2, 2, 2, 2, 2, 2, 2, 2, 2, 2, 2, 2, 2, 2, 2, 2, 2, 2, 2, 2, 2, 2, 2, 2, 2, 2, 2, 2, 2, 2, 2, 2, 2, 2, 2, 2, 2, 2, 2, 2, 2, 2, 2, 2, 2, 2, 2, 2, 2, 2, 2, 2, 2, 2, 2, 2, 2, 2, 2, 2, 2, 2, 2, 2, 2, 2, 2, 2, 2, 2, 2, 2, 2, 2, 2, 2, 2, 2, 2, 2, 2, 2, 2, 2, 2, 2, 2, 2, 2, 2, 2, 2, 2, 2, 2, 2, 2, 2, 2, 2, 2, 2, 2, 2, 2, 2, 2, 2, 2, 2, 2, 2, 2, 2, 2, 2, 2, 2, 2, 2, 2, 2, 2, 2, 2, 2, 2, 2, 2, 2, 2, 2, 2, 2, 2, 2, 2, 2, 2, 2, 2, 2, 2, 2, 2, 2, 2, 2, 2, 2, 2, 2, 2, 2, 2, 2, 2, 2, 2, 2, 2, 2, 2, 2, 2, 2, 2, 2, 2, 2, 2, 2, 2, 2, 2, 2, 2, 2, 2, 2, 2, 2, 2, 2, 2, 2, 2, 2, 2, 2, 2, 2, 2, 2, 2, 2, 2, 2, 2, 2, 2, 2, 2, 2, 2, 2, 2, 2, 2, 2, 2, 2, 2, 2, 2, 2, 2, 2, 2, 2, 2, 2, 2, 2, 2, 2, 2, 2, 2, 2, 2, 2, 2, 2, 2, 2, 2, 2, 2, 2, 2, 2, 2, 2, 2, 2, 2, 2, 2, 2, 2, 2, 2, 2, 2, 2, 2, 2, 2, 2, 2, 2, 2, 2, 2, 2, 2, 2, 2, 2, 2, 2, 2, 2, 2, 2, 2, 2, 2, 2, 2, 2, 2, 2, 2, 2, 2, 2, 2, 2, 2, 2, 2, 2, 2, 2, 2, 2, 2, 2, 2, 2, 2, 2, 2, 2, 2, 2, 2, 2, 2, 2, 2, 2, 2, 2, 2, 2, 2, 2, 2, 2, 2, 2, 2, 2, 2, 2, 2, 2, 2, 2, 2, 2, 2, 2, 2, 2, 2, 2, 2, 2, 2, 2, 2, 2, 2, 2, 2, 2, 2, 2, 2, 2, 2, 2, 2, 2, 2, 2, 2, 2, 2, 2, 2, 2, 2, 2, 2, 2, 2, 2, 2, 2, 2, 2, 2, 2, 2, 2, 2, 2, 2, 2, 2, 2, 2, 2, 2, 2, 2, 2, 2, 2, 2, 2, 2, 2, 2, 2, 2, 2, 2, 2, 2, 2, 2, 2, 2, 2, 2, 2, 2, 2, 2, 2, 2, 2, 2, 2, 2, 2, 2, 2, 2, 2, 2, 2, 2, 2, 2, 2, 2, 2, 2, 2, 2, 2, 2, 2, 2, 2, 2, 2, 2, 2, 2, 2, 2, 2, 2, 2, 2, 2, 2, 2, 2, 2, 2, 2, 2, 2, 2, 2, 2, 2, 2, 2, 2, 2, 2, 2, 2, 2, 2, 2, 2, 2, 2, 2, 2, 2, 2, 2, 2, 2, 2, 2, 2, 2, 2, 2, 2, 2, 2, 2, 2, 2, 2, 2, 2, 2, 2, 2, 2, 2, 2, 2, 2, 2, 2, 2, 2, 2, 2, 2, 2, 2, 2, 2, 2, 2, 2, 2, 2, 2, 2, 2, 2, 2, 2, 2, 2, 2, 2, 2, 2, 2, 2, 2, 2, 2, 2, 2, 2, 2, 2, 2, 2, 2, 2, 2, 2, 2, 2, 2, 2, 2, 2, 2, 2, 2, 2, 2, 2, 2, 2, 2, 2, 2, 2, 2, 2, 2, 2, 2, 2, 2, 2, 2, 2, 2, 2, 2, 2, 2, 2, 2, 2, 2, 2, 2, 2, 2, 2, 2, 2, 2, 2, 2, 2, 2, 2, 2, 2, 2, 2, 2, 2, 2, 2, 2, 2, 2, 2, 2, 2, 2, 2, 2, 2, 2, 2, 2, 2, 2, 2, 2, 2, 2, 2, 2, 2, 2, 2, 2, 2, 2, 2, 2, 2, 2, 2, 2, 2, 2, 2, 2, 2, 2, 2, 2, 2, 2, 2, 2, 2, 2, 2, 2, 2, 2, 2, 2, 2, 2, 2, 2, 2, 2, 2, 2, 2, 2, 2, 2, 2, 2, 2, 2, 2, 2, 2, 2, 2, 2, 2, 2, 2, 2, 2, 2, 2, 2, 2, 2, 2, 2, 2, 2, 2, 2, 2, 2, 2, 2, 2, 2, 2, 2, 2, 2, 2, 2, 2, 2, 2, 2, 2, 2, 2, 2, 2, 2, 2, 2, 2, 2, 2, 2, 2, 2, 2, 2, 2, 2, 2, 2, 2, 2, 2, 2, 2, 2, 2, 2, 2, 2, 2, 2, 2, 2, 2, 2, 2, 2, 2, 2, 2, 2, 2, 2, 2, 2, 2, 2, 2, 2, 2, 2, 2, 2, 2, 2, 2, 2, 2, 2, 2, 2, 2, 2, 2, 2, 2, 2, 2, 2, 2, 2, 2, 2, 2, 2, 2, 2, 2, 2, 2, 2, 2, 2, 2, 2, 2, 2, 2, 2, 2, 2, 2, 2, 2, 2, 2, 2, 2, 2, 2, 2, 2, 2, 2, 2, 2, 2, 2, 2, 2, 2, 2, 2, 2, 2, 2, 2, 2, 2, 2, 2, 2, 2, 2, 2, 2, 2, 2, 2, 2, 2, 2, 2, 2, 2, 2, 2, 2, 2, 2, 2, 2, 2, 2, 2, 2, 2, 2, 2, 2, 2, 2, 2, 2, 2, 2, 2, 2, 2, 2, 2, 2, 2, 2, 2, 2, 2, 2, 2, 2, 2, 2, 2, 2, 2, 2, 2, 2, 2, 2, 2, 2, 2, 2, 2, 2, 2, 2, 2, 2, 2, 2, 2, 2, 2, 2, 2, 2, 2, 2, 2, 2, 2, 2, 2, 2, 2, 2, 2, 2, 2, 2, 2, 2, 2, 2, 2, 2, 2, 2, 2, 2, 2, 2, 2, 2, 2, 2, 2, 2, 2, 2, 2, 2, 2, 2, 2, 2, 2, 2, 2, 2, 2, 2, 2, 2, 2, 2, 2, 2, 2, 2, 2, 2, 2, 2, 2, 2, 2, 2, 2, 2, 2, 2, 2, 2, 2, 2, 2, 2, 2, 2, 2, 2, 2, 2, 2, 2, 2, 2, 2, 2, 2, 2, 2, 2, 2, 2, 2, 2, 2, 2, 2, 2, 2, 2, 2, 2, 2, 2, 2, 2, 2, 2, 2, 2, 2, 2, 2, 2, 2, 2, 2, 2, 2, 2, 2, 2, 2, 2, 2, 2, 2, 2, 2, 2, 2, 2, 2, 2, 2, 2, 2, 2, 2, 2, 2, 2, 2, 2, 2, 2, 2, 2, 2, 2, 2, 2, 2, 2, 2, 2, 2, 2, 2, 2, 2, 2, 2, 2, 2, 2, 2, 2, 2, 2, 2, 2, 2, 2, 2, 2, 2, 2, 2, 2, 2, 2, 2, 2, 2, 2, 2, 2, 2, 2, 2, 2, 2, 2, 2, 2, 2, 2, 2, 2, 2, 2, 2, 2, 2, 2, 2, 2, 2, 2, 2, 2, 2, 2, 2, 2, 2, 2, 2, 2, 2, 2, 2, 2, 2, 2, 2, 2, 2, 2, 2, 2, 2, 2, 2, 2, 2, 2, 2, 2, 2, 2, 2, 2, 2, 2, 2, 2, 2, 2, 2, 2, 2, 2, 2, 2, 2, 2, 2, 2, 2, 2, 2, 2, 2, 2, 2, 2, 2, 2, 2, 2, 2, 2, 2, 2, 2, 2, 2, 2, 2, 2, 2, 2, 2, 2, 2, 2, 2, 2, 2, 2, 2, 2, 2, 2, 2, 2, 2, 2, 2, 2, 2, 2, 2, 2, 2, 2, 2, 2, 2, 2, 2, 2, 2, 2, 2, 2, 2, 2, 2, 2, 2, 2, 2, 2, 2, 2, 2, 2, 2, 2, 2, 2, 2, 2, 2, 2, 2, 2, 2, 2, 2, 2, 2, 2, 2, 2, 2, 2, 2, 2, 2, 2, 2, 2, 2, 2, 2, 2, 2, 2, 2, 2, 2, 2, 2, 2, 2, 2, 2, 2, 2, 2, 2, 2, 2, 2, 2, 2, 2, 2, 2, 2, 2, 2, 2, 2, 2, 2, 2, 2, 2, 2, 2, 2, 2, 2, 2, 2, 2, 2, 2, 2, 2, 2, 2, 2, 2, 2, 2, 2, 2, 2, 2, 2, 2, 2, 2, 2, 2, 2, 2, 2, 2, 2, 2, 2, 2, 2, 2, 2, 2, 2, 2, 2, 2, 2, 2, 2, 2, 2, 2, 2, 2, 2, 2, 2, 2, 2, 2, 2, 2, 2, 2, 2, 2, 2, 2, 2, 2, 2, 2, 2, 2, 2, 2, 2, 2, 2, 2, 2, 2, 2, 2, 2, 2, 2, 2, 2, 2, 2, 2, 2, 2, 2, 2, 2, 2, 2, 2, 2, 2, 2, 2, 2, 2, 2, 2, 2, 2, 2, 2, 2, 2, 2, 2, 2, 2, 2, 2, 2, 2, 2, 2, 2, 2, 2, 0, 0]