0 1035 2195 2719 2845 
1 647 1160 1781 1826 2175 2189 
2 160 165 335 908 2300 
3 203 349 1669 1791 2173 2426 
4 166 560 1265 
5 552 894 942 1260 1745 
6 242 4158 
7 770 
8 2246 
9 652 1459 1697 
10 54 1312 1721 
11 522 765 1733 
12 957 1023 
13 
14 
15 30 414 468 834 1004 3457 
16 597 1725 4595 
17 270 810 1477 1929 2260 2443 2552 
18 619 1176 1856 2450 2702 4185 
19 1126 4143 
20 877 1127 1443 
21 99 326 392 985 
22 35 571 688 824 1918 
23 1686 2974 
24 196 213 316 796 811 
25 1225 1286 
26 678 1861 1971 
27 187 197 683 1966 1967 
28 192 1659 
29 654 1686 2388 4660 
30 998 3009 
31 349 1817 2140 
32 168 1344 1484 2243 
33 589 612 1397 1750 2226 
34 2244 2313 3569 
35 986 1246 1543 1969 
36 1304 1668 
37 167 1218 3342 
38 2779 
39 1196 1764 1848 2432 2715 
40 981 1181 3037 
41 232 930 1892 2424 
42 2014 2313 
43 767 
44 135 564 748 1430 2365 
45 159 639 800 
46 1945 2015 2293 2491 4314 
47 540 2400 
48 679 3570 
49 983 1431 2412 2505 
50 1698 2056 
51 1928 
52 2043 
53 236 437 472 2197 
54 760 
55 364 709 1569 1816 2844 
56 965 1777 1828 2372 
57 342 768 2004 2130 2346 3549 
58 746 1777 
59 901 990 1081 2197 
60 290 1351 1842 
61 615 992 
62 1329 4879 
63 1530 2128 2348 
64 1018 1845 2454 
65 1806 2339 4583 
66 569 726 1192 3736 
67 
68 251 347 1109 
69 1669 
70 711 911 
71 525 1884 
72 2422 
73 721 878 1386 
74 467 930 3176 
75 1236 
76 124 171 314 1103 1590 1761 1846 
77 712 719 1322 4158 
78 604 1669 
79 126 618 1389 2286 
80 340 
81 1123 1844 
82 
83 1822 2224 2418 4900 
84 277 
85 360 1834 
86 
87 144 
88 1104 1111 1849 
89 2357 
90 1285 1631 1920 
91 900 911 992 1016 2916 
92 1211 1241 1709 2155 
93 375 434 2240 
94 244 2329 3355 
95 1645 
96 376 409 873 
97 727 2045 2317 
98 268 676 1327 
99 101 1645 
100 554 627 
101 2422 
102 308 1014 1624 3191 
103 873 1799 
104 1394 1958 2405 
105 1249 
106 754 837 1783 
107 154 
108 1628 1673 2295 
109 830 981 1142 2166 2528 
110 495 1089 1404 2234 2252 3145 
111 1658 1712 
112 1570 2953 
113 913 1370 1821 
114 531 1930 
115 660 913 1779 2332 2482 
116 1497 1669 
117 1836 2213 
118 1122 2404 
119 1840 2327 2401 2423 
120 
121 1049 1641 
122 428 512 
123 1726 4855 
124 711 
125 1145 1727 
126 300 2023 2115 2414 
127 224 1374 4219 
128 848 
129 3328 
130 1573 2239 
131 303 760 2389 2455 
132 293 543 1133 
133 609 891 1905 2320 2724 
134 2106 
135 203 269 1182 1584 2234 
136 964 2289 
137 1923 
138 621 2045 2235 
139 1617 
140 1640 
141 345 1915 1918 
142 1681 2498 
143 
144 1926 
145 205 668 
146 1245 1551 
147 1109 
148 1763 
149 
150 
151 487 1662 2576 3107 
152 1874 2270 
153 835 1400 2517 
154 
155 306 842 
156 1071 1547 
157 818 1970 2116 2289 
158 1450 1458 1828 
159 
160 201 267 480 
161 
162 489 738 1589 2395 
163 
164 289 630 769 1193 3465 4073 
165 891 
166 705 
167 1109 2021 2397 
168 282 
169 538 899 
170 292 403 1688 2391 
171 381 969 1775 1984 
172 873 997 1312 
173 233 1963 1967 2448 
174 1126 
175 514 2101 2413 
176 492 1143 1600 
177 217 
178 665 2142 
179 580 1341 2272 
180 919 1505 3007 
181 
182 
183 212 429 
184 738 1606 1754 
185 1245 2265 
186 366 1930 2093 4427 4812 
187 1040 1985 
188 1000 
189 596 1633 1924 
190 1241 1550 1883 
191 
192 
193 
194 677 
195 2734 
196 482 1670 
197 1429 1709 3863 
198 256 786 
199 
200 223 1990 2301 
201 329 1004 
202 584 1354 1521 3158 
203 802 1181 
204 253 804 824 2046 2505 3564 
205 249 864 1014 1450 1847 4067 
206 1091 1983 
207 
208 1684 
209 389 2175 2359 
210 571 1066 1526 1618 
211 2398 
212 265 
213 1323 
214 531 
215 850 1180 1823 
216 1081 
217 2201 2516 
218 
219 962 2264 2344 
220 1551 2122 
221 322 1865 2443 4953 
222 
223 227 254 1179 1194 3767 
224 1574 1884 2206 4039 
225 334 
226 847 1998 
227 2668 
228 301 1244 1576 1756 4368 
229 656 1521 
230 439 
231 1296 1435 2451 
232 1258 2403 
233 
234 
235 832 955 2033 
236 504 
237 1447 1509 2259 
238 
239 2269 2271 
240 1446 1593 2431 
241 962 979 
242 908 913 
243 277 2277 
244 974 1244 
245 1550 1593 1772 
246 1515 2245 2248 
247 974 1681 3838 
248 299 1330 
249 660 
250 1311 
251 409 633 1519 2390 
252 310 1599 1628 1872 2100 4506 
253 332 361 857 1753 3385 
254 485 2207 
255 906 
256 412 425 714 952 1066 2369 2463 
257 1750 
258 1362 1406 1473 
259 404 1797 2187 
260 535 874 986 1558 2764 
261 410 1741 1957 
262 568 
263 761 823 1423 1663 
264 696 1786 
265 693 1335 1402 
266 500 942 946 1227 1966 2175 
267 904 
268 535 783 870 1412 1717 
269 1719 
270 1080 2064 4934 
271 
272 1123 1210 1668 1746 
273 480 968 2042 2181 
274 2316 
275 1621 1968 2176 4509 4612 
276 2214 
277 511 1138 1388 
278 566 1493 4855 
279 534 
280 1105 2284 
281 1193 1354 2430 3864 
282 607 1276 1525 1664 4219 
283 994 1248 
284 1501 1772 
285 687 786 793 1423 1812 
286 1197 1825 1890 
287 874 1588 1799 
288 
289 397 405 700 1311 
290 1378 1398 1673 2470 
291 1546 
292 387 1324 1440 
293 312 1116 2478 
294 927 4742 
295 1605 1805 2186 3862 
296 2234 
297 1303 1673 2056 2193 
298 1742 2121 
299 
300 517 798 
301 1377 1463 2816 
302 
303 1323 2075 
304 1611 1696 2483 4162 
305 4425 4475 
306 551 731 
307 803 999 2063 2260 
308 1962 
309 1162 2211 
310 492 
311 1419 1889 
312 1307 1464 1630 
313 1480 
314 504 1572 4095 
315 1577 1948 2424 
316 
317 425 523 2161 
318 3224 
319 736 845 1190 1274 
320 351 499 922 1083 1832 2369 
321 1452 4581 
322 419 1119 1500 
323 494 501 704 713 1034 1583 2081 2454 
324 1399 2974 
325 
326 1481 1499 1996 
327 2312 
328 961 3490 
329 428 1014 
330 812 
331 537 926 
332 825 1646 1984 2118 2304 
333 2486 
334 722 1104 2238 
335 412 483 1201 2485 
336 387 962 1491 
337 925 2402 2621 4680 
338 647 1629 1868 2452 
339 
340 2570 
341 1902 1944 
342 565 705 1199 2224 2328 
343 1030 
344 941 
345 1266 1603 3909 
346 642 766 1161 1647 1955 2083 
347 1280 
348 2290 
349 905 1923 2473 
350 1189 1491 
351 757 1250 
352 1578 2909 
353 608 661 
354 848 1331 1729 3218 
355 
356 1115 1135 
357 1863 2001 
358 525 711 
359 419 642 720 1321 2389 
360 496 2412 
361 510 1661 2084 
362 
363 595 1540 1769 1776 2184 4340 
364 592 746 1176 1405 
365 2432 
366 1540 2132 
367 434 1456 1940 
368 891 991 4514 
369 498 850 1101 2310 4571 4949 
370 689 
371 1955 
372 4932 
373 2056 
374 1054 1075 1616 2364 2826 3254 
375 4497 
376 918 1082 
377 
378 519 1157 1346 
379 891 2058 4262 
380 686 
381 594 1285 1553 
382 1509 3957 
383 2407 
384 541 1472 1549 1982 
385 906 1272 1333 
386 2076 
387 597 
388 1598 
389 3906 
390 1561 1795 2052 2376 2419 
391 846 2171 2691 
392 1162 2290 
393 
394 875 2030 2272 
395 
396 
397 1296 1666 1744 2011 
398 1881 2399 
399 1086 1486 1505 2396 
400 2296 2408 3938 
401 1370 2164 2330 4793 
402 742 1808 1922 
403 920 1402 1813 
404 592 1441 1800 1842 2113 
405 445 1397 
406 1067 1384 1722 1798 2009 2213 
407 1262 1638 1766 2357 3523 
408 848 997 1274 
409 2322 
410 1289 1301 1990 
411 704 1023 3669 
412 1433 1849 4933 
413 797 901 2307 
414 1844 2108 3173 4128 
415 2387 
416 1417 2090 
417 983 1839 
418 1557 1897 3241 
419 1707 
420 686 775 1271 2078 
421 2224 
422 1054 2249 2481 
423 1472 2231 
424 1630 1645 1678 4150 
425 466 1469 1484 2023 2144 2306 
426 1733 2147 
427 587 1773 4845 
428 1492 1653 3595 
429 440 937 
430 577 1672 
431 1737 
432 880 1526 1584 2015 
433 562 1616 2063 3071 
434 628 
435 467 947 1626 2370 2406 2505 
436 2441 
437 
438 1007 1354 2310 4628 
439 819 1325 
440 1221 
441 2004 
442 2150 
443 739 2211 
444 643 823 2605 3296 
445 1561 
446 1327 1994 
447 2176 2671 
448 1013 1270 
449 515 1200 
450 1730 2450 
451 838 1153 
452 
453 1207 
454 703 1787 
455 1759 
456 713 863 967 
457 662 4852 
458 649 
459 783 1192 
460 954 1491 1602 3242 
461 1127 
462 790 
463 4311 
464 495 561 2239 
465 994 1147 1333 
466 729 2115 
467 1013 1857 
468 881 1086 1263 2297 
469 620 818 3433 4814 
470 1600 1896 
471 874 4324 
472 646 1700 2134 
473 990 1890 2243 
474 1308 2103 
475 1820 4731 
476 1041 
477 604 
478 582 673 2010 2117 
479 786 2481 
480 597 1382 2683 
481 
482 827 1482 1706 
483 718 792 1017 2099 
484 754 2070 
485 1830 1866 2268 
486 906 1080 1276 
487 871 2084 
488 767 
489 
490 1778 4188 
491 571 
492 690 903 1325 
493 658 1375 1470 
494 731 
495 2566 
496 972 1032 1691 2120 
497 510 1111 1622 1935 4991 
498 609 2144 
499 883 2706 
500 1303 
501 542 1974 
502 
503 759 797 1141 1248 1341 2226 
504 1133 2050 2581 
505 
506 700 
507 1369 
508 1845 2047 2252 
509 928 
510 594 1020 1521 1599 3325 
511 1227 
512 1425 2142 2477 
513 949 1469 1865 1892 
514 789 1279 1995 
515 2084 
516 588 908 2019 
517 1704 
518 689 1145 1297 1489 1573 
519 1609 
520 866 942 1242 1560 1849 3695 
521 2639 
522 826 2122 
523 1405 
524 1549 2493 4336 
525 
526 1465 2926 4048 
527 918 987 1694 2315 2391 3709 4227 4942 
528 2359 
529 1609 
530 1778 1863 
531 
532 1675 2450 
533 734 778 1699 
534 1521 2037 
535 
536 843 2055 
537 931 
538 1226 1616 
539 668 2159 
540 2024 
541 997 1645 
542 782 1433 
543 
544 980 1998 
545 635 774 2131 2156 2470 
546 931 1825 1874 4352 
547 953 2229 
548 1843 
549 1573 1797 1936 2128 
550 748 904 2093 
551 749 1015 
552 1036 1789 
553 2035 3424 
554 2145 4157 
555 
556 
557 573 1447 2151 
558 653 762 1374 2256 3652 
559 1147 
560 
561 626 1249 2360 
562 1970 2337 2858 4091 
563 812 2067 2484 
564 
565 
566 
567 682 727 1313 
568 1275 2118 2421 
569 2385 2437 
570 769 
571 1662 
572 1069 1075 1699 
573 1335 2882 
574 
575 1154 2451 
576 1865 
577 589 929 2222 
578 1208 
579 2074 2118 2489 2643 2789 4967 
580 2022 2114 3541 
581 843 1268 1436 2037 3992 
582 1395 
583 934 1975 
584 1759 
585 1066 1448 
586 1687 2806 4330 
587 1789 2105 
588 
589 3541 
590 1318 
591 2153 
592 896 1436 1628 2186 3016 4996 
593 1646 2162 
594 1460 1468 1840 2426 
595 1166 1408 1441 1658 1889 
596 729 1089 1114 2024 
597 1390 1620 1807 2220 3289 
598 2203 2498 4221 
599 849 1829 2899 
600 694 1710 2121 
601 
602 2173 2404 3825 
603 
604 836 1100 1712 2362 
605 
606 771 1866 2444 
607 1005 1121 1750 2457 
608 3208 
609 720 
610 1167 1664 1910 1962 
611 1505 2081 
612 874 1347 1679 
613 697 2345 
614 1277 1573 
615 1391 1594 2469 
616 2438 3743 
617 1197 1642 1857 2078 
618 630 974 1512 1647 2040 2205 2438 2728 
619 659 1470 1634 1760 
620 907 1941 
621 
622 
623 2053 3154 
624 1037 
625 1173 2279 
626 1872 1913 2430 
627 847 
628 871 2178 
629 
630 1629 
631 909 972 1565 1575 1854 
632 1360 2089 
633 2149 
634 876 
635 785 
636 816 
637 656 1696 2235 2393 
638 
639 1775 1967 
640 1369 
641 917 1584 
642 2059 3431 
643 1387 1744 1879 2127 3021 4332 
644 1013 
645 1435 4609 4647 
646 1528 1664 
647 1393 
648 1500 
649 1134 1464 1737 2287 
650 1662 1693 
651 905 2254 
652 
653 991 1383 
654 697 1383 4154 
655 1443 1507 1687 3484 4285 
656 772 1695 2135 2248 4652 
657 1183 1932 4145 
658 4532 
659 1505 1509 2189 
660 1661 
661 895 1019 1938 2880 4034 
662 1237 1696 
663 2269 2477 
664 1859 
665 2175 2286 2479 3599 
666 955 2462 
667 1135 1711 
668 
669 1103 2019 2234 
670 2323 2422 
671 1021 1214 1739 1854 
672 1153 
673 2075 
674 700 1310 2303 
675 822 1542 2141 
676 1122 2194 
677 2419 
678 1640 
679 1367 2091 
680 1289 
681 2025 3210 4299 
682 1599 
683 1371 1733 
684 1119 2045 2567 
685 880 944 
686 772 810 1503 
687 1110 2026 2256 2260 
688 945 
689 728 897 
690 1380 1859 1883 2960 
691 1077 1183 1760 
692 
693 1985 
694 
695 4410 
696 809 1330 
697 3911 
698 1664 1839 1869 1988 2168 2276 
699 
700 
701 792 1760 2395 
702 1781 3034 3447 3747 
703 1158 1299 
704 1123 2116 2246 
705 719 1373 
706 1924 2455 
707 1076 
708 4349 
709 1244 1502 
710 893 1084 4953 
711 1371 
712 1167 1183 1401 
713 1120 1521 1755 
714 2259 2371 
715 958 1168 1231 1537 
716 1039 1318 1710 
717 815 925 1043 1140 
718 
719 1813 2803 
720 1463 3679 
721 1756 1795 2463 3996 
722 
723 2127 
724 2982 
725 
726 1346 1353 2249 3063 
727 1153 1374 
728 927 1619 
729 
730 1809 2087 
731 1044 2305 2403 
732 911 1131 1531 2353 
733 918 1886 
734 1737 2270 3462 4432 
735 1165 1215 2482 
736 1622 1843 2023 2091 
737 1055 1117 
738 777 971 992 1024 1233 
739 1280 1662 2448 2673 
740 1115 2073 2356 2403 2411 3353 
741 1049 1736 2097 
742 1474 
743 913 2010 4839 
744 2351 
745 1601 2615 
746 907 
747 1938 
748 
749 1370 3559 
750 2004 2249 2497 
751 2090 2361 
752 1557 
753 1672 
754 997 2046 
755 1333 2380 2465 
756 1767 
757 878 1118 1452 2380 
758 
759 2298 4129 4999 
760 1366 4416 
761 1451 2101 2168 2359 
762 1854 4666 
763 1027 1844 
764 791 
765 830 2007 
766 781 1656 1870 
767 1481 1872 2159 
768 1054 1444 2067 
769 
770 943 1362 
771 2401 
772 1005 2004 3878 
773 1505 2469 
774 1079 4669 
775 1244 1632 2474 4764 
776 1968 
777 1367 2198 2412 2578 
778 
779 1021 3813 
780 2667 
781 1121 1781 
782 1692 2312 
783 811 932 1078 1095 1356 
784 1624 2277 
785 903 2086 
786 789 1771 2079 2273 
787 882 4135 
788 2354 
789 
790 1802 
791 1349 
792 2185 
793 2245 
794 2212 4906 
795 1009 1115 1787 3284 
796 2359 2660 
797 2158 
798 
799 1276 1685 1835 1879 2309 
800 2005 3052 
801 968 1764 
802 
803 1645 2364 
804 
805 1170 1214 4802 
806 1639 1953 
807 
808 2024 
809 1002 1103 1297 
810 
811 948 
812 
813 2036 
814 996 1180 
815 2899 
816 
817 1211 2229 2244 2270 
818 1461 
819 
820 2257 
821 1369 1435 2193 
822 1129 
823 1544 1828 3258 
824 
825 
826 1547 1771 1936 1966 
827 1096 
828 1430 
829 909 1238 4493 
830 
831 
832 4281 
833 1465 
834 1099 
835 897 1321 3986 
836 2050 
837 2735 
838 3492 
839 2453 
840 1129 1813 
841 
842 1303 2170 2209 2273 2492 
843 943 980 
844 
845 1900 
846 939 
847 2417 
848 2273 2280 2785 
849 1203 1829 2349 
850 898 1138 1725 
851 4442 
852 
853 903 1789 
854 1636 1746 2363 
855 1919 1940 
856 1309 1792 
857 2327 
858 2095 
859 935 1893 
860 892 1205 2432 3596 
861 
862 867 
863 1966 2169 
864 1153 2445 
865 2369 3542 
866 1379 
867 928 
868 1230 2483 
869 1551 1635 1709 3138 
870 1437 
871 2201 2994 
872 2485 2643 3570 
873 3830 
874 961 1550 1910 2002 
875 2278 2338 
876 958 1267 1466 2148 2150 
877 1362 1786 1875 2227 
878 4175 
879 4285 
880 962 1429 
881 1918 
882 2012 
883 
884 938 1482 1942 3145 
885 
886 1426 
887 1352 
888 1790 2836 4348 
889 1788 2032 
890 
891 1673 
892 
893 1197 1966 
894 3870 
895 
896 1469 
897 1111 1455 2087 
898 998 
899 2613 
900 1085 
901 1902 2033 
902 1187 
903 1197 2434 
904 2014 2398 
905 1386 1829 
906 1304 2441 
907 932 1101 1373 
908 1019 1639 
909 1801 
910 
911 1054 4665 
912 1694 1892 2770 
913 1234 1590 2241 3473 
914 1405 
915 1972 2157 
916 
917 2407 3154 
918 
919 
920 1911 
921 
922 1405 2765 
923 2756 
924 1157 1996 4103 
925 2257 
926 1245 1408 1846 2008 
927 
928 1884 
929 1009 
930 1166 1192 
931 1804 
932 1564 
933 
934 3068 
935 1567 
936 1840 
937 1173 3939 
938 1298 1470 
939 1165 1247 2046 
940 1299 1911 2365 
941 1228 1256 1812 
942 1463 2998 
943 1193 1273 
944 1110 1583 
945 982 1110 1119 1474 1701 
946 2232 2250 
947 1469 4688 
948 1888 2334 3860 
949 3147 
950 4659 
951 1068 
952 2179 4220 
953 
954 
955 958 1027 2418 
956 1493 1937 
957 
958 1647 
959 2087 2249 
960 1567 
961 2375 2385 
962 1053 2456 
963 2242 2375 
964 
965 985 
966 2190 2366 2378 
967 
968 2229 
969 
970 1650 
971 2150 
972 1415 1915 2111 
973 2418 
974 1208 1306 1320 
975 1399 1445 
976 1709 2195 3022 
977 1092 
978 997 1114 
979 2467 
980 2075 
981 2151 3138 
982 3858 
983 
984 1553 1669 
985 2123 
986 1363 1684 
987 2221 2266 3444 
988 1033 1869 2376 4056 
989 2188 2477 
990 1638 
991 2340 
992 3653 
993 1683 
994 
995 3021 
996 1025 1575 2390 
997 1692 
998 
999 1227 
1000 1913 2154 2175 2400 
1001 2112 
1002 1519 1703 1812 4116 
1003 1599 2425 
1004 2065 
1005 1447 1668 2110 
1006 
1007 2454 
1008 
1009 
1010 1538 
1011 1898 
1012 1781 1861 
1013 1309 
1014 
1015 
1016 1460 1534 4549 
1017 2298 
1018 1217 2468 
1019 2272 
1020 
1021 
1022 1109 1719 1863 
1023 2490 
1024 1662 1694 1731 1980 2119 2428 2724 
1025 2133 
1026 1572 
1027 1773 
1028 1447 1585 2372 
1029 2114 2205 2473 
1030 1454 2169 4539 
1031 
1032 
1033 2188 
1034 1677 
1035 1374 
1036 1248 1282 1804 
1037 1275 1363 1878 
1038 1158 
1039 1540 2136 
1040 1099 2414 
1041 2494 4813 
1042 1183 1477 
1043 1330 1704 
1044 1994 
1045 2387 
1046 2382 
1047 2233 
1048 1667 2036 
1049 1690 
1050 1757 1771 
1051 1241 2085 
1052 1359 1491 
1053 1304 1483 1606 4220 
1054 2425 
1055 1111 2144 
1056 2056 
1057 1403 
1058 
1059 3395 
1060 2213 3727 
1061 1934 2307 
1062 2297 2462 
1063 1881 
1064 1864 2020 
1065 
1066 1893 1905 1927 
1067 1351 1746 4548 
1068 1524 1703 3182 
1069 1381 
1070 
1071 1222 1503 1684 
1072 1186 
1073 3783 
1074 3060 3747 4794 
1075 1807 1880 2047 
1076 1223 1394 1602 2304 
1077 1115 1620 1974 
1078 1439 
1079 1424 1644 1747 2220 3249 3642 
1080 
1081 2332 
1082 
1083 2118 2656 
1084 1397 
1085 1215 1377 1610 3867 
1086 1465 1923 1947 
1087 2058 
1088 1474 1514 1764 2811 
1089 1287 1331 3243 
1090 1422 2337 
1091 
1092 2301 
1093 2016 2054 
1094 1303 
1095 1816 
1096 
1097 1496 1837 
1098 
1099 1270 1923 2223 
1100 2343 
1101 3057 
1102 2905 
1103 2182 2943 
1104 1886 
1105 1597 1895 2326 
1106 1990 
1107 
1108 1978 2490 3566 
1109 
1110 
1111 1293 1569 1657 
1112 1820 2172 
1113 1877 2492 
1114 1221 
1115 1684 2308 2480 
1116 
1117 1437 1502 1661 1878 
1118 1259 2132 
1119 
1120 1796 
1121 1312 3045 4745 
1122 1464 1771 1914 2040 3197 
1123 1417 1925 2150 
1124 1727 
1125 1608 4766 
1126 1406 2787 
1127 2966 
1128 1368 2476 
1129 2477 4372 
1130 1718 
1131 1584 1960 
1132 
1133 
1134 1332 
1135 1657 
1136 1470 2136 2454 
1137 2325 
1138 1198 
1139 1329 1354 
1140 1408 
1141 4627 
1142 1232 1568 2382 
1143 2227 
1144 1439 1485 2176 
1145 
1146 
1147 1360 2159 
1148 1480 
1149 1299 2239 
1150 2282 2366 
1151 
1152 2309 4407 
1153 1823 2341 2802 
1154 
1155 1744 1746 
1156 1672 1885 2226 
1157 1361 
1158 2080 4509 
1159 1212 1243 2051 
1160 1877 3710 
1161 2302 
1162 
1163 1270 1308 1527 1824 
1164 
1165 1654 1809 2344 
1166 
1167 2014 
1168 2024 
1169 1356 
1170 1772 2443 
1171 1610 2255 
1172 
1173 1258 1446 1654 
1174 
1175 
1176 
1177 
1178 1337 2140 
1179 
1180 3176 
1181 1570 1858 1998 2241 2487 
1182 
1183 1361 1736 
1184 
1185 
1186 2086 2390 
1187 1814 3087 
1188 1765 1956 2305 
1189 1741 
1190 1396 1625 
1191 1192 1220 1704 1771 2382 
1192 1573 
1193 
1194 1394 
1195 1703 
1196 1347 
1197 1705 1994 
1198 3947 
1199 1352 
1200 1913 2063 2302 
1201 2191 2277 2449 4665 
1202 
1203 
1204 2082 
1205 
1206 
1207 1650 3519 
1208 
1209 1807 
1210 
1211 2145 
1212 3073 
1213 2920 4948 
1214 2246 2371 4839 
1215 2182 2935 
1216 
1217 4242 
1218 1556 1812 2047 2229 
1219 1330 
1220 2431 
1221 2175 3350 
1222 
1223 
1224 4969 
1225 1228 2062 
1226 
1227 1339 
1228 1729 2029 
1229 
1230 1460 1635 
1231 1536 4051 
1232 2612 
1233 1650 1723 2836 
1234 4456 
1235 1487 4403 
1236 
1237 1447 
1238 2261 
1239 1919 
1240 1958 2333 3011 
1241 2008 
1242 2037 2191 2736 4490 4925 
1243 1524 1606 
1244 1724 
1245 2288 2459 4322 
1246 
1247 
1248 1687 2898 
1249 1716 1805 
1250 2350 3262 
1251 
1252 2049 
1253 1883 4236 
1254 
1255 
1256 1855 
1257 4476 
1258 1789 1949 
1259 
1260 1871 
1261 
1262 1710 2461 
1263 2169 
1264 1335 1899 4183 
1265 1583 
1266 
1267 1281 1351 3377 
1268 
1269 1358 2090 2200 
1270 1975 2020 2393 2803 3289 
1271 
1272 
1273 
1274 
1275 1919 2225 2369 
1276 2160 
1277 1970 2432 2470 3683 
1278 1564 
1279 
1280 1344 
1281 2372 
1282 1328 2225 4274 
1283 2126 2283 
1284 2241 2331 3639 
1285 
1286 2250 2417 
1287 
1288 1392 2125 2245 
1289 2167 
1290 
1291 1861 
1292 1490 
1293 2247 
1294 1299 1410 
1295 
1296 1795 
1297 
1298 3214 
1299 1764 1885 
1300 2043 2122 
1301 
1302 
1303 2802 4932 
1304 1475 2399 4198 
1305 4951 
1306 
1307 1788 
1308 2021 2142 2286 
1309 1523 1795 2253 
1310 3313 
1311 1445 
1312 3769 4137 
1313 1506 2017 2314 
1314 1696 2195 
1315 
1316 1445 
1317 
1318 2218 2378 3400 
1319 1558 
1320 2288 
1321 2412 
1322 1524 
1323 1347 1810 2173 2715 
1324 1573 1607 1629 2014 2431 2444 
1325 2361 
1326 1454 1839 2482 
1327 1457 2325 
1328 4443 
1329 1503 2296 
1330 1662 2424 
1331 1835 2172 
1332 1367 1714 2028 
1333 2161 
1334 1381 
1335 2443 3762 
1336 1339 1363 
1337 
1338 1478 
1339 
1340 2268 2330 3679 
1341 2797 
1342 1519 1617 2361 
1343 1365 2041 2180 4703 
1344 1424 1631 1757 1772 
1345 1672 1794 1999 
1346 1450 1880 2431 2632 
1347 2493 
1348 1676 2459 
1349 
1350 2424 
1351 
1352 2004 4257 
1353 1985 
1354 1958 
1355 1615 3168 
1356 
1357 2345 
1358 1475 1619 1951 
1359 2368 
1360 2086 
1361 
1362 
1363 2134 
1364 2180 
1365 2419 
1366 3844 
1367 1479 1572 2242 2967 
1368 1423 1835 2707 
1369 1473 
1370 1816 
1371 2349 
1372 4850 
1373 3697 
1374 2259 
1375 1544 
1376 1733 
1377 
1378 1731 3622 
1379 
1380 
1381 1688 1788 2028 
1382 
1383 1771 1899 1907 
1384 1394 3505 
1385 2430 
1386 2145 3683 
1387 1753 1810 2110 
1388 2050 2126 
1389 
1390 1687 1819 2327 
1391 1748 
1392 
1393 1946 3967 
1394 1778 
1395 1598 
1396 1948 2114 
1397 1853 2049 4925 
1398 1599 1956 2258 
1399 1556 4165 
1400 2160 2295 
1401 1590 2353 
1402 1720 
1403 1541 1856 2382 
1404 2270 
1405 1565 2137 4610 
1406 1720 
1407 
1408 1580 1594 
1409 2203 
1410 
1411 1742 1779 2460 
1412 2094 
1413 1596 4958 
1414 
1415 
1416 2413 2571 
1417 1773 2452 
1418 2183 2338 
1419 1932 
1420 1554 2076 
1421 
1422 
1423 1801 1823 2184 2438 
1424 3678 
1425 2021 
1426 
1427 
1428 
1429 2099 4134 
1430 1998 2346 2382 
1431 1616 
1432 1963 2105 2410 
1433 
1434 
1435 2164 
1436 
1437 1691 
1438 1637 
1439 1475 
1440 1866 1918 
1441 2419 
1442 
1443 1559 
1444 3448 
1445 
1446 1467 
1447 1983 
1448 1858 1916 
1449 
1450 1687 
1451 1645 2448 
1452 
1453 2281 2471 3622 3948 
1454 2175 
1455 1796 1815 2208 
1456 1486 2169 
1457 
1458 2301 
1459 2155 
1460 
1461 
1462 1735 4527 
1463 1932 2416 
1464 1653 2027 2945 4139 
1465 1741 
1466 1499 1917 2062 2771 
1467 
1468 1877 
1469 
1470 
1471 3968 
1472 1639 
1473 1877 1943 
1474 2506 
1475 4118 4885 
1476 2346 2439 2493 3606 3820 
1477 2151 2215 
1478 2277 
1479 1588 1997 2203 
1480 
1481 2071 
1482 1683 
1483 
1484 1654 
1485 1898 2103 3420 
1486 1968 3801 
1487 1599 2375 2771 
1488 
1489 
1490 1497 2213 3751 
1491 
1492 2069 2961 
1493 4325 
1494 1572 
1495 2218 3687 
1496 2452 
1497 2368 4504 
1498 1741 
1499 1991 
1500 2057 
1501 2292 
1502 1601 2409 
1503 1602 3470 
1504 2108 
1505 3106 4939 
1506 1540 1946 
1507 1602 
1508 1967 2179 
1509 3688 
1510 1713 
1511 1801 2418 
1512 2111 2284 2518 
1513 
1514 
1515 1937 2232 
1516 1954 
1517 1915 2209 2480 
1518 1578 2123 2266 
1519 1613 
1520 
1521 
1522 1885 
1523 2136 2288 
1524 1941 
1525 
1526 
1527 
1528 1597 2167 
1529 1605 1810 
1530 4635 
1531 
1532 2382 
1533 2194 
1534 
1535 2311 
1536 2243 
1537 4557 
1538 
1539 
1540 1950 2035 2402 
1541 1678 1687 
1542 1805 2062 
1543 1715 1914 
1544 
1545 1866 2286 
1546 1588 
1547 1662 2062 2193 
1548 
1549 1909 
1550 
1551 1833 
1552 
1553 1608 2531 
1554 1838 4005 
1555 1750 
1556 2303 
1557 2263 
1558 1627 1635 
1559 1637 3964 
1560 
1561 1917 
1562 
1563 2413 2811 
1564 
1565 
1566 2050 
1567 
1568 2353 
1569 
1570 
1571 3690 
1572 1809 
1573 1761 2048 3746 4492 
1574 2934 
1575 
1576 
1577 3793 
1578 1595 
1579 1843 1943 2380 
1580 2142 
1581 2331 
1582 1710 
1583 1932 
1584 2457 
1585 2933 
1586 
1587 1689 
1588 
1589 
1590 1957 
1591 
1592 2374 2810 
1593 3889 
1594 
1595 1948 2831 
1596 1646 1781 
1597 2467 
1598 1770 3542 
1599 1647 1704 2106 2335 2472 
1600 1844 2233 
1601 
1602 
1603 2391 3684 
1604 1819 1868 2061 
1605 
1606 2231 2375 4521 
1607 
1608 1855 3640 
1609 2052 
1610 1767 
1611 2351 3445 4430 
1612 1916 
1613 
1614 
1615 3127 3961 
1616 2212 
1617 3338 
1618 2300 
1619 
1620 4830 
1621 
1622 
1623 
1624 
1625 3690 
1626 2382 
1627 1829 
1628 2586 
1629 1684 2091 
1630 2960 3306 
1631 4052 
1632 2056 2146 2195 
1633 4199 
1634 2320 2428 
1635 
1636 
1637 2185 2260 
1638 2015 2303 
1639 
1640 2140 2337 
1641 
1642 
1643 2138 2446 
1644 
1645 
1646 2208 
1647 2219 2373 
1648 1737 
1649 
1650 2031 2055 
1651 
1652 
1653 
1654 
1655 3360 
1656 
1657 1770 2073 3415 
1658 2015 2437 
1659 1764 2180 
1660 1761 
1661 2152 
1662 2356 
1663 1727 2066 2258 
1664 2028 2491 2916 
1665 1684 2481 
1666 
1667 
1668 
1669 2061 2418 
1670 2078 
1671 
1672 
1673 2477 
1674 2360 
1675 2125 
1676 
1677 2184 
1678 1817 2457 
1679 2361 2411 4827 
1680 1751 2005 2081 
1681 
1682 
1683 
1684 4412 
1685 
1686 1886 
1687 1770 
1688 1865 2452 4608 4668 
1689 1802 2224 
1690 
1691 1927 
1692 1813 2233 2423 
1693 2434 
1694 
1695 
1696 
1697 2371 4717 
1698 1937 
1699 2044 
1700 2133 
1701 
1702 2006 2038 4514 
1703 2175 2182 
1704 2925 3940 
1705 2356 
1706 
1707 
1708 
1709 2613 
1710 2177 2183 2186 
1711 1902 
1712 1766 2278 2325 2415 3565 
1713 1856 
1714 1862 2233 
1715 
1716 2382 
1717 
1718 2098 
1719 
1720 2403 
1721 
1722 1820 2150 
1723 2046 
1724 1920 4200 
1725 2096 
1726 
1727 
1728 2326 
1729 2320 
1730 2047 2259 
1731 
1732 
1733 2457 
1734 
1735 4810 
1736 
1737 2026 4518 
1738 4538 
1739 1960 2178 
1740 
1741 
1742 
1743 2046 3232 3348 4153 
1744 
1745 1884 2126 4927 
1746 
1747 
1748 
1749 2045 2472 2893 
1750 2134 
1751 
1752 
1753 2748 
1754 
1755 
1756 2609 
1757 
1758 1769 
1759 
1760 1947 
1761 
1762 2179 
1763 2024 3800 
1764 
1765 1780 1871 
1766 1786 1871 
1767 2258 2458 
1768 2453 
1769 
1770 2091 2404 2492 
1771 2858 
1772 1831 4933 
1773 
1774 4738 
1775 
1776 2111 2228 
1777 2097 2297 
1778 2475 
1779 
1780 
1781 
1782 1850 
1783 
1784 
1785 
1786 3445 
1787 
1788 1927 4535 
1789 
1790 
1791 2396 
1792 2441 
1793 1997 2326 
1794 
1795 4470 
1796 2202 4654 
1797 1855 
1798 2242 
1799 
1800 1848 2103 3533 
1801 
1802 2303 
1803 1907 
1804 
1805 
1806 2452 
1807 1939 
1808 
1809 1898 1928 2232 2265 2482 2683 
1810 
1811 2174 
1812 
1813 
1814 2056 
1815 
1816 
1817 1906 
1818 2079 
1819 2334 
1820 2118 3991 
1821 2250 
1822 2307 
1823 
1824 2839 
1825 2243 4558 
1826 2079 
1827 1893 2452 
1828 2135 2495 
1829 
1830 2470 
1831 
1832 2370 
1833 3218 
1834 
1835 2062 
1836 4286 4373 
1837 2011 2299 
1838 2397 
1839 2222 
1840 
1841 
1842 2010 
1843 
1844 2237 
1845 2421 
1846 
1847 2203 
1848 1960 2727 
1849 2430 2487 
1850 
1851 2021 2150 
1852 
1853 
1854 
1855 2278 
1856 2521 2966 
1857 3483 
1858 2099 
1859 1899 2186 2328 3811 
1860 1952 
1861 2215 
1862 2020 
1863 2609 
1864 
1865 3007 
1866 2338 2463 
1867 2121 4694 
1868 
1869 2258 4114 
1870 2236 2300 
1871 
1872 2085 
1873 2272 
1874 
1875 4110 
1876 2444 
1877 2573 
1878 2484 
1879 2041 
1880 2474 
1881 1999 2076 2096 
1882 
1883 2270 
1884 
1885 4336 
1886 2236 
1887 
1888 2259 3066 
1889 
1890 
1891 
1892 1920 2018 
1893 2061 
1894 
1895 2084 
1896 2388 
1897 2086 2432 3568 
1898 
1899 1919 
1900 2589 
1901 
1902 
1903 2392 
1904 
1905 
1906 1923 2426 
1907 
1908 2039 
1909 
1910 2356 
1911 
1912 1943 
1913 2460 4906 
1914 
1915 
1916 
1917 
1918 4368 
1919 2126 2385 
1920 2022 2392 
1921 4215 
1922 2259 2497 3474 
1923 2108 
1924 3186 
1925 2094 2453 
1926 
1927 
1928 
1929 2443 
1930 2030 
1931 2680 
1932 2253 2275 
1933 2342 
1934 2698 
1935 3899 
1936 
1937 2790 
1938 1995 
1939 
1940 
1941 2041 
1942 2481 
1943 2220 
1944 2412 2599 
1945 
1946 3095 
1947 2116 
1948 
1949 
1950 
1951 2303 
1952 2077 2081 2154 3569 
1953 
1954 2359 
1955 2008 
1956 
1957 2490 3152 3256 
1958 
1959 
1960 2245 
1961 
1962 2128 
1963 
1964 
1965 2458 3635 
1966 
1967 
1968 
1969 
1970 
1971 
1972 2448 
1973 2122 3904 
1974 
1975 2020 2125 2310 
1976 2328 
1977 2450 3161 
1978 2798 2814 
1979 2052 2377 
1980 
1981 
1982 2283 
1983 2531 
1984 2259 
1985 2197 2266 2406 
1986 
1987 3792 
1988 2011 
1989 
1990 
1991 2106 2198 
1992 
1993 2170 
1994 
1995 2327 2351 
1996 2102 3967 
1997 4090 
1998 2249 2409 2483 
1999 
2000 
2001 
2002 2108 
2003 
2004 2169 
2005 
2006 2269 2335 3414 
2007 
2008 2250 
2009 
2010 2634 
2011 
2012 
2013 
2014 
2015 3875 4188 
2016 
2017 
2018 
2019 
2020 2080 2160 
2021 
2022 
2023 2167 
2024 
2025 2716 
2026 2229 2300 
2027 2071 
2028 2207 
2029 
2030 
2031 
2032 
2033 
2034 2450 
2035 
2036 
2037 2240 
2038 3911 
2039 
2040 2041 3028 
2041 2140 
2042 
2043 2307 2465 
2044 2242 
2045 
2046 
2047 2238 2454 
2048 
2049 
2050 2189 
2051 
2052 3286 
2053 2751 3632 
2054 
2055 2093 
2056 
2057 2301 
2058 
2059 2466 
2060 
2061 2679 
2062 2362 
2063 
2064 
2065 2446 
2066 3461 
2067 2240 
2068 2240 
2069 2433 
2070 2159 
2071 
2072 3054 
2073 
2074 2284 2391 
2075 
2076 
2077 
2078 
2079 2487 
2080 
2081 
2082 
2083 
2084 
2085 
2086 2169 
2087 4315 
2088 
2089 
2090 
2091 2428 
2092 4066 
2093 
2094 3274 
2095 3201 
2096 2324 3169 
2097 
2098 2327 
2099 
2100 
2101 2300 
2102 3772 4360 
2103 2207 2248 2323 
2104 4816 
2105 
2106 
2107 
2108 2213 
2109 
2110 3483 
2111 2908 
2112 
2113 
2114 2259 
2115 2377 
2116 2513 
2117 
2118 3122 
2119 
2120 2990 
2121 2190 2219 
2122 4178 
2123 2286 
2124 
2125 
2126 2472 2524 
2127 
2128 
2129 2205 
2130 
2131 2466 
2132 2294 
2133 
2134 2258 2269 3582 
2135 2293 2483 3291 
2136 2220 
2137 
2138 
2139 2144 2165 2376 
2140 2340 
2141 
2142 
2143 
2144 
2145 
2146 3271 
2147 2422 
2148 
2149 2388 3445 
2150 
2151 
2152 
2153 3150 
2154 2247 
2155 
2156 
2157 
2158 2236 
2159 
2160 
2161 2456 
2162 
2163 2853 
2164 
2165 
2166 
2167 2569 
2168 
2169 
2170 2285 
2171 
2172 
2173 2237 4521 
2174 
2175 
2176 3557 
2177 
2178 2231 
2179 
2180 
2181 
2182 2270 
2183 
2184 
2185 
2186 2205 
2187 3905 
2188 3405 
2189 
2190 2389 3427 
2191 2239 2332 
2192 2339 2349 
2193 3055 
2194 
2195 
2196 4780 
2197 
2198 2230 2352 
2199 
2200 
2201 2406 4400 
2202 
2203 2271 2474 3257 4998 
2204 2244 
2205 
2206 
2207 2471 
2208 3157 3922 4485 4879 
2209 2260 2365 
2210 
2211 
2212 
2213 
2214 2379 
2215 
2216 
2217 
2218 2233 3767 
2219 
2220 4932 
2221 
2222 2233 
2223 
2224 2246 
2225 
2226 
2227 3696 
2228 
2229 4174 
2230 
2231 
2232 
2233 3324 
2234 2433 
2235 
2236 
2237 
2238 2410 4118 
2239 3457 
2240 
2241 2270 2390 
2242 
2243 2371 
2244 
2245 
2246 
2247 2641 
2248 
2249 
2250 
2251 2495 
2252 
2253 
2254 2407 2426 
2255 
2256 
2257 
2258 4288 
2259 
2260 2423 2508 
2261 
2262 
2263 2472 3421 
2264 
2265 3966 
2266 
2267 3042 4914 
2268 
2269 
2270 3934 
2271 2384 4373 
2272 4004 
2273 
2274 
2275 2952 3864 
2276 
2277 
2278 
2279 2415 4457 
2280 2431 
2281 
2282 
2283 3872 
2284 2364 3443 
2285 3755 
2286 
2287 2437 
2288 
2289 2291 
2290 
2291 
2292 4543 
2293 2689 
2294 4267 
2295 
2296 3924 
2297 
2298 
2299 2341 4526 
2300 3107 
2301 
2302 
2303 4843 
2304 
2305 3357 
2306 
2307 
2308 
2309 
2310 
2311 
2312 2395 
2313 2420 
2314 
2315 
2316 
2317 2357 
2318 
2319 2884 
2320 
2321 2593 
2322 4072 
2323 
2324 
2325 2409 3645 
2326 3083 3919 
2327 2364 
2328 
2329 3202 
2330 
2331 
2332 
2333 
2334 2411 
2335 3599 
2336 
2337 
2338 
2339 
2340 
2341 
2342 3645 4463 
2343 
2344 
2345 3282 
2346 2899 
2347 2468 4332 
2348 
2349 
2350 
2351 
2352 2483 
2353 4858 
2354 
2355 
2356 2460 3160 
2357 
2358 
2359 2635 
2360 
2361 2402 
2362 
2363 
2364 
2365 
2366 
2367 
2368 2401 
2369 2488 
2370 
2371 
2372 4921 
2373 
2374 
2375 
2376 
2377 
2378 
2379 
2380 
2381 
2382 
2383 
2384 
2385 
2386 
2387 
2388 
2389 2562 
2390 
2391 4520 
2392 3821 
2393 
2394 
2395 
2396 
2397 4354 
2398 3937 4847 
2399 
2400 2408 
2401 
2402 3302 
2403 
2404 
2405 
2406 
2407 
2408 
2409 
2410 
2411 
2412 2430 
2413 
2414 
2415 
2416 
2417 
2418 
2419 2435 
2420 
2421 
2422 
2423 
2424 3612 
2425 
2426 
2427 2471 3985 
2428 
2429 
2430 
2431 
2432 3777 
2433 
2434 2602 
2435 3895 
2436 
2437 
2438 2489 3222 
2439 3897 
2440 
2441 
2442 
2443 3525 
2444 
2445 
2446 
2447 
2448 2863 
2449 2496 
2450 3815 
2451 
2452 2470 
2453 3799 
2454 
2455 
2456 
2457 
2458 3395 
2459 
2460 4507 
2461 2494 4237 
2462 
2463 
2464 
2465 
2466 
2467 
2468 
2469 
2470 
2471 
2472 
2473 2978 
2474 
2475 2971 3986 
2476 
2477 
2478 
2479 4223 
2480 3922 
2481 
2482 
2483 3475 
2484 
2485 
2486 2787 
2487 
2488 
2489 2664 
2490 4595 
2491 
2492 
2493 
2494 
2495 
2496 
2497 
2498 
2499 
2500 2846 3881 4772 4928 
2501 4248 
2502 2847 
2503 3460 
2504 3095 3111 
2505 3032 3795 3939 4140 4367 
2506 3148 3833 4692 4726 4836 
2507 3838 4611 
2508 
2509 3858 4843 
2510 2561 3162 3405 3430 3898 
2511 3135 3938 
2512 2715 3352 4088 
2513 3433 3654 4855 
2514 3665 
2515 3268 4476 
2516 2803 3900 
2517 2532 
2518 3071 4061 
2519 2705 3652 
2520 2792 3431 
2521 3833 4491 4956 
2522 
2523 2841 3550 3710 4111 
2524 3074 4543 
2525 4284 4630 4859 
2526 2601 2733 2928 4420 4653 
2527 3377 4915 
2528 2662 
2529 
2530 2847 3078 3162 4993 
2531 3895 
2532 2824 2931 3036 4887 
2533 
2534 3822 
2535 3402 3421 3435 3762 
2536 2949 3056 3274 3377 4627 
2537 4146 4726 
2538 2649 3570 3603 
2539 3070 3395 4518 4807 
2540 2599 2614 3860 
2541 2641 3312 
2542 3959 4089 4532 
2543 2776 3754 4870 
2544 3845 4171 4520 
2545 4936 
2546 2731 4044 4477 4627 
2547 2890 3966 
2548 2839 4502 
2549 3231 
2550 2668 2882 3389 3403 
2551 2967 4660 4679 
2552 3173 
2553 2739 4129 4158 4852 
2554 4234 4904 
2555 2645 2908 4167 
2556 4655 
2557 3697 4112 
2558 2592 3002 
2559 3705 3989 
2560 
2561 2708 3883 
2562 2960 3082 4374 
2563 4139 
2564 3705 4588 4709 
2565 3168 4551 
2566 2669 3670 4589 
2567 3260 4678 
2568 3680 
2569 3750 3911 
2570 2937 3225 4311 4392 4897 
2571 3516 
2572 3030 4172 4295 4780 
2573 3348 
2574 2640 
2575 3460 3736 3909 4005 
2576 2763 3099 4038 4590 4906 
2577 3643 4014 4958 
2578 2662 3340 3614 3738 
2579 3001 4917 
2580 2728 3554 3597 4210 4380 4909 
2581 4520 
2582 2586 3362 3394 3841 4389 4712 
2583 2623 2745 
2584 3102 3352 3994 
2585 2659 3476 4096 
2586 
2587 2793 
2588 4905 
2589 
2590 4453 
2591 2822 3214 
2592 3775 4498 4521 4713 4804 
2593 
2594 3095 
2595 2857 3401 4395 
2596 3191 3722 3854 4181 4493 4603 
2597 2717 3927 
2598 3259 4379 4408 4486 
2599 2635 3315 4477 
2600 3522 3715 3949 4116 
2601 
2602 3029 3448 3842 
2603 2778 3905 4171 4799 
2604 2648 3713 4999 
2605 3853 
2606 3080 
2607 2912 3906 4057 4451 4721 
2608 2904 3259 4164 
2609 4383 
2610 3061 4132 4261 4270 4693 4783 
2611 3025 
2612 
2613 3299 3569 
2614 3285 3347 3946 4360 
2615 2913 3448 4405 4589 4762 
2616 3511 3512 3940 4947 
2617 3640 4892 
2618 3462 3806 3849 
2619 2893 2916 3218 3738 4306 4352 4843 
2620 2732 2851 2906 4094 4379 
2621 2761 3586 4081 4832 4861 
2622 3584 4039 
2623 
2624 
2625 4144 4895 4973 
2626 2876 2886 4982 
2627 2926 4423 
2628 4096 4796 
2629 2742 3792 4114 4130 
2630 4298 4886 
2631 3127 3871 
2632 
2633 3592 3833 
2634 2725 3460 
2635 4167 
2636 2950 4357 4534 
2637 
2638 4194 4394 
2639 2725 4034 4992 
2640 2988 4092 4338 
2641 3125 3491 
2642 3806 
2643 3240 3733 
2644 3120 
2645 2797 3046 4988 
2646 2843 3027 3912 4467 
2647 
2648 2674 3919 
2649 3185 
2650 2881 2913 3570 3809 4438 4439 4476 
2651 2687 3244 4023 4521 4652 
2652 3201 4990 
2653 3051 3406 3508 4085 
2654 3995 4890 
2655 2702 2849 3505 3696 3842 3887 4675 
2656 
2657 2960 3278 3321 
2658 2676 4374 4810 
2659 3743 4768 
2660 3018 3345 
2661 2803 
2662 3229 3789 4590 
2663 3458 4242 4633 
2664 4273 4741 
2665 3012 3469 3883 4458 4906 
2666 4384 
2667 4536 
2668 3051 4573 
2669 3560 3805 4995 
2670 4084 4221 4374 
2671 3095 3544 
2672 3152 
2673 3985 
2674 
2675 3211 
2676 4502 4881 4977 
2677 3202 3570 
2678 3415 4863 
2679 3248 
2680 4104 
2681 3152 3360 3910 3922 4157 
2682 4124 4440 
2683 4609 
2684 
2685 3036 4210 
2686 3482 
2687 
2688 4549 4655 4704 
2689 3154 4314 
2690 3618 3991 4212 4388 4826 
2691 2862 4056 4933 
2692 
2693 2779 4282 4542 4656 
2694 4323 
2695 4285 4342 
2696 2902 4820 
2697 4524 4733 
2698 2923 3974 
2699 3426 
2700 2704 3332 4981 
2701 2911 2927 3980 4859 
2702 3377 3906 4111 
2703 4054 4520 
2704 4666 
2705 3867 4797 
2706 4125 4357 4805 4819 
2707 2905 3015 3062 4531 
2708 2963 3264 3510 4449 4552 
2709 4772 4789 
2710 2981 
2711 3046 4060 
2712 
2713 4037 
2714 3019 4113 4267 4482 
2715 2736 
2716 2846 3096 4625 
2717 2979 3970 4638 4963 
2718 3649 
2719 3959 
2720 2810 4601 4690 
2721 
2722 3344 3429 3767 3823 
2723 2910 4309 
2724 4705 
2725 3100 
2726 3850 
2727 2976 3510 4476 
2728 4108 4154 4388 
2729 
2730 3990 
2731 3720 4016 
2732 3095 3268 
2733 4350 4362 
2734 3029 4168 4495 
2735 3428 3440 3713 3917 
2736 4206 4394 4943 
2737 3932 4211 
2738 3289 
2739 2961 3257 3848 4289 4387 
2740 4529 
2741 4011 4223 
2742 2750 2938 3000 3815 4068 4351 
2743 2850 3418 3703 3979 4729 
2744 3308 3748 
2745 3631 3739 
2746 
2747 
2748 3968 
2749 3064 3714 
2750 2836 3394 4073 4675 4944 
2751 3050 3155 3400 3490 4127 
2752 3365 3770 4259 4880 
2753 4258 4642 
2754 
2755 3358 4243 4321 
2756 3532 4412 4925 
2757 3283 3666 
2758 3117 3382 3758 4151 4665 
2759 3272 4886 
2760 2776 4178 
2761 3957 
2762 3354 3631 4118 4238 4711 4982 
2763 3931 4627 
2764 3631 3944 
2765 3960 
2766 4246 4936 4937 
2767 2873 3235 
2768 3670 3978 
2769 4225 
2770 2855 2941 3184 4041 4539 
2771 2938 
2772 
2773 3112 4552 
2774 3457 4727 
2775 3599 
2776 3738 4739 
2777 3727 
2778 3104 3254 
2779 3833 4864 
2780 2800 2825 
2781 3880 
2782 3938 4274 4448 4984 
2783 3062 3185 
2784 2876 
2785 4414 4482 4757 4910 
2786 2814 2886 3245 3334 4314 4506 
2787 
2788 3074 3987 4931 
2789 3641 
2790 2894 4440 4944 
2791 3563 4564 
2792 3785 
2793 3470 3557 3816 4116 4125 
2794 3983 4968 
2795 3251 3546 4756 4810 
2796 3358 3529 3889 
2797 3276 3484 4852 
2798 3305 3661 3994 
2799 3060 
2800 4233 
2801 2893 4451 
2802 3318 3956 4586 4635 
2803 3390 3607 
2804 3334 4094 
2805 2956 3215 
2806 3291 3429 3432 3489 
2807 3088 3943 4931 
2808 3121 3375 4211 
2809 3837 4549 
2810 
2811 3600 
2812 
2813 3339 4371 
2814 2842 4944 
2815 3503 3527 
2816 3165 3487 
2817 3980 4696 
2818 3700 3708 
2819 2840 2970 3913 4548 
2820 4735 
2821 3102 4072 
2822 3210 4959 
2823 2990 3293 3472 3824 
2824 2980 
2825 3279 3310 3731 3925 
2826 3971 
2827 3303 3459 4728 
2828 3634 4181 
2829 4288 
2830 3095 3102 3441 3735 3947 
2831 
2832 3266 3485 
2833 3745 3978 4943 
2834 
2835 3282 3627 
2836 2992 3120 3713 
2837 2844 3121 3925 4553 4567 
2838 
2839 3192 3460 3589 4875 4947 
2840 2906 3574 3609 4304 4347 
2841 2944 3685 3992 4214 4328 
2842 4252 4272 
2843 3365 4595 4781 4915 
2844 4360 
2845 4095 
2846 3416 4457 4977 
2847 2990 3872 4672 
2848 3405 
2849 3528 4467 4618 
2850 3089 3403 3556 4991 
2851 3019 3584 
2852 3057 
2853 4167 
2854 4744 
2855 3038 4664 
2856 3110 3475 
2857 3835 4142 
2858 3695 4958 
2859 4398 4491 4862 
2860 3700 3774 
2861 3600 3768 3960 
2862 3389 
2863 3007 
2864 3035 3716 4122 
2865 2902 3748 4029 4136 4482 
2866 3344 4311 4397 
2867 3051 3459 4984 
2868 
2869 3453 3782 4456 4894 
2870 4700 
2871 
2872 4054 4598 
2873 3079 
2874 2947 4582 
2875 3387 4796 
2876 2891 3803 
2877 2886 3174 4741 
2878 3031 4071 4379 
2879 2991 
2880 2941 4868 
2881 4191 4994 
2882 4298 4324 
2883 2976 4806 
2884 4249 4645 
2885 3251 3755 
2886 3152 4957 4961 
2887 3223 3789 3972 4264 
2888 2905 3511 3600 4728 
2889 3557 4547 
2890 2900 
2891 3075 4288 4750 4934 
2892 4152 
2893 4687 4698 4701 
2894 2990 
2895 
2896 2958 3654 3816 4318 
2897 
2898 3998 
2899 3740 3773 3982 
2900 3622 3652 4287 4892 
2901 4225 4447 
2902 3944 4164 4527 
2903 3009 3465 4308 
2904 2957 3513 3604 4833 
2905 3009 3479 4821 
2906 3802 4222 
2907 
2908 3931 4454 
2909 4427 
2910 
2911 3260 4610 
2912 4546 
2913 
2914 3718 
2915 
2916 4378 
2917 3008 3891 
2918 3819 3824 3856 
2919 3603 
2920 3787 
2921 3862 4845 
2922 
2923 
2924 3104 3175 4571 
2925 3552 3667 4441 4681 
2926 4030 4341 
2927 4054 4269 
2928 2929 3344 
2929 4587 
2930 4097 4284 
2931 3114 4694 4930 4931 
2932 3111 4439 
2933 3008 3171 4928 
2934 
2935 3264 3370 
2936 3469 
2937 4153 4900 
2938 3251 
2939 3828 4230 4268 4463 
2940 4712 
2941 4157 
2942 4114 4859 4889 
2943 4374 4542 
2944 3131 
2945 3170 3397 3697 
2946 3223 4703 4906 
2947 2971 4965 
2948 3575 
2949 4463 
2950 3372 3578 4640 
2951 3375 3810 
2952 3353 4719 
2953 4226 
2954 4436 4591 4593 
2955 2970 3482 4727 4974 
2956 3987 4172 4662 4708 
2957 4344 
2958 3459 4856 
2959 3658 4296 4391 4644 
2960 3861 4071 4283 4801 
2961 4783 4874 
2962 4577 4717 
2963 4062 4251 
2964 3014 3027 3159 
2965 
2966 3269 
2967 4823 
2968 3275 3898 4257 
2969 3025 4664 
2970 3295 
2971 3180 3204 3435 4416 
2972 3021 3284 4104 4210 
2973 
2974 4060 
2975 3407 3854 3893 4197 4474 
2976 4673 
2977 4662 
2978 4972 
2979 4254 
2980 
2981 4245 
2982 3244 4526 4964 
2983 4452 4690 
2984 3927 4114 4596 4926 
2985 4679 
2986 3052 4525 4574 
2987 4351 
2988 3509 4505 
2989 3927 4814 
2990 3966 4874 
2991 3591 3602 
2992 3102 4478 
2993 
2994 3576 3663 4296 4390 4486 
2995 
2996 3780 3803 4084 
2997 4051 
2998 3345 3658 
2999 3653 
3000 3051 3227 
3001 3762 3829 
3002 4032 4210 4400 4736 
3003 4177 
3004 4165 4850 
3005 4829 
3006 3724 3770 4233 
3007 3311 4156 4622 4818 4883 
3008 3202 3289 3673 3931 4113 4638 
3009 3061 3661 
3010 3472 3766 4097 
3011 
3012 3376 4327 4499 4636 
3013 3721 3837 
3014 4724 4740 4917 
3015 4324 4541 
3016 3056 4975 
3017 3810 
3018 4680 
3019 3049 4170 4378 
3020 3219 3553 
3021 4167 
3022 4971 
3023 3795 
3024 3122 3262 3743 4247 4686 
3025 3074 4934 
3026 3236 3427 4926 
3027 3484 4140 
3028 
3029 3387 
3030 
3031 3219 3419 
3032 4874 
3033 
3034 4233 
3035 3085 
3036 3441 3581 4129 
3037 4694 
3038 3316 
3039 3143 3325 4059 
3040 3296 3320 4766 
3041 4209 
3042 4353 4947 
3043 3228 
3044 3379 3944 
3045 
3046 4404 4725 
3047 3482 3537 4402 
3048 3946 4137 4471 4847 4882 
3049 4874 
3050 
3051 
3052 4130 
3053 3703 4066 4538 4791 
3054 3744 4330 
3055 3176 4252 4507 
3056 3188 3699 
3057 
3058 
3059 4907 
3060 4485 
3061 3356 
3062 3418 4503 4887 
3063 3179 
3064 
3065 3501 3641 
3066 
3067 4777 
3068 3115 3434 
3069 4145 
3070 
3071 3828 
3072 3266 
3073 4370 4869 
3074 4215 4722 
3075 3524 3560 4695 4832 
3076 3087 3639 
3077 3506 3794 3983 4486 4514 4620 4636 4948 
3078 3437 3542 4046 4861 4872 
3079 3442 
3080 4889 
3081 3347 4613 
3082 3231 3745 
3083 3229 3951 4174 
3084 3770 
3085 
3086 3096 
3087 4957 
3088 4549 4920 
3089 3380 3543 3651 4097 4215 
3090 3424 3935 4318 
3091 4209 
3092 3784 4166 
3093 
3094 3455 3470 
3095 4274 
3096 4485 
3097 3992 4217 4750 4793 
3098 3790 3825 4163 4410 4574 
3099 3276 3511 
3100 3109 3233 3551 4248 4523 4587 4972 
3101 3986 4001 
3102 4917 
3103 3786 4013 4933 
3104 3344 3983 4375 
3105 4213 
3106 4237 4988 
3107 3114 4387 
3108 
3109 4190 4670 4933 4988 
3110 3652 4754 
3111 3261 
3112 3380 4235 
3113 
3114 3622 
3115 3738 4594 
3116 3764 4720 
3117 3261 4754 
3118 4162 
3119 4228 4580 
3120 3539 4004 
3121 3397 
3122 3468 4151 4825 
3123 3199 4300 4845 
3124 3492 
3125 3583 3588 3827 4544 
3126 4620 
3127 4824 
3128 3293 4102 4351 
3129 4841 
3130 3160 4417 
3131 3318 4697 
3132 3762 4402 
3133 
3134 
3135 3789 4803 
3136 3640 3764 
3137 3193 3485 4374 
3138 3162 3606 4118 4469 
3139 3335 4896 
3140 
3141 3700 4478 4479 
3142 
3143 
3144 3551 4126 4233 
3145 3737 3875 
3146 4879 
3147 3150 
3148 3410 
3149 3479 3767 
3150 4852 
3151 3847 4464 
3152 3345 4051 4314 
3153 4102 
3154 3515 4177 4602 
3155 4313 
3156 3461 3871 4587 
3157 3665 4035 4183 4601 4974 
3158 4039 4127 
3159 4416 4945 
3160 4347 
3161 4337 4499 
3162 3956 4166 4802 
3163 3680 4082 4191 
3164 3818 
3165 4256 
3166 3762 
3167 3345 4022 4958 
3168 
3169 3263 4337 4366 
3170 3633 3970 
3171 4222 
3172 4778 
3173 3850 4441 
3174 3348 3895 
3175 4872 
3176 3805 3888 4126 4266 4469 4832 4972 
3177 3347 
3178 4083 4366 
3179 4919 
3180 
3181 3864 4183 
3182 4946 
3183 3451 4296 4379 4871 
3184 3212 4130 4183 4230 4315 
3185 3867 3946 
3186 
3187 4039 
3188 3253 
3189 3342 4731 
3190 4083 4404 4460 
3191 
3192 
3193 
3194 4641 
3195 4572 
3196 
3197 4861 
3198 3536 4065 4091 4485 4961 
3199 3245 4829 
3200 
3201 3211 4328 4748 
3202 3800 3841 
3203 3692 
3204 4485 
3205 4141 4885 
3206 
3207 3704 4616 4909 
3208 4016 4139 
3209 3499 
3210 3388 3555 4224 4641 
3211 3462 3491 3810 3925 4828 
3212 3508 3644 4075 4130 4487 
3213 
3214 4679 
3215 4615 4827 
3216 4375 
3217 4757 4855 
3218 3693 3738 
3219 3803 
3220 4095 4932 
3221 3507 
3222 4237 4365 
3223 3918 
3224 4221 4352 4634 4874 
3225 
3226 3337 3799 3937 4158 
3227 3380 
3228 4490 4943 
3229 4643 
3230 3758 
3231 3553 4762 
3232 
3233 3322 3513 
3234 3917 4238 4449 4485 
3235 
3236 
3237 3860 4029 4075 4720 
3238 4183 
3239 4064 4853 4917 
3240 3728 3739 4337 4967 
3241 4071 4223 
3242 
3243 4197 4782 
3244 
3245 4622 
3246 
3247 4697 
3248 3544 4020 4100 4173 4406 
3249 4414 
3250 
3251 4809 
3252 
3253 4206 
3254 
3255 
3256 3361 3644 4668 4759 
3257 3415 3420 4180 
3258 4063 4395 
3259 
3260 4007 4506 4744 
3261 
3262 3352 3522 3695 
3263 4744 
3264 4685 4921 
3265 4422 4477 
3266 3629 4441 
3267 4754 4919 
3268 3510 
3269 4906 
3270 3953 4442 
3271 
3272 4867 
3273 3395 4329 4716 
3274 4555 
3275 3925 4296 4923 
3276 3437 4678 
3277 3676 
3278 
3279 
3280 4837 4943 4960 
3281 
3282 
3283 4660 
3284 3664 4496 4598 4914 4999 
3285 3829 
3286 3355 3515 3952 4387 
3287 3811 3971 
3288 
3289 
3290 3333 4827 
3291 
3292 3652 4731 
3293 4405 
3294 3465 4620 
3295 3494 4436 
3296 4583 
3297 3915 4571 
3298 
3299 3887 4634 
3300 
3301 4784 4836 
3302 4532 
3303 3966 4711 
3304 4631 
3305 4119 4659 4855 
3306 3477 
3307 4415 
3308 4421 
3309 3664 4869 
3310 4096 
3311 4165 4648 
3312 4456 4586 
3313 4185 4815 
3314 
3315 4836 
3316 
3317 4224 4397 
3318 3850 
3319 4052 4094 4150 
3320 3892 4154 4321 
3321 4658 
3322 
3323 3870 
3324 3765 4346 4626 4714 
3325 3478 4779 
3326 3778 4213 
3327 3383 4058 4099 4730 
3328 3404 4083 4547 
3329 3668 3722 4203 
3330 3666 
3331 
3332 3775 3829 3951 4328 
3333 3646 
3334 4513 4935 
3335 4395 
3336 3383 3760 
3337 3390 4042 4710 
3338 4142 4408 4923 
3339 4231 4497 
3340 
3341 3953 4056 
3342 4307 4683 4965 
3343 
3344 4165 4448 4536 4694 
3345 4761 
3346 
3347 3682 3906 3999 
3348 
3349 3556 
3350 
3351 
3352 3714 
3353 3465 3728 4080 
3354 3867 4122 
3355 3476 4691 
3356 4025 4357 4942 
3357 4311 4487 
3358 3634 3933 
3359 4692 
3360 
3361 
3362 3378 4204 4591 4621 
3363 4733 
3364 3522 
3365 4427 
3366 4093 4122 
3367 3384 
3368 3629 3863 4204 
3369 4937 
3370 
3371 
3372 3835 4626 
3373 4795 
3374 3386 3432 4725 
3375 3992 4355 4506 4662 
3376 3434 4365 4719 
3377 4598 
3378 3547 4660 4788 4933 
3379 
3380 4542 4603 4877 
3381 3454 3527 
3382 3577 
3383 3403 4714 
3384 
3385 4331 4369 4373 4771 
3386 3795 4455 
3387 4077 4503 
3388 
3389 3831 4717 4727 
3390 3533 3539 3765 4486 4875 
3391 4767 4814 
3392 3449 
3393 3945 4641 
3394 
3395 
3396 
3397 
3398 
3399 
3400 
3401 3542 3853 
3402 3626 
3403 4401 
3404 4975 4989 
3405 3810 4579 4805 4876 
3406 3994 
3407 3529 4970 
3408 
3409 3464 4960 
3410 3546 3613 3996 4855 
3411 3827 3953 4040 4685 
3412 3765 4123 4493 
3413 3703 4239 4448 4831 
3414 3445 
3415 3817 4081 4365 
3416 
3417 3728 
3418 4087 4686 
3419 
3420 3723 4014 
3421 3777 4586 4773 
3422 3570 
3423 3569 
3424 3936 4021 
3425 4582 
3426 
3427 4302 
3428 4684 
3429 3779 4166 4756 
3430 4124 4256 4562 4685 
3431 4258 
3432 3772 
3433 3649 4954 
3434 
3435 3640 3693 4579 
3436 4057 4765 
3437 
3438 
3439 
3440 3651 4095 4252 4415 4431 
3441 3687 3935 
3442 3695 3783 4470 
3443 3642 
3444 3937 4074 4904 
3445 4382 4599 
3446 3850 3931 3978 4165 
3447 4074 
3448 4034 4073 4712 
3449 3496 4011 4484 
3450 4198 
3451 4348 
3452 4199 4787 4886 
3453 4234 4481 4743 4855 
3454 4568 
3455 3549 4757 
3456 4492 
3457 
3458 3543 
3459 4223 4652 4795 
3460 3503 3566 
3461 4336 
3462 3958 
3463 3609 4067 4163 
3464 3487 4693 
3465 4287 
3466 3555 3726 
3467 
3468 4455 
3469 
3470 4571 4839 
3471 
3472 4553 4959 
3473 
3474 
3475 4732 
3476 3593 
3477 
3478 
3479 
3480 3666 4297 
3481 3641 4727 
3482 
3483 
3484 4085 4174 4977 
3485 4149 
3486 3674 3978 
3487 3864 
3488 3609 4513 
3489 4405 4953 
3490 3496 
3491 3548 4837 
3492 3800 
3493 
3494 4779 
3495 4002 
3496 4732 4836 
3497 3498 
3498 4306 
3499 4404 
3500 
3501 
3502 3810 
3503 3630 
3504 
3505 
3506 4976 
3507 4058 
3508 3541 3749 4317 
3509 4137 
3510 3762 4111 4534 
3511 3679 3734 
3512 4084 4823 
3513 3944 4185 4888 
3514 4403 
3515 3597 4112 4675 
3516 4070 
3517 4003 4362 4743 4929 
3518 4743 4789 
3519 3561 3660 3796 
3520 4794 
3521 3645 4710 
3522 3718 
3523 4750 4857 4944 
3524 4248 4305 4569 
3525 3771 4117 4756 4862 
3526 
3527 3586 
3528 3877 
3529 4005 4406 
3530 3972 
3531 3647 4590 
3532 4617 
3533 3544 3828 4699 
3534 3890 4473 4948 
3535 
3536 4652 
3537 4154 4813 
3538 3713 4586 
3539 
3540 4040 4438 
3541 4294 
3542 3557 
3543 3882 
3544 4005 4349 4378 4903 
3545 4127 
3546 4312 4527 
3547 3719 
3548 4138 
3549 3693 
3550 3865 
3551 3578 
3552 3981 
3553 4641 
3554 4094 
3555 
3556 3577 4768 
3557 4820 
3558 3800 4017 
3559 3712 3931 4075 
3560 4470 
3561 3671 4056 4309 4540 4690 
3562 3927 
3563 4073 
3564 3688 4178 
3565 3834 4345 4549 
3566 4651 4793 
3567 
3568 
3569 
3570 
3571 3630 4309 4958 
3572 
3573 
3574 3896 4391 
3575 
3576 3995 4499 4837 
3577 3912 4650 
3578 4678 4875 
3579 3719 
3580 3676 
3581 4161 
3582 4419 
3583 4057 
3584 3650 4308 4781 
3585 3603 
3586 
3587 4669 
3588 3832 4748 4814 
3589 4712 
3590 4277 
3591 4548 
3592 4944 
3593 4493 4955 
3594 4713 
3595 4139 4674 
3596 
3597 
3598 3890 
3599 
3600 4223 
3601 4471 4481 4661 4713 
3602 4731 
3603 4260 
3604 3928 
3605 4847 
3606 3839 
3607 
3608 
3609 
3610 4583 
3611 3856 4209 4294 
3612 3668 4975 
3613 4158 
3614 4312 4448 
3615 4578 
3616 4432 
3617 4887 
3618 
3619 3812 4268 4757 
3620 4554 4777 
3621 4140 4712 
3622 4272 4580 4644 
3623 4800 
3624 3889 4336 4495 
3625 4464 4839 4939 
3626 4750 4916 
3627 4310 4813 
3628 3653 4322 4391 
3629 3670 4639 
3630 
3631 3751 
3632 3992 4710 
3633 4183 
3634 4028 4333 
3635 3821 3931 
3636 
3637 3947 4164 4430 4781 
3638 4279 4388 4476 4608 
3639 4186 4554 
3640 4988 
3641 4297 
3642 
3643 3884 4650 
3644 
3645 4153 4788 
3646 
3647 3813 4105 
3648 
3649 4200 4297 4419 
3650 4360 4445 
3651 3889 4810 
3652 3772 3810 
3653 
3654 
3655 4635 
3656 
3657 3810 3952 4130 
3658 3713 3955 
3659 4021 4410 4994 
3660 
3661 4245 4870 
3662 
3663 
3664 
3665 4598 
3666 4561 
3667 3815 4888 4942 
3668 
3669 3864 4762 
3670 4347 
3671 4220 
3672 3805 
3673 4023 4624 4925 
3674 3729 
3675 
3676 
3677 3975 
3678 
3679 
3680 4588 
3681 
3682 3838 
3683 4323 
3684 4658 4877 4984 
3685 3875 4217 4423 4427 
3686 4090 
3687 
3688 4072 
3689 
3690 4192 4877 4934 
3691 4510 4550 
3692 3980 4212 4215 
3693 
3694 
3695 3951 
3696 3802 3825 
3697 4869 
3698 4428 
3699 4295 
3700 
3701 4000 4530 
3702 
3703 3743 4405 
3704 4002 4122 
3705 3892 3993 4038 
3706 4177 
3707 4609 4736 4876 
3708 3751 4388 4518 
3709 3823 3927 
3710 4105 4114 4504 
3711 
3712 
3713 4270 4594 4767 
3714 
3715 3943 4232 4807 
3716 3743 4051 4843 
3717 4686 
3718 
3719 
3720 3899 4649 4663 
3721 4830 
3722 
3723 
3724 
3725 3882 4209 4294 
3726 3808 4048 4985 
3727 4774 
3728 4088 4101 4924 
3729 4700 4931 
3730 4307 4806 
3731 4085 4880 
3732 3771 4492 
3733 
3734 4573 
3735 4703 4845 4939 
3736 
3737 
3738 
3739 4111 
3740 4621 
3741 4020 4384 
3742 
3743 3883 4205 
3744 4616 4721 
3745 
3746 3956 
3747 4856 
3748 
3749 3986 
3750 4763 
3751 
3752 4136 4245 
3753 
3754 
3755 3830 4713 
3756 4094 4295 4452 4695 4704 
3757 4654 4849 
3758 4318 
3759 4087 
3760 
3761 4349 4383 
3762 4058 4121 4694 
3763 
3764 
3765 4422 4505 
3766 4434 
3767 4998 
3768 3932 4050 
3769 3988 4900 
3770 
3771 4336 4343 
3772 
3773 4120 4461 
3774 
3775 3903 4016 4751 4870 
3776 3806 
3777 4417 
3778 3998 
3779 4440 4550 4841 
3780 4316 
3781 3898 4939 
3782 3992 
3783 
3784 4832 
3785 3907 3925 4092 4633 4812 
3786 4196 
3787 4818 4900 
3788 4159 
3789 4106 4383 
3790 
3791 4102 4510 4654 
3792 3978 
3793 4108 4294 4647 
3794 
3795 4378 4432 4728 4904 
3796 4002 
3797 
3798 4165 
3799 
3800 4295 
3801 3938 3989 4790 
3802 
3803 3897 4893 
3804 
3805 
3806 4347 4840 
3807 3988 4940 
3808 4681 4709 
3809 4385 
3810 4545 
3811 4052 4083 4308 4393 
3812 4679 
3813 4832 
3814 
3815 
3816 4184 4438 4532 
3817 4701 4972 
3818 
3819 4364 4422 4487 
3820 4021 
3821 3915 4431 
3822 4692 
3823 4809 
3824 4744 
3825 4272 4435 
3826 3879 4401 
3827 4622 
3828 
3829 4005 4373 
3830 4177 
3831 4385 4614 4734 
3832 3947 4823 
3833 4429 4992 
3834 4314 
3835 4911 
3836 4457 
3837 4113 4284 
3838 4044 4361 4712 
3839 3999 
3840 4602 
3841 4323 
3842 4763 
3843 4296 4869 
3844 4271 4462 
3845 3869 
3846 4583 4901 
3847 4010 4435 4991 
3848 
3849 4621 
3850 
3851 
3852 
3853 3891 4875 
3854 3934 
3855 
3856 
3857 3864 
3858 4515 
3859 4155 
3860 4552 
3861 4486 
3862 4694 
3863 4404 
3864 3942 4359 
3865 4140 4903 
3866 
3867 
3868 4349 4698 4795 
3869 4289 4390 
3870 4595 4742 4764 
3871 
3872 4821 
3873 3897 3910 4996 
3874 4641 4813 
3875 
3876 4170 4602 
3877 4073 
3878 
3879 4495 
3880 4067 
3881 4687 4948 
3882 4442 4575 4608 
3883 4000 4034 4093 4157 
3884 4014 
3885 
3886 4352 
3887 4216 
3888 4218 
3889 
3890 4120 4549 4578 
3891 3981 4994 
3892 
3893 
3894 4667 4770 
3895 4522 
3896 4518 4888 
3897 
3898 4221 4398 
3899 4516 4815 
3900 
3901 4866 
3902 4577 
3903 4833 
3904 
3905 4344 
3906 4172 
3907 4047 4142 4341 4876 
3908 4783 4813 4820 
3909 4371 
3910 4805 
3911 4431 
3912 
3913 
3914 4781 
3915 4508 
3916 
3917 4019 4664 4969 
3918 3986 4674 4781 
3919 4246 
3920 
3921 4099 4224 
3922 
3923 4263 
3924 4485 
3925 4364 4460 
3926 4320 4339 4621 
3927 4350 
3928 4164 
3929 4094 4578 
3930 4415 4571 
3931 4106 
3932 
3933 
3934 
3935 4975 
3936 3939 
3937 4505 
3938 3975 4484 4518 4850 4861 
3939 
3940 4013 4961 
3941 
3942 
3943 4552 4666 
3944 4002 4028 4772 4977 
3945 
3946 4449 4989 
3947 4833 
3948 4649 
3949 4310 4654 4896 
3950 4313 4432 
3951 
3952 
3953 4103 4354 
3954 4229 4604 4850 4896 
3955 
3956 
3957 4472 4989 
3958 
3959 
3960 4587 
3961 4021 4137 
3962 4458 4758 
3963 
3964 4566 
3965 4276 
3966 4314 4527 
3967 
3968 4575 
3969 4961 
3970 
3971 4367 4539 4833 
3972 
3973 4672 
3974 
3975 4320 4764 4830 
3976 3995 4595 
3977 
3978 4069 
3979 
3980 4868 
3981 4193 
3982 
3983 4198 
3984 4124 4161 4507 4697 4926 
3985 
3986 4317 
3987 4627 4664 
3988 
3989 4407 
3990 4460 
3991 4045 
3992 
3993 
3994 4349 4436 
3995 4407 4997 
3996 4565 
3997 4814 
3998 
3999 4809 
4000 4280 4338 
4001 4115 4195 4565 
4002 
4003 
4004 4561 
4005 
4006 
4007 4439 4888 
4008 4585 
4009 
4010 
4011 4328 
4012 
4013 4209 4964 
4014 4528 
4015 4519 
4016 
4017 
4018 
4019 4077 4261 
4020 4235 
4021 4083 
4022 4888 
4023 
4024 
4025 4367 4809 
4026 4299 
4027 4766 4787 
4028 4238 4953 
4029 4271 
4030 
4031 
4032 4054 4213 4967 
4033 
4034 
4035 
4036 
4037 4042 4052 4192 4364 4660 
4038 4239 4253 
4039 4172 4735 
4040 4977 
4041 4114 
4042 4314 4559 4689 
4043 
4044 
4045 4105 4687 4739 
4046 4551 
4047 4240 4498 4785 
4048 4558 4840 4888 
4049 4987 
4050 
4051 4383 
4052 4088 4522 4914 
4053 4623 
4054 4281 
4055 
4056 4202 4717 
4057 
4058 
4059 4772 
4060 
4061 4490 4767 
4062 4265 4451 
4063 4126 4448 4919 
4064 4629 
4065 
4066 4718 4961 
4067 
4068 4834 
4069 
4070 
4071 4222 
4072 4284 
4073 4478 
4074 
4075 4506 4746 4889 
4076 
4077 
4078 
4079 4364 
4080 
4081 4192 
4082 4435 
4083 
4084 4750 
4085 4876 
4086 
4087 
4088 
4089 4449 
4090 
4091 
4092 4722 
4093 
4094 4158 4743 
4095 4421 
4096 
4097 
4098 4195 4406 
4099 
4100 4922 
4101 4475 4561 
4102 4861 
4103 
4104 4771 
4105 4199 
4106 4791 
4107 4553 
4108 
4109 4191 4943 
4110 4573 
4111 4645 
4112 4892 
4113 4865 
4114 
4115 
4116 
4117 4211 
4118 4340 4539 4943 
4119 
4120 
4121 
4122 
4123 4514 
4124 4961 
4125 
4126 4688 4728 
4127 4401 
4128 
4129 4985 
4130 
4131 
4132 4729 
4133 
4134 4713 
4135 
4136 4794 
4137 4552 4881 
4138 
4139 4393 4511 4606 
4140 
4141 
4142 
4143 4698 
4144 
4145 4607 4979 
4146 4258 4307 
4147 4334 
4148 
4149 4434 
4150 4875 
4151 4232 4267 4923 
4152 4897 
4153 4935 
4154 4214 4273 4516 4774 4901 
4155 4739 
4156 
4157 4454 
4158 
4159 4305 4476 
4160 
4161 4250 4766 
4162 
4163 
4164 4998 
4165 4856 
4166 4370 4572 4675 
4167 4442 
4168 
4169 4215 4672 
4170 
4171 
4172 4173 4945 
4173 4909 
4174 
4175 
4176 4414 
4177 4377 
4178 4384 4612 
4179 
4180 
4181 
4182 4697 
4183 
4184 
4185 4636 4982 
4186 
4187 
4188 4527 4858 
4189 
4190 
4191 
4192 4613 
4193 4585 4738 
4194 
4195 
4196 4200 
4197 4533 
4198 4751 
4199 4622 
4200 
4201 4211 
4202 
4203 4476 4497 4864 
4204 
4205 4737 4788 
4206 
4207 
4208 4292 
4209 4395 4440 
4210 4445 4690 4868 
4211 
4212 4290 4452 
4213 4782 
4214 
4215 4563 
4216 4576 
4217 4315 
4218 4960 
4219 
4220 4989 
4221 4889 4943 
4222 4487 
4223 
4224 4268 
4225 
4226 4532 4622 
4227 4715 
4228 
4229 
4230 
4231 
4232 
4233 
4234 4519 
4235 
4236 
4237 
4238 4968 4980 
4239 4525 
4240 4664 4755 4899 
4241 
4242 4459 
4243 
4244 4531 
4245 
4246 
4247 
4248 4748 
4249 4972 
4250 4816 
4251 
4252 4978 
4253 
4254 
4255 
4256 4291 
4257 4321 4406 4506 
4258 4573 4804 
4259 4751 
4260 4326 
4261 
4262 4659 4719 
4263 
4264 4830 
4265 4846 
4266 
4267 4906 
4268 
4269 
4270 4330 
4271 
4272 4933 
4273 
4274 4397 4895 
4275 
4276 
4277 4304 4881 
4278 
4279 
4280 
4281 
4282 4867 
4283 
4284 
4285 
4286 
4287 4947 
4288 
4289 
4290 4492 4575 
4291 
4292 4396 
4293 4456 4735 
4294 4467 4761 4966 
4295 
4296 
4297 
4298 4666 
4299 
4300 4329 
4301 4844 
4302 
4303 
4304 4461 
4305 4709 
4306 4729 
4307 
4308 4639 4794 
4309 4654 
4310 
4311 
4312 4837 
4313 
4314 
4315 
4316 
4317 4644 4719 
4318 
4319 4381 
4320 4956 
4321 
4322 
4323 4643 
4324 4508 
4325 
4326 4435 
4327 4465 
4328 
4329 4470 
4330 4352 
4331 
4332 4671 
4333 4826 
4334 4770 
4335 4357 
4336 
4337 
4338 4608 4841 4868 
4339 4997 
4340 
4341 4624 
4342 4372 
4343 
4344 
4345 
4346 
4347 
4348 
4349 
4350 4688 
4351 4910 
4352 
4353 
4354 4370 4664 
4355 4474 
4356 
4357 
4358 
4359 
4360 
4361 4762 4820 
4362 4632 4712 4864 
4363 
4364 4648 
4365 
4366 
4367 4436 
4368 4489 4791 
4369 4893 
4370 
4371 4555 
4372 4907 
4373 
4374 4401 4470 
4375 
4376 4799 
4377 
4378 
4379 
4380 
4381 
4382 
4383 4567 
4384 
4385 4744 
4386 
4387 4770 
4388 4442 
4389 
4390 4447 
4391 
4392 
4393 
4394 
4395 
4396 
4397 4774 
4398 4768 
4399 
4400 4943 
4401 
4402 4507 
4403 
4404 
4405 
4406 
4407 
4408 
4409 
4410 
4411 4995 
4412 4506 
4413 
4414 
4415 
4416 
4417 4604 4655 
4418 
4419 4893 
4420 
4421 
4422 
4423 
4424 
4425 
4426 
4427 
4428 
4429 4764 
4430 4745 
4431 
4432 4646 
4433 4557 
4434 
4435 
4436 
4437 4579 4801 
4438 
4439 4716 
4440 
4441 
4442 
4443 
4444 
4445 4925 
4446 
4447 4563 
4448 
4449 
4450 4550 
4451 4696 
4452 4889 
4453 
4454 4672 
4455 4746 4849 
4456 
4457 
4458 4733 
4459 
4460 4609 4633 
4461 
4462 
4463 
4464 4946 
4465 
4466 
4467 
4468 
4469 4477 4545 
4470 4558 
4471 4510 
4472 4528 
4473 4803 
4474 
4475 4669 
4476 
4477 4768 4999 
4478 4809 
4479 4487 4764 
4480 
4481 
4482 4541 
4483 
4484 4753 4757 
4485 
4486 
4487 
4488 
4489 4502 
4490 
4491 4622 
4492 
4493 
4494 4613 
4495 
4496 4646 
4497 4610 4889 
4498 
4499 4522 
4500 
4501 4553 4626 4756 
4502 4564 
4503 
4504 
4505 
4506 
4507 
4508 
4509 
4510 
4511 4908 
4512 4568 
4513 
4514 
4515 
4516 4519 4718 
4517 
4518 4582 
4519 
4520 
4521 4633 4900 
4522 
4523 
4524 
4525 4775 
4526 4825 
4527 
4528 
4529 
4530 
4531 
4532 
4533 
4534 4651 
4535 
4536 4996 
4537 4889 4969 
4538 4967 
4539 
4540 
4541 4978 
4542 
4543 
4544 
4545 4752 
4546 
4547 
4548 
4549 
4550 
4551 
4552 4684 4689 4891 
4553 
4554 4807 
4555 4704 
4556 
4557 4746 
4558 
4559 4706 
4560 
4561 4758 
4562 
4563 
4564 
4565 4891 4946 
4566 
4567 
4568 
4569 4620 
4570 4633 
4571 
4572 4726 
4573 
4574 4735 
4575 
4576 
4577 
4578 
4579 
4580 4689 
4581 4727 4820 
4582 
4583 
4584 4782 
4585 
4586 
4587 4945 
4588 
4589 
4590 
4591 4787 
4592 
4593 
4594 4977 
4595 4747 
4596 
4597 4681 
4598 4622 
4599 4616 4840 
4600 4651 4910 
4601 
4602 
4603 
4604 
4605 4777 
4606 
4607 
4608 
4609 4718 4974 
4610 
4611 
4612 4890 
4613 4971 
4614 4720 
4615 
4616 
4617 
4618 
4619 
4620 
4621 4991 
4622 4741 
4623 
4624 
4625 
4626 
4627 
4628 
4629 
4630 
4631 
4632 
4633 
4634 
4635 4889 
4636 4940 
4637 
4638 
4639 
4640 4743 
4641 
4642 
4643 4700 4883 
4644 
4645 
4646 4786 
4647 
4648 
4649 
4650 
4651 
4652 
4653 4699 
4654 
4655 4821 
4656 
4657 
4658 
4659 4774 
4660 
4661 4750 
4662 4809 
4663 
4664 
4665 
4666 
4667 
4668 4952 
4669 
4670 4842 
4671 
4672 4839 
4673 
4674 
4675 
4676 4850 
4677 4797 4811 
4678 
4679 
4680 
4681 4693 4767 
4682 4864 
4683 
4684 
4685 
4686 4743 
4687 
4688 
4689 4691 
4690 
4691 
4692 
4693 
4694 
4695 
4696 
4697 
4698 4955 
4699 
4700 
4701 
4702 
4703 
4704 
4705 
4706 
4707 
4708 
4709 
4710 
4711 
4712 
4713 4848 
4714 
4715 
4716 
4717 
4718 
4719 
4720 
4721 
4722 
4723 4744 4921 
4724 
4725 4815 
4726 
4727 
4728 
4729 
4730 4805 4813 
4731 
4732 
4733 
4734 4839 
4735 
4736 4759 4953 
4737 4779 4831 4985 
4738 
4739 
4740 
4741 
4742 4908 
4743 
4744 4804 
4745 
4746 
4747 4819 
4748 
4749 
4750 
4751 4990 
4752 
4753 
4754 
4755 
4756 
4757 
4758 
4759 
4760 
4761 
4762 
4763 4915 
4764 
4765 
4766 
4767 4899 
4768 4936 
4769 
4770 
4771 4971 
4772 4817 
4773 
4774 
4775 
4776 
4777 
4778 
4779 
4780 4816 
4781 
4782 
4783 
4784 
4785 
4786 4877 
4787 
4788 
4789 
4790 
4791 
4792 
4793 
4794 
4795 
4796 
4797 
4798 
4799 
4800 
4801 
4802 
4803 4879 
4804 
4805 
4806 
4807 
4808 
4809 
4810 
4811 
4812 
4813 
4814 
4815 
4816 
4817 
4818 
4819 
4820 
4821 4858 
4822 
4823 
4824 
4825 
4826 4840 
4827 
4828 
4829 
4830 4892 
4831 
4832 
4833 
4834 
4835 
4836 4864 4872 
4837 
4838 
4839 
4840 
4841 
4842 
4843 
4844 
4845 
4846 
4847 
4848 
4849 
4850 
4851 
4852 
4853 4983 
4854 
4855 
4856 4878 4899 
4857 
4858 
4859 
4860 4923 
4861 
4862 
4863 4999 
4864 4871 
4865 
4866 4953 
4867 4870 
4868 
4869 
4870 
4871 
4872 
4873 
4874 
4875 
4876 
4877 
4878 
4879 4908 
4880 
4881 
4882 
4883 
4884 
4885 
4886 
4887 
4888 
4889 
4890 
4891 
4892 
4893 
4894 
4895 
4896 
4897 
4898 
4899 
4900 4999 
4901 
4902 
4903 
4904 
4905 
4906 
4907 
4908 
4909 
4910 
4911 
4912 
4913 
4914 
4915 
4916 
4917 
4918 4921 
4919 
4920 
4921 
4922 
4923 
4924 
4925 
4926 
4927 
4928 
4929 
4930 
4931 
4932 
4933 4984 
4934 
4935 
4936 
4937 4980 
4938 
4939 4978 
4940 
4941 
4942 
4943 
4944 
4945 
4946 
4947 
4948 
4949 
4950 
4951 
4952 
4953 
4954 
4955 
4956 
4957 
4958 
4959 
4960 
4961 
4962 
4963 
4964 
4965 
4966 
4967 
4968 
4969 
4970 
4971 
4972 
4973 
4974 
4975 
4976 
4977 
4978 
4979 
4980 
4981 
4982 
4983 
4984 
4985 
4986 
4987 
4988 
4989 
4990 
4991 
4992 
4993 
4994 
4995 
4996 
4997 
4998 
4999 
[0, 0, 0, 0, 0, 0, 0, 0, 0, 0, 0, 0, 0, 0, 0, 0, 0, 0, 0, 0, 0, 0, 0, 0, 0, 0, 0, 0, 0, 0, 0, 0, 0, 0, 0, 0, 0, 0, 0, 0, 0, 0, 0, 0, 0, 0, 0, 0, 0, 0, 0, 0, 0, 0, 0, 0, 0, 0, 0, 0, 0, 0, 0, 0, 0, 0, 0, 0, 0, 0, 0, 0, 0, 0, 0, 0, 0, 0, 0, 0, 0, 0, 0, 0, 0, 0, 0, 0, 0, 0, 0, 0, 0, 0, 0, 0, 0, 0, 0, 0, 0, 0, 0, 0, 0, 0, 0, 0, 0, 0, 0, 0, 0, 0, 0, 0, 0, 0, 0, 0, 0, 0, 0, 0, 0, 0, 0, 0, 0, 0, 0, 0, 0, 0, 0, 0, 0, 0, 0, 0, 0, 0, 0, 0, 0, 0, 0, 0, 0, 0, 0, 0, 0, 0, 0, 0, 0, 0, 0, 0, 0, 0, 0, 0, 0, 0, 0, 0, 0, 0, 0, 0, 0, 0, 0, 0, 0, 0, 0, 0, 0, 0, 0, 0, 0, 0, 0, 0, 0, 0, 0, 0, 0, 0, 0, 0, 0, 0, 0, 0, 0, 0, 0, 0, 0, 0, 0, 0, 0, 0, 0, 0, 0, 0, 0, 0, 0, 0, 0, 0, 0, 0, 0, 0, 0, 0, 0, 0, 0, 0, 0, 0, 0, 0, 0, 0, 0, 0, 0, 0, 0, 0, 0, 0, 0, 0, 0, 0, 0, 0, 0, 0, 0, 0, 0, 0, 0, 0, 0, 0, 0, 0, 0, 0, 0, 0, 0, 0, 0, 0, 0, 0, 0, 0, 0, 0, 0, 0, 0, 0, 0, 0, 0, 0, 0, 0, 0, 0, 0, 0, 0, 0, 0, 0, 0, 0, 0, 0, 0, 0, 0, 0, 0, 0, 0, 0, 0, 0, 0, 0, 0, 0, 0, 0, 0, 0, 0, 0, 0, 0, 0, 0, 0, 0, 0, 0, 0, 0, 0, 0, 0, 0, 0, 0, 0, 0, 0, 0, 0, 0, 0, 0, 0, 0, 0, 0, 0, 0, 0, 0, 0, 0, 0, 0, 0, 0, 0, 0, 0, 0, 0, 0, 0, 0, 0, 0, 0, 0, 0, 0, 0, 0, 0, 0, 0, 0, 0, 0, 0, 0, 0, 0, 0, 0, 0, 0, 0, 0, 0, 0, 0, 0, 0, 0, 0, 0, 0, 0, 0, 0, 0, 0, 0, 0, 0, 0, 0, 0, 0, 0, 0, 0, 0, 0, 0, 0, 0, 0, 0, 0, 0, 0, 0, 0, 0, 0, 0, 0, 0, 0, 0, 0, 0, 0, 0, 0, 0, 0, 0, 0, 0, 0, 0, 0, 0, 0, 0, 0, 0, 0, 0, 0, 0, 0, 0, 0, 0, 0, 0, 0, 0, 0, 0, 0, 0, 0, 0, 0, 0, 0, 0, 0, 0, 0, 0, 0, 0, 0, 0, 0, 0, 0, 0, 0, 0, 0, 0, 0, 0, 0, 0, 0, 0, 0, 0, 0, 0, 0, 0, 0, 0, 0, 0, 0, 0, 0, 0, 0, 0, 0, 0, 0, 0, 0, 0, 0, 0, 0, 0, 0, 0, 0, 0, 0, 0, 0, 0, 0, 0, 0, 0, 0, 0, 0, 0, 0, 0, 0, 0, 0, 0, 0, 0, 0, 0, 0, 0, 0, 0, 0, 0, 0, 0, 0, 0, 0, 0, 0, 0, 0, 0, 0, 0, 0, 0, 0, 0, 0, 0, 0, 0, 0, 0, 0, 0, 0, 0, 0, 0, 0, 0, 0, 0, 0, 0, 0, 0, 0, 0, 0, 0, 0, 0, 0, 0, 0, 0, 0, 0, 0, 0, 0, 0, 0, 0, 0, 0, 0, 0, 0, 0, 0, 0, 0, 0, 0, 0, 0, 0, 0, 0, 0, 0, 0, 0, 0, 0, 0, 0, 0, 0, 0, 0, 0, 0, 0, 0, 0, 0, 0, 0, 0, 0, 0, 0, 0, 0, 0, 0, 0, 0, 0, 0, 0, 0, 0, 0, 0, 0, 0, 0, 0, 0, 0, 0, 0, 0, 0, 0, 0, 0, 0, 0, 0, 0, 0, 0, 0, 0, 0, 0, 0, 0, 0, 0, 0, 0, 0, 0, 0, 0, 0, 0, 0, 0, 0, 0, 0, 0, 0, 0, 0, 0, 0, 0, 0, 0, 0, 0, 0, 0, 0, 0, 0, 0, 0, 0, 0, 0, 0, 0, 0, 0, 0, 0, 0, 0, 0, 0, 0, 0, 0, 0, 0, 0, 0, 0, 0, 0, 0, 0, 0, 0, 0, 0, 0, 0, 0, 0, 0, 0, 0, 0, 0, 0, 0, 0, 0, 0, 0, 0, 0, 0, 0, 0, 0, 0, 0, 0, 0, 0, 0, 0, 0, 0, 0, 0, 0, 0, 0, 0, 0, 0, 0, 0, 0, 0, 0, 0, 0, 0, 0, 0, 0, 0, 0, 0, 0, 0, 0, 0, 0, 0, 0, 0, 0, 0, 0, 0, 0, 0, 0, 0, 0, 0, 0, 0, 0, 0, 0, 0, 0, 0, 0, 0, 0, 0, 0, 0, 0, 0, 0, 0, 0, 0, 0, 0, 0, 0, 0, 0, 0, 0, 0, 0, 0, 0, 0, 0, 0, 0, 0, 0, 0, 0, 0, 0, 0, 0, 0, 0, 0, 0, 0, 0, 0, 0, 0, 0, 0, 0, 0, 0, 0, 0, 0, 0, 0, 0, 0, 0, 0, 0, 0, 0, 0, 0, 0, 0, 0, 0, 0, 0, 0, 0, 0, 0, 0, 0, 0, 0, 0, 0, 0, 0, 0, 0, 0, 0, 0, 0, 0, 0, 0, 0, 0, 0, 0, 0, 0, 0, 0, 0, 0, 0, 0, 0, 0, 0, 0, 0, 0, 0, 0, 0, 0, 0, 0, 0, 0, 0, 0, 0, 0, 0, 0, 0, 0, 0, 0, 0, 0, 0, 0, 0, 0, 0, 0, 0, 0, 0, 0, 0, 0, 0, 0, 0, 0, 0, 0, 0, 0, 0, 0, 0, 0, 0, 0, 0, 0, 0, 0, 0, 0, 0, 0, 0, 0, 0, 0, 0, 0, 0, 0, 0, 0, 0, 0, 0, 0, 0, 0, 0, 0, 0, 0, 0, 0, 0, 0, 0, 0, 0, 0, 0, 0, 0, 0, 0, 0, 0, 0, 0, 0, 0, 0, 0, 0, 0, 0, 0, 0, 0, 0, 0, 0, 0, 0, 0, 0, 0, 0, 0, 0, 0, 0, 0, 0, 0, 0, 0, 0, 0, 0, 0, 0, 0, 0, 0, 0, 0, 0, 0, 0, 0, 0, 0, 0, 0, 0, 0, 0, 0, 0, 0, 0, 0, 0, 0, 0, 0, 0, 0, 0, 0, 0, 0, 0, 0, 0, 0, 0, 0, 0, 0, 0, 0, 0, 0, 0, 0, 0, 0, 0, 0, 0, 0, 0, 0, 0, 0, 0, 0, 0, 0, 0, 0, 0, 0, 0, 0, 0, 0, 0, 0, 0, 0, 0, 0, 0, 0, 0, 0, 0, 0, 0, 0, 0, 0, 0, 0, 0, 0, 0, 0, 0, 0, 0, 0, 0, 0, 0, 0, 0, 0, 0, 0, 0, 0, 0, 0, 0, 0, 0, 0, 0, 0, 0, 0, 0, 0, 0, 0, 0, 0, 0, 0, 0, 0, 0, 0, 0, 0, 0, 0, 0, 0, 0, 0, 0, 0, 0, 0, 0, 0, 0, 0, 0, 0, 0, 0, 0, 0, 0, 0, 0, 0, 0, 0, 0, 0, 0, 0, 0, 0, 0, 0, 0, 0, 0, 0, 0, 0, 0, 0, 0, 0, 0, 0, 0, 0, 0, 0, 0, 0, 0, 0, 0, 0, 0, 0, 0, 0, 0, 0, 0, 0, 0, 0, 0, 0, 0, 0, 0, 0, 0, 0, 0, 0, 0, 0, 0, 0, 0, 0, 0, 0, 0, 0, 0, 0, 0, 0, 0, 0, 0, 0, 0, 0, 0, 0, 0, 0, 0, 0, 0, 0, 0, 0, 0, 0, 0, 0, 0, 0, 0, 0, 0, 0, 0, 0, 0, 0, 0, 0, 0, 0, 0, 0, 0, 0, 0, 0, 0, 0, 0, 0, 0, 0, 0, 0, 0, 0, 0, 0, 0, 0, 0, 0, 0, 0, 0, 0, 0, 0, 0, 0, 0, 0, 0, 0, 0, 0, 0, 0, 0, 0, 0, 0, 0, 0, 0, 0, 0, 0, 0, 0, 0, 0, 0, 0, 0, 0, 0, 0, 0, 0, 0, 0, 0, 0, 0, 0, 0, 0, 0, 0, 0, 0, 0, 0, 0, 0, 0, 0, 0, 0, 0, 0, 0, 0, 0, 0, 0, 0, 0, 0, 0, 0, 0, 0, 0, 0, 0, 0, 0, 0, 0, 0, 0, 0, 0, 0, 0, 0, 0, 0, 0, 0, 0, 0, 0, 0, 0, 0, 0, 0, 0, 0, 0, 0, 0, 0, 0, 0, 0, 0, 0, 0, 0, 0, 0, 0, 0, 0, 0, 0, 0, 0, 0, 0, 0, 0, 0, 0, 0, 0, 0, 0, 0, 0, 0, 0, 0, 0, 0, 0, 0, 0, 0, 0, 0, 0, 0, 0, 0, 0, 0, 0, 0, 0, 0, 0, 0, 0, 0, 0, 0, 0, 0, 0, 0, 0, 0, 0, 0, 0, 0, 0, 0, 0, 0, 0, 0, 0, 0, 0, 0, 0, 0, 0, 0, 0, 0, 0, 0, 0, 0, 0, 0, 0, 0, 0, 0, 0, 0, 0, 0, 0, 0, 0, 0, 0, 0, 0, 0, 0, 0, 0, 0, 0, 0, 0, 0, 0, 0, 0, 0, 0, 0, 0, 0, 0, 0, 0, 0, 0, 0, 0, 0, 0, 0, 0, 0, 0, 0, 0, 0, 0, 0, 0, 0, 0, 0, 0, 0, 0, 0, 0, 0, 0, 0, 0, 0, 0, 0, 0, 0, 0, 0, 0, 0, 0, 0, 0, 0, 0, 0, 0, 0, 0, 0, 0, 0, 0, 0, 0, 0, 0, 0, 0, 0, 0, 0, 0, 0, 0, 0, 0, 0, 0, 0, 0, 0, 0, 0, 0, 0, 0, 0, 0, 0, 0, 0, 0, 0, 0, 0, 0, 0, 0, 0, 0, 0, 0, 0, 0, 0, 0, 0, 0, 0, 0, 0, 0, 0, 0, 0, 0, 0, 0, 0, 0, 0, 0, 0, 0, 0, 0, 0, 0, 0, 0, 0, 0, 0, 0, 0, 0, 0, 0, 0, 0, 0, 0, 0, 0, 0, 0, 0, 0, 0, 0, 0, 0, 0, 0, 0, 0, 0, 0, 0, 0, 0, 0, 0, 0, 0, 0, 0, 0, 0, 0, 0, 0, 0, 0, 0, 0, 0, 0, 0, 0, 0, 0, 0, 0, 0, 0, 0, 0, 0, 0, 0, 0, 0, 0, 0, 0, 0, 0, 0, 0, 0, 0, 0, 0, 0, 0, 0, 0, 0, 0, 0, 0, 0, 0, 0, 0, 0, 0, 0, 0, 0, 0, 0, 0, 0, 0, 0, 0, 0, 0, 0, 0, 0, 0, 0, 0, 0, 0, 0, 0, 0, 0, 0, 0, 0, 0, 0, 0, 0, 0, 0, 0, 0, 0, 0, 0, 0, 0, 0, 0, 0, 0, 0, 0, 0, 0, 0, 0, 0, 0, 0, 0, 0, 0, 0, 0, 0, 0, 0, 0, 0, 0, 0, 0, 0, 0, 0, 0, 0, 0, 0, 0, 0, 0, 0, 0, 0, 0, 0, 0, 0, 0, 0, 0, 0, 0, 0, 0, 0, 0, 0, 0, 0, 0, 0, 0, 0, 0, 0, 0, 0, 0, 0, 0, 0, 0, 0, 0, 0, 0, 0, 0, 0, 0, 0, 0, 0, 0, 0, 0, 0, 0, 0, 0, 0, 0, 0, 0, 0, 0, 0, 0, 0, 0, 0, 0, 0, 0, 0, 0, 0, 0, 0, 0, 0, 0, 0, 0, 0, 0, 0, 0, 0, 0, 0, 0, 0, 0, 0, 0, 0, 0, 0, 0, 0, 0, 0, 0, 0, 0, 0, 0, 0, 0, 0, 0, 0, 0, 0, 0, 0, 0, 0, 0, 0, 0, 0, 0, 0, 0, 0, 0, 0, 0, 0, 0, 0, 0, 0, 0, 0, 0, 0, 0, 0, 0, 0, 0, 0, 0, 0, 0, 0, 0, 0, 0, 0, 0, 0, 0, 0, 0, 0, 0, 0, 0, 0, 0, 0, 0, 0, 0, 0, 0, 0, 0, 0, 0, 0, 0, 0, 0, 0, 0, 0, 0, 0, 0, 0, 0, 0, 0, 0, 0, 0, 0, 0, 0, 0, 0, 0, 0, 0, 0, 0, 0, 0, 0, 0, 0, 0, 0, 0, 0, 0, 0, 0, 0, 0, 0, 0, 0, 0, 0, 0, 0, 0, 0, 0, 0, 0, 0, 0, 0, 0, 0, 0, 0, 0, 0, 0, 0, 0, 0, 0, 0, 0, 0, 0, 0, 0, 0, 0, 0, 0, 0, 0, 0, 0, 0, 0, 0, 0, 0, 0, 0, 0, 0, 0, 0, 0, 0, 0, 0, 0, 0, 0, 0, 0, 0, 0, 0, 0, 0, 0, 0, 0, 0, 0, 0, 0, 0, 0, 0, 0, 0, 0, 0, 0, 0, 0, 0, 0, 0, 0, 0, 0, 0, 0, 0, 0, 0, 0, 0, 0, 0, 0, 0, 0, 0, 0, 0, 0, 0, 0, 0, 0, 0, 0, 0, 0, 0, 0, 0, 0, 0, 0, 0, 0, 0, 0, 0, 0, 0, 0, 0, 0, 0, 0, 0, 0, 0, 0, 0, 0, 0, 0, 0, 0, 0, 0, 0, 0, 0, 0, 0, 0, 0, 0, 0, 0, 0, 0, 0, 0, 0, 0, 0, 0, 0, 0, 0, 0, 0, 0, 0, 0, 0, 0, 0, 0, 0, 0, 0, 0, 0, 0, 0, 0, 0, 0, 0, 0, 0, 0, 0, 0, 0, 0, 0, 0, 0, 0, 0, 0, 0, 0, 0, 0, 0, 0, 0, 0, 0, 0, 0, 0, 0, 0, 0, 0, 0, 0, 0, 0, 0, 0, 0, 0, 0, 0, 0, 0, 0, 0, 0, 0, 0, 0, 0, 0, 0, 0, 0, 0, 0, 0, 0, 0, 0, 0, 0, 0, 0, 0, 0, 0, 0, 0, 0, 0, 0, 0, 0, 0, 0, 0, 0, 0, 0, 0, 0, 0, 0, 0, 0, 0, 0, 0, 0, 0, 0, 0, 0, 0, 0, 0, 0, 0, 0, 0, 0, 0, 0, 0, 0, 0, 0, 0, 0, 0, 0, 0, 0, 0, 0, 0, 0, 0, 0, 0, 0, 0, 0, 0, 0, 0, 0, 0, 0, 0, 0, 0, 0, 0, 0, 0, 0, 0, 0, 0, 0, 0, 0, 0, 0, 0, 0, 0, 0, 0, 0, 0, 0, 0, 0, 0, 0, 0, 0, 0, 0, 0, 0, 0, 0, 0, 0, 0, 0, 0, 0, 0, 0, 0, 0, 0, 0, 0, 0, 0, 0, 0, 0, 0, 0, 0, 0, 0, 0, 0, 0, 0, 0, 0, 0, 0, 0, 0, 0, 0, 0, 0, 0, 0, 0, 0, 0, 0, 0, 0, 0, 0, 0, 0, 0, 0, 0, 0, 0, 0, 0, 0, 0, 0, 0, 0, 0, 0, 0, 0, 0, 0, 0, 0, 0, 0, 0, 0, 0, 0, 0, 0, 0, 0, 0, 0, 0, 0, 0, 0, 0, 0, 0, 0, 0, 0, 0, 0, 0, 0, 0, 0, 0, 0, 0, 0, 0, 0, 0, 0, 0, 0, 0, 0, 0, 0, 1, 1, 1, 1, 1, 1, 1, 1, 1, 1, 1, 1, 1, 1, 1, 1, 1, 1, 1, 1, 1, 1, 1, 1, 1, 1, 1, 1, 1, 1, 1, 1, 1, 1, 1, 1, 1, 1, 1, 1, 1, 1, 1, 1, 1, 1, 1, 1, 1, 1, 1, 1, 1, 1, 1, 1, 1, 1, 1, 1, 1, 1, 1, 1, 1, 1, 1, 1, 1, 1, 1, 1, 1, 1, 1, 1, 1, 1, 1, 1, 1, 1, 1, 1, 1, 1, 1, 1, 1, 1, 1, 1, 1, 1, 1, 1, 1, 1, 1, 1, 1, 1, 1, 1, 1, 1, 1, 1, 1, 1, 1, 1, 1, 1, 1, 1, 1, 1, 1, 1, 1, 1, 1, 1, 1, 1, 1, 1, 1, 1, 1, 1, 1, 1, 1, 1, 1, 1, 1, 1, 1, 1, 1, 1, 1, 1, 1, 1, 1, 1, 1, 1, 1, 1, 1, 1, 1, 1, 1, 1, 1, 1, 1, 1, 1, 1, 1, 1, 1, 1, 1, 1, 1, 1, 1, 1, 1, 1, 1, 1, 1, 1, 1, 1, 1, 1, 1, 1, 1, 1, 1, 1, 1, 1, 1, 1, 1, 1, 1, 1, 1, 1, 1, 1, 1, 1, 1, 1, 1, 1, 1, 1, 1, 1, 1, 1, 1, 1, 1, 1, 1, 1, 1, 1, 1, 1, 1, 1, 1, 1, 1, 1, 1, 1, 1, 1, 1, 1, 1, 1, 1, 1, 1, 1, 1, 1, 1, 1, 1, 1, 1, 1, 1, 1, 1, 1, 1, 1, 1, 1, 1, 1, 1, 1, 1, 1, 1, 1, 1, 1, 1, 1, 1, 1, 1, 1, 1, 1, 1, 1, 1, 1, 1, 1, 1, 1, 1, 1, 1, 1, 1, 1, 1, 1, 1, 1, 1, 1, 1, 1, 1, 1, 1, 1, 1, 1, 1, 1, 1, 1, 1, 1, 1, 1, 1, 1, 1, 1, 1, 1, 1, 1, 1, 1, 1, 1, 1, 1, 1, 1, 1, 1, 1, 1, 1, 1, 1, 1, 1, 1, 1, 1, 1, 1, 1, 1, 1, 1, 1, 1, 1, 1, 1, 1, 1, 1, 1, 1, 1, 1, 1, 1, 1, 1, 1, 1, 1, 1, 1, 1, 1, 1, 1, 1, 1, 1, 1, 1, 1, 1, 1, 1, 1, 1, 1, 1, 1, 1, 1, 1, 1, 1, 1, 1, 1, 1, 1, 1, 1, 1, 1, 1, 1, 1, 1, 1, 1, 1, 1, 1, 1, 1, 1, 1, 1, 1, 1, 1, 1, 1, 1, 1, 1, 1, 1, 1, 1, 1, 1, 1, 1, 1, 1, 1, 1, 1, 1, 1, 1, 1, 1, 1, 1, 1, 1, 1, 1, 1, 1, 1, 1, 1, 1, 1, 1, 1, 1, 1, 1, 1, 1, 1, 1, 1, 1, 1, 1, 1, 1, 1, 1, 1, 1, 1, 1, 1, 1, 1, 1, 1, 1, 1, 1, 1, 1, 1, 1, 1, 1, 1, 1, 1, 1, 1, 1, 1, 1, 1, 1, 1, 1, 1, 1, 1, 1, 1, 1, 1, 1, 1, 1, 1, 1, 1, 1, 1, 1, 1, 1, 1, 1, 1, 1, 1, 1, 1, 1, 1, 1, 1, 1, 1, 1, 1, 1, 1, 1, 1, 1, 1, 1, 1, 1, 1, 1, 1, 1, 1, 1, 1, 1, 1, 1, 1, 1, 1, 1, 1, 1, 1, 1, 1, 1, 1, 1, 1, 1, 1, 1, 1, 1, 1, 1, 1, 1, 1, 1, 1, 1, 1, 1, 1, 1, 1, 1, 1, 1, 1, 1, 1, 1, 1, 1, 1, 1, 1, 1, 1, 1, 1, 1, 1, 1, 1, 1, 1, 1, 1, 1, 1, 1, 1, 1, 1, 1, 1, 1, 1, 1, 1, 1, 1, 1, 1, 1, 1, 1, 1, 1, 1, 1, 1, 1, 1, 1, 1, 1, 1, 1, 1, 1, 1, 1, 1, 1, 1, 1, 1, 1, 1, 1, 1, 1, 1, 1, 1, 1, 1, 1, 1, 1, 1, 1, 1, 1, 1, 1, 1, 1, 1, 1, 1, 1, 1, 1, 1, 1, 1, 1, 1, 1, 1, 1, 1, 1, 1, 1, 1, 1, 1, 1, 1, 1, 1, 1, 1, 1, 1, 1, 1, 1, 1, 1, 1, 1, 1, 1, 1, 1, 1, 1, 1, 1, 1, 1, 1, 1, 1, 1, 1, 1, 1, 1, 1, 1, 1, 1, 1, 1, 1, 1, 1, 1, 1, 1, 1, 1, 1, 1, 1, 1, 1, 1, 1, 1, 1, 1, 1, 1, 1, 1, 1, 1, 1, 1, 1, 1, 1, 1, 1, 1, 1, 1, 1, 1, 1, 1, 1, 1, 1, 1, 1, 1, 1, 1, 1, 1, 1, 1, 1, 1, 1, 1, 1, 1, 1, 1, 1, 1, 1, 1, 1, 1, 1, 1, 1, 1, 1, 1, 1, 1, 1, 1, 1, 1, 1, 1, 1, 1, 1, 1, 1, 1, 1, 1, 1, 1, 1, 1, 1, 1, 1, 1, 1, 1, 1, 1, 1, 1, 1, 1, 1, 1, 1, 1, 1, 1, 1, 1, 1, 1, 1, 1, 1, 1, 1, 1, 1, 1, 1, 1, 1, 1, 1, 1, 1, 1, 1, 1, 1, 1, 1, 1, 1, 1, 1, 1, 1, 1, 1, 1, 1, 1, 1, 1, 1, 1, 1, 1, 1, 1, 1, 1, 1, 1, 1, 1, 1, 1, 1, 1, 1, 1, 1, 1, 1, 1, 1, 1, 1, 1, 1, 1, 1, 1, 1, 1, 1, 1, 1, 1, 1, 1, 1, 1, 1, 1, 1, 1, 1, 1, 1, 1, 1, 1, 1, 1, 1, 1, 1, 1, 1, 1, 1, 1, 1, 1, 1, 1, 1, 1, 1, 1, 1, 1, 1, 1, 1, 1, 1, 1, 1, 1, 1, 1, 1, 1, 1, 1, 1, 1, 1, 1, 1, 1, 1, 1, 1, 1, 1, 1, 1, 1, 1, 1, 1, 1, 1, 1, 1, 1, 1, 1, 1, 1, 1, 1, 1, 1, 1, 1, 1, 1, 1, 1, 1, 1, 1, 1, 1, 1, 1, 1, 1, 1, 1, 1, 1, 1, 1, 1, 1, 1, 1, 1, 1, 1, 1, 1, 1, 1, 1, 1, 1, 1, 1, 1, 1, 1, 1, 1, 1, 1, 1, 1, 1, 1, 1, 1, 1, 1, 1, 1, 1, 1, 1, 1, 1, 1, 1, 1, 1, 1, 1, 1, 1, 1, 1, 1, 1, 1, 1, 1, 1, 1, 1, 1, 1, 1, 1, 1, 1, 1, 1, 1, 1, 1, 1, 1, 1, 1, 1, 1, 1, 1, 1, 1, 1, 1, 1, 1, 1, 1, 1, 1, 1, 1, 1, 1, 1, 1, 1, 1, 1, 1, 1, 1, 1, 1, 1, 1, 1, 1, 1, 1, 1, 1, 1, 1, 1, 1, 1, 1, 1, 1, 1, 1, 1, 1, 1, 1, 1, 1, 1, 1, 1, 1, 1, 1, 1, 1, 1, 1, 1, 1, 1, 1, 1, 1, 1, 1, 1, 1, 1, 1, 1, 1, 1, 1, 1, 1, 1, 1, 1, 1, 1, 1, 1, 1, 1, 1, 1, 1, 1, 1, 1, 1, 1, 1, 1, 1, 1, 1, 1, 1, 1, 1, 1, 1, 1, 1, 1, 1, 1, 1, 1, 1, 1, 1, 1, 1, 1, 1, 1, 1, 1, 1, 1, 1, 1, 1, 1, 1, 1, 1, 1, 1, 1, 1, 1, 1, 1, 1, 1, 1, 1, 1, 1, 1, 1, 1, 1, 1, 1, 1, 1, 1, 1, 1, 1, 1, 1, 1, 1, 1, 1, 1, 1, 1, 1, 1, 1, 1, 1, 1, 1, 1, 1, 1, 1, 1, 1, 1, 1, 1, 1, 1, 1, 1, 1, 1, 1, 1, 1, 1, 1, 1, 1, 1, 1, 1, 1, 1, 1, 1, 1, 1, 1, 1, 1, 1, 1, 1, 1, 1, 1, 1, 1, 1, 1, 1, 1, 1, 1, 1, 1, 1, 1, 1, 1, 1, 1, 1, 1, 1, 1, 1, 1, 1, 1, 1, 1, 1, 1, 1, 1, 1, 1, 1, 1, 1, 1, 1, 1, 1, 1, 1, 1, 1, 1, 1, 1, 1, 1, 1, 1, 1, 1, 1, 1, 1, 1, 1, 1, 1, 1, 1, 1, 1, 1, 1, 1, 1, 1, 1, 1, 1, 1, 1, 1, 1, 1, 1, 1, 1, 1, 1, 1, 1, 1, 1, 1, 1, 1, 1, 1, 1, 1, 1, 1, 1, 1, 1, 1, 1, 1, 1, 1, 1, 1, 1, 1, 1, 1, 1, 1, 1, 1, 1, 1, 1, 1, 1, 1, 1, 1, 1, 1, 1, 1, 1, 1, 1, 1, 1, 1, 1, 1, 1, 1, 1, 1, 1, 1, 1, 1, 1, 1, 1, 1, 1, 1, 1, 1, 1, 1, 1, 1, 1, 1, 1, 1, 1, 1, 1, 1, 1, 1, 1, 1, 1, 1, 1, 1, 1, 1, 1, 1, 1, 1, 1, 1, 1, 1, 1, 1, 1, 1, 1, 1, 1, 1, 1, 1, 1, 1, 1, 1, 1, 1, 1, 1, 1, 1, 1, 1, 1, 1, 1, 1, 1, 1, 1, 1, 1, 1, 1, 1, 1, 1, 1, 1, 1, 1, 1, 1, 1, 1, 1, 1, 1, 1, 1, 1, 1, 1, 1, 1, 1, 1, 1, 1, 1, 1, 1, 1, 1, 1, 1, 1, 1, 1, 1, 1, 1, 1, 1, 1, 1, 1, 1, 1, 1, 1, 1, 1, 1, 1, 1, 1, 1, 1, 1, 1, 1, 1, 1, 1, 1, 1, 1, 1, 1, 1, 1, 1, 1, 1, 1, 1, 1, 1, 1, 1, 1, 1, 1, 1, 1, 1, 1, 1, 1, 1, 1, 1, 1, 1, 1, 1, 1, 1, 1, 1, 1, 1, 1, 1, 1, 1, 1, 1, 1, 1, 1, 1, 1, 1, 1, 1, 1, 1, 1, 1, 1, 1, 1, 1, 1, 1, 1, 1, 1, 1, 1, 1, 1, 1, 1, 1, 1, 1, 1, 1, 1, 1, 1, 1, 1, 1, 1, 1, 1, 1, 1, 1, 1, 1, 1, 1, 1, 1, 1, 1, 1, 1, 1, 1, 1, 1, 1, 1, 1, 1, 1, 1, 1, 1, 1, 1, 1, 1, 1, 1, 1, 1, 1, 1, 1, 1, 1, 1, 1, 1, 1, 1, 1, 1, 1, 1, 1, 1, 1, 1, 1, 1, 1, 1, 1, 1, 1, 1, 1, 1, 1, 1, 1, 1, 1, 1, 1, 1, 1, 1, 1, 1, 1, 1, 1, 1, 1, 1, 1, 1, 1, 1, 1, 1, 1, 1, 1, 1, 1, 1, 1, 1, 1, 1, 1, 1, 1, 1, 1, 1, 1, 1, 1, 1, 1, 1, 1, 1, 1, 1, 1, 1, 1, 1, 1, 1, 1, 1, 1, 1, 1, 1, 1, 1, 1, 1, 1, 1, 1, 1, 1, 1, 1, 1, 1, 1, 1, 1, 1, 1, 1, 1, 1, 1, 1, 1, 1, 1, 1, 1, 1, 1, 1, 1, 1, 1, 1, 1, 1, 1, 1, 1, 1, 1, 1, 1, 1, 1, 1, 1, 1, 1, 1, 1, 1, 1, 1, 1, 1, 1, 1, 1, 1, 1, 1, 1, 1, 1, 1, 1, 1, 1, 1, 1, 1, 1, 1, 1, 1, 1, 1, 1, 1, 1, 1, 1, 1, 1, 1, 1, 1, 1, 1, 1, 1, 1, 1, 1, 1, 1, 1, 1, 1, 1, 1, 1, 1, 1, 1, 1, 1, 1, 1, 1, 1, 1, 1, 1, 1, 1, 1, 1, 1, 1, 1, 1, 1, 1, 1, 1, 1, 1, 1, 1, 1, 1, 1, 1, 1, 1, 1, 1, 1, 1, 1, 1, 1, 1, 1, 1, 1, 1, 1, 1, 1, 1, 1, 1, 1, 1, 1, 1, 1, 1, 1, 1, 1, 1, 1, 1, 1, 1, 1, 1, 1, 1, 1, 1, 1, 1, 1, 1, 1, 1, 1, 1, 1, 1, 1, 1, 1, 1, 1, 1, 1, 1, 1, 1, 1, 1, 1, 1, 1, 1, 1, 1, 1, 1, 1, 1, 1, 1, 1, 1, 1, 1, 1, 1, 1, 1, 1, 1, 1, 1, 1, 1, 1, 1, 1, 1, 1, 1, 1, 1, 1, 1, 1, 1, 1, 1, 1, 1, 1, 1, 1, 1, 1, 1, 1, 1, 1, 1, 1, 1, 1, 1, 1, 1, 1, 1, 1, 1, 1, 1, 1, 1, 1, 1, 1, 1, 1, 1, 1, 1, 1, 1, 1, 1, 1, 1, 1, 1, 1, 1, 1, 1, 1, 1, 1, 1, 1, 1, 1, 1, 1, 1, 1, 1, 1, 1, 1, 1, 1, 1, 1, 1, 1, 1, 1, 1, 1, 1, 1, 1, 1, 1, 1, 1, 1, 1, 1, 1, 1, 1, 1, 1, 1, 1, 1, 1, 1, 1, 1, 1, 1, 1, 1, 1, 1, 1, 1, 1, 1, 1, 1, 1, 1, 1, 1, 1, 1, 1, 1, 1, 1, 1, 1, 1, 1, 1, 1, 1, 1, 1, 1, 1, 1, 1, 1, 1, 1, 1, 1, 1, 1, 1, 1, 1, 1, 1, 1, 1, 1, 1, 1, 1, 1, 1, 1, 1, 1, 1, 1, 1, 1, 1, 1, 1, 1, 1, 1, 1, 1, 1, 1, 1, 1, 1, 1, 1, 1, 1, 1, 1, 1, 1, 1, 1, 1, 1, 1, 1, 1, 1, 1, 1, 1, 1, 1, 1, 1, 1, 1, 1, 1, 1, 1, 1, 1, 1, 1, 1, 1, 1, 1, 1, 1, 1, 1, 1, 1, 1, 1, 1, 1, 1, 1, 1, 1, 1, 1, 1, 1, 1, 1, 1, 1, 1, 1, 1, 1, 1, 1, 1, 1, 1, 1, 1, 1, 1, 1, 1, 1, 1, 1, 1, 1, 1, 1, 1, 1, 1, 1, 1, 1, 1, 1, 1, 1, 1, 1, 1, 1, 1, 1, 1, 1, 1, 1, 1, 1, 1, 1, 1, 1, 1, 1, 1, 1, 1, 1, 1, 1, 1, 1, 1, 1, 1, 1, 1, 1, 1, 1, 1, 1, 1, 1, 1, 1, 1, 1, 1, 1, 1, 1, 1, 1, 1, 1, 1, 1, 1, 1, 1, 1, 1, 1, 1, 1, 1, 1, 1, 1, 1, 1, 1, 1, 1, 1, 1, 1, 1, 1, 1, 1, 1, 1, 1, 1, 1, 1, 1, 1, 1, 1, 1, 1, 1, 1, 1, 1, 1, 1, 1, 1, 1, 1, 1, 1, 1, 1, 1, 1, 1, 1, 1, 1, 1, 1, 1, 1, 1, 1, 1, 1, 1, 1, 1, 1, 1, 1, 1, 1, 1, 1, 1, 1, 1, 1, 1, 1, 1, 1, 1, 1, 1, 1, 1, 1, 1, 1, 1, 1, 1, 1, 1, 1, 1, 1, 1, 1, 1, 1, 1, 1, 1, 1, 1, 1, 1, 1, 1, 1, 1, 1, 1, 1, 1, 1, 1, 1, 1, 1, 1, 1, 1, 1, 1, 1, 1, 1, 1, 1, 1, 1, 1, 1, 1, 1, 1, 1, 1, 1, 1, 1, 1, 1, 1, 1, 1, 1, 1, 1, 1, 1, 1, 1, 1, 1, 1, 1, 1, 1, 1, 1, 1, 1, 1, 1, 1, 1, 1, 1, 1, 1, 1]