0 3784 3901 
1 164 1076 1304 1710 
2 285 859 
3 465 876 
4 2006 3790 
5 261 1524 1908 2422 
6 
7 
8 4770 
9 
10 602 
11 1077 1663 
12 
13 
14 
15 
16 1353 
17 843 
18 853 
19 
20 
21 2154 
22 162 1129 
23 253 
24 1222 
25 909 
26 1664 1892 
27 863 1736 2344 
28 816 2000 3248 
29 619 
30 1000 
31 
32 263 
33 1072 
34 295 
35 998 
36 1980 
37 2218 
38 
39 55 68 
40 
41 503 687 972 1465 4326 
42 
43 1881 
44 1058 1181 1405 1841 
45 139 
46 
47 
48 
49 1817 2440 
50 122 
51 
52 
53 508 2055 
54 698 
55 1220 2185 
56 807 4386 
57 
58 1019 2140 3980 
59 1093 
60 125 2305 
61 1793 
62 2286 
63 115 
64 3662 
65 329 
66 1472 
67 
68 
69 1914 
70 1032 2126 
71 879 1355 
72 410 
73 2069 
74 
75 
76 279 
77 209 1542 
78 
79 956 
80 371 
81 2036 
82 
83 1307 
84 
85 
86 
87 791 
88 1003 1010 
89 323 
90 
91 
92 1331 2127 
93 2021 
94 750 
95 659 
96 
97 1430 
98 1650 2351 
99 
100 480 1778 
101 1087 
102 795 1370 2243 
103 
104 
105 2461 
106 1616 1811 
107 
108 
109 110 617 2358 
110 
111 1269 
112 
113 1541 1691 
114 
115 1266 
116 657 
117 2335 
118 2471 
119 262 1221 
120 
121 
122 1396 4021 
123 
124 
125 
126 1058 1106 
127 
128 
129 4632 
130 1668 
131 1263 
132 3110 
133 
134 
135 596 
136 287 688 
137 
138 1919 2331 
139 
140 
141 1187 
142 1129 
143 4678 
144 3138 
145 
146 2590 
147 1612 2366 
148 
149 
150 215 
151 
152 
153 1013 
154 
155 920 
156 298 2053 
157 
158 2236 
159 
160 311 
161 
162 1342 1512 1926 
163 
164 812 
165 
166 
167 1650 1904 4191 
168 
169 2000 
170 
171 1698 
172 983 
173 835 1042 1877 
174 2574 
175 307 420 4826 
176 1866 
177 
178 
179 1765 
180 460 1319 1976 
181 
182 
183 
184 
185 357 662 
186 4072 
187 260 1431 2086 
188 
189 545 
190 335 1021 
191 
192 
193 
194 
195 3278 
196 258 707 
197 
198 
199 
200 2283 
201 1669 
202 
203 833 
204 1241 
205 335 647 1227 1473 
206 
207 
208 
209 970 
210 860 1425 
211 1368 
212 607 
213 1090 
214 
215 917 
216 2481 4206 
217 
218 
219 438 794 
220 784 2149 
221 1191 
222 
223 1702 1955 
224 
225 
226 2071 2706 
227 
228 434 905 
229 1275 2419 
230 1632 1932 
231 1689 
232 332 1880 
233 
234 
235 267 1195 1434 1471 
236 
237 1978 2402 
238 
239 
240 709 805 
241 781 868 1277 
242 2357 
243 
244 
245 1125 
246 326 
247 
248 
249 2478 
250 693 
251 1733 2444 
252 1199 1800 3764 
253 626 1940 
254 401 2137 
255 2385 
256 412 775 823 1448 
257 
258 
259 
260 1895 
261 1365 3251 
262 
263 338 575 
264 
265 907 1040 
266 599 1202 
267 
268 855 1821 
269 
270 1423 1505 
271 
272 384 2377 2456 
273 439 2358 
274 667 1674 
275 1712 1993 
276 
277 1224 
278 377 
279 
280 
281 637 
282 914 
283 
284 
285 
286 701 
287 
288 3867 
289 1134 2029 
290 1701 
291 1437 
292 1327 2297 
293 2085 
294 3113 
295 880 
296 727 
297 691 
298 
299 
300 471 1836 2238 
301 582 1440 
302 1295 
303 2070 
304 392 1218 2843 
305 
306 
307 4145 
308 
309 1284 2055 2656 
310 
311 
312 1814 1961 
313 
314 1076 
315 1756 
316 
317 2415 
318 
319 1031 
320 1250 1922 
321 
322 1763 
323 386 1052 1859 2417 2460 
324 
325 2682 
326 2218 
327 1862 
328 1796 
329 4768 
330 1620 
331 2364 
332 
333 1042 
334 1809 1840 
335 672 
336 1585 
337 
338 
339 2896 
340 2570 
341 511 
342 1586 2474 
343 
344 
345 378 
346 1030 1482 
347 2016 
348 
349 936 1115 
350 
351 
352 1952 
353 690 
354 766 1083 2165 
355 
356 2370 
357 1143 
358 3932 
359 1876 3292 
360 
361 1711 
362 
363 1532 1545 1834 
364 625 2078 
365 2234 
366 
367 1273 1622 2419 
368 1970 
369 1081 
370 1309 
371 
372 
373 768 1244 
374 
375 
376 1797 
377 
378 719 2376 2407 
379 
380 1059 
381 822 
382 
383 
384 926 3530 
385 438 2147 
386 
387 1205 
388 3558 
389 
390 1862 1961 
391 2154 
392 1305 2103 
393 1002 
394 1875 2132 2173 2505 3822 
395 
396 3133 
397 933 
398 
399 435 1542 
400 1817 
401 
402 572 
403 2468 
404 602 1253 
405 
406 514 1822 1904 2046 
407 713 1424 1670 
408 823 1296 
409 986 1995 
410 643 
411 
412 2016 
413 1871 
414 527 2898 
415 
416 2126 
417 
418 
419 3000 
420 635 1455 2143 
421 2121 
422 1108 2098 
423 
424 690 749 
425 665 997 1730 4576 
426 2384 
427 
428 2139 2246 
429 
430 1466 1749 
431 654 
432 1632 
433 817 1137 1340 2076 
434 
435 1141 2096 2372 
436 2213 
437 
438 980 
439 
440 1803 2609 
441 525 
442 903 1796 2423 
443 1435 2367 
444 1559 
445 2086 2179 
446 527 549 
447 3752 
448 1777 
449 
450 939 3544 
451 
452 3169 
453 
454 685 1967 
455 
456 3774 
457 2443 
458 1861 
459 
460 
461 1862 
462 615 2211 
463 
464 1329 1938 
465 1136 1310 2294 
466 1466 
467 2107 
468 1431 2134 4782 
469 
470 
471 
472 
473 1948 
474 1486 
475 666 
476 
477 1159 
478 1286 
479 
480 
481 
482 906 2411 
483 639 
484 
485 1605 2665 
486 1001 1658 2532 
487 
488 
489 
490 1153 
491 2152 4202 
492 3017 
493 
494 1504 
495 4932 
496 904 1148 
497 499 
498 1919 2037 
499 
500 1957 
501 1658 
502 3062 4656 
503 797 821 998 2356 
504 
505 
506 
507 3538 
508 1195 4794 
509 
510 599 1308 4742 
511 
512 1055 
513 2180 
514 
515 1511 
516 569 
517 1258 4288 
518 1114 
519 1835 
520 1858 2099 
521 
522 1439 2155 
523 1523 
524 1766 
525 
526 1925 
527 945 1697 
528 
529 
530 850 
531 
532 1250 
533 594 1256 1968 
534 
535 4987 
536 1734 
537 
538 
539 
540 
541 4436 
542 
543 547 3071 
544 
545 952 970 1117 1329 
546 756 
547 
548 
549 2170 
550 1470 
551 2497 
552 898 
553 
554 
555 
556 
557 710 
558 1747 2290 
559 
560 
561 1220 
562 2437 4178 
563 1163 2293 
564 
565 3024 4809 
566 
567 645 
568 1404 
569 
570 
571 
572 1892 
573 
574 
575 1126 
576 2062 
577 1783 
578 
579 
580 2273 
581 1490 
582 
583 
584 
585 1034 
586 4957 
587 2245 
588 
589 3854 
590 
591 
592 1386 
593 1875 
594 
595 1034 2474 
596 854 1296 2460 
597 999 4316 
598 1585 
599 
600 785 2089 
601 3793 
602 
603 
604 965 1737 
605 
606 
607 1687 2020 
608 
609 1120 2577 
610 974 1266 
611 881 
612 
613 
614 
615 
616 
617 1239 1615 
618 1637 2026 
619 1397 
620 2380 
621 3077 4851 
622 2551 
623 
624 1832 
625 1477 
626 1034 4517 
627 
628 
629 
630 
631 637 
632 
633 
634 974 
635 
636 
637 913 1912 2279 
638 
639 
640 1225 
641 
642 716 
643 778 1725 
644 2432 
645 1930 
646 
647 
648 2479 
649 1916 
650 1390 
651 2217 
652 1157 
653 1086 
654 
655 755 
656 2470 
657 2499 
658 
659 2175 3064 
660 1205 
661 886 1105 3811 
662 
663 
664 1076 
665 2055 
666 1742 
667 
668 
669 2141 2401 
670 692 
671 691 1308 2278 
672 
673 
674 887 1976 
675 832 1337 
676 1517 
677 924 
678 1172 
679 
680 
681 
682 
683 1161 
684 1233 
685 
686 
687 4443 
688 
689 
690 896 
691 
692 1038 1975 
693 
694 4546 
695 2475 
696 933 2057 
697 3493 
698 899 1765 4732 
699 1602 
700 
701 2222 
702 915 
703 
704 
705 
706 
707 
708 
709 
710 
711 
712 993 
713 2242 
714 
715 973 
716 1234 2074 
717 1003 2306 2404 
718 1433 3693 
719 
720 
721 
722 
723 1702 
724 
725 
726 2452 4498 
727 4187 
728 1088 1113 
729 
730 2231 
731 1570 1661 2189 3087 4800 
732 900 
733 
734 2242 
735 1253 1643 
736 750 2213 
737 1426 1565 
738 1395 1824 1998 
739 2455 
740 1332 
741 
742 
743 902 1155 
744 
745 1773 
746 1069 
747 1648 1655 
748 1396 3400 3662 
749 1241 
750 
751 
752 2352 
753 
754 1066 
755 
756 1262 
757 1507 2274 2954 
758 
759 1381 
760 914 
761 2413 
762 4136 
763 1113 
764 
765 2132 
766 4186 
767 922 
768 1105 1485 1831 
769 
770 
771 1900 
772 1968 2099 
773 1503 1864 2222 2448 
774 
775 1844 
776 
777 925 1055 2418 
778 
779 
780 
781 1253 2430 
782 948 1960 
783 3071 
784 
785 1168 4994 
786 1693 
787 
788 943 
789 
790 1241 
791 1621 
792 
793 
794 2134 
795 1934 
796 2210 2905 
797 2630 
798 
799 906 1883 
800 
801 1684 1719 
802 2124 
803 1269 
804 
805 
806 2199 
807 
808 1394 
809 850 1703 2283 2313 
810 
811 
812 2312 
813 
814 
815 
816 1749 
817 2497 
818 876 
819 1778 
820 
821 
822 
823 2647 
824 877 
825 
826 827 2030 
827 
828 
829 988 
830 
831 
832 2461 
833 1786 
834 
835 
836 1580 
837 
838 
839 1993 
840 
841 2687 
842 1250 1727 2034 
843 
844 
845 2999 
846 
847 1991 
848 2735 
849 
850 1367 
851 
852 
853 
854 1774 2333 
855 1544 
856 867 
857 
858 
859 
860 
861 961 1805 
862 2369 
863 2314 3917 
864 932 1365 1961 
865 935 
866 1401 
867 
868 1684 2239 
869 966 1860 2371 
870 
871 2344 
872 1148 
873 
874 1181 1825 
875 2335 
876 1159 1609 
877 1510 
878 
879 1911 
880 
881 1368 
882 1374 2281 
883 2305 
884 2183 
885 
886 2422 
887 
888 1228 
889 1000 1287 3053 
890 
891 
892 
893 1918 
894 
895 
896 
897 1792 
898 1601 
899 
900 
901 1111 
902 
903 1599 
904 
905 
906 
907 
908 2044 
909 
910 
911 
912 2011 2234 
913 1062 
914 
915 
916 
917 2196 
918 
919 1855 
920 
921 
922 
923 
924 
925 
926 2123 2829 
927 
928 
929 1451 3462 
930 1171 2213 4241 
931 
932 
933 
934 2249 
935 1603 
936 
937 1512 
938 1215 1348 
939 4072 
940 1308 
941 1629 
942 1161 
943 2032 
944 945 
945 1033 1345 2167 2394 
946 1150 
947 1008 4108 
948 2839 
949 
950 1695 
951 
952 
953 3513 
954 1507 
955 2372 
956 2438 
957 3497 
958 
959 2309 
960 2089 
961 1423 3797 
962 1443 
963 2229 
964 
965 
966 
967 1233 
968 
969 1502 1907 
970 
971 1301 1609 
972 1220 2186 
973 2350 
974 1539 
975 
976 1312 
977 
978 1540 1647 
979 1177 2857 
980 1284 
981 
982 
983 
984 2490 
985 1985 
986 2214 
987 2114 
988 1413 1973 2051 
989 
990 
991 
992 
993 1612 
994 
995 3142 
996 
997 1176 2156 2761 3947 
998 
999 1028 2406 
1000 2473 
1001 
1002 
1003 
1004 
1005 1286 
1006 2337 
1007 
1008 
1009 
1010 1077 
1011 2072 
1012 
1013 
1014 
1015 
1016 1313 1782 
1017 
1018 2201 
1019 2868 
1020 1948 
1021 
1022 1227 1398 1528 
1023 1910 1943 
1024 1124 1152 
1025 
1026 2331 4254 
1027 
1028 
1029 1408 
1030 
1031 
1032 
1033 
1034 2467 
1035 
1036 1562 2023 
1037 2027 
1038 
1039 1559 
1040 1534 
1041 
1042 
1043 
1044 
1045 1173 
1046 1992 
1047 
1048 1119 
1049 1828 2369 
1050 
1051 
1052 4923 
1053 3239 
1054 1207 3536 
1055 1105 1112 
1056 
1057 2374 
1058 
1059 
1060 2388 
1061 
1062 4983 
1063 
1064 2072 
1065 2429 
1066 
1067 1466 
1068 
1069 1130 
1070 
1071 2503 
1072 
1073 
1074 
1075 
1076 1692 
1077 1659 2207 
1078 1859 
1079 
1080 
1081 1605 
1082 
1083 1782 2357 
1084 
1085 2422 
1086 1324 
1087 
1088 1624 
1089 2309 2442 
1090 1144 1607 
1091 2595 
1092 
1093 1201 1996 
1094 
1095 
1096 2127 
1097 2236 
1098 2196 
1099 2008 
1100 
1101 
1102 
1103 4631 
1104 
1105 
1106 
1107 
1108 2263 
1109 
1110 
1111 1419 2080 
1112 
1113 
1114 
1115 
1116 
1117 1358 
1118 
1119 
1120 
1121 1214 
1122 1902 2477 
1123 1571 1579 
1124 2241 
1125 
1126 
1127 
1128 2456 
1129 4726 
1130 
1131 2052 
1132 
1133 
1134 
1135 2251 
1136 1239 2438 
1137 
1138 
1139 
1140 
1141 
1142 1678 1851 2147 2631 
1143 1187 2094 
1144 1338 2144 2254 
1145 
1146 
1147 1400 1873 2447 
1148 
1149 
1150 1514 2137 
1151 
1152 2230 
1153 1332 
1154 
1155 
1156 1561 1699 2072 
1157 
1158 
1159 
1160 3592 
1161 
1162 
1163 2206 2352 
1164 
1165 1283 
1166 
1167 
1168 
1169 
1170 
1171 1878 
1172 1308 2060 
1173 1702 
1174 
1175 
1176 
1177 
1178 
1179 
1180 2484 
1181 2297 
1182 1689 
1183 
1184 1409 
1185 
1186 
1187 2126 
1188 
1189 2431 2454 
1190 1879 2631 
1191 2377 
1192 1986 
1193 
1194 1839 2275 
1195 
1196 
1197 
1198 
1199 
1200 1802 2138 
1201 
1202 
1203 4474 
1204 1317 
1205 
1206 
1207 1632 
1208 2394 
1209 1580 
1210 1383 
1211 
1212 
1213 
1214 1242 
1215 
1216 2084 
1217 
1218 1873 
1219 1892 
1220 2779 
1221 
1222 1726 
1223 
1224 1451 
1225 
1226 1795 2147 
1227 
1228 2085 
1229 
1230 2155 
1231 
1232 
1233 
1234 
1235 1260 
1236 
1237 
1238 2471 
1239 1872 
1240 
1241 1420 
1242 
1243 2096 2427 
1244 
1245 1791 
1246 
1247 
1248 1345 
1249 4357 
1250 2319 
1251 
1252 
1253 
1254 
1255 
1256 
1257 
1258 
1259 
1260 
1261 
1262 
1263 
1264 1399 
1265 
1266 
1267 
1268 
1269 2008 
1270 2981 
1271 
1272 
1273 
1274 
1275 1799 1861 2012 2431 
1276 
1277 1346 1866 
1278 
1279 
1280 
1281 1657 
1282 
1283 2690 
1284 
1285 
1286 1487 
1287 
1288 2177 
1289 
1290 
1291 1747 
1292 
1293 2303 
1294 
1295 
1296 1580 
1297 1911 
1298 2081 
1299 2177 2629 
1300 
1301 2435 
1302 
1303 
1304 1776 
1305 
1306 1550 
1307 3715 
1308 
1309 2418 
1310 
1311 
1312 
1313 
1314 
1315 
1316 4969 
1317 
1318 1814 
1319 
1320 1889 
1321 
1322 1508 
1323 4183 
1324 1495 
1325 1333 1344 3494 
1326 1398 2037 
1327 
1328 2479 
1329 1551 4763 
1330 2067 
1331 
1332 1647 
1333 2334 
1334 1766 
1335 1598 
1336 
1337 
1338 1878 2017 
1339 1467 
1340 2352 
1341 
1342 1733 
1343 1515 2398 
1344 1844 
1345 1955 1985 3868 
1346 2349 
1347 1517 
1348 
1349 
1350 2383 
1351 2033 
1352 
1353 
1354 2251 
1355 2409 
1356 
1357 1568 
1358 
1359 
1360 
1361 
1362 
1363 
1364 
1365 1707 1893 
1366 
1367 
1368 
1369 3553 
1370 2357 
1371 1565 3611 
1372 
1373 
1374 1883 
1375 
1376 
1377 
1378 
1379 
1380 
1381 
1382 
1383 
1384 
1385 2227 
1386 
1387 1757 2195 
1388 1447 1835 
1389 
1390 1832 2420 
1391 1395 2438 
1392 1673 2257 
1393 
1394 
1395 
1396 
1397 2418 
1398 1883 2082 
1399 
1400 2173 
1401 2103 
1402 4876 
1403 2280 
1404 
1405 2656 
1406 
1407 
1408 1748 
1409 
1410 
1411 1835 
1412 
1413 2536 
1414 
1415 
1416 
1417 
1418 
1419 
1420 
1421 
1422 
1423 
1424 
1425 
1426 
1427 
1428 
1429 1573 
1430 
1431 
1432 
1433 1710 
1434 1622 
1435 
1436 
1437 1704 
1438 1901 2052 
1439 4292 
1440 
1441 1513 
1442 
1443 1560 
1444 
1445 2843 
1446 
1447 
1448 1946 1996 
1449 
1450 
1451 
1452 
1453 
1454 1456 
1455 1981 
1456 2400 2481 
1457 2015 
1458 
1459 
1460 3766 4157 
1461 
1462 
1463 1792 2258 
1464 2164 
1465 
1466 
1467 2251 
1468 1482 2095 2369 
1469 
1470 
1471 1508 
1472 4556 
1473 2118 
1474 
1475 
1476 1478 
1477 
1478 
1479 
1480 
1481 
1482 2733 
1483 
1484 2406 
1485 
1486 
1487 1558 
1488 1552 
1489 
1490 
1491 
1492 
1493 1991 
1494 2006 
1495 
1496 2026 
1497 2268 
1498 
1499 
1500 
1501 
1502 4618 
1503 1706 2393 
1504 1943 2009 
1505 
1506 2443 
1507 
1508 
1509 1806 2209 
1510 
1511 2172 
1512 4085 
1513 
1514 
1515 
1516 
1517 
1518 
1519 1637 
1520 
1521 2036 4599 
1522 
1523 2107 
1524 
1525 
1526 
1527 
1528 1929 
1529 1697 
1530 
1531 
1532 
1533 
1534 
1535 2353 
1536 1628 
1537 
1538 
1539 4364 
1540 1913 
1541 
1542 
1543 
1544 
1545 
1546 2254 
1547 
1548 
1549 
1550 
1551 
1552 1931 
1553 
1554 1559 
1555 
1556 
1557 2667 
1558 
1559 
1560 
1561 4245 
1562 
1563 1854 
1564 3991 
1565 
1566 
1567 
1568 4463 
1569 3390 
1570 
1571 
1572 
1573 
1574 
1575 
1576 
1577 2108 
1578 
1579 1592 2450 
1580 
1581 2120 
1582 
1583 
1584 2169 3265 
1585 
1586 1930 
1587 
1588 
1589 
1590 
1591 1769 
1592 
1593 
1594 4550 
1595 
1596 1746 2149 
1597 
1598 2461 
1599 
1600 
1601 
1602 1807 1859 
1603 1971 
1604 2117 2201 
1605 
1606 1637 
1607 1745 
1608 
1609 1833 
1610 
1611 2017 
1612 
1613 
1614 
1615 
1616 
1617 
1618 
1619 
1620 
1621 
1622 
1623 2168 
1624 
1625 
1626 
1627 
1628 
1629 
1630 
1631 
1632 
1633 
1634 2256 
1635 
1636 
1637 2319 
1638 1697 
1639 1789 
1640 
1641 2060 
1642 
1643 
1644 
1645 2287 
1646 
1647 
1648 
1649 
1650 1825 1927 
1651 
1652 
1653 3745 
1654 
1655 
1656 3442 
1657 1759 
1658 
1659 
1660 2301 
1661 4227 
1662 
1663 2434 
1664 1733 1897 2023 
1665 4321 
1666 
1667 
1668 
1669 
1670 4578 
1671 4909 
1672 
1673 
1674 
1675 
1676 
1677 
1678 
1679 1981 
1680 2466 
1681 1816 3186 
1682 
1683 
1684 
1685 3540 
1686 1730 
1687 
1688 2231 
1689 
1690 1904 
1691 
1692 1724 4402 
1693 
1694 
1695 
1696 
1697 
1698 4555 
1699 1759 4801 
1700 
1701 
1702 2020 
1703 
1704 
1705 
1706 2247 
1707 
1708 2468 
1709 2351 
1710 2339 
1711 3835 
1712 2345 
1713 
1714 1738 
1715 
1716 
1717 
1718 2361 
1719 
1720 
1721 
1722 
1723 
1724 2266 3692 
1725 3937 
1726 
1727 1942 
1728 1852 2329 
1729 3596 
1730 2015 
1731 2141 
1732 
1733 2310 
1734 
1735 2482 
1736 2056 
1737 3867 
1738 
1739 2458 
1740 
1741 
1742 
1743 2124 
1744 
1745 1900 1917 
1746 2169 
1747 
1748 
1749 1991 2497 
1750 
1751 
1752 2397 
1753 
1754 
1755 2508 
1756 
1757 1992 2258 
1758 1880 
1759 
1760 
1761 
1762 1767 2346 2458 
1763 1944 
1764 
1765 
1766 1837 2373 
1767 2064 
1768 1977 
1769 
1770 2144 
1771 
1772 2037 
1773 
1774 
1775 
1776 
1777 2289 
1778 
1779 
1780 
1781 
1782 
1783 2390 
1784 
1785 
1786 
1787 
1788 2469 
1789 
1790 
1791 
1792 2135 
1793 
1794 3995 
1795 2136 
1796 
1797 
1798 
1799 
1800 
1801 
1802 1883 
1803 
1804 
1805 
1806 
1807 2227 
1808 
1809 2160 
1810 
1811 
1812 
1813 
1814 2176 
1815 2491 3844 
1816 
1817 
1818 
1819 
1820 
1821 2160 
1822 
1823 
1824 
1825 
1826 
1827 2269 
1828 
1829 
1830 
1831 
1832 4924 
1833 
1834 
1835 
1836 
1837 2238 
1838 
1839 
1840 
1841 
1842 
1843 
1844 
1845 
1846 
1847 
1848 2106 
1849 
1850 
1851 2228 
1852 
1853 3386 
1854 
1855 2099 
1856 2209 
1857 2180 
1858 
1859 2477 
1860 1981 2467 
1861 
1862 
1863 
1864 
1865 
1866 
1867 
1868 
1869 1943 2549 
1870 2356 2434 
1871 2951 
1872 3822 
1873 2288 3050 
1874 
1875 
1876 
1877 
1878 
1879 1952 
1880 4031 
1881 
1882 2085 
1883 
1884 
1885 2008 
1886 2200 
1887 
1888 2296 
1889 
1890 2441 
1891 2301 
1892 
1893 
1894 
1895 
1896 2403 2464 
1897 
1898 3998 
1899 
1900 2076 
1901 
1902 1933 
1903 
1904 
1905 
1906 
1907 
1908 
1909 2069 
1910 
1911 2416 
1912 2460 
1913 2013 
1914 
1915 
1916 
1917 2201 2239 
1918 
1919 
1920 
1921 
1922 
1923 2400 
1924 
1925 2362 
1926 
1927 
1928 3765 
1929 
1930 
1931 
1932 2023 
1933 
1934 
1935 
1936 1985 
1937 2280 
1938 
1939 
1940 
1941 
1942 2594 
1943 4773 
1944 
1945 1980 
1946 3679 
1947 
1948 2082 
1949 2271 
1950 
1951 
1952 2203 
1953 
1954 
1955 
1956 
1957 2104 
1958 
1959 
1960 
1961 
1962 
1963 
1964 
1965 
1966 2420 
1967 3354 3543 
1968 2101 
1969 
1970 
1971 
1972 
1973 
1974 2372 
1975 
1976 2267 
1977 
1978 
1979 
1980 
1981 
1982 
1983 
1984 2183 
1985 
1986 
1987 
1988 
1989 
1990 
1991 2093 
1992 
1993 
1994 
1995 
1996 
1997 
1998 2183 
1999 2142 
2000 2096 
2001 
2002 
2003 
2004 3969 
2005 
2006 
2007 
2008 
2009 
2010 
2011 
2012 
2013 2115 
2014 
2015 
2016 
2017 
2018 
2019 
2020 
2021 2203 
2022 
2023 
2024 
2025 
2026 2319 
2027 
2028 2241 
2029 2095 
2030 
2031 
2032 
2033 
2034 
2035 
2036 2067 
2037 2436 2929 
2038 
2039 
2040 2260 2354 
2041 
2042 2826 
2043 
2044 
2045 2214 
2046 4366 
2047 
2048 
2049 
2050 
2051 
2052 2210 
2053 
2054 
2055 
2056 
2057 4237 
2058 2242 2254 2375 
2059 2105 
2060 
2061 
2062 
2063 
2064 
2065 2310 
2066 
2067 4948 
2068 
2069 
2070 
2071 
2072 
2073 
2074 
2075 
2076 
2077 
2078 2412 
2079 
2080 
2081 2088 
2082 
2083 
2084 
2085 
2086 
2087 
2088 
2089 2142 
2090 2345 
2091 2131 
2092 2403 
2093 
2094 
2095 
2096 2895 
2097 
2098 
2099 
2100 
2101 
2102 
2103 
2104 
2105 
2106 
2107 2650 
2108 2403 4026 4309 
2109 2204 
2110 
2111 
2112 
2113 
2114 
2115 3934 
2116 2299 2657 
2117 
2118 
2119 4913 
2120 
2121 
2122 
2123 
2124 
2125 
2126 
2127 
2128 2744 
2129 
2130 
2131 
2132 2221 
2133 
2134 3001 
2135 
2136 4383 
2137 
2138 
2139 
2140 2411 
2141 
2142 
2143 
2144 2385 3218 
2145 
2146 2198 
2147 
2148 
2149 
2150 3045 4239 
2151 
2152 
2153 2347 
2154 
2155 
2156 
2157 
2158 
2159 2272 
2160 4882 
2161 
2162 
2163 
2164 
2165 2229 
2166 2393 
2167 
2168 
2169 2333 
2170 
2171 
2172 
2173 
2174 2237 
2175 
2176 
2177 
2178 
2179 
2180 
2181 
2182 
2183 
2184 
2185 
2186 2245 4922 
2187 
2188 
2189 
2190 
2191 
2192 
2193 
2194 2215 
2195 
2196 
2197 
2198 2340 2987 
2199 
2200 2209 
2201 
2202 
2203 
2204 
2205 
2206 
2207 
2208 3467 
2209 
2210 
2211 
2212 
2213 
2214 
2215 
2216 
2217 2305 
2218 
2219 
2220 
2221 
2222 
2223 2224 2425 
2224 
2225 
2226 
2227 
2228 
2229 
2230 
2231 
2232 2304 
2233 
2234 3841 
2235 2943 
2236 
2237 
2238 
2239 
2240 3397 
2241 2443 3898 
2242 
2243 
2244 
2245 
2246 
2247 
2248 
2249 
2250 2448 
2251 
2252 
2253 
2254 2394 
2255 
2256 
2257 
2258 
2259 3787 
2260 2266 
2261 2490 
2262 
2263 
2264 
2265 2392 4513 
2266 3309 
2267 
2268 
2269 
2270 
2271 
2272 
2273 
2274 
2275 
2276 
2277 
2278 
2279 
2280 
2281 
2282 
2283 
2284 
2285 
2286 
2287 
2288 2489 
2289 
2290 
2291 3789 
2292 
2293 
2294 2321 
2295 
2296 
2297 
2298 
2299 
2300 
2301 
2302 
2303 
2304 
2305 
2306 
2307 
2308 
2309 
2310 2396 
2311 
2312 
2313 
2314 
2315 
2316 
2317 
2318 
2319 
2320 
2321 
2322 3833 
2323 
2324 
2325 
2326 2383 
2327 
2328 
2329 
2330 
2331 
2332 3277 
2333 
2334 2444 
2335 
2336 
2337 
2338 3194 
2339 
2340 2889 
2341 4990 
2342 
2343 
2344 
2345 
2346 
2347 
2348 
2349 
2350 
2351 
2352 
2353 
2354 
2355 
2356 
2357 
2358 
2359 
2360 
2361 4587 
2362 
2363 
2364 
2365 
2366 
2367 
2368 
2369 
2370 
2371 
2372 
2373 
2374 
2375 4861 
2376 
2377 
2378 2458 3055 
2379 
2380 
2381 
2382 
2383 2482 
2384 
2385 
2386 
2387 4099 
2388 
2389 4471 
2390 
2391 
2392 
2393 
2394 
2395 
2396 
2397 
2398 3738 
2399 4064 
2400 
2401 4454 
2402 
2403 
2404 
2405 
2406 4506 
2407 
2408 
2409 
2410 
2411 
2412 
2413 
2414 
2415 
2416 2490 
2417 
2418 
2419 
2420 
2421 
2422 
2423 
2424 
2425 
2426 
2427 
2428 
2429 
2430 
2431 2538 
2432 4185 
2433 
2434 
2435 
2436 
2437 
2438 
2439 
2440 
2441 4792 
2442 
2443 
2444 
2445 
2446 
2447 
2448 
2449 
2450 3094 4361 
2451 
2452 
2453 4426 
2454 
2455 
2456 
2457 
2458 
2459 
2460 
2461 
2462 
2463 
2464 
2465 
2466 
2467 
2468 
2469 
2470 
2471 
2472 
2473 3906 
2474 
2475 
2476 
2477 
2478 
2479 
2480 
2481 3950 
2482 
2483 
2484 
2485 2742 3076 
2486 
2487 
2488 
2489 
2490 
2491 4977 
2492 
2493 
2494 
2495 
2496 
2497 
2498 
2499 
2500 3683 4814 
2501 2696 
2502 
2503 4837 4875 
2504 4650 
2505 4184 
2506 2750 
2507 
2508 
2509 
2510 
2511 
2512 
2513 4215 
2514 
2515 
2516 4259 4455 4813 
2517 4318 4466 
2518 
2519 2845 
2520 4961 
2521 3013 3532 3737 4543 
2522 3527 
2523 2914 
2524 
2525 2687 3238 4861 
2526 
2527 4265 4743 
2528 
2529 
2530 3011 
2531 
2532 2794 3747 4313 
2533 4199 4590 
2534 4644 
2535 
2536 
2537 
2538 
2539 
2540 
2541 4495 
2542 2669 3024 
2543 3567 
2544 3164 4224 
2545 4912 
2546 2804 
2547 
2548 3051 
2549 3687 
2550 3165 3454 
2551 
2552 
2553 
2554 4300 
2555 4121 
2556 3638 4675 
2557 
2558 
2559 4102 4174 4976 
2560 3789 3956 4313 
2561 3405 
2562 
2563 3813 
2564 4044 
2565 3858 4168 4766 
2566 4055 
2567 3084 
2568 4611 
2569 4414 
2570 4860 
2571 
2572 3154 3615 4031 4106 
2573 3133 4576 
2574 3128 
2575 
2576 4106 
2577 4022 4154 4348 
2578 3399 
2579 
2580 
2581 3328 3958 4315 
2582 4777 
2583 4157 
2584 2733 
2585 2808 4273 
2586 
2587 2861 
2588 4342 
2589 3211 
2590 3462 4316 
2591 3979 
2592 
2593 2931 
2594 3613 4873 
2595 
2596 4356 
2597 3004 3316 3768 4120 4870 
2598 3114 3687 
2599 
2600 
2601 
2602 3605 3624 3744 
2603 3992 4743 
2604 
2605 4162 4259 
2606 3617 
2607 2849 4205 
2608 3649 
2609 3051 
2610 
2611 2685 
2612 3285 3644 
2613 
2614 
2615 3660 
2616 2834 
2617 
2618 
2619 
2620 3172 
2621 4040 
2622 4579 
2623 2795 3461 
2624 2887 3108 3844 4915 
2625 
2626 3593 
2627 
2628 
2629 
2630 
2631 
2632 3641 3669 3771 
2633 2881 3477 4977 
2634 2643 3200 4223 
2635 
2636 3984 4801 
2637 3905 4181 
2638 
2639 
2640 4085 
2641 2715 
2642 3354 
2643 
2644 3078 
2645 4446 
2646 
2647 4335 4695 
2648 4693 
2649 2814 
2650 3223 3808 
2651 
2652 4055 
2653 
2654 4055 4368 
2655 
2656 3451 
2657 4744 
2658 3448 
2659 3032 
2660 3359 4740 
2661 
2662 
2663 
2664 4242 4504 4672 
2665 
2666 3853 4562 
2667 
2668 
2669 
2670 
2671 3193 
2672 
2673 4625 
2674 2733 3011 4012 
2675 3862 
2676 
2677 4910 
2678 3318 3629 
2679 3547 
2680 
2681 4856 
2682 
2683 4051 
2684 
2685 2816 
2686 
2687 
2688 3186 4188 
2689 4668 
2690 
2691 3483 
2692 4305 4799 
2693 
2694 3229 3549 4385 
2695 3091 
2696 
2697 2905 3554 4844 
2698 3832 4149 
2699 2887 
2700 3740 4031 
2701 
2702 
2703 2934 2990 
2704 4552 
2705 
2706 
2707 3117 
2708 4103 
2709 4105 
2710 
2711 3310 3425 
2712 4187 
2713 2839 4876 
2714 3162 3754 
2715 4943 4965 
2716 
2717 2750 3028 4264 
2718 
2719 4472 
2720 
2721 4758 
2722 2815 
2723 3975 
2724 
2725 
2726 
2727 
2728 
2729 4729 
2730 
2731 
2732 4131 4742 
2733 3316 
2734 3459 4114 4350 4585 
2735 3353 3483 
2736 
2737 
2738 
2739 3886 4672 
2740 3932 4128 4306 
2741 
2742 4869 
2743 
2744 
2745 
2746 4732 
2747 2751 
2748 4781 
2749 3654 
2750 4088 
2751 3824 
2752 2966 
2753 
2754 3417 
2755 
2756 4505 
2757 
2758 
2759 
2760 3279 
2761 3591 
2762 
2763 4695 
2764 4546 
2765 
2766 3611 3637 4714 
2767 3323 3780 
2768 
2769 4460 
2770 4767 
2771 3187 4384 
2772 
2773 
2774 
2775 
2776 
2777 4163 
2778 
2779 3975 4429 4743 
2780 
2781 
2782 3974 4209 
2783 
2784 
2785 
2786 3278 
2787 
2788 
2789 
2790 
2791 3500 
2792 3778 
2793 3455 
2794 
2795 4657 
2796 2890 4444 
2797 
2798 4532 
2799 3277 3528 
2800 3082 4339 
2801 4470 
2802 2939 3803 3867 3967 
2803 
2804 
2805 3963 4094 
2806 
2807 3879 
2808 4807 
2809 3403 4317 
2810 4773 
2811 
2812 3345 3761 
2813 3508 
2814 
2815 4530 
2816 
2817 
2818 
2819 2865 2992 
2820 
2821 4515 
2822 
2823 
2824 3719 
2825 
2826 2933 
2827 
2828 3711 
2829 4720 
2830 3418 
2831 4614 
2832 3676 4731 
2833 3529 
2834 
2835 3207 4227 
2836 
2837 
2838 4977 
2839 
2840 
2841 
2842 3023 
2843 
2844 4975 
2845 
2846 4113 
2847 4851 4966 
2848 4168 
2849 3052 
2850 3123 4622 
2851 
2852 4921 
2853 
2854 
2855 
2856 2858 4640 
2857 3442 
2858 
2859 
2860 4257 4944 
2861 4006 4155 4499 
2862 3531 4793 
2863 4901 
2864 
2865 
2866 3827 4190 
2867 4749 
2868 3758 
2869 4651 4690 
2870 2936 4190 
2871 
2872 4400 
2873 
2874 4736 
2875 3326 3799 
2876 
2877 3114 
2878 3465 3684 
2879 3444 3675 
2880 4539 
2881 
2882 
2883 4296 
2884 
2885 
2886 4627 4792 
2887 4544 4825 4932 
2888 2940 3403 
2889 3879 4633 
2890 3603 3762 
2891 
2892 2994 3180 
2893 3652 
2894 
2895 
2896 4669 
2897 4049 
2898 3941 4872 
2899 3327 4264 
2900 3516 4871 
2901 
2902 4990 
2903 3695 
2904 4533 
2905 
2906 3128 
2907 3599 4366 
2908 
2909 
2910 3166 
2911 
2912 2992 
2913 4586 4850 
2914 3206 
2915 
2916 3935 
2917 
2918 
2919 
2920 3583 
2921 
2922 4546 
2923 4653 
2924 3716 3953 
2925 
2926 
2927 
2928 
2929 4236 
2930 3365 4646 4891 
2931 3010 
2932 4838 
2933 3751 4615 
2934 
2935 4879 
2936 4224 
2937 
2938 3343 4713 
2939 3031 
2940 
2941 
2942 
2943 4036 
2944 4352 
2945 3407 4889 
2946 
2947 
2948 
2949 
2950 
2951 4186 4711 
2952 3263 4508 
2953 2988 4624 
2954 
2955 
2956 
2957 
2958 4978 
2959 
2960 3505 
2961 4381 
2962 
2963 
2964 
2965 3149 4264 
2966 
2967 4450 4612 
2968 3894 
2969 
2970 4891 
2971 
2972 3354 
2973 3336 
2974 
2975 3084 
2976 4246 
2977 
2978 3562 
2979 
2980 
2981 
2982 4864 
2983 3871 
2984 3877 
2985 
2986 
2987 3855 4727 
2988 
2989 
2990 3604 4939 
2991 
2992 3745 4288 
2993 3347 3414 
2994 
2995 4239 
2996 3550 4236 4990 
2997 4418 
2998 3371 3748 
2999 4282 
3000 3896 
3001 4313 
3002 
3003 
3004 4289 4410 
3005 
3006 
3007 
3008 
3009 
3010 4674 
3011 3200 
3012 3731 
3013 
3014 4220 
3015 4176 
3016 3050 4064 
3017 3536 
3018 
3019 3682 4186 
3020 4356 
3021 
3022 
3023 4288 4291 
3024 
3025 
3026 
3027 4651 
3028 4733 
3029 3782 
3030 4954 
3031 3050 
3032 3264 4823 
3033 4468 4662 
3034 3596 
3035 3267 
3036 3870 
3037 3989 
3038 4379 4398 
3039 
3040 3140 4760 
3041 4154 
3042 3577 
3043 3626 
3044 4381 4578 
3045 4350 
3046 3659 
3047 
3048 
3049 3700 
3050 3666 4561 
3051 3163 
3052 3296 
3053 3979 
3054 
3055 
3056 
3057 
3058 3480 
3059 3869 4330 
3060 4020 
3061 4955 
3062 4825 
3063 
3064 
3065 3205 3828 
3066 3799 
3067 4286 
3068 4271 
3069 3131 
3070 3563 4546 
3071 4050 4446 4636 
3072 
3073 3986 
3074 4144 
3075 3982 4639 
3076 
3077 
3078 
3079 
3080 3091 
3081 
3082 
3083 4036 
3084 3401 4611 
3085 
3086 
3087 
3088 3818 4885 
3089 4484 
3090 4272 
3091 3206 
3092 
3093 4196 
3094 4954 
3095 4882 
3096 
3097 3474 4815 
3098 
3099 4168 
3100 3213 3612 
3101 
3102 
3103 
3104 4787 
3105 
3106 
3107 4109 
3108 3167 
3109 4859 
3110 3638 4838 
3111 
3112 3170 4227 
3113 
3114 4037 
3115 
3116 3525 3866 
3117 
3118 3201 
3119 4295 
3120 4451 
3121 4189 
3122 
3123 3755 4575 
3124 3601 4167 
3125 3778 
3126 3492 4955 
3127 
3128 4931 
3129 
3130 3888 4329 
3131 
3132 
3133 
3134 3508 
3135 4216 
3136 
3137 
3138 3554 
3139 
3140 
3141 4864 
3142 4164 
3143 3485 
3144 
3145 
3146 3420 4130 4853 
3147 4043 
3148 3435 4098 
3149 3934 
3150 
3151 
3152 3260 4203 4337 
3153 3317 
3154 3309 4027 
3155 
3156 4484 
3157 3410 
3158 3495 4260 
3159 4673 
3160 4135 4419 
3161 
3162 
3163 
3164 
3165 4559 
3166 3962 
3167 
3168 3644 
3169 
3170 4613 
3171 4024 4701 
3172 3905 
3173 
3174 3680 4635 4992 
3175 
3176 3334 
3177 3385 
3178 
3179 3603 
3180 3346 
3181 4138 
3182 4724 
3183 4918 
3184 3287 
3185 
3186 4664 
3187 
3188 3226 
3189 
3190 3775 3981 
3191 3436 
3192 
3193 
3194 4593 
3195 
3196 
3197 3238 4876 
3198 3948 
3199 
3200 3204 3960 
3201 
3202 
3203 3715 
3204 
3205 3788 3856 3881 4264 4928 
3206 
3207 
3208 
3209 
3210 
3211 4708 4793 
3212 
3213 
3214 3363 
3215 4856 
3216 
3217 3239 4319 
3218 4081 4803 
3219 3357 
3220 
3221 
3222 
3223 4417 4565 
3224 
3225 3530 
3226 4594 
3227 3880 
3228 
3229 
3230 3303 3552 
3231 3971 4090 
3232 
3233 
3234 4248 
3235 
3236 3713 
3237 3395 
3238 3261 3970 
3239 3864 
3240 4115 
3241 4759 
3242 3692 
3243 
3244 
3245 
3246 
3247 4195 
3248 
3249 3812 
3250 3622 
3251 3302 
3252 4614 
3253 
3254 4434 4461 
3255 
3256 3447 
3257 3880 3961 
3258 3750 
3259 
3260 4612 
3261 3534 4059 4075 4600 4928 4976 
3262 
3263 
3264 
3265 4827 
3266 
3267 4537 
3268 3618 4185 
3269 4238 4969 
3270 
3271 3473 
3272 4241 4745 
3273 4372 
3274 
3275 
3276 
3277 3303 
3278 
3279 
3280 
3281 
3282 3351 3972 
3283 3850 4882 
3284 
3285 
3286 4435 
3287 4427 
3288 3778 
3289 4492 
3290 
3291 3827 
3292 3483 4552 
3293 4493 
3294 
3295 
3296 
3297 
3298 
3299 
3300 
3301 3897 
3302 3611 4215 
3303 4918 
3304 
3305 
3306 
3307 3794 
3308 4953 
3309 3465 4801 
3310 3443 3844 
3311 4085 4392 4582 4712 
3312 
3313 
3314 4359 
3315 
3316 
3317 
3318 3442 
3319 
3320 
3321 3629 4619 
3322 4096 
3323 
3324 
3325 3385 
3326 3917 
3327 3833 
3328 
3329 3463 
3330 
3331 
3332 
3333 
3334 3722 4644 
3335 
3336 3496 4184 
3337 
3338 
3339 4660 
3340 4760 
3341 
3342 4444 
3343 4713 
3344 4472 4859 
3345 
3346 
3347 4000 4630 4695 4893 
3348 4268 4462 
3349 4972 
3350 4794 
3351 3748 4841 
3352 
3353 
3354 4912 
3355 
3356 4460 
3357 4372 
3358 
3359 3532 
3360 
3361 
3362 
3363 
3364 3580 
3365 
3366 3898 
3367 3443 
3368 
3369 
3370 
3371 3597 
3372 
3373 4461 
3374 4078 
3375 4153 4990 
3376 3653 3820 
3377 3948 4970 
3378 3615 
3379 
3380 3901 
3381 
3382 3854 
3383 3576 4108 4748 
3384 
3385 
3386 
3387 3946 
3388 
3389 3788 
3390 4212 
3391 4078 4951 
3392 
3393 4738 4952 
3394 
3395 3716 
3396 
3397 
3398 4120 
3399 4759 
3400 
3401 4110 
3402 
3403 4834 
3404 
3405 4571 
3406 4667 4816 
3407 3807 
3408 3943 4356 4827 
3409 
3410 
3411 3486 
3412 
3413 3711 4778 
3414 
3415 
3416 
3417 
3418 3627 
3419 
3420 
3421 
3422 
3423 4011 
3424 4173 
3425 3910 4852 
3426 
3427 4892 
3428 4982 
3429 4750 
3430 3737 
3431 3905 
3432 3929 
3433 4251 
3434 3851 4458 
3435 3936 
3436 
3437 3468 3628 3801 4423 
3438 
3439 4745 
3440 
3441 4766 
3442 4373 
3443 
3444 
3445 4230 
3446 3803 3926 4414 
3447 
3448 
3449 4464 
3450 4183 
3451 
3452 4360 
3453 4714 
3454 
3455 4780 
3456 4542 
3457 
3458 3802 
3459 
3460 
3461 
3462 
3463 3903 
3464 3696 4088 
3465 
3466 
3467 4835 
3468 4745 
3469 4396 
3470 
3471 
3472 4820 
3473 
3474 3922 
3475 
3476 
3477 
3478 
3479 
3480 4424 
3481 4616 
3482 4740 
3483 3665 
3484 3887 
3485 4340 
3486 
3487 3683 4037 4331 
3488 
3489 
3490 4293 4882 
3491 
3492 
3493 4440 
3494 3841 4156 
3495 
3496 4601 
3497 4688 
3498 4224 
3499 4562 
3500 
3501 4072 4930 
3502 4675 4682 
3503 
3504 3560 4228 
3505 4724 
3506 4428 
3507 
3508 
3509 4505 4774 
3510 4182 
3511 
3512 
3513 3911 
3514 
3515 4518 
3516 
3517 
3518 3607 
3519 
3520 4175 
3521 4001 
3522 4601 
3523 
3524 3915 
3525 4292 4558 4795 
3526 
3527 3726 3936 4958 
3528 
3529 
3530 
3531 
3532 
3533 
3534 
3535 
3536 
3537 3802 
3538 4547 
3539 
3540 4354 
3541 3559 3963 4414 
3542 
3543 3583 
3544 
3545 
3546 
3547 
3548 
3549 
3550 
3551 
3552 4994 
3553 
3554 3730 
3555 
3556 
3557 
3558 
3559 4353 4929 
3560 
3561 4803 
3562 4770 
3563 3935 
3564 
3565 3592 3924 
3566 3612 4384 4515 
3567 
3568 
3569 3692 
3570 
3571 
3572 
3573 
3574 
3575 
3576 
3577 4954 
3578 
3579 
3580 
3581 3595 
3582 
3583 
3584 3841 
3585 4161 
3586 4758 
3587 
3588 
3589 
3590 3923 
3591 3803 4340 4672 
3592 
3593 
3594 
3595 4614 
3596 
3597 4814 
3598 
3599 
3600 
3601 4497 
3602 
3603 
3604 
3605 
3606 4430 
3607 
3608 
3609 4525 4605 
3610 4357 
3611 4099 
3612 4172 4325 
3613 
3614 
3615 4289 4948 
3616 3665 4180 4566 
3617 
3618 
3619 4233 
3620 4258 
3621 4212 
3622 4443 
3623 
3624 3874 
3625 3945 
3626 3683 4895 
3627 4312 4943 4997 
3628 
3629 3911 
3630 
3631 4497 
3632 3805 
3633 
3634 4271 
3635 
3636 
3637 4037 
3638 4549 4603 
3639 
3640 
3641 4521 
3642 
3643 
3644 
3645 
3646 4693 
3647 4180 4240 
3648 
3649 
3650 3904 
3651 
3652 
3653 4153 4746 
3654 
3655 
3656 
3657 4705 
3658 4128 
3659 
3660 
3661 4166 
3662 4689 
3663 3908 4735 
3664 
3665 
3666 
3667 
3668 4918 
3669 
3670 
3671 
3672 
3673 4481 
3674 4347 
3675 
3676 4438 
3677 4015 
3678 
3679 
3680 
3681 3999 
3682 4429 
3683 3913 
3684 
3685 
3686 
3687 4777 
3688 4800 
3689 4239 
3690 4023 
3691 
3692 4706 
3693 3823 
3694 
3695 
3696 
3697 4122 
3698 
3699 
3700 4012 
3701 4376 
3702 
3703 3941 
3704 
3705 3759 4254 
3706 
3707 
3708 3710 4285 
3709 
3710 
3711 
3712 
3713 
3714 
3715 
3716 
3717 4906 
3718 4721 
3719 
3720 
3721 
3722 
3723 3890 4039 
3724 
3725 
3726 
3727 4575 
3728 4930 
3729 
3730 3821 
3731 
3732 
3733 
3734 4525 
3735 
3736 
3737 
3738 4369 
3739 
3740 
3741 
3742 4852 
3743 4744 
3744 4127 4528 
3745 4726 4822 
3746 
3747 
3748 4102 
3749 3904 
3750 4968 
3751 
3752 3894 
3753 
3754 
3755 
3756 4848 
3757 
3758 
3759 
3760 4457 
3761 
3762 
3763 
3764 
3765 3964 
3766 
3767 4399 
3768 
3769 
3770 3847 
3771 
3772 
3773 4676 4692 
3774 4641 
3775 
3776 4753 4914 
3777 
3778 3896 
3779 4130 4229 
3780 4370 
3781 
3782 
3783 
3784 
3785 
3786 3943 
3787 4181 
3788 
3789 
3790 
3791 
3792 
3793 
3794 4263 
3795 
3796 
3797 
3798 
3799 
3800 
3801 
3802 4386 
3803 
3804 
3805 
3806 
3807 4273 
3808 4468 
3809 4281 4516 4573 
3810 4073 
3811 
3812 4308 
3813 
3814 
3815 
3816 
3817 4346 4556 
3818 4711 
3819 
3820 4457 
3821 3890 4012 4930 
3822 
3823 
3824 
3825 3969 
3826 
3827 
3828 4705 
3829 
3830 4026 
3831 
3832 
3833 
3834 
3835 
3836 
3837 
3838 
3839 
3840 
3841 
3842 
3843 
3844 
3845 
3846 
3847 4169 4467 
3848 
3849 
3850 
3851 4400 
3852 4257 4703 
3853 
3854 
3855 4175 
3856 4244 4848 
3857 
3858 4456 
3859 
3860 4945 
3861 
3862 4479 
3863 
3864 
3865 
3866 
3867 
3868 
3869 4208 4682 
3870 
3871 
3872 
3873 
3874 
3875 
3876 
3877 
3878 
3879 
3880 4769 
3881 
3882 4731 
3883 4686 
3884 
3885 
3886 4690 
3887 4492 
3888 
3889 
3890 3943 
3891 4301 
3892 4579 
3893 
3894 4204 
3895 4040 4117 
3896 4451 
3897 
3898 
3899 4278 4843 
3900 
3901 
3902 
3903 
3904 
3905 4674 4777 4943 
3906 
3907 
3908 4098 
3909 
3910 
3911 
3912 4676 
3913 4797 
3914 
3915 4256 
3916 
3917 
3918 
3919 4570 
3920 
3921 
3922 
3923 4212 
3924 
3925 4578 
3926 
3927 4088 
3928 
3929 4188 
3930 
3931 3978 
3932 
3933 4470 
3934 
3935 
3936 
3937 4831 
3938 4824 
3939 
3940 4609 
3941 
3942 
3943 
3944 4870 
3945 
3946 
3947 4050 
3948 
3949 
3950 
3951 
3952 4255 4618 4680 
3953 4538 
3954 4831 
3955 
3956 4935 
3957 4340 
3958 4382 
3959 
3960 
3961 4249 
3962 
3963 4719 
3964 
3965 
3966 
3967 
3968 
3969 4237 
3970 4049 4959 
3971 4397 
3972 
3973 4158 
3974 4688 4956 
3975 4512 
3976 
3977 4329 
3978 
3979 
3980 4084 
3981 
3982 4693 
3983 
3984 4802 
3985 4907 
3986 
3987 
3988 
3989 
3990 
3991 3999 
3992 
3993 4917 
3994 4231 
3995 
3996 
3997 
3998 
3999 4390 
4000 
4001 
4002 
4003 4514 
4004 
4005 4370 4830 
4006 4594 
4007 
4008 4598 
4009 4510 
4010 4720 
4011 
4012 
4013 
4014 4520 
4015 
4016 
4017 
4018 
4019 4184 4269 
4020 4773 
4021 4718 
4022 
4023 4672 
4024 
4025 
4026 
4027 
4028 4290 
4029 
4030 4837 
4031 
4032 
4033 
4034 
4035 
4036 
4037 
4038 4436 4448 
4039 
4040 
4041 4492 
4042 4295 
4043 4323 
4044 
4045 
4046 
4047 4475 
4048 
4049 
4050 4805 
4051 
4052 
4053 4960 
4054 
4055 4669 
4056 4418 
4057 
4058 
4059 4597 
4060 
4061 
4062 4648 
4063 
4064 
4065 4120 
4066 
4067 
4068 4571 
4069 
4070 4178 4960 
4071 
4072 
4073 4131 
4074 
4075 
4076 
4077 
4078 4654 
4079 
4080 
4081 
4082 
4083 
4084 4423 4870 
4085 
4086 4724 
4087 4380 
4088 4579 
4089 
4090 4962 
4091 
4092 
4093 
4094 4172 
4095 4235 
4096 
4097 4558 
4098 
4099 
4100 4162 
4101 
4102 4830 
4103 
4104 
4105 4563 
4106 
4107 4562 
4108 
4109 4312 
4110 
4111 
4112 
4113 
4114 
4115 
4116 
4117 4168 4386 
4118 
4119 
4120 
4121 
4122 
4123 
4124 
4125 
4126 4393 
4127 
4128 4419 4514 
4129 
4130 
4131 
4132 
4133 
4134 
4135 4613 
4136 
4137 
4138 
4139 4315 
4140 
4141 
4142 4419 
4143 
4144 
4145 4230 4289 
4146 4504 
4147 4241 4549 
4148 
4149 
4150 4304 4837 
4151 
4152 4738 
4153 
4154 4345 
4155 
4156 
4157 
4158 
4159 
4160 4242 
4161 
4162 4892 
4163 
4164 
4165 
4166 
4167 
4168 
4169 
4170 
4171 4803 
4172 
4173 4659 
4174 
4175 
4176 
4177 
4178 4421 
4179 
4180 
4181 4901 
4182 
4183 
4184 4890 
4185 
4186 
4187 
4188 
4189 4533 
4190 
4191 
4192 4436 
4193 4438 
4194 
4195 
4196 4557 4963 
4197 
4198 
4199 
4200 
4201 
4202 
4203 
4204 
4205 
4206 
4207 
4208 4514 
4209 
4210 4265 
4211 
4212 4586 
4213 
4214 
4215 
4216 4260 
4217 4416 
4218 
4219 4494 4574 
4220 
4221 
4222 
4223 
4224 
4225 4611 
4226 4980 
4227 4866 
4228 
4229 
4230 
4231 
4232 
4233 4343 
4234 
4235 
4236 
4237 4299 4515 
4238 
4239 
4240 
4241 
4242 
4243 
4244 4392 4596 
4245 
4246 4481 4772 
4247 4817 
4248 
4249 
4250 4295 
4251 
4252 
4253 4587 
4254 
4255 
4256 
4257 
4258 
4259 4625 
4260 
4261 
4262 
4263 
4264 
4265 4897 
4266 4488 
4267 
4268 
4269 
4270 
4271 4752 4987 
4272 
4273 
4274 
4275 
4276 
4277 
4278 
4279 
4280 
4281 
4282 
4283 
4284 
4285 
4286 
4287 
4288 4749 
4289 
4290 
4291 
4292 
4293 
4294 
4295 4933 
4296 
4297 4905 
4298 
4299 
4300 
4301 
4302 4839 
4303 
4304 
4305 4891 4904 
4306 
4307 
4308 
4309 4581 
4310 
4311 
4312 
4313 
4314 4420 
4315 
4316 4864 
4317 4520 
4318 
4319 
4320 4474 4839 
4321 
4322 4971 
4323 
4324 4879 
4325 
4326 
4327 
4328 
4329 
4330 
4331 
4332 
4333 
4334 
4335 
4336 
4337 
4338 
4339 
4340 
4341 
4342 
4343 
4344 4377 4524 
4345 
4346 
4347 
4348 
4349 
4350 4804 
4351 
4352 
4353 
4354 
4355 
4356 
4357 
4358 
4359 
4360 4625 
4361 
4362 4409 
4363 
4364 
4365 
4366 4772 
4367 
4368 
4369 
4370 
4371 4783 
4372 
4373 
4374 
4375 
4376 
4377 
4378 
4379 4770 
4380 
4381 
4382 
4383 
4384 4680 
4385 4438 4801 
4386 
4387 
4388 4713 
4389 
4390 
4391 
4392 
4393 
4394 
4395 
4396 
4397 
4398 4426 
4399 4621 4704 
4400 
4401 
4402 
4403 
4404 
4405 
4406 
4407 
4408 
4409 
4410 
4411 4697 
4412 
4413 4673 
4414 
4415 
4416 4437 
4417 4618 
4418 4747 
4419 
4420 4882 
4421 
4422 
4423 
4424 4449 4631 
4425 
4426 
4427 
4428 
4429 
4430 
4431 
4432 
4433 
4434 
4435 
4436 
4437 4695 
4438 
4439 
4440 4905 
4441 
4442 
4443 
4444 
4445 
4446 4722 
4447 
4448 
4449 
4450 
4451 
4452 4642 
4453 
4454 
4455 4512 
4456 
4457 
4458 
4459 
4460 
4461 
4462 
4463 
4464 
4465 
4466 4742 
4467 
4468 
4469 
4470 
4471 
4472 
4473 
4474 
4475 
4476 
4477 
4478 
4479 
4480 
4481 
4482 
4483 
4484 
4485 4859 
4486 
4487 
4488 
4489 
4490 
4491 
4492 
4493 
4494 4694 
4495 
4496 
4497 4919 
4498 
4499 
4500 
4501 
4502 
4503 
4504 4809 
4505 
4506 
4507 
4508 
4509 4869 4955 
4510 
4511 
4512 
4513 
4514 
4515 
4516 
4517 4663 
4518 
4519 4645 
4520 
4521 
4522 4575 
4523 
4524 
4525 
4526 
4527 
4528 
4529 
4530 
4531 
4532 
4533 
4534 
4535 
4536 4739 
4537 
4538 
4539 4946 
4540 
4541 
4542 
4543 
4544 
4545 4626 4676 4903 
4546 4720 
4547 
4548 4707 
4549 
4550 4985 
4551 
4552 
4553 
4554 
4555 
4556 
4557 
4558 
4559 
4560 
4561 
4562 
4563 4656 
4564 
4565 
4566 
4567 
4568 
4569 
4570 
4571 
4572 
4573 
4574 
4575 
4576 
4577 4793 
4578 
4579 
4580 
4581 
4582 
4583 
4584 
4585 
4586 
4587 
4588 
4589 
4590 
4591 
4592 
4593 
4594 
4595 
4596 
4597 
4598 
4599 
4600 4603 
4601 
4602 
4603 
4604 
4605 
4606 4653 4730 
4607 
4608 
4609 
4610 
4611 
4612 
4613 
4614 
4615 
4616 
4617 
4618 4770 
4619 4675 
4620 
4621 
4622 4777 
4623 
4624 
4625 
4626 
4627 
4628 
4629 
4630 
4631 
4632 
4633 
4634 4868 
4635 
4636 
4637 
4638 
4639 
4640 
4641 
4642 
4643 
4644 
4645 
4646 
4647 
4648 
4649 
4650 
4651 
4652 
4653 
4654 4907 
4655 4981 
4656 
4657 
4658 
4659 
4660 
4661 4748 
4662 
4663 
4664 
4665 
4666 
4667 
4668 
4669 4908 
4670 
4671 
4672 
4673 
4674 
4675 
4676 
4677 
4678 
4679 
4680 4710 
4681 
4682 4952 
4683 
4684 4705 
4685 
4686 
4687 4803 
4688 
4689 
4690 
4691 
4692 
4693 
4694 
4695 
4696 
4697 
4698 
4699 
4700 
4701 4943 
4702 
4703 
4704 
4705 
4706 4897 
4707 
4708 
4709 
4710 
4711 
4712 
4713 
4714 
4715 
4716 
4717 
4718 
4719 
4720 
4721 
4722 4895 
4723 
4724 
4725 
4726 
4727 
4728 4875 
4729 4970 
4730 
4731 4760 
4732 
4733 
4734 
4735 
4736 
4737 
4738 4765 
4739 
4740 4982 
4741 4980 
4742 
4743 
4744 4951 
4745 
4746 
4747 
4748 
4749 
4750 
4751 
4752 
4753 4920 
4754 
4755 
4756 
4757 
4758 
4759 
4760 
4761 
4762 
4763 
4764 
4765 
4766 4916 
4767 
4768 
4769 
4770 
4771 
4772 
4773 
4774 
4775 
4776 
4777 
4778 4911 
4779 
4780 
4781 
4782 
4783 
4784 
4785 
4786 
4787 
4788 
4789 4852 
4790 
4791 
4792 
4793 
4794 
4795 
4796 
4797 4944 
4798 
4799 
4800 
4801 
4802 4939 
4803 
4804 
4805 
4806 
4807 
4808 
4809 
4810 
4811 
4812 
4813 
4814 
4815 
4816 
4817 
4818 
4819 
4820 
4821 
4822 
4823 4915 
4824 
4825 
4826 
4827 4856 
4828 
4829 
4830 
4831 
4832 
4833 
4834 
4835 
4836 
4837 
4838 
4839 
4840 
4841 
4842 
4843 
4844 
4845 
4846 
4847 
4848 
4849 
4850 
4851 
4852 
4853 
4854 
4855 
4856 
4857 
4858 
4859 
4860 
4861 
4862 4965 
4863 
4864 
4865 
4866 
4867 
4868 
4869 
4870 
4871 
4872 
4873 
4874 
4875 
4876 
4877 
4878 
4879 
4880 
4881 
4882 
4883 
4884 
4885 4919 
4886 
4887 
4888 
4889 
4890 
4891 
4892 
4893 
4894 
4895 
4896 
4897 
4898 
4899 
4900 
4901 
4902 
4903 
4904 
4905 
4906 
4907 
4908 
4909 
4910 
4911 4941 
4912 
4913 
4914 
4915 
4916 
4917 
4918 
4919 
4920 
4921 
4922 
4923 
4924 
4925 
4926 
4927 
4928 
4929 
4930 
4931 
4932 
4933 4998 
4934 
4935 
4936 
4937 
4938 
4939 
4940 
4941 
4942 
4943 4957 
4944 
4945 
4946 
4947 
4948 
4949 
4950 
4951 
4952 
4953 
4954 
4955 
4956 
4957 
4958 
4959 
4960 
4961 
4962 
4963 
4964 
4965 4975 
4966 
4967 
4968 
4969 
4970 
4971 
4972 
4973 
4974 
4975 
4976 
4977 
4978 
4979 
4980 
4981 
4982 
4983 
4984 
4985 
4986 
4987 
4988 
4989 
4990 
4991 
4992 
4993 
4994 
4995 
4996 
4997 
4998 
4999 
[0, 0, 0, 0, 0, 0, 0, 0, 0, 0, 0, 0, 0, 0, 0, 0, 0, 0, 0, 0, 0, 0, 0, 0, 0, 0, 0, 0, 0, 0, 0, 0, 0, 0, 0, 0, 0, 0, 0, 0, 0, 0, 0, 0, 0, 0, 0, 0, 0, 0, 0, 0, 0, 0, 0, 0, 0, 0, 0, 0, 0, 0, 0, 0, 0, 0, 0, 0, 0, 0, 0, 0, 0, 0, 0, 0, 0, 0, 0, 0, 0, 0, 0, 0, 0, 0, 0, 0, 0, 0, 0, 0, 0, 0, 0, 0, 0, 0, 0, 0, 0, 0, 0, 0, 0, 0, 0, 0, 0, 0, 0, 0, 0, 0, 0, 0, 0, 0, 0, 0, 0, 0, 0, 0, 0, 0, 0, 0, 0, 0, 0, 0, 0, 0, 0, 0, 0, 0, 0, 0, 0, 0, 0, 0, 0, 0, 0, 0, 0, 0, 0, 0, 0, 0, 0, 0, 0, 0, 0, 0, 0, 0, 0, 0, 0, 0, 0, 0, 0, 0, 0, 0, 0, 0, 0, 0, 0, 0, 0, 0, 0, 0, 0, 0, 0, 0, 0, 0, 0, 0, 0, 0, 0, 0, 0, 0, 0, 0, 0, 0, 0, 0, 0, 0, 0, 0, 0, 0, 0, 0, 0, 0, 0, 0, 0, 0, 0, 0, 0, 0, 0, 0, 0, 0, 0, 0, 0, 0, 0, 0, 0, 0, 0, 0, 0, 0, 0, 0, 0, 0, 0, 0, 0, 0, 0, 0, 0, 0, 0, 0, 0, 0, 0, 0, 0, 0, 0, 0, 0, 0, 0, 0, 0, 0, 0, 0, 0, 0, 0, 0, 0, 0, 0, 0, 0, 0, 0, 0, 0, 0, 0, 0, 0, 0, 0, 0, 0, 0, 0, 0, 0, 0, 0, 0, 0, 0, 0, 0, 0, 0, 0, 0, 0, 0, 0, 0, 0, 0, 0, 0, 0, 0, 0, 0, 0, 0, 0, 0, 0, 0, 0, 0, 0, 0, 0, 0, 0, 0, 0, 0, 0, 0, 0, 0, 0, 0, 0, 0, 0, 0, 0, 0, 0, 0, 0, 0, 0, 0, 0, 0, 0, 0, 0, 0, 0, 0, 0, 0, 0, 0, 0, 0, 0, 0, 0, 0, 0, 0, 0, 0, 0, 0, 0, 0, 0, 0, 0, 0, 0, 0, 0, 0, 0, 0, 0, 0, 0, 0, 0, 0, 0, 0, 0, 0, 0, 0, 0, 0, 0, 0, 0, 0, 0, 0, 0, 0, 0, 0, 0, 0, 0, 0, 0, 0, 0, 0, 0, 0, 0, 0, 0, 0, 0, 0, 0, 0, 0, 0, 0, 0, 0, 0, 0, 0, 0, 0, 0, 0, 0, 0, 0, 0, 0, 0, 0, 0, 0, 0, 0, 0, 0, 0, 0, 0, 0, 0, 0, 0, 0, 0, 0, 0, 0, 0, 0, 0, 0, 0, 0, 0, 0, 0, 0, 0, 0, 0, 0, 0, 0, 0, 0, 0, 0, 0, 0, 0, 0, 0, 0, 0, 0, 0, 0, 0, 0, 0, 0, 0, 0, 0, 0, 0, 0, 0, 0, 0, 0, 0, 0, 0, 0, 0, 0, 0, 0, 0, 0, 0, 0, 0, 0, 0, 0, 0, 0, 0, 0, 0, 0, 0, 0, 0, 0, 0, 0, 0, 0, 0, 0, 0, 0, 0, 0, 0, 0, 0, 0, 0, 0, 0, 0, 0, 0, 0, 0, 0, 0, 0, 0, 0, 0, 0, 0, 0, 0, 0, 0, 0, 0, 0, 0, 0, 0, 0, 0, 0, 0, 0, 0, 0, 0, 0, 0, 0, 0, 0, 0, 0, 0, 0, 0, 0, 0, 0, 0, 0, 0, 0, 0, 0, 0, 0, 0, 0, 0, 0, 0, 0, 0, 0, 0, 0, 0, 0, 0, 0, 0, 0, 0, 0, 0, 0, 0, 0, 0, 0, 0, 0, 0, 0, 0, 0, 0, 0, 0, 0, 0, 0, 0, 0, 0, 0, 0, 0, 0, 0, 0, 0, 0, 0, 0, 0, 0, 0, 0, 0, 0, 0, 0, 0, 0, 0, 0, 0, 0, 0, 0, 0, 0, 0, 0, 0, 0, 0, 0, 0, 0, 0, 0, 0, 0, 0, 0, 0, 0, 0, 0, 0, 0, 0, 0, 0, 0, 0, 0, 0, 0, 0, 0, 0, 0, 0, 0, 0, 0, 0, 0, 0, 0, 0, 0, 0, 0, 0, 0, 0, 0, 0, 0, 0, 0, 0, 0, 0, 0, 0, 0, 0, 0, 0, 0, 0, 0, 0, 0, 0, 0, 0, 0, 0, 0, 0, 0, 0, 0, 0, 0, 0, 0, 0, 0, 0, 0, 0, 0, 0, 0, 0, 0, 0, 0, 0, 0, 0, 0, 0, 0, 0, 0, 0, 0, 0, 0, 0, 0, 0, 0, 0, 0, 0, 0, 0, 0, 0, 0, 0, 0, 0, 0, 0, 0, 0, 0, 0, 0, 0, 0, 0, 0, 0, 0, 0, 0, 0, 0, 0, 0, 0, 0, 0, 0, 0, 0, 0, 0, 0, 0, 0, 0, 0, 0, 0, 0, 0, 0, 0, 0, 0, 0, 0, 0, 0, 0, 0, 0, 0, 0, 0, 0, 0, 0, 0, 0, 0, 0, 0, 0, 0, 0, 0, 0, 0, 0, 0, 0, 0, 0, 0, 0, 0, 0, 0, 0, 0, 0, 0, 0, 0, 0, 0, 0, 0, 0, 0, 0, 0, 0, 0, 0, 0, 0, 0, 0, 0, 0, 0, 0, 0, 0, 0, 0, 0, 0, 0, 0, 0, 0, 0, 0, 0, 0, 0, 0, 0, 0, 0, 0, 0, 0, 0, 0, 0, 0, 0, 0, 0, 0, 0, 0, 0, 0, 0, 0, 0, 0, 0, 0, 0, 0, 0, 0, 0, 0, 0, 0, 0, 0, 0, 0, 0, 0, 0, 0, 0, 0, 0, 0, 0, 0, 0, 0, 0, 0, 0, 0, 0, 0, 0, 0, 0, 0, 0, 0, 0, 0, 0, 0, 0, 0, 0, 0, 0, 0, 0, 0, 0, 0, 0, 0, 0, 0, 0, 0, 0, 0, 0, 0, 0, 0, 0, 0, 0, 0, 0, 0, 0, 0, 0, 0, 0, 0, 0, 0, 0, 0, 0, 0, 0, 0, 0, 0, 0, 0, 0, 0, 0, 0, 0, 0, 0, 0, 0, 0, 0, 0, 0, 0, 0, 0, 0, 0, 0, 0, 0, 0, 0, 0, 0, 0, 0, 0, 0, 0, 0, 0, 0, 0, 0, 0, 0, 0, 0, 0, 0, 0, 0, 0, 0, 0, 0, 0, 0, 0, 0, 0, 0, 0, 0, 0, 0, 0, 0, 0, 0, 0, 0, 0, 0, 0, 0, 0, 0, 0, 0, 0, 0, 0, 0, 0, 0, 0, 0, 0, 0, 0, 0, 0, 0, 0, 0, 0, 0, 0, 0, 0, 0, 0, 0, 0, 0, 0, 0, 0, 0, 0, 0, 0, 0, 0, 0, 0, 0, 0, 0, 0, 0, 0, 0, 0, 0, 0, 0, 0, 0, 0, 0, 0, 0, 0, 0, 0, 0, 0, 0, 0, 0, 0, 0, 0, 0, 0, 0, 0, 0, 0, 0, 0, 0, 0, 0, 0, 0, 0, 0, 0, 0, 0, 0, 0, 0, 0, 0, 0, 0, 0, 0, 0, 0, 0, 0, 0, 0, 0, 0, 0, 0, 0, 0, 0, 0, 0, 0, 0, 0, 0, 0, 0, 0, 0, 0, 0, 0, 0, 0, 0, 0, 0, 0, 0, 0, 0, 0, 0, 0, 0, 0, 0, 0, 0, 0, 0, 0, 0, 0, 0, 0, 0, 0, 0, 0, 0, 0, 0, 0, 0, 0, 0, 0, 0, 0, 0, 0, 0, 0, 0, 0, 0, 0, 0, 0, 0, 0, 0, 0, 0, 0, 0, 0, 0, 0, 0, 0, 0, 0, 0, 0, 0, 0, 0, 0, 0, 0, 0, 0, 0, 0, 0, 0, 0, 0, 0, 0, 0, 0, 0, 0, 0, 0, 0, 0, 0, 0, 0, 0, 0, 0, 0, 0, 0, 0, 0, 0, 0, 0, 0, 0, 0, 0, 0, 0, 0, 0, 0, 0, 0, 0, 0, 0, 0, 0, 0, 0, 0, 0, 0, 0, 0, 0, 0, 0, 0, 0, 0, 0, 0, 0, 0, 0, 0, 0, 0, 0, 0, 0, 0, 0, 0, 0, 0, 0, 0, 0, 0, 0, 0, 0, 0, 0, 0, 0, 0, 0, 0, 0, 0, 0, 0, 0, 0, 0, 0, 0, 0, 0, 0, 0, 0, 0, 0, 0, 0, 0, 0, 0, 0, 0, 0, 0, 0, 0, 0, 0, 0, 0, 0, 0, 0, 0, 0, 0, 0, 0, 0, 0, 0, 0, 0, 0, 0, 0, 0, 0, 0, 0, 0, 0, 0, 0, 0, 0, 0, 0, 0, 0, 0, 0, 0, 0, 0, 0, 0, 0, 0, 0, 0, 0, 0, 0, 0, 0, 0, 0, 0, 0, 0, 0, 0, 0, 0, 0, 0, 0, 0, 0, 0, 0, 0, 0, 0, 0, 0, 0, 0, 0, 0, 0, 0, 0, 0, 0, 0, 0, 0, 0, 0, 0, 0, 0, 0, 0, 0, 0, 0, 0, 0, 0, 0, 0, 0, 0, 0, 0, 0, 0, 0, 0, 0, 0, 0, 0, 0, 0, 0, 0, 0, 0, 0, 0, 0, 0, 0, 0, 0, 0, 0, 0, 0, 0, 0, 0, 0, 0, 0, 0, 0, 0, 0, 0, 0, 0, 0, 0, 0, 0, 0, 0, 0, 0, 0, 0, 0, 0, 0, 0, 0, 0, 0, 0, 0, 0, 0, 0, 0, 0, 0, 0, 0, 0, 0, 0, 0, 0, 0, 0, 0, 0, 0, 0, 0, 0, 0, 0, 0, 0, 0, 0, 0, 0, 0, 0, 0, 0, 0, 0, 0, 0, 0, 0, 0, 0, 0, 0, 0, 0, 0, 0, 0, 0, 0, 0, 0, 0, 0, 0, 0, 0, 0, 0, 0, 0, 0, 0, 0, 0, 0, 0, 0, 0, 0, 0, 0, 0, 0, 0, 0, 0, 0, 0, 0, 0, 0, 0, 0, 0, 0, 0, 0, 0, 0, 0, 0, 0, 0, 0, 0, 0, 0, 0, 0, 0, 0, 0, 0, 0, 0, 0, 0, 0, 0, 0, 0, 0, 0, 0, 0, 0, 0, 0, 0, 0, 0, 0, 0, 0, 0, 0, 0, 0, 0, 0, 0, 0, 0, 0, 0, 0, 0, 0, 0, 0, 0, 0, 0, 0, 0, 0, 0, 0, 0, 0, 0, 0, 0, 0, 0, 0, 0, 0, 0, 0, 0, 0, 0, 0, 0, 0, 0, 0, 0, 0, 0, 0, 0, 0, 0, 0, 0, 0, 0, 0, 0, 0, 0, 0, 0, 0, 0, 0, 0, 0, 0, 0, 0, 0, 0, 0, 0, 0, 0, 0, 0, 0, 0, 0, 0, 0, 0, 0, 0, 0, 0, 0, 0, 0, 0, 0, 0, 0, 0, 0, 0, 0, 0, 0, 0, 0, 0, 0, 0, 0, 0, 0, 0, 0, 0, 0, 0, 0, 0, 0, 0, 0, 0, 0, 0, 0, 0, 0, 0, 0, 0, 0, 0, 0, 0, 0, 0, 0, 0, 0, 0, 0, 0, 0, 0, 0, 0, 0, 0, 0, 0, 0, 0, 0, 0, 0, 0, 0, 0, 0, 0, 0, 0, 0, 0, 0, 0, 0, 0, 0, 0, 0, 0, 0, 0, 0, 0, 0, 0, 0, 0, 0, 0, 0, 0, 0, 0, 0, 0, 0, 0, 0, 0, 0, 0, 0, 0, 0, 0, 0, 0, 0, 0, 0, 0, 0, 0, 0, 0, 0, 0, 0, 0, 0, 0, 0, 0, 0, 0, 0, 0, 0, 0, 0, 0, 0, 0, 0, 0, 0, 0, 0, 0, 0, 0, 0, 0, 0, 0, 0, 0, 0, 0, 0, 0, 0, 0, 0, 0, 0, 0, 0, 0, 0, 0, 0, 0, 0, 0, 0, 0, 0, 0, 0, 0, 0, 0, 0, 0, 0, 0, 0, 0, 0, 0, 0, 0, 0, 0, 0, 0, 0, 0, 0, 0, 0, 0, 0, 0, 0, 0, 0, 0, 0, 0, 0, 0, 0, 0, 0, 0, 0, 0, 0, 0, 0, 0, 0, 0, 0, 0, 0, 0, 0, 0, 0, 0, 0, 0, 0, 0, 0, 0, 0, 0, 0, 0, 0, 0, 0, 0, 0, 0, 0, 0, 0, 0, 0, 0, 0, 0, 0, 0, 0, 0, 0, 0, 0, 0, 0, 0, 0, 0, 0, 0, 0, 0, 0, 0, 0, 0, 0, 0, 0, 0, 0, 0, 0, 0, 0, 0, 0, 0, 0, 0, 0, 0, 0, 0, 0, 0, 0, 0, 0, 0, 0, 0, 0, 0, 0, 0, 0, 0, 0, 0, 0, 0, 0, 0, 0, 0, 0, 0, 0, 0, 0, 0, 0, 0, 0, 0, 0, 0, 0, 0, 0, 0, 0, 0, 0, 0, 0, 0, 0, 0, 0, 0, 0, 0, 0, 0, 0, 0, 0, 0, 0, 0, 0, 0, 0, 0, 0, 0, 0, 0, 0, 0, 0, 0, 0, 0, 0, 0, 0, 0, 0, 0, 0, 0, 0, 0, 0, 0, 0, 0, 0, 0, 0, 0, 0, 0, 0, 0, 0, 0, 0, 0, 0, 0, 0, 0, 0, 0, 0, 0, 0, 0, 0, 0, 0, 0, 0, 0, 0, 0, 0, 0, 0, 0, 0, 0, 0, 0, 0, 0, 0, 0, 0, 0, 0, 0, 0, 0, 0, 0, 0, 0, 0, 0, 0, 0, 0, 0, 0, 0, 0, 0, 0, 0, 0, 0, 0, 0, 0, 0, 0, 0, 0, 0, 0, 0, 0, 0, 0, 0, 0, 0, 0, 0, 0, 0, 0, 0, 0, 0, 0, 0, 0, 0, 0, 0, 0, 0, 0, 0, 0, 0, 0, 0, 0, 0, 0, 0, 0, 0, 0, 0, 0, 0, 0, 0, 0, 0, 0, 0, 0, 0, 0, 0, 0, 0, 0, 0, 0, 0, 0, 0, 0, 0, 0, 0, 0, 0, 0, 0, 0, 0, 0, 0, 0, 0, 0, 0, 0, 0, 0, 0, 0, 0, 0, 0, 0, 0, 0, 0, 0, 0, 0, 0, 0, 0, 0, 0, 0, 0, 0, 0, 0, 0, 0, 0, 0, 0, 0, 0, 0, 0, 0, 0, 0, 0, 0, 0, 0, 0, 0, 0, 0, 0, 0, 0, 0, 0, 0, 0, 0, 0, 0, 0, 0, 0, 0, 0, 0, 0, 0, 0, 0, 0, 0, 0, 0, 0, 0, 0, 0, 0, 0, 0, 0, 0, 0, 0, 0, 0, 0, 0, 0, 0, 0, 0, 0, 0, 0, 0, 0, 0, 0, 0, 0, 0, 0, 0, 0, 0, 0, 0, 0, 0, 0, 0, 0, 0, 0, 0, 0, 0, 0, 0, 0, 0, 0, 0, 0, 0, 0, 0, 0, 0, 0, 0, 0, 0, 0, 0, 0, 0, 0, 0, 0, 0, 0, 0, 0, 0, 0, 0, 0, 0, 0, 0, 0, 0, 0, 0, 0, 0, 0, 0, 0, 0, 0, 0, 0, 0, 0, 0, 0, 0, 0, 0, 0, 0, 0, 0, 0, 0, 0, 0, 0, 0, 0, 0, 0, 0, 0, 0, 0, 0, 0, 0, 0, 0, 0, 0, 0, 0, 0, 0, 0, 0, 0, 0, 0, 0, 0, 0, 0, 0, 0, 0, 0, 0, 0, 0, 0, 0, 0, 0, 0, 1, 1, 1, 1, 1, 1, 1, 1, 1, 1, 1, 1, 1, 1, 1, 1, 1, 1, 1, 1, 1, 1, 1, 1, 1, 1, 1, 1, 1, 1, 1, 1, 1, 1, 1, 1, 1, 1, 1, 1, 1, 1, 1, 1, 1, 1, 1, 1, 1, 1, 1, 1, 1, 1, 1, 1, 1, 1, 1, 1, 1, 1, 1, 1, 1, 1, 1, 1, 1, 1, 1, 1, 1, 1, 1, 1, 1, 1, 1, 1, 1, 1, 1, 1, 1, 1, 1, 1, 1, 1, 1, 1, 1, 1, 1, 1, 1, 1, 1, 1, 1, 1, 1, 1, 1, 1, 1, 1, 1, 1, 1, 1, 1, 1, 1, 1, 1, 1, 1, 1, 1, 1, 1, 1, 1, 1, 1, 1, 1, 1, 1, 1, 1, 1, 1, 1, 1, 1, 1, 1, 1, 1, 1, 1, 1, 1, 1, 1, 1, 1, 1, 1, 1, 1, 1, 1, 1, 1, 1, 1, 1, 1, 1, 1, 1, 1, 1, 1, 1, 1, 1, 1, 1, 1, 1, 1, 1, 1, 1, 1, 1, 1, 1, 1, 1, 1, 1, 1, 1, 1, 1, 1, 1, 1, 1, 1, 1, 1, 1, 1, 1, 1, 1, 1, 1, 1, 1, 1, 1, 1, 1, 1, 1, 1, 1, 1, 1, 1, 1, 1, 1, 1, 1, 1, 1, 1, 1, 1, 1, 1, 1, 1, 1, 1, 1, 1, 1, 1, 1, 1, 1, 1, 1, 1, 1, 1, 1, 1, 1, 1, 1, 1, 1, 1, 1, 1, 1, 1, 1, 1, 1, 1, 1, 1, 1, 1, 1, 1, 1, 1, 1, 1, 1, 1, 1, 1, 1, 1, 1, 1, 1, 1, 1, 1, 1, 1, 1, 1, 1, 1, 1, 1, 1, 1, 1, 1, 1, 1, 1, 1, 1, 1, 1, 1, 1, 1, 1, 1, 1, 1, 1, 1, 1, 1, 1, 1, 1, 1, 1, 1, 1, 1, 1, 1, 1, 1, 1, 1, 1, 1, 1, 1, 1, 1, 1, 1, 1, 1, 1, 1, 1, 1, 1, 1, 1, 1, 1, 1, 1, 1, 1, 1, 1, 1, 1, 1, 1, 1, 1, 1, 1, 1, 1, 1, 1, 1, 1, 1, 1, 1, 1, 1, 1, 1, 1, 1, 1, 1, 1, 1, 1, 1, 1, 1, 1, 1, 1, 1, 1, 1, 1, 1, 1, 1, 1, 1, 1, 1, 1, 1, 1, 1, 1, 1, 1, 1, 1, 1, 1, 1, 1, 1, 1, 1, 1, 1, 1, 1, 1, 1, 1, 1, 1, 1, 1, 1, 1, 1, 1, 1, 1, 1, 1, 1, 1, 1, 1, 1, 1, 1, 1, 1, 1, 1, 1, 1, 1, 1, 1, 1, 1, 1, 1, 1, 1, 1, 1, 1, 1, 1, 1, 1, 1, 1, 1, 1, 1, 1, 1, 1, 1, 1, 1, 1, 1, 1, 1, 1, 1, 1, 1, 1, 1, 1, 1, 1, 1, 1, 1, 1, 1, 1, 1, 1, 1, 1, 1, 1, 1, 1, 1, 1, 1, 1, 1, 1, 1, 1, 1, 1, 1, 1, 1, 1, 1, 1, 1, 1, 1, 1, 1, 1, 1, 1, 1, 1, 1, 1, 1, 1, 1, 1, 1, 1, 1, 1, 1, 1, 1, 1, 1, 1, 1, 1, 1, 1, 1, 1, 1, 1, 1, 1, 1, 1, 1, 1, 1, 1, 1, 1, 1, 1, 1, 1, 1, 1, 1, 1, 1, 1, 1, 1, 1, 1, 1, 1, 1, 1, 1, 1, 1, 1, 1, 1, 1, 1, 1, 1, 1, 1, 1, 1, 1, 1, 1, 1, 1, 1, 1, 1, 1, 1, 1, 1, 1, 1, 1, 1, 1, 1, 1, 1, 1, 1, 1, 1, 1, 1, 1, 1, 1, 1, 1, 1, 1, 1, 1, 1, 1, 1, 1, 1, 1, 1, 1, 1, 1, 1, 1, 1, 1, 1, 1, 1, 1, 1, 1, 1, 1, 1, 1, 1, 1, 1, 1, 1, 1, 1, 1, 1, 1, 1, 1, 1, 1, 1, 1, 1, 1, 1, 1, 1, 1, 1, 1, 1, 1, 1, 1, 1, 1, 1, 1, 1, 1, 1, 1, 1, 1, 1, 1, 1, 1, 1, 1, 1, 1, 1, 1, 1, 1, 1, 1, 1, 1, 1, 1, 1, 1, 1, 1, 1, 1, 1, 1, 1, 1, 1, 1, 1, 1, 1, 1, 1, 1, 1, 1, 1, 1, 1, 1, 1, 1, 1, 1, 1, 1, 1, 1, 1, 1, 1, 1, 1, 1, 1, 1, 1, 1, 1, 1, 1, 1, 1, 1, 1, 1, 1, 1, 1, 1, 1, 1, 1, 1, 1, 1, 1, 1, 1, 1, 1, 1, 1, 1, 1, 1, 1, 1, 1, 1, 1, 1, 1, 1, 1, 1, 1, 1, 1, 1, 1, 1, 1, 1, 1, 1, 1, 1, 1, 1, 1, 1, 1, 1, 1, 1, 1, 1, 1, 1, 1, 1, 1, 1, 1, 1, 1, 1, 1, 1, 1, 1, 1, 1, 1, 1, 1, 1, 1, 1, 1, 1, 1, 1, 1, 1, 1, 1, 1, 1, 1, 1, 1, 1, 1, 1, 1, 1, 1, 1, 1, 1, 1, 1, 1, 1, 1, 1, 1, 1, 1, 1, 1, 1, 1, 1, 1, 1, 1, 1, 1, 1, 1, 1, 1, 1, 1, 1, 1, 1, 1, 1, 1, 1, 1, 1, 1, 1, 1, 1, 1, 1, 1, 1, 1, 1, 1, 1, 1, 1, 1, 1, 1, 1, 1, 1, 1, 1, 1, 1, 1, 1, 1, 1, 1, 1, 1, 1, 1, 1, 1, 1, 1, 1, 1, 1, 1, 1, 1, 1, 1, 1, 1, 1, 1, 1, 1, 1, 1, 1, 1, 1, 1, 1, 1, 1, 1, 1, 1, 1, 1, 1, 1, 1, 1, 1, 1, 1, 1, 1, 1, 1, 1, 1, 1, 1, 1, 1, 1, 1, 1, 1, 1, 1, 1, 1, 1, 1, 1, 1, 1, 1, 1, 1, 1, 1, 1, 1, 1, 1, 1, 1, 1, 1, 1, 1, 1, 1, 1, 1, 1, 1, 1, 1, 1, 1, 1, 1, 1, 1, 1, 1, 1, 1, 1, 1, 1, 1, 1, 1, 1, 1, 1, 1, 1, 1, 1, 1, 1, 1, 1, 1, 1, 1, 1, 1, 1, 1, 1, 1, 1, 1, 1, 1, 1, 1, 1, 1, 1, 1, 1, 1, 1, 1, 1, 1, 1, 1, 1, 1, 1, 1, 1, 1, 1, 1, 1, 1, 1, 1, 1, 1, 1, 1, 1, 1, 1, 1, 1, 1, 1, 1, 1, 1, 1, 1, 1, 1, 1, 1, 1, 1, 1, 1, 1, 1, 1, 1, 1, 1, 1, 1, 1, 1, 1, 1, 1, 1, 1, 1, 1, 1, 1, 1, 1, 1, 1, 1, 1, 1, 1, 1, 1, 1, 1, 1, 1, 1, 1, 1, 1, 1, 1, 1, 1, 1, 1, 1, 1, 1, 1, 1, 1, 1, 1, 1, 1, 1, 1, 1, 1, 1, 1, 1, 1, 1, 1, 1, 1, 1, 1, 1, 1, 1, 1, 1, 1, 1, 1, 1, 1, 1, 1, 1, 1, 1, 1, 1, 1, 1, 1, 1, 1, 1, 1, 1, 1, 1, 1, 1, 1, 1, 1, 1, 1, 1, 1, 1, 1, 1, 1, 1, 1, 1, 1, 1, 1, 1, 1, 1, 1, 1, 1, 1, 1, 1, 1, 1, 1, 1, 1, 1, 1, 1, 1, 1, 1, 1, 1, 1, 1, 1, 1, 1, 1, 1, 1, 1, 1, 1, 1, 1, 1, 1, 1, 1, 1, 1, 1, 1, 1, 1, 1, 1, 1, 1, 1, 1, 1, 1, 1, 1, 1, 1, 1, 1, 1, 1, 1, 1, 1, 1, 1, 1, 1, 1, 1, 1, 1, 1, 1, 1, 1, 1, 1, 1, 1, 1, 1, 1, 1, 1, 1, 1, 1, 1, 1, 1, 1, 1, 1, 1, 1, 1, 1, 1, 1, 1, 1, 1, 1, 1, 1, 1, 1, 1, 1, 1, 1, 1, 1, 1, 1, 1, 1, 1, 1, 1, 1, 1, 1, 1, 1, 1, 1, 1, 1, 1, 1, 1, 1, 1, 1, 1, 1, 1, 1, 1, 1, 1, 1, 1, 1, 1, 1, 1, 1, 1, 1, 1, 1, 1, 1, 1, 1, 1, 1, 1, 1, 1, 1, 1, 1, 1, 1, 1, 1, 1, 1, 1, 1, 1, 1, 1, 1, 1, 1, 1, 1, 1, 1, 1, 1, 1, 1, 1, 1, 1, 1, 1, 1, 1, 1, 1, 1, 1, 1, 1, 1, 1, 1, 1, 1, 1, 1, 1, 1, 1, 1, 1, 1, 1, 1, 1, 1, 1, 1, 1, 1, 1, 1, 1, 1, 1, 1, 1, 1, 1, 1, 1, 1, 1, 1, 1, 1, 1, 1, 1, 1, 1, 1, 1, 1, 1, 1, 1, 1, 1, 1, 1, 1, 1, 1, 1, 1, 1, 1, 1, 1, 1, 1, 1, 1, 1, 1, 1, 1, 1, 1, 1, 1, 1, 1, 1, 1, 1, 1, 1, 1, 1, 1, 1, 1, 1, 1, 1, 1, 1, 1, 1, 1, 1, 1, 1, 1, 1, 1, 1, 1, 1, 1, 1, 1, 1, 1, 1, 1, 1, 1, 1, 1, 1, 1, 1, 1, 1, 1, 1, 1, 1, 1, 1, 1, 1, 1, 1, 1, 1, 1, 1, 1, 1, 1, 1, 1, 1, 1, 1, 1, 1, 1, 1, 1, 1, 1, 1, 1, 1, 1, 1, 1, 1, 1, 1, 1, 1, 1, 1, 1, 1, 1, 1, 1, 1, 1, 1, 1, 1, 1, 1, 1, 1, 1, 1, 1, 1, 1, 1, 1, 1, 1, 1, 1, 1, 1, 1, 1, 1, 1, 1, 1, 1, 1, 1, 1, 1, 1, 1, 1, 1, 1, 1, 1, 1, 1, 1, 1, 1, 1, 1, 1, 1, 1, 1, 1, 1, 1, 1, 1, 1, 1, 1, 1, 1, 1, 1, 1, 1, 1, 1, 1, 1, 1, 1, 1, 1, 1, 1, 1, 1, 1, 1, 1, 1, 1, 1, 1, 1, 1, 1, 1, 1, 1, 1, 1, 1, 1, 1, 1, 1, 1, 1, 1, 1, 1, 1, 1, 1, 1, 1, 1, 1, 1, 1, 1, 1, 1, 1, 1, 1, 1, 1, 1, 1, 1, 1, 1, 1, 1, 1, 1, 1, 1, 1, 1, 1, 1, 1, 1, 1, 1, 1, 1, 1, 1, 1, 1, 1, 1, 1, 1, 1, 1, 1, 1, 1, 1, 1, 1, 1, 1, 1, 1, 1, 1, 1, 1, 1, 1, 1, 1, 1, 1, 1, 1, 1, 1, 1, 1, 1, 1, 1, 1, 1, 1, 1, 1, 1, 1, 1, 1, 1, 1, 1, 1, 1, 1, 1, 1, 1, 1, 1, 1, 1, 1, 1, 1, 1, 1, 1, 1, 1, 1, 1, 1, 1, 1, 1, 1, 1, 1, 1, 1, 1, 1, 1, 1, 1, 1, 1, 1, 1, 1, 1, 1, 1, 1, 1, 1, 1, 1, 1, 1, 1, 1, 1, 1, 1, 1, 1, 1, 1, 1, 1, 1, 1, 1, 1, 1, 1, 1, 1, 1, 1, 1, 1, 1, 1, 1, 1, 1, 1, 1, 1, 1, 1, 1, 1, 1, 1, 1, 1, 1, 1, 1, 1, 1, 1, 1, 1, 1, 1, 1, 1, 1, 1, 1, 1, 1, 1, 1, 1, 1, 1, 1, 1, 1, 1, 1, 1, 1, 1, 1, 1, 1, 1, 1, 1, 1, 1, 1, 1, 1, 1, 1, 1, 1, 1, 1, 1, 1, 1, 1, 1, 1, 1, 1, 1, 1, 1, 1, 1, 1, 1, 1, 1, 1, 1, 1, 1, 1, 1, 1, 1, 1, 1, 1, 1, 1, 1, 1, 1, 1, 1, 1, 1, 1, 1, 1, 1, 1, 1, 1, 1, 1, 1, 1, 1, 1, 1, 1, 1, 1, 1, 1, 1, 1, 1, 1, 1, 1, 1, 1, 1, 1, 1, 1, 1, 1, 1, 1, 1, 1, 1, 1, 1, 1, 1, 1, 1, 1, 1, 1, 1, 1, 1, 1, 1, 1, 1, 1, 1, 1, 1, 1, 1, 1, 1, 1, 1, 1, 1, 1, 1, 1, 1, 1, 1, 1, 1, 1, 1, 1, 1, 1, 1, 1, 1, 1, 1, 1, 1, 1, 1, 1, 1, 1, 1, 1, 1, 1, 1, 1, 1, 1, 1, 1, 1, 1, 1, 1, 1, 1, 1, 1, 1, 1, 1, 1, 1, 1, 1, 1, 1, 1, 1, 1, 1, 1, 1, 1, 1, 1, 1, 1, 1, 1, 1, 1, 1, 1, 1, 1, 1, 1, 1, 1, 1, 1, 1, 1, 1, 1, 1, 1, 1, 1, 1, 1, 1, 1, 1, 1, 1, 1, 1, 1, 1, 1, 1, 1, 1, 1, 1, 1, 1, 1, 1, 1, 1, 1, 1, 1, 1, 1, 1, 1, 1, 1, 1, 1, 1, 1, 1, 1, 1, 1, 1, 1, 1, 1, 1, 1, 1, 1, 1, 1, 1, 1, 1, 1, 1, 1, 1, 1, 1, 1, 1, 1, 1, 1, 1, 1, 1, 1, 1, 1, 1, 1, 1, 1, 1, 1, 1, 1, 1, 1, 1, 1, 1, 1, 1, 1, 1, 1, 1, 1, 1, 1, 1, 1, 1, 1, 1, 1, 1, 1, 1, 1, 1, 1, 1, 1, 1, 1, 1, 1, 1, 1, 1, 1, 1, 1, 1, 1, 1, 1, 1, 1, 1, 1, 1, 1, 1, 1, 1, 1, 1, 1, 1, 1, 1, 1, 1, 1, 1, 1, 1, 1, 1, 1, 1, 1, 1, 1, 1, 1, 1, 1, 1, 1, 1, 1, 1, 1, 1, 1, 1, 1, 1, 1, 1, 1, 1, 1, 1, 1, 1, 1, 1, 1, 1, 1, 1, 1, 1, 1, 1, 1, 1, 1, 1, 1, 1, 1, 1, 1, 1, 1, 1, 1, 1, 1, 1, 1, 1, 1, 1, 1, 1, 1, 1, 1, 1, 1, 1, 1, 1, 1, 1, 1, 1, 1, 1, 1, 1, 1, 1, 1, 1, 1, 1, 1, 1, 1, 1, 1, 1, 1, 1, 1, 1, 1, 1, 1, 1, 1, 1, 1, 1, 1, 1, 1, 1, 1, 1, 1, 1, 1, 1, 1, 1, 1, 1, 1, 1, 1, 1, 1, 1, 1, 1, 1, 1, 1, 1, 1, 1, 1, 1, 1, 1, 1, 1, 1, 1, 1, 1, 1, 1, 1, 1, 1, 1, 1, 1, 1, 1, 1, 1, 1, 1, 1, 1, 1, 1, 1, 1, 1, 1, 1, 1, 1, 1, 1, 1, 1, 1, 1, 1, 1, 1, 1, 1, 1, 1, 1, 1, 1, 1, 1, 1, 1, 1, 1, 1, 1, 1, 1, 1, 1, 1, 1, 1, 1, 1, 1, 1, 1, 1, 1, 1, 1, 1, 1, 1, 1, 1, 1, 1, 1, 1, 1, 1, 1, 1, 1, 1, 1, 1, 1, 1, 1, 1, 1, 1, 1, 1, 1, 1, 1, 1, 1, 1, 1, 1, 1, 1, 1, 1, 1, 1, 1, 1, 1, 1, 1, 1, 1, 1, 1, 1, 1, 1, 1, 1, 1, 1, 1, 1, 1, 1, 1, 1, 1, 1, 1, 1, 1]