0 104 142 144 200 
1 14 106 146 151 207 
2 67 120 127 150 234 
3 19 82 92 
4 41 52 88 122 131 156 275 478 
5 6 24 142 159 212 
6 37 101 114 122 134 154 316 
7 43 104 139 164 
8 93 104 268 
9 40 154 339 442 
10 124 
11 101 134 
12 96 106 108 144 340 
13 34 108 189 
14 22 57 65 104 143 
15 27 115 145 257 341 
16 17 28 56 58 91 111 140 162 351 458 
17 98 129 
18 38 101 116 
19 187 191 256 395 
20 28 67 70 133 145 
21 35 64 78 89 300 
22 28 53 110 192 208 329 
23 58 106 131 132 137 439 
24 29 45 63 87 116 118 186 366 429 
25 52 144 417 
26 134 138 163 165 421 
27 56 79 110 
28 34 66 95 112 299 
29 43 50 65 88 107 130 443 
30 108 144 336 
31 83 161 371 482 
32 80 109 137 160 
33 124 202 414 
34 43 48 119 
35 62 147 178 458 
36 109 122 164 252 
37 56 75 129 384 464 
38 
39 110 
40 62 64 87 92 210 
41 121 124 149 158 
42 58 62 132 383 
43 104 108 153 
44 49 88 100 103 122 
45 51 145 
46 214 
47 89 
48 51 98 
49 99 194 495 
50 65 
51 68 120 126 137 159 380 
52 184 241 
53 64 106 495 
54 306 
55 82 130 155 
56 102 147 149 154 
57 101 275 
58 69 84 286 
59 112 
60 125 141 144 
61 
62 107 
63 88 147 157 
64 92 156 371 
65 130 189 
66 88 93 118 149 
67 87 151 324 394 
68 93 138 492 
69 75 124 143 217 229 380 443 
70 81 128 135 164 
71 109 212 224 360 
72 73 131 145 
73 
74 100 111 123 135 141 
75 123 
76 81 88 91 106 120 131 185 
77 81 133 142 145 162 
78 88 114 
79 129 412 
80 113 136 
81 108 138 
82 114 135 
83 
84 121 184 
85 161 
86 119 125 148 360 
87 
88 125 127 154 397 
89 135 
90 142 155 418 466 
91 160 
92 97 110 124 157 417 
93 133 144 154 163 458 
94 140 
95 135 496 
96 223 428 
97 132 146 
98 322 
99 126 147 322 
100 
101 
102 105 112 159 179 235 378 481 
103 113 
104 460 
105 
106 258 467 
107 108 
108 113 172 347 
109 138 
110 152 220 
111 125 131 140 482 
112 136 159 
113 141 471 
114 133 134 165 
115 149 
116 
117 123 159 471 
118 130 158 159 334 
119 226 
120 149 410 
121 127 
122 212 
123 
124 131 
125 129 153 
126 164 464 
127 
128 154 
129 146 150 
130 
131 304 310 
132 
133 477 
134 147 365 
135 141 158 206 264 
136 153 317 
137 290 318 457 
138 
139 399 
140 204 
141 142 145 255 294 
142 264 
143 155 219 
144 150 154 163 
145 293 
146 154 
147 
148 
149 192 
150 331 475 
151 182 438 
152 
153 154 189 
154 478 
155 
156 164 
157 422 427 
158 443 
159 385 
160 404 490 
161 363 
162 
163 206 266 394 
164 
165 
166 250 312 
167 224 239 281 306 389 
168 198 303 317 322 341 
169 200 269 273 275 308 317 330 
170 173 293 
171 289 290 419 465 
172 308 309 
173 208 226 235 287 
174 220 224 239 258 266 281 307 441 460 
175 182 212 244 323 
176 199 254 287 305 312 329 
177 206 218 232 300 
178 269 398 
179 189 323 
180 287 293 306 
181 192 265 281 299 309 
182 290 305 
183 198 204 205 211 237 270 313 323 326 330 
184 191 193 211 220 250 265 266 276 488 
185 196 198 244 275 325 419 
186 202 208 231 330 
187 208 211 272 300 322 326 
188 497 
189 230 267 296 331 
190 265 
191 233 263 295 
192 250 273 310 314 
193 203 216 252 280 296 329 
194 463 
195 244 273 293 
196 197 240 265 
197 216 291 298 
198 200 212 252 404 
199 224 234 284 
200 234 275 
201 202 221 329 
202 383 
203 482 
204 211 244 264 266 281 289 
205 235 253 258 300 
206 251 253 285 288 325 
207 209 226 227 243 245 286 287 312 323 
208 209 283 291 486 
209 312 321 
210 220 235 291 
211 236 304 
212 213 272 299 
213 245 290 294 298 327 
214 241 272 
215 300 406 
216 251 304 
217 245 264 
218 261 337 
219 255 282 289 346 
220 273 277 309 
221 278 330 
222 
223 245 283 
224 
225 238 253 
226 228 239 380 
227 234 258 295 
228 333 
229 234 303 
230 247 249 255 
231 277 299 
232 238 314 330 
233 237 241 245 312 
234 235 274 289 293 
235 
236 327 393 
237 239 
238 315 
239 243 256 351 
240 254 282 413 
241 
242 274 304 
243 296 
244 258 288 325 330 
245 256 
246 259 262 269 273 276 326 
247 248 284 313 315 327 
248 324 
249 266 376 
250 
251 304 
252 260 331 
253 279 314 349 
254 288 309 314 
255 359 418 
256 312 317 
257 267 277 294 311 
258 272 281 291 445 
259 
260 278 326 
261 338 
262 265 294 304 317 
263 304 309 
264 
265 270 273 298 318 
266 328 400 455 
267 288 419 
268 290 293 
269 310 317 
270 297 471 472 
271 274 286 291 314 
272 276 299 304 313 417 
273 288 
274 303 445 
275 312 
276 292 372 
277 318 
278 
279 300 
280 326 
281 439 
282 
283 289 335 464 
284 292 
285 315 
286 320 329 468 
287 295 345 
288 299 
289 297 
290 327 485 
291 
292 322 
293 301 425 
294 303 316 
295 362 375 
296 494 
297 303 347 
298 489 
299 339 482 
300 301 
301 
302 305 
303 307 313 327 482 
304 308 311 
305 330 366 
306 321 351 
307 333 339 
308 
309 
310 331 377 
311 317 480 
312 
313 
314 
315 
316 413 
317 319 
318 326 372 
319 
320 
321 327 464 
322 327 331 
323 
324 
325 
326 357 363 421 
327 332 
328 
329 363 
330 
331 
332 335 445 452 482 
333 425 443 491 
334 343 365 405 410 441 491 496 
335 337 379 426 482 
336 490 494 
337 424 466 
338 398 413 420 453 454 474 
339 357 360 481 
340 346 446 461 477 493 
341 356 409 416 485 494 
342 401 
343 363 395 430 444 494 
344 389 
345 384 458 
346 448 458 471 
347 371 466 471 
348 447 
349 362 374 404 442 460 484 
350 365 379 401 433 440 468 490 
351 356 413 414 427 440 454 461 
352 359 430 
353 364 387 
354 394 411 428 446 464 
355 394 476 
356 391 422 430 439 
357 360 
358 360 383 385 406 471 
359 391 486 
360 394 414 437 462 492 493 
361 398 447 
362 384 452 
363 386 391 454 461 496 
364 474 
365 384 464 473 478 
366 452 
367 369 416 437 
368 407 478 
369 445 476 
370 381 466 
371 393 410 413 464 466 492 
372 376 
373 438 
374 459 
375 381 472 485 490 494 
376 401 477 
377 404 431 445 451 
378 422 479 
379 382 411 415 434 441 447 489 
380 400 
381 405 418 429 435 480 
382 417 433 482 
383 425 
384 397 414 417 464 
385 392 400 438 467 
386 405 406 434 442 462 
387 460 482 483 
388 391 
389 472 490 
390 418 495 
391 458 
392 399 402 490 
393 399 
394 411 
395 403 473 
396 421 425 457 
397 406 417 451 
398 464 
399 469 480 
400 408 432 449 487 490 
401 418 420 444 
402 459 481 
403 490 496 
404 435 467 485 
405 434 438 
406 440 
407 429 437 455 474 482 
408 463 
409 
410 469 
411 434 449 
412 457 
413 424 464 483 
414 442 472 479 
415 485 
416 419 436 442 463 
417 431 450 486 
418 463 
419 429 433 
420 456 
421 469 494 
422 
423 425 434 496 
424 482 
425 430 452 
426 434 
427 471 
428 429 435 
429 462 464 
430 441 468 478 
431 
432 433 
433 
434 438 457 
435 475 492 
436 
437 
438 467 472 
439 445 482 
440 459 460 485 493 
441 456 
442 465 483 495 
443 
444 477 
445 478 
446 
447 465 
448 464 492 
449 464 
450 492 
451 466 469 
452 464 
453 
454 
455 485 
456 469 494 
457 
458 489 
459 495 
460 493 
461 474 476 
462 471 
463 473 
464 467 
465 470 475 
466 497 
467 
468 
469 487 
470 472 474 477 
471 
472 
473 
474 488 
475 
476 487 
477 485 
478 
479 
480 483 487 
481 
482 
483 484 
484 
485 491 
486 494 
487 
488 
489 490 
490 
491 
492 496 
493 
494 
495 
496 
497 
[0, 0, 0, 0, 0, 0, 0, 0, 0, 0, 0, 0, 0, 0, 0, 0, 0, 0, 0, 0, 0, 0, 0, 0, 0, 0, 0, 0, 0, 0, 0, 0, 0, 0, 0, 0, 0, 0, 0, 0, 0, 0, 0, 0, 0, 0, 0, 0, 0, 0, 0, 0, 0, 0, 0, 0, 0, 0, 0, 0, 0, 0, 0, 0, 0, 0, 0, 0, 0, 0, 0, 0, 0, 0, 0, 0, 0, 0, 0, 0, 0, 0, 0, 0, 0, 0, 0, 0, 0, 0, 0, 0, 0, 0, 0, 0, 0, 0, 0, 0, 0, 0, 0, 0, 0, 0, 0, 0, 0, 0, 0, 0, 0, 0, 0, 0, 0, 0, 0, 0, 0, 0, 0, 0, 0, 0, 0, 0, 0, 0, 0, 0, 0, 0, 0, 0, 0, 0, 0, 0, 0, 0, 0, 0, 0, 0, 0, 0, 0, 0, 0, 0, 0, 0, 0, 0, 0, 0, 0, 0, 0, 0, 0, 0, 0, 0, 1, 1, 1, 1, 1, 1, 1, 1, 1, 1, 1, 1, 1, 1, 1, 1, 1, 1, 1, 1, 1, 1, 1, 1, 1, 1, 1, 1, 1, 1, 1, 1, 1, 1, 1, 1, 1, 1, 1, 1, 1, 1, 1, 1, 1, 1, 1, 1, 1, 1, 1, 1, 1, 1, 1, 1, 1, 1, 1, 1, 1, 1, 1, 1, 1, 1, 1, 1, 1, 1, 1, 1, 1, 1, 1, 1, 1, 1, 1, 1, 1, 1, 1, 1, 1, 1, 1, 1, 1, 1, 1, 1, 1, 1, 1, 1, 1, 1, 1, 1, 1, 1, 1, 1, 1, 1, 1, 1, 1, 1, 1, 1, 1, 1, 1, 1, 1, 1, 1, 1, 1, 1, 1, 1, 1, 1, 1, 1, 1, 1, 1, 1, 1, 1, 1, 1, 1, 1, 1, 1, 1, 1, 1, 1, 1, 1, 1, 1, 1, 1, 1, 1, 1, 1, 1, 1, 1, 1, 1, 1, 1, 1, 1, 1, 1, 1, 2, 2, 2, 2, 2, 2, 2, 2, 2, 2, 2, 2, 2, 2, 2, 2, 2, 2, 2, 2, 2, 2, 2, 2, 2, 2, 2, 2, 2, 2, 2, 2, 2, 2, 2, 2, 2, 2, 2, 2, 2, 2, 2, 2, 2, 2, 2, 2, 2, 2, 2, 2, 2, 2, 2, 2, 2, 2, 2, 2, 2, 2, 2, 2, 2, 2, 2, 2, 2, 2, 2, 2, 2, 2, 2, 2, 2, 2, 2, 2, 2, 2, 2, 2, 2, 2, 2, 2, 2, 2, 2, 2, 2, 2, 2, 2, 2, 2, 2, 2, 2, 2, 2, 2, 2, 2, 2, 2, 2, 2, 2, 2, 2, 2, 2, 2, 2, 2, 2, 2, 2, 2, 2, 2, 2, 2, 2, 2, 2, 2, 2, 2, 2, 2, 2, 2, 2, 2, 2, 2, 2, 2, 2, 2, 2, 2, 2, 2, 2, 2, 2, 2, 2, 2, 2, 2, 2, 2, 2, 2, 2, 2, 2, 2, 2, 2]