0 140 146 180 214 219 
1 191 254 414 
2 42 95 102 119 152 230 238 401 
3 51 99 120 124 219 222 362 
4 73 139 230 
5 10 64 86 129 357 
6 22 65 173 189 215 
7 36 69 80 97 
8 101 167 216 
9 42 78 154 206 
10 20 29 43 47 52 226 
11 46 73 139 162 
12 184 227 
13 241 
14 39 60 
15 58 176 199 387 
16 64 91 148 
17 136 141 154 200 261 
18 76 98 157 192 376 378 
19 20 
20 104 
21 97 125 134 177 186 236 
22 31 181 192 219 
23 78 91 151 166 
24 151 182 228 
25 55 88 147 148 151 246 315 
26 106 160 176 215 284 
27 33 79 176 192 223 229 239 
28 83 200 
29 
30 53 97 162 217 221 314 
31 
32 82 94 113 135 175 199 
33 75 125 150 173 
34 66 123 131 198 204 225 
35 77 83 86 144 174 289 403 
36 66 94 111 146 159 173 191 224 353 
37 112 185 
38 102 115 137 
39 49 94 114 160 168 
40 73 93 102 115 121 151 185 214 219 412 421 
41 168 193 237 
42 106 168 216 
43 99 137 194 196 275 
44 95 134 244 
45 87 98 130 435 
46 78 
47 238 
48 189 444 
49 89 127 173 201 207 222 
50 118 298 
51 87 141 225 359 
52 142 143 192 246 
53 100 126 180 
54 63 130 180 208 217 227 450 
55 205 206 249 
56 230 
57 181 
58 93 
59 76 122 249 493 
60 63 150 232 
61 73 87 186 
62 168 
63 77 112 179 184 
64 192 228 
65 88 90 108 200 
66 174 188 195 361 
67 125 131 171 189 221 223 225 238 
68 74 139 446 
69 97 239 
70 150 
71 106 107 172 174 
72 125 218 248 
73 109 213 215 246 
74 152 222 
75 89 97 191 
76 200 221 243 
77 159 199 212 
78 83 131 232 243 
79 113 182 213 
80 108 141 166 202 
81 108 158 171 
82 
83 85 
84 137 166 182 194 206 217 418 
85 96 107 173 194 484 
86 160 164 187 193 207 
87 133 
88 145 185 202 231 237 
89 111 225 
90 117 213 
91 115 
92 
93 113 
94 98 119 149 192 224 495 
95 102 124 247 
96 112 
97 110 148 149 155 325 
98 146 171 
99 418 
100 123 127 135 159 
101 126 177 422 
102 
103 187 438 
104 225 
105 123 137 139 158 196 226 228 247 436 438 
106 191 202 208 232 
107 
108 171 398 
109 203 237 
110 
111 230 
112 137 191 195 200 452 
113 
114 178 205 273 
115 132 225 226 
116 160 169 234 
117 180 284 
118 178 214 225 
119 122 231 257 
120 198 237 342 434 
121 132 231 240 384 389 
122 202 228 
123 176 217 
124 149 209 224 318 382 
125 
126 
127 137 
128 179 427 
129 143 
130 236 
131 253 
132 150 204 233 
133 162 172 
134 210 
135 150 188 276 
136 182 202 232 
137 244 
138 160 161 197 214 216 367 
139 155 168 
140 159 164 192 
141 223 224 
142 188 249 460 464 
143 232 
144 161 
145 166 246 
146 
147 
148 221 
149 157 163 193 230 
150 236 
151 218 408 
152 197 
153 
154 188 240 368 
155 210 273 
156 166 248 249 
157 189 
158 214 
159 167 184 195 225 426 
160 161 182 234 458 
161 201 
162 245 284 462 
163 175 229 231 247 
164 225 
165 170 
166 186 188 246 
167 244 
168 175 187 210 
169 199 248 
170 171 237 243 
171 180 218 
172 217 219 248 
173 186 205 263 406 
174 216 225 
175 213 265 
176 234 
177 382 
178 181 
179 
180 
181 188 235 
182 206 222 232 
183 231 267 
184 438 
185 202 
186 
187 423 472 
188 
189 221 239 262 379 
190 381 
191 424 443 
192 401 499 
193 
194 230 235 334 487 
195 
196 220 
197 249 
198 200 358 
199 236 
200 
201 247 381 419 
202 214 228 232 235 
203 240 
204 226 227 
205 210 332 
206 300 491 
207 407 
208 486 
209 210 214 479 
210 
211 
212 
213 316 
214 223 234 246 
215 411 
216 
217 245 
218 225 337 
219 
220 245 249 440 
221 
222 
223 
224 
225 
226 
227 465 
228 276 369 
229 477 
230 
231 
232 247 
233 
234 
235 
236 355 
237 417 
238 247 284 
239 
240 245 
241 474 
242 
243 411 
244 
245 319 
246 
247 
248 
249 340 
250 302 317 335 427 441 478 499 
251 324 390 399 462 482 486 
252 276 294 315 372 480 496 
253 269 354 384 422 453 485 486 493 
254 
255 356 391 443 471 476 
256 259 287 370 
257 276 278 295 384 397 440 451 461 484 
258 293 413 
259 374 384 428 
260 373 379 
261 490 
262 280 383 480 
263 323 
264 287 290 430 
265 275 
266 324 326 457 458 
267 283 301 373 432 467 
268 340 490 
269 281 431 
270 297 342 436 457 464 
271 414 479 
272 424 458 
273 321 
274 308 316 354 356 405 416 467 476 
275 375 387 419 443 453 
276 325 355 413 499 
277 367 375 425 
278 316 361 363 373 382 445 471 
279 331 486 
280 431 
281 298 302 
282 373 436 
283 389 418 420 458 
284 473 492 
285 304 326 396 437 
286 309 314 415 477 
287 437 
288 390 432 
289 298 379 473 
290 427 
291 340 389 418 469 493 
292 368 439 
293 312 
294 354 454 491 
295 352 448 
296 311 330 358 365 422 479 490 
297 317 451 464 485 
298 372 444 
299 345 398 410 458 463 
300 471 487 488 
301 366 427 430 436 447 474 494 
302 410 446 490 
303 420 444 
304 305 348 397 497 
305 306 484 
306 322 325 460 
307 328 426 
308 339 462 
309 474 480 
310 318 454 479 
311 315 357 362 418 488 495 
312 401 463 
313 335 366 436 462 
314 319 330 350 385 
315 317 325 393 441 499 
316 359 
317 381 
318 320 363 378 438 439 490 
319 336 369 
320 326 419 420 449 476 
321 403 
322 
323 332 378 420 
324 422 
325 337 473 
326 344 347 427 460 474 483 494 
327 353 393 416 448 489 
328 337 467 
329 407 437 459 
330 409 
331 341 372 
332 357 378 416 420 
333 
334 418 424 433 
335 341 353 354 375 450 
336 464 
337 380 390 434 470 492 
338 390 
339 375 411 
340 355 410 431 451 477 
341 371 429 467 
342 360 444 484 
343 350 491 
344 378 405 476 498 
345 445 446 
346 412 
347 424 441 442 
348 
349 352 377 468 
350 384 385 413 424 480 489 491 495 
351 370 433 
352 410 472 
353 361 369 446 457 494 
354 372 445 497 
355 476 
356 359 
357 427 455 
358 359 378 415 427 470 499 
359 449 485 
360 401 460 
361 378 456 467 490 
362 422 450 462 
363 372 428 
364 431 
365 384 451 
366 382 482 
367 408 435 439 442 480 
368 413 417 425 456 
369 451 464 
370 374 
371 
372 393 433 450 
373 470 493 
374 
375 410 412 
376 406 
377 403 428 430 457 
378 424 426 435 466 
379 
380 393 408 460 
381 446 463 
382 394 413 448 463 
383 485 486 494 
384 433 488 
385 451 
386 389 435 
387 388 
388 419 432 473 
389 394 447 457 
390 412 417 464 
391 398 479 485 
392 
393 405 415 
394 426 445 453 
395 401 473 
396 419 496 
397 476 
398 497 
399 448 456 491 
400 470 
401 
402 
403 
404 
405 429 452 
406 440 
407 477 
408 493 
409 474 
410 417 431 438 444 479 492 498 
411 422 462 475 
412 422 455 
413 415 439 
414 
415 
416 457 475 477 
417 423 
418 
419 468 
420 
421 
422 482 
423 481 485 
424 460 
425 474 
426 457 
427 
428 
429 447 451 491 
430 431 491 
431 
432 
433 
434 
435 464 
436 
437 
438 461 491 
439 470 479 
440 
441 474 
442 498 
443 475 497 
444 
445 469 
446 
447 
448 483 
449 450 483 484 
450 
451 
452 470 481 
453 478 498 
454 
455 493 
456 
457 486 498 
458 475 
459 
460 
461 
462 
463 
464 480 
465 
466 
467 488 
468 
469 
470 
471 490 
472 490 
473 
474 
475 
476 
477 
478 
479 494 
480 
481 487 
482 
483 
484 
485 
486 
487 
488 
489 
490 491 
491 
492 
493 
494 
495 
496 
497 
498 
499 
[0, 0, 0, 0, 0, 0, 0, 0, 0, 0, 0, 0, 0, 0, 0, 0, 0, 0, 0, 0, 0, 0, 0, 0, 0, 0, 0, 0, 0, 0, 0, 0, 0, 0, 0, 0, 0, 0, 0, 0, 0, 0, 0, 0, 0, 0, 0, 0, 0, 0, 0, 0, 0, 0, 0, 0, 0, 0, 0, 0, 0, 0, 0, 0, 0, 0, 0, 0, 0, 0, 0, 0, 0, 0, 0, 0, 0, 0, 0, 0, 0, 0, 0, 0, 0, 0, 0, 0, 0, 0, 0, 0, 0, 0, 0, 0, 0, 0, 0, 0, 0, 0, 0, 0, 0, 0, 0, 0, 0, 0, 0, 0, 0, 0, 0, 0, 0, 0, 0, 0, 0, 0, 0, 0, 0, 0, 0, 0, 0, 0, 0, 0, 0, 0, 0, 0, 0, 0, 0, 0, 0, 0, 0, 0, 0, 0, 0, 0, 0, 0, 0, 0, 0, 0, 0, 0, 0, 0, 0, 0, 0, 0, 0, 0, 0, 0, 0, 0, 0, 0, 0, 0, 0, 0, 0, 0, 0, 0, 0, 0, 0, 0, 0, 0, 0, 0, 0, 0, 0, 0, 0, 0, 0, 0, 0, 0, 0, 0, 0, 0, 0, 0, 0, 0, 0, 0, 0, 0, 0, 0, 0, 0, 0, 0, 0, 0, 0, 0, 0, 0, 0, 0, 0, 0, 0, 0, 0, 0, 0, 0, 0, 0, 0, 0, 0, 0, 0, 0, 0, 0, 0, 0, 0, 0, 0, 0, 0, 0, 0, 0, 1, 1, 1, 1, 1, 1, 1, 1, 1, 1, 1, 1, 1, 1, 1, 1, 1, 1, 1, 1, 1, 1, 1, 1, 1, 1, 1, 1, 1, 1, 1, 1, 1, 1, 1, 1, 1, 1, 1, 1, 1, 1, 1, 1, 1, 1, 1, 1, 1, 1, 1, 1, 1, 1, 1, 1, 1, 1, 1, 1, 1, 1, 1, 1, 1, 1, 1, 1, 1, 1, 1, 1, 1, 1, 1, 1, 1, 1, 1, 1, 1, 1, 1, 1, 1, 1, 1, 1, 1, 1, 1, 1, 1, 1, 1, 1, 1, 1, 1, 1, 1, 1, 1, 1, 1, 1, 1, 1, 1, 1, 1, 1, 1, 1, 1, 1, 1, 1, 1, 1, 1, 1, 1, 1, 1, 1, 1, 1, 1, 1, 1, 1, 1, 1, 1, 1, 1, 1, 1, 1, 1, 1, 1, 1, 1, 1, 1, 1, 1, 1, 1, 1, 1, 1, 1, 1, 1, 1, 1, 1, 1, 1, 1, 1, 1, 1, 1, 1, 1, 1, 1, 1, 1, 1, 1, 1, 1, 1, 1, 1, 1, 1, 1, 1, 1, 1, 1, 1, 1, 1, 1, 1, 1, 1, 1, 1, 1, 1, 1, 1, 1, 1, 1, 1, 1, 1, 1, 1, 1, 1, 1, 1, 1, 1, 1, 1, 1, 1, 1, 1, 1, 1, 1, 1, 1, 1, 1, 1, 1, 1, 1, 1, 1, 1, 1, 1, 1, 1, 1, 1, 1, 1, 1, 1, 1, 1, 1, 1, 1, 1]