#/home/brian/Documents/summer17/Python/VEC/scripts/make_SBM_graphs.py
# GMT Thu Jul 27 21:52:13 2017
# 
0 164 357 44 79 309 311 126
1 33 2 38 487 106 140 429 403 42 116 279 155 252 445
2 8 76 141 109 242 277 375 249 378 318 95
3 68 421 390 295 234 497 18 53 442 485
4 224 482 229 266 331 204 450 45 49 53 170 472 377 394 120
5 323 198 459 397 271 148 277 26 380
6 160 68 134 70 39 44 301 243 213 248 91 476 319
7 162 260 133 8 110 463 402 53 472 90
8 290 115 232 234 462 371 89 251 74
9 258 105 70 232 348 333 398 173 49 350 190 54 87 122 156 126
10 404 459 20 55 487
11 416 321 260 326 72 298 45 175 241 215 446
12 385 290 389 262 103 77 430 432 400 481 375 218 284
13 175 364 429 47 496 179 310 90 219
14 448 451 228 278 296 291 332 493 334 479 59 419 180 86 191 412 223
15 416 323 393 457 380 412
16 256 417 74 267 463 110 47 496 114 275 85 118 152 249 186 155 223
17 97 388 118 200 47 114 116 86
18 485 326 170 294 433 131 446 214 152 58 222
19 482 420 135 298 300 238 239 434 311 157
20 193 66 323 455 376 118 440 25 93 30
21 482 489 306 105 122 91 158 319
22 452 165 268 174 120 243 366 214 88 260 159 60 286 36
23 258 293 102 75 499 217 58 444
24 224 131 36 357 39 297 298 215 178 437 406 119 408 377 217 53 223
25 355 296 234 340 187 186 347
26 214 74 103 234 370 116 374 218 123 284 282 62
27 304 355 199 490 80 314 29 254
28 448 453 361 42 144 498 83 41 279 313 314 156 490 287
29 256 161 315 422 40 361 74 461 110 48 265 380 93 127
30 451 389 486 422 168 142 328 83
31 352 97 36 421 231 73 395 460 429 465 473 61
32 480 225 34 195 357 295 92 206 399 53 474 252 318 159
33 485 134 97 393 139 396 305 370 489 440 414 223
34 256 98 327 338 335 146 182 411 348 319
35 37 359 284 395 135 477 434 211 151 442 175 124 317 126
36 165 324 214 497 43 398 240 248 210 113 122 316
37 171 334 180 185 254
38 131 49 43 300 81 343 476
39 452 133 231 232 43 45 48 116
40 417 361 174 221 48 274 412 252
41 195 359 265 455 109 370 180 314 253
42 380 253 432 209 407 93 287
43 128 160 327 99 395 204 306 179 280 135
44 193 452 423 104 395 204 206 232 156 382
45 162 75 197 266 226 146 407 354 124 61
46 137 403 276
47 65 273 330 171 365 207 82 117 342 314 252 125 414
48 163 389 358 427 109 176 305 203 186 479
49 67 423 327 496 75 195 54 120 91
50 96 165 231 460 236 432 402 308 469 471 185 157
51 496 137 210 68
52 420 101 105 458 172 174 463 240 211 148 53 152 252
53 294 164 402 499 150 311 473 58
54 289 162 131 488 200 236 406 151 90 94
55 421 70 487 423 303 369 115 212
56 160 113 195 477 366
57 288 400 331 391 171 142 431 272 430 472 443 125
58 262 71 329 159
59 288 455 136 492 141 242 180 246 281 287
60 164 261 460 364 357
61 96 225 329 337 211 276 376 120 477 318
62 179 168 426 334 368 146 83 84 93 191
63 128 391 301 335 337 339 315 125
64 237 67 251 394 162 463 465 131 84 286 473 315 298 318 213
65 128 454 231 306 146 150 413
66 184 353 355 262
67 322 484 454 497 231 210 334 418 178 183 68 316
68 392 296 150 119 442 476 157
69 386 451 242 302 466 467 180 313 116 155 477
70 225 98 133 423 429 226 237 210 179 105 120 313 317
71 320 256 194 204 268 77 365 212 185 218 187 410
72 128 192 219 485 321 303 496 146 212 406 315 414
73 323 489 138 471 211 87
74 416 256 262 167 314 203 396 493 76 136 246 155
75 482 293 174 463 240 178 341 473 495 350
76 451 228 487 201 332 462 272 308
77 193 374 491 142 303 336 372 342 187 381
78 427 262 363 396 493 142 336 340 119 276 415
79 297 203 428 209 114 436 469 153 378
80 389 203 370 84 469 312
81 99 293 357 476 458 231 364 495 406 119 88 124 101
82 352 130 227 389 136 427 142 208 399 438 347 254
83 385 116 168 139 396 205 430 365 372 313 153 117
84 227 457 459 347 491
85 161 228 166 103 177 114 403 118 215
86 272 171 132 358 455 459 301 336 115 409 295 191
87 96 229 232 458 364 309 119 315 350
88 128 160 425 459
89 464 451 453 422 323 336 307 182 253 191
90 325 489 458 364 211 437 344 91 460 229
91 321 357 298 237 495 303 315 220 458 447
92 421 111 465 471 286
93 358 198 215 397 494 125 375 127
94 311 322 98 183 333 113 179 471 188 317
95 132 428 180 279 185 251
96 168 393 183 465 370 124
97 352 385 450 332 383 216 249 218 123
98 225 324 357 200 382 429 239 145 158 215 348 317 159
99 408 294 297 240 472 317
100 448 330 302 273 180 347 285 350 191
101 259 293 231 395 236 429 142 173 183
102 128 192 258 291 294 295 296 162 402 149 317 158
103 136 362 203 366 432 360 242 312 412
104 289 263 425 237 366 240 315
105 333 366 276 215 442 350
106 196 358 167 444 492 349 180 252 374 279 440 431 412 445
107 224 165 452 421 424 138 495 400 468 159
108 208 274 371 486
109 426 303 439 218 287
110 486 359 264 235 365 334 245 246 185 351 223
111 288 355 494 404 376 185 381 254 479
112 208 363 396 269 287
113 160 201 206 337 211 405 473 228 152 477 126
114 464 355 228 389 422 298 184 117
115 449 290 484 486 167 233 359 140 397 178 251 253 130
116 290 228 302 176 494 415
117 356 358 361 334 265 441
118 161 450 393 269 216 380 127
119 453 391 169 300 335 400 316 248 357
120 321 387 454 201 271 464 402 435 343 408
121 384 450 227 228 453 230 361 139 483 235 122
122 257 362 243
123 132 166 134 330 276 186 314 218 478 191
124 292 423 327 300 463 497 315
125 257 194 227 485 165 461 207 401 387 406 429 415
126 162 387 337 266 215 489 344
127 374 361 171 268 397 144 209 349 478
128 294 137 495 408 210
129 386 292 295 298 460 237 497 148 189
130 144 227 304 336 375 347 478
131 192 423 236 306 145 473
132 453 455 232 330 186
133 164 239 273 403 474 446
134 227 484 438 330 269 142 493 182 281 229
135 480 289 452 297 266 175 369 214 377 217 298 413
136 256 449 260 198 430 469 438
137 418 238 240 276 474 157 213
138 251 195 231
139 320 491 141 176 209 436 414
140 387 167 233 460 381 144 273 404 303 285
141 251 198 166 199 450 143 274 195 244 182 216 180 427 222
142 167 362 272 374 186
143 288 449 451 262 361 331 307 277
144 389 487 252 304 316 479 247 428
145 224 357 466 210 437
146 229 238 392 178 499 215
147 258 164 425 206 402 437 219
148 195 420 437 395 463 213 311 468 303 350 383
149 482 390 174 437 408 220 357
150 485 173 174 253 470 283 189
151 252 458 366 382 408 348 222
152 364 174 369 339 215 411 380
153 353 419 388 393 323 375 336 457 408 249 410 444 221
154 325 232 394 333 344 248 316 413
155 166 177 459 398 401 250 234
156 452 170 237 366 367 318
157 325 392 400 337 283 357
158 289 169 354 366 402 307 474
159 391 456 266 434 248 473 475 287
160 344 257 456 488 430 434 497 215 319
161 194 228 167 458 334 319 242 275 404 184 347 415
162 169 458 497 317
163 385 451 360 302 336 323 279 345 221
164 239 468 214 343 219
165 290 392 170 239 456 420 249
166 352 196 272 178 247 280 249 222
167 259 198 470 443 287
168 352 356 328 428 205 494 208 278 441 410
169 224 260 418 238 434
170 236 431 471 447 319
171 451 259 234 375 207 209 387 185 412
172 258 421 392 394 497 310 377 411
173 343 174 437 425 410 219 215
174 406 499 409 474 222
175 204 266 492 437 217 222
176 394 279 249 221
177 256 450 438 200 290 246 250 285 181
178 390 425 298 400 344 341 406 316
179 226 420 329 369 215
180 287 307 244 334 246 312 196 490
181 259 484 264 490 469 184 476 330
182 448 323 333 336 246 312 382
183 289 326 300 341 381
184 419 200 290 404 405
185 417 234 397 466 481 431 251 445
186 235 484 404 469 473 440 284
187 200 216 378 479
188 420 292 489 206 433 370 435 382 247 473
189 192 326 339 318
190 354 195 325 206 280 348
191 226 198 426 207 271 313
192 289 260 425 363 333 212
193 452 390 391 458 239 370 248 315
194 330 404 382
195 226 204 240 402 215 345 348
196 384 449 454 328 365 256 278 282 415
197 480 258 393 276 441 446
198 323 425 459 414 249 447 412 478
199 386 331 361 490 363 493 274 404 255
200 233 426 354 431 240 404 438 445 254 255
201 289 355 429 496 339 411
202 480 263 296 429 243 442
203 261 427 332 242 244 469 312 490
204 488 333 402
205 314 453 287
206 456 316
207 448 288 267 417 251
208 272 450 395 399 371 213
209 228 255 466 375 282 347 284 234
210 243 329 298 463 292 475
211 497 366 313 219
212 322 310 215 364 496 488 278 472
213 496 258 391 402 306 475 348
214 433 220
215 258 418 226 335 359 231 493 377
216 352 361 490 365 464 404
217 421 237 240 310 345 219 447
218 387 424 252 494 398 279 444 254
219 322 456 341 367
220 322 406 456 298 395 435 311 344
221 385 462 242 405 414 410 252 254 479
222 292 390 298 241 406 408 283 477
223 386 385 493 302 374 439 309
224 480 240 476 287
225 293 461 237 339 472 350
226 258 460 465 279 474 319
227
228 358 487 233 399 272 368 441 444
229 321 231 236 300 403 344 478
230 385 483 269 399
231 276 439 281 315 298 475
232 236 476 442 286 351
233 328 332 299 462 424 246 279 346
234 359 300 498 244 282 414
235 256 393 305 404 361 412
236 496 446
237 258 272 243 480
238 489 454 327 458 306 338 382
239 326 357 329 309 489 473 315
240 433 283
241 333 496 497 442 411 287
242 262 330 349 441 252 453
243 384 452 357 339 247 475 446
244 401 342 250 314
245 358 432 374 376 412
246 386 358 392 307 372 490 319
247 464 483 332 397 323 346 410
248 394 471 447 317
249 492 281 444
250 320 449 356 486 359 307 275 440 414
251 487 275 432 278 347 253
252 323 265 362 426
253 450 493 397 271 374
254 457 492 370 334 371 462
255 449 451 466 274 307 314 378 285
256 393 268 273 285 414 417 290 424 305 453 455 336 484 486
257 385 413
258 427 335 465 338 344 435
259 459 324 375 346 314 287
260 326 366 392 472 474
261 289 293 456 461 497 297 316
262 448 358 265 498 313
263 295 297 398 335 456 408 319
264 419 388 299 376 445
265 356 487 267 397 494 349 307
266 481 418 433 372 309 345 379 317
267 417 453 487 308 479
268 386 426 401 415 347
269 355 364 299 492 302
270 288 422 370 436 376 308
271 490 368 347
272 384 464 438 479
273 290 323 374 436 438 380
274 401 466 497 284 351
275 448 405 312 476
276 398 280 437
277 351 484
278 459 360 412 415
279 453 353 295 415
280 322 296 460 309 408 475 319
281 288 486 455 328 334
282 416 422 315
283 453 398 370 409 473 315 325
284 484 362 427 373 312 379
285 487 297 347
286 309 382
287 448 493 370 405 407 478
288 384 356 335 432 498 474
289 488 434 437
290 440 363 340 378 379 491 479
291 402 339 437
292 418 294 368 497 406
293 480 322 337 398 447
294 322 326 489 452 317 383
295 327
296 354 392 465 366 477
297 384 496 336 468 310 343 409 442
298 476 498 472 341
299 387 375 397 361 441 346
300 348 364 474 442
301 321 485 495 400 402 437 445
302 454 371 419 438
303 321 335 309 472
304 380 459
305 483 417 370 349
306 327 437 463 311
307 386 355 451 336 370 467 351
308 386 351
309 323 398 408 495
310 352 485 454 458 429 337 315 349
311 495 337 466 367
312 385 487 455 376 440
313 451 426 490
314 417 388 453 360 331 364 430 431 362
315 333
316 322 327 360 395 456
317 454 463
318 344 377
319 328 327 369 446 447
320 440 444 414
321 395 433 364 399 496 402 341
322 496 337
323 343 371 445
324 329 395 335 339 474
325 327 463 344 473
326 392 437 409 442
327 420 454
328 353 387 455 330 332 334 371 479
329 480 474
330 459 430 374
331 353 386 484 397 346
332 393 419 356 464 372 430 412 492
333 404
334 386 358 487 389 450 479
335 394 468 442
336 417 451 359 393 469 346
337 452 339 350 345 442 411
338 456 429 442
339 418 485 401
340 487 457 450 376 443 381
341 435 345
342 352 484 375 436 349
343 485 377
344 452
345 369
346 385 380 351
347 445 479
348 418
349 419 494 415 414
350 497 460
351 363 375 378 415
352 455 464 373 443
353 483 401 414
354
355 486 431
356 416 387 357 467 410
357 386 413
358 494
359 368 465 469
360 386 373
361
362 421 412 432 380
363 421 365 369
364 408 427 406 442
365 491 486 424 368 498 436 375
366 496 379
367 456 425 402
368 375 445
369 423
370 448 441
371 450 457 459 376 378 413
372 448 451 388 430 436 405 444 479
373 391 385
374 497 469 438
375 415
376 430
377 402 475
378 466
379 417 457
380 404 445
381 393 439 443
382 400 477
383 386 486 411
384 448 486 494 404
385 386
386 416 466
387 445
388 396 412
389 484 487
390 480 392 497
391 475 460 495 400
392 461 464 441 446
393 491 445
394 482
395 473 468
396 457 431 494 413 415
397 441 459
398 460 437
399 431 472
400
401 450 439
402 482 406 411
403
404 424
405 453 469 443 478
406 456
407 490 470 439 440 478
408 480 421 465
409 488 413 415
410 463
411 485 474
412 421 469
413
414 487 423 428
415 438 479 478
416 417 451
417
418 423 477
419 457
420 434
421
422 487 438
423 483
424 462 432 440
425 459 434 437
426 428
427 430 479
428 492 478 444
429 445 497
430
431
432
433 471
434 437
435 461 463
436 487 498
437
438
439 464
440 464
441 486
442 456 460
443 453 461
444 466
445
446
447 488 457 471 498 489
448 467
449 459
450
451 491
452 463
453 460 492
454 489 483
455 490 493 462 479
456 497
457
458 472 468 476 473
459 483 472
460
461 475
462
463
464 466
465
466
467 498
468
469 485
470
471
472
473 474
474 488
475 495
476 482
477
478 486 498
479
480
481
482
483
484
485
486
487
488
489
490
491
492 493
493
494
495 497
496
497
498
499
[1, 0, 0, 1, 1, 0, 1, 1, 0, 1, 0, 1, 0, 1, 0, 0, 0, 0, 1, 1, 0, 1, 1, 1, 1, 0, 0, 0, 0, 0, 0, 1, 1, 0, 1, 1, 1, 0, 1, 1, 0, 0, 0, 1, 1, 1, 1, 0, 0, 1, 1, 1, 1, 1, 1, 1, 1, 0, 1, 0, 1, 1, 0, 1, 1, 1, 0, 1, 1, 0, 1, 0, 1, 1, 0, 1, 0, 0, 0, 0, 0, 1, 0, 0, 0, 0, 0, 1, 1, 0, 1, 1, 1, 0, 1, 0, 1, 0, 1, 1, 0, 1, 1, 0, 1, 1, 0, 1, 0, 0, 0, 0, 0, 1, 0, 0, 0, 0, 0, 1, 1, 0, 1, 0, 1, 0, 1, 0, 1, 1, 0, 1, 0, 1, 0, 1, 0, 1, 1, 0, 0, 0, 0, 0, 0, 1, 1, 1, 1, 1, 1, 1, 1, 0, 1, 0, 1, 1, 1, 1, 1, 0, 1, 0, 1, 1, 0, 0, 0, 1, 1, 0, 1, 1, 1, 1, 0, 0, 1, 1, 0, 0, 0, 1, 0, 0, 0, 0, 1, 1, 1, 0, 1, 1, 0, 1, 0, 1, 0, 0, 0, 1, 1, 0, 1, 0, 1, 0, 0, 0, 1, 1, 1, 1, 1, 1, 0, 1, 0, 1, 1, 0, 1, 0, 1, 1, 1, 0, 0, 1, 0, 1, 1, 0, 0, 0, 1, 1, 1, 1, 1, 1, 0, 1, 0, 0, 0, 0, 1, 0, 0, 0, 0, 0, 0, 0, 0, 1, 1, 0, 1, 1, 0, 1, 0, 0, 1, 0, 0, 0, 0, 0, 0, 0, 0, 0, 1, 0, 0, 0, 1, 0, 0, 1, 0, 0, 1, 0, 0, 1, 0, 1, 1, 1, 1, 1, 1, 1, 1, 0, 1, 1, 0, 1, 0, 0, 1, 0, 0, 1, 1, 1, 0, 0, 0, 1, 1, 1, 1, 1, 0, 1, 1, 0, 1, 1, 1, 1, 0, 1, 0, 0, 0, 1, 0, 1, 0, 1, 1, 1, 0, 1, 0, 1, 1, 1, 0, 0, 1, 0, 1, 0, 0, 0, 1, 0, 0, 1, 0, 0, 0, 0, 0, 0, 1, 0, 1, 1, 0, 1, 0, 0, 0, 0, 0, 0, 0, 1, 0, 0, 0, 0, 1, 1, 0, 0, 0, 0, 0, 0, 1, 1, 1, 0, 1, 1, 0, 0, 1, 0, 1, 0, 1, 1, 0, 0, 1, 0, 1, 1, 0, 1, 0, 1, 0, 0, 0, 0, 1, 0, 1, 1, 0, 1, 0, 1, 0, 0, 0, 1, 0, 0, 0, 1, 1, 1, 0, 1, 0, 0, 0, 0, 1, 0, 0, 0, 1, 1, 0, 0, 0, 0, 1, 0, 1, 0, 1, 0, 1, 0, 1, 1, 0, 1, 0, 1, 0, 0, 1, 0, 0, 1, 1, 1, 1, 1, 1, 1, 0, 0, 1, 0, 1, 0, 0, 1, 0, 0, 1, 1, 0, 0, 0, 0, 0, 1, 1, 1, 0, 1]