0 14 82 
1 16 51 56 300 
2 62 164 466 
3 142 153 
4 62 79 125 
5 106 131 
6 83 101 214 
7 44 114 121 364 
8 74 
9 
10 164 
11 
12 55 143 
13 150 
14 37 385 
15 
16 43 55 114 154 
17 85 
18 24 160 164 
19 
20 65 161 232 
21 102 157 202 
22 141 447 
23 24 117 
24 88 464 
25 42 
26 118 
27 42 77 111 405 
28 158 280 
29 82 118 
30 
31 109 128 
32 99 131 164 
33 292 
34 93 
35 44 254 265 
36 109 162 219 
37 
38 
39 59 
40 114 142 453 
41 45 114 149 
42 
43 
44 72 135 
45 145 
46 
47 
48 128 136 
49 384 
50 89 125 
51 58 117 183 213 
52 266 
53 93 115 193 
54 247 438 
55 143 
56 76 328 
57 58 154 161 
58 208 
59 106 
60 161 162 
61 
62 66 93 98 108 
63 
64 194 
65 
66 141 
67 90 231 
68 282 
69 97 105 143 
70 72 145 
71 86 
72 126 444 
73 
74 135 
75 
76 111 
77 118 130 156 
78 112 152 
79 122 163 443 
80 
81 147 
82 
83 156 
84 
85 
86 97 
87 
88 135 161 230 
89 493 
90 129 143 
91 150 399 
92 152 441 461 
93 152 236 
94 
95 
96 
97 154 
98 
99 
100 
101 145 
102 125 143 356 
103 159 
104 431 
105 273 
106 114 148 
107 
108 153 156 
109 491 
110 409 
111 124 211 279 
112 120 
113 134 207 
114 
115 148 150 
116 148 
117 
118 144 
119 159 
120 
121 204 
122 
123 158 
124 464 
125 129 
126 287 
127 
128 
129 150 
130 148 181 
131 158 
132 452 
133 
134 
135 438 
136 467 
137 
138 371 
139 
140 
141 158 
142 364 
143 
144 366 
145 332 
146 
147 
148 154 
149 
150 
151 
152 
153 
154 
155 422 
156 163 
157 
158 165 
159 
160 
161 
162 
163 
164 
165 
166 183 
167 331 355 
168 321 
169 250 288 
170 295 
171 279 
172 
173 181 276 318 
174 
175 
176 295 
177 293 421 
178 305 
179 198 
180 231 
181 
182 217 250 
183 211 220 271 299 
184 266 
185 209 220 266 
186 
187 194 253 311 
188 
189 
190 239 
191 444 
192 452 
193 212 292 
194 229 239 487 
195 200 282 
196 230 289 
197 271 279 323 
198 
199 
200 310 311 
201 204 
202 211 
203 292 
204 
205 325 
206 
207 236 
208 265 
209 233 255 263 278 320 
210 
211 
212 281 446 
213 231 414 
214 255 263 276 282 
215 261 283 328 
216 221 270 277 
217 
218 255 263 297 
219 307 
220 
221 
222 
223 335 
224 303 324 
225 325 338 
226 
227 293 
228 291 293 
229 265 
230 249 292 
231 255 330 
232 314 
233 
234 
235 
236 259 311 
237 
238 317 
239 
240 
241 270 290 
242 263 
243 289 316 
244 
245 266 
246 
247 258 295 316 
248 265 292 
249 
250 342 393 
251 
252 
253 
254 278 
255 298 424 
256 290 
257 
258 263 
259 474 
260 
261 
262 
263 310 322 
264 335 
265 296 
266 
267 
268 
269 
270 
271 300 483 
272 489 
273 316 
274 314 315 320 
275 
276 280 309 328 445 
277 286 
278 
279 324 390 
280 312 
281 
282 
283 
284 
285 442 
286 
287 
288 318 
289 302 328 
290 307 
291 301 
292 
293 313 
294 
295 381 
296 
297 
298 
299 
300 310 
301 
302 
303 415 
304 318 323 
305 
306 
307 319 
308 465 489 
309 
310 315 437 
311 315 
312 392 
313 
314 320 
315 
316 330 
317 
318 
319 474 484 
320 
321 
322 
323 
324 
325 
326 
327 449 
328 
329 
330 
331 
332 376 489 495 
333 346 443 
334 340 492 
335 369 
336 417 
337 457 
338 356 463 475 
339 464 
340 422 
341 
342 470 
343 411 
344 
345 428 454 
346 379 
347 383 
348 396 428 
349 443 
350 383 390 412 434 457 
351 402 410 432 443 470 485 
352 404 
353 
354 362 414 458 
355 385 387 410 
356 408 438 
357 377 471 
358 370 390 414 469 
359 463 
360 393 490 
361 
362 490 496 
363 
364 456 
365 393 418 445 492 
366 429 472 
367 427 462 
368 384 
369 
370 410 459 
371 
372 392 431 474 
373 389 438 
374 
375 492 
376 422 428 491 
377 
378 417 432 464 
379 
380 460 
381 396 419 478 
382 
383 483 
384 424 481 
385 
386 436 452 
387 
388 
389 432 454 471 
390 412 455 
391 
392 
393 
394 438 
395 
396 423 492 493 
397 473 
398 489 
399 438 443 458 
400 416 
401 414 494 497 
402 
403 418 442 
404 418 434 477 482 
405 
406 
407 
408 467 475 
409 426 
410 
411 
412 418 
413 
414 
415 
416 
417 426 
418 424 
419 
420 466 
421 440 452 463 
422 442 
423 481 
424 431 
425 
426 
427 449 458 
428 482 
429 439 452 470 
430 438 462 
431 
432 
433 
434 492 
435 
436 
437 460 
438 452 
439 450 
440 477 
441 472 
442 
443 
444 
445 
446 495 
447 
448 
449 
450 
451 
452 467 
453 
454 471 
455 
456 465 
457 
458 495 
459 
460 493 
461 
462 
463 466 478 
464 
465 
466 
467 
468 
469 486 
470 
471 486 
472 
473 
474 
475 
476 
477 482 494 
478 
479 
480 
481 
482 
483 
484 489 
485 490 
486 
487 
488 
489 
490 497 
491 
492 
493 
494 
495 
496 
497 
[0, 0, 0, 0, 0, 0, 0, 0, 0, 0, 0, 0, 0, 0, 0, 0, 0, 0, 0, 0, 0, 0, 0, 0, 0, 0, 0, 0, 0, 0, 0, 0, 0, 0, 0, 0, 0, 0, 0, 0, 0, 0, 0, 0, 0, 0, 0, 0, 0, 0, 0, 0, 0, 0, 0, 0, 0, 0, 0, 0, 0, 0, 0, 0, 0, 0, 0, 0, 0, 0, 0, 0, 0, 0, 0, 0, 0, 0, 0, 0, 0, 0, 0, 0, 0, 0, 0, 0, 0, 0, 0, 0, 0, 0, 0, 0, 0, 0, 0, 0, 0, 0, 0, 0, 0, 0, 0, 0, 0, 0, 0, 0, 0, 0, 0, 0, 0, 0, 0, 0, 0, 0, 0, 0, 0, 0, 0, 0, 0, 0, 0, 0, 0, 0, 0, 0, 0, 0, 0, 0, 0, 0, 0, 0, 0, 0, 0, 0, 0, 0, 0, 0, 0, 0, 0, 0, 0, 0, 0, 0, 0, 0, 0, 0, 0, 0, 1, 1, 1, 1, 1, 1, 1, 1, 1, 1, 1, 1, 1, 1, 1, 1, 1, 1, 1, 1, 1, 1, 1, 1, 1, 1, 1, 1, 1, 1, 1, 1, 1, 1, 1, 1, 1, 1, 1, 1, 1, 1, 1, 1, 1, 1, 1, 1, 1, 1, 1, 1, 1, 1, 1, 1, 1, 1, 1, 1, 1, 1, 1, 1, 1, 1, 1, 1, 1, 1, 1, 1, 1, 1, 1, 1, 1, 1, 1, 1, 1, 1, 1, 1, 1, 1, 1, 1, 1, 1, 1, 1, 1, 1, 1, 1, 1, 1, 1, 1, 1, 1, 1, 1, 1, 1, 1, 1, 1, 1, 1, 1, 1, 1, 1, 1, 1, 1, 1, 1, 1, 1, 1, 1, 1, 1, 1, 1, 1, 1, 1, 1, 1, 1, 1, 1, 1, 1, 1, 1, 1, 1, 1, 1, 1, 1, 1, 1, 1, 1, 1, 1, 1, 1, 1, 1, 1, 1, 1, 1, 1, 1, 1, 1, 1, 1, 2, 2, 2, 2, 2, 2, 2, 2, 2, 2, 2, 2, 2, 2, 2, 2, 2, 2, 2, 2, 2, 2, 2, 2, 2, 2, 2, 2, 2, 2, 2, 2, 2, 2, 2, 2, 2, 2, 2, 2, 2, 2, 2, 2, 2, 2, 2, 2, 2, 2, 2, 2, 2, 2, 2, 2, 2, 2, 2, 2, 2, 2, 2, 2, 2, 2, 2, 2, 2, 2, 2, 2, 2, 2, 2, 2, 2, 2, 2, 2, 2, 2, 2, 2, 2, 2, 2, 2, 2, 2, 2, 2, 2, 2, 2, 2, 2, 2, 2, 2, 2, 2, 2, 2, 2, 2, 2, 2, 2, 2, 2, 2, 2, 2, 2, 2, 2, 2, 2, 2, 2, 2, 2, 2, 2, 2, 2, 2, 2, 2, 2, 2, 2, 2, 2, 2, 2, 2, 2, 2, 2, 2, 2, 2, 2, 2, 2, 2, 2, 2, 2, 2, 2, 2, 2, 2, 2, 2, 2, 2, 2, 2, 2, 2, 2, 2]