0 1839 
1 2298 
2 
3 4968 
4 745 1162 
5 220 1582 
6 969 
7 
8 1331 
9 2259 
10 470 971 
11 923 
12 397 4310 
13 953 3833 
14 864 2586 
15 597 2282 
16 870 2451 
17 644 1753 2249 
18 1367 
19 2010 
20 1465 
21 1850 
22 883 1005 
23 
24 465 1536 1620 
25 
26 722 853 1768 1882 3389 
27 499 960 4018 
28 446 1129 2262 
29 
30 492 2163 
31 944 4903 
32 1467 2636 4077 
33 1217 
34 
35 3430 
36 324 1717 
37 1739 
38 1654 2265 2487 
39 537 1627 
40 
41 
42 
43 2352 
44 1296 1543 
45 975 1489 1687 
46 2121 
47 570 
48 1544 
49 1599 
50 2247 
51 103 
52 307 
53 
54 543 1599 1730 3928 
55 939 
56 359 772 1888 
57 718 1524 1793 
58 538 3151 
59 
60 196 411 
61 260 
62 81 1818 
63 1901 2817 3487 
64 600 1252 1750 
65 109 810 1370 
66 368 
67 2235 
68 
69 1551 
70 2000 
71 670 2480 
72 1679 2149 
73 2007 
74 262 
75 167 193 668 1102 1770 
76 
77 1620 
78 738 853 1503 1892 
79 1333 
80 
81 813 
82 904 1847 
83 
84 1732 
85 268 4942 
86 1307 
87 680 1203 
88 876 
89 1181 
90 344 
91 1122 1323 3518 
92 542 
93 320 1024 2315 
94 517 919 1359 2328 
95 937 1091 2353 
96 478 1458 1800 1801 2281 
97 
98 731 1123 
99 1903 2237 
100 
101 701 1571 
102 1271 
103 433 
104 
105 844 1589 
106 4369 
107 3817 
108 1661 1994 
109 1250 
110 146 173 1425 2133 
111 
112 735 
113 1494 1950 
114 633 2041 2273 
115 153 2134 2177 
116 818 1395 1943 
117 452 
118 1573 1900 
119 157 2034 2139 
120 2079 
121 
122 
123 1174 2693 
124 268 1160 1342 3438 
125 295 522 
126 
127 1843 
128 
129 141 1106 
130 1201 1569 
131 1081 
132 1619 2282 
133 442 778 850 1832 
134 291 
135 1776 
136 792 988 
137 619 
138 4234 
139 2112 3566 
140 
141 203 557 1519 3358 
142 1871 
143 
144 1060 2177 
145 422 1474 1574 1675 2407 
146 342 1043 4836 
147 1139 
148 
149 401 2479 
150 4456 
151 1944 2261 
152 724 
153 2530 
154 350 1795 2031 
155 508 1265 4733 
156 1706 2527 
157 848 919 
158 667 
159 2287 
160 
161 582 959 1301 
162 3082 3269 
163 2061 
164 1126 1620 2053 
165 2011 
166 445 1287 2240 
167 
168 2350 
169 1697 
170 
171 499 1882 
172 1386 
173 1169 1579 
174 230 1455 
175 1815 2580 
176 896 
177 
178 1882 
179 1182 
180 1601 1805 2205 2462 3797 
181 517 915 1604 
182 
183 
184 
185 201 
186 
187 278 738 
188 
189 853 1866 
190 405 2397 
191 739 
192 718 1302 
193 
194 1118 1453 
195 2436 
196 1991 
197 1002 1147 2459 
198 1743 2354 2387 
199 
200 556 1108 
201 639 
202 
203 204 4836 
204 1279 2144 
205 477 2154 
206 417 598 
207 926 
208 470 754 
209 1911 
210 
211 
212 
213 
214 1573 4382 
215 889 
216 
217 1450 1659 
218 
219 2453 
220 969 1879 
221 
222 369 1005 
223 871 1105 2415 
224 336 1806 4577 
225 1588 2516 
226 
227 406 3581 
228 1186 2183 3767 
229 1751 
230 704 2016 2338 
231 1323 
232 991 
233 998 1478 
234 
235 520 718 1233 
236 908 1838 2099 
237 603 645 
238 
239 620 1638 
240 4317 
241 1182 
242 1943 
243 812 
244 680 884 1287 2442 
245 560 695 2209 
246 1239 1961 2246 
247 
248 1621 
249 
250 551 4171 
251 4451 
252 471 756 3359 
253 
254 
255 402 1593 1829 
256 946 
257 1185 1818 
258 445 
259 
260 
261 
262 
263 2097 4313 
264 463 959 1011 2105 
265 363 2408 
266 
267 415 829 1396 
268 
269 420 950 3107 
270 1481 
271 2363 
272 4531 
273 667 1080 3138 
274 496 1968 
275 
276 
277 2280 
278 419 2017 
279 2115 2224 2440 
280 545 
281 1498 
282 853 1150 1474 
283 
284 432 1893 
285 
286 
287 3124 
288 1449 
289 911 1430 3144 
290 
291 1585 
292 
293 2331 
294 317 2139 
295 
296 629 
297 337 
298 1929 
299 601 910 935 1398 
300 1207 
301 1175 
302 2418 
303 765 4784 
304 904 971 
305 2033 2129 
306 1673 4081 
307 1794 
308 568 
309 1448 
310 436 2302 
311 415 2033 
312 332 1030 1254 1492 3764 4283 
313 740 
314 527 1970 
315 1263 
316 1057 2470 
317 782 1927 
318 1491 
319 1120 1906 2415 
320 831 2165 
321 2495 
322 326 780 879 
323 1217 2076 
324 565 
325 
326 
327 503 
328 4959 
329 946 
330 1686 
331 521 
332 997 
333 2424 
334 900 4529 
335 1027 
336 714 
337 1277 1652 
338 1666 3073 
339 
340 478 2027 
341 787 
342 1384 
343 539 
344 1118 
345 
346 
347 1465 2150 
348 542 
349 1799 2257 
350 
351 423 429 650 1095 1828 2796 
352 1326 
353 402 971 
354 781 
355 1104 
356 1459 1969 2747 4656 
357 1689 
358 
359 
360 1035 1665 
361 
362 1388 3875 
363 869 1137 4708 
364 394 1174 
365 
366 1392 
367 465 783 1137 
368 1639 
369 978 
370 
371 462 
372 1126 1531 2405 
373 
374 
375 2374 
376 1004 
377 1497 
378 725 
379 1182 
380 891 1391 1960 2167 
381 
382 
383 
384 2220 
385 1619 
386 755 
387 3533 
388 854 
389 504 1010 1864 2071 2376 
390 516 
391 
392 1593 
393 1677 2296 
394 2097 
395 877 2906 
396 
397 654 695 
398 539 4705 
399 
400 755 974 2490 
401 1625 2019 
402 2405 
403 490 1611 
404 1337 1341 4681 
405 449 718 1190 1678 
406 
407 1438 
408 1446 
409 2177 
410 1901 
411 1479 
412 662 701 1640 1693 1891 
413 
414 1923 
415 1742 
416 1061 1531 4654 
417 1790 2346 
418 1521 1661 
419 2237 
420 843 
421 
422 1081 
423 577 
424 2321 
425 
426 1709 
427 
428 2097 
429 
430 
431 1516 
432 2499 
433 1241 1590 3923 
434 709 1620 2488 
435 1663 1983 
436 
437 812 
438 2284 
439 2176 
440 
441 1322 1609 1870 
442 525 4334 
443 542 1725 
444 676 1542 
445 2103 
446 492 
447 
448 
449 1371 1555 1717 1962 1985 
450 649 836 
451 1068 1113 
452 
453 1976 
454 1073 
455 1498 1820 2150 
456 
457 506 2387 
458 1800 
459 753 4763 
460 1454 
461 2506 
462 913 
463 2186 2524 
464 478 
465 845 2432 
466 
467 
468 
469 775 1346 
470 768 1144 3099 
471 1102 2297 
472 1384 4075 
473 916 4034 4455 
474 897 1175 
475 1147 1882 
476 
477 513 918 
478 2166 
479 2431 2436 
480 1046 1102 1352 1696 2032 
481 
482 1369 1743 
483 872 873 1170 1381 2275 
484 
485 823 1631 1893 
486 
487 
488 1319 4779 
489 
490 672 885 
491 
492 1018 4369 
493 2394 
494 1530 2189 
495 732 1445 
496 1983 
497 599 759 767 
498 957 
499 1052 1369 
500 1206 
501 1126 
502 824 2350 
503 
504 767 1571 1846 
505 895 960 
506 784 
507 2031 
508 819 1484 2161 
509 1252 
510 
511 
512 780 
513 1019 1858 
514 645 
515 4065 
516 794 894 
517 1486 1968 
518 
519 591 841 
520 1802 
521 667 
522 1239 
523 1723 
524 2035 
525 533 
526 1589 
527 1770 
528 732 
529 
530 885 
531 
532 
533 1031 1702 
534 
535 1840 2263 
536 
537 678 
538 
539 
540 2473 
541 807 
542 
543 1929 2472 
544 2226 
545 1074 2302 
546 2954 
547 1181 
548 802 954 1107 
549 1923 
550 623 
551 1245 2370 3177 
552 
553 
554 2447 
555 
556 
557 1532 1558 1584 2460 
558 
559 
560 901 
561 888 2554 
562 645 2299 
563 647 923 2460 
564 1355 2304 
565 732 1388 
566 984 
567 1111 
568 970 
569 1031 1851 2101 3737 
570 
571 645 
572 1317 3879 
573 3033 
574 2030 
575 955 1600 2491 
576 
577 627 2044 3159 
578 4978 
579 1014 1069 1872 
580 1767 
581 1010 
582 
583 1374 
584 1881 
585 1391 1718 
586 
587 
588 1773 2436 
589 
590 800 
591 1162 2525 
592 
593 748 
594 1799 
595 817 2141 
596 
597 1903 
598 2385 
599 1353 
600 953 1124 2356 
601 747 4131 
602 
603 745 1358 1482 2339 
604 1247 
605 1596 2129 
606 
607 
608 1208 1218 
609 1595 2129 2160 
610 1849 
611 1077 
612 
613 1237 
614 
615 1120 2354 
616 1018 1543 3612 
617 1246 
618 
619 
620 
621 
622 670 1169 2374 
623 1917 
624 1000 1785 2573 
625 
626 
627 1458 
628 2307 
629 726 888 
630 
631 
632 
633 1803 
634 1464 1885 2696 
635 
636 
637 669 2465 
638 
639 1566 
640 1043 1808 2367 
641 1652 
642 1951 
643 2095 
644 1697 
645 919 4163 
646 1029 1866 2089 
647 
648 1222 1512 
649 
650 
651 
652 1381 1667 
653 2928 
654 1420 
655 1569 2152 
656 867 2353 2530 
657 
658 818 3769 
659 1184 
660 1232 2349 
661 766 1974 2485 
662 868 
663 2063 
664 
665 1956 
666 1206 
667 1790 2487 
668 1610 
669 
670 
671 
672 
673 1957 
674 2496 
675 1313 
676 
677 793 
678 
679 1071 1305 3504 
680 1204 1649 
681 1021 
682 850 1739 
683 2087 
684 
685 
686 3617 
687 
688 
689 1876 
690 1601 
691 1582 2118 
692 922 2121 
693 2275 
694 1970 2103 
695 
696 1422 
697 824 1934 
698 1852 
699 
700 1504 
701 1274 1909 
702 
703 863 1189 1334 1378 1788 3437 
704 1602 
705 
706 
707 2228 
708 2166 
709 
710 967 3796 
711 1629 
712 2162 
713 1104 
714 1638 
715 
716 1349 1602 
717 
718 1830 
719 1537 2283 3036 
720 
721 
722 868 
723 1330 
724 
725 
726 972 996 
727 1722 
728 774 1594 
729 972 1102 
730 
731 1631 1869 2118 
732 
733 2596 3581 
734 1533 1570 
735 
736 802 
737 2051 
738 
739 1678 1885 1905 
740 2802 4877 
741 1279 2150 
742 1318 
743 2133 2421 
744 823 1703 
745 1075 1221 
746 1518 2222 
747 
748 1744 
749 
750 
751 2484 
752 893 
753 
754 1595 
755 1444 3655 
756 1216 
757 1227 1404 1412 1720 2020 4178 
758 1587 1810 2049 2492 3646 
759 937 
760 842 1989 2139 
761 1984 
762 818 2077 2290 
763 1883 
764 1618 1791 2006 
765 
766 1539 3466 
767 2085 
768 1420 
769 1283 1752 2331 
770 1403 
771 
772 1168 2208 
773 817 
774 
775 989 
776 
777 1050 1322 2019 2274 
778 
779 1004 1799 
780 
781 1173 1428 
782 
783 
784 797 1216 1925 2839 
785 2181 
786 
787 823 1371 
788 1884 
789 2150 
790 1045 4852 
791 859 
792 1220 
793 840 2465 
794 1498 2425 
795 1027 1476 2237 
796 1416 
797 1100 2341 
798 
799 1518 
800 1807 
801 1043 2268 
802 2120 
803 1117 
804 2254 4372 
805 
806 1261 2782 
807 
808 1682 2249 
809 1293 
810 
811 
812 3326 
813 1752 
814 
815 
816 1715 
817 1606 1784 1814 
818 1367 1574 
819 1758 
820 
821 
822 1508 
823 1953 
824 865 
825 1739 2050 
826 1139 
827 3983 
828 1157 2126 2323 3614 
829 2343 
830 1202 
831 1845 2638 
832 1096 
833 1772 4640 4927 
834 1803 1976 
835 1655 
836 1819 
837 
838 1280 2340 
839 3495 
840 1172 
841 
842 
843 846 
844 
845 
846 1252 1685 
847 2137 
848 
849 2380 
850 2268 
851 
852 2128 3869 
853 
854 2994 
855 1122 1899 
856 1053 1642 1789 
857 1881 
858 
859 1854 
860 1658 4254 
861 1083 1371 1908 2940 3965 
862 
863 
864 1848 2218 2439 
865 1123 1970 2159 3627 
866 
867 
868 1421 3908 
869 1194 
870 
871 
872 
873 1186 2217 
874 
875 1021 
876 2178 2233 
877 1792 2348 
878 957 2301 
879 1267 
880 1114 1906 
881 929 
882 957 1563 1886 
883 1913 2335 
884 
885 1169 1774 
886 2063 2352 
887 1195 1382 1594 1699 
888 1040 
889 1047 1199 1997 2242 
890 3077 
891 1172 4293 
892 
893 
894 1137 
895 1478 2286 
896 
897 2605 3485 3534 
898 956 1518 1902 1948 2285 2494 
899 2185 
900 
901 1339 
902 1653 1769 3976 
903 
904 1613 
905 1299 2302 
906 1971 4274 
907 
908 987 
909 2387 
910 1779 2268 4135 
911 
912 1457 4916 
913 1947 
914 
915 2277 
916 
917 4274 
918 2052 
919 1916 
920 
921 1813 2433 3319 
922 
923 1500 
924 1078 1716 2384 
925 
926 1567 
927 
928 1659 
929 1117 1218 1513 
930 2337 2664 2723 
931 2063 
932 
933 2473 
934 
935 1119 
936 
937 1277 
938 970 1818 
939 
940 
941 3663 
942 1061 1542 
943 
944 1426 3579 
945 1327 
946 
947 1800 2410 
948 1197 2284 
949 1228 1394 1577 1781 
950 
951 2459 
952 1049 
953 
954 2274 2442 
955 
956 
957 1449 2194 
958 1144 1237 2216 
959 
960 
961 
962 1208 
963 2192 
964 1209 
965 
966 
967 1484 
968 2359 
969 
970 
971 
972 
973 
974 2397 
975 1777 3865 
976 
977 
978 
979 2113 
980 
981 1382 
982 1110 1178 1239 1627 2032 
983 1684 2610 
984 2466 
985 1170 2211 
986 2408 
987 1576 2323 
988 
989 1384 1816 
990 
991 2095 
992 1971 2482 
993 2146 
994 2396 4681 
995 2071 
996 1412 1918 
997 
998 3648 
999 
1000 
1001 1006 2290 
1002 
1003 1073 1663 2386 
1004 
1005 2341 
1006 2176 
1007 1014 
1008 1819 2203 4955 
1009 1041 1168 
1010 
1011 1081 
1012 
1013 1270 1738 
1014 
1015 1913 
1016 1051 
1017 1073 1404 
1018 1962 
1019 1680 
1020 
1021 
1022 1135 4246 
1023 3149 
1024 
1025 1029 1233 2822 
1026 4528 
1027 
1028 
1029 1150 1954 
1030 1036 1697 1860 
1031 
1032 1137 2213 
1033 1493 
1034 
1035 1251 1778 
1036 2939 
1037 
1038 1499 
1039 
1040 
1041 1355 2353 2464 
1042 1717 
1043 4375 
1044 1087 
1045 
1046 
1047 
1048 1980 
1049 1184 1538 1834 2260 
1050 1317 
1051 
1052 1448 
1053 3939 4568 
1054 1560 1746 
1055 1942 
1056 2185 
1057 2316 3603 
1058 1834 2180 
1059 
1060 1984 2161 
1061 4380 
1062 
1063 1718 2223 
1064 1088 1510 1680 
1065 1069 1697 1810 1964 2318 2419 
1066 2217 
1067 
1068 2157 
1069 1338 1420 
1070 1420 2537 
1071 
1072 4719 4946 
1073 1895 
1074 1941 
1075 
1076 1166 1837 
1077 3151 
1078 1198 
1079 
1080 1423 
1081 
1082 
1083 1240 
1084 1415 4857 4912 
1085 
1086 
1087 1511 1850 4921 
1088 1193 4721 
1089 
1090 
1091 2158 
1092 1221 2495 
1093 2224 
1094 
1095 1709 
1096 
1097 2452 
1098 4127 
1099 1100 1149 
1100 2341 
1101 1265 1897 
1102 1174 1339 
1103 1210 1691 2116 
1104 1793 
1105 1587 
1106 
1107 1866 2040 
1108 
1109 4667 
1110 1306 
1111 
1112 
1113 1204 1488 
1114 1610 
1115 1620 2441 3540 
1116 1746 
1117 2334 
1118 2174 
1119 1371 1649 
1120 1973 
1121 2105 3833 
1122 
1123 
1124 
1125 1429 2169 
1126 2368 
1127 
1128 1563 
1129 1472 
1130 
1131 1647 
1132 1354 1586 2349 
1133 1669 
1134 
1135 
1136 1198 
1137 1482 3101 
1138 1171 1557 
1139 1836 2598 
1140 
1141 2140 
1142 
1143 
1144 1204 2389 
1145 
1146 1886 
1147 4061 
1148 
1149 2090 2296 
1150 1346 4871 
1151 2052 2199 
1152 1655 1778 
1153 
1154 1225 
1155 2183 
1156 
1157 1708 
1158 2536 3896 
1159 
1160 3688 
1161 
1162 2132 
1163 
1164 4824 
1165 
1166 
1167 1761 2065 
1168 
1169 
1170 1952 2094 
1171 1379 4939 
1172 
1173 
1174 
1175 
1176 1593 
1177 
1178 1208 1394 1572 1691 
1179 2337 
1180 2159 
1181 
1182 2192 
1183 
1184 
1185 
1186 2896 
1187 
1188 1251 2095 
1189 1809 
1190 
1191 
1192 1448 
1193 1448 2350 
1194 1983 
1195 1781 
1196 1960 
1197 1748 1891 
1198 1732 
1199 2483 
1200 1395 1549 2185 3506 
1201 
1202 2262 
1203 
1204 1264 
1205 
1206 2258 
1207 1308 1505 2589 
1208 
1209 1444 
1210 1550 2081 4924 
1211 
1212 
1213 
1214 
1215 
1216 1608 4858 
1217 
1218 1531 
1219 1854 2006 
1220 1247 
1221 1765 
1222 
1223 1296 
1224 
1225 1595 4274 
1226 
1227 1992 2136 
1228 2230 
1229 1424 1688 
1230 
1231 2379 
1232 1537 
1233 
1234 1332 1342 
1235 
1236 1964 
1237 
1238 1747 
1239 
1240 1658 1906 
1241 1886 
1242 
1243 2244 
1244 1860 
1245 
1246 
1247 2079 
1248 
1249 
1250 
1251 
1252 3107 
1253 2482 
1254 
1255 
1256 
1257 1377 
1258 4431 
1259 2361 
1260 2009 2280 
1261 
1262 
1263 1606 
1264 1945 
1265 2158 
1266 1442 
1267 1473 
1268 1327 
1269 1464 
1270 2256 3985 
1271 
1272 
1273 
1274 
1275 
1276 1926 
1277 
1278 2454 3405 
1279 1425 
1280 1505 
1281 
1282 
1283 
1284 2034 
1285 
1286 1588 1812 
1287 
1288 1657 
1289 2207 2584 
1290 1680 2431 
1291 
1292 
1293 
1294 2145 
1295 2433 
1296 
1297 
1298 
1299 1789 2216 2246 
1300 
1301 
1302 
1303 
1304 1351 1899 
1305 2152 3236 
1306 
1307 1470 2346 
1308 1588 2310 
1309 1978 2160 
1310 1586 1677 2548 3444 
1311 
1312 1403 2033 
1313 1420 2239 
1314 
1315 
1316 2434 
1317 
1318 3089 
1319 
1320 1985 
1321 1855 
1322 
1323 
1324 1520 
1325 2027 
1326 2057 
1327 
1328 
1329 2218 2420 4227 
1330 2039 
1331 
1332 
1333 
1334 1359 
1335 
1336 
1337 3063 
1338 
1339 1425 4945 
1340 
1341 2167 
1342 1640 2110 
1343 
1344 
1345 1450 
1346 
1347 
1348 1803 
1349 1358 1400 2786 
1350 
1351 
1352 
1353 
1354 1988 3415 
1355 
1356 
1357 
1358 
1359 1451 3782 
1360 
1361 
1362 
1363 1881 2012 
1364 
1365 1435 1568 2097 2378 
1366 
1367 1992 
1368 1606 2231 2431 
1369 2320 
1370 
1371 1608 1811 2047 2687 
1372 
1373 
1374 1877 
1375 
1376 2074 2138 2285 2349 
1377 1770 2309 
1378 
1379 
1380 
1381 1663 1711 2389 
1382 2147 
1383 1568 
1384 1672 1955 
1385 1865 
1386 
1387 
1388 1434 1498 
1389 
1390 4565 
1391 
1392 
1393 
1394 1514 
1395 4159 
1396 1811 2149 2304 
1397 
1398 2212 2380 2438 
1399 
1400 
1401 1720 2460 
1402 
1403 
1404 1447 2393 
1405 3928 
1406 
1407 
1408 
1409 
1410 
1411 
1412 3886 
1413 1644 1953 4572 
1414 
1415 1573 
1416 
1417 
1418 
1419 1650 
1420 
1421 
1422 
1423 
1424 
1425 2433 
1426 2314 
1427 1534 
1428 2475 
1429 
1430 2102 
1431 
1432 2101 
1433 1518 
1434 1568 
1435 
1436 
1437 1489 2347 
1438 3460 
1439 2492 
1440 
1441 
1442 1790 
1443 1556 1880 2209 
1444 2045 2114 4104 
1445 4706 
1446 1790 
1447 
1448 2324 4699 
1449 
1450 
1451 
1452 
1453 1988 
1454 1505 
1455 
1456 
1457 
1458 
1459 
1460 
1461 1974 
1462 2298 4559 
1463 2469 
1464 2302 4170 
1465 1737 
1466 
1467 1989 
1468 2427 
1469 2404 
1470 2233 3471 
1471 2278 
1472 
1473 1722 2606 
1474 
1475 1623 
1476 1805 
1477 1788 3198 
1478 1684 
1479 2758 
1480 1606 1895 
1481 
1482 
1483 4509 
1484 2301 
1485 1685 
1486 
1487 
1488 
1489 
1490 1980 
1491 
1492 1635 
1493 
1494 
1495 
1496 2113 
1497 2079 
1498 
1499 
1500 1682 2231 2445 
1501 
1502 
1503 1756 
1504 4475 
1505 
1506 
1507 2086 
1508 1952 
1509 3258 3421 
1510 
1511 2494 
1512 1819 
1513 1740 2003 
1514 
1515 
1516 
1517 
1518 
1519 1713 
1520 1925 
1521 
1522 
1523 2526 
1524 
1525 
1526 
1527 1846 2373 2934 
1528 3141 
1529 1734 1779 
1530 
1531 
1532 
1533 2077 
1534 2076 2477 
1535 
1536 2336 2408 
1537 2637 
1538 1695 
1539 2046 2459 
1540 
1541 
1542 4869 
1543 2231 
1544 1966 4934 
1545 
1546 
1547 3665 
1548 
1549 1604 
1550 
1551 
1552 
1553 4020 
1554 
1555 
1556 
1557 1956 
1558 1917 
1559 2176 
1560 2417 
1561 2281 
1562 
1563 
1564 2010 
1565 
1566 1982 2976 
1567 1859 1916 
1568 2423 
1569 
1570 1628 
1571 1851 
1572 
1573 3048 
1574 
1575 2217 
1576 1989 
1577 
1578 
1579 1625 2435 
1580 
1581 2635 
1582 
1583 1937 
1584 2410 
1585 
1586 1674 2333 
1587 1637 2480 
1588 
1589 
1590 1979 
1591 
1592 
1593 4972 
1594 2245 
1595 
1596 
1597 1753 1874 2289 
1598 
1599 
1600 
1601 1871 2309 
1602 
1603 1628 
1604 1894 2117 
1605 
1606 4252 
1607 
1608 
1609 2368 
1610 2266 
1611 
1612 1962 
1613 1948 2093 2205 
1614 
1615 3462 
1616 4214 
1617 2054 
1618 4099 
1619 2093 2469 
1620 
1621 2228 
1622 1742 2037 
1623 
1624 
1625 
1626 
1627 
1628 3284 
1629 1820 1943 2313 
1630 
1631 
1632 4154 
1633 
1634 
1635 2083 
1636 
1637 
1638 1813 
1639 
1640 1696 1849 1965 3072 
1641 
1642 2258 3229 
1643 
1644 1730 
1645 2365 
1646 2303 4436 
1647 
1648 1775 
1649 2484 
1650 1871 3631 
1651 3381 
1652 1732 
1653 
1654 2441 
1655 3624 
1656 
1657 4995 
1658 1967 
1659 
1660 
1661 
1662 
1663 1733 3593 
1664 
1665 
1666 
1667 2265 2484 
1668 1685 
1669 
1670 2475 
1671 2059 
1672 2743 
1673 1765 
1674 2015 
1675 
1676 2414 4342 
1677 2079 
1678 
1679 2170 2389 
1680 
1681 2318 
1682 2313 4005 
1683 2105 
1684 1843 2240 
1685 1931 2038 2217 3082 
1686 
1687 1878 4527 
1688 2437 
1689 1744 
1690 
1691 
1692 2232 
1693 
1694 
1695 
1696 
1697 
1698 1881 2470 
1699 1926 2264 
1700 1977 
1701 1795 2336 
1702 1934 2189 2272 
1703 
1704 1819 2039 2371 
1705 1980 
1706 2163 2986 
1707 
1708 
1709 1891 
1710 2007 2453 
1711 4026 
1712 2170 
1713 
1714 
1715 
1716 2571 
1717 3904 
1718 
1719 
1720 
1721 
1722 2016 
1723 
1724 1826 
1725 3269 
1726 2117 
1727 2409 
1728 
1729 
1730 
1731 2003 3963 
1732 2124 
1733 
1734 1873 
1735 2850 
1736 1795 
1737 
1738 2270 
1739 
1740 1937 
1741 
1742 1967 
1743 
1744 
1745 1765 2968 
1746 2162 2264 
1747 
1748 
1749 1918 2002 3872 
1750 2042 2226 4544 
1751 1936 
1752 4758 
1753 2232 
1754 
1755 4616 
1756 2479 
1757 
1758 
1759 2217 
1760 2116 2124 3105 
1761 
1762 
1763 4494 4946 
1764 
1765 
1766 
1767 
1768 2017 
1769 1780 
1770 2036 
1771 1918 
1772 
1773 
1774 
1775 1932 
1776 
1777 
1778 
1779 2466 
1780 2960 
1781 
1782 
1783 
1784 2453 
1785 2375 
1786 2457 
1787 2132 
1788 1880 2363 
1789 
1790 
1791 
1792 
1793 1822 2047 
1794 
1795 2134 2471 
1796 1928 3587 
1797 
1798 
1799 
1800 
1801 
1802 
1803 4792 
1804 
1805 3224 
1806 
1807 
1808 
1809 2489 
1810 2024 2266 
1811 
1812 4650 
1813 
1814 2129 
1815 2099 
1816 
1817 1840 1911 
1818 
1819 2480 
1820 2342 4727 
1821 
1822 2046 
1823 2180 
1824 
1825 2290 
1826 
1827 
1828 
1829 
1830 
1831 4002 
1832 
1833 2357 
1834 2266 
1835 
1836 2273 
1837 2276 
1838 
1839 
1840 4276 
1841 2026 
1842 2329 
1843 2593 
1844 
1845 
1846 
1847 
1848 4115 
1849 
1850 
1851 
1852 
1853 
1854 
1855 2052 
1856 4740 
1857 
1858 
1859 1862 
1860 2087 
1861 
1862 
1863 
1864 
1865 
1866 
1867 3069 
1868 
1869 
1870 
1871 
1872 
1873 
1874 
1875 2522 
1876 2388 
1877 
1878 2812 
1879 
1880 2102 
1881 2189 2219 
1882 3245 
1883 2378 
1884 
1885 
1886 
1887 
1888 
1889 
1890 
1891 2146 
1892 2177 2312 
1893 2330 
1894 
1895 
1896 
1897 
1898 2124 
1899 3634 4809 
1900 2365 
1901 2366 
1902 1998 
1903 2031 
1904 2258 
1905 
1906 2129 
1907 2108 
1908 
1909 
1910 
1911 2044 2329 
1912 2211 2398 3419 
1913 
1914 2371 
1915 2209 2383 
1916 
1917 
1918 
1919 2158 2424 2433 
1920 2308 
1921 2402 
1922 
1923 1989 1994 
1924 
1925 
1926 2193 2297 
1927 2367 
1928 4587 
1929 2115 2243 2289 
1930 2356 
1931 1951 
1932 2031 
1933 2051 4210 
1934 
1935 
1936 
1937 2077 
1938 
1939 2357 
1940 
1941 2266 
1942 
1943 
1944 2310 
1945 1997 2321 
1946 3553 
1947 
1948 
1949 
1950 2011 
1951 3941 
1952 2461 2879 
1953 
1954 
1955 
1956 2412 
1957 
1958 
1959 
1960 2384 
1961 
1962 2831 
1963 
1964 
1965 2083 
1966 2127 
1967 2033 
1968 
1969 
1970 
1971 2262 
1972 
1973 2185 
1974 2434 
1975 2452 4024 
1976 2300 
1977 
1978 
1979 2264 
1980 
1981 
1982 3145 
1983 
1984 
1985 
1986 2485 
1987 
1988 2549 
1989 2480 3010 
1990 2197 3259 
1991 2024 
1992 2111 4623 
1993 2033 
1994 2286 2525 
1995 
1996 2348 
1997 2338 
1998 
1999 
2000 
2001 
2002 4603 
2003 
2004 
2005 
2006 2052 
2007 
2008 
2009 2173 
2010 
2011 
2012 2037 
2013 3977 
2014 2176 
2015 2178 
2016 
2017 
2018 
2019 2085 2463 
2020 2485 
2021 
2022 
2023 
2024 2288 
2025 
2026 
2027 
2028 4565 
2029 
2030 
2031 
2032 
2033 2187 
2034 
2035 
2036 
2037 
2038 
2039 
2040 
2041 
2042 2287 
2043 
2044 2399 
2045 3225 
2046 
2047 2273 
2048 
2049 3739 
2050 
2051 2415 
2052 
2053 
2054 
2055 2282 
2056 3299 
2057 2410 
2058 
2059 4248 
2060 3608 
2061 2689 
2062 2095 
2063 2183 
2064 2210 
2065 4054 
2066 2476 
2067 
2068 2710 
2069 2311 2442 
2070 
2071 
2072 2300 
2073 
2074 
2075 
2076 2362 3489 
2077 
2078 
2079 
2080 
2081 
2082 2218 2416 
2083 
2084 2114 
2085 
2086 2264 
2087 
2088 
2089 2103 2188 
2090 
2091 2999 
2092 
2093 
2094 
2095 
2096 
2097 2695 3157 
2098 2120 
2099 
2100 
2101 
2102 2161 
2103 
2104 
2105 
2106 
2107 
2108 
2109 
2110 
2111 2440 
2112 
2113 
2114 
2115 
2116 
2117 2450 
2118 2486 
2119 2498 
2120 2315 
2121 4454 
2122 4852 
2123 
2124 
2125 
2126 
2127 
2128 
2129 
2130 
2131 
2132 3710 
2133 2157 
2134 
2135 
2136 
2137 
2138 
2139 2465 
2140 
2141 2154 4497 
2142 
2143 
2144 
2145 
2146 
2147 4857 
2148 
2149 
2150 2299 2374 
2151 
2152 
2153 
2154 
2155 2208 
2156 
2157 
2158 3691 
2159 4804 
2160 2344 
2161 
2162 2373 4225 
2163 
2164 
2165 
2166 4900 
2167 2321 
2168 
2169 2446 
2170 
2171 2426 
2172 
2173 
2174 4415 4550 
2175 
2176 
2177 
2178 2384 
2179 2410 
2180 
2181 
2182 
2183 
2184 2395 
2185 
2186 
2187 
2188 
2189 
2190 
2191 
2192 
2193 
2194 
2195 
2196 2210 
2197 
2198 2948 
2199 4023 
2200 
2201 3476 
2202 
2203 4580 
2204 
2205 
2206 
2207 2404 
2208 
2209 2342 
2210 3881 
2211 2214 
2212 
2213 2344 
2214 
2215 2268 
2216 
2217 
2218 
2219 2400 2787 
2220 
2221 2343 
2222 2477 
2223 
2224 
2225 
2226 3611 
2227 
2228 
2229 3379 
2230 3388 3811 
2231 
2232 
2233 
2234 
2235 
2236 
2237 
2238 
2239 
2240 
2241 
2242 
2243 2320 
2244 
2245 
2246 
2247 
2248 
2249 
2250 
2251 
2252 
2253 
2254 
2255 
2256 
2257 
2258 
2259 
2260 2395 
2261 2635 
2262 4464 
2263 3121 
2264 
2265 
2266 
2267 
2268 
2269 
2270 
2271 4104 
2272 4474 
2273 
2274 
2275 
2276 
2277 
2278 
2279 
2280 
2281 
2282 
2283 
2284 
2285 
2286 
2287 
2288 2345 
2289 2477 
2290 2562 
2291 2469 
2292 
2293 
2294 
2295 
2296 
2297 3974 
2298 
2299 
2300 2524 
2301 
2302 
2303 
2304 
2305 
2306 
2307 
2308 
2309 4976 
2310 
2311 2926 
2312 
2313 
2314 
2315 
2316 3447 
2317 
2318 
2319 
2320 
2321 
2322 
2323 3916 
2324 
2325 
2326 
2327 2595 4087 
2328 3580 
2329 
2330 4748 
2331 
2332 
2333 
2334 
2335 
2336 
2337 
2338 2410 
2339 
2340 
2341 
2342 
2343 
2344 
2345 
2346 
2347 
2348 
2349 
2350 
2351 
2352 
2353 4834 
2354 
2355 2473 
2356 
2357 
2358 
2359 
2360 
2361 
2362 
2363 
2364 
2365 4580 4767 
2366 3469 
2367 
2368 2445 
2369 
2370 
2371 
2372 
2373 
2374 
2375 
2376 
2377 3601 
2378 
2379 
2380 
2381 3637 
2382 
2383 
2384 
2385 2466 
2386 2907 
2387 4462 
2388 
2389 
2390 
2391 
2392 2482 
2393 
2394 
2395 
2396 
2397 
2398 
2399 3775 
2400 
2401 
2402 3588 
2403 
2404 
2405 
2406 
2407 
2408 
2409 
2410 
2411 3555 
2412 
2413 
2414 
2415 
2416 
2417 
2418 
2419 
2420 
2421 
2422 
2423 4270 
2424 
2425 
2426 4154 
2427 
2428 
2429 
2430 
2431 
2432 
2433 
2434 
2435 
2436 
2437 
2438 
2439 
2440 
2441 4805 
2442 2797 3530 
2443 2488 
2444 4130 
2445 
2446 
2447 
2448 
2449 
2450 
2451 2473 
2452 
2453 
2454 
2455 4267 
2456 
2457 
2458 
2459 
2460 
2461 3912 
2462 
2463 
2464 2878 
2465 3463 4096 
2466 
2467 3491 
2468 
2469 
2470 
2471 4102 
2472 2990 
2473 
2474 
2475 
2476 
2477 
2478 
2479 
2480 2870 
2481 
2482 
2483 
2484 
2485 2493 
2486 
2487 4298 
2488 
2489 
2490 
2491 3067 
2492 
2493 
2494 
2495 
2496 
2497 
2498 3121 
2499 
2500 2988 
2501 3925 
2502 2881 3233 
2503 4974 
2504 
2505 3381 4099 
2506 
2507 
2508 4647 
2509 
2510 3003 3074 
2511 3285 3844 4144 
2512 
2513 2820 2940 
2514 3472 3615 3862 
2515 
2516 3431 
2517 2651 2763 3311 3319 
2518 4111 
2519 4057 4524 
2520 2868 3778 4156 
2521 
2522 4254 
2523 3349 3500 3892 
2524 2633 2902 3818 3903 3945 
2525 4813 
2526 3681 4206 
2527 
2528 2735 3062 3790 4254 4910 4931 
2529 2553 3469 
2530 2662 3466 
2531 2862 
2532 2890 
2533 
2534 
2535 3242 4756 
2536 
2537 2933 3769 3864 
2538 4309 4534 4916 
2539 3488 3646 3858 
2540 2839 4625 
2541 3353 
2542 3823 
2543 
2544 
2545 2625 4713 
2546 2615 2884 3854 4417 4869 
2547 3553 3837 
2548 3222 3364 4659 
2549 3644 4573 
2550 3926 4212 4637 4967 
2551 4665 
2552 
2553 3338 3847 
2554 4189 
2555 3775 4239 
2556 3510 4073 
2557 
2558 4681 
2559 3575 4438 
2560 3257 
2561 3682 3997 4202 4834 
2562 
2563 3925 4294 
2564 
2565 3098 4463 4754 
2566 2805 2832 4272 
2567 3712 3938 4927 
2568 3139 3893 4444 
2569 3199 
2570 4637 
2571 
2572 3619 
2573 2684 3665 4692 4896 
2574 3018 
2575 3666 4106 
2576 2784 
2577 3281 4317 4467 
2578 4232 
2579 2896 3757 4015 
2580 3098 3299 
2581 3823 
2582 3506 
2583 3759 4276 
2584 2742 3142 
2585 3939 4089 
2586 4289 4615 
2587 4810 
2588 2861 3067 
2589 4292 
2590 4905 
2591 3581 4072 4450 
2592 2758 4147 4571 4930 
2593 4367 4399 
2594 2843 
2595 3702 
2596 2616 4631 
2597 
2598 3032 
2599 4877 
2600 3288 3913 4654 
2601 3861 4313 
2602 4827 
2603 
2604 3112 
2605 4144 4954 
2606 
2607 4369 
2608 3658 4294 
2609 2868 4033 4707 
2610 2781 
2611 
2612 
2613 3633 
2614 3109 3519 
2615 2700 3449 4475 
2616 2871 
2617 2904 4921 
2618 
2619 4412 
2620 3076 
2621 
2622 2788 
2623 
2624 
2625 2684 
2626 2647 3830 
2627 3125 4215 
2628 2755 2957 4598 
2629 4911 
2630 3673 
2631 
2632 3063 
2633 4212 
2634 4048 4084 
2635 3993 4623 
2636 3706 
2637 3580 3790 4893 
2638 4313 
2639 
2640 2680 
2641 
2642 3109 3827 4875 
2643 3373 4460 
2644 3556 
2645 
2646 
2647 3457 4489 4949 
2648 4560 4949 
2649 3654 4975 
2650 3431 
2651 4138 
2652 4168 
2653 3297 
2654 3504 3950 
2655 4933 
2656 3583 3620 
2657 3689 4373 
2658 3261 
2659 3980 
2660 
2661 4559 
2662 
2663 2919 2993 3251 
2664 2782 3446 4563 
2665 2731 
2666 3923 
2667 2719 2797 3025 
2668 2932 
2669 3046 4053 
2670 
2671 3945 
2672 
2673 
2674 3806 4982 
2675 
2676 4414 
2677 2730 3857 3901 
2678 3491 
2679 3251 3684 4120 
2680 3139 
2681 3842 4586 
2682 3182 4778 
2683 3467 4073 4295 
2684 2812 3707 3834 
2685 4512 
2686 3365 
2687 3534 
2688 
2689 2943 4036 
2690 4349 4520 
2691 
2692 3395 
2693 3413 3681 4292 
2694 
2695 3170 3668 4139 4654 
2696 2835 
2697 3664 
2698 4022 4404 4536 
2699 2941 4481 4670 
2700 3332 3493 
2701 3432 
2702 
2703 
2704 2941 
2705 3088 4352 
2706 3680 4603 
2707 
2708 3033 
2709 3134 
2710 2930 4412 4583 
2711 3039 3615 
2712 
2713 3242 4887 
2714 3093 3289 
2715 
2716 3451 4521 
2717 
2718 3036 3170 
2719 3319 3614 4882 
2720 3074 4213 
2721 4579 
2722 2796 
2723 3604 3805 3825 4092 
2724 3392 
2725 
2726 3204 
2727 4249 
2728 4428 
2729 4375 4852 
2730 2896 3816 
2731 2992 3282 3568 
2732 4458 4731 
2733 2936 4053 4185 
2734 4850 
2735 
2736 3115 3569 3786 3943 
2737 3173 
2738 3850 4310 
2739 3526 4385 
2740 3914 4497 
2741 3071 
2742 
2743 
2744 3798 3810 
2745 
2746 2753 3488 4765 
2747 3281 4139 
2748 3782 
2749 4216 
2750 3052 
2751 
2752 4159 
2753 3182 3614 4512 
2754 4737 
2755 4374 
2756 3181 3843 4905 4909 
2757 4528 
2758 3763 
2759 4975 
2760 
2761 3817 3850 4695 
2762 4240 
2763 4803 
2764 3160 
2765 3108 
2766 4397 
2767 3197 3239 3590 3738 4797 
2768 
2769 3094 3412 3986 
2770 
2771 3347 3594 
2772 3094 3424 
2773 3764 
2774 3691 
2775 3109 3118 3198 4874 
2776 2875 
2777 
2778 4707 
2779 3061 
2780 4569 
2781 3152 4346 4466 
2782 3842 
2783 3267 
2784 4269 4727 
2785 2979 3796 4309 
2786 
2787 3807 3879 3945 4904 4907 
2788 
2789 3387 4184 4882 
2790 4280 
2791 2829 
2792 
2793 4220 4309 4743 
2794 3394 3648 3767 
2795 
2796 4866 
2797 4379 
2798 
2799 
2800 2999 3964 
2801 
2802 2950 
2803 3816 4302 
2804 4345 
2805 3058 3206 4244 
2806 3494 
2807 3691 
2808 3088 3935 
2809 
2810 3013 3133 4212 
2811 4477 4618 4672 
2812 4141 4990 
2813 3452 4520 4795 
2814 3102 
2815 3012 3061 4879 
2816 
2817 
2818 
2819 
2820 3225 
2821 3266 4316 
2822 2897 3402 
2823 4211 
2824 3244 
2825 4887 
2826 
2827 3892 
2828 
2829 4964 
2830 3956 
2831 3089 
2832 
2833 
2834 3266 
2835 2945 3030 4953 
2836 3366 3590 
2837 
2838 4975 
2839 4452 4829 
2840 3449 3678 3960 4084 
2841 3067 
2842 2901 3397 
2843 3460 
2844 3563 
2845 3902 
2846 4993 
2847 3388 
2848 4289 4541 
2849 2921 3771 3804 4108 
2850 4017 4439 
2851 4978 
2852 
2853 4887 
2854 3521 
2855 2928 3669 
2856 3395 3689 4052 
2857 
2858 4767 4912 
2859 4279 4997 
2860 
2861 4319 4669 
2862 3120 4184 
2863 
2864 
2865 3563 
2866 
2867 2935 2967 3744 3894 
2868 
2869 3576 4025 
2870 3372 4375 
2871 
2872 2881 4017 4285 
2873 3741 
2874 3196 3832 
2875 4626 
2876 4362 
2877 3597 3947 
2878 3045 3115 4872 
2879 3592 
2880 3084 
2881 
2882 4333 
2883 
2884 
2885 4299 
2886 3841 
2887 
2888 4459 4651 
2889 4329 
2890 
2891 3232 3378 3403 
2892 3535 3551 4172 
2893 4137 
2894 
2895 4015 
2896 3206 3572 4229 4392 
2897 3649 4889 
2898 4266 
2899 3684 
2900 4335 
2901 4199 
2902 2964 
2903 3031 4491 4899 
2904 3040 3244 4992 
2905 3731 
2906 3288 4329 
2907 4202 
2908 4308 
2909 
2910 4254 
2911 3695 
2912 4342 4737 
2913 
2914 4769 4939 
2915 4028 
2916 3259 4031 
2917 4134 4496 
2918 3566 
2919 3107 3626 4690 4723 
2920 
2921 4535 
2922 
2923 3911 
2924 4261 
2925 3056 
2926 4741 
2927 3912 4679 
2928 3310 3587 3835 
2929 
2930 
2931 3511 4428 
2932 
2933 4731 
2934 3390 
2935 
2936 3209 4539 
2937 3624 
2938 
2939 
2940 
2941 3672 3798 
2942 3303 
2943 
2944 3353 
2945 3008 3235 4039 
2946 
2947 
2948 
2949 
2950 4201 
2951 4414 4971 
2952 4263 
2953 
2954 4640 4725 
2955 3868 
2956 4999 
2957 
2958 4892 
2959 
2960 
2961 3279 
2962 3855 
2963 3194 3565 4283 4742 
2964 3460 4218 
2965 
2966 4024 
2967 
2968 
2969 4915 
2970 
2971 3106 3870 
2972 3020 3990 
2973 4212 
2974 
2975 3012 3710 4894 
2976 
2977 
2978 3326 
2979 
2980 
2981 3887 
2982 3145 
2983 3175 
2984 4313 
2985 3298 3712 
2986 3167 4048 4060 4672 4786 
2987 4151 
2988 4008 4037 
2989 3177 
2990 3521 3578 
2991 
2992 3649 
2993 3447 
2994 4194 4632 
2995 3403 4249 
2996 
2997 3363 3910 
2998 
2999 3718 4152 4274 4572 4782 
3000 3682 3804 
3001 
3002 3341 
3003 
3004 
3005 3930 
3006 4088 4799 4920 
3007 3167 4646 4718 
3008 3476 4017 4504 
3009 3566 
3010 
3011 3305 4229 4937 4981 
3012 4820 
3013 3842 
3014 3481 4446 4614 
3015 3255 4354 
3016 4859 
3017 4000 4256 4771 
3018 3650 3735 4115 
3019 
3020 4970 
3021 3922 
3022 3178 4443 4615 
3023 3536 
3024 3323 
3025 
3026 3847 4300 4716 
3027 3128 
3028 
3029 3493 3668 4161 
3030 3893 4826 
3031 3496 
3032 3399 
3033 4200 
3034 4026 4463 
3035 4393 
3036 
3037 3222 
3038 3635 4157 4433 4468 4671 4731 
3039 3905 4961 
3040 3546 3746 4182 
3041 
3042 3995 
3043 3597 
3044 
3045 3846 
3046 4129 4349 
3047 
3048 
3049 3220 3717 4880 
3050 
3051 3667 3760 
3052 4834 
3053 4062 
3054 
3055 3935 
3056 
3057 3554 3886 4647 
3058 3229 
3059 3895 
3060 3296 
3061 4192 4729 
3062 
3063 3157 3214 3394 4376 
3064 3236 
3065 3230 
3066 
3067 
3068 
3069 
3070 3940 4682 4732 
3071 3823 3842 
3072 3118 
3073 3344 4095 
3074 3881 
3075 
3076 
3077 
3078 
3079 3229 3444 
3080 4920 
3081 3391 
3082 4975 
3083 3578 
3084 3381 
3085 4929 4987 
3086 
3087 
3088 
3089 
3090 4672 
3091 
3092 3588 4676 
3093 
3094 
3095 4214 
3096 
3097 4815 
3098 3228 4569 4841 
3099 3205 3921 4841 
3100 3484 
3101 3995 
3102 3344 
3103 
3104 
3105 4788 
3106 
3107 4020 
3108 
3109 4549 
3110 3836 
3111 3370 
3112 4202 4690 
3113 3295 3401 3549 
3114 4250 
3115 3326 4477 
3116 4057 
3117 
3118 4835 
3119 3199 4735 
3120 4508 
3121 4949 
3122 3167 3895 4904 
3123 
3124 
3125 3638 
3126 3814 4442 
3127 
3128 4918 
3129 
3130 3413 3732 4580 4943 
3131 3305 4062 4701 
3132 4213 
3133 3440 4662 
3134 
3135 
3136 
3137 
3138 
3139 3400 
3140 4091 4374 
3141 
3142 3353 
3143 3446 4947 
3144 3301 4623 
3145 4346 
3146 
3147 
3148 4358 4783 
3149 3988 
3150 4331 
3151 
3152 3293 4646 
3153 3323 4476 
3154 3593 4577 4877 
3155 
3156 3496 4720 
3157 
3158 
3159 4753 
3160 3626 3959 
3161 4465 
3162 
3163 3633 3870 4567 
3164 3817 
3165 3205 3441 4231 
3166 4126 
3167 
3168 4023 
3169 
3170 3929 4178 4387 
3171 3547 4542 
3172 
3173 3711 
3174 
3175 4648 
3176 
3177 
3178 3731 
3179 4155 
3180 3576 4968 
3181 
3182 
3183 
3184 3529 
3185 
3186 4333 
3187 4055 4914 
3188 
3189 
3190 
3191 
3192 3914 
3193 
3194 
3195 3319 3371 
3196 
3197 3207 4221 
3198 3644 
3199 
3200 4953 
3201 4730 
3202 
3203 3272 3301 3705 4344 4491 
3204 4119 4187 4900 
3205 
3206 
3207 
3208 3579 
3209 
3210 3428 
3211 
3212 4335 
3213 3463 4922 
3214 4335 
3215 4459 
3216 
3217 4886 4972 
3218 3727 
3219 4442 
3220 4929 
3221 3441 3903 
3222 4522 
3223 3326 
3224 4780 
3225 4961 
3226 4214 
3227 3749 
3228 4766 4929 
3229 
3230 3482 4031 4033 
3231 4535 
3232 
3233 4535 
3234 
3235 3767 4501 
3236 
3237 
3238 3609 3918 
3239 
3240 3517 4577 
3241 3598 
3242 3262 
3243 
3244 3308 3973 4152 
3245 
3246 
3247 4775 4781 
3248 4169 4222 
3249 4671 
3250 4267 4540 
3251 
3252 3503 
3253 4380 4983 
3254 
3255 3296 
3256 
3257 
3258 
3259 3445 4799 
3260 4007 4613 
3261 3856 4303 4825 
3262 3535 3825 4518 
3263 4125 
3264 
3265 4730 
3266 
3267 3412 
3268 3375 
3269 4582 
3270 3369 
3271 3587 
3272 4661 
3273 3466 
3274 3307 
3275 
3276 4431 4691 
3277 3714 3921 4222 
3278 3298 4861 
3279 4124 4802 
3280 
3281 3348 
3282 
3283 3538 
3284 3633 4103 
3285 
3286 3993 
3287 
3288 3688 4488 
3289 4036 
3290 4073 4821 
3291 3832 4089 
3292 4924 
3293 4052 
3294 
3295 4616 
3296 4441 
3297 
3298 
3299 3765 3820 3954 
3300 3610 
3301 
3302 3557 
3303 
3304 
3305 
3306 3815 
3307 4840 
3308 
3309 
3310 4120 4156 
3311 
3312 
3313 
3314 
3315 3929 
3316 
3317 
3318 3916 4552 
3319 3758 
3320 3589 4191 
3321 3725 
3322 3813 4619 
3323 3888 
3324 4228 4511 
3325 3375 3731 
3326 4363 
3327 
3328 
3329 
3330 3751 3931 4051 
3331 4830 
3332 4402 
3333 4135 4752 
3334 
3335 3546 
3336 3965 4650 
3337 3384 4467 
3338 4774 
3339 3961 4715 
3340 
3341 
3342 3605 
3343 
3344 
3345 
3346 4178 
3347 3560 
3348 4992 
3349 3390 
3350 3857 
3351 3620 
3352 4539 
3353 3684 4915 
3354 
3355 3793 4395 
3356 4169 4344 4919 
3357 3386 
3358 3944 
3359 
3360 4103 
3361 
3362 3792 
3363 3815 
3364 3848 
3365 
3366 3654 
3367 
3368 
3369 4092 4430 
3370 3756 4752 
3371 
3372 4300 4850 
3373 
3374 4396 4718 
3375 
3376 3666 4875 
3377 3576 
3378 
3379 4392 
3380 
3381 4578 
3382 3437 
3383 3585 4905 
3384 4111 
3385 
3386 
3387 4759 
3388 
3389 
3390 3858 
3391 
3392 3890 3956 
3393 3597 
3394 
3395 4252 
3396 4157 
3397 
3398 3928 4377 
3399 
3400 
3401 3745 
3402 4326 
3403 4301 
3404 
3405 
3406 
3407 4959 
3408 3675 3874 4340 
3409 4323 
3410 3664 4418 
3411 4635 
3412 4818 
3413 4726 
3414 3485 3676 
3415 
3416 4056 4465 
3417 4857 
3418 
3419 
3420 3771 4003 
3421 
3422 3884 
3423 
3424 
3425 
3426 3896 
3427 
3428 
3429 3598 3758 4164 
3430 3635 3771 4284 
3431 3578 4524 
3432 3906 
3433 
3434 4143 
3435 3795 3998 
3436 4769 4921 
3437 3879 
3438 3964 3975 
3439 
3440 
3441 
3442 
3443 
3444 3641 4298 
3445 4695 
3446 3930 
3447 3615 3983 4052 4082 
3448 
3449 
3450 3550 3965 4638 
3451 
3452 4683 
3453 4162 4601 
3454 4029 4176 
3455 3725 4333 
3456 
3457 3999 4917 
3458 4496 
3459 
3460 4782 
3461 4514 
3462 3992 4551 
3463 4314 
3464 3493 
3465 4700 
3466 
3467 4565 
3468 4280 4406 
3469 
3470 3586 4544 4775 
3471 4364 
3472 
3473 
3474 3720 4739 4744 
3475 3992 4623 
3476 
3477 
3478 4401 
3479 
3480 
3481 
3482 3748 
3483 4057 
3484 
3485 
3486 4320 
3487 
3488 
3489 3765 
3490 
3491 4918 
3492 4450 
3493 3561 
3494 4091 
3495 
3496 
3497 3627 3757 
3498 4760 
3499 
3500 
3501 
3502 4236 
3503 
3504 3833 
3505 
3506 3588 3720 3761 4325 
3507 4974 
3508 
3509 3650 4472 
3510 
3511 
3512 
3513 4126 
3514 3556 
3515 
3516 
3517 
3518 4751 
3519 4912 
3520 
3521 3760 
3522 4327 4494 
3523 4042 4267 4423 
3524 
3525 
3526 4744 4971 
3527 3973 
3528 4111 
3529 4058 
3530 
3531 
3532 3939 
3533 3788 
3534 3967 4821 
3535 3960 4171 
3536 4578 
3537 3717 
3538 3805 4133 4553 
3539 4282 4536 4727 
3540 3896 
3541 4412 
3542 3643 3740 
3543 
3544 
3545 4905 
3546 3759 4822 
3547 3585 
3548 3698 
3549 
3550 3554 
3551 4357 4565 
3552 
3553 4713 
3554 4947 
3555 
3556 4532 4842 
3557 3704 4214 4864 
3558 
3559 3679 4140 4681 4903 
3560 
3561 3857 
3562 
3563 
3564 
3565 4353 4486 
3566 
3567 4204 
3568 4537 
3569 3908 4420 
3570 3745 4522 
3571 3636 4916 
3572 
3573 3756 4852 
3574 
3575 3903 
3576 4158 
3577 
3578 4434 
3579 
3580 4082 
3581 
3582 
3583 4432 4565 
3584 
3585 
3586 
3587 
3588 4471 
3589 
3590 3716 3870 4968 
3591 4895 
3592 
3593 
3594 
3595 4034 
3596 4233 4431 
3597 3641 4245 4379 
3598 4016 4852 
3599 
3600 3842 
3601 
3602 
3603 3744 4765 
3604 
3605 
3606 
3607 
3608 4049 
3609 
3610 4342 
3611 
3612 
3613 
3614 4286 
3615 
3616 3918 
3617 4777 
3618 
3619 
3620 
3621 
3622 
3623 
3624 4644 
3625 4244 4900 
3626 
3627 
3628 3759 4516 
3629 4133 4300 4860 
3630 
3631 
3632 4026 
3633 4683 
3634 
3635 
3636 
3637 
3638 
3639 4582 
3640 3754 
3641 
3642 3871 
3643 4017 
3644 
3645 
3646 
3647 3953 
3648 4091 
3649 
3650 
3651 4603 
3652 3849 4551 
3653 
3654 
3655 3851 
3656 4566 4841 
3657 3745 4093 
3658 4913 
3659 
3660 
3661 
3662 4301 
3663 
3664 3670 
3665 
3666 
3667 3867 
3668 
3669 4397 
3670 4266 
3671 3890 
3672 4217 
3673 4620 
3674 3701 4099 
3675 
3676 
3677 
3678 4424 
3679 4672 
3680 4370 4651 
3681 4422 
3682 4000 
3683 4072 
3684 
3685 4336 
3686 
3687 
3688 4478 4598 
3689 3897 4099 
3690 
3691 
3692 
3693 
3694 3816 4860 
3695 
3696 
3697 3803 4829 
3698 4521 
3699 4566 
3700 
3701 
3702 4673 
3703 3996 4006 
3704 
3705 4327 4349 
3706 
3707 4397 4805 
3708 
3709 
3710 3782 
3711 
3712 4056 
3713 4553 
3714 4546 4783 
3715 
3716 4193 
3717 4901 
3718 
3719 3944 
3720 3928 
3721 4317 
3722 
3723 4220 
3724 
3725 3971 
3726 
3727 4452 
3728 3797 
3729 
3730 3808 4594 4886 
3731 4105 
3732 3989 4062 
3733 
3734 4993 
3735 4022 4164 
3736 
3737 4464 
3738 
3739 
3740 
3741 3898 
3742 4918 
3743 4242 4436 
3744 3975 
3745 
3746 
3747 
3748 
3749 
3750 
3751 4295 
3752 
3753 4936 
3754 4419 4646 
3755 4931 
3756 
3757 
3758 3778 4423 4617 4645 
3759 
3760 
3761 
3762 3952 4352 4453 
3763 4788 4838 
3764 4595 
3765 
3766 
3767 
3768 
3769 
3770 
3771 
3772 
3773 
3774 
3775 
3776 4547 4809 4955 
3777 
3778 4290 4338 
3779 4566 
3780 
3781 
3782 3917 
3783 
3784 4458 
3785 
3786 3935 
3787 
3788 4324 
3789 
3790 4137 4294 
3791 
3792 4142 4985 
3793 4035 4499 4564 
3794 4715 
3795 3905 4804 
3796 3927 4167 
3797 
3798 3934 
3799 4707 
3800 
3801 4948 
3802 3858 
3803 
3804 4087 4588 
3805 4923 
3806 4517 
3807 4175 4509 4600 
3808 
3809 
3810 4999 
3811 
3812 
3813 4033 4193 4500 
3814 4866 
3815 
3816 
3817 3875 4557 4607 4774 
3818 
3819 
3820 
3821 4349 
3822 
3823 
3824 
3825 4883 
3826 4827 
3827 
3828 
3829 4612 4770 
3830 
3831 4325 
3832 4062 4734 
3833 4897 4985 
3834 
3835 
3836 
3837 
3838 4397 
3839 
3840 
3841 
3842 
3843 4430 
3844 4521 
3845 4188 
3846 
3847 
3848 
3849 
3850 
3851 
3852 4908 
3853 4171 4391 
3854 
3855 
3856 4198 
3857 3990 
3858 
3859 3962 4949 
3860 
3861 4513 
3862 
3863 
3864 
3865 4552 4892 
3866 
3867 
3868 
3869 4196 4765 4880 
3870 
3871 4667 
3872 
3873 
3874 3964 4139 
3875 4358 
3876 4681 4683 
3877 
3878 4161 4651 4665 
3879 4187 
3880 4523 
3881 4124 
3882 
3883 
3884 
3885 
3886 4097 
3887 4160 4168 4456 
3888 4088 4604 
3889 4453 4522 4902 4992 
3890 4230 
3891 
3892 
3893 4024 4962 
3894 4803 
3895 
3896 
3897 4442 
3898 4692 
3899 4174 
3900 
3901 4085 4740 
3902 
3903 4345 
3904 
3905 
3906 4859 
3907 
3908 
3909 4675 
3910 3921 
3911 
3912 
3913 
3914 4008 4685 
3915 
3916 4269 
3917 
3918 4046 
3919 
3920 3930 4103 
3921 4031 4046 
3922 4770 
3923 4273 
3924 
3925 
3926 
3927 3928 4839 
3928 
3929 
3930 
3931 
3932 
3933 
3934 
3935 4276 
3936 4127 
3937 
3938 4440 
3939 
3940 4359 
3941 
3942 4104 4150 
3943 
3944 4339 
3945 4114 
3946 4031 4853 
3947 
3948 4011 
3949 4839 
3950 
3951 
3952 4453 
3953 
3954 4047 4586 
3955 
3956 
3957 
3958 4126 4134 4247 
3959 
3960 
3961 
3962 4568 
3963 
3964 
3965 4010 
3966 
3967 
3968 
3969 
3970 
3971 3999 
3972 
3973 4471 
3974 
3975 
3976 
3977 4010 4856 
3978 4310 
3979 
3980 4294 
3981 4178 
3982 
3983 4034 4636 
3984 
3985 
3986 4322 
3987 4234 4551 4830 
3988 4377 
3989 
3990 
3991 4402 
3992 4317 
3993 
3994 4985 
3995 
3996 4462 
3997 
3998 4236 
3999 
4000 
4001 
4002 
4003 4402 4530 
4004 4710 
4005 4376 
4006 4357 
4007 
4008 4147 
4009 
4010 
4011 
4012 4767 
4013 4464 
4014 4445 
4015 4576 
4016 
4017 4477 
4018 4315 
4019 
4020 4079 
4021 4735 
4022 
4023 4982 
4024 4261 
4025 4100 
4026 4598 
4027 4815 
4028 
4029 4706 
4030 
4031 
4032 4774 
4033 
4034 
4035 
4036 
4037 4362 4708 
4038 4637 
4039 
4040 
4041 4383 
4042 4064 
4043 
4044 
4045 
4046 4567 
4047 
4048 
4049 
4050 
4051 
4052 
4053 
4054 
4055 4893 
4056 
4057 
4058 4643 
4059 
4060 
4061 4789 
4062 4706 
4063 
4064 4079 4787 
4065 4170 
4066 
4067 4142 4148 
4068 
4069 4607 
4070 
4071 
4072 
4073 
4074 
4075 
4076 4843 
4077 4145 
4078 
4079 
4080 4659 
4081 
4082 4183 4595 4624 
4083 
4084 4554 
4085 
4086 4513 
4087 
4088 4385 4891 
4089 4634 
4090 4188 
4091 
4092 
4093 4107 
4094 
4095 
4096 4863 
4097 
4098 
4099 
4100 
4101 
4102 
4103 
4104 
4105 
4106 
4107 4839 
4108 4221 4776 
4109 
4110 4257 
4111 
4112 4133 
4113 4967 
4114 
4115 
4116 4307 
4117 
4118 4132 
4119 4165 
4120 4995 
4121 4314 
4122 
4123 4190 
4124 
4125 
4126 
4127 4321 
4128 4668 
4129 4375 
4130 4316 
4131 
4132 4899 
4133 4584 
4134 
4135 
4136 
4137 4493 
4138 
4139 4176 
4140 
4141 4323 
4142 
4143 4562 
4144 
4145 
4146 
4147 
4148 4195 
4149 
4150 
4151 
4152 4979 
4153 
4154 4978 
4155 4676 
4156 
4157 
4158 4418 
4159 4265 
4160 
4161 4614 
4162 
4163 4420 4720 
4164 
4165 
4166 4290 4428 4913 4979 
4167 4665 
4168 
4169 
4170 4888 
4171 4634 
4172 
4173 4360 4663 4954 
4174 
4175 
4176 
4177 
4178 4184 4770 
4179 4717 
4180 
4181 
4182 4204 4435 
4183 
4184 4528 
4185 
4186 4833 
4187 
4188 4338 
4189 
4190 4217 
4191 4274 
4192 
4193 
4194 4547 
4195 
4196 
4197 
4198 
4199 4971 
4200 
4201 
4202 4705 4920 
4203 4526 
4204 
4205 
4206 4270 
4207 
4208 
4209 
4210 
4211 4516 
4212 
4213 
4214 4347 4523 
4215 4998 
4216 4977 
4217 
4218 
4219 
4220 4231 
4221 4956 
4222 
4223 
4224 4481 
4225 4938 
4226 
4227 4768 
4228 
4229 4939 
4230 
4231 
4232 
4233 4860 
4234 4539 4631 
4235 4405 
4236 4712 4816 
4237 4960 
4238 4703 
4239 4693 
4240 4472 4572 
4241 
4242 4695 
4243 
4244 
4245 4324 
4246 4458 
4247 4496 4832 
4248 4252 
4249 
4250 
4251 
4252 
4253 
4254 
4255 
4256 
4257 4682 4876 
4258 4548 4932 
4259 
4260 
4261 4471 4639 
4262 
4263 
4264 
4265 
4266 4631 
4267 4432 4924 4949 
4268 4917 
4269 
4270 4539 
4271 4345 4767 
4272 
4273 
4274 
4275 4427 
4276 
4277 
4278 
4279 4720 4783 
4280 
4281 
4282 4356 
4283 
4284 4307 
4285 4855 
4286 4316 
4287 4526 4847 
4288 
4289 4727 
4290 4373 
4291 4770 
4292 4622 
4293 
4294 4685 4875 
4295 
4296 4319 
4297 4584 4594 
4298 
4299 
4300 4478 
4301 4348 
4302 
4303 
4304 
4305 4845 
4306 
4307 
4308 
4309 4830 
4310 
4311 
4312 4632 4923 
4313 4434 
4314 
4315 
4316 
4317 4709 
4318 
4319 
4320 
4321 4799 
4322 
4323 
4324 
4325 
4326 
4327 
4328 
4329 
4330 
4331 
4332 4634 
4333 4471 
4334 
4335 
4336 4706 
4337 
4338 
4339 4724 
4340 4701 
4341 
4342 
4343 
4344 
4345 4529 
4346 
4347 4511 
4348 4477 
4349 
4350 
4351 4878 
4352 4592 
4353 
4354 
4355 
4356 
4357 
4358 
4359 4699 
4360 
4361 
4362 
4363 
4364 
4365 
4366 4377 4886 
4367 
4368 
4369 4760 
4370 
4371 
4372 
4373 4802 4827 
4374 4765 
4375 
4376 
4377 4456 
4378 
4379 
4380 4724 
4381 
4382 
4383 4438 4515 
4384 4602 
4385 
4386 
4387 4917 
4388 4819 
4389 
4390 
4391 4597 
4392 
4393 
4394 
4395 4899 
4396 
4397 
4398 4635 
4399 4487 
4400 
4401 
4402 4544 
4403 
4404 
4405 
4406 
4407 
4408 4975 
4409 
4410 
4411 
4412 
4413 
4414 
4415 
4416 
4417 4463 
4418 
4419 
4420 
4421 4869 
4422 
4423 
4424 4622 
4425 4529 4794 
4426 
4427 
4428 
4429 4911 
4430 
4431 
4432 
4433 4714 
4434 4824 
4435 4976 
4436 
4437 
4438 4634 
4439 
4440 
4441 4971 
4442 
4443 4850 
4444 
4445 
4446 
4447 
4448 4653 
4449 
4450 
4451 
4452 4487 
4453 
4454 
4455 
4456 
4457 
4458 
4459 
4460 
4461 
4462 
4463 
4464 4980 
4465 4599 4985 
4466 4662 4815 
4467 
4468 4925 
4469 
4470 4572 4958 
4471 
4472 
4473 
4474 
4475 4723 
4476 4681 
4477 4597 
4478 
4479 
4480 
4481 
4482 4569 
4483 4872 
4484 
4485 
4486 
4487 
4488 
4489 4558 
4490 
4491 
4492 
4493 
4494 
4495 
4496 
4497 
4498 
4499 
4500 
4501 
4502 
4503 
4504 
4505 
4506 4944 
4507 4633 
4508 
4509 
4510 
4511 
4512 
4513 
4514 
4515 
4516 4849 
4517 
4518 
4519 
4520 
4521 
4522 
4523 
4524 4904 
4525 
4526 
4527 
4528 
4529 
4530 
4531 
4532 
4533 
4534 
4535 
4536 
4537 
4538 4540 4659 4743 
4539 
4540 
4541 
4542 
4543 4697 
4544 
4545 
4546 
4547 4639 
4548 
4549 4598 
4550 
4551 
4552 
4553 
4554 4662 
4555 4862 4908 
4556 
4557 
4558 4854 
4559 4578 
4560 
4561 
4562 
4563 
4564 
4565 
4566 
4567 
4568 
4569 4586 
4570 4691 
4571 
4572 
4573 
4574 
4575 
4576 
4577 
4578 
4579 
4580 
4581 
4582 4724 
4583 4849 
4584 4912 
4585 
4586 
4587 
4588 
4589 
4590 
4591 
4592 
4593 
4594 
4595 
4596 4851 
4597 
4598 
4599 4935 
4600 
4601 
4602 4776 
4603 
4604 4930 
4605 
4606 
4607 
4608 
4609 
4610 
4611 
4612 
4613 
4614 
4615 4805 
4616 
4617 
4618 
4619 
4620 
4621 
4622 
4623 
4624 
4625 
4626 4747 
4627 4759 
4628 
4629 
4630 
4631 
4632 4754 
4633 4744 
4634 
4635 
4636 
4637 
4638 
4639 
4640 
4641 
4642 
4643 
4644 
4645 
4646 
4647 
4648 
4649 4825 4882 
4650 
4651 
4652 
4653 
4654 4708 
4655 
4656 
4657 
4658 
4659 
4660 
4661 4928 4995 
4662 
4663 
4664 
4665 
4666 4845 
4667 
4668 
4669 
4670 4743 
4671 
4672 
4673 
4674 
4675 
4676 
4677 
4678 
4679 
4680 
4681 
4682 
4683 
4684 
4685 
4686 
4687 
4688 4798 
4689 
4690 4853 
4691 4777 
4692 
4693 
4694 
4695 4808 
4696 4911 
4697 4808 
4698 
4699 
4700 4820 
4701 4714 
4702 4868 
4703 
4704 4851 
4705 
4706 4859 
4707 
4708 
4709 
4710 
4711 
4712 
4713 4744 
4714 4805 
4715 
4716 
4717 
4718 
4719 
4720 
4721 
4722 
4723 
4724 
4725 
4726 
4727 
4728 
4729 4786 
4730 
4731 
4732 4841 4861 
4733 
4734 
4735 
4736 4810 
4737 
4738 
4739 
4740 
4741 4924 
4742 
4743 4772 4789 4902 
4744 
4745 
4746 
4747 
4748 
4749 
4750 4858 
4751 
4752 
4753 
4754 
4755 
4756 
4757 
4758 
4759 
4760 
4761 
4762 
4763 
4764 
4765 4820 
4766 
4767 
4768 
4769 
4770 
4771 
4772 
4773 
4774 
4775 
4776 
4777 
4778 
4779 
4780 4976 
4781 
4782 
4783 
4784 
4785 4873 
4786 
4787 
4788 
4789 
4790 
4791 
4792 
4793 
4794 
4795 
4796 
4797 
4798 
4799 
4800 4921 4999 
4801 
4802 
4803 
4804 
4805 
4806 
4807 
4808 
4809 
4810 
4811 
4812 
4813 4955 
4814 
4815 4829 
4816 
4817 
4818 
4819 
4820 
4821 4881 
4822 
4823 
4824 
4825 
4826 
4827 
4828 
4829 
4830 
4831 
4832 
4833 
4834 
4835 4865 
4836 4891 
4837 
4838 
4839 
4840 
4841 
4842 
4843 
4844 
4845 
4846 
4847 
4848 
4849 
4850 
4851 
4852 
4853 
4854 
4855 
4856 
4857 
4858 
4859 
4860 
4861 
4862 
4863 
4864 
4865 
4866 
4867 
4868 
4869 
4870 
4871 4967 
4872 
4873 
4874 
4875 
4876 
4877 4923 
4878 
4879 4941 
4880 
4881 
4882 
4883 
4884 4959 
4885 
4886 
4887 
4888 
4889 
4890 
4891 
4892 
4893 
4894 
4895 
4896 
4897 
4898 4930 
4899 
4900 
4901 
4902 
4903 4932 
4904 
4905 
4906 
4907 
4908 
4909 
4910 
4911 
4912 
4913 
4914 
4915 
4916 
4917 
4918 
4919 
4920 
4921 
4922 
4923 
4924 
4925 
4926 
4927 
4928 
4929 
4930 
4931 
4932 
4933 
4934 
4935 
4936 
4937 
4938 
4939 
4940 
4941 
4942 
4943 4984 
4944 
4945 4985 
4946 
4947 
4948 
4949 
4950 
4951 
4952 
4953 
4954 
4955 
4956 
4957 
4958 
4959 
4960 
4961 
4962 
4963 
4964 
4965 
4966 
4967 
4968 
4969 
4970 
4971 
4972 
4973 
4974 
4975 
4976 
4977 
4978 
4979 
4980 
4981 
4982 
4983 
4984 
4985 
4986 
4987 
4988 
4989 
4990 
4991 
4992 
4993 
4994 
4995 
4996 
4997 
4998 
4999 
[0, 0, 0, 0, 0, 0, 0, 0, 0, 0, 0, 0, 0, 0, 0, 0, 0, 0, 0, 0, 0, 0, 0, 0, 0, 0, 0, 0, 0, 0, 0, 0, 0, 0, 0, 0, 0, 0, 0, 0, 0, 0, 0, 0, 0, 0, 0, 0, 0, 0, 0, 0, 0, 0, 0, 0, 0, 0, 0, 0, 0, 0, 0, 0, 0, 0, 0, 0, 0, 0, 0, 0, 0, 0, 0, 0, 0, 0, 0, 0, 0, 0, 0, 0, 0, 0, 0, 0, 0, 0, 0, 0, 0, 0, 0, 0, 0, 0, 0, 0, 0, 0, 0, 0, 0, 0, 0, 0, 0, 0, 0, 0, 0, 0, 0, 0, 0, 0, 0, 0, 0, 0, 0, 0, 0, 0, 0, 0, 0, 0, 0, 0, 0, 0, 0, 0, 0, 0, 0, 0, 0, 0, 0, 0, 0, 0, 0, 0, 0, 0, 0, 0, 0, 0, 0, 0, 0, 0, 0, 0, 0, 0, 0, 0, 0, 0, 0, 0, 0, 0, 0, 0, 0, 0, 0, 0, 0, 0, 0, 0, 0, 0, 0, 0, 0, 0, 0, 0, 0, 0, 0, 0, 0, 0, 0, 0, 0, 0, 0, 0, 0, 0, 0, 0, 0, 0, 0, 0, 0, 0, 0, 0, 0, 0, 0, 0, 0, 0, 0, 0, 0, 0, 0, 0, 0, 0, 0, 0, 0, 0, 0, 0, 0, 0, 0, 0, 0, 0, 0, 0, 0, 0, 0, 0, 0, 0, 0, 0, 0, 0, 0, 0, 0, 0, 0, 0, 0, 0, 0, 0, 0, 0, 0, 0, 0, 0, 0, 0, 0, 0, 0, 0, 0, 0, 0, 0, 0, 0, 0, 0, 0, 0, 0, 0, 0, 0, 0, 0, 0, 0, 0, 0, 0, 0, 0, 0, 0, 0, 0, 0, 0, 0, 0, 0, 0, 0, 0, 0, 0, 0, 0, 0, 0, 0, 0, 0, 0, 0, 0, 0, 0, 0, 0, 0, 0, 0, 0, 0, 0, 0, 0, 0, 0, 0, 0, 0, 0, 0, 0, 0, 0, 0, 0, 0, 0, 0, 0, 0, 0, 0, 0, 0, 0, 0, 0, 0, 0, 0, 0, 0, 0, 0, 0, 0, 0, 0, 0, 0, 0, 0, 0, 0, 0, 0, 0, 0, 0, 0, 0, 0, 0, 0, 0, 0, 0, 0, 0, 0, 0, 0, 0, 0, 0, 0, 0, 0, 0, 0, 0, 0, 0, 0, 0, 0, 0, 0, 0, 0, 0, 0, 0, 0, 0, 0, 0, 0, 0, 0, 0, 0, 0, 0, 0, 0, 0, 0, 0, 0, 0, 0, 0, 0, 0, 0, 0, 0, 0, 0, 0, 0, 0, 0, 0, 0, 0, 0, 0, 0, 0, 0, 0, 0, 0, 0, 0, 0, 0, 0, 0, 0, 0, 0, 0, 0, 0, 0, 0, 0, 0, 0, 0, 0, 0, 0, 0, 0, 0, 0, 0, 0, 0, 0, 0, 0, 0, 0, 0, 0, 0, 0, 0, 0, 0, 0, 0, 0, 0, 0, 0, 0, 0, 0, 0, 0, 0, 0, 0, 0, 0, 0, 0, 0, 0, 0, 0, 0, 0, 0, 0, 0, 0, 0, 0, 0, 0, 0, 0, 0, 0, 0, 0, 0, 0, 0, 0, 0, 0, 0, 0, 0, 0, 0, 0, 0, 0, 0, 0, 0, 0, 0, 0, 0, 0, 0, 0, 0, 0, 0, 0, 0, 0, 0, 0, 0, 0, 0, 0, 0, 0, 0, 0, 0, 0, 0, 0, 0, 0, 0, 0, 0, 0, 0, 0, 0, 0, 0, 0, 0, 0, 0, 0, 0, 0, 0, 0, 0, 0, 0, 0, 0, 0, 0, 0, 0, 0, 0, 0, 0, 0, 0, 0, 0, 0, 0, 0, 0, 0, 0, 0, 0, 0, 0, 0, 0, 0, 0, 0, 0, 0, 0, 0, 0, 0, 0, 0, 0, 0, 0, 0, 0, 0, 0, 0, 0, 0, 0, 0, 0, 0, 0, 0, 0, 0, 0, 0, 0, 0, 0, 0, 0, 0, 0, 0, 0, 0, 0, 0, 0, 0, 0, 0, 0, 0, 0, 0, 0, 0, 0, 0, 0, 0, 0, 0, 0, 0, 0, 0, 0, 0, 0, 0, 0, 0, 0, 0, 0, 0, 0, 0, 0, 0, 0, 0, 0, 0, 0, 0, 0, 0, 0, 0, 0, 0, 0, 0, 0, 0, 0, 0, 0, 0, 0, 0, 0, 0, 0, 0, 0, 0, 0, 0, 0, 0, 0, 0, 0, 0, 0, 0, 0, 0, 0, 0, 0, 0, 0, 0, 0, 0, 0, 0, 0, 0, 0, 0, 0, 0, 0, 0, 0, 0, 0, 0, 0, 0, 0, 0, 0, 0, 0, 0, 0, 0, 0, 0, 0, 0, 0, 0, 0, 0, 0, 0, 0, 0, 0, 0, 0, 0, 0, 0, 0, 0, 0, 0, 0, 0, 0, 0, 0, 0, 0, 0, 0, 0, 0, 0, 0, 0, 0, 0, 0, 0, 0, 0, 0, 0, 0, 0, 0, 0, 0, 0, 0, 0, 0, 0, 0, 0, 0, 0, 0, 0, 0, 0, 0, 0, 0, 0, 0, 0, 0, 0, 0, 0, 0, 0, 0, 0, 0, 0, 0, 0, 0, 0, 0, 0, 0, 0, 0, 0, 0, 0, 0, 0, 0, 0, 0, 0, 0, 0, 0, 0, 0, 0, 0, 0, 0, 0, 0, 0, 0, 0, 0, 0, 0, 0, 0, 0, 0, 0, 0, 0, 0, 0, 0, 0, 0, 0, 0, 0, 0, 0, 0, 0, 0, 0, 0, 0, 0, 0, 0, 0, 0, 0, 0, 0, 0, 0, 0, 0, 0, 0, 0, 0, 0, 0, 0, 0, 0, 0, 0, 0, 0, 0, 0, 0, 0, 0, 0, 0, 0, 0, 0, 0, 0, 0, 0, 0, 0, 0, 0, 0, 0, 0, 0, 0, 0, 0, 0, 0, 0, 0, 0, 0, 0, 0, 0, 0, 0, 0, 0, 0, 0, 0, 0, 0, 0, 0, 0, 0, 0, 0, 0, 0, 0, 0, 0, 0, 0, 0, 0, 0, 0, 0, 0, 0, 0, 0, 0, 0, 0, 0, 0, 0, 0, 0, 0, 0, 0, 0, 0, 0, 0, 0, 0, 0, 0, 0, 0, 0, 0, 0, 0, 0, 0, 0, 0, 0, 0, 0, 0, 0, 0, 0, 0, 0, 0, 0, 0, 0, 0, 0, 0, 0, 0, 0, 0, 0, 0, 0, 0, 0, 0, 0, 0, 0, 0, 0, 0, 0, 0, 0, 0, 0, 0, 0, 0, 0, 0, 0, 0, 0, 0, 0, 0, 0, 0, 0, 0, 0, 0, 0, 0, 0, 0, 0, 0, 0, 0, 0, 0, 0, 0, 0, 0, 0, 0, 0, 0, 0, 0, 0, 0, 0, 0, 0, 0, 0, 0, 0, 0, 0, 0, 0, 0, 0, 0, 0, 0, 0, 0, 0, 0, 0, 0, 0, 0, 0, 0, 0, 0, 0, 0, 0, 0, 0, 0, 0, 0, 0, 0, 0, 0, 0, 0, 0, 0, 0, 0, 0, 0, 0, 0, 0, 0, 0, 0, 0, 0, 0, 0, 0, 0, 0, 0, 0, 0, 0, 0, 0, 0, 0, 0, 0, 0, 0, 0, 0, 0, 0, 0, 0, 0, 0, 0, 0, 0, 0, 0, 0, 0, 0, 0, 0, 0, 0, 0, 0, 0, 0, 0, 0, 0, 0, 0, 0, 0, 0, 0, 0, 0, 0, 0, 0, 0, 0, 0, 0, 0, 0, 0, 0, 0, 0, 0, 0, 0, 0, 0, 0, 0, 0, 0, 0, 0, 0, 0, 0, 0, 0, 0, 0, 0, 0, 0, 0, 0, 0, 0, 0, 0, 0, 0, 0, 0, 0, 0, 0, 0, 0, 0, 0, 0, 0, 0, 0, 0, 0, 0, 0, 0, 0, 0, 0, 0, 0, 0, 0, 0, 0, 0, 0, 0, 0, 0, 0, 0, 0, 0, 0, 0, 0, 0, 0, 0, 0, 0, 0, 0, 0, 0, 0, 0, 0, 0, 0, 0, 0, 0, 0, 0, 0, 0, 0, 0, 0, 0, 0, 0, 0, 0, 0, 0, 0, 0, 0, 0, 0, 0, 0, 0, 0, 0, 0, 0, 0, 0, 0, 0, 0, 0, 0, 0, 0, 0, 0, 0, 0, 0, 0, 0, 0, 0, 0, 0, 0, 0, 0, 0, 0, 0, 0, 0, 0, 0, 0, 0, 0, 0, 0, 0, 0, 0, 0, 0, 0, 0, 0, 0, 0, 0, 0, 0, 0, 0, 0, 0, 0, 0, 0, 0, 0, 0, 0, 0, 0, 0, 0, 0, 0, 0, 0, 0, 0, 0, 0, 0, 0, 0, 0, 0, 0, 0, 0, 0, 0, 0, 0, 0, 0, 0, 0, 0, 0, 0, 0, 0, 0, 0, 0, 0, 0, 0, 0, 0, 0, 0, 0, 0, 0, 0, 0, 0, 0, 0, 0, 0, 0, 0, 0, 0, 0, 0, 0, 0, 0, 0, 0, 0, 0, 0, 0, 0, 0, 0, 0, 0, 0, 0, 0, 0, 0, 0, 0, 0, 0, 0, 0, 0, 0, 0, 0, 0, 0, 0, 0, 0, 0, 0, 0, 0, 0, 0, 0, 0, 0, 0, 0, 0, 0, 0, 0, 0, 0, 0, 0, 0, 0, 0, 0, 0, 0, 0, 0, 0, 0, 0, 0, 0, 0, 0, 0, 0, 0, 0, 0, 0, 0, 0, 0, 0, 0, 0, 0, 0, 0, 0, 0, 0, 0, 0, 0, 0, 0, 0, 0, 0, 0, 0, 0, 0, 0, 0, 0, 0, 0, 0, 0, 0, 0, 0, 0, 0, 0, 0, 0, 0, 0, 0, 0, 0, 0, 0, 0, 0, 0, 0, 0, 0, 0, 0, 0, 0, 0, 0, 0, 0, 0, 0, 0, 0, 0, 0, 0, 0, 0, 0, 0, 0, 0, 0, 0, 0, 0, 0, 0, 0, 0, 0, 0, 0, 0, 0, 0, 0, 0, 0, 0, 0, 0, 0, 0, 0, 0, 0, 0, 0, 0, 0, 0, 0, 0, 0, 0, 0, 0, 0, 0, 0, 0, 0, 0, 0, 0, 0, 0, 0, 0, 0, 0, 0, 0, 0, 0, 0, 0, 0, 0, 0, 0, 0, 0, 0, 0, 0, 0, 0, 0, 0, 0, 0, 0, 0, 0, 0, 0, 0, 0, 0, 0, 0, 0, 0, 0, 0, 0, 0, 0, 0, 0, 0, 0, 0, 0, 0, 0, 0, 0, 0, 0, 0, 0, 0, 0, 0, 0, 0, 0, 0, 0, 0, 0, 0, 0, 0, 0, 0, 0, 0, 0, 0, 0, 0, 0, 0, 0, 0, 0, 0, 0, 0, 0, 0, 0, 0, 0, 0, 0, 0, 0, 0, 0, 0, 0, 0, 0, 0, 0, 0, 0, 0, 0, 0, 0, 0, 0, 0, 0, 0, 0, 0, 0, 0, 0, 0, 0, 0, 0, 0, 0, 0, 0, 0, 0, 0, 0, 0, 0, 0, 0, 0, 0, 0, 0, 0, 0, 0, 0, 0, 0, 0, 0, 0, 0, 0, 0, 0, 0, 0, 0, 0, 0, 0, 0, 0, 0, 0, 0, 0, 0, 0, 0, 0, 0, 0, 0, 0, 0, 0, 0, 0, 0, 0, 0, 0, 0, 0, 0, 0, 0, 0, 0, 0, 0, 0, 0, 0, 0, 0, 0, 0, 0, 0, 0, 0, 0, 0, 0, 0, 0, 0, 0, 0, 0, 0, 0, 0, 0, 0, 0, 0, 0, 0, 0, 0, 0, 0, 0, 0, 0, 0, 0, 0, 0, 0, 0, 0, 0, 0, 0, 0, 0, 0, 0, 0, 0, 0, 0, 0, 0, 0, 0, 0, 0, 0, 0, 0, 0, 0, 0, 0, 0, 0, 0, 0, 0, 0, 0, 0, 0, 0, 0, 0, 0, 0, 0, 0, 0, 0, 0, 0, 0, 0, 0, 0, 0, 0, 0, 0, 0, 0, 0, 0, 0, 0, 0, 0, 0, 0, 0, 0, 0, 0, 0, 0, 0, 0, 0, 0, 0, 0, 0, 0, 0, 0, 0, 0, 0, 0, 0, 0, 0, 0, 0, 0, 0, 0, 0, 0, 0, 0, 0, 0, 0, 0, 0, 0, 0, 0, 0, 0, 0, 0, 0, 0, 0, 0, 0, 0, 0, 0, 0, 0, 0, 0, 0, 0, 0, 0, 0, 0, 0, 0, 0, 0, 0, 0, 0, 0, 0, 0, 0, 0, 0, 0, 0, 0, 0, 0, 0, 0, 0, 0, 0, 0, 0, 0, 0, 0, 0, 0, 0, 0, 0, 0, 0, 0, 0, 0, 0, 0, 0, 0, 0, 0, 0, 0, 0, 0, 0, 0, 0, 0, 0, 0, 0, 0, 0, 0, 0, 0, 0, 0, 0, 0, 0, 0, 0, 0, 0, 0, 0, 0, 0, 0, 0, 0, 0, 0, 0, 0, 0, 0, 0, 0, 0, 0, 0, 0, 0, 0, 0, 0, 0, 0, 0, 0, 0, 0, 0, 0, 0, 0, 0, 0, 0, 0, 0, 0, 0, 0, 0, 0, 0, 0, 0, 0, 0, 0, 0, 0, 0, 0, 0, 0, 0, 0, 0, 0, 0, 0, 0, 0, 0, 0, 0, 0, 0, 0, 0, 0, 0, 0, 0, 0, 0, 0, 0, 0, 0, 0, 0, 0, 0, 0, 0, 0, 0, 0, 0, 0, 0, 0, 0, 0, 0, 0, 0, 0, 0, 0, 0, 0, 0, 0, 0, 0, 0, 0, 0, 0, 0, 0, 0, 0, 0, 0, 0, 0, 0, 0, 0, 0, 0, 0, 0, 0, 0, 0, 0, 0, 0, 0, 0, 0, 0, 0, 0, 0, 0, 0, 0, 0, 0, 0, 0, 0, 0, 0, 0, 0, 0, 0, 0, 0, 0, 0, 0, 0, 0, 0, 0, 0, 0, 0, 0, 0, 0, 0, 0, 0, 0, 0, 0, 0, 0, 0, 0, 0, 0, 0, 0, 0, 0, 0, 0, 0, 0, 0, 0, 0, 0, 0, 0, 0, 0, 0, 0, 0, 0, 0, 0, 0, 0, 0, 0, 0, 0, 0, 0, 0, 0, 0, 0, 0, 0, 0, 0, 0, 0, 0, 0, 0, 0, 0, 0, 0, 0, 0, 0, 0, 0, 0, 0, 0, 0, 0, 0, 0, 0, 0, 0, 0, 0, 0, 0, 0, 0, 0, 0, 0, 0, 0, 0, 0, 0, 0, 0, 0, 0, 0, 0, 0, 0, 0, 0, 0, 0, 0, 0, 0, 0, 0, 0, 0, 0, 0, 0, 0, 0, 0, 0, 0, 0, 0, 0, 0, 0, 0, 0, 0, 0, 0, 0, 0, 0, 0, 0, 0, 0, 0, 0, 0, 0, 0, 0, 0, 0, 0, 0, 0, 0, 0, 0, 0, 0, 0, 0, 0, 0, 0, 0, 0, 0, 0, 0, 0, 0, 0, 0, 0, 0, 0, 0, 0, 0, 0, 0, 0, 0, 0, 0, 0, 0, 0, 0, 0, 0, 0, 0, 0, 0, 0, 0, 0, 0, 0, 0, 0, 0, 0, 0, 0, 0, 0, 0, 0, 0, 0, 0, 0, 0, 0, 0, 0, 0, 0, 0, 0, 0, 0, 0, 0, 0, 0, 0, 0, 0, 0, 0, 0, 0, 0, 0, 0, 0, 0, 0, 0, 0, 0, 0, 0, 0, 0, 0, 0, 0, 0, 0, 0, 0, 0, 0, 0, 0, 0, 0, 0, 0, 0, 0, 0, 0, 0, 0, 0, 0, 0, 1, 1, 1, 1, 1, 1, 1, 1, 1, 1, 1, 1, 1, 1, 1, 1, 1, 1, 1, 1, 1, 1, 1, 1, 1, 1, 1, 1, 1, 1, 1, 1, 1, 1, 1, 1, 1, 1, 1, 1, 1, 1, 1, 1, 1, 1, 1, 1, 1, 1, 1, 1, 1, 1, 1, 1, 1, 1, 1, 1, 1, 1, 1, 1, 1, 1, 1, 1, 1, 1, 1, 1, 1, 1, 1, 1, 1, 1, 1, 1, 1, 1, 1, 1, 1, 1, 1, 1, 1, 1, 1, 1, 1, 1, 1, 1, 1, 1, 1, 1, 1, 1, 1, 1, 1, 1, 1, 1, 1, 1, 1, 1, 1, 1, 1, 1, 1, 1, 1, 1, 1, 1, 1, 1, 1, 1, 1, 1, 1, 1, 1, 1, 1, 1, 1, 1, 1, 1, 1, 1, 1, 1, 1, 1, 1, 1, 1, 1, 1, 1, 1, 1, 1, 1, 1, 1, 1, 1, 1, 1, 1, 1, 1, 1, 1, 1, 1, 1, 1, 1, 1, 1, 1, 1, 1, 1, 1, 1, 1, 1, 1, 1, 1, 1, 1, 1, 1, 1, 1, 1, 1, 1, 1, 1, 1, 1, 1, 1, 1, 1, 1, 1, 1, 1, 1, 1, 1, 1, 1, 1, 1, 1, 1, 1, 1, 1, 1, 1, 1, 1, 1, 1, 1, 1, 1, 1, 1, 1, 1, 1, 1, 1, 1, 1, 1, 1, 1, 1, 1, 1, 1, 1, 1, 1, 1, 1, 1, 1, 1, 1, 1, 1, 1, 1, 1, 1, 1, 1, 1, 1, 1, 1, 1, 1, 1, 1, 1, 1, 1, 1, 1, 1, 1, 1, 1, 1, 1, 1, 1, 1, 1, 1, 1, 1, 1, 1, 1, 1, 1, 1, 1, 1, 1, 1, 1, 1, 1, 1, 1, 1, 1, 1, 1, 1, 1, 1, 1, 1, 1, 1, 1, 1, 1, 1, 1, 1, 1, 1, 1, 1, 1, 1, 1, 1, 1, 1, 1, 1, 1, 1, 1, 1, 1, 1, 1, 1, 1, 1, 1, 1, 1, 1, 1, 1, 1, 1, 1, 1, 1, 1, 1, 1, 1, 1, 1, 1, 1, 1, 1, 1, 1, 1, 1, 1, 1, 1, 1, 1, 1, 1, 1, 1, 1, 1, 1, 1, 1, 1, 1, 1, 1, 1, 1, 1, 1, 1, 1, 1, 1, 1, 1, 1, 1, 1, 1, 1, 1, 1, 1, 1, 1, 1, 1, 1, 1, 1, 1, 1, 1, 1, 1, 1, 1, 1, 1, 1, 1, 1, 1, 1, 1, 1, 1, 1, 1, 1, 1, 1, 1, 1, 1, 1, 1, 1, 1, 1, 1, 1, 1, 1, 1, 1, 1, 1, 1, 1, 1, 1, 1, 1, 1, 1, 1, 1, 1, 1, 1, 1, 1, 1, 1, 1, 1, 1, 1, 1, 1, 1, 1, 1, 1, 1, 1, 1, 1, 1, 1, 1, 1, 1, 1, 1, 1, 1, 1, 1, 1, 1, 1, 1, 1, 1, 1, 1, 1, 1, 1, 1, 1, 1, 1, 1, 1, 1, 1, 1, 1, 1, 1, 1, 1, 1, 1, 1, 1, 1, 1, 1, 1, 1, 1, 1, 1, 1, 1, 1, 1, 1, 1, 1, 1, 1, 1, 1, 1, 1, 1, 1, 1, 1, 1, 1, 1, 1, 1, 1, 1, 1, 1, 1, 1, 1, 1, 1, 1, 1, 1, 1, 1, 1, 1, 1, 1, 1, 1, 1, 1, 1, 1, 1, 1, 1, 1, 1, 1, 1, 1, 1, 1, 1, 1, 1, 1, 1, 1, 1, 1, 1, 1, 1, 1, 1, 1, 1, 1, 1, 1, 1, 1, 1, 1, 1, 1, 1, 1, 1, 1, 1, 1, 1, 1, 1, 1, 1, 1, 1, 1, 1, 1, 1, 1, 1, 1, 1, 1, 1, 1, 1, 1, 1, 1, 1, 1, 1, 1, 1, 1, 1, 1, 1, 1, 1, 1, 1, 1, 1, 1, 1, 1, 1, 1, 1, 1, 1, 1, 1, 1, 1, 1, 1, 1, 1, 1, 1, 1, 1, 1, 1, 1, 1, 1, 1, 1, 1, 1, 1, 1, 1, 1, 1, 1, 1, 1, 1, 1, 1, 1, 1, 1, 1, 1, 1, 1, 1, 1, 1, 1, 1, 1, 1, 1, 1, 1, 1, 1, 1, 1, 1, 1, 1, 1, 1, 1, 1, 1, 1, 1, 1, 1, 1, 1, 1, 1, 1, 1, 1, 1, 1, 1, 1, 1, 1, 1, 1, 1, 1, 1, 1, 1, 1, 1, 1, 1, 1, 1, 1, 1, 1, 1, 1, 1, 1, 1, 1, 1, 1, 1, 1, 1, 1, 1, 1, 1, 1, 1, 1, 1, 1, 1, 1, 1, 1, 1, 1, 1, 1, 1, 1, 1, 1, 1, 1, 1, 1, 1, 1, 1, 1, 1, 1, 1, 1, 1, 1, 1, 1, 1, 1, 1, 1, 1, 1, 1, 1, 1, 1, 1, 1, 1, 1, 1, 1, 1, 1, 1, 1, 1, 1, 1, 1, 1, 1, 1, 1, 1, 1, 1, 1, 1, 1, 1, 1, 1, 1, 1, 1, 1, 1, 1, 1, 1, 1, 1, 1, 1, 1, 1, 1, 1, 1, 1, 1, 1, 1, 1, 1, 1, 1, 1, 1, 1, 1, 1, 1, 1, 1, 1, 1, 1, 1, 1, 1, 1, 1, 1, 1, 1, 1, 1, 1, 1, 1, 1, 1, 1, 1, 1, 1, 1, 1, 1, 1, 1, 1, 1, 1, 1, 1, 1, 1, 1, 1, 1, 1, 1, 1, 1, 1, 1, 1, 1, 1, 1, 1, 1, 1, 1, 1, 1, 1, 1, 1, 1, 1, 1, 1, 1, 1, 1, 1, 1, 1, 1, 1, 1, 1, 1, 1, 1, 1, 1, 1, 1, 1, 1, 1, 1, 1, 1, 1, 1, 1, 1, 1, 1, 1, 1, 1, 1, 1, 1, 1, 1, 1, 1, 1, 1, 1, 1, 1, 1, 1, 1, 1, 1, 1, 1, 1, 1, 1, 1, 1, 1, 1, 1, 1, 1, 1, 1, 1, 1, 1, 1, 1, 1, 1, 1, 1, 1, 1, 1, 1, 1, 1, 1, 1, 1, 1, 1, 1, 1, 1, 1, 1, 1, 1, 1, 1, 1, 1, 1, 1, 1, 1, 1, 1, 1, 1, 1, 1, 1, 1, 1, 1, 1, 1, 1, 1, 1, 1, 1, 1, 1, 1, 1, 1, 1, 1, 1, 1, 1, 1, 1, 1, 1, 1, 1, 1, 1, 1, 1, 1, 1, 1, 1, 1, 1, 1, 1, 1, 1, 1, 1, 1, 1, 1, 1, 1, 1, 1, 1, 1, 1, 1, 1, 1, 1, 1, 1, 1, 1, 1, 1, 1, 1, 1, 1, 1, 1, 1, 1, 1, 1, 1, 1, 1, 1, 1, 1, 1, 1, 1, 1, 1, 1, 1, 1, 1, 1, 1, 1, 1, 1, 1, 1, 1, 1, 1, 1, 1, 1, 1, 1, 1, 1, 1, 1, 1, 1, 1, 1, 1, 1, 1, 1, 1, 1, 1, 1, 1, 1, 1, 1, 1, 1, 1, 1, 1, 1, 1, 1, 1, 1, 1, 1, 1, 1, 1, 1, 1, 1, 1, 1, 1, 1, 1, 1, 1, 1, 1, 1, 1, 1, 1, 1, 1, 1, 1, 1, 1, 1, 1, 1, 1, 1, 1, 1, 1, 1, 1, 1, 1, 1, 1, 1, 1, 1, 1, 1, 1, 1, 1, 1, 1, 1, 1, 1, 1, 1, 1, 1, 1, 1, 1, 1, 1, 1, 1, 1, 1, 1, 1, 1, 1, 1, 1, 1, 1, 1, 1, 1, 1, 1, 1, 1, 1, 1, 1, 1, 1, 1, 1, 1, 1, 1, 1, 1, 1, 1, 1, 1, 1, 1, 1, 1, 1, 1, 1, 1, 1, 1, 1, 1, 1, 1, 1, 1, 1, 1, 1, 1, 1, 1, 1, 1, 1, 1, 1, 1, 1, 1, 1, 1, 1, 1, 1, 1, 1, 1, 1, 1, 1, 1, 1, 1, 1, 1, 1, 1, 1, 1, 1, 1, 1, 1, 1, 1, 1, 1, 1, 1, 1, 1, 1, 1, 1, 1, 1, 1, 1, 1, 1, 1, 1, 1, 1, 1, 1, 1, 1, 1, 1, 1, 1, 1, 1, 1, 1, 1, 1, 1, 1, 1, 1, 1, 1, 1, 1, 1, 1, 1, 1, 1, 1, 1, 1, 1, 1, 1, 1, 1, 1, 1, 1, 1, 1, 1, 1, 1, 1, 1, 1, 1, 1, 1, 1, 1, 1, 1, 1, 1, 1, 1, 1, 1, 1, 1, 1, 1, 1, 1, 1, 1, 1, 1, 1, 1, 1, 1, 1, 1, 1, 1, 1, 1, 1, 1, 1, 1, 1, 1, 1, 1, 1, 1, 1, 1, 1, 1, 1, 1, 1, 1, 1, 1, 1, 1, 1, 1, 1, 1, 1, 1, 1, 1, 1, 1, 1, 1, 1, 1, 1, 1, 1, 1, 1, 1, 1, 1, 1, 1, 1, 1, 1, 1, 1, 1, 1, 1, 1, 1, 1, 1, 1, 1, 1, 1, 1, 1, 1, 1, 1, 1, 1, 1, 1, 1, 1, 1, 1, 1, 1, 1, 1, 1, 1, 1, 1, 1, 1, 1, 1, 1, 1, 1, 1, 1, 1, 1, 1, 1, 1, 1, 1, 1, 1, 1, 1, 1, 1, 1, 1, 1, 1, 1, 1, 1, 1, 1, 1, 1, 1, 1, 1, 1, 1, 1, 1, 1, 1, 1, 1, 1, 1, 1, 1, 1, 1, 1, 1, 1, 1, 1, 1, 1, 1, 1, 1, 1, 1, 1, 1, 1, 1, 1, 1, 1, 1, 1, 1, 1, 1, 1, 1, 1, 1, 1, 1, 1, 1, 1, 1, 1, 1, 1, 1, 1, 1, 1, 1, 1, 1, 1, 1, 1, 1, 1, 1, 1, 1, 1, 1, 1, 1, 1, 1, 1, 1, 1, 1, 1, 1, 1, 1, 1, 1, 1, 1, 1, 1, 1, 1, 1, 1, 1, 1, 1, 1, 1, 1, 1, 1, 1, 1, 1, 1, 1, 1, 1, 1, 1, 1, 1, 1, 1, 1, 1, 1, 1, 1, 1, 1, 1, 1, 1, 1, 1, 1, 1, 1, 1, 1, 1, 1, 1, 1, 1, 1, 1, 1, 1, 1, 1, 1, 1, 1, 1, 1, 1, 1, 1, 1, 1, 1, 1, 1, 1, 1, 1, 1, 1, 1, 1, 1, 1, 1, 1, 1, 1, 1, 1, 1, 1, 1, 1, 1, 1, 1, 1, 1, 1, 1, 1, 1, 1, 1, 1, 1, 1, 1, 1, 1, 1, 1, 1, 1, 1, 1, 1, 1, 1, 1, 1, 1, 1, 1, 1, 1, 1, 1, 1, 1, 1, 1, 1, 1, 1, 1, 1, 1, 1, 1, 1, 1, 1, 1, 1, 1, 1, 1, 1, 1, 1, 1, 1, 1, 1, 1, 1, 1, 1, 1, 1, 1, 1, 1, 1, 1, 1, 1, 1, 1, 1, 1, 1, 1, 1, 1, 1, 1, 1, 1, 1, 1, 1, 1, 1, 1, 1, 1, 1, 1, 1, 1, 1, 1, 1, 1, 1, 1, 1, 1, 1, 1, 1, 1, 1, 1, 1, 1, 1, 1, 1, 1, 1, 1, 1, 1, 1, 1, 1, 1, 1, 1, 1, 1, 1, 1, 1, 1, 1, 1, 1, 1, 1, 1, 1, 1, 1, 1, 1, 1, 1, 1, 1, 1, 1, 1, 1, 1, 1, 1, 1, 1, 1, 1, 1, 1, 1, 1, 1, 1, 1, 1, 1, 1, 1, 1, 1, 1, 1, 1, 1, 1, 1, 1, 1, 1, 1, 1, 1, 1, 1, 1, 1, 1, 1, 1, 1, 1, 1, 1, 1, 1, 1, 1, 1, 1, 1, 1, 1, 1, 1, 1, 1, 1, 1, 1, 1, 1, 1, 1, 1, 1, 1, 1, 1, 1, 1, 1, 1, 1, 1, 1, 1, 1, 1, 1, 1, 1, 1, 1, 1, 1, 1, 1, 1, 1, 1, 1, 1, 1, 1, 1, 1, 1, 1, 1, 1, 1, 1, 1, 1, 1, 1, 1, 1, 1, 1, 1, 1, 1, 1, 1, 1, 1, 1, 1, 1, 1, 1, 1, 1, 1, 1, 1, 1, 1, 1, 1, 1, 1, 1, 1, 1, 1, 1, 1, 1, 1, 1, 1, 1, 1, 1, 1, 1, 1, 1, 1, 1, 1, 1, 1, 1, 1, 1, 1, 1, 1, 1, 1, 1, 1, 1, 1, 1, 1, 1, 1, 1, 1, 1, 1, 1, 1, 1, 1, 1, 1, 1, 1, 1, 1, 1, 1, 1, 1, 1, 1, 1, 1, 1, 1, 1, 1, 1, 1, 1, 1, 1, 1, 1, 1, 1, 1, 1, 1, 1, 1, 1, 1, 1, 1, 1, 1, 1, 1, 1, 1, 1, 1, 1, 1, 1, 1, 1, 1, 1, 1, 1, 1, 1, 1, 1, 1, 1, 1, 1, 1, 1, 1, 1, 1, 1, 1, 1, 1, 1, 1, 1, 1, 1, 1, 1, 1, 1, 1, 1, 1, 1, 1, 1, 1, 1, 1, 1, 1, 1, 1, 1, 1, 1, 1, 1, 1, 1, 1, 1, 1, 1, 1, 1, 1, 1, 1, 1, 1, 1, 1, 1, 1, 1, 1, 1, 1, 1, 1, 1, 1, 1, 1, 1, 1, 1, 1, 1, 1, 1, 1, 1, 1, 1, 1, 1, 1, 1, 1, 1, 1, 1, 1, 1, 1, 1, 1, 1, 1, 1, 1, 1, 1, 1, 1, 1, 1, 1, 1, 1, 1, 1, 1, 1, 1, 1, 1, 1, 1, 1, 1, 1, 1, 1, 1, 1, 1, 1, 1, 1, 1, 1, 1, 1, 1, 1, 1, 1, 1, 1, 1, 1, 1, 1, 1, 1, 1, 1, 1, 1, 1, 1, 1, 1, 1, 1, 1, 1, 1, 1, 1, 1, 1, 1, 1, 1, 1, 1, 1, 1, 1, 1, 1, 1, 1, 1, 1, 1, 1, 1, 1, 1, 1, 1, 1, 1, 1, 1, 1, 1, 1, 1, 1, 1, 1, 1, 1, 1, 1, 1, 1, 1, 1, 1, 1, 1, 1, 1, 1, 1, 1, 1, 1, 1, 1, 1, 1, 1, 1, 1, 1, 1, 1, 1, 1, 1, 1, 1, 1, 1, 1, 1, 1, 1, 1, 1, 1, 1, 1, 1, 1, 1, 1, 1, 1, 1, 1, 1, 1, 1, 1, 1, 1, 1, 1, 1, 1, 1, 1, 1, 1, 1, 1, 1, 1, 1, 1, 1, 1, 1, 1, 1, 1, 1, 1, 1, 1, 1, 1, 1, 1, 1, 1, 1, 1, 1, 1, 1, 1, 1, 1, 1, 1, 1, 1, 1, 1, 1, 1, 1, 1, 1, 1, 1, 1, 1, 1, 1, 1, 1, 1, 1, 1, 1, 1, 1, 1, 1, 1, 1, 1, 1, 1, 1, 1, 1, 1, 1, 1, 1, 1, 1, 1, 1, 1, 1, 1, 1, 1, 1, 1, 1, 1, 1, 1, 1, 1, 1, 1, 1, 1, 1, 1, 1, 1, 1, 1, 1, 1, 1, 1, 1, 1, 1, 1, 1, 1, 1, 1, 1, 1, 1, 1, 1, 1, 1, 1, 1, 1, 1, 1, 1, 1, 1, 1, 1, 1, 1, 1, 1, 1, 1, 1, 1, 1, 1, 1, 1, 1, 1, 1, 1, 1, 1, 1, 1, 1, 1, 1, 1, 1]