#/home/brian/Documents/summer17/Python/VEC/scripts/make_SBM_graphs.py
# GMT Thu Jul 27 21:51:57 2017
# 
0 485 278
1 440 345 82 347
2
3 397
4 304 282 303 142 223
5 288 162 263 290 462 208 467
6 401 138 300 42 159
7 194 340 434 479
8 65 259 134 70 334 154
9
10 469
11 76 389
12 347 141
13 281 117 142 465
14 160 329 466 316 406
15 145 300 158
16 320 395 456 490 75 45 497 274 159
17 98 189
18 473 203
19 244 276 277 190 335
20 474
21 110
22 386 101 233 407 41 253
23 144 90 173 478 237
24 32 74 251 341 478
25 137 435 164 293 181
26 483 356 69 393 246 191 37
27 232 489 75 443 118
28 473 325
29 354 379 350
30 107 94
31 291 294 374 103
32 450 258 182
33 276 413 381
34 240 484 122 316
35 146
36 288 146 252
37 99 222 467
38 320 289 443 340
39 112 91 460
40 377 378 196
41 64 196 370 150 343
42 118 493 469
43 432 203 78
44 423 140 487
45 168 284 109
46 216 104 202 298
47 449 454 271
48 465 274 427 156
49 305
50 272 452 332 166 441
51 249 186 348 313
52 128 449 329 397 494 208 375 381
53 121 90 323 420 455
54 218 479
55 407 183
56 232 315 324 342 143
57 449 227 108 443 438
58 483 488 201 177 277 184 475 124
59 448 164 358 234 333 210 216 475 318
60 227 422 71 137 330 199 109 335 209 169 409
61 100 394 299 412
62 273 466 309 386 237
63 194 267 68 425 171 124 315 395
64 83 134 491 78 115 372 444 157
65 131 105 106 175 80 404 309 86 489
66 315 101 310 381
67 393 490 76 146
68 274 227
69 289 162 99 292 184 283
70 100 294 456 90 255 223
71 307 222 230
72 197 486 359 344 92 254
73 147
74 424 258
75 448 260 147 244 117 152
76 89
77 256 209 252 118 383
78 205 126 455
79 256 384 140 469 129
80 105
81 92 447
82
83 194 483 427 435 209 146 243 477 191
84 154 237 341 239
85 92 374
86 435 294
87 268 420 214 215
88 448 483
89 449 257 328 109 104
90 398 380
91
92 165
93 417 323 484 265 332 141
94 220 119
95 453 173
96 149 495
97 481 493 116 283 317 479
98 399 381 295 199
99
100 302 405
101 420 426 450 114
102 387 158 198 189
103 225 429
104 384 358 498 147 376 122 319
105 416 106 432 309 280
106 293 327 233 205 373
107 119 359
108 328
109 333 497 157
110
111 466 179 364
112 466 151 190
113 408 157
114 240 299 478 405
115 392 410 301 461
116 144
117 489 338 402 304 274
118 324 243 180
119 445 221 150
120 137 374 359
121 426 406 455
122
123 394 131
124 488 423
125 193 195 310 361 140 335 497 268 318 319
126 411 183 455
127 161 438 295
128 300
129 480 322 195 167 488 329 376 409 154 285 158
130 206 462
131 248 350 305
132 176 289 308 340
133
134 263
135 256 182 294 341
136 289 475 261 458 189 283 157
137 477
138
139 345 386 335
140 480 356 231 277 246 155
141 333
142 220 414 478
143 250 429 415
144 293 424 375 396 304
145 401 393 439 487
146 355 243 290 433
147 189
148 384 352 324 199 432 310
149 195 426 331 372 405 345 410 414
150 313
151 345 268
152 208
153 239
154 227 204 205 239
155 360 235 268 472 442
156 489 395 388 487
157 218
158 400 273
159 228 389 489 363 402 471 283
160 288 171
161 201 275 184 314 285
162 321 231 342 284
163 164 438 390 432 469 214 219
164 228 340 409
165 194 375
166 204
167 324 481 172 272 437
168 384 201 267
169 312 490 261
170 213 255
171 481 238 338 244 446
172 468 406 470
173 424
174
175 450 379 442 190
176 195 437
177 435
178 186 380
179 278
180 352 314 268 230
181 418 230
182 251 254
183 192 424 394 373 379
184 209
185 198 255
186
187 244 484
188 379 412 301 335
189
190 385 394 364 286
191 292 422 433 400 401 414
192 416 224 264 272 473 447
193
194 355 328 397 212
195 387 333
196 478
197 470 429 238
198 293 353
199 432 367 400 277 310 439 317
200 486
201 209 397 328 285
202 481 211 427
203 250
204 457 348 282
205 345 250
206 449 423 322 371 380
207 408 323 299 396
208 320 352 454 458 363 407 346 421
209 371 431 477
210 225 251
211 449 421 487 342 218 223 351
212 378 407
213 224
214 246
215 321 421 342 312 285
216 400 436 281 381
217 280 245 246
218 246 243
219 362 452 421
220 254
221 353 377 453
222 336 497 271
223 453 457 398
224 380 359
225
226 384 497 346 477 446
227 360 343
228 232 461
229 475
230 321 322 362 300 467 342
231 260 349 381
232 356
233 412 429
234 345 250
235
236 337 331
237 357 445
238 363 372
239 413 270
240 270 305 398 470
241 349 478 279
242 484
243 438 472
244
245 264 440 341 455
246 450 388 456 400 497 434 314
247 352 346 397 342
248 326 367
249 348 414 495
250 262 297 304
251 357
252 268 283 342
253 455
254
255 373
256 322 483
257 292 335
258 408 458 302
259 486
260 273
261 342
262 373
263 416 410 444
264 357
265 344 372
266 354
267 381
268 451 355 405
269 401 276
270 350
271
272 356 326 456 397
273 341
274 352 437
275 456
276 282 431
277
278 416
279
280 480
281
282
283 469 314
284 431 319
285
286 428
287 349
288 387 437
289 449 324 298 399
290 312 483 493
291 485
292 437
293 440 349
294 407 382
295
296 394 398
297 410
298 462
299 385 414 447
300 403
301 473 410
302 353 424 465 314
303 472 382
304 361 460 372 350
305 368
306 474 498 477
307 322 487 401 343 317
308 322
309 386
310 403
311 337 325
312
313 479
314 362
315
316 353 468
317 352
318 346 475 389
319 418 454 328 378
320 367 489
321
322 482 397 434 415
323
324 456 404
325 392 366
326 401 456 489 402 472
327
328
329 420 376 403 408
330
331 412
332 496 354 419
333 437 375
334 416
335 453 423 488 340
336 393
337 491
338 441
339 426 341
340 465
341
342 423
343 386
344
345 355
346 471 397 463
347 478 495
348
349 354 455 444
350 404 405
351 438
352 381
353
354
355 362 435
356 367
357
358
359 396 429 444
360
361 444 453
362 480
363 418 391 397
364 378
365 469 471
366 394
367 475
368 392 413
369
370 484 375
371 428 399
372 385 426 378
373
374 394 398 470
375 483 433 381
376 481 456
377 434
378 380
379 440 447
380
381 437
382
383
384 482
385 406
386 419
387 418 436
388 409
389 492 494
390
391 490 493
392
393
394
395
396
397 465
398 419 484
399 482 442 446
400 422 439 402 471
401
402 492 442 414
403 438
404 457 440 413
405
406 455
407 491 496
408 463
409
410
411 455
412 460
413 455 460
414 426
415 461 494 434 439
416
417 440 457
418 450 422 441
419
420
421 445
422
423 482 461
424 446
425 496 442 494
426 472
427 497 461
428
429
430
431
432
433 469
434 479
435 496
436 471
437 457
438 477
439 488 477
440
441 475 483
442 490
443
444 496
445 484
446 489
447
448
449 477
450
451
452
453
454 455
455 470
456
457 473
458 499 494
459
460
461
462 474 490
463
464 478
465 474
466 495
467
468 485
469 497
470 476
471
472
473
474
475 489
476
477
478
479
480
481 493
482
483
484
485
486
487
488
489
490
491
492
493
494
495
496
497
498
499
[0, 0, 0, 1, 0, 1, 1, 1, 0, 0, 1, 0, 0, 1, 0, 1, 1, 1, 0, 1, 1, 0, 0, 0, 0, 1, 1, 1, 0, 0, 0, 0, 0, 1, 0, 1, 1, 1, 1, 0, 0, 0, 1, 0, 1, 1, 1, 1, 1, 0, 1, 0, 1, 0, 1, 0, 1, 1, 1, 1, 1, 0, 0, 1, 0, 0, 1, 1, 1, 1, 0, 1, 0, 1, 0, 1, 0, 1, 0, 1, 0, 0, 0, 1, 0, 0, 0, 1, 1, 1, 0, 0, 0, 0, 0, 0, 0, 1, 1, 1, 0, 0, 1, 0, 1, 0, 0, 0, 1, 1, 0, 0, 0, 0, 0, 0, 0, 1, 1, 0, 0, 0, 0, 0, 1, 1, 0, 1, 1, 1, 1, 0, 1, 0, 0, 0, 1, 1, 1, 0, 1, 0, 0, 0, 0, 1, 1, 1, 1, 0, 0, 0, 1, 0, 0, 1, 1, 1, 1, 1, 1, 1, 1, 1, 1, 1, 0, 1, 1, 1, 0, 1, 0, 0, 1, 0, 1, 1, 0, 0, 1, 1, 0, 0, 1, 0, 0, 0, 0, 1, 0, 1, 0, 1, 1, 1, 0, 0, 0, 1, 0, 1, 1, 0, 0, 0, 1, 0, 1, 1, 0, 1, 0, 0, 1, 1, 1, 0, 1, 1, 0, 0, 1, 0, 0, 0, 1, 1, 1, 1, 1, 1, 1, 0, 0, 0, 0, 0, 0, 0, 0, 0, 0, 1, 1, 0, 1, 1, 1, 0, 0, 0, 1, 0, 0, 0, 1, 1, 0, 0, 1, 1, 0, 0, 0, 0, 1, 1, 1, 1, 0, 1, 1, 1, 1, 1, 1, 1, 0, 0, 0, 1, 1, 1, 1, 1, 1, 0, 1, 1, 1, 0, 1, 0, 0, 1, 0, 0, 1, 0, 1, 0, 0, 0, 0, 0, 1, 1, 1, 0, 1, 0, 1, 1, 1, 1, 0, 1, 1, 1, 1, 1, 1, 0, 1, 0, 1, 0, 1, 1, 1, 0, 0, 1, 0, 1, 1, 0, 1, 0, 1, 0, 1, 0, 0, 0, 1, 0, 0, 0, 0, 1, 1, 0, 0, 1, 1, 0, 1, 0, 1, 0, 1, 1, 0, 1, 0, 1, 0, 1, 0, 1, 0, 0, 0, 1, 1, 1, 0, 0, 0, 1, 0, 1, 1, 0, 0, 1, 1, 1, 1, 1, 0, 1, 0, 1, 0, 1, 0, 1, 1, 1, 1, 1, 0, 0, 0, 0, 1, 1, 0, 0, 0, 0, 0, 1, 0, 0, 1, 0, 0, 1, 1, 1, 0, 1, 0, 1, 1, 0, 0, 1, 1, 1, 1, 1, 1, 1, 1, 1, 0, 1, 1, 1, 0, 0, 1, 0, 1, 1, 0, 1, 1, 0, 1, 0, 1, 0, 1, 1, 0, 1, 1, 1, 0, 1, 0, 1, 0, 1, 0, 1, 0, 0, 1, 1, 0, 1, 0, 1, 1, 1, 1, 1, 0, 0, 0, 1, 1, 1, 1, 0, 1, 1, 1, 0, 0, 1, 1, 1]