0 12 391 1058 1366 1369 1585 2218 
1 156 592 861 2601 
2 108 531 1349 
3 3331 
4 26 159 
5 433 
6 1165 1349 
7 300 754 3409 3639 
8 156 939 982 1420 1429 
9 350 1522 
10 620 695 1594 
11 530 807 932 1192 3741 
12 262 1245 1369 1516 2183 4891 
13 213 907 1415 1475 1504 4037 
14 601 618 4332 
15 1257 1661 3283 
16 143 797 
17 
18 320 1140 2744 4012 
19 572 886 
20 1414 
21 564 
22 34 1233 4544 
23 644 1158 
24 377 911 1118 4764 
25 316 482 871 3364 
26 35 1459 
27 47 961 1507 1567 2319 2521 
28 105 1446 
29 897 1097 
30 84 827 1220 1239 4436 
31 544 1143 1418 
32 212 369 764 766 929 
33 60 202 866 3897 4151 
34 1273 1282 1708 2704 
35 1082 
36 190 193 735 2095 
37 850 1582 3620 
38 437 751 1102 1561 
39 996 1363 
40 348 833 950 
41 378 1142 1231 1601 
42 314 389 840 1450 1452 
43 146 694 
44 4167 
45 151 753 
46 576 1585 
47 1037 1201 
48 1276 1451 1623 
49 1041 1319 
50 
51 2761 4949 
52 703 762 914 1150 1284 1455 
53 771 1031 3455 
54 379 
55 3489 
56 369 627 718 846 1560 4100 
57 413 930 
58 276 568 1399 1602 
59 439 488 906 2538 
60 493 508 1290 4388 
61 186 441 1104 1478 
62 875 934 963 2690 3925 
63 1126 
64 406 630 801 1224 1651 2140 3174 
65 412 424 1098 1430 1522 1649 2272 
66 610 
67 448 657 1993 
68 543 1605 3207 
69 326 423 675 723 739 1379 3482 
70 263 4680 
71 82 217 442 1003 
72 398 909 
73 208 807 846 1192 
74 434 760 1022 1046 1973 
75 
76 140 1030 1106 
77 589 757 1214 1652 
78 133 476 1230 1327 
79 116 277 357 778 1145 1156 
80 204 1504 
81 100 723 3020 
82 1548 4234 
83 323 483 1124 2615 
84 515 1215 1310 1458 
85 232 699 1345 
86 819 1156 1239 
87 372 929 962 1635 2465 4342 
88 603 941 1246 
89 937 2330 
90 270 2998 
91 1433 
92 274 416 1563 2719 
93 256 1351 4994 
94 292 1564 3334 
95 1082 1084 1116 4798 
96 1266 1332 1387 
97 295 756 815 1539 1664 2285 4281 
98 415 770 1574 
99 795 1039 1375 1415 
100 654 864 1014 1123 
101 231 1223 4336 
102 879 1358 1445 
103 3053 
104 501 1869 
105 683 886 
106 256 331 1127 
107 138 522 843 
108 634 1232 3203 
109 300 1348 2598 
110 576 1164 1181 1414 3542 3699 
111 311 1229 1656 4033 
112 433 
113 1495 
114 313 657 666 1156 1644 1694 
115 1576 1649 
116 449 506 786 788 837 1318 
117 
118 175 308 314 781 
119 248 520 753 1360 
120 403 499 1543 2664 
121 900 1608 4845 
122 412 450 
123 164 254 600 
124 
125 320 2381 2837 
126 519 1340 
127 786 1055 
128 205 
129 604 1398 
130 4274 
131 241 267 
132 185 923 1157 1275 1294 
133 549 702 962 1217 1537 
134 329 536 
135 224 411 1032 
136 298 
137 2285 2947 
138 363 1350 
139 818 845 891 1438 
140 265 
141 1578 
142 193 878 1079 1095 1469 2199 
143 1719 
144 651 1443 1497 2724 
145 192 333 594 604 4086 
146 741 746 766 1452 
147 267 466 700 1456 3490 
148 225 537 1183 1236 2964 
149 456 492 
150 562 903 1041 2860 
151 942 1196 1239 
152 360 383 437 551 572 845 901 1290 
153 255 427 1173 4984 
154 388 606 787 932 1129 1395 4613 4883 
155 167 296 399 
156 1259 1398 
157 1025 1082 
158 1628 3593 4247 
159 312 406 969 1475 1607 2275 
160 
161 553 956 1080 
162 1576 4651 
163 315 944 975 1022 4360 
164 902 3988 
165 344 796 2950 
166 742 
167 376 1050 1695 
168 2684 
169 400 870 1499 4456 
170 734 
171 758 861 
172 341 1261 1265 1341 3565 
173 1453 1587 1724 2687 
174 881 985 
175 982 1489 1995 
176 781 1588 
177 665 915 
178 726 1317 1472 2673 3444 4757 
179 1381 
180 979 1568 
181 222 660 784 873 1249 4275 
182 452 926 958 1555 
183 358 1365 
184 499 1605 
185 228 749 1002 1413 1583 
186 817 1502 1537 
187 377 491 1025 1310 1490 1610 
188 251 775 
189 815 
190 978 1043 1126 
191 238 298 305 404 578 2749 3139 4963 
192 2143 4563 4771 
193 811 1300 
194 235 1011 1371 1502 
195 339 1013 
196 583 605 914 1293 1401 
197 623 1273 4087 
198 632 
199 348 1658 2050 3765 
200 606 1036 
201 1210 1280 1428 1443 4042 
202 473 503 834 1008 
203 757 
204 309 1255 1634 4965 
205 914 
206 1692 
207 435 626 1410 
208 616 1205 1229 1366 3002 
209 746 3513 
210 618 935 
211 431 
212 781 938 2219 
213 457 1533 1564 1999 4319 
214 585 756 
215 2950 
216 297 490 777 977 1039 
217 343 702 1382 1394 1577 
218 1020 1499 3046 4355 
219 
220 390 1832 
221 854 1232 
222 344 427 
223 1457 
224 474 1044 1294 1649 
225 685 1481 1640 1890 2593 
226 1061 1609 4584 
227 1615 
228 2284 
229 966 1090 1522 
230 938 1121 1167 
231 484 
232 310 447 1000 
233 450 460 576 1088 1346 1614 
234 1147 1181 1364 4869 
235 
236 
237 628 827 1085 4411 
238 1291 1486 
239 1625 
240 356 1037 
241 475 1507 3095 
242 1428 1665 
243 343 1500 
244 1992 
245 648 
246 681 800 1664 
247 466 4656 4763 
248 1207 
249 493 748 4707 
250 1036 
251 288 472 875 1463 3414 
252 519 561 565 
253 514 626 884 1310 
254 503 521 591 810 2148 
255 281 1125 1462 
256 562 3704 
257 675 707 1302 3642 
258 279 2007 4141 
259 586 743 1389 1594 
260 290 1201 1328 1348 1563 
261 1111 1582 1678 
262 333 1254 1484 1922 4503 
263 552 722 1599 
264 717 
265 679 747 938 
266 552 1425 1555 2080 
267 335 1124 1264 1618 2347 4680 
268 829 1597 
269 772 1652 
270 447 750 920 1579 1583 
271 548 1072 1613 
272 451 1143 
273 921 1346 4510 
274 557 1158 1611 
275 1032 1528 
276 925 4954 
277 
278 672 775 974 3226 
279 
280 1111 1174 4094 
281 1662 
282 643 
283 2973 4820 
284 355 1490 
285 712 1504 2318 2794 
286 2529 
287 584 
288 364 610 658 2925 3027 
289 528 3271 
290 604 1088 
291 797 1367 1507 1809 
292 348 3541 
293 301 807 
294 
295 3397 3846 
296 972 1632 2036 2145 
297 797 936 1178 1179 
298 827 1410 1511 
299 526 1233 3885 
300 578 709 
301 508 538 686 1204 1511 
302 430 1094 1177 1470 1564 
303 673 1331 
304 
305 1262 1585 1929 
306 331 728 1506 1551 3055 
307 436 968 
308 589 1212 1375 2670 4840 
309 1257 4186 
310 409 1411 
311 672 2570 
312 405 
313 562 607 926 1306 1338 
314 371 617 632 
315 1355 4808 
316 1101 1166 1469 1636 3041 
317 1618 2853 
318 342 988 
319 598 
320 613 1251 1463 1499 4997 
321 387 741 1570 1890 
322 843 
323 2355 
324 481 1172 4044 4587 
325 502 1075 1364 1653 2457 
326 1577 1656 4361 
327 1237 
328 1318 1531 1640 
329 809 861 1199 1524 
330 837 1229 1530 2403 4734 
331 434 997 1452 3035 
332 646 967 1361 1623 1819 
333 1253 1494 3790 
334 
335 1179 1201 1504 
336 555 609 4622 
337 483 775 1028 1291 
338 638 
339 421 784 1558 
340 593 718 813 1432 
341 979 980 1004 1265 1410 
342 496 938 1438 1620 
343 373 972 1291 
344 830 1344 1894 
345 616 1511 
346 348 488 1551 
347 801 803 1149 1516 
348 1124 1579 
349 378 
350 984 
351 787 
352 1169 2915 
353 1165 4317 
354 439 585 761 1377 
355 367 807 1006 
356 934 1447 1517 2959 4909 
357 1066 
358 739 824 908 1422 1427 
359 950 997 1459 1643 4740 
360 882 1208 1318 1338 1526 1570 1910 
361 1567 
362 819 
363 698 928 1462 1983 
364 631 676 1192 1299 
365 
366 2498 
367 1343 1603 4995 
368 1223 2451 
369 1066 
370 681 
371 3377 
372 924 1342 
373 582 
374 
375 1405 
376 569 951 1410 2805 
377 495 838 942 982 1124 
378 795 1229 3649 
379 961 1248 1312 4666 
380 467 
381 
382 1018 1174 4840 
383 473 507 912 4188 
384 757 1057 1289 
385 481 
386 853 2729 
387 405 935 995 
388 
389 
390 418 1302 1769 4000 
391 434 1529 1541 
392 776 883 892 1227 1563 2717 
393 1610 1656 
394 727 
395 
396 689 
397 546 
398 
399 518 2816 4221 
400 816 1248 1463 
401 489 1042 1123 1172 
402 929 2371 
403 465 526 4660 
404 763 1155 3922 
405 559 1388 1549 3245 4282 4438 
406 687 717 
407 3567 4089 
408 972 1155 
409 1382 1405 
410 1010 1465 
411 548 1040 1208 1362 
412 937 1304 1985 3204 3895 4906 
413 556 571 946 1068 1502 1524 
414 1178 1364 1517 1568 3121 
415 667 1403 1601 3109 
416 789 1100 4256 
417 
418 853 916 979 1124 1591 2953 
419 621 778 4391 
420 
421 788 2213 
422 
423 1119 1223 
424 
425 945 
426 570 857 
427 475 496 1276 
428 799 1019 2152 4041 
429 454 921 1091 2046 
430 612 1356 
431 1580 4966 
432 748 3420 
433 588 2709 3087 
434 1001 
435 624 1027 
436 984 1777 
437 2215 4989 
438 535 748 782 1172 1247 1849 
439 1187 1427 4372 
440 
441 549 949 1189 
442 1562 1761 2578 
443 1633 
444 951 1041 
445 470 1196 1514 
446 816 1254 2352 2401 
447 4891 
448 1015 1527 3889 
449 602 657 905 1254 1559 1900 
450 533 1041 1214 2629 
451 997 
452 782 1234 1378 
453 1450 
454 1205 1546 1557 
455 682 1467 
456 532 661 711 728 770 800 3348 
457 973 4297 
458 575 1908 
459 682 776 
460 870 1171 4608 
461 888 1658 3106 4894 
462 883 933 1136 1653 4370 
463 1141 2605 
464 1659 2387 
465 
466 1507 
467 798 1195 
468 1342 
469 597 933 1214 4020 
470 1301 2143 
471 4710 
472 910 1517 1561 1665 2652 
473 790 973 
474 1257 1891 
475 4244 4995 
476 1194 1269 1466 
477 542 896 2682 
478 1177 1261 1406 1510 1542 1628 
479 
480 1412 1539 1597 2968 
481 1400 
482 649 3138 
483 805 814 
484 490 933 946 1114 
485 1261 1418 2495 
486 
487 709 4843 
488 571 688 717 949 969 4053 4862 
489 694 
490 542 
491 552 2181 
492 1323 4674 
493 896 1059 1341 1353 4049 
494 540 779 1130 1251 1646 4001 4318 
495 519 811 871 
496 901 4615 
497 517 727 858 1016 4988 
498 867 1032 
499 634 763 1536 2110 
500 858 1060 
501 513 1246 
502 526 533 616 1117 
503 753 1074 1456 
504 1299 1300 1405 
505 796 877 968 1012 1073 
506 731 749 1086 4033 
507 
508 1030 1124 1399 1581 
509 659 1300 4698 
510 1238 1403 1968 
511 1485 4143 
512 
513 628 1157 1282 1660 2410 4480 
514 847 2607 
515 608 838 945 1030 1125 1159 
516 1226 1249 2289 2963 
517 1359 2349 4433 
518 561 630 1006 1153 4786 
519 1197 1599 
520 658 1091 1648 2921 3491 4808 
521 640 938 1453 1610 
522 1302 
523 957 3144 
524 585 678 1605 4239 
525 720 1012 1223 
526 1653 3975 4773 4991 
527 1469 3775 
528 818 1040 1197 1329 2034 
529 566 
530 594 876 1387 1479 1802 4506 
531 1007 1526 3871 
532 725 3351 3962 
533 1361 1448 1487 
534 
535 696 1321 1604 3066 
536 955 
537 1406 
538 740 934 1048 
539 700 
540 1384 
541 1211 
542 1371 
543 1196 1334 1552 3669 4326 
544 809 866 1258 1516 2840 
545 4710 
546 683 
547 954 1448 
548 553 2876 
549 4715 
550 606 928 1092 2699 
551 1336 2990 4404 
552 929 1152 1367 
553 2420 
554 
555 1464 
556 1291 1563 1760 2965 4425 
557 888 1103 
558 1098 1178 1376 1507 
559 662 742 1041 1264 
560 996 1586 2306 
561 800 1031 1495 4996 
562 
563 786 997 1556 
564 886 969 1296 3636 
565 829 1665 
566 600 809 1153 
567 1039 3428 
568 1026 
569 746 1067 
570 632 907 1207 3451 
571 847 1074 1238 
572 809 
573 1040 
574 1115 1240 1255 
575 1029 1741 2013 
576 959 1075 
577 1570 
578 869 1329 
579 646 1313 3110 
580 994 1145 1209 
581 795 1462 
582 1185 1263 1634 
583 775 826 1119 1272 
584 1291 
585 1361 
586 
587 1290 1336 
588 1027 2113 3927 
589 608 727 1279 1429 
590 1383 1560 3012 
591 607 1472 1601 
592 1289 
593 
594 639 2861 4956 
595 4073 4798 
596 802 891 4019 4351 
597 1097 1102 1365 1633 3607 4712 
598 1907 4631 
599 3979 
600 
601 627 1531 1604 3909 
602 810 
603 966 1521 
604 1588 3490 
605 710 1055 1607 
606 1251 
607 927 1320 
608 
609 1003 
610 730 839 1350 
611 1581 3910 
612 1169 1635 
613 710 1146 1364 1449 1617 
614 947 
615 1063 1425 
616 1227 1289 3750 4776 
617 
618 737 1237 
619 759 949 1290 1527 
620 
621 1644 
622 629 2626 
623 718 986 1193 4335 
624 1267 1631 
625 686 
626 1060 1268 3162 3690 
627 791 1348 1397 
628 
629 754 1016 1300 4885 
630 976 1508 
631 973 
632 856 1360 1591 3615 
633 799 
634 780 1604 
635 3249 
636 1189 1305 1548 
637 788 1649 
638 670 1299 1302 
639 1610 4731 
640 1229 
641 1087 1266 
642 3115 
643 744 756 1032 4562 
644 1015 1790 2766 4768 
645 698 762 1157 
646 
647 1205 1518 
648 776 1079 3920 
649 
650 1169 
651 1569 
652 1224 
653 746 
654 1054 1149 
655 969 1170 1384 1821 4492 
656 4779 
657 948 
658 713 
659 673 731 1103 4232 
660 1544 1636 
661 1127 1157 
662 1068 1084 1261 
663 980 2776 2778 
664 
665 838 911 
666 2545 3828 
667 876 1056 
668 852 1263 2565 
669 3377 4091 
670 1589 2923 
671 855 1454 1501 
672 696 712 833 1035 3837 
673 1527 
674 688 
675 1239 3109 
676 
677 831 
678 994 1097 1289 2347 4213 
679 791 4556 
680 1277 
681 4206 
682 3270 
683 2464 
684 1165 1360 
685 
686 1205 
687 1132 1842 
688 4539 
689 
690 988 
691 815 1571 
692 881 1462 1657 
693 1591 
694 1607 4083 
695 2710 
696 834 1220 
697 1247 1389 1493 
698 1224 1492 1617 
699 
700 
701 1136 1473 
702 1277 2592 
703 1004 1131 1497 1640 1650 
704 1076 1077 1095 
705 943 1381 
706 1294 1403 1728 2003 
707 1269 
708 1388 
709 790 1343 
710 755 
711 723 1476 2706 
712 1568 
713 1404 
714 1539 
715 768 965 1115 2514 
716 1188 2779 4755 
717 881 
718 789 897 1552 
719 918 2142 
720 851 
721 1040 1579 1581 4191 
722 1167 1169 1512 
723 877 1217 
724 1138 3099 
725 1073 1443 
726 
727 1536 2482 
728 
729 858 
730 
731 732 1188 3956 
732 1218 1351 
733 896 4264 
734 1982 3945 
735 1211 
736 872 1410 
737 1302 1422 
738 1483 
739 1149 
740 1516 
741 
742 1272 1322 
743 989 
744 1347 1912 
745 864 2678 
746 900 997 
747 842 1251 1401 1567 2250 
748 907 989 1053 1299 
749 4737 
750 995 1095 1340 
751 4180 
752 
753 
754 869 1104 
755 777 809 1365 
756 1006 
757 1319 
758 783 1257 1397 1481 3968 
759 917 1389 1563 1647 
760 
761 1169 1428 1437 
762 1464 
763 1302 
764 799 1008 1254 
765 1382 1404 1456 
766 1271 4555 
767 851 
768 
769 1281 
770 792 1618 
771 853 2059 3871 
772 1115 1495 
773 1225 3622 3857 4276 
774 980 1057 
775 
776 1293 1569 
777 
778 943 1093 1378 1520 
779 1544 3374 
780 927 3992 4563 
781 1004 3047 
782 829 2695 
783 821 916 1073 1459 4177 4585 
784 1332 
785 1570 
786 1015 1303 2524 
787 879 1348 
788 1646 
789 1430 1603 1617 
790 1072 1218 4527 
791 810 924 3349 
792 901 
793 
794 2520 4467 4847 
795 
796 
797 
798 837 
799 1500 
800 872 1213 
801 1501 1567 1794 2437 
802 1377 1406 4285 
803 847 1541 
804 1056 1506 1552 
805 814 1198 1533 2867 4118 
806 1376 3014 3419 
807 3533 4518 
808 
809 1369 
810 
811 1074 1132 3340 4188 
812 
813 1028 1215 1284 2976 
814 1358 2599 3649 4412 4769 
815 843 1613 
816 1253 
817 1510 
818 1280 1482 
819 891 1020 1306 1462 1663 
820 1163 3814 
821 1083 2570 
822 1440 1443 
823 1639 
824 1529 
825 1659 2048 
826 893 934 
827 2996 
828 1354 
829 1116 
830 962 1439 
831 1042 
832 
833 2864 
834 1143 1780 3571 3816 
835 842 996 3464 
836 1056 
837 1192 3192 
838 1192 1450 2925 
839 1138 
840 2650 
841 1075 1553 
842 933 1019 1639 
843 887 1019 1304 4667 
844 1365 1387 
845 1453 3265 
846 958 
847 1158 1686 2273 
848 1574 4014 4251 
849 1078 1309 1572 4054 
850 1474 
851 1656 
852 4586 
853 1478 3463 
854 2187 3640 
855 1625 
856 891 936 961 
857 1166 
858 1239 1336 3892 
859 1121 1742 
860 
861 983 1547 
862 2101 
863 1187 3851 
864 1045 
865 
866 1321 3869 
867 989 1152 1370 4093 
868 1296 1408 1478 
869 1619 
870 4366 
871 
872 1474 2575 
873 
874 1098 
875 
876 3706 4789 
877 1029 2281 
878 1526 2743 
879 2180 
880 1302 4130 
881 979 
882 1212 
883 1095 1463 
884 1055 
885 
886 1045 1098 1183 1425 2393 
887 2027 
888 1518 
889 1100 1154 1220 
890 
891 1073 
892 945 1838 
893 
894 914 1335 3747 
895 1374 
896 909 1127 1321 1459 
897 1261 1436 
898 1357 1510 
899 1522 1788 3757 4421 
900 1116 
901 
902 1275 1467 2622 2670 
903 1479 2532 
904 
905 1064 1512 2310 
906 
907 2870 
908 1151 
909 4257 
910 1523 
911 1121 1131 2359 
912 1190 1495 1567 
913 1150 
914 
915 1332 1563 
916 1364 
917 
918 1058 1174 1653 3340 
919 1019 
920 1457 3547 
921 
922 1589 3563 4855 
923 994 2285 3947 4044 
924 1227 1343 1349 1357 1516 
925 1091 
926 1246 1420 
927 1589 
928 1230 
929 
930 1255 1508 3312 
931 1414 1669 2811 
932 1145 1663 
933 2203 
934 2890 
935 1206 1372 
936 4921 
937 1531 1626 3575 
938 3522 3935 
939 941 944 1093 1175 1294 
940 1026 1161 1296 
941 1428 
942 
943 
944 1180 
945 1402 2590 3919 
946 1110 1353 1493 4378 
947 3400 
948 1214 4916 
949 1192 
950 3141 4281 
951 1060 1136 1981 
952 2785 
953 1008 1119 1202 1351 
954 1456 
955 1069 1597 
956 2643 2716 4374 
957 1159 1448 2044 
958 1394 4949 
959 1105 1562 
960 1228 
961 1642 
962 
963 1101 1979 
964 1644 2325 2548 
965 
966 1578 4309 
967 3963 4538 
968 1151 3322 
969 1127 
970 1264 1637 
971 996 1089 1211 
972 1091 1583 2687 
973 1246 4640 
974 1203 
975 1193 1220 1420 
976 
977 1250 
978 1062 1320 1464 3712 
979 1653 
980 1513 
981 2111 
982 1422 2938 
983 1649 
984 3842 4612 
985 1610 2167 
986 1480 1543 2458 
987 1585 
988 1583 4567 
989 1221 1416 
990 1543 2926 
991 
992 
993 4560 
994 3086 
995 
996 1367 1532 1663 
997 3236 
998 3045 
999 1548 1552 
1000 1639 3687 
1001 4563 
1002 1107 2525 
1003 1069 3961 
1004 1443 1647 
1005 2442 
1006 1310 1394 
1007 1335 1481 
1008 1124 
1009 1140 1263 1309 
1010 1079 1149 1496 
1011 
1012 1634 4915 
1013 4518 
1014 1511 4740 
1015 1922 2991 
1016 1398 1567 
1017 1201 
1018 4014 
1019 1244 1264 1526 1913 
1020 1107 
1021 1069 1230 1410 
1022 1537 
1023 1030 1540 2626 3720 
1024 
1025 
1026 1052 1329 
1027 
1028 1077 
1029 1857 2762 
1030 
1031 
1032 1110 1509 4238 
1033 1299 
1034 1359 2614 
1035 1654 
1036 1445 4271 
1037 
1038 1104 
1039 
1040 1501 1537 
1041 1053 1655 
1042 1222 1619 
1043 1474 4503 
1044 
1045 1054 1191 
1046 1244 4315 
1047 2142 
1048 1084 1175 1370 1428 4717 
1049 1598 
1050 1627 
1051 2505 
1052 1453 
1053 1937 3965 
1054 2392 
1055 
1056 1093 1191 1471 1534 
1057 1830 
1058 
1059 3073 4554 
1060 1374 1543 
1061 1097 
1062 
1063 3284 
1064 1220 1583 
1065 1230 
1066 1448 
1067 1080 1349 2657 
1068 3046 
1069 4204 4730 
1070 
1071 1386 1427 4108 
1072 1194 1436 1533 4265 
1073 
1074 1214 4090 
1075 1255 
1076 
1077 1322 1347 1538 
1078 
1079 
1080 1357 1410 
1081 1443 
1082 2310 
1083 
1084 1513 1842 3936 
1085 1224 1619 2623 
1086 1188 1537 1574 3305 
1087 
1088 
1089 4091 
1090 1127 
1091 1335 1446 2966 
1092 1469 
1093 1152 1329 1394 3564 
1094 1370 3778 
1095 1179 1300 3143 
1096 
1097 1170 3731 
1098 1657 
1099 
1100 1148 1161 1468 1482 1579 
1101 1398 1572 
1102 1627 
1103 1109 1231 
1104 
1105 1456 
1106 1224 
1107 1305 1482 
1108 3182 
1109 1376 3499 
1110 
1111 3026 
1112 1243 1545 2650 
1113 1381 1626 
1114 1127 1280 1463 
1115 
1116 1463 
1117 
1118 1366 1644 
1119 2615 
1120 1333 
1121 4339 
1122 1613 
1123 1161 1643 
1124 1558 2029 
1125 1379 
1126 1413 
1127 1324 
1128 
1129 1614 2092 3875 
1130 
1131 
1132 1352 2717 
1133 1261 3616 
1134 1335 1429 1519 
1135 1402 
1136 
1137 1696 2165 
1138 1354 1587 
1139 1419 2151 3889 
1140 1426 3231 3513 
1141 1642 
1142 1229 2445 2819 
1143 2002 2218 
1144 4923 
1145 
1146 4011 
1147 1318 1424 
1148 3672 4286 
1149 
1150 1332 
1151 1250 1318 
1152 1355 1479 3974 
1153 1693 
1154 1537 
1155 
1156 1467 
1157 
1158 1329 3643 4223 
1159 1612 
1160 
1161 
1162 1543 2798 
1163 3122 
1164 
1165 1486 
1166 
1167 1583 
1168 1625 4141 
1169 2345 3715 
1170 1171 1184 1494 3631 
1171 
1172 1289 1525 1584 1628 2613 4672 
1173 2529 
1174 
1175 1188 
1176 1638 
1177 
1178 1263 2295 
1179 2600 
1180 1378 3184 
1181 1563 4553 
1182 
1183 2721 
1184 
1185 1486 3658 
1186 1584 3173 3291 
1187 1566 
1188 1520 
1189 
1190 
1191 
1192 1206 1435 1443 
1193 
1194 
1195 1354 1376 
1196 1674 2618 
1197 
1198 
1199 1392 1579 
1200 2738 
1201 1313 
1202 
1203 
1204 
1205 1218 1541 
1206 1422 1589 
1207 3691 
1208 1397 
1209 1631 1650 
1210 
1211 2434 
1212 
1213 3547 
1214 1373 1387 1913 2265 
1215 3500 
1216 1651 4377 
1217 1283 
1218 
1219 2322 3640 
1220 1298 4099 
1221 
1222 
1223 
1224 1444 1452 2548 
1225 4891 
1226 2421 
1227 1250 
1228 1298 1537 
1229 1349 
1230 1543 
1231 1414 1415 4491 
1232 
1233 1264 
1234 3062 4190 
1235 1366 1561 4763 
1236 
1237 3221 
1238 4353 
1239 
1240 1623 
1241 3090 3498 
1242 1569 
1243 
1244 1566 2618 2793 
1245 1570 
1246 1334 
1247 
1248 1289 4723 
1249 
1250 2994 
1251 
1252 
1253 
1254 
1255 
1256 1292 
1257 1302 
1258 1313 2124 
1259 
1260 1307 1317 
1261 1278 
1262 1573 
1263 3327 
1264 
1265 
1266 1464 2313 2847 
1267 
1268 1435 2195 
1269 4868 
1270 1570 
1271 1614 2524 
1272 1637 
1273 4880 
1274 1613 
1275 3675 4499 4686 
1276 1354 1426 2027 3791 4795 
1277 
1278 1585 1933 3193 
1279 
1280 1555 2193 4065 
1281 1717 
1282 4062 
1283 1505 
1284 3324 
1285 
1286 
1287 2837 
1288 
1289 1311 2386 
1290 1464 1638 
1291 2002 
1292 4065 4415 4823 
1293 
1294 1349 4882 
1295 
1296 
1297 
1298 1306 1920 
1299 1362 
1300 
1301 1450 1499 1644 2345 
1302 1471 
1303 1478 
1304 1599 
1305 1622 
1306 
1307 
1308 
1309 
1310 1323 2375 
1311 1446 
1312 3563 
1313 
1314 1362 1399 
1315 1564 
1316 1496 
1317 1494 
1318 1570 
1319 
1320 1466 
1321 1475 
1322 
1323 1534 3982 4978 
1324 1655 
1325 1529 
1326 1561 
1327 
1328 2272 
1329 
1330 
1331 1535 2669 
1332 1438 1532 
1333 4582 
1334 
1335 2596 3228 4299 
1336 
1337 3635 
1338 4244 
1339 1542 1574 
1340 2919 3955 
1341 
1342 
1343 3155 
1344 
1345 1434 2618 4248 
1346 1637 3191 3564 
1347 1562 
1348 
1349 1505 4553 
1350 4227 
1351 1359 4444 
1352 
1353 2860 2940 
1354 2238 
1355 1459 3567 
1356 1611 
1357 1459 
1358 
1359 2261 
1360 2330 3389 
1361 1896 2798 
1362 
1363 1471 
1364 
1365 4373 
1366 1424 
1367 
1368 1545 3871 
1369 1573 
1370 2710 4367 
1371 3647 
1372 3676 4226 4328 
1373 1421 
1374 1410 3441 
1375 1390 3811 
1376 2480 
1377 
1378 4923 
1379 
1380 1596 
1381 1501 2028 4856 
1382 
1383 3419 3942 
1384 1514 2265 
1385 1455 
1386 
1387 3988 
1388 1540 
1389 1517 1533 4093 
1390 2704 
1391 
1392 
1393 
1394 2144 4262 
1395 1455 
1396 1519 
1397 1579 
1398 1479 3461 
1399 
1400 1439 2051 3095 
1401 
1402 1403 
1403 4393 4549 
1404 3452 
1405 1665 
1406 1506 4663 
1407 
1408 
1409 
1410 4937 
1411 
1412 1465 
1413 
1414 
1415 
1416 
1417 2880 4857 
1418 
1419 1451 3108 3810 
1420 
1421 
1422 1560 
1423 2319 
1424 1898 
1425 
1426 2398 
1427 1432 1592 
1428 3188 3205 
1429 
1430 2021 
1431 
1432 1624 1666 
1433 1512 1585 1642 
1434 1611 
1435 1493 1549 
1436 
1437 
1438 3999 
1439 4261 
1440 1490 1612 
1441 
1442 
1443 1624 2539 
1444 1661 
1445 
1446 4157 
1447 1525 
1448 2214 3011 4133 4211 
1449 1471 
1450 1792 
1451 
1452 1665 
1453 
1454 1647 2089 
1455 4093 
1456 4040 4895 
1457 
1458 
1459 
1460 1490 
1461 
1462 1573 1576 
1463 3342 
1464 1619 
1465 4084 4533 
1466 2868 
1467 2280 
1468 
1469 
1470 1576 
1471 
1472 
1473 3729 
1474 
1475 1658 
1476 2644 4139 
1477 1906 3649 
1478 1543 
1479 
1480 2737 4795 
1481 3735 4154 
1482 
1483 1556 2466 3777 
1484 4070 
1485 
1486 2184 2442 
1487 3401 
1488 
1489 3733 
1490 1603 
1491 
1492 
1493 2431 4932 
1494 1535 1571 3037 
1495 2182 
1496 
1497 
1498 
1499 
1500 
1501 4497 
1502 
1503 
1504 1515 2087 
1505 
1506 
1507 
1508 3302 
1509 
1510 1575 1642 
1511 
1512 1546 1649 
1513 1727 4577 
1514 
1515 2891 4991 
1516 2064 
1517 1609 
1518 
1519 2635 
1520 1652 
1521 
1522 
1523 
1524 
1525 
1526 1654 
1527 
1528 
1529 3934 
1530 1618 1789 
1531 2137 2926 
1532 
1533 1572 
1534 2558 
1535 1913 4040 4176 
1536 2121 4189 
1537 1630 
1538 3642 
1539 
1540 
1541 
1542 1672 
1543 
1544 
1545 
1546 4784 
1547 
1548 1557 
1549 2575 
1550 1723 
1551 
1552 
1553 
1554 1661 2338 
1555 1655 
1556 
1557 1779 
1558 4873 
1559 
1560 1622 
1561 
1562 
1563 1822 
1564 2180 
1565 1977 2116 
1566 
1567 
1568 2248 2425 
1569 
1570 1849 
1571 4222 
1572 2319 
1573 
1574 4328 
1575 
1576 
1577 1663 4161 
1578 
1579 1613 2350 
1580 1926 3911 
1581 1611 
1582 1589 
1583 3982 
1584 1655 1727 
1585 4136 4774 
1586 1645 3478 4355 
1587 2500 
1588 3906 
1589 1626 1761 
1590 4469 
1591 
1592 
1593 2299 
1594 
1595 
1596 
1597 4328 
1598 1656 
1599 2580 
1600 
1601 
1602 
1603 2548 
1604 2090 4828 
1605 
1606 
1607 4427 
1608 
1609 
1610 
1611 
1612 
1613 
1614 2417 3163 3170 
1615 1624 
1616 
1617 1625 
1618 
1619 
1620 
1621 4125 
1622 3106 
1623 
1624 2288 
1625 
1626 
1627 3205 
1628 
1629 2312 
1630 2736 
1631 
1632 1644 1656 
1633 1678 
1634 3848 4605 
1635 2738 
1636 
1637 1747 
1638 1944 
1639 
1640 
1641 
1642 
1643 2612 
1644 
1645 
1646 
1647 
1648 4100 
1649 
1650 1735 3283 
1651 
1652 4908 
1653 
1654 3887 
1655 4771 
1656 
1657 
1658 
1659 
1660 4928 
1661 4951 
1662 
1663 
1664 4782 
1665 
1666 1888 1920 2973 3291 4604 
1667 3175 
1668 2336 2355 
1669 1747 2831 2906 2925 3237 
1670 1870 1958 2133 3633 
1671 1871 1982 2636 3235 
1672 2034 2161 
1673 2202 2667 
1674 1954 2424 2742 3084 
1675 2055 2088 2894 3190 
1676 3114 
1677 1923 2199 
1678 2016 3206 
1679 2672 2720 
1680 2562 3015 
1681 2276 2317 2337 
1682 2553 
1683 1785 2638 4954 
1684 2292 2511 2759 4760 
1685 2737 2768 3130 3250 3275 
1686 2022 
1687 1982 2077 2153 
1688 2652 
1689 1845 2676 3267 
1690 1828 2529 2613 2816 2842 3600 3704 4730 
1691 1693 2136 3002 3149 
1692 1720 1937 2971 
1693 2391 2471 3088 4296 
1694 2315 2770 
1695 1755 2960 3240 4463 
1696 1777 2486 2647 2869 2955 4630 
1697 2571 2920 3279 
1698 1705 
1699 1918 2212 2961 
1700 1765 1840 2266 2309 3194 
1701 2061 2311 2614 2698 2700 3053 
1702 3081 4854 
1703 1704 2209 2340 2957 3025 
1704 2228 2249 
1705 1759 1980 2233 2529 3259 
1706 1966 2145 2173 2338 2681 
1707 
1708 2166 2893 2991 
1709 1772 2368 2683 2722 3013 
1710 2628 2972 
1711 1771 1806 
1712 2778 2924 3137 
1713 1999 
1714 2103 2288 2901 
1715 1844 2421 2556 2581 3293 
1716 2160 2439 2551 2686 2983 3083 
1717 1923 2206 3097 
1718 1924 2022 2384 2767 3116 4406 
1719 1720 3158 
1720 1783 2080 2556 
1721 1850 4049 
1722 1807 1829 1848 2537 2544 2726 2873 2940 3213 
1723 2306 3287 
1724 1736 2193 3151 3328 
1725 2080 2246 2467 
1726 1785 1833 2047 3321 
1727 2251 2308 2526 2703 4148 
1728 2277 2361 2392 2682 3118 3289 3930 
1729 2064 3157 4410 4934 
1730 2965 3285 
1731 1745 4885 
1732 1775 2068 2950 
1733 2250 3336 
1734 2363 2555 3078 
1735 2024 2274 2315 2402 2535 2731 3385 4522 
1736 2233 3006 
1737 2893 3066 4660 
1738 1782 2030 2377 3025 
1739 2730 
1740 2123 2234 2290 
1741 1977 2376 2845 
1742 3031 3101 
1743 3263 
1744 1844 1954 2153 2887 3261 
1745 2077 2757 3219 4497 
1746 1918 3211 
1747 2560 2770 3266 
1748 2508 3114 
1749 2024 2364 2765 
1750 2615 
1751 2162 2436 2939 2952 
1752 2091 
1753 2071 2984 
1754 2370 2432 2630 2688 2733 
1755 1872 3086 4446 
1756 1995 2368 2624 2635 3191 
1757 2641 
1758 1795 
1759 1805 2837 2898 
1760 2583 2986 3171 
1761 2559 2689 3179 
1762 2419 2512 2809 2980 
1763 1896 
1764 1882 2307 2907 2940 2977 3217 
1765 
1766 2445 2574 4792 
1767 1839 2282 
1768 1874 2030 2737 2960 3114 
1769 2180 2404 3074 
1770 2347 3193 
1771 2969 3021 3111 3181 
1772 2043 2509 2894 
1773 1940 3042 3101 3109 3113 
1774 
1775 
1776 1849 2578 2962 
1777 2000 2373 2388 2403 2457 2935 
1778 1808 2030 2420 3007 3101 
1779 2093 
1780 2566 2974 
1781 2405 
1782 2957 4494 
1783 2651 2854 3265 
1784 2015 2931 3059 
1785 1995 2409 
1786 2757 2790 
1787 
1788 1885 3033 
1789 1943 3194 
1790 2402 2758 
1791 
1792 1869 
1793 2219 2415 2523 2539 
1794 2250 2330 2809 3230 
1795 
1796 3229 
1797 2041 2396 2657 2798 
1798 1921 2340 2425 2932 3083 
1799 2052 
1800 1986 2487 
1801 2573 
1802 1965 1994 2001 2666 3147 
1803 
1804 2502 2753 2974 
1805 2177 2719 3934 
1806 1835 1974 3528 
1807 2152 
1808 2722 3021 3027 
1809 2332 2739 3114 
1810 3825 
1811 1897 2082 2332 2508 2557 
1812 1852 
1813 1944 2094 
1814 2373 
1815 1951 2813 3993 4396 
1816 2755 
1817 2200 3087 
1818 3197 
1819 2675 2878 2894 
1820 2646 
1821 2706 
1822 2230 2275 2982 3102 
1823 2133 2252 2675 2816 
1824 2076 2780 4719 
1825 2031 2925 3214 
1826 2489 
1827 1856 3237 
1828 1877 1978 2260 2278 2791 2826 3259 
1829 2143 2155 2908 4730 
1830 
1831 2395 3013 
1832 2125 
1833 2056 2624 2732 3060 3108 3887 4293 
1834 
1835 2079 2220 2942 
1836 2201 2205 2741 3287 
1837 1840 3053 3066 
1838 1993 2410 
1839 2052 
1840 1954 2246 2708 2767 4092 4962 
1841 2505 3221 
1842 2019 2390 2742 3049 3178 3187 
1843 2626 3224 
1844 2161 
1845 2350 3500 
1846 2197 2446 
1847 1928 2023 2040 2449 2481 2822 3548 
1848 2740 3078 3294 3884 4783 
1849 2604 3841 
1850 2594 2925 2991 4363 
1851 1950 2157 2809 3285 
1852 2331 2391 
1853 2334 
1854 2969 3407 
1855 3895 
1856 2161 2394 2855 
1857 2411 
1858 2343 2747 2765 3195 
1859 1866 2673 
1860 2133 2145 2161 2973 
1861 2069 2500 2839 3049 
1862 2662 
1863 3087 
1864 2632 2753 3176 
1865 2344 2495 2564 3072 3095 
1866 1985 2450 
1867 3196 
1868 2271 3070 
1869 2478 
1870 2984 3288 
1871 2030 2349 2660 
1872 4009 
1873 2058 2871 3185 
1874 2142 2533 2592 3323 
1875 2297 2309 2798 2822 
1876 2380 2440 2606 2787 2943 3037 
1877 2002 2419 3713 
1878 2760 4476 
1879 2543 2959 
1880 
1881 1976 2125 2736 
1882 2081 2187 2845 
1883 2495 
1884 2174 2872 2952 3061 3224 
1885 2054 2142 2934 
1886 2188 2864 
1887 2558 
1888 2243 2788 2808 
1889 2783 3041 
1890 2322 2330 2966 
1891 1979 2489 2791 3160 
1892 4956 
1893 
1894 1982 2632 2938 
1895 1996 2336 2442 
1896 2066 3115 
1897 2167 2367 2473 2564 3512 
1898 2632 
1899 2164 2314 
1900 3168 
1901 2004 2066 
1902 2413 2612 
1903 2703 
1904 2590 3311 
1905 2475 2804 
1906 2077 2641 2728 3292 4874 
1907 2701 4210 
1908 3043 
1909 2398 2464 2599 
1910 2162 2578 3176 3257 4496 
1911 2284 3271 
1912 2194 2807 3094 3272 
1913 2055 2103 2523 2709 3194 
1914 3015 3202 4150 
1915 1954 2327 2664 
1916 2971 
1917 2234 2583 2696 2811 3244 
1918 2386 2388 2451 4901 
1919 4687 4895 
1920 2648 2717 2746 3659 3891 
1921 1995 2050 2730 3031 3057 
1922 2796 
1923 2409 3058 
1924 1931 4955 
1925 1930 
1926 2062 3233 3269 4000 
1927 1963 2032 
1928 
1929 2117 2803 3089 3121 
1930 2077 2279 2387 2884 3755 
1931 2597 2983 3303 
1932 2084 2273 2306 3042 
1933 2607 3469 
1934 2007 3280 
1935 
1936 2112 2372 2485 4060 
1937 2022 2300 3291 
1938 2122 
1939 2242 3097 3251 3919 
1940 2281 2913 
1941 2346 4352 
1942 1956 2239 3843 
1943 2060 2223 2260 2266 3122 3535 
1944 2396 2641 3302 3953 
1945 2473 
1946 2195 2866 3247 
1947 2216 2692 
1948 2748 
1949 2118 2530 2533 2591 2827 4115 
1950 2492 3166 
1951 
1952 2009 2247 2733 2792 3390 
1953 2327 2498 2572 
1954 3070 
1955 2016 2338 2451 2730 3079 
1956 2305 
1957 2002 2192 2370 2478 4520 
1958 2383 2821 
1959 2709 
1960 3082 3184 3790 
1961 2520 2693 
1962 3200 3241 3242 
1963 1979 2218 2482 2941 4058 
1964 2744 3475 
1965 2050 2150 2222 2967 3331 
1966 2175 2431 2550 
1967 2181 2797 2952 
1968 4220 
1969 3315 
1970 2457 
1971 2074 2328 2413 2811 2834 3137 4986 
1972 1996 2550 
1973 2261 2980 3404 
1974 4838 
1975 2212 2817 4586 
1976 1983 2034 2488 2515 3280 
1977 2877 
1978 2300 2540 2546 
1979 2570 2897 3230 
1980 2410 2578 2898 3019 3277 3813 
1981 2388 
1982 2231 
1983 2542 3103 3153 
1984 2035 3009 
1985 2013 2164 3235 
1986 2155 2413 2549 2918 
1987 2079 2550 3294 
1988 3091 4469 
1989 2280 2363 2732 2804 4209 
1990 2026 2843 3004 3435 
1991 2959 3142 
1992 2066 4592 
1993 2059 2065 3139 3890 
1994 2377 
1995 2058 2856 
1996 2305 2740 2863 
1997 2086 3108 3327 3854 4638 4772 
1998 2715 3318 3323 
1999 2575 
2000 
2001 2635 2650 2851 3024 
2002 2879 
2003 2405 2447 2536 2922 3029 3299 3777 
2004 2700 3076 
2005 2385 2944 4713 4811 
2006 2481 2694 3261 
2007 3079 
2008 2593 2652 
2009 
2010 2122 2163 2905 2942 3113 3141 
2011 2161 2463 2724 3079 3125 
2012 2655 3276 
2013 3267 
2014 2834 4660 
2015 2470 
2016 2302 
2017 2295 2608 
2018 3971 
2019 
2020 2840 2926 
2021 2041 2158 3868 
2022 2434 
2023 2141 
2024 2946 
2025 2037 2554 3174 
2026 2605 2692 
2027 
2028 2325 2353 2842 3122 3203 
2029 2384 3034 3179 
2030 
2031 4610 
2032 2286 2508 2609 3101 
2033 2336 2613 
2034 2210 2917 2929 3100 
2035 2625 
2036 2111 2178 
2037 2209 
2038 3177 3239 3278 4736 
2039 
2040 2106 2610 2867 2869 4741 
2041 2357 2720 3143 
2042 2101 2114 2593 2793 3122 3270 
2043 2180 2357 2361 2796 3292 3642 4581 
2044 2524 2589 2796 3130 
2045 2559 3232 
2046 2171 4593 
2047 2811 2824 
2048 2371 2586 2728 3029 
2049 2435 2605 2860 2898 2936 3075 
2050 2183 3169 
2051 2227 3220 4575 
2052 2600 2789 3098 
2053 2675 
2054 2254 2389 3007 3165 
2055 2887 3889 
2056 2108 2241 2566 3912 
2057 2574 2827 2929 4442 
2058 2104 2818 2829 2938 3120 3197 
2059 3666 4929 
2060 2780 
2061 2709 2870 
2062 
2063 3081 3112 3136 3243 4625 
2064 2895 
2065 2123 2368 2451 2975 3141 3228 
2066 2853 
2067 2782 2812 3220 
2068 2623 2835 
2069 2578 2825 2952 3241 3287 
2070 
2071 3060 
2072 2679 3044 4512 
2073 
2074 
2075 2927 3006 
2076 2808 
2077 2306 2937 3131 3159 
2078 
2079 2688 3278 3652 
2080 
2081 3178 3279 3812 4525 
2082 2229 2706 4860 
2083 2108 2863 3136 3263 4176 
2084 2203 
2085 2188 2621 
2086 2251 2287 2589 3025 
2087 
2088 2348 2680 3269 
2089 2224 2910 
2090 2232 2329 3118 
2091 2745 3215 
2092 2867 2914 3136 
2093 
2094 2481 2933 
2095 2893 3275 
2096 
2097 
2098 2174 2999 
2099 2343 2829 2916 2963 
2100 2400 2480 2665 2789 3111 
2101 4051 
2102 2259 2383 2423 2700 2826 3279 
2103 2281 2856 
2104 2758 
2105 2113 2268 
2106 3989 
2107 3121 3219 
2108 2945 3035 3048 
2109 2470 2635 2858 2956 
2110 2273 2290 
2111 2125 2487 
2112 2318 
2113 
2114 2497 2628 4064 
2115 2283 2900 3529 
2116 2544 
2117 2441 2871 3263 3938 
2118 3797 
2119 2297 2448 2661 
2120 2907 3192 
2121 2224 3757 
2122 
2123 
2124 2732 
2125 2896 
2126 2468 2772 4068 
2127 2825 3273 
2128 
2129 2541 2743 
2130 2652 3842 4267 4632 
2131 2230 2234 2371 2445 3832 
2132 2508 3102 
2133 3001 3055 
2134 2224 2652 2725 3130 3158 3213 
2135 2303 2362 3105 
2136 3126 3224 3275 3930 4951 
2137 2492 2495 2890 
2138 2285 2833 4358 
2139 2880 3977 
2140 2142 2529 
2141 3082 3108 3114 3156 4289 4808 
2142 
2143 2344 
2144 2446 3154 3226 
2145 2245 2805 2892 3060 
2146 2262 
2147 
2148 2467 
2149 3089 
2150 2502 2686 2733 2839 3313 3768 
2151 2666 3441 3443 
2152 2201 
2153 2185 
2154 2568 3320 
2155 2254 2423 3550 4964 
2156 2744 3315 4058 
2157 2413 2460 
2158 2267 2872 
2159 2608 2644 2666 
2160 2389 3163 3249 3787 4183 
2161 
2162 2665 2803 3148 
2163 2326 2520 3031 
2164 
2165 2215 2243 2253 2668 3276 
2166 3020 3319 3481 4458 
2167 2444 2999 4578 
2168 2827 3279 3926 4303 
2169 2439 
2170 2920 
2171 2641 2868 
2172 2517 
2173 2365 
2174 2732 
2175 
2176 2201 2850 
2177 2800 3026 3117 
2178 2462 2749 
2179 3401 
2180 2612 3105 3123 
2181 2297 3178 
2182 2289 
2183 2467 3325 3701 
2184 3190 
2185 
2186 2545 2863 3201 3251 3272 
2187 2275 2696 3119 3657 
2188 
2189 2533 2843 3021 3159 
2190 2544 2675 2818 2844 2866 3126 
2191 2226 
2192 2514 2886 3080 
2193 2654 
2194 3083 
2195 2738 2744 
2196 3297 
2197 2845 
2198 
2199 2668 2679 
2200 2266 2449 2490 2563 2672 3036 3193 
2201 
2202 2319 2467 2595 
2203 2342 2888 2889 
2204 2553 3846 
2205 2296 2859 2911 3085 
2206 2739 2850 3044 3190 
2207 4170 4598 
2208 2839 3210 3211 
2209 2668 3254 3748 
2210 3189 3912 
2211 2503 2596 
2212 2337 
2213 2302 
2214 2651 
2215 3513 4096 
2216 4669 
2217 2458 2683 
2218 2954 
2219 2535 3189 3707 
2220 2423 
2221 2297 2780 3662 
2222 2640 2746 2769 4416 
2223 3154 
2224 2703 3030 
2225 2408 2947 3156 
2226 2955 
2227 2804 
2228 2411 2576 2708 
2229 2403 
2230 2720 2997 3141 
2231 2333 
2232 2922 3158 
2233 2755 4238 
2234 2334 2662 2784 3871 
2235 2374 2711 2729 3726 
2236 3083 
2237 2313 3209 
2238 3165 
2239 2566 2697 
2240 2641 
2241 2449 2902 3202 
2242 2298 
2243 3133 3264 4905 
2244 3265 4941 
2245 
2246 
2247 2323 2372 
2248 
2249 
2250 2585 2824 2862 3130 3684 
2251 2524 3236 4837 
2252 2820 3062 4749 
2253 3000 3174 
2254 
2255 2306 2320 2377 3069 
2256 2780 
2257 
2258 2587 3204 
2259 2386 
2260 2571 2884 2995 3273 
2261 2895 2971 
2262 3284 
2263 3135 
2264 2306 2967 
2265 
2266 2332 2993 3175 
2267 4226 
2268 2499 2725 3291 
2269 2292 2478 2831 
2270 3043 3195 4151 
2271 2355 3136 3138 3466 4949 
2272 2392 2732 
2273 3034 3218 3728 
2274 2440 2774 2945 
2275 
2276 4772 
2277 2371 2657 2939 
2278 2473 2759 3122 
2279 2890 3019 3084 4404 
2280 3091 3189 
2281 
2282 2624 2894 
2283 
2284 2431 3038 
2285 2940 
2286 2720 2923 
2287 2304 
2288 2928 3275 3996 
2289 
2290 2329 3316 3421 4704 
2291 2412 2718 
2292 2659 3155 3174 3279 
2293 2294 2939 
2294 2385 
2295 2569 2866 2939 
2296 2379 
2297 2375 2726 2902 3065 
2298 2656 2886 2924 3103 4624 
2299 3596 
2300 
2301 2679 3143 
2302 3227 
2303 
2304 2778 
2305 2758 3039 
2306 
2307 2835 4255 
2308 2442 2469 
2309 2336 
2310 2691 
2311 2367 2400 
2312 2468 
2313 2358 2924 3082 4540 
2314 2335 2798 2894 
2315 2912 
2316 2832 2880 
2317 2759 2760 
2318 2604 
2319 2339 2668 2734 
2320 3248 
2321 
2322 2457 2497 2623 
2323 3129 
2324 
2325 
2326 
2327 2709 
2328 2907 4875 
2329 2820 3228 
2330 2543 2778 
2331 2556 3669 4513 4563 
2332 2624 
2333 2675 2762 
2334 2531 2742 3313 
2335 2435 2585 2832 
2336 2605 2629 2839 2945 
2337 2623 3156 3243 3290 
2338 2938 3102 3113 
2339 3218 
2340 2388 3034 
2341 2853 3022 
2342 2504 4688 
2343 
2344 2668 3082 
2345 2389 3126 4190 
2346 2393 4046 4607 
2347 2544 2901 3076 
2348 2368 
2349 
2350 2837 3166 3193 
2351 2785 3031 4233 
2352 2982 
2353 2670 2703 3130 
2354 2503 3042 3217 3847 4019 
2355 
2356 2368 2816 
2357 2877 
2358 2803 
2359 2795 2969 3204 3266 
2360 2598 4503 
2361 2875 
2362 
2363 3023 3040 
2364 
2365 2397 2935 3905 
2366 2730 3061 
2367 
2368 2494 2929 
2369 3217 
2370 2459 2512 
2371 
2372 2854 
2373 2559 2981 3119 
2374 
2375 2444 3020 3393 
2376 2919 4149 
2377 2739 2945 3261 
2378 3162 3185 3255 
2379 2589 2707 3162 3289 
2380 2824 3210 
2381 2798 3101 3144 
2382 3051 3264 4001 
2383 2590 2924 3258 
2384 
2385 
2386 2553 2653 
2387 2550 2573 2654 2795 
2388 2989 3119 
2389 2957 4114 
2390 2502 
2391 2425 2830 
2392 
2393 2543 
2394 
2395 3214 
2396 2684 3067 
2397 2958 
2398 2655 
2399 
2400 2858 4578 
2401 3265 4514 
2402 2531 3754 
2403 
2404 2428 
2405 2438 2500 2528 
2406 3198 
2407 2585 4966 
2408 2594 
2409 3251 
2410 2433 2578 2761 3259 
2411 2435 2941 2974 
2412 
2413 2532 2782 2835 
2414 3001 3088 3147 
2415 2451 
2416 2828 3034 
2417 2436 2600 2657 3027 
2418 2520 2684 3858 
2419 
2420 
2421 2791 2911 
2422 
2423 2952 3026 
2424 2869 3411 
2425 
2426 2852 3001 3106 
2427 2456 
2428 2533 
2429 3691 3869 
2430 2917 3049 3211 
2431 
2432 2545 2897 3002 
2433 2812 3120 3230 
2434 2935 3204 4685 
2435 3011 4729 
2436 
2437 2668 3035 3135 
2438 2966 4479 
2439 2938 3028 
2440 2664 2849 3209 4993 
2441 
2442 3174 3306 
2443 2627 
2444 2665 2991 
2445 2650 3119 
2446 
2447 2848 2964 3282 4757 
2448 
2449 
2450 2522 
2451 3191 
2452 2481 2917 3013 
2453 2977 
2454 3076 3190 
2455 4949 
2456 2759 3073 
2457 3220 
2458 2637 2794 4535 
2459 3220 
2460 3083 3220 
2461 2496 
2462 3163 
2463 4259 4779 
2464 
2465 3086 
2466 2701 2773 2875 2941 
2467 2556 3217 3842 
2468 
2469 2976 
2470 2952 
2471 3067 
2472 
2473 2649 2973 
2474 
2475 3120 3677 4448 
2476 2867 
2477 3043 
2478 
2479 3274 3967 
2480 2484 2538 2611 
2481 2980 3075 
2482 2653 2870 
2483 3292 4977 
2484 2942 3023 
2485 2533 2737 3127 3685 3741 
2486 2580 2634 
2487 
2488 
2489 2975 
2490 2508 3071 
2491 3099 4855 
2492 
2493 2949 3149 
2494 2964 3052 
2495 2513 2682 2984 
2496 2547 2578 3126 
2497 2871 3245 
2498 2659 2966 
2499 2895 3135 4017 
2500 2533 
2501 2978 3134 
2502 3355 
2503 
2504 2979 
2505 3625 4202 
2506 3008 
2507 3386 
2508 2551 
2509 2812 3680 
2510 
2511 3076 3377 
2512 2599 2872 3115 3886 
2513 2627 2821 3164 
2514 2643 3219 
2515 
2516 2652 2974 
2517 2585 
2518 4751 
2519 2742 2880 
2520 
2521 2844 2860 2887 
2522 
2523 
2524 
2525 3052 3205 3299 4200 4880 
2526 2626 
2527 2797 2963 
2528 
2529 2565 2607 
2530 
2531 
2532 3030 3296 4008 
2533 2661 
2534 2786 
2535 2596 3039 
2536 2991 3057 3125 3184 
2537 2789 3012 
2538 3203 
2539 4545 
2540 2691 3083 
2541 3457 
2542 3417 3690 
2543 2607 2867 
2544 3195 4536 
2545 2566 2789 4605 
2546 
2547 3151 
2548 
2549 
2550 
2551 2597 
2552 
2553 4090 
2554 2610 3077 4258 
2555 2660 2877 4677 
2556 3868 4927 
2557 3092 3949 
2558 3854 
2559 
2560 
2561 2637 3201 
2562 2634 2822 
2563 2707 3208 
2564 
2565 2956 3244 
2566 
2567 2958 3067 
2568 2582 2893 3218 
2569 3171 
2570 2721 3318 
2571 4166 4828 
2572 2715 4244 
2573 
2574 
2575 2751 3273 3309 
2576 2732 3023 
2577 2978 3305 
2578 2892 
2579 
2580 3046 
2581 3331 
2582 2631 2927 
2583 2858 
2584 3025 
2585 
2586 3257 
2587 3182 
2588 3019 
2589 2661 
2590 
2591 3149 
2592 
2593 
2594 2714 4450 
2595 2796 2849 
2596 
2597 
2598 2630 
2599 2911 3201 
2600 
2601 2643 2699 3536 
2602 2758 
2603 2669 
2604 2873 
2605 4378 
2606 2900 3282 3748 
2607 4815 
2608 2920 
2609 3069 
2610 2678 3140 
2611 3046 
2612 
2613 
2614 2821 
2615 
2616 3183 4009 
2617 4606 
2618 
2619 2684 4582 
2620 3508 
2621 
2622 
2623 3093 
2624 2651 3029 
2625 2864 3195 
2626 2768 3400 
2627 2878 
2628 2659 2726 
2629 
2630 
2631 
2632 2666 3284 4131 
2633 3304 
2634 
2635 2878 3229 3368 
2636 2886 
2637 
2638 2688 2795 3130 
2639 3061 3167 3226 
2640 3130 
2641 2907 3040 
2642 2961 3308 
2643 2930 
2644 3905 
2645 2903 3112 
2646 2704 
2647 3128 3237 3268 
2648 3179 
2649 3181 
2650 2948 3101 4796 
2651 2863 2992 3640 
2652 2906 2974 3036 
2653 
2654 3237 
2655 
2656 
2657 2705 
2658 3030 3072 
2659 3066 4972 
2660 3162 
2661 2738 3041 3326 
2662 4135 4622 
2663 2908 
2664 2840 3160 
2665 2962 
2666 
2667 2863 
2668 3034 
2669 3277 
2670 
2671 
2672 
2673 2865 
2674 2848 3161 
2675 2793 2907 
2676 3164 
2677 3786 4527 
2678 3102 
2679 
2680 
2681 2737 
2682 
2683 
2684 3203 4335 
2685 3189 
2686 2986 
2687 3068 3246 
2688 4099 4531 
2689 2811 
2690 
2691 
2692 
2693 
2694 3075 
2695 3134 3214 3734 
2696 3078 
2697 
2698 
2699 2848 3330 
2700 2810 
2701 3111 3794 3880 
2702 3328 3905 4922 
2703 
2704 2776 2789 4917 
2705 
2706 3136 3156 3781 
2707 
2708 2921 
2709 
2710 3001 
2711 2879 3198 3876 
2712 
2713 2961 
2714 
2715 3231 3709 
2716 3581 
2717 3679 
2718 
2719 
2720 2928 3031 3080 
2721 3794 
2722 
2723 3126 3472 
2724 3143 
2725 3032 3127 
2726 
2727 2894 
2728 2813 
2729 4632 
2730 4828 
2731 3177 
2732 2790 3260 
2733 3876 3880 4471 
2734 
2735 
2736 2921 
2737 2899 
2738 
2739 3176 4965 
2740 
2741 2812 
2742 3200 
2743 2950 3181 
2744 3131 4655 
2745 
2746 2747 
2747 2921 
2748 2983 3768 
2749 2924 
2750 3198 
2751 
2752 3753 
2753 3006 
2754 2855 4297 
2755 
2756 
2757 3035 
2758 
2759 2833 3069 
2760 4587 
2761 
2762 
2763 3680 
2764 2973 3021 
2765 3114 
2766 3252 
2767 
2768 3050 
2769 3043 
2770 3880 
2771 3203 
2772 
2773 3069 3318 
2774 3124 3220 3862 
2775 
2776 
2777 3038 3119 
2778 4867 
2779 
2780 2821 3007 4111 
2781 3120 4233 
2782 2873 
2783 3035 
2784 2871 3187 
2785 
2786 
2787 3136 
2788 2996 
2789 2908 3593 
2790 
2791 
2792 2875 
2793 3075 
2794 3325 
2795 3020 
2796 3058 
2797 
2798 2832 
2799 
2800 2882 3286 
2801 3280 
2802 3059 3262 3265 4317 
2803 
2804 3046 
2805 3264 
2806 
2807 
2808 2863 3189 4984 
2809 2888 3371 4032 
2810 
2811 4237 
2812 
2813 
2814 3267 3818 
2815 2954 
2816 
2817 3237 
2818 3261 3396 
2819 2842 2941 
2820 3006 
2821 2837 2953 3148 
2822 2825 3131 
2823 3118 
2824 
2825 3055 
2826 2980 
2827 3267 
2828 
2829 3327 
2830 
2831 
2832 3968 
2833 
2834 
2835 
2836 4390 
2837 
2838 3632 
2839 4385 
2840 3256 
2841 3304 
2842 
2843 
2844 2856 3231 3606 
2845 2853 
2846 
2847 4285 
2848 3047 4617 
2849 3069 
2850 3208 4932 
2851 
2852 
2853 3108 
2854 
2855 
2856 4451 
2857 
2858 4895 
2859 2906 2978 
2860 
2861 3120 
2862 4175 
2863 3096 
2864 3292 3328 
2865 3016 3091 3182 4611 
2866 
2867 3288 
2868 3208 3880 
2869 3253 
2870 
2871 3207 4851 
2872 3157 
2873 3285 
2874 
2875 3614 
2876 
2877 3097 3187 3218 3251 
2878 2910 3328 
2879 2948 
2880 
2881 3196 3264 
2882 
2883 3296 
2884 2941 3026 
2885 4875 
2886 2908 
2887 3447 
2888 2959 3281 
2889 
2890 
2891 
2892 3028 
2893 3192 
2894 3804 
2895 3237 
2896 
2897 4006 
2898 3164 
2899 
2900 
2901 
2902 2941 3208 
2903 
2904 2984 
2905 2967 
2906 
2907 2917 
2908 3069 3070 4327 
2909 3241 3304 3815 
2910 3243 
2911 
2912 3184 3849 
2913 
2914 4714 
2915 4157 4838 
2916 3284 
2917 
2918 3246 
2919 3137 
2920 2943 
2921 3016 
2922 3185 
2923 
2924 
2925 
2926 
2927 
2928 3394 
2929 3301 
2930 
2931 
2932 2957 
2933 
2934 
2935 
2936 
2937 4005 
2938 
2939 3445 3643 
2940 3176 
2941 
2942 
2943 
2944 
2945 
2946 
2947 3059 
2948 3061 3066 
2949 3393 
2950 3174 
2951 3067 
2952 
2953 3390 
2954 
2955 
2956 3063 4675 
2957 
2958 3151 
2959 
2960 3222 
2961 3121 
2962 2975 
2963 
2964 3258 
2965 3297 
2966 2967 
2967 
2968 3056 3123 
2969 3314 
2970 
2971 
2972 
2973 
2974 
2975 
2976 4673 
2977 2999 
2978 4225 
2979 4172 
2980 
2981 3306 
2982 3328 
2983 3213 
2984 3061 
2985 3151 3310 
2986 
2987 3136 3320 
2988 3043 
2989 
2990 
2991 3075 
2992 
2993 3215 
2994 
2995 
2996 4899 
2997 
2998 
2999 3315 
3000 
3001 3310 3330 
3002 
3003 
3004 3016 3183 
3005 
3006 3155 
3007 
3008 3924 
3009 
3010 3326 
3011 3803 4126 
3012 
3013 3579 3605 4863 
3014 3297 
3015 3490 4462 
3016 
3017 3244 
3018 3066 
3019 3811 
3020 
3021 4024 
3022 
3023 4012 
3024 3151 
3025 
3026 
3027 
3028 3267 4694 
3029 
3030 3914 
3031 3054 
3032 3278 
3033 
3034 3086 3215 
3035 
3036 
3037 
3038 3329 
3039 4955 
3040 3167 
3041 
3042 
3043 3275 4374 
3044 3231 4982 
3045 
3046 
3047 
3048 4231 4409 
3049 4859 
3050 3209 
3051 4182 
3052 3181 3237 
3053 3201 
3054 
3055 
3056 3156 3230 3315 
3057 3252 
3058 4950 
3059 
3060 
3061 3263 3868 
3062 3152 
3063 3317 
3064 
3065 3267 
3066 3220 
3067 
3068 
3069 
3070 4852 
3071 
3072 3599 4510 
3073 
3074 
3075 3212 4764 
3076 4922 
3077 
3078 
3079 
3080 4874 
3081 
3082 3193 
3083 3221 
3084 3326 
3085 
3086 
3087 
3088 
3089 
3090 
3091 
3092 3209 4485 
3093 
3094 3180 
3095 3143 4135 
3096 
3097 3222 4453 
3098 3189 
3099 4213 
3100 3119 
3101 
3102 
3103 
3104 
3105 3275 
3106 
3107 
3108 3320 
3109 
3110 
3111 3174 3691 
3112 
3113 3458 
3114 
3115 3320 
3116 
3117 3445 
3118 3356 4680 
3119 
3120 
3121 3976 
3122 3168 
3123 4063 
3124 3137 4397 
3125 
3126 3141 
3127 4157 
3128 3287 3869 3871 
3129 4390 
3130 4958 
3131 
3132 
3133 
3134 
3135 
3136 
3137 
3138 3310 
3139 
3140 
3141 3308 
3142 3175 
3143 3214 3740 
3144 3255 
3145 
3146 
3147 
3148 
3149 
3150 3207 4897 
3151 3221 3862 
3152 
3153 3299 
3154 
3155 3159 4677 
3156 3824 
3157 3262 
3158 
3159 3177 
3160 4737 
3161 
3162 
3163 3201 4193 
3164 3308 
3165 3177 
3166 3231 
3167 
3168 
3169 
3170 
3171 
3172 3313 
3173 
3174 
3175 
3176 
3177 
3178 4907 
3179 
3180 3587 
3181 
3182 
3183 3424 
3184 
3185 3287 
3186 3311 
3187 3547 
3188 3299 4524 
3189 
3190 
3191 
3192 4788 
3193 
3194 4168 
3195 3263 
3196 
3197 
3198 
3199 4908 
3200 3240 3734 
3201 3306 
3202 3287 
3203 4105 
3204 
3205 
3206 3319 
3207 
3208 3255 
3209 
3210 
3211 3523 
3212 
3213 3263 
3214 
3215 
3216 4617 
3217 
3218 
3219 4043 
3220 3294 
3221 3239 3246 
3222 
3223 4384 4736 
3224 3314 
3225 3229 3233 3255 3293 4725 
3226 
3227 4542 
3228 
3229 
3230 
3231 3325 4257 4528 
3232 
3233 
3234 
3235 3381 
3236 
3237 3374 
3238 
3239 
3240 
3241 
3242 
3243 3732 
3244 4730 
3245 
3246 
3247 3248 
3248 
3249 4959 
3250 
3251 
3252 
3253 
3254 
3255 
3256 
3257 3685 
3258 
3259 
3260 
3261 4550 
3262 
3263 3384 
3264 4335 4556 
3265 
3266 
3267 
3268 
3269 
3270 3318 
3271 
3272 
3273 3290 3940 4870 
3274 3804 
3275 
3276 
3277 
3278 3557 4786 
3279 
3280 
3281 
3282 
3283 
3284 
3285 
3286 
3287 
3288 
3289 
3290 
3291 3323 3457 4220 
3292 
3293 
3294 
3295 
3296 4764 
3297 
3298 4072 
3299 
3300 
3301 
3302 
3303 
3304 
3305 
3306 
3307 
3308 
3309 
3310 
3311 3316 
3312 3377 
3313 
3314 
3315 3926 
3316 
3317 
3318 
3319 
3320 
3321 
3322 4930 
3323 
3324 
3325 4747 
3326 
3327 3944 
3328 
3329 
3330 4153 
3331 
3332 3879 4383 4758 
3333 
3334 4073 
3335 3441 3623 4216 4541 
3336 3893 4538 4607 
3337 3853 4154 4498 4686 
3338 4386 4723 4866 4908 
3339 3369 3939 4210 
3340 3995 4155 4805 
3341 4254 4620 
3342 3509 3870 4195 
3343 4043 
3344 3895 4308 4394 
3345 3516 3904 4571 4862 
3346 4030 4537 4617 4703 4758 
3347 3416 3656 4565 
3348 3719 4381 4864 
3349 4034 4211 4513 4669 
3350 4404 
3351 3421 3666 3798 4541 
3352 3379 3920 3938 4073 4636 4718 
3353 3440 4030 4984 
3354 
3355 4365 4953 
3356 3452 
3357 
3358 3630 3840 4262 4550 
3359 3439 4358 4540 4573 
3360 4162 4740 
3361 3553 3706 
3362 3894 4027 4124 4559 4633 
3363 3927 4685 4759 4834 
3364 4634 
3365 3547 3571 3994 4105 4138 
3366 3424 4268 4390 4959 4992 
3367 4023 4624 
3368 3785 4112 4381 4468 
3369 4027 4048 
3370 3577 3762 
3371 3693 3838 4088 4780 
3372 3915 4961 4997 
3373 3733 3951 
3374 4853 4895 
3375 3905 4557 
3376 3455 4467 4563 
3377 3742 4015 4853 
3378 3415 3668 4940 
3379 3427 3630 3855 4180 
3380 3498 4289 4641 4649 
3381 3962 
3382 3831 3845 4383 4802 4965 
3383 3767 4130 
3384 3928 4402 4742 
3385 4901 
3386 3486 4424 4952 
3387 3649 4799 4925 
3388 3622 3874 4193 4255 4531 4911 
3389 3677 3929 4075 4243 
3390 
3391 4425 
3392 3442 3588 3899 4238 
3393 4728 4893 
3394 3473 3930 
3395 
3396 3470 
3397 4147 4723 
3398 3487 3746 4343 4418 4676 4800 4956 
3399 3688 
3400 3782 4069 4499 
3401 3421 3611 4312 
3402 4317 4946 
3403 3775 4240 
3404 3462 4177 4183 4694 4934 
3405 3534 3879 4182 4542 4588 
3406 3612 3992 4046 4066 4203 
3407 4966 
3408 3754 4302 4714 4965 
3409 3555 3835 4094 4211 4995 
3410 4030 4306 4678 
3411 3535 3702 4163 4461 4567 
3412 3619 4149 4861 4960 4961 
3413 4143 4933 
3414 3716 3952 4130 
3415 4222 4358 
3416 4098 4304 4768 4979 
3417 3823 3931 
3418 3533 4602 
3419 
3420 3543 3978 4380 
3421 3448 3537 3720 4340 
3422 3974 4821 
3423 3604 4006 4273 4656 4900 
3424 
3425 4462 4564 
3426 3950 4527 4991 
3427 3610 
3428 4896 
3429 3830 4161 4253 
3430 3804 
3431 3752 
3432 
3433 3932 
3434 4244 4652 4910 
3435 4330 4379 
3436 3748 3796 4327 4595 
3437 3757 3793 4188 4202 
3438 3649 4183 
3439 4628 
3440 
3441 4176 4771 
3442 3753 4206 
3443 3796 3930 4617 
3444 3497 3660 3882 
3445 3771 3811 4064 4294 4856 
3446 4526 
3447 3979 4353 4381 
3448 4111 4221 
3449 3571 4001 4620 
3450 4403 4505 
3451 3574 3731 3885 
3452 3510 3747 3788 4045 4296 
3453 3962 
3454 3591 3919 4381 4704 
3455 4047 
3456 3747 4355 4744 
3457 3748 4174 4706 
3458 4747 
3459 4211 4883 
3460 3686 
3461 4224 
3462 3848 
3463 4656 
3464 4318 4334 4884 
3465 4078 4381 4634 
3466 4269 4847 
3467 4153 
3468 4060 4071 4264 4434 4921 
3469 3644 3890 4491 
3470 3536 3892 4090 4404 4491 4533 4735 
3471 3725 4764 
3472 4298 
3473 4730 4758 4863 4873 
3474 4385 4537 4651 
3475 3610 3672 
3476 3660 3928 4506 4760 
3477 3742 4651 4776 
3478 4276 4708 4830 
3479 3865 3879 4912 
3480 3760 4105 4994 
3481 4217 4541 4645 
3482 3720 4072 4900 
3483 
3484 3966 
3485 3708 4012 4138 4305 4510 
3486 
3487 4997 
3488 4452 
3489 3624 3770 4718 
3490 3800 3808 4065 4550 
3491 4111 4990 
3492 3737 3861 3953 4800 4802 4878 
3493 4063 
3494 
3495 4252 
3496 
3497 
3498 4164 4524 4626 
3499 3817 
3500 3980 4052 4591 
3501 3713 3719 3756 4801 
3502 4139 4775 
3503 3849 3998 4084 4087 
3504 4367 
3505 4369 
3506 4687 
3507 
3508 3984 4054 4079 4379 
3509 3703 4571 
3510 3526 4583 4748 
3511 3609 4142 4183 4929 
3512 3876 4895 
3513 3714 4598 4775 
3514 3865 4089 4091 4118 4283 4352 
3515 4942 
3516 4878 4905 
3517 4352 4812 
3518 3683 4765 4795 
3519 3527 3927 
3520 4467 4813 
3521 3744 4055 
3522 4612 4978 
3523 4236 
3524 3871 4339 4475 
3525 3592 3891 
3526 4204 4696 
3527 3621 3728 4137 4149 4706 4874 
3528 3741 4342 4443 4877 
3529 3703 3776 4563 
3530 
3531 4098 4268 
3532 3820 
3533 4685 
3534 3681 3881 4133 4911 
3535 4209 4327 4426 
3536 3762 3785 4782 
3537 3815 4212 4334 4770 4793 
3538 4123 4384 4754 4858 
3539 3845 4119 4344 
3540 3820 3832 3870 3915 4033 4615 
3541 3929 4805 4849 4867 
3542 4781 
3543 3672 4684 
3544 3916 
3545 
3546 4824 
3547 3779 4150 4844 4922 
3548 3785 4028 
3549 4248 
3550 4189 
3551 4182 
3552 4501 4693 4734 
3553 3723 4090 4387 4587 4647 
3554 4656 
3555 4013 4446 4539 4878 
3556 3718 3831 4335 4371 4605 
3557 4269 4330 
3558 4136 4302 4706 
3559 3672 4076 4102 4107 4512 4715 4924 
3560 3787 4071 4509 
3561 3632 3969 4749 4794 
3562 3657 3790 3978 4073 4555 
3563 4294 4470 4854 
3564 4375 4582 
3565 3982 4326 4360 4584 4587 4844 
3566 3870 4098 4645 
3567 3783 4080 
3568 3630 4393 
3569 
3570 
3571 4038 4054 4850 
3572 3575 
3573 3726 3908 4034 4511 4971 
3574 3838 4959 
3575 4186 
3576 3581 3651 4175 4697 
3577 3618 4042 4043 4391 4635 4732 4945 
3578 
3579 3623 4039 4338 4459 
3580 4505 4642 
3581 3986 3990 4488 
3582 4367 4492 4891 
3583 3671 3701 4916 
3584 3657 
3585 4508 4578 
3586 
3587 3589 3868 4008 
3588 4019 
3589 4672 4845 4986 
3590 3734 4738 4739 
3591 4224 4380 4388 4604 
3592 4787 4950 
3593 4190 
3594 4578 
3595 3650 4166 4221 4644 4776 
3596 4841 
3597 4278 
3598 
3599 3911 4620 
3600 3758 
3601 3842 4120 4211 4640 4758 
3602 4194 4592 4632 
3603 3737 4340 4409 4814 
3604 4509 
3605 4517 
3606 4467 4535 
3607 4875 
3608 4150 4698 
3609 
3610 
3611 3855 3974 4861 
3612 4224 4597 
3613 4555 4746 
3614 4302 4369 4849 
3615 4402 4453 4597 
3616 3684 4039 
3617 
3618 4292 4954 4956 
3619 3691 4257 
3620 3884 4659 
3621 3892 3998 
3622 4642 4709 
3623 3785 4237 4575 
3624 4151 4823 
3625 3838 4852 
3626 3704 4461 4669 
3627 4536 4797 
3628 4455 
3629 3995 
3630 3731 3888 
3631 3778 3801 3985 4131 
3632 4376 4831 
3633 3896 4873 
3634 
3635 3700 4177 4255 4372 4809 4884 
3636 
3637 4295 4534 4583 4870 4903 
3638 4266 
3639 3940 4150 4321 4456 4942 
3640 3664 4332 4423 4514 
3641 3845 
3642 4075 4230 4920 4952 
3643 4067 
3644 3690 4190 4543 4697 
3645 3953 4511 
3646 
3647 4167 4659 
3648 4665 
3649 3846 4243 4538 
3650 4494 4597 
3651 3652 3747 3748 3865 3924 4318 4708 
3652 4294 4803 
3653 3951 
3654 
3655 
3656 4195 4535 
3657 3737 4432 
3658 4486 4809 
3659 4111 
3660 3968 
3661 4739 
3662 4356 4840 
3663 3958 
3664 
3665 
3666 3802 4029 4150 4478 
3667 3887 
3668 3687 4770 
3669 3860 4062 4602 4690 4967 
3670 4213 4353 4949 
3671 
3672 4169 4176 4651 4822 
3673 3892 4165 
3674 4443 4718 
3675 3713 3845 4178 4524 4736 4969 
3676 4648 
3677 3803 4343 4401 4821 4824 4878 4919 
3678 
3679 
3680 4426 4664 4731 
3681 4833 
3682 3688 4716 
3683 4621 
3684 3835 3925 4150 4492 4947 
3685 3781 3816 3895 4549 
3686 3909 
3687 3921 4951 
3688 3828 3914 4157 4199 
3689 4205 4331 4419 4435 4717 
3690 4316 4362 4657 
3691 3697 
3692 4665 4726 
3693 
3694 3900 
3695 4328 4502 4718 4751 4822 4964 
3696 3877 4228 4815 
3697 4110 4760 4767 
3698 
3699 3890 4904 4987 
3700 3730 4400 4779 4802 
3701 4027 
3702 4755 
3703 4078 4868 
3704 3767 
3705 3802 
3706 4054 
3707 4517 
3708 4810 
3709 3998 4729 
3710 3811 3832 4106 4495 4880 
3711 3718 3905 4946 
3712 3925 
3713 3867 4064 4646 4878 
3714 4495 4810 4992 
3715 4088 4175 
3716 3878 4643 4768 4769 
3717 3829 4323 4398 4903 4915 
3718 4127 4352 4902 
3719 4057 4445 4455 4905 
3720 3739 3759 3890 3991 
3721 4782 
3722 
3723 4666 4876 
3724 4669 4832 
3725 4050 
3726 4627 
3727 4331 
3728 4474 
3729 4634 
3730 4316 4577 
3731 
3732 3869 3876 4532 
3733 4794 
3734 3979 4437 4728 4887 
3735 4191 4935 
3736 4646 
3737 3787 3976 
3738 3908 4741 
3739 4718 4864 
3740 
3741 4713 4805 4856 
3742 3792 4040 
3743 4737 
3744 4041 4158 4406 
3745 4290 4617 
3746 3882 4270 4310 
3747 4058 4214 
3748 4076 4889 4973 
3749 3889 4622 4721 4933 
3750 3777 3845 3855 4062 4436 4441 
3751 3866 4025 4339 
3752 3764 4192 
3753 4052 4483 
3754 4359 4523 
3755 3889 4306 4360 4669 4672 4959 
3756 4176 4376 
3757 3880 3983 4782 
3758 4344 4424 
3759 4463 4884 
3760 
3761 3916 4589 
3762 3794 
3763 3940 4224 
3764 4293 4662 
3765 
3766 3878 4472 4743 
3767 4179 
3768 3848 4286 
3769 4910 
3770 3816 4050 4134 4357 4716 
3771 3945 4501 
3772 
3773 4142 4279 4454 4885 
3774 3823 4183 4380 4768 
3775 4982 
3776 4140 
3777 4356 4426 4971 
3778 4006 
3779 4026 
3780 4185 4281 4432 4988 
3781 4778 
3782 3969 
3783 
3784 4876 
3785 4691 
3786 3995 4719 
3787 4118 4323 4980 
3788 3838 4413 
3789 4631 
3790 3839 4771 
3791 4878 
3792 4555 4631 
3793 4026 4133 4612 4658 
3794 3916 4414 4417 4473 
3795 3931 4002 4601 4903 
3796 3803 3841 4307 4498 4968 
3797 4900 
3798 3911 4100 4462 
3799 
3800 3954 4467 
3801 4989 
3802 4213 
3803 4530 4720 
3804 
3805 4073 
3806 3990 4163 
3807 4755 
3808 4274 
3809 4834 4900 
3810 4233 4580 4938 
3811 3910 4782 
3812 4214 4220 
3813 4048 4826 
3814 4521 
3815 3936 
3816 4574 
3817 4222 4479 4560 
3818 4171 
3819 4313 4685 
3820 
3821 4482 4937 
3822 4193 4366 4512 
3823 4762 4837 
3824 4258 4868 
3825 4875 
3826 4692 
3827 
3828 4137 
3829 4948 
3830 
3831 3969 
3832 
3833 3953 4104 4649 4698 
3834 3976 4233 4526 4527 
3835 4455 
3836 4548 
3837 4178 
3838 4539 4907 
3839 
3840 4287 
3841 3904 4217 
3842 4696 
3843 4328 4366 4552 
3844 4362 4369 
3845 
3846 
3847 4434 
3848 4905 
3849 4196 
3850 4290 4551 
3851 
3852 4683 
3853 4119 4466 
3854 4028 4265 4499 
3855 4407 4927 
3856 3962 4100 4294 4302 4643 
3857 4446 
3858 4089 4514 
3859 4027 
3860 
3861 4267 
3862 
3863 4552 4565 
3864 4601 4697 
3865 4560 4905 
3866 3882 3913 
3867 4448 4801 4973 
3868 
3869 4692 4817 
3870 
3871 4017 4795 
3872 
3873 
3874 3949 4070 
3875 4879 
3876 4053 
3877 4101 
3878 4476 4991 
3879 4188 
3880 4972 
3881 4121 4505 4546 
3882 3885 4497 4602 
3883 4408 4934 
3884 4119 4587 4665 4772 
3885 4065 4116 4296 
3886 4878 
3887 
3888 4044 4573 
3889 4279 
3890 4165 4417 4796 
3891 
3892 
3893 
3894 4521 
3895 3899 4648 
3896 4306 4388 4633 
3897 4200 4758 
3898 4513 4656 4849 4926 
3899 
3900 4279 4773 
3901 3940 4856 
3902 4231 4642 4899 
3903 3923 4017 
3904 4172 4321 
3905 3994 4139 
3906 4943 
3907 4255 
3908 
3909 4263 
3910 4028 4289 4370 4802 
3911 4378 4840 4968 
3912 4368 4707 4744 4936 
3913 4183 4723 
3914 4452 
3915 
3916 4792 
3917 4011 4169 4320 4490 
3918 3951 4409 4878 
3919 4820 
3920 
3921 4428 4832 
3922 4164 4338 4605 
3923 4060 4817 
3924 4550 4555 
3925 
3926 4773 
3927 4315 4883 
3928 4482 
3929 4498 4713 
3930 4346 4630 
3931 4125 
3932 4248 
3933 3986 4926 4933 
3934 4571 4898 
3935 
3936 4943 
3937 
3938 
3939 4617 
3940 3945 4658 4844 
3941 4070 4319 4469 4493 4890 
3942 4070 
3943 
3944 4444 4486 4546 
3945 4045 4220 
3946 4428 4730 4952 
3947 
3948 4032 4248 4447 
3949 4808 
3950 4343 
3951 3953 4631 4675 
3952 4861 
3953 4341 
3954 4000 4252 
3955 4705 4921 
3956 4909 
3957 4414 4575 
3958 4672 4936 4988 
3959 4879 
3960 4312 
3961 4539 
3962 4383 4649 4964 
3963 4122 4618 4852 
3964 4000 4626 
3965 4369 
3966 4406 4938 
3967 4951 
3968 4348 4750 
3969 4091 4934 
3970 4025 
3971 4139 4230 
3972 4094 
3973 
3974 
3975 4199 4581 
3976 4079 
3977 4049 4997 
3978 4086 4258 4509 
3979 4654 
3980 4708 
3981 4219 4909 
3982 4184 4759 4789 
3983 4337 
3984 4069 4105 4106 4310 4982 
3985 4599 
3986 4108 4206 4453 
3987 4058 4702 
3988 4968 
3989 4835 
3990 4513 
3991 4288 4401 
3992 
3993 
3994 4489 4628 
3995 4082 4293 
3996 4898 
3997 4734 
3998 4509 4637 4712 4771 
3999 
4000 4370 4760 
4001 4310 
4002 4375 4744 4762 
4003 4121 
4004 4384 4652 4735 4739 
4005 4021 4685 
4006 4689 
4007 4235 4384 4511 
4008 4118 4415 
4009 
4010 4507 
4011 4042 4166 4220 4290 4607 
4012 
4013 4230 4241 4385 
4014 4686 
4015 4484 
4016 
4017 4046 4200 
4018 
4019 4340 4380 
4020 4423 4536 4587 4978 
4021 4035 4954 
4022 4912 
4023 4198 
4024 
4025 4240 
4026 
4027 4075 4645 
4028 4123 4375 4584 4719 
4029 4083 4372 4591 
4030 4110 
4031 4136 
4032 4287 
4033 4243 4303 
4034 
4035 
4036 4770 
4037 4102 4174 4243 4736 
4038 
4039 4340 
4040 4326 4819 
4041 4826 
4042 
4043 4073 4323 4766 
4044 4698 
4045 
4046 4691 4884 4922 
4047 4287 4748 4893 
4048 4356 4995 
4049 4996 
4050 4331 4391 4423 4570 4949 
4051 4785 
4052 4450 4771 
4053 4861 
4054 
4055 4227 4354 4544 4986 
4056 4313 4673 4717 
4057 4211 4234 4568 4689 4902 
4058 4415 
4059 4093 
4060 4635 4835 
4061 4201 
4062 
4063 4790 
4064 4553 
4065 4686 4832 4914 
4066 4346 4621 
4067 4139 4992 
4068 4200 4899 
4069 4969 
4070 4963 
4071 4927 
4072 
4073 4130 4789 
4074 4237 
4075 4341 
4076 4345 
4077 4337 
4078 4872 4910 
4079 
4080 4707 4935 
4081 
4082 
4083 
4084 4284 
4085 4854 
4086 4826 4834 
4087 4187 
4088 4333 
4089 4458 
4090 4186 4992 
4091 4338 4830 
4092 4209 
4093 4340 
4094 
4095 4454 4559 
4096 
4097 
4098 4194 
4099 
4100 
4101 
4102 4152 4296 4536 4733 4891 
4103 
4104 4178 
4105 
4106 
4107 
4108 4208 4252 4893 
4109 4342 
4110 4267 4875 
4111 4208 
4112 4296 
4113 
4114 4541 
4115 4567 4867 
4116 4216 4693 
4117 4991 
4118 4579 4829 
4119 4432 
4120 4152 
4121 4599 
4122 4262 4949 
4123 
4124 4302 4542 4675 
4125 4150 
4126 4535 
4127 4547 
4128 4659 4975 
4129 4177 4967 
4130 4518 
4131 4550 
4132 4769 4781 
4133 4176 
4134 4991 
4135 4396 4462 4862 
4136 4689 
4137 4459 
4138 4552 4585 4595 4610 
4139 4149 4975 
4140 4716 
4141 
4142 4788 
4143 4235 4512 4753 
4144 4289 4606 
4145 4778 
4146 4191 4396 
4147 4419 4438 4739 
4148 4578 
4149 4239 
4150 4792 
4151 4517 4928 
4152 4776 
4153 4590 
4154 4650 
4155 4397 4661 4685 
4156 4418 4460 4706 
4157 
4158 4268 4994 
4159 4196 4849 
4160 4552 
4161 4452 4692 4758 
4162 4474 4965 
4163 
4164 4250 4541 
4165 4583 
4166 4814 
4167 4330 
4168 4209 
4169 4273 4322 4654 
4170 
4171 4299 4375 4504 
4172 4744 
4173 
4174 4590 
4175 4226 4639 
4176 4356 4741 
4177 4567 
4178 4671 4754 
4179 
4180 4428 
4181 
4182 4372 
4183 4477 
4184 4586 
4185 4870 4957 
4186 4584 4754 4864 
4187 4767 4907 
4188 4593 4854 4876 
4189 4977 
4190 4225 4305 4497 
4191 4484 4960 
4192 4727 
4193 
4194 
4195 4553 
4196 4637 
4197 4369 4443 
4198 4288 4773 4931 4936 
4199 4293 4801 
4200 4878 
4201 
4202 4859 
4203 
4204 4409 4452 4684 
4205 
4206 4363 4455 
4207 4505 4597 4919 
4208 4655 4760 4767 
4209 
4210 4498 4602 
4211 
4212 4537 
4213 
4214 
4215 4514 4520 
4216 4501 
4217 4451 
4218 4413 
4219 4608 4852 4906 
4220 4774 
4221 4823 4944 
4222 4242 
4223 4776 4954 
4224 
4225 4880 
4226 4406 
4227 4884 
4228 4896 
4229 4242 4419 4591 4721 4753 4890 
4230 4259 4451 4828 
4231 4280 
4232 4277 4838 
4233 4291 4340 
4234 4882 
4235 4443 
4236 4387 
4237 4550 
4238 4449 4524 4681 
4239 4406 4969 
4240 
4241 
4242 
4243 4445 
4244 4715 
4245 
4246 4957 
4247 
4248 
4249 4836 
4250 4782 
4251 4271 4512 
4252 4492 4577 
4253 4290 4421 
4254 4354 4876 
4255 4619 
4256 4677 
4257 4849 
4258 
4259 
4260 4357 4457 4621 
4261 4761 4786 4996 
4262 4345 4575 4938 
4263 4469 
4264 
4265 4299 4888 4956 
4266 4537 
4267 4715 
4268 4522 4847 4920 
4269 
4270 
4271 4529 
4272 4742 
4273 4303 
4274 4763 
4275 
4276 4285 4378 4825 4936 
4277 
4278 
4279 4436 4591 
4280 4883 
4281 4387 
4282 4879 
4283 4648 
4284 4872 4923 
4285 4310 
4286 4527 
4287 4935 
4288 4366 4665 
4289 4344 
4290 
4291 4729 
4292 4433 4895 
4293 
4294 4598 4809 
4295 4347 
4296 4439 4699 
4297 4496 
4298 4595 4623 4826 
4299 4389 4717 
4300 4708 4798 
4301 4614 
4302 4778 
4303 4875 
4304 
4305 
4306 4857 
4307 4633 
4308 4483 
4309 4578 
4310 
4311 4671 
4312 4316 
4313 4743 4755 
4314 
4315 
4316 4827 
4317 4385 4482 
4318 
4319 
4320 
4321 4642 
4322 4367 4385 
4323 
4324 4486 4784 
4325 4546 4791 
4326 4464 4533 4978 
4327 
4328 
4329 4339 4884 
4330 4332 4676 4720 4885 4994 
4331 4566 
4332 4875 4930 
4333 4866 4889 
4334 4733 
4335 
4336 
4337 
4338 4726 
4339 
4340 4442 4600 4839 
4341 
4342 
4343 4453 4895 
4344 4565 4711 4914 
4345 4446 4714 
4346 4564 4792 
4347 4438 
4348 4958 
4349 4687 
4350 4356 
4351 4410 4956 
4352 4464 
4353 4512 
4354 
4355 4434 
4356 4860 
4357 
4358 
4359 
4360 
4361 4415 4874 
4362 
4363 4662 
4364 4803 
4365 
4366 
4367 4738 4960 
4368 
4369 
4370 4948 
4371 4842 4931 
4372 
4373 
4374 4635 
4375 
4376 4979 
4377 4822 
4378 
4379 4782 
4380 
4381 4917 
4382 
4383 4791 
4384 4786 
4385 
4386 
4387 4954 
4388 
4389 
4390 4561 
4391 4527 
4392 4813 
4393 
4394 4406 4527 4889 
4395 
4396 4892 
4397 
4398 
4399 4984 
4400 4444 4857 
4401 
4402 4522 
4403 
4404 4409 4967 
4405 4615 
4406 
4407 4560 4994 
4408 4567 4643 
4409 
4410 4919 
4411 
4412 4980 
4413 
4414 4583 4959 
4415 4856 
4416 4706 4818 
4417 
4418 
4419 4808 
4420 4676 4930 4936 
4421 4824 
4422 
4423 4511 4950 
4424 
4425 4704 
4426 
4427 4679 
4428 4986 
4429 4730 
4430 4976 
4431 4538 4694 4935 
4432 4891 
4433 
4434 4474 
4435 
4436 
4437 
4438 
4439 4514 
4440 
4441 4465 4920 
4442 
4443 
4444 4866 
4445 4674 4854 
4446 
4447 4556 4620 
4448 4604 
4449 4852 
4450 4584 4653 4955 
4451 4691 4872 
4452 4882 4901 
4453 4804 
4454 4522 4675 4814 
4455 4652 
4456 4889 
4457 
4458 
4459 
4460 
4461 4647 4790 
4462 4580 
4463 4661 
4464 4548 
4465 4506 4533 
4466 4567 4774 
4467 4995 
4468 
4469 
4470 4526 4942 
4471 
4472 4838 4966 
4473 4565 
4474 4801 
4475 
4476 4923 
4477 4872 4892 
4478 
4479 
4480 4856 
4481 
4482 4883 
4483 
4484 4702 4897 
4485 4755 
4486 4913 
4487 4673 4846 
4488 4924 
4489 4888 
4490 4692 
4491 4529 4988 
4492 4828 
4493 
4494 
4495 4718 
4496 4665 4741 
4497 
4498 
4499 
4500 4937 
4501 
4502 
4503 
4504 4549 
4505 4880 4956 
4506 
4507 4791 
4508 
4509 4801 
4510 
4511 4577 4686 
4512 
4513 4587 4691 4943 
4514 4899 4979 4989 
4515 4646 
4516 
4517 
4518 4937 
4519 
4520 4840 4924 
4521 
4522 
4523 4740 
4524 
4525 
4526 4620 4946 
4527 
4528 
4529 4530 4910 
4530 4837 
4531 4701 
4532 
4533 
4534 4964 
4535 
4536 4538 
4537 
4538 4576 4697 
4539 
4540 4587 4645 4765 
4541 
4542 4658 4986 
4543 4717 4817 4834 
4544 4594 4757 4919 
4545 4856 
4546 
4547 4580 
4548 4725 
4549 
4550 4738 
4551 
4552 4990 
4553 
4554 4729 4774 
4555 4833 
4556 4633 4829 
4557 4786 
4558 
4559 4691 
4560 
4561 
4562 4575 
4563 4882 
4564 4738 
4565 
4566 4671 4721 
4567 4588 4786 
4568 
4569 4642 4658 
4570 4572 
4571 4736 
4572 4737 
4573 4719 
4574 4772 4827 4897 
4575 4894 
4576 
4577 4849 4900 
4578 
4579 4851 
4580 
4581 
4582 4997 
4583 4896 
4584 
4585 4766 
4586 4926 4967 
4587 4835 4892 4964 
4588 4768 
4589 
4590 4930 
4591 
4592 4824 
4593 
4594 
4595 
4596 
4597 4704 
4598 
4599 
4600 4677 
4601 
4602 4612 4705 4761 
4603 
4604 4743 
4605 4804 
4606 
4607 
4608 
4609 
4610 4926 
4611 4753 
4612 
4613 4801 
4614 
4615 
4616 4917 
4617 4947 
4618 4639 
4619 4665 
4620 
4621 4703 
4622 
4623 
4624 4913 
4625 
4626 4782 4808 
4627 
4628 4810 
4629 
4630 4787 
4631 
4632 4997 
4633 
4634 4765 
4635 
4636 
4637 
4638 4926 
4639 4672 
4640 4679 4852 
4641 4726 
4642 
4643 
4644 4945 
4645 4696 
4646 4795 
4647 4793 
4648 
4649 
4650 
4651 
4652 
4653 4915 
4654 
4655 
4656 4721 4930 
4657 
4658 
4659 
4660 4721 
4661 4714 4931 
4662 
4663 
4664 
4665 
4666 4706 
4667 
4668 
4669 4762 4966 
4670 
4671 4856 
4672 
4673 
4674 4969 
4675 
4676 
4677 
4678 4713 4768 
4679 
4680 
4681 4882 
4682 
4683 4763 
4684 4794 
4685 
4686 4689 4713 
4687 
4688 4802 4864 
4689 
4690 4729 
4691 4884 
4692 4950 
4693 4712 
4694 
4695 4975 
4696 4807 
4697 
4698 
4699 4763 
4700 4835 
4701 4776 
4702 
4703 
4704 4778 
4705 4890 
4706 4869 
4707 4864 
4708 4844 
4709 
4710 4861 
4711 4757 
4712 
4713 
4714 
4715 
4716 
4717 
4718 4725 
4719 
4720 
4721 
4722 
4723 
4724 
4725 
4726 4944 
4727 
4728 
4729 4991 
4730 4845 
4731 4788 
4732 4773 
4733 
4734 4911 
4735 4885 
4736 
4737 
4738 
4739 
4740 4996 
4741 
4742 
4743 
4744 4958 
4745 
4746 
4747 
4748 
4749 
4750 
4751 
4752 4966 
4753 4807 4891 
4754 
4755 
4756 
4757 4958 
4758 
4759 
4760 
4761 4889 
4762 4896 
4763 
4764 4794 
4765 
4766 4775 
4767 4807 
4768 
4769 4976 
4770 
4771 
4772 
4773 4789 4824 
4774 4969 
4775 
4776 
4777 4932 
4778 
4779 
4780 
4781 4876 
4782 4932 4967 
4783 4900 
4784 4906 
4785 
4786 4944 
4787 
4788 4824 
4789 4882 
4790 
4791 4951 
4792 4982 
4793 
4794 
4795 
4796 
4797 
4798 
4799 
4800 
4801 
4802 
4803 4919 
4804 
4805 
4806 
4807 
4808 
4809 
4810 
4811 4906 
4812 
4813 4969 
4814 
4815 
4816 
4817 
4818 
4819 
4820 
4821 
4822 4992 
4823 
4824 
4825 
4826 
4827 4864 4924 
4828 
4829 
4830 
4831 
4832 
4833 4952 
4834 
4835 4854 4889 4893 
4836 
4837 
4838 
4839 
4840 
4841 4993 
4842 4855 
4843 
4844 
4845 
4846 
4847 4944 
4848 
4849 4882 4904 
4850 
4851 
4852 
4853 4933 
4854 
4855 
4856 
4857 4927 4970 
4858 
4859 
4860 
4861 
4862 
4863 
4864 
4865 
4866 
4867 
4868 
4869 
4870 
4871 4945 
4872 
4873 
4874 
4875 
4876 
4877 
4878 
4879 
4880 
4881 
4882 
4883 
4884 
4885 
4886 
4887 
4888 
4889 
4890 
4891 
4892 
4893 4922 
4894 
4895 
4896 
4897 
4898 
4899 4950 
4900 
4901 
4902 
4903 
4904 
4905 
4906 
4907 
4908 
4909 
4910 
4911 
4912 
4913 
4914 
4915 
4916 
4917 
4918 
4919 4955 
4920 
4921 
4922 
4923 
4924 
4925 
4926 
4927 4974 4980 
4928 
4929 
4930 
4931 
4932 
4933 
4934 
4935 4956 
4936 
4937 
4938 4960 
4939 
4940 
4941 
4942 
4943 
4944 
4945 
4946 
4947 
4948 
4949 
4950 
4951 
4952 
4953 
4954 
4955 4985 
4956 
4957 
4958 
4959 4988 
4960 
4961 
4962 
4963 
4964 
4965 
4966 
4967 
4968 
4969 
4970 
4971 
4972 
4973 
4974 
4975 
4976 
4977 
4978 
4979 
4980 
4981 
4982 
4983 
4984 
4985 
4986 
4987 
4988 
4989 
4990 
4991 
4992 
4993 
4994 
4995 
4996 
4997 
4998 
4999 
[0, 0, 0, 0, 0, 0, 0, 0, 0, 0, 0, 0, 0, 0, 0, 0, 0, 0, 0, 0, 0, 0, 0, 0, 0, 0, 0, 0, 0, 0, 0, 0, 0, 0, 0, 0, 0, 0, 0, 0, 0, 0, 0, 0, 0, 0, 0, 0, 0, 0, 0, 0, 0, 0, 0, 0, 0, 0, 0, 0, 0, 0, 0, 0, 0, 0, 0, 0, 0, 0, 0, 0, 0, 0, 0, 0, 0, 0, 0, 0, 0, 0, 0, 0, 0, 0, 0, 0, 0, 0, 0, 0, 0, 0, 0, 0, 0, 0, 0, 0, 0, 0, 0, 0, 0, 0, 0, 0, 0, 0, 0, 0, 0, 0, 0, 0, 0, 0, 0, 0, 0, 0, 0, 0, 0, 0, 0, 0, 0, 0, 0, 0, 0, 0, 0, 0, 0, 0, 0, 0, 0, 0, 0, 0, 0, 0, 0, 0, 0, 0, 0, 0, 0, 0, 0, 0, 0, 0, 0, 0, 0, 0, 0, 0, 0, 0, 0, 0, 0, 0, 0, 0, 0, 0, 0, 0, 0, 0, 0, 0, 0, 0, 0, 0, 0, 0, 0, 0, 0, 0, 0, 0, 0, 0, 0, 0, 0, 0, 0, 0, 0, 0, 0, 0, 0, 0, 0, 0, 0, 0, 0, 0, 0, 0, 0, 0, 0, 0, 0, 0, 0, 0, 0, 0, 0, 0, 0, 0, 0, 0, 0, 0, 0, 0, 0, 0, 0, 0, 0, 0, 0, 0, 0, 0, 0, 0, 0, 0, 0, 0, 0, 0, 0, 0, 0, 0, 0, 0, 0, 0, 0, 0, 0, 0, 0, 0, 0, 0, 0, 0, 0, 0, 0, 0, 0, 0, 0, 0, 0, 0, 0, 0, 0, 0, 0, 0, 0, 0, 0, 0, 0, 0, 0, 0, 0, 0, 0, 0, 0, 0, 0, 0, 0, 0, 0, 0, 0, 0, 0, 0, 0, 0, 0, 0, 0, 0, 0, 0, 0, 0, 0, 0, 0, 0, 0, 0, 0, 0, 0, 0, 0, 0, 0, 0, 0, 0, 0, 0, 0, 0, 0, 0, 0, 0, 0, 0, 0, 0, 0, 0, 0, 0, 0, 0, 0, 0, 0, 0, 0, 0, 0, 0, 0, 0, 0, 0, 0, 0, 0, 0, 0, 0, 0, 0, 0, 0, 0, 0, 0, 0, 0, 0, 0, 0, 0, 0, 0, 0, 0, 0, 0, 0, 0, 0, 0, 0, 0, 0, 0, 0, 0, 0, 0, 0, 0, 0, 0, 0, 0, 0, 0, 0, 0, 0, 0, 0, 0, 0, 0, 0, 0, 0, 0, 0, 0, 0, 0, 0, 0, 0, 0, 0, 0, 0, 0, 0, 0, 0, 0, 0, 0, 0, 0, 0, 0, 0, 0, 0, 0, 0, 0, 0, 0, 0, 0, 0, 0, 0, 0, 0, 0, 0, 0, 0, 0, 0, 0, 0, 0, 0, 0, 0, 0, 0, 0, 0, 0, 0, 0, 0, 0, 0, 0, 0, 0, 0, 0, 0, 0, 0, 0, 0, 0, 0, 0, 0, 0, 0, 0, 0, 0, 0, 0, 0, 0, 0, 0, 0, 0, 0, 0, 0, 0, 0, 0, 0, 0, 0, 0, 0, 0, 0, 0, 0, 0, 0, 0, 0, 0, 0, 0, 0, 0, 0, 0, 0, 0, 0, 0, 0, 0, 0, 0, 0, 0, 0, 0, 0, 0, 0, 0, 0, 0, 0, 0, 0, 0, 0, 0, 0, 0, 0, 0, 0, 0, 0, 0, 0, 0, 0, 0, 0, 0, 0, 0, 0, 0, 0, 0, 0, 0, 0, 0, 0, 0, 0, 0, 0, 0, 0, 0, 0, 0, 0, 0, 0, 0, 0, 0, 0, 0, 0, 0, 0, 0, 0, 0, 0, 0, 0, 0, 0, 0, 0, 0, 0, 0, 0, 0, 0, 0, 0, 0, 0, 0, 0, 0, 0, 0, 0, 0, 0, 0, 0, 0, 0, 0, 0, 0, 0, 0, 0, 0, 0, 0, 0, 0, 0, 0, 0, 0, 0, 0, 0, 0, 0, 0, 0, 0, 0, 0, 0, 0, 0, 0, 0, 0, 0, 0, 0, 0, 0, 0, 0, 0, 0, 0, 0, 0, 0, 0, 0, 0, 0, 0, 0, 0, 0, 0, 0, 0, 0, 0, 0, 0, 0, 0, 0, 0, 0, 0, 0, 0, 0, 0, 0, 0, 0, 0, 0, 0, 0, 0, 0, 0, 0, 0, 0, 0, 0, 0, 0, 0, 0, 0, 0, 0, 0, 0, 0, 0, 0, 0, 0, 0, 0, 0, 0, 0, 0, 0, 0, 0, 0, 0, 0, 0, 0, 0, 0, 0, 0, 0, 0, 0, 0, 0, 0, 0, 0, 0, 0, 0, 0, 0, 0, 0, 0, 0, 0, 0, 0, 0, 0, 0, 0, 0, 0, 0, 0, 0, 0, 0, 0, 0, 0, 0, 0, 0, 0, 0, 0, 0, 0, 0, 0, 0, 0, 0, 0, 0, 0, 0, 0, 0, 0, 0, 0, 0, 0, 0, 0, 0, 0, 0, 0, 0, 0, 0, 0, 0, 0, 0, 0, 0, 0, 0, 0, 0, 0, 0, 0, 0, 0, 0, 0, 0, 0, 0, 0, 0, 0, 0, 0, 0, 0, 0, 0, 0, 0, 0, 0, 0, 0, 0, 0, 0, 0, 0, 0, 0, 0, 0, 0, 0, 0, 0, 0, 0, 0, 0, 0, 0, 0, 0, 0, 0, 0, 0, 0, 0, 0, 0, 0, 0, 0, 0, 0, 0, 0, 0, 0, 0, 0, 0, 0, 0, 0, 0, 0, 0, 0, 0, 0, 0, 0, 0, 0, 0, 0, 0, 0, 0, 0, 0, 0, 0, 0, 0, 0, 0, 0, 0, 0, 0, 0, 0, 0, 0, 0, 0, 0, 0, 0, 0, 0, 0, 0, 0, 0, 0, 0, 0, 0, 0, 0, 0, 0, 0, 0, 0, 0, 0, 0, 0, 0, 0, 0, 0, 0, 0, 0, 0, 0, 0, 0, 0, 0, 0, 0, 0, 0, 0, 0, 0, 0, 0, 0, 0, 0, 0, 0, 0, 0, 0, 0, 0, 0, 0, 0, 0, 0, 0, 0, 0, 0, 0, 0, 0, 0, 0, 0, 0, 0, 0, 0, 0, 0, 0, 0, 0, 0, 0, 0, 0, 0, 0, 0, 0, 0, 0, 0, 0, 0, 0, 0, 0, 0, 0, 0, 0, 0, 0, 0, 0, 0, 0, 0, 0, 0, 0, 0, 0, 0, 0, 0, 0, 0, 0, 0, 0, 0, 0, 0, 0, 0, 0, 0, 0, 0, 0, 0, 0, 0, 0, 0, 0, 0, 0, 0, 0, 0, 0, 0, 0, 0, 0, 0, 0, 0, 0, 0, 0, 0, 0, 0, 0, 0, 0, 0, 0, 0, 0, 0, 0, 0, 0, 0, 0, 0, 0, 0, 0, 0, 0, 0, 0, 0, 0, 0, 0, 0, 0, 0, 0, 0, 0, 0, 0, 0, 0, 0, 0, 0, 0, 0, 0, 0, 0, 0, 0, 0, 0, 0, 0, 0, 0, 0, 0, 0, 0, 0, 0, 0, 0, 0, 0, 0, 0, 0, 0, 0, 0, 0, 0, 0, 0, 0, 0, 0, 0, 0, 0, 0, 0, 0, 0, 0, 0, 0, 0, 0, 0, 0, 0, 0, 0, 0, 0, 0, 0, 0, 0, 0, 0, 0, 0, 0, 0, 0, 0, 0, 0, 0, 0, 0, 0, 0, 0, 0, 0, 0, 0, 0, 0, 0, 0, 0, 0, 0, 0, 0, 0, 0, 0, 0, 0, 0, 0, 0, 0, 0, 0, 0, 0, 0, 0, 0, 0, 0, 0, 0, 0, 0, 0, 0, 0, 0, 0, 0, 0, 0, 0, 0, 0, 0, 0, 0, 0, 0, 0, 0, 0, 0, 0, 0, 0, 0, 0, 0, 0, 0, 0, 0, 0, 0, 0, 0, 0, 0, 0, 0, 0, 0, 0, 0, 0, 0, 0, 0, 0, 0, 0, 0, 0, 0, 0, 0, 0, 0, 0, 0, 0, 0, 0, 0, 0, 0, 0, 0, 0, 0, 0, 0, 0, 0, 0, 0, 0, 0, 0, 0, 0, 0, 0, 0, 0, 0, 0, 0, 0, 0, 0, 0, 0, 0, 0, 0, 0, 0, 0, 0, 0, 0, 0, 0, 0, 0, 0, 0, 0, 0, 0, 0, 0, 0, 0, 0, 0, 0, 0, 0, 0, 0, 0, 0, 0, 0, 0, 0, 0, 0, 0, 0, 0, 0, 0, 0, 0, 0, 0, 0, 0, 0, 0, 0, 0, 0, 0, 0, 0, 0, 0, 0, 0, 0, 0, 0, 0, 0, 0, 0, 0, 0, 0, 0, 0, 0, 0, 0, 0, 0, 0, 0, 0, 0, 0, 0, 0, 0, 0, 0, 0, 0, 0, 0, 0, 0, 0, 0, 0, 0, 0, 0, 0, 0, 0, 0, 0, 0, 0, 0, 0, 0, 0, 0, 0, 0, 0, 0, 0, 0, 0, 0, 0, 0, 0, 0, 0, 0, 0, 0, 0, 0, 0, 0, 0, 0, 0, 0, 0, 0, 0, 0, 0, 0, 0, 0, 0, 0, 0, 0, 0, 0, 0, 0, 0, 0, 0, 0, 0, 0, 0, 0, 0, 0, 0, 0, 0, 0, 0, 0, 0, 0, 0, 0, 0, 0, 0, 0, 0, 0, 0, 0, 0, 0, 0, 0, 0, 0, 0, 0, 0, 0, 0, 0, 0, 0, 0, 0, 0, 0, 0, 0, 0, 0, 0, 0, 0, 0, 0, 0, 0, 0, 0, 0, 0, 0, 0, 0, 0, 0, 0, 0, 0, 0, 0, 0, 0, 0, 0, 0, 0, 0, 0, 0, 0, 0, 0, 0, 0, 0, 0, 0, 0, 0, 0, 0, 0, 0, 0, 0, 0, 0, 0, 0, 0, 0, 0, 0, 0, 0, 0, 0, 0, 0, 0, 0, 0, 0, 0, 0, 0, 0, 0, 0, 0, 0, 0, 0, 0, 0, 0, 0, 0, 0, 0, 0, 0, 0, 0, 0, 0, 0, 0, 0, 0, 0, 0, 0, 0, 0, 0, 0, 0, 0, 0, 0, 0, 0, 0, 0, 0, 0, 0, 0, 0, 0, 0, 0, 0, 0, 0, 0, 0, 0, 0, 0, 0, 0, 0, 0, 0, 0, 0, 0, 0, 0, 0, 0, 0, 0, 0, 0, 0, 0, 1, 1, 1, 1, 1, 1, 1, 1, 1, 1, 1, 1, 1, 1, 1, 1, 1, 1, 1, 1, 1, 1, 1, 1, 1, 1, 1, 1, 1, 1, 1, 1, 1, 1, 1, 1, 1, 1, 1, 1, 1, 1, 1, 1, 1, 1, 1, 1, 1, 1, 1, 1, 1, 1, 1, 1, 1, 1, 1, 1, 1, 1, 1, 1, 1, 1, 1, 1, 1, 1, 1, 1, 1, 1, 1, 1, 1, 1, 1, 1, 1, 1, 1, 1, 1, 1, 1, 1, 1, 1, 1, 1, 1, 1, 1, 1, 1, 1, 1, 1, 1, 1, 1, 1, 1, 1, 1, 1, 1, 1, 1, 1, 1, 1, 1, 1, 1, 1, 1, 1, 1, 1, 1, 1, 1, 1, 1, 1, 1, 1, 1, 1, 1, 1, 1, 1, 1, 1, 1, 1, 1, 1, 1, 1, 1, 1, 1, 1, 1, 1, 1, 1, 1, 1, 1, 1, 1, 1, 1, 1, 1, 1, 1, 1, 1, 1, 1, 1, 1, 1, 1, 1, 1, 1, 1, 1, 1, 1, 1, 1, 1, 1, 1, 1, 1, 1, 1, 1, 1, 1, 1, 1, 1, 1, 1, 1, 1, 1, 1, 1, 1, 1, 1, 1, 1, 1, 1, 1, 1, 1, 1, 1, 1, 1, 1, 1, 1, 1, 1, 1, 1, 1, 1, 1, 1, 1, 1, 1, 1, 1, 1, 1, 1, 1, 1, 1, 1, 1, 1, 1, 1, 1, 1, 1, 1, 1, 1, 1, 1, 1, 1, 1, 1, 1, 1, 1, 1, 1, 1, 1, 1, 1, 1, 1, 1, 1, 1, 1, 1, 1, 1, 1, 1, 1, 1, 1, 1, 1, 1, 1, 1, 1, 1, 1, 1, 1, 1, 1, 1, 1, 1, 1, 1, 1, 1, 1, 1, 1, 1, 1, 1, 1, 1, 1, 1, 1, 1, 1, 1, 1, 1, 1, 1, 1, 1, 1, 1, 1, 1, 1, 1, 1, 1, 1, 1, 1, 1, 1, 1, 1, 1, 1, 1, 1, 1, 1, 1, 1, 1, 1, 1, 1, 1, 1, 1, 1, 1, 1, 1, 1, 1, 1, 1, 1, 1, 1, 1, 1, 1, 1, 1, 1, 1, 1, 1, 1, 1, 1, 1, 1, 1, 1, 1, 1, 1, 1, 1, 1, 1, 1, 1, 1, 1, 1, 1, 1, 1, 1, 1, 1, 1, 1, 1, 1, 1, 1, 1, 1, 1, 1, 1, 1, 1, 1, 1, 1, 1, 1, 1, 1, 1, 1, 1, 1, 1, 1, 1, 1, 1, 1, 1, 1, 1, 1, 1, 1, 1, 1, 1, 1, 1, 1, 1, 1, 1, 1, 1, 1, 1, 1, 1, 1, 1, 1, 1, 1, 1, 1, 1, 1, 1, 1, 1, 1, 1, 1, 1, 1, 1, 1, 1, 1, 1, 1, 1, 1, 1, 1, 1, 1, 1, 1, 1, 1, 1, 1, 1, 1, 1, 1, 1, 1, 1, 1, 1, 1, 1, 1, 1, 1, 1, 1, 1, 1, 1, 1, 1, 1, 1, 1, 1, 1, 1, 1, 1, 1, 1, 1, 1, 1, 1, 1, 1, 1, 1, 1, 1, 1, 1, 1, 1, 1, 1, 1, 1, 1, 1, 1, 1, 1, 1, 1, 1, 1, 1, 1, 1, 1, 1, 1, 1, 1, 1, 1, 1, 1, 1, 1, 1, 1, 1, 1, 1, 1, 1, 1, 1, 1, 1, 1, 1, 1, 1, 1, 1, 1, 1, 1, 1, 1, 1, 1, 1, 1, 1, 1, 1, 1, 1, 1, 1, 1, 1, 1, 1, 1, 1, 1, 1, 1, 1, 1, 1, 1, 1, 1, 1, 1, 1, 1, 1, 1, 1, 1, 1, 1, 1, 1, 1, 1, 1, 1, 1, 1, 1, 1, 1, 1, 1, 1, 1, 1, 1, 1, 1, 1, 1, 1, 1, 1, 1, 1, 1, 1, 1, 1, 1, 1, 1, 1, 1, 1, 1, 1, 1, 1, 1, 1, 1, 1, 1, 1, 1, 1, 1, 1, 1, 1, 1, 1, 1, 1, 1, 1, 1, 1, 1, 1, 1, 1, 1, 1, 1, 1, 1, 1, 1, 1, 1, 1, 1, 1, 1, 1, 1, 1, 1, 1, 1, 1, 1, 1, 1, 1, 1, 1, 1, 1, 1, 1, 1, 1, 1, 1, 1, 1, 1, 1, 1, 1, 1, 1, 1, 1, 1, 1, 1, 1, 1, 1, 1, 1, 1, 1, 1, 1, 1, 1, 1, 1, 1, 1, 1, 1, 1, 1, 1, 1, 1, 1, 1, 1, 1, 1, 1, 1, 1, 1, 1, 1, 1, 1, 1, 1, 1, 1, 1, 1, 1, 1, 1, 1, 1, 1, 1, 1, 1, 1, 1, 1, 1, 1, 1, 1, 1, 1, 1, 1, 1, 1, 1, 1, 1, 1, 1, 1, 1, 1, 1, 1, 1, 1, 1, 1, 1, 1, 1, 1, 1, 1, 1, 1, 1, 1, 1, 1, 1, 1, 1, 1, 1, 1, 1, 1, 1, 1, 1, 1, 1, 1, 1, 1, 1, 1, 1, 1, 1, 1, 1, 1, 1, 1, 1, 1, 1, 1, 1, 1, 1, 1, 1, 1, 1, 1, 1, 1, 1, 1, 1, 1, 1, 1, 1, 1, 1, 1, 1, 1, 1, 1, 1, 1, 1, 1, 1, 1, 1, 1, 1, 1, 1, 1, 1, 1, 1, 1, 1, 1, 1, 1, 1, 1, 1, 1, 1, 1, 1, 1, 1, 1, 1, 1, 1, 1, 1, 1, 1, 1, 1, 1, 1, 1, 1, 1, 1, 1, 1, 1, 1, 1, 1, 1, 1, 1, 1, 1, 1, 1, 1, 1, 1, 1, 1, 1, 1, 1, 1, 1, 1, 1, 1, 1, 1, 1, 1, 1, 1, 1, 1, 1, 1, 1, 1, 1, 1, 1, 1, 1, 1, 1, 1, 1, 1, 1, 1, 1, 1, 1, 1, 1, 1, 1, 1, 1, 1, 1, 1, 1, 1, 1, 1, 1, 1, 1, 1, 1, 1, 1, 1, 1, 1, 1, 1, 1, 1, 1, 1, 1, 1, 1, 1, 1, 1, 1, 1, 1, 1, 1, 1, 1, 1, 1, 1, 1, 1, 1, 1, 1, 1, 1, 1, 1, 1, 1, 1, 1, 1, 1, 1, 1, 1, 1, 1, 1, 1, 1, 1, 1, 1, 1, 1, 1, 1, 1, 1, 1, 1, 1, 1, 1, 1, 1, 1, 1, 1, 1, 1, 1, 1, 1, 1, 1, 1, 1, 1, 1, 1, 1, 1, 1, 1, 1, 1, 1, 1, 1, 1, 1, 1, 1, 1, 1, 1, 1, 1, 1, 1, 1, 1, 1, 1, 1, 1, 1, 1, 1, 1, 1, 1, 1, 1, 1, 1, 1, 1, 1, 1, 1, 1, 1, 1, 1, 1, 1, 1, 1, 1, 1, 1, 1, 1, 1, 1, 1, 1, 1, 1, 1, 1, 1, 1, 1, 1, 1, 1, 1, 1, 1, 1, 1, 1, 1, 1, 1, 1, 1, 1, 1, 1, 1, 1, 1, 1, 1, 1, 1, 1, 1, 1, 1, 1, 1, 1, 1, 1, 1, 1, 1, 1, 1, 1, 1, 1, 1, 1, 1, 1, 1, 1, 1, 1, 1, 1, 1, 1, 1, 1, 1, 1, 1, 1, 1, 1, 1, 1, 1, 1, 1, 1, 1, 1, 1, 1, 1, 1, 1, 1, 1, 1, 1, 1, 1, 1, 1, 1, 1, 1, 1, 1, 1, 1, 1, 1, 1, 1, 1, 1, 1, 1, 1, 1, 1, 1, 1, 1, 1, 1, 1, 1, 1, 1, 1, 1, 1, 1, 1, 1, 1, 1, 1, 1, 1, 1, 1, 1, 1, 1, 1, 1, 1, 1, 1, 1, 1, 1, 1, 1, 1, 1, 1, 1, 1, 1, 1, 1, 1, 1, 1, 1, 1, 1, 1, 1, 1, 1, 1, 1, 1, 1, 1, 1, 1, 1, 1, 1, 1, 1, 1, 1, 1, 1, 1, 1, 1, 1, 1, 1, 1, 1, 1, 1, 1, 1, 1, 1, 1, 1, 1, 1, 1, 1, 1, 1, 1, 1, 1, 1, 1, 1, 1, 1, 1, 1, 1, 1, 1, 1, 1, 1, 1, 1, 1, 1, 1, 1, 1, 1, 1, 1, 1, 1, 1, 1, 1, 1, 1, 1, 1, 1, 1, 1, 1, 1, 1, 1, 1, 1, 1, 1, 1, 1, 1, 1, 1, 1, 1, 1, 1, 1, 1, 1, 1, 1, 1, 1, 1, 1, 1, 1, 1, 1, 1, 1, 1, 1, 1, 1, 1, 1, 1, 1, 1, 1, 1, 1, 1, 1, 1, 1, 1, 1, 1, 1, 1, 1, 1, 1, 1, 1, 1, 1, 1, 1, 1, 1, 1, 1, 1, 1, 1, 1, 1, 1, 1, 1, 1, 1, 1, 1, 1, 1, 1, 1, 1, 1, 1, 1, 1, 1, 1, 1, 1, 1, 1, 1, 1, 1, 1, 1, 1, 1, 1, 1, 1, 1, 1, 1, 1, 1, 1, 1, 1, 1, 1, 1, 1, 1, 1, 1, 1, 1, 1, 1, 1, 1, 1, 1, 1, 1, 1, 1, 1, 1, 1, 1, 1, 1, 1, 1, 1, 1, 1, 1, 1, 1, 1, 1, 1, 1, 1, 1, 1, 1, 1, 1, 1, 1, 1, 1, 1, 1, 1, 1, 1, 1, 1, 1, 1, 1, 1, 1, 1, 1, 1, 1, 1, 1, 1, 1, 1, 1, 1, 1, 1, 1, 1, 1, 1, 1, 1, 1, 1, 1, 1, 1, 1, 1, 1, 1, 1, 1, 1, 1, 1, 1, 1, 1, 1, 1, 1, 1, 1, 1, 1, 1, 1, 1, 1, 1, 1, 1, 1, 1, 1, 1, 1, 1, 1, 1, 1, 1, 1, 1, 1, 1, 1, 1, 1, 1, 1, 1, 1, 1, 1, 1, 1, 1, 1, 1, 1, 1, 1, 1, 1, 1, 1, 1, 1, 1, 1, 1, 1, 1, 1, 1, 1, 1, 1, 1, 1, 1, 1, 1, 1, 1, 1, 1, 1, 1, 1, 1, 1, 1, 1, 1, 1, 1, 1, 1, 1, 1, 1, 1, 1, 1, 1, 1, 1, 1, 1, 1, 1, 1, 1, 1, 1, 1, 1, 1, 1, 1, 1, 1, 1, 1, 1, 2, 2, 2, 2, 2, 2, 2, 2, 2, 2, 2, 2, 2, 2, 2, 2, 2, 2, 2, 2, 2, 2, 2, 2, 2, 2, 2, 2, 2, 2, 2, 2, 2, 2, 2, 2, 2, 2, 2, 2, 2, 2, 2, 2, 2, 2, 2, 2, 2, 2, 2, 2, 2, 2, 2, 2, 2, 2, 2, 2, 2, 2, 2, 2, 2, 2, 2, 2, 2, 2, 2, 2, 2, 2, 2, 2, 2, 2, 2, 2, 2, 2, 2, 2, 2, 2, 2, 2, 2, 2, 2, 2, 2, 2, 2, 2, 2, 2, 2, 2, 2, 2, 2, 2, 2, 2, 2, 2, 2, 2, 2, 2, 2, 2, 2, 2, 2, 2, 2, 2, 2, 2, 2, 2, 2, 2, 2, 2, 2, 2, 2, 2, 2, 2, 2, 2, 2, 2, 2, 2, 2, 2, 2, 2, 2, 2, 2, 2, 2, 2, 2, 2, 2, 2, 2, 2, 2, 2, 2, 2, 2, 2, 2, 2, 2, 2, 2, 2, 2, 2, 2, 2, 2, 2, 2, 2, 2, 2, 2, 2, 2, 2, 2, 2, 2, 2, 2, 2, 2, 2, 2, 2, 2, 2, 2, 2, 2, 2, 2, 2, 2, 2, 2, 2, 2, 2, 2, 2, 2, 2, 2, 2, 2, 2, 2, 2, 2, 2, 2, 2, 2, 2, 2, 2, 2, 2, 2, 2, 2, 2, 2, 2, 2, 2, 2, 2, 2, 2, 2, 2, 2, 2, 2, 2, 2, 2, 2, 2, 2, 2, 2, 2, 2, 2, 2, 2, 2, 2, 2, 2, 2, 2, 2, 2, 2, 2, 2, 2, 2, 2, 2, 2, 2, 2, 2, 2, 2, 2, 2, 2, 2, 2, 2, 2, 2, 2, 2, 2, 2, 2, 2, 2, 2, 2, 2, 2, 2, 2, 2, 2, 2, 2, 2, 2, 2, 2, 2, 2, 2, 2, 2, 2, 2, 2, 2, 2, 2, 2, 2, 2, 2, 2, 2, 2, 2, 2, 2, 2, 2, 2, 2, 2, 2, 2, 2, 2, 2, 2, 2, 2, 2, 2, 2, 2, 2, 2, 2, 2, 2, 2, 2, 2, 2, 2, 2, 2, 2, 2, 2, 2, 2, 2, 2, 2, 2, 2, 2, 2, 2, 2, 2, 2, 2, 2, 2, 2, 2, 2, 2, 2, 2, 2, 2, 2, 2, 2, 2, 2, 2, 2, 2, 2, 2, 2, 2, 2, 2, 2, 2, 2, 2, 2, 2, 2, 2, 2, 2, 2, 2, 2, 2, 2, 2, 2, 2, 2, 2, 2, 2, 2, 2, 2, 2, 2, 2, 2, 2, 2, 2, 2, 2, 2, 2, 2, 2, 2, 2, 2, 2, 2, 2, 2, 2, 2, 2, 2, 2, 2, 2, 2, 2, 2, 2, 2, 2, 2, 2, 2, 2, 2, 2, 2, 2, 2, 2, 2, 2, 2, 2, 2, 2, 2, 2, 2, 2, 2, 2, 2, 2, 2, 2, 2, 2, 2, 2, 2, 2, 2, 2, 2, 2, 2, 2, 2, 2, 2, 2, 2, 2, 2, 2, 2, 2, 2, 2, 2, 2, 2, 2, 2, 2, 2, 2, 2, 2, 2, 2, 2, 2, 2, 2, 2, 2, 2, 2, 2, 2, 2, 2, 2, 2, 2, 2, 2, 2, 2, 2, 2, 2, 2, 2, 2, 2, 2, 2, 2, 2, 2, 2, 2, 2, 2, 2, 2, 2, 2, 2, 2, 2, 2, 2, 2, 2, 2, 2, 2, 2, 2, 2, 2, 2, 2, 2, 2, 2, 2, 2, 2, 2, 2, 2, 2, 2, 2, 2, 2, 2, 2, 2, 2, 2, 2, 2, 2, 2, 2, 2, 2, 2, 2, 2, 2, 2, 2, 2, 2, 2, 2, 2, 2, 2, 2, 2, 2, 2, 2, 2, 2, 2, 2, 2, 2, 2, 2, 2, 2, 2, 2, 2, 2, 2, 2, 2, 2, 2, 2, 2, 2, 2, 2, 2, 2, 2, 2, 2, 2, 2, 2, 2, 2, 2, 2, 2, 2, 2, 2, 2, 2, 2, 2, 2, 2, 2, 2, 2, 2, 2, 2, 2, 2, 2, 2, 2, 2, 2, 2, 2, 2, 2, 2, 2, 2, 2, 2, 2, 2, 2, 2, 2, 2, 2, 2, 2, 2, 2, 2, 2, 2, 2, 2, 2, 2, 2, 2, 2, 2, 2, 2, 2, 2, 2, 2, 2, 2, 2, 2, 2, 2, 2, 2, 2, 2, 2, 2, 2, 2, 2, 2, 2, 2, 2, 2, 2, 2, 2, 2, 2, 2, 2, 2, 2, 2, 2, 2, 2, 2, 2, 2, 2, 2, 2, 2, 2, 2, 2, 2, 2, 2, 2, 2, 2, 2, 2, 2, 2, 2, 2, 2, 2, 2, 2, 2, 2, 2, 2, 2, 2, 2, 2, 2, 2, 2, 2, 2, 2, 2, 2, 2, 2, 2, 2, 2, 2, 2, 2, 2, 2, 2, 2, 2, 2, 2, 2, 2, 2, 2, 2, 2, 2, 2, 2, 2, 2, 2, 2, 2, 2, 2, 2, 2, 2, 2, 2, 2, 2, 2, 2, 2, 2, 2, 2, 2, 2, 2, 2, 2, 2, 2, 2, 2, 2, 2, 2, 2, 2, 2, 2, 2, 2, 2, 2, 2, 2, 2, 2, 2, 2, 2, 2, 2, 2, 2, 2, 2, 2, 2, 2, 2, 2, 2, 2, 2, 2, 2, 2, 2, 2, 2, 2, 2, 2, 2, 2, 2, 2, 2, 2, 2, 2, 2, 2, 2, 2, 2, 2, 2, 2, 2, 2, 2, 2, 2, 2, 2, 2, 2, 2, 2, 2, 2, 2, 2, 2, 2, 2, 2, 2, 2, 2, 2, 2, 2, 2, 2, 2, 2, 2, 2, 2, 2, 2, 2, 2, 2, 2, 2, 2, 2, 2, 2, 2, 2, 2, 2, 2, 2, 2, 2, 2, 2, 2, 2, 2, 2, 2, 2, 2, 2, 2, 2, 2, 2, 2, 2, 2, 2, 2, 2, 2, 2, 2, 2, 2, 2, 2, 2, 2, 2, 2, 2, 2, 2, 2, 2, 2, 2, 2, 2, 2, 2, 2, 2, 2, 2, 2, 2, 2, 2, 2, 2, 2, 2, 2, 2, 2, 2, 2, 2, 2, 2, 2, 2, 2, 2, 2, 2, 2, 2, 2, 2, 2, 2, 2, 2, 2, 2, 2, 2, 2, 2, 2, 2, 2, 2, 2, 2, 2, 2, 2, 2, 2, 2, 2, 2, 2, 2, 2, 2, 2, 2, 2, 2, 2, 2, 2, 2, 2, 2, 2, 2, 2, 2, 2, 2, 2, 2, 2, 2, 2, 2, 2, 2, 2, 2, 2, 2, 2, 2, 2, 2, 2, 2, 2, 2, 2, 2, 2, 2, 2, 2, 2, 2, 2, 2, 2, 2, 2, 2, 2, 2, 2, 2, 2, 2, 2, 2, 2, 2, 2, 2, 2, 2, 2, 2, 2, 2, 2, 2, 2, 2, 2, 2, 2, 2, 2, 2, 2, 2, 2, 2, 2, 2, 2, 2, 2, 2, 2, 2, 2, 2, 2, 2, 2, 2, 2, 2, 2, 2, 2, 2, 2, 2, 2, 2, 2, 2, 2, 2, 2, 2, 2, 2, 2, 2, 2, 2, 2, 2, 2, 2, 2, 2, 2, 2, 2, 2, 2, 2, 2, 2, 2, 2, 2, 2, 2, 2, 2, 2, 2, 2, 2, 2, 2, 2, 2, 2, 2, 2, 2, 2, 2, 2, 2, 2, 2, 2, 2, 2, 2, 2, 2, 2, 2, 2, 2, 2, 2, 2, 2, 2, 2, 2, 2, 2, 2, 2, 2, 2, 2, 2, 2, 2, 2, 2, 2, 2, 2, 2, 2, 2, 2, 2, 2, 2, 2, 2, 2, 2, 2, 2, 2, 2, 2, 2, 2, 2, 2, 2, 2, 2, 2, 2, 2, 2, 2, 2, 2, 2, 2, 2, 2, 2, 2, 2, 2, 2, 2, 2, 2, 2, 2, 2, 2, 2, 2, 2, 2, 2, 2, 2, 2, 2, 2, 2, 2, 2, 2, 2, 2, 2, 2, 2, 2, 2, 2, 2, 2, 2, 2, 2, 2, 2, 2, 2, 2, 2, 2, 2, 2, 2, 2, 2, 2, 2, 2, 2, 2, 2, 2, 2, 2, 2, 2, 2, 2, 2, 2, 2, 2, 2, 2, 2, 2, 2, 2, 2, 2, 2, 2, 2, 2, 2, 2, 2, 2, 2, 2, 2, 2, 2, 2, 2, 2, 2, 2, 2, 2, 2, 2, 2, 2, 2, 2, 2, 2, 2, 2, 2, 2, 2, 2, 2, 2, 2, 2, 2, 2, 2, 2, 2, 2, 2, 2, 2, 2, 2, 2, 2, 2, 2, 2, 2, 2, 2, 2, 2, 2, 2, 2, 2, 2, 2, 2, 2, 2, 2, 2, 2, 2, 2, 2, 2, 2, 2, 2, 2, 2, 2, 2, 2, 2, 2, 2, 2, 2, 2, 2, 2, 2, 2, 2, 2, 2, 2, 2, 2, 2, 2, 2, 2, 2, 2, 2, 2, 2, 2, 2, 2, 2, 2, 2, 2, 2, 2, 2, 2, 2, 2, 2, 2, 2, 2, 2, 2, 2, 2, 2, 2, 2, 2, 2, 2, 2, 2, 2, 2, 2, 2, 2, 2, 2, 2, 2, 2, 2, 2, 2, 2, 2, 2, 2, 2, 2, 2, 2, 2, 2, 2, 2, 2, 2, 2, 2, 2, 2, 2, 2, 2, 2, 2, 2, 2, 2, 2, 2, 2, 2, 2, 2, 2, 2, 2, 2, 2, 2, 2, 2, 2, 2, 2, 2, 2, 2, 2, 2, 2, 2, 2, 2, 2, 2, 2, 2, 2, 2, 2, 2, 2, 2, 2, 2, 2, 2, 2, 2, 2, 2, 2, 2, 2, 2, 2, 2, 2, 2, 2, 2, 2, 2, 2, 2, 2, 2, 2, 2, 2, 2, 2, 2, 2, 2, 2, 2, 2, 2, 2, 2, 2, 2, 2, 2, 2, 2, 2, 2, 2, 2, 2, 2, 2, 2, 2, 2, 2, 2, 2, 2, 2, 2, 2, 2, 2, 2, 2, 2, 2, 2, 2, 2, 2, 2, 2, 2, 2, 2, 2, 2, 2, 2, 2, 2, 2, 2, 2, 2, 2, 2, 2, 2, 2, 2, 2, 2, 2, 2, 2, 2, 2, 2, 2, 2, 2, 2, 2, 2, 2, 0, 0]