#/home/brian/Documents/summer17/Python/VEC/scripts/make_SBM_graphs.py
# GMT Thu Jul 27 21:51:55 2017
# 
0 2610 4327 188 229 3271
1 3768 3297 4447 1431 2383
2 1824 2285 3095
3 387 4245 4934 879
4 3624 1094
5 4848 3981
6 2601 686 4687 4305 1842 2324 663 2426
7 1282 3823 3631
8 4088 4488 2714 160 3275
9 4042 1419 3804 4174 3111
10 2776 1036 3182
11 603
12 4691 4870 2422
13 2002 3978 3914
14 1938 1013 3685 359
15 984 4434
16 571 3500 1517
17 3345 1134
18 2101 1693
19 3041 4548
20 1642 717
21 3612 2257 947 2137 2012 510
22 2686 4518
23 257 4107 2372
24 456 1161 3540
25 101 1479 3017 816 1082 4190
26 2873 2893 3550
27 1514 467 3450 2358
28 1273 322
29 1586 2403 430 359
30 1490 3633 418 1699 450
31 2209 354
32 4745 4538 1428 2525
33 2470
34
35 3946 742
36 2627 1917 3326
37 3245 4095 3414 3670 1303
38 2106 4622
39 1042 1203 286
40 3772 4077 381 1436 3932 2237
41 3894 3935
42 1826 4853
43 4088 3982 4126 2879
44 1293
45 1411 1541 3819 3121 2706 3127 1149 798
46 4430 1630
47 1732 2453 2807
48 1152 1084 4556
49 3490 2877 3814
50 1846 3622
51 3930 100 2698
52 2208 179 764 2523
53 355 3707 2779 2291
54 3206 4775 4206 2481 1880 3547
55 1297 4234 3275 1407
56 1283 4102 521 4618 2123 639
57 1608 1777 3052 3852
58 3792 4582
59 2798
60 2537 882 4335
61 330 1618 2717
62 899 3719 3208 3596 1324 4559 4631
63 3145 1251 4204 2334 2903
64 1971 835 389 4327
65 4296 4241 1851 1662 2279
66 697 1050 940
67 4777 3575 1649
68 1127 2100 3661 3559
69 1652
70 1666 2377 1804 3342 4730 3324
71 1232 843 2444
72 2777 2266
73 149 2126 2959
74 3681 1793
75 2526 2343
76 3482 213
77 1697 358 1223
78 1470 3718 431
79 4434 1239
80 2632 3449 292 3815
81 4483 2191 4998 3767
82 265 2700 1551 3122 474 1436
83 88 4146 778 3684 4749
84 4629 4718
85 818 2163 3884 2733 1046
86 3305 337
87 787 1624 2426 3419
88 4358 2888 3918 1662 4543
89 1240 3345 580 1917 1510
90 3330 1691 3370 870
91 176 646 1967
92 1132 3846
93 2402 2931 1021 775
94 3424 1012
95 3920 2166 4111
96 4320 580 4361 1674 2637 2927
97 476 3837 3999
98 2474 3429
99 3632 3579 4508
100 2329 4522 1532 526
101 4064 2579 3765 264
102 3409 2466 1228 4962
103 3579 4459
104 2904 2126 2805 774
105 2225
106
107 4977 2390
108 2296 180 4806 2991
109 4778 3140 613
110 361 1764 4214
111 2551
112 4104 1674 524 1680 2227 3033 1403 1119
113 3685 3691 2609 1490 4404 1975 2324 766 4581
114 880 2636 1998
115 913 1188 4044
116 4705 2724 1639 2564 170 2989 2766 3341 3538 164 220 4285
117 4848 3873 2899 2012 3813
118 2850 2677 774 543
119 2481 2277
120 2075 2071 2999
121 4651 2970 4891
122 1957 2982 3276 4813 2286 4189
123 2731 2603 2478 757 4093 4149
124 4426 1843
125 4010 1787 1509
126 3216 153 4625
127 2881 4370 1302 632 2431 3519
128 2017 4219 3677
129 2097 2237
130 4515
131
132 2346 4251
133 3149 3575
134 1564 4757 2086 885
135 299 4710 1839
136 4024 4067 4238
137 2006
138 4384 1304 944 3212 4668
139 4818
140 3617 1866 2533
141 336 2306 1947 1133 3271
142
143 329 3986 2233
144 877
145 1189 1709 781 1907 1268 4473
146 802 2699 2629
147 4405
148 1680 1073 4397
149 3707 4007 1515 3182 2331
150 2552 3422
151 2312 3363 1986 1739 3867
152 4098 4390 4646 4584 1514 685 4882 2134 1019
153 2283 1700 796 1047 1872 4946 2263 1884
154 4526
155 672 3635
156 840 1940 2526
157 2201 4850 2172
158 3676 4454 4727
159 1601 219 4316 4561
160 4545 2708 1622 2459 2172
161 2554
162 3618 2579 3390 1398 4503
163 2721 2120 1003 173 2450 3252
164 2016 497 2413 2397
165 912 3817 1603 2864
166 1081 2246
167 2480 2650 2114 3605
168 4592 1361
169 2881 1218 2195 1998 3922 3219 4238 4089
170 2621 2797
171 4201
172 4216 3489 2466 4996
173 1057 2159
174 1307 2019 1932 381 3126
175 3428 2811 2932 798 1382
176 3762
177 4739 3602 2995 2740
178 4338 1755 3636 429 3877
179 1121 1918 1413 4606
180 4596 4850 4873
181 4673 2410 2860 3118 3577 2506
182 3560 1450 4964 2183
183 2609 1523 2900 1057
184 561 2709
185 3896 3252 3218 844 2381
186 3226 4380
187 3642 1396 3566
188 3920 3831
189 1478
190 3000 3137 2454 4929
191 961
192 3001 300 2197
193 2687 3957 2998 4199
194 824 1486 390
195 3001 1355 4796 1925 351
196 4320 3218 891 2999
197 1546
198 1104 4658 789 3730 4935
199 2511 1210 2515 3542 4583
200 4176 2989 4070
201 2400 3544 3030 1048 1051 316
202 1874 2997
203 2625 4732 2564 1261
204 4705 4691 4807 2239
205 3481 4066 1481 3041
206 1592 3505 3130 2890
207 656 2747 3124
208 4273 899 349
209 4705 1202 3710 3166
210 4682 354 3261 2054
211 3824 3841 1492
212 937
213 3912 2058 4814 1913 4155 4445 2975
214
215 4161 836 232 1450 1256 2674
216 1195
217 3699 4022 3031
218 2053 1769 2647 3212 2157 1775 1495 4218 831
219 2392 1570 1867
220 3309
221 3162 4788 3855
222 4178 3474 4442 821 869
223 3064 2162 1734 3061 4454
224 4310
225 2514 3526 2567
226
227 3347 1563 4182
228 1817 1831
229 4324 4393 1356 3641 4188
230 2077
231 817 2804
232 2977 686 4303 1776 2579 3385 1691
233 3060 4388 3309 4927
234 280 4442 3559 1294 1247
235 4166 2278 3891 1726 854 1246
236 4224 2119 467 999
237 4096 4158 4677 3470
238 4966 2135
239 4362 3695
240 1960 4528 626 699 2148
241
242 4136 1532
243 1593 2382
244 900 1669
245
246 1297 2677 1999
247 3896 1996 1083 1004 3433
248 2633 842 2573 3252 4379 2524 3644
249 4422
250 4239
251 3972 4277
252 1205 4181
253 384 1713 1291 4420
254 2576 2681 1343 543
255 3965 4966
256 603 3076
257
258 2216 4904 3885
259 3296 4516 2473 2892 1326 2351 1244 2540
260 4540 2799
261 4798
262 513
263 3622
264 4422 2438 1547 4435 3416
265 2992 1489 2115 3970
266 1029 4061
267 2548 2588
268 3801 1019 3444 884 4579
269 656 2330 3658 1674
270 4263 3082 3927 890 1597 2974
271 900 2535 3886 2672 817 2069
272 2146 3140 3723 1237 1912 4701 4575
273 2585 4741 1063
274
275 481 2821 3112 335 3312 4280
276 3536
277 894 2527
278 4989 2998
279 1232 4793 4012 3857
280 3537
281 1547 4261
282 1025 1517 2640 4793 474 4543
283 3224 3819 1413 4213
284 2449 1591 3399
285 3303 2157 959
286 1810 4563 1804 1773
287 3426 4012 798 998
288 976 906 3483 2901 2950
289 3745 1349 4429 943 470 4825 3711
290 4415 3789 2543
291 1062 3180 4175 404 4885 4059
292 2920 1739 2299
293 2479
294 1665 3735
295 3027 4972 4533 2559
296 3968 2034
297 2945 3185 830 1991
298 4722 4611 4458
299 1383 2000 337 2422 604
300 3080 2357 655
301 3260 781
302
303 3194 4147
304 3065 1233 653 2117 695
305 2272 2826 2610 2106 3695
306 3816 4176 1491 2894 3470
307 750
308 1732 1877
309 4979 2195 2533 2677
310 1032 3633 4228 1191
311 2780
312 4414 2637 4302
313 4267 2932
314 2598
315 2715 412 4973 1927
316 1409 1769 4727
317 2097 3586 3668
318 4512 1189 4182 4863
319 530 3211 2421 4286
320 2410 2860 935
321 2336 3044 2633 2923 2444 4046 2217
322 1896 4833
323 3281
324 2518 4122 2450 3766
325 2522 1207
326 2424 1058 1499 3614
327 2017 3066 847
328 3689 4225
329 1935
330 3403 1870 2269 3475 1371
331 3902
332
333 4762 3314 1046
334 3328 3556 1124 1533 3343
335 2250 3340
336 2354 4042 1631 2605
337 1382
338 4939 4980 987
339 3891 2021
340 2680 4346 1172
341 3037
342 4259
343 1067 3439
344 817 650 3406 1361
345 3870
346 884 4644 2927
347 1481
348 1672 3595
349 3730 1859
350 2035 2645 3373
351 1088 1652 4540 2241
352 2433 4374
353
354 3557 4845 4831
355 1531 2783
356
357 3320 4010 4563 3670 4183
358 799
359 2143 1863
360 1352 921 1009 567 3239
361 1939 4156 3621 2335
362 4155 4398 3678
363 2953
364 2402 4613 1598
365 1068 2228 2081 2217
366 4388
367 3444 606
368 4456 3274 1039
369 1272 1841 3738
370 4032 3586 4869 2955 2738 4379
371 4168 1437
372 1152 2914 2445 1127
373 628 2349
374 4120 913 2648 1413 3566
375 658 1090 4391
376 718 1003 749 4014 2063 1171 1294
377 1291
378 2410 1047 4474 1741
379 4608 3761 860
380 833 2340 2447 3248 2199 4345
381 3468 3250 3283 3134 4765 2398
382 2931 4878
383 2584 2694
384 2595 2974 2327
385 3105 4594
386
387 1689 4090 3478 3294
388 3906 4819 1779
389 2656 3574 481
390 1156 1989 1002 2455 3255 1412
391 4337 3508 4877 734
392 2887 1610 3321 1401 761 4507 3690
393 2657 3978 1964 1173 3109
394 2457 1292 2997
395 1077 3238
396 1354 4291 4703
397 2200 3618 3986
398 4158 799
399 3232 3281 1436 509
400 2231 1478 1743
401 1310 3775
402 3081 4703 1767
403 3584 2187 2958
404 4833 4137 4347
405 3289 2602 1635
406 3057 1308
407 3224 912 1810 3008
408 2042 1532 3421
409 2289
410 684 3694 1486
411 3587 4325 1768 497 4436 4886 2104
412 528 3143 1671 592 2994 3731 4508
413 3010 940
414 1342
415 3258 2830
416 2163 1741 1007
417 1986 3019 4649 3147 4205 4632 2264 3133
418 1305 2478 3983
419 3061 3653
420 1384 3258 3263
421 4896 3843
422 2620
423 3234
424 4914 2123 2548
425 3040 3304 936 1261
426 1684 3069 4109
427 3552 1796 3044
428 4080 1997 3379 1453 2989
429 2990 2671
430 3094 462 1430 1817 3742
431
432 1305 4268 2721
433 3990
434 3987 4108 606
435 4278 4151
436 3438 4519
437 3072 1777 4355 461 2999
438 1395
439 2367
440 2184 2579 4723 581
441 1169 554 3332
442 4584 1052
443 968 2633 1333 3353 1501 1631
444 2242 1027 3684 2862
445 2831
446 832 994 3268 3790 2095 4924
447 1885 4981
448 480 4753 1442 2161
449 2952 1065 1601
450 3296 3139 1067 2787
451 3459 2555
452 2169 1245 877 2625
453 3825 4212
454 4433 3994 638
455 3289
456 833 3949 1519
457 3984 1571 3163 4550
458 3353 3210 4581
459 1056 3499 2353 921 4859 4445
460 2521 1643 3277
461 1994 4284 2598
462 931 3214
463
464 1138 4548 3501
465 4060 3070
466 2289
467
468 1632 4153 3163
469 2593
470 3951
471 592 1059 3887
472 2904 4913 938
473 2627 1988 1864 907 4788 1851
474 3532 2094
475 2031 2156 4030 3799
476 2339 2151 782 2258 726
477 4290
478 4549 1317
479 2568 1421 605
480 1596 4084 1487
481 2081 4329 4718 792 536
482 2105 1522 2540 4477
483 3842
484 4139 4523 4566 3671
485 962 717 4794
486 2917 823
487 2969 3947 2049 1086 2207
488 3590
489 3270 2055 2941 2007 921 2236 4125
490 3795 4862
491 3180 2294
492 3714 4683 2196 2157 2150
493 608 4872 1423
494 3093 4005
495 2345 2196 2382
496 2075 3745 3195 3868 1265
497 2311 1522 4756 4188
498 1144 1003 3308
499 3401 1786 2291 1516
500 2705
501 4078
502 4399
503 2689 4418 2172
504 1879
505 3153 3515
506 3680 4441 4978 858
507 1837 3435 691 2389
508 3940 2402 2500
509 4138 2181 4254
510 1417 1735 1741
511 1569 4970 3299
512
513 4211 4846
514 2065
515 2193 3543 3597 2566 3599
516 3994 3451 3826 1070 4725
517 4897
518 1956 2565
519 2248 1825 2395 2547
520 2513 3698 3341 629 2825
521 2722 2051 2117 4332 1196
522 2015
523 2752 712 3796 1541
524 1601 4644 2437 3691 4626 1061 4127
525 1610 3999 2071
526 4901 1003 3532 2741 1365
527 1944 2967
528 3652 1369 715 1477
529 2309 3422 4575
530 4317
531 2067
532 4729 1578 727
533 3715 3004 3901 1861
534 4770 4479
535 3232 1562 2459
536 2882 2851 4303 4915 2298 2428 861
537 1440 1112 3824 719
538 656 1005 4871
539 1604 1647
540 3114 4165 4101
541 3136 1681
542 3064
543 4386 1707 2806 2815
544 4449 4673 3604 1662 4572
545 4264 1823
546 1232 1773 2838 2927
547 4788 3282 1124 2213
548 4553 2654
549 1849 4562 2331 2082 1598
550 4688 3412 1140 4237
551
552 3954 646
553 3651 2664 2858 2731 1487 1128
554 2657 4676 3784 2542 1775 1080
555 2488 3008
556 2072 3326 2654 2007
557 1586 741
558 3098 4907 2787 2735
559 4000 1708 4165 3710
560 1740 1941
561 1283
562 3980 861
563 3904
564 885
565 3328 3758
566 4436 3236 572 1701
567 2274 3367 974 3471 3891
568 1225 3066 3537
569 1769 1026 1403 2351
570 2661 2446 1327 974 3992 826
571 1563 1189
572 2481 811 3990
573 4193 2407 4650 4950 2873 4890
574 865 629 4887
575 4315 1799
576 4568 2082 4350
577 4113 3138 1987 3198
578 4128 4385
579 3506 3483 1604 4590 4183
580 4514 867 2180
581 1818 3899 4741
582 1803 2107 3411 2549
583 4592 4849 4876 3560 3127
584 4300 4619 772
585
586 2638 4326
587 4893 4270 751
588 4258 4284
589 3703
590 644
591 1769 1468 3685 4126
592 4936 3019 3000 763 1278
593 3633 4938 1309 2254
594 3786
595 3979 893 2966 3149
596 2384 1929 4974
597 1889 3591
598 3624 4717
599 950
600 1124
601 1154 2601 4426 4694 3353 4476
602 3504 1681 3453 4221
603 938 678
604 4361 3787 3342
605 1979 967 1333 2974
606 2722 4683 3250 3375
607 1588 676 2871
608 1851 1420
609 2889 3227 1973 2407
610 1585 1202 1618 2182 2529
611 1678 3421 4302 4487
612 1945 1863 3270 1543
613 3976 2010
614 3249 3254
615
616 1489 3099 4451
617
618 3623
619 3912 4226 2996
620 3370 831
621 4976 1891 3764 4134 3835
622 2280 2217 2249 1345
623 1978 4548 1654
624 1908 3909 2421
625 3114 2892 2157 3822
626 1275
627
628 1890 2444 2871
629 1329 947 3802 1119
630 4587 2276 918
631 3591 4238 3858 1845 1690 2815
632 1331 836
633 1410 2247 4905 4029 2073 2909 4414
634
635 4401 3810 2659 3750 1079
636 2699 2436
637 4529
638 973 3389
639 4163 3998
640 1366
641 850
642 3224 4027 3950
643 1848 1966
644 1536 1551 1426 2355 3802
645 4713 3250 3427 727
646
647 4880 1966
648 4991 3727 851 3064 2714 3535 2143
649 3574
650 787 1213 2550
651 2704 1239 3916 2935
652 2009 1355
653 3063
654 1209 3686 681
655 3739
656 1080
657
658 2561 1526 3735 4280 1756
659 2292
660 2737 2523 1348 1573
661 1264 681 3114 1198 3575
662 1162 1011 1438
663 3320 2672 2192
664 2257 2716 2921
665 2770 2626 2706
666 4838 2215
667 1568 3149 2959
668 4678 4759
669 4901
670 1368 1473 4918 1911
671 2547 1459 4142
672 2209 3753 3089
673 4390
674 3586 3046 2839
675 1225 3244 4772 796
676
677 4632
678 2457
679 1560 1421 4093
680 3277
681 2662 4008 3022 1687 1048
682 1552 1645
683 2065 2526 1678
684 4816 1541 3559 2664 1293 4046 1520 3827 4724 1147
685 4355 1974
686 2532
687 3688 2714 1022 2455
688 1292
689 1593
690 4185 2811 4948 3165 3829
691
692 1754 4207
693 1389
694 2950 4231 4414 2077 2878 4181
695 1737 3658 3147 2835 4874
696 3985 841 4090 839 4303
697 3200 993 4804 919
698 4857 4642 3011 1844 1039
699 1051 4132
700 2177 3999
701 1281
702 4452 2812
703 1447
704 3009 1957 4527
705 1431
706 1296 2703
707 4876 1447
708 3466 2644 2637
709 2736
710 4179 2012 1814
711 1851 3693
712 2489 4380 2548 1359
713 3776 3299 2172 1765
714 965 2519
715 4808 3795 4407 2077 1791
716 2379 4925
717 1196 4878 2097 1655
718 1156 1871
719 3811
720 4626 4182
721 1529 3804 3052 1470
722 4244 4156
723 840 2219 2013 4558 3199
724 4530 911
725 3641 3538 1707 3087
726 2184 916 4261
727 4704 2956 2350 3922 3701
728 1429 3279
729 3856 4335
730 1585 4559
731 2867 3949 3806
732 3845
733 2917 2478 3709 4625 3699 4500 3229 1407
734 1811
735 1317 2694
736 4905 4340 1693
737 3776
738 2245 4458 3403 4750 1394 1678
739 2561
740
741 4612 3398
742 4056 2513 3371 1231
743 1710
744
745 4323
746 1465 3018 4603 1454 4593
747 3001
748 2456 2713 1667 3526
749
750 1520
751 1828 853 1982 1605
752 1221
753 3417 4218 3635 2426 3943
754 962 4710 4270
755 1249 2978 3334
756 3355 1156 3637
757 1317
758 787 3979 3886
759 1126
760 2946 2074
761 2008 3874
762 1291 3786 4931 4692
763 2977 2984 2188 4020 4122 3262 831
764 2161 3947
765 3759
766 2534 780 4476 4268 1491 1116
767 3129 1364
768 1017 3365
769 1632 1098 3126 3192 3611 4349
770
771 4521 3650 2195
772 3277 2222 2133 1614 2813
773
774 1153 1411 4789
775 3738 2940 3925 1551
776 1328 3562 2558
777 4850 4988 3127
778 2523 3135
779 3584 3977 4229
780 1097 3691
781 4762 3580
782 3273
783 2596 1891 4924 3974 2955
784 4498
785 3840 4802 4795
786
787 3585 2053 809 4907 3114
788 936 3772 1694 1663
789 4073 2722 4806 2533
790 3968 3642
791 3866 1466
792
793 3400 2529 1138 2398 2975
794 4858 4876 1383
795 3392 3096 986 3357
796 4418 1694
797 2192 4807 1480 3664 1297 3704
798 2945 4535 1207
799 4585 2818
800 3608 1737 3780
801 3521 3311
802 3721 3758
803
804 2522 2803 3933
805 2696 3945
806 1344 4287 3239 4831
807 4032 3660 1340 1069
808 1608 1739 2085 2334 3373
809 3104 4042
810 3932 4346 2666 1300 1029
811 4400 1291 4468 3431
812 4333 1390 3183
813 3600 3897 2036 3070
814 1881 3138 4399 3775
815 2600
816 3778 3747 3364 4426
817 1581 2639 2456 2741 3862
818 3974 872 4654 2416 3572
819 3187 4303
820
821 3395 1862 4455 2861 2960 3313
822
823
824 1899 4388 3181
825 2771 3813
826 2216 1008 1384
827 1954 2851 4010
828 1964 882 1554 4660 2327 1084
829 865
830 1202
831 3492 2255 1937 2514 2196 1304 4574
832 4463 4543
833 1121 4591
834 1472 2627 2212 4903 4809 3606 3934
835 3432 846
836 3035 4677
837 1752 1730 1511
838 4835 3038
839 1945 4308 2511
840
841 1313 1109 4041
842 2637
843 1667 2152 1483 2382 4760 2747
844 4644 1293 3790 4161
845 3934 2118 1714 3829 4766 4639
846 866 852 2390
847 4082
848 1948
849 2577 4361
850 4848
851
852 4960 3045 4297 3405 4047
853 3464 1344 1586
854 2571 3766 4631
855 4248 1769 3599 869 4713
856 3400 3549
857 2622
858 3371 1548
859 1865 1165 2231
860 2508
861 1634 2255 3251 2078
862 4699
863 873 4756 3380 1653 2366
864 2714 4500 1837
865 2465 4420 989 4663
866 4194 1959
867 4976 4988 2653 2581
868 945 2482 2547 2909
869 3984
870 3671
871 2961 3891
872 4392 3939 1204 2306
873 3769 2545 4087 1949
874 1497 4723 2669
875 1714 916 4162 1342 2255
876 3604
877 4993
878 3240 3708 4733
879 1868 2929 4963
880 1041 2627
881 4361 4939 1565 2025
882
883 3497 1738 1319 2991 4191
884 4977 1325 1647
885
886 2224 3882 2908 3407
887 1457 1307 990 3518
888 2139 3772 1391
889 4019 4061 2326
890 3121 2820 949 3607
891 2816 4010 1775
892 3210 1139 4853 3994 1915 4926
893
894 1152 1466 3150 2910
895 3291 4556 4950 3279
896 2207
897 1909 1079
898 4360 2945 3738 2091 1877
899
900 4961 3241 4301 4017 4373 4057 2234 2095
901
902 967
903 2122 996 2853
904 3984 1267 4765 4758
905 2596 4959
906 2705 2007 2735
907 3595 3755
908
909 1997 4941
910 3751
911 995 4360 3018 1112 4826 4123
912 4064 2825 3260
913 1046 1814
914 4592 1842
915 3839 2061 3573 3439
916 4003 979 4503 1080
917 1977 4619 4286
918 2015
919 3145
920 3634
921
922 3939 1796 3077 3144 1257 1500
923 3137 3635 1310
924 1467 1444 4965 2894
925 1468 4909 2878
926 1329 4044
927 1088 4387 2857 4494 4912 4529 2135
928 2793 1671
929 4225
930 1409 4945 2472 4012 3020 4817 2548 1593 4668
931 2353
932 3362 4275 3413
933 3384 2891 1637
934 4160 3357 1181 3687
935 2337 3219 4591
936 4875 4067
937 3705 1962 3173
938 4890 1869
939 1744
940 3400 3346
941 4656 4616 3549
942 2062
943 2333
944 4969 1491 4903
945 4304 3487
946 3562 1485
947 4985 2930
948 3523 1382 2167
949 4161 2787 3118 4113 3711
950 2237
951
952 3643 4623
953 1865 2066 3002 3622
954
955
956 3681 4070 1030 3367 4168 2294
957 2403 1309
958 4784 2714 4276 2413 2094
959 2817
960 3263
961 1920 4456 4972
962
963 2609 2644 4710
964 2952 1686 1535
965 4009 2467 3543
966 1977 1106
967 2786 3852 1941
968 3082
969 3906 2283 2174
970 4715 3548
971 2172 1467 3868 4075
972 1827 1771
973 2086 3382 4173
974 1575 3573
975
976
977 1250 2327
978 1229
979 2184 1592 1821
980 4153 2919
981 2600
982 2811 2285 3799
983 2841 3914 4103 3349 2071
984
985 2412
986 3359
987 3072 4488 1397 3062 2711 2936 4634
988 2966 1447
989 3170 3921 4732 2608 2385 2040 4348
990 1625 4066
991 4234 4685 3725
992 2961 4274 1679
993 1602 2163
994 3873 3939 4097 3118 3731
995 4472
996 3704 1655
997 4713
998 4249 2423
999 1286 1874 1070 3794 1630
1000 4816 1017 2080
1001
1002 3939 2280 2413 3060 2582 1753
1003 1156 1190 2130 4697 2298 3164 4477
1004 4353 3627 3122 4052 2521 4733
1005 4655
1006 2048 4425 3068 4281
1007 3874 1582 1108 2647 3418 4410 1983
1008 2877 3594 3783
1009 4097 1894 1246
1010 1786 4980 1386 2175
1011 4624 2559
1012 2658
1013 2117 4038 1199 4848 2757
1014 4669 2415
1015 4538 3106
1016 3806
1017 3475 3319
1018 1540 2022 3145 2453 3318 4155
1019
1020 4775
1021 2554 1908 1255
1022 3106 3686 4550 4345 3322
1023 4400 2640 4002 1274
1024 4394 1879 1205 1694 1679
1025 4044 4962
1026 4660 1937
1027 4205
1028 1421
1029 3652 4326
1030 4148 1761
1031 4754 2148 2005 4695
1032 1597
1033 1945 2026 2011
1034 3209
1035 2481 4980
1036 2114 1925 4392 1371 1182
1037 1240 1229
1038 4889 4278 2447
1039 2145 1505 2377 3224 3897
1040 3384 3315 1508
1041 3802 2982 4807
1042 4640 1660
1043 3481 4079
1044 4696 4443 3436 4758
1045 2296 1220 4356 2470
1046 1150 4308 2524 3998
1047 4640 2376
1048 1636 4683 2611 1076 2169 4829
1049 1956
1050 1923 3430 2391
1051 3801
1052 4513
1053 3751 4254 4407
1054 1960 1200 2525
1055 2739 3436 1607
1056 4616 1402 1255 2759
1057 4010 4527 4792 1820
1058 1680
1059
1060 3384 2082 4524 1573
1061 3443 2174
1062 4145 4014 2911
1063 3425 2249 2572 3695 4371 1949 3839
1064 4208 1209 1092 3583
1065
1066 2272 1391 1234 2165 1207 1758 3391
1067 4167 1213 3806
1068 3359 1835 2975 2311
1069 2100
1070 2753 3935
1071 4339
1072 4687
1073 3856 3178 4043
1074 1641 1091 1667 3379
1075 4560 4789 2451 1253 3343
1076 4073 4723
1077 4120 4601 1890 3636
1078 3384 1402
1079 4882 3238
1080 4717 2495
1081 1491 4174 2511
1082 4954 3257
1083 2975 2252
1084 4182
1085 4658 2372
1086 3489 3935
1087
1088 1713 2357
1089 4249 2964 1246 1463
1090 2408 4698 2559 4686
1091 1904
1092 4187 4843 4742
1093 3128 3167 4443 3181 2575
1094 2664 3696 1516
1095 2602 2829 4882
1096 4015
1097 3703 4257 3491 2703
1098 2001 4877 4749
1099 3555 2078
1100 1809 3803 2708 2941
1101 2009 2844
1102 1800
1103
1104 1745 3699 2734
1105 1305 2487
1106 4578 4541
1107 4197 3590 1198
1108 1216 3257 4962 3843
1109 4013 4855
1110 4961 4572
1111 4808 2484 4684
1112 2433 4226
1113 2938 2051 2803
1114 3961 2354 3698 3834
1115 4274
1116 1482
1117 1320 2844 3996 1806 2903
1118 1993 2338 3571
1119 3297 1913 4831
1120 4017 3858
1121 1204 1525 3935
1122 2954
1123 4342 2862 3366 1733
1124 3449
1125 4529 4362 2908 2509 1814
1126 1736
1127 2948 3175 1912 1595
1128
1129 3430
1130 1736
1131 1275 4275
1132 4468
1133 1422
1134 1734 3313 2635 2164 2617
1135 1803 3534 1598 2847
1136 4936 4884 1229 2487
1137 4064 1465 2250 4420
1138 2730 3150 4597 4761 1663
1139 3590
1140 3047 3561 2763 3411 1146
1141 4779
1142 2286
1143 1588 3614 4071
1144 4501
1145 3540 2701 4606 4317
1146 3944 2059 3477 2717
1147
1148 2801 2227 4477 1846
1149 4452
1150
1151 1200 3164
1152
1153 1332
1154 2112 1422
1155 3394 2803 3650
1156 3840
1157 2802 1390 2196 2077 4558
1158 1761 4259 2894 4975 4187 4669
1159 2599
1160 2969 1434
1161 4721 1254
1162 3512 2618 2751 2407
1163 4849 1622
1164 4817
1165 4816 1668 4622
1166 3461
1167 1713 4644 4813
1168 3435 3258 4923 4442 4709
1169 3344 3458 1310
1170 3768 3874 2493
1171 1780 2564
1172 4442 3499 3941 1726
1173 2135 1671
1174 4610 4894 1726
1175 3747 3092
1176 4876
1177
1178 4264 1480 1186 4653 1341
1179 4144 3449
1180 4154 1293 3199
1181 3959
1182 4518 3958
1183 3952 4129 3976 2567
1184 4804 3524
1185 2017 3331 3425 3374 3923 4953
1186 4982 4639
1187 1557 4253 4310 2095
1188 2331 1866
1189 2094
1190 2602 1436
1191 2041
1192 2032 4883 3836 3941
1193 4408 2118
1194 3270
1195 1562 1989
1196 2148 1766 4423 3530 2006 2303
1197
1198 2500 4900
1199 2425 3379 3900 2509
1200 2578
1201 2209 3653
1202 2241
1203 1947
1204 4914 2829
1205 1283 2702 1808 2300 1597 2078
1206 3120 1721 1952 4029
1207 3299 4588
1208 3736 2804 4726
1209 1824 1707 2635 2925 3474
1210 1784 4116
1211 2112 1495 3960 3420 1661 2430
1212 1296 1580
1213 4875 2916
1214 4570 4724
1215 4672 3557 4950
1216 2052 2074
1217 4570 2426 2596 2018
1218 3652 2842 1388 4071
1219 1987 1971 4558
1220 4800 1305
1221 3906 2843 1446 2023
1222 3696 2323 3719
1223 1830 2855
1224 2472 3098 3067
1225 4500 3959
1226 3526
1227
1228 2258
1229 4582
1230
1231 1763 2861 3925
1232 3964
1233 1565
1234 1809 2812 3929
1235 3609
1236 4833 2098
1237 3014 4119
1238 4161 4159
1239 2182 2326 3064 3167
1240 1644 4466 4637 4767
1241 4979 2390
1242 4354 4955
1243 4484 1779 4188
1244 4100
1245 2640 1258
1246
1247 2301 3567 1909 4335
1248
1249 3949 3253
1250 2232 3604
1251 2606
1252 3885
1253 2480 4297 4978
1254 2688 3555 1546 2742 2975
1255 4242 1267
1256 4329
1257 4104 4861 1301
1258 4960 1905 3278 3087 3089
1259 2440
1260 3410 1940
1261 4480 1859 3159
1262 2800 1577 1522
1263 1858 3268 1637
1264 2298 3115 1794 2767
1265 1714
1266 3229 2735
1267 2709 2973
1268 2154 4111 3886 3697
1269 3723 4420 2678
1270 3448 3012 2621
1271 2985 3580
1272
1273 4728 2932 1591 4312 3865
1274 4699 1988 1727 1877
1275 4898 1997 4335 1489 2259
1276
1277 3832 3489
1278 4265 1343
1279 4946 3627 3172
1280 3441 1355 2525
1281 3073
1282
1283 4559 4723 4405
1284 4832
1285 1891
1286 1669
1287 4721 3251 4971 1607
1288 4307 3750 3059
1289 1889 3170 1750 4967
1290 3603 4180
1291 2690 4110 4050 2037
1292 2300 2325
1293 4508 4734
1294 4652
1295 3074 3903
1296 3985 4531 3298
1297 4498 4502 1343 3583
1298 4536 3389
1299 2047
1300 4057
1301 3680 2129
1302
1303 2137 1331
1304 4706 1350
1305
1306 4612
1307 4257 4613 2823 2570 4565 1885
1308 4808 2858 2070
1309 1320 3276 3638
1310 1564 3494
1311 3954 4643 4582
1312
1313 3688 4130 2923 3971
1314 3763 2774
1315 4007
1316 2946 3486 3452 2902 4726
1317 3421 2443
1318 4284 4575
1319 4170 4804 3549
1320 4609 3942 4596 1918
1321 4298 4055 2351
1322 4483 3591
1323
1324 1867 1988 3323
1325
1326 1616 2302 2102
1327 4692
1328 2397 1710
1329 4871 2615 1901 4046 1815
1330 2864
1331
1332 1448 4119
1333 2846
1334 4211
1335 2834 4071
1336 3939
1337 3804 3101
1338 1963
1339 4012 3630 4911 2647 2552 3357
1340 3445
1341 4121 4314
1342 3542 4482 4558
1343 4395 2947
1344 3705 2587 4995
1345 3415
1346 1770 1508
1347 1825 2347 1582 1456 3826 2936
1348 3577 1650
1349 2325 3101 3593
1350 2916 3578 2092 2346
1351 2402 4293
1352 3203 4852
1353 4880 3221
1354 4148
1355 2250 4717 1845
1356 2724 4940 1715 1620 2109 3870
1357 2632 1634 3723 2606 3783
1358 4289 2471
1359 1898 2651 3989 3383
1360 1464 4147
1361 2347
1362 1515 4870 3767
1363 4360 4627
1364 2635 1388
1365
1366 4734 3894
1367 2005 1694 2791
1368 4267
1369 4800
1370 1573
1371 2946 4581 3477 1589
1372
1373 2416 2570 4883 4286
1374 1937
1375 2992 4985 2842 1743
1376 3876 3866 2908
1377 1899 2843
1378
1379 3477
1380 3001 4578
1381 2338 3779 3607
1382 3911 4852
1383 1549 2862
1384 4340
1385
1386 3433 4619 1588 1589 1531
1387 3346 3348 3298
1388 4364
1389 2472 2328
1390 3500 4407
1391 3085 2130 2614 4090 2205
1392
1393 4990
1394 2564
1395 3170 1574 2739 1495 2878 3551
1396 1568 1421 1423 2514 2361
1397 4640 2091 3124 4270
1398
1399 3737 4378 2606 4689
1400
1401 3497 2037
1402 2019 2089 2108 4637
1403 4291 2966 2639
1404 2035 4763 2582 1630
1405 2563 2154 3408 3414 1562 2399
1406 2926
1407 2564 3654 2007 1629
1408 3809 1922
1409 2609 2910 3225
1410 3565
1411
1412 4865 1733 3126 2617 2687
1413 1579 4181 2584
1414 1429 3453 1933
1415 3168 4778 2211
1416
1417 3288 1543
1418 3009 4854
1419 4058 3268 3950
1420
1421 4707 2292
1422 2957 3862 2039 3102
1423 2804 4247 4793 3259
1424 1696 2529 1940
1425 4848 2919
1426 3920 1812 3982 3007
1427
1428 4475 4902
1429
1430 3530 4443
1431 3673
1432 4139 3092
1433
1434 3834 3995 2492
1435 3098 2348 4549 4902 2949
1436 2304 4658 4467 4666
1437 2429
1438 4142 4183
1439 4639
1440 2787
1441 3960 2922 2102
1442 2041
1443 3852 4591
1444
1445 2144 2232 4684 3005 3191
1446 3570
1447 4808 4075 2036 3863
1448 1977 2155 1598
1449 2377 3866 2604 1630
1450 1826 2547 2334
1451 2587 1829 2989
1452 1492 3126 2574
1453 3156 2818
1454 4033
1455 1571 2851 1957 4478 4381
1456 2822 2327
1457 4369 2554 2691
1458 4289 3390
1459 3330 3373 1662
1460 2249 2271
1461 1949
1462 3690
1463 3773 2393
1464 3879
1465
1466 2437 4615 2120 4815 3678 1797
1467 4453
1468 2369 1956 3308 3480
1469 3554 3109 2261 3879
1470 4986 2229 3295
1471 4673 2558
1472
1473 3306
1474
1475 4304 4913 2630 2521
1476
1477 2592 3011 4181 4239
1478 4248 1619
1479 1907
1480 3344 4257 3069
1481 4165 4045
1482 4682 4447 3518 4735
1483 2034
1484 2442 3923 2181 4754 2455
1485 3015
1486 2054 4681 4043 4156
1487 4200 1603 2516
1488 4224 3337 4854
1489
1490 3218 3635 2228
1491 2250
1492
1493 4280
1494 1643 4014
1495 4685 3806
1496
1497
1498 1817 3454
1499 3710 4395 1693
1500 2784 4635
1501 1673 3884
1502 2354
1503 3664 2104 1698 2589
1504 3072 1907 3526
1505 2826 2807
1506 3957 4023
1507 1963 2070
1508 4143 2191
1509 2784 2474 2347 4149
1510 3509 1758 2237
1511 4120 3193 4084 4543
1512 3418 4243 3358
1513 3209 1927 4357 1545
1514 4224 4055
1515 4436 4052 4175
1516 4788
1517 3102
1518
1519 3826 3254
1520 3001 2179
1521 4507 2195 1998
1522 4644
1523 2886 4734 2902
1524 3249 3938 4779 3279
1525 3713 1603 4148 3687
1526 2410 1706
1527 1579 1542
1528 3737 3593
1529 3112 3115 2617 2833
1530 2989
1531 4697
1532 2358 4314 2300
1533 4100 2399
1534
1535 3894 1814
1536 1537 3850 2923 1808 3763 1943 2832
1537 3064 4455
1538 3816 3595
1539
1540 3680 3779 1551
1541 2796 4662
1542 4186 3607 4306
1543 4496 3918 4902
1544 4786 2910
1545 2833 3409 2793
1546 3353 2691 3645
1547 4500 4333
1548 2224 4980 2517
1549
1550 3328 4116 2427 4052
1551 3166
1552 1893
1553 3537 2364 4925
1554 2232 4047
1555 3924 3276 1924
1556 2866 3554 2903
1557 1930 1844
1558
1559 2609 2846
1560 2472 2255
1561 2235 1582
1562 3922 3093
1563 3036
1564 1765 3530 2799 2518 3641
1565 2701
1566 1846 4871
1567 3370 3663 4881 2868 3319 4606
1568 3620 4307 4553
1569 4491
1570 2168 3624 2582
1571 1759 4966
1572 2202 3855
1573 4065 2534 4381
1574 2054
1575 4350 2666 2396 3518
1576
1577 3225 2046
1578 4692 2236 3030
1579 3835 2638 2267
1580 2720 3425
1581
1582 2955 2391 2363
1583 4038 2759
1584 4013 2061
1585
1586 4207 4723 2843 3059
1587 2110 3095
1588 2499 1988 3174 4722 2115 2522
1589 2288 3835
1590
1591
1592 4680 2845 2183
1593 4453 4270
1594 4097
1595
1596 4864 4845
1597 1886 2645
1598 2582
1599 3924 3909 1647
1600
1601 4134
1602 3939 4741 2590
1603 2860 1967 1616 2588
1604 3352
1605 2847
1606 3856 3714
1607 1837
1608 2551 4055
1609 3435 3213 2523 2287
1610 2305 4706 4247
1611 3555 3031
1612 4012 2101
1613 3155
1614 3481 3902 3326 1783
1615 1765
1616 4348 3879
1617 4605 3847
1618 3173 4039 2537 1873
1619 3044 4446
1620 4956 2509 3214
1621 2375
1622 3501 3631 3283 2679
1623 4626
1624 3489 4955 3039
1625 3049
1626 2746
1627 3858 1708 2797 3742 2237
1628 2114
1629 4211 2597
1630 2786
1631 2694 4126
1632 4012
1633 3084
1634 3208 2156 2318 2681
1635 2014
1636 2208 2082
1637 2401 3399
1638 3427 4749
1639
1640 3080 2450 3964
1641
1642 4709 3401 1835 2220 2521
1643 2042 4642
1644 3290 3756 2174
1645 4324 3756
1646 1832
1647
1648 2020
1649 3898 4629 2251
1650 3819 4957 2414 2191
1651 3590 2353 4723 4599 4089 2431
1652 4414
1653 3322 4991 4526
1654 1920 2270
1655 2724 4998 4780 2285 3990 3543 2108
1656 2289 1970 2367
1657 4563 4508 2637 3046
1658 3468 3749
1659 4251 3492
1660 3940 3464 4336 1844 2936 4798
1661 4731 2003
1662 3429 4337 4790 2009
1663 3587
1664 4038
1665 2365
1666 1874 3918 2095
1667 2776 2654
1668 3673 3123
1669 2891 4023
1670 3426
1671 4842 2477 3450 3390
1672 4112 3428 4220 3285
1673 3930 4734
1674 3253 4407 2517
1675 4130 2733
1676 2091 2901 4046
1677 2830
1678 2300
1679 4125
1680 2152 2862 2588
1681 3520 3553
1682 4938 2982 2558 3766
1683 3224 3792
1684 3496 4370
1685
1686 4268
1687 4014
1688 3104 2765
1689 2593 3171 4390 3335 2954 3449 2941
1690 2690 4567
1691 4193 1836 3846
1692 4594
1693 2947
1694 3248
1695 1979 4324 4275
1696 2920
1697 2786 4927 4573 4709
1698 4220
1699 2502
1700 2572
1701 3920 3745 3272 3061
1702 4491 4870
1703 3428
1704 4412 4542
1705 1755
1706 3137 2666 2953
1707 2402 3761
1708 1786 1887 3733
1709 2845
1710 3497
1711 4675 4262 2055 4202 4975 2582
1712
1713 2466 4015
1714 2671
1715 3457 4743 3497 4730 2172
1716 2883 3861
1717 2097 1810
1718 1729 2669
1719 3842 4487 4266 2548 3252 3483
1720 2194 3587 3454 4911
1721 1867 2972
1722 4611 1802 3051 1895
1723 4816 4057 4648 2385
1724
1725 3424 4203 1788 4750
1726 3282 4022
1727
1728 2993 4250 3539
1729 4583 2391 4878 3924 4567
1730 3057 4725
1731 1732
1732 2213 3056 4307 3060 2277
1733 3343
1734 3864
1735 1939 1814
1736 2032 4521 4787
1737
1738 4290 3058 3463
1739 2601
1740 3288 2020 3886
1741 3796
1742 3179 3302
1743 3730
1744 4476 3351
1745 4733 1911
1746 2665 3673 4191
1747 3052
1748 3412
1749 2224 4898 3592 2989 2734 4944
1750 3006
1751 2889 3606
1752
1753 3621
1754 2699 4334 2799
1755 2534 3553
1756 1836 3927
1757 3235 3302 3946 1848 4987 2428
1758 3230
1759
1760 2423
1761 2277
1762
1763 2176 3322 2631
1764 3024 4818
1765 2627 3305
1766 1829 2687
1767 1960 4275 1962 4486
1768
1769 1796 4168 2763 2463
1770 2780 2709 3487
1771 2648 2035 3581
1772
1773 2410
1774 1874
1775 3826 2642
1776
1777 2324 3006 3302
1778 1912 3870
1779 4708 2277 3415
1780 2861
1781 3846 3991
1782 3837
1783 4788 3855 4220 4311
1784
1785 4039
1786
1787 4074 4626
1788
1789 2757 4567
1790 4672 3350
1791 2689 4082 2053
1792 1920
1793 2920 2222 2766
1794 2322
1795 4136
1796 2616 2804
1797 4856 3555 3685
1798 4348
1799 2044 3260
1800
1801 2722 2599 1992 4205 3272 4787
1802 3911
1803 3553 2510 4528 4342 3289
1804 4232 2059 4885 2109
1805 3922 1963 3412
1806 2195 4007
1807 1959
1808 4714 4651 1868 2866 2492
1809 3460 2003
1810 3037
1811 1980 3885
1812 3193 4788
1813
1814 3905
1815 3042 4389 3974 2888 2292 3967
1816 3654
1817 2318 4565
1818 4531 2061 2125 2925
1819 1968 2957 4254 3943
1820
1821 3488 2921 2750 1969
1822 2013 3358
1823 3994 3533 4977
1824 2013
1825 2768 1882 3302
1826 4817
1827 4289
1828 3304 4096
1829 2759 4807 4431 1880
1830 4307
1831 2996 4147 3627
1832 4930 2899 2187 4413
1833 4883 4585 4087 4326 4991
1834 2778
1835 2701 4759
1836 4792 4880 3823
1837
1838
1839 3615 3653 4150
1840 4580
1841 3730 2291
1842 3918
1843 2256 2772
1844 2312 4845
1845 2857
1846 4561 4805
1847
1848 4240 2474 4942
1849 3594 3157
1850 3110 3174 3559
1851 2813
1852
1853 2661 2985 4299 2831 1875 4950
1854 3554 3475 2655
1855 4719
1856 2304 4076 2719
1857 2083 2011
1858 2105 4327
1859
1860 2312 3564 3196
1861 4480
1862 4618 4666
1863 4853
1864 3657 3067 2158 4399
1865 4281 4289
1866 4368
1867
1868 3473
1869 4455
1870 3019 2490 4942 3573
1871
1872 2770 4692 3101 3925
1873 2772 3862
1874
1875 4210 3599
1876 2165 4886
1877 4052 3156 4732
1878 2416 3881 2092
1879 4091 3515 4550
1880 2758 4828 3710 4677
1881 3618 4227 4741 4302 2257
1882 2637
1883 4471
1884
1885 2028
1886 2046 2774 2053
1887 4672 2265 3589 3095
1888 3214
1889 2290 3850
1890
1891 4072 4366
1892 4224 3225 2536 3062 4513
1893 2874
1894 3202
1895 2687 3415 3644 3471
1896
1897 3928 3489 4670 4910
1898
1899 2570 2176 2647
1900 2530 2948 2870
1901 4983
1902 3313 2389
1903 4241 4146
1904 4269 4375
1905 3289 4436 2469
1906 1934
1907 3188 4029 4223
1908 3218 2366
1909 4458 2613 2293
1910 2877
1911 4056 3855
1912 4896 3680 4646
1913 4935 4893
1914 2624 4250
1915 4393 4565
1916 3016 2724 2396 3799
1917 4866 3731 2943
1918 4539
1919 4088 3421
1920 4770 4709 3180
1921 4610 2036 2197
1922 1985 3405 3670
1923 3285 3237
1924 2448 3028 3150 2966
1925 2145 2407 2473 4397 3347 4507
1926 3313 3381 3470
1927 3811 2756 4633 2298
1928 2904
1929 3428 4980
1930 2314 2583
1931 1960 4533 4230
1932 3732 2534 4727
1933 4144
1934 2964 4290
1935 2299
1936 4792 4730 4683 2180 4215
1937 4453
1938 2691 3004
1939 3204
1940 3578 3193
1941 2787 3518 4343 2716 3262
1942 4161
1943 3407
1944 3679 2631 3222
1945 3975
1946
1947 3364
1948 2530 1980 2941 4319
1949 2138
1950 4770 3885 4271
1951 4501
1952 3138 3182 2245
1953 3544
1954
1955 2037 2318 4575
1956 4181 4537
1957 4541
1958 2918
1959 4972 4628
1960 2541 3250 2259
1961 2924
1962 4544 2322 3738
1963 3041 2179
1964 4762 4471
1965 3322 4498 3540 3645 3343
1966 2619 4151 4558
1967
1968 4018 3876 2701
1969 3107 2602 4235 4452
1970 4777 3658 3982
1971 4718 4786 4762 4446
1972
1973 3899
1974
1975 3952 3872
1976 2728 2426
1977 3276 4855
1978 3609
1979
1980 4072 2906 4291
1981
1982 4505
1983 4790
1984 2128 3362 2964
1985 3504
1986 2394 4731
1987 3397 2342 3945 3020 3827
1988 2291
1989 3742 3243
1990 2141 4758
1991 2792
1992 4895 2860 2263
1993 3960 3897 4982
1994 4538
1995 2318
1996
1997
1998 2945 4515 2429
1999 4664 3432
2000 2765
2001 3085 3591
2002 2650 4955
2003 2128 3992
2004 2962 3148
2005 2115
2006 3722 3231
2007 3729 2865 2537
2008 3648
2009
2010
2011 3053 4844 2661
2012 3746 2692 2502 3415
2013 3913
2014 3050 3853
2015 2548 3252 4564
2016 2368 3562
2017
2018 2779 3273
2019
2020 4280 4725 3687
2021 3132 3965 3933 2813
2022 4364 4415
2023 3544 3625 3032
2024 4951 4310 2735
2025 4210 3052 4318
2026 2748 4927
2027 3370
2028 2698 2949
2029
2030 4568
2031 3360 2285 3598 4110 4958
2032 2401 2259 3028 2201
2033
2034 4537
2035 4961
2036 4387 3369 3619
2037 3915 3885
2038
2039 4295
2040 4317 3691 4284 4133
2041
2042 4553 3807
2043 4299 4732
2044 4182
2045 3716 4246
2046 4902 4618 3837 4543
2047 4076 4174
2048 3525 3037
2049 4140
2050 3665 3452 2622 4318 2809
2051 4683
2052
2053 3043 2277 2140 3934
2054 4475 3746
2055 2737 3547
2056
2057 3833 2545 2229 4573
2058 4933
2059 3201
2060 2579 3373
2061 3685
2062 4380 2893
2063 4552
2064 3063
2065 3139 3398 4046 4918 2743 3227 2141
2066 2920 3442 3399
2067 2557 4941
2068 3282 3719
2069
2070 2867
2071 3833 3606
2072 3433 4338
2073 3958 2489
2074 4236
2075 2293 3358
2076 2354 3806
2077 4032 2383 4853
2078 2141
2079 4421 2590
2080 4979 2558
2081 3732 4038
2082 3916 2449 3316 3576 2491 3996
2083 2626 3208 3019 2508 2352
2084 3517
2085 3977 4084 4375
2086 4083 3383
2087
2088 2258 2589
2089 4867 2610 4271
2090 2889 2203 3165
2091 3869
2092 4411 2323 3052
2093 2537 4130 2422 3903
2094 2561 3699
2095 3178 2178
2096 3976 4823 2406 4863
2097 2376
2098 2236
2099 2975
2100 3672 4100 4195
2101 3336
2102 4744 4278
2103 4477 2567
2104 4032 2856
2105
2106 3656
2107 4204
2108
2109 4769 4625 2263 4798
2110 3228
2111
2112 2540 3088 2452 3477
2113 2715 2462
2114 3233 3612 4317
2115 2631 2727 3634
2116 4765 4518 3919
2117
2118 3187 2264 2329 4634
2119 2985 3242 4962
2120 3469 3445 2713 3545
2121
2122 3042
2123 3915 3696
2124 3267 3620
2125 2193 3185
2126 2156 3110 3625
2127 4832 2687 2221 3967
2128
2129 3833
2130 4225 3425 3388
2131 3383 4471
2132 3227 4541
2133
2134 2796 2526
2135 2825
2136 2568 2990 3079
2137 3647 4436
2138 3140 4417 4844
2139 3944 3013
2140
2141 4635 2916
2142 3775 3524 4301 3079
2143 3301 4125 4814
2144 3888 4928
2145 3138 4924 2542
2146
2147 3290 3423
2148 3546 3758
2149 3443 2711 3486 4151
2150 2698 3821
2151 2279
2152 2563 4902 4207 2219
2153
2154 4800 3446 3775
2155
2156 4630
2157 2916 2473 3894
2158 4997
2159 2544
2160 4246
2161
2162 4065 4090
2163 2522 2812 3167
2164 3465 2797
2165
2166 3184 2810 4798
2167 3839
2168 3553 4740 2453 4559
2169
2170 2691
2171 3936 4100 4052 2534 2662
2172 4455 2220 4821 4281 4732
2173
2174 2185
2175 3121 3509 2917
2176 2576
2177 3396 2504 4045 3919 4731
2178 4121 4869
2179 3488 4362 4475
2180 4914
2181 4340 3239
2182 2961 2218 4622
2183 2937 3870
2184 4111
2185 4332 2563 2492 3109
2186 4433
2187 3684
2188 2509
2189 3715
2190 2917 3518
2191 2989 4185 2745
2192 4469
2193 2634 3766 2581
2194 2737 3650
2195 3428 2448 2354 3630 2655
2196 4947 3671
2197 4892
2198 3735
2199 2684 3991
2200 4760 4296 2898
2201 2976 4154
2202 2892 3742
2203
2204 4480 3588
2205 2988
2206 3946 2782
2207
2208
2209 4807 2442 2924 4445
2210 3048 4106
2211 4841
2212 2793 2869 2695
2213 3290
2214 4632 2563 4074 2787 2361
2215 4099 2410 3093
2216 3616 2659
2217 3722 4848 4532
2218 2586 3638
2219 2292
2220 2280 2700 3553
2221
2222 2861 3293
2223 4544 4240 4097
2224 3577 3749
2225 4008 3895
2226 3905 4964 3262
2227
2228 4205 2257 4626
2229 2929 3609
2230 3922 2891
2231 2384 4618 3546 4026
2232 3618 3218
2233
2234 4672 2889 2474 4207 3000
2235 3796 4015
2236 3055 2740 2390
2237 2976 3474 4822
2238 3531
2239
2240 4730
2241 4291 4979 2901
2242 3040 4105 2740
2243 2488 3122 4238
2244 3041 2542
2245 4289 3622 3922 2367
2246 4779
2247
2248 3713 3330 4605 3550
2249 3363 3094
2250 3649 4805 4905 2860 2420
2251
2252 4832 2625 3673
2253
2254 3180
2255 3832
2256
2257 3459 3354
2258 2381
2259 4588 4081
2260
2261 4595
2262 2896
2263 2448 3624 3742
2264 2779 2581
2265 4153
2266 3135 4004 3423
2267
2268 4648 3585 3285
2269 4411 2820 4750
2270 3704
2271 2545 4582 3012
2272 2634 4110
2273 3283 2639
2274 4619 2853
2275
2276 2427 4756 4822 4198
2277 3616 2823
2278 4499 2606
2279
2280 3360 3269
2281 2660
2282
2283 4730 2348
2284 4072 3249 4362 3260
2285 3789 4988
2286 3220 4886
2287 4122 4521
2288 3665 3295 3441 4615
2289 3963 3735
2290 2493 4503
2291 4068
2292 4141 2506 3467 3692 2447
2293 3833 3367 4065
2294
2295 3208 3361 2401
2296 3717 2378 4235 3124
2297 2506 2835
2298 4874
2299 3352 3016 2970
2300 2471 2749
2301 4695 4067
2302 3946 3084 4212 4603 2524
2303 3609 2979 3367
2304 2896 3394 3845
2305 3204
2306 4570 3350 3519
2307 2642 2452 3495
2308
2309 3099
2310
2311 4355
2312 2349
2313 2768 3841
2314 3897
2315
2316 4337 3523
2317 3760 4066 3898 2950
2318
2319 3625 4836 3031
2320 3657 3139
2321 3394 4155
2322 4199
2323 3472 2361 3075
2324 4651 4441 3674
2325 4152 2772
2326 2953 4505 3617
2327 4517 2826
2328
2329
2330 3201 2771 4535
2331 2983
2332 4521 4466 4323 2503
2333
2334 3543
2335 4962
2336 4771
2337 4133 3702
2338
2339
2340 4362 2702 4687 4949 2588
2341 4352 3577 4211 3729
2342
2343 3995 2365
2344
2345
2346 3923
2347 4996 4047
2348 3323
2349 4304
2350 4972
2351 3350
2352 2956
2353 2662
2354
2355 4833 2436 2504 4204 4173
2356 3033
2357 3918
2358 3396 4380 4682
2359 2571 4427 3499
2360 2392 4775
2361 2969 2405
2362 2793 4179 3869
2363 4664
2364 2842
2365 2400 4219 4901
2366 2508 4988
2367 3795
2368 3398
2369 3529 3330 2707
2370 2623 3502 2583
2371
2372
2373 3281 4483 4061
2374 3804
2375 2378 3253
2376 2690 4275 2956
2377 3632
2378 3202 4805
2379 4040 3041
2380
2381
2382 4745 3674
2383 4778 3601 3443 3386
2384 2597
2385 4207
2386
2387
2388 2664 3394
2389 3158 4933 3413
2390 2881 2537
2391 3608
2392 4810 3180 4312 3220
2393 2593 3074
2394 2889 4900 4951
2395 4579
2396 4968 3452
2397 3166 3454 2989
2398 4989 3610 4925
2399
2400 2900 4983
2401 3710
2402 3498 3439 3738
2403 4510
2404 3451 2548 3606
2405 3856 3098 4831
2406
2407 3492 3601
2408 3531 3620
2409 2807
2410 2605 3070 4717
2411
2412 2456 3418
2413 4658
2414 3749 4242 2423
2415 4034
2416 3968 3104
2417 4167
2418 3938 4659 4829 3230
2419 3660
2420 3016 3561
2421 3780 4940 3021 4986 3965
2422
2423 3454
2424 4975
2425 3480 4264
2426 4359 4759 3550
2427 2874 2483
2428 4266
2429 2821
2430 2465 4833
2431 4711 3435 3518 3199
2432 4360 4155 2555
2433 4487
2434 2780
2435 4989 3119
2436 3655 4523 4301 2895 4924 4093
2437
2438 3217 3195
2439 4042
2440 3712 4146
2441 3344 2546 3364
2442
2443 4469
2444
2445 3721 4754 3237 4279
2446 2464
2447 3760 4264
2448 4819 4118
2449 3288 4668 3069
2450 4257
2451 4354 2709 4470 2803
2452 4097
2453 4228 4937 3607 4989
2454 3072
2455 4481 3333 4490
2456 3426 3978 4755
2457 2692
2458
2459 2819 3331
2460 3655
2461
2462
2463 2892
2464 4155 4324 3165 3927
2465 3029
2466 4512 2939
2467 4541 2885
2468
2469 4794
2470 3896 4889 2837
2471
2472 4072 4570
2473 4871 3303
2474 2816 3428
2475 2859
2476 2640 3970
2477 2921
2478 4054
2479 2607
2480 3244
2481 3533
2482 3888 4874
2483 3361 2634
2484 4728 4355 4068
2485 2985
2486 4386 2571 2966
2487 4208
2488 2875 4935
2489 4752 4173 2535
2490 4123 3508
2491 2520 3805 3615
2492 3827 4373 4598
2493 3408 3784 3455
2494
2495 4831
2496 3766 3326 3239
2497 2738 4382
2498 3771 2508
2499 4110
2500 4194 3541
2501 3377 4938 2843 4524 3726
2502 3198
2503 4824
2504
2505 3610 3061
2506 4667
2507 2555
2508 3812 2543 3162
2509
2510
2511
2512 3720 3971 4279
2513 4642 4131
2514 2767 3782
2515 3145
2516 3075 3176 3118 2642 4152
2517 3196 3113
2518
2519 3025
2520 4643 2595
2521 2575 3609
2522 3599 4248
2523 3012 4022 3385 4170
2524 4114
2525 3573
2526 4200 2923 4561
2527 3301 3493
2528
2529 2739
2530 3513
2531
2532 4813
2533 3187 4774
2534 3520 2896 4747 3216
2535 4790
2536 3257
2537 3250 4560 2675 4094
2538
2539 3810 3229
2540 3687
2541 2543
2542 2952 4716 4792
2543 3395 4361 3435 4341
2544 2638
2545
2546 4709
2547 3782 4969 4595 4570
2548 3873 2820
2549
2550 3516 4167
2551 3456 3856 3344 4881 3101
2552
2553 3628 2607
2554 2781
2555 2736 3729
2556 3960 2931 2628
2557 2560 4324 2975
2558 3265 4837 4585 3853 3599 3121 4345 4991
2559 2634
2560 3031
2561 4437
2562 4389 3246
2563 4493 3219
2564 3725
2565 4612 3207
2566 4298
2567 4467
2568 2889 4889
2569 2945
2570 3720
2571
2572 3014
2573 4880 3998
2574 3422
2575 4116 3761 4205
2576 3040 2871 2911
2577
2578 4388 4813
2579 2723 3349
2580
2581
2582 2729
2583 4561 3363 3866
2584 4973 4849
2585
2586
2587 3424 3205 2761 4814
2588
2589
2590 3642 4373
2591 3541 3597
2592
2593 3034 3908
2594 3195 2835
2595
2596 3898 4734
2597 4360
2598 4927
2599 2635 2967 3686
2600 4607 4659 4284
2601 4330 2809 3483 3133
2602 4019 3509 4319
2603 2752 3514 2990
2604
2605 4891
2606
2607 3355 4981
2608
2609 4581 4679 4807 3187 2685
2610 4339
2611 4563 4771 3934 3135
2612
2613 2729 4860
2614 2792 2937 4847
2615 4435 4397
2616 2787
2617 4931 3245 4446 4415
2618 4877
2619
2620
2621 4849 3236 3398
2622 3368 2776 4725
2623 3129 4395
2624 4734
2625
2626 4821
2627
2628
2629 3672 3825
2630 4650 2767
2631 4324 3452 4019
2632
2633 4964 4552
2634
2635 3622 4878
2636
2637 2804
2638 4100 2641 4188
2639 3621 3286 4025
2640
2641 3105 3611 2726 4007
2642 4032 4111 4854
2643 4873 4859
2644 3329 2763 3149 4239
2645 4069 3531 4054 3711
2646 4109 3822
2647
2648 3603
2649 3862
2650 3585
2651 4587 3380
2652 4918
2653 2962 4300
2654 4387
2655 4236
2656 3456 2864
2657 3378 3502
2658 4092 3598 3799
2659 2706 3859 4699
2660 4631
2661 3646
2662 4542
2663 4561 3387 4229
2664 3297 3821
2665 2792 4692 4572 4486
2666 3803
2667 4975 2719
2668 4345
2669 4875 4758
2670
2671
2672
2673 4838
2674 4103 4527
2675
2676
2677 2826
2678 3614
2679 3109
2680 4776 3518
2681 3540 4775
2682 3512 2771
2683 3187
2684
2685 3282 3694 4574
2686 3439
2687 3398
2688
2689 3263
2690 2700 2743
2691
2692 3342 4317 3390
2693 4234 3083
2694 2927 4985
2695 3780 4719
2696
2697 3913
2698
2699
2700 2751
2701 4640
2702
2703 3170 4836 4688 4370
2704 4096 2945
2705 4741 4903 4488 4079 4409 4251
2706 3569
2707 4549 4670
2708 3041
2709 4976 3452
2710 4225 3835 2981 3854
2711 3411 3262
2712 3881 3652 3655
2713 4444
2714 4630 4351
2715 3149 4358
2716
2717 4750
2718 3473 3731 4789 4846 3357
2719
2720 4623
2721 3945 4572 3879
2722 4638
2723 4996
2724
2725 3436
2726 4637
2727
2728 4145 4499
2729
2730 4835 3107 3743
2731
2732 2822 4503
2733
2734 4324 4622 4100 4666
2735 4151 4635 4383
2736 2941
2737 4602 4703
2738 4348 4098
2739 2944 3281
2740 4068
2741 4128
2742
2743 4950 4718
2744 4075
2745
2746 4642 3847
2747 4186
2748 4865 3878
2749 4687
2750 4123
2751
2752
2753 3792 4561
2754
2755 3454
2756
2757 4368 4639
2758 4608 3123 3569
2759 4890 2998
2760 3097 4450 3602 4335
2761
2762 3783
2763 4563 3446
2764 4610 3274 3693 4175 3602 3833
2765 3292
2766 4865
2767 4650 4214 4216
2768
2769 4552 4407
2770 4699 3629
2771 3782
2772
2773 4050 4891 4430
2774 3046
2775 3667
2776 4291
2777
2778 2825 4590
2779 4183
2780 4719 3270
2781 4034 3250
2782 3536 3914
2783 3194 4479
2784
2785 4224 4735
2786 4089
2787 4262 4530 4571
2788 3456 3421 3182
2789 4784 3498
2790
2791
2792 4037
2793 3136 4871 4734
2794
2795 4724
2796
2797
2798 3667 3794
2799 4555
2800 4883 4378 3875
2801 2995
2802 3545 3155 4377
2803 3457 4821 4314
2804 3018 4060
2805 4101 3710
2806
2807 4883 3097 3932
2808 3832 2969 4854
2809 3267 4854
2810 3764 3242 4412 3954
2811 4670
2812
2813
2814 4579
2815 3205
2816
2817 3906 4027 3580
2818 3693 4559 3452
2819 4013 3310 3967
2820 3739 3111
2821 4446
2822 4333
2823 3032 4070 4047
2824 3905 4299 3977
2825
2826 4758
2827 4557
2828 4583
2829 4044
2830 3110
2831
2832 3538
2833 3581
2834 4658 4227
2835
2836 4688 2969 2994
2837 4071
2838 4848
2839
2840
2841 3844 3144 3338 3502 3225
2842 2903 3901
2843 3855
2844
2845 3862 3647
2846
2847 3185
2848 4365 3173 3047
2849
2850 3610
2851
2852
2853 4813 4242 4692 4568
2854
2855
2856
2857 4192
2858 4379
2859 4898
2860 4873
2861 3277
2862 4645 4310 3677
2863 4537 3458 4412
2864
2865 4338
2866
2867 4139 3684 4823
2868 3989
2869 3472 2882
2870 4436
2871 4889
2872 3760 3135
2873 3268 3291 4060
2874 2913 3828
2875 4314 2907 3566
2876 4651 4356
2877 4917
2878 3472 3492
2879 3456 4010
2880
2881
2882 4905
2883 4701 3270 4215
2884 4313 4355 3740 3046
2885
2886
2887
2888 4964 3678
2889 3931
2890 3536 3831
2891 4795
2892
2893
2894
2895 3676 4291 4702
2896 3012
2897
2898 3168 4605
2899
2900 3768
2901
2902 3169 3842
2903 4328 3707
2904 4228 4494
2905 4992 3457 2914 4794 4241
2906 3884 4644
2907
2908 3795 3414
2909
2910
2911 3535
2912
2913 3123
2914 4102
2915 3080 4593
2916 3353 4731
2917 3185 2964 4948
2918 3628
2919 4898 4963 3107 4828
2920 4792
2921
2922 3210 3018 3782
2923 3958
2924 3618 3430
2925
2926
2927 3744
2928 3906 4283 4022
2929 3664 3865
2930 3867 4447
2931 3328 4000 4189
2932 4690
2933
2934 4948 3252 4262
2935 3376
2936 4880
2937 3206
2938 3360 4719
2939
2940 4434
2941
2942
2943
2944 3212
2945 3206
2946 3662
2947 4551 3478
2948
2949 4086
2950 3137 3852 3862 2974
2951
2952
2953
2954
2955 4192
2956
2957
2958 4387 4308 3390
2959 3292 3726
2960 4198
2961 3970 4521 3023 4144
2962 4118
2963 4860 3997 4303
2964 3686 4041 3468 4465 4159 3967
2965 4245
2966 4516 4109 4694 4538
2967 4169
2968 3859
2969
2970 4809
2971 4224 3009 4036
2972 3387 3982 3711
2973
2974 4744 4760
2975 3059
2976 3056 4931
2977 3138 4365 4815 4412
2978
2979 4008 3820 4150
2980 3624 4473 4720 3724
2981
2982
2983 4502 4279
2984 4779 4302
2985 4996 4089
2986 3201 3286
2987 3339 4910
2988
2989
2990 4226
2991 3304 3435 4389
2992 4835
2993 3649 4133
2994 4320 3527 3369
2995 3246 4830
2996 4124
2997 3736 4429
2998 4785
2999
3000
3001 4688 4040
3002
3003
3004 4113
3005 4561 3677 4181
3006
3007
3008 3158
3009 3387
3010 3973
3011 4687
3012
3013 3735
3014
3015 3160 4458 3845
3016 4987 4295
3017 3917
3018
3019 4642 3570 3290
3020 3502
3021 4776 4568 4070
3022
3023
3024 3752 3915
3025 4349
3026 4899
3027 4065
3028
3029 4960
3030
3031 3058
3032 4770 4169 3518 4895
3033
3034 4338 4199
3035 4476 4962 3751
3036
3037 4009 3519
3038 4526
3039
3040 3680 4483 3156
3041 3368
3042 3108 3722 3814
3043 4251
3044
3045
3046 3296 3254 3869
3047
3048 3772
3049 4276
3050 4125
3051
3052
3053
3054 3820
3055 3140
3056 4807
3057
3058 3400 4804
3059 4933 3668 3614
3060 3464
3061
3062 4913
3063 4819 3318
3064 3419
3065 4932
3066
3067
3068 3136 4125
3069 3918 4702
3070 3320 3914
3071 4160 3460 3503
3072 4959
3073 4477
3074
3075 3938 4726 4270
3076 4227 3101 3135
3077 4064 3768 3842
3078 3362 3875 3908
3079
3080
3081 3216 4705 4322
3082 3242 3826
3083
3084 3718 3525
3085
3086 3976 4248 3730 4614
3087
3088
3089 3809 4130
3090
3091
3092 3794 3135
3093
3094 4974 3177
3095 4360 3899
3096 3435 3927
3097 4977
3098
3099
3100 3544 3479
3101 4424 4470
3102 4461 4651 3685
3103 3241
3104 4396 4374 4796 3581
3105
3106
3107 3282 3317
3108 4917
3109
3110 3538
3111
3112 3153 4246 3633
3113 3313 4799
3114 4298 4990 3861
3115
3116
3117 3937
3118
3119 3820
3120 4357
3121 3175 4888
3122 4546 4483 3430
3123 3652 3730 4761
3124 3253 3396
3125 3244
3126 4342
3127
3128
3129 4552 4366
3130
3131 4082 3547
3132
3133 3532 4113 4134
3134
3135 3949 4996 4702
3136 4088
3137 3153
3138 4403 4734
3139 4017
3140 4107
3141 3938
3142
3143 3930
3144 3429
3145
3146 3960 4582
3147
3148 3741
3149 3667 3837 4574
3150 3427
3151 4848
3152 4528 3766
3153 3334 3975 4907 4694
3154 3575
3155 3189 4487
3156 3969 3266
3157 4550
3158 4009 3538 4248 3738
3159 4790
3160 4656
3161
3162 4495
3163 4168 4889
3164
3165 4735
3166 3570
3167 4386
3168 4303
3169
3170 4363
3171
3172 3906
3173 4658 3880
3174 3944
3175
3176
3177 4038
3178
3179
3180
3181 4297 4940
3182
3183 4287 4951
3184
3185 4326 4573
3186 3258 4307 4023
3187
3188
3189 3792 4912 3884
3190 4521 3207
3191
3192
3193 4408
3194
3195
3196 4816 4111
3197
3198 4876 4569
3199
3200 3478 4070
3201
3202 4295
3203
3204 4228
3205 4481
3206
3207 3504 3497
3208
3209 4539
3210 4132
3211 3754 3755
3212 3253
3213 3753
3214 4612 4205
3215 4758 3878
3216
3217
3218 3508
3219 4753
3220 3619
3221
3222 4255
3223 3804
3224 3526 3225
3225 4459 4051 4054 4990
3226
3227
3228
3229
3230
3231 4007
3232
3233 3416
3234
3235 4493 3242 3379 4391
3236 4596
3237 3905
3238 4458
3239 3417
3240 3321 4756
3241
3242
3243 3298
3244 3304 4618 3355
3245 3411
3246 3474 3411
3247 3584
3248 3466 4237 3446 4700
3249 3619 3847 3320
3250
3251 3674
3252 3849
3253 3960
3254 4410
3255 3706 3988 4062
3256 4393 3275
3257
3258 4002
3259
3260 4011
3261
3262
3263
3264
3265 4994 4215
3266
3267 4272 3674
3268
3269
3270 3785 4272
3271 3918 3669
3272 4968 4515
3273
3274
3275 3971
3276
3277 4500 3454
3278 3376 3604
3279 3689
3280
3281
3282 3648 4047
3283 4036 4139 4626
3284 3426
3285
3286
3287 3999
3288 3328 3591 4591
3289
3290
3291 4208
3292
3293
3294
3295
3296
3297
3298 4584
3299 4952
3300 4296 3329
3301 3707
3302 4964
3303
3304
3305 4147 4166 3727
3306 4632
3307 3446 4151
3308 4555
3309 3675 3446
3310
3311 4634
3312
3313
3314
3315
3316 4840 3380 4719
3317 3666 3655
3318 4056 4351
3319
3320 4416
3321 4144
3322
3323 4613 4012 3341 4169 4094
3324 4461
3325
3326 4481 3830 3773
3327 3795
3328 4019
3329 4670
3330
3331 4599
3332 4032 4485 4901
3333
3334
3335
3336 3880
3337 4069
3338 3959 4885 3371 3767
3339
3340 3816 4769
3341
3342 3818
3343 4094
3344 4320 4564
3345 3539
3346 4800
3347 4601 4406
3348 3594 4189
3349 3949
3350 4247
3351
3352 4411 4045
3353
3354 3622
3355
3356 4777 3804
3357 4599
3358
3359 4740
3360
3361 4324 4844
3362
3363 3743
3364 4450 4843 3759
3365
3366 3392 4027
3367 3901
3368
3369
3370 4437
3371 4204 4455
3372 3908 4276
3373 4667
3374 3533 3942 3871
3375 3498
3376 4278 4805
3377 4162
3378 3850 3655
3379
3380
3381 4977
3382 4682
3383 4684 4142
3384
3385 3911
3386 3657 4891
3387
3388 4364 3530
3389 4808
3390 3983
3391 3970
3392 3652 4259
3393
3394 4238 4494
3395 4481 4194 4870 4575
3396 3969
3397 3522 4987 4237
3398
3399 4336 4574
3400 3424 4691
3401 3942
3402
3403 4973 3639
3404 3643 3830
3405 4953 4732 4822
3406
3407 4739
3408 3790
3409 3974
3410 3632
3411 4677
3412 4688
3413 3859 4819
3414 3545 3862
3415 3652 3861
3416 4771 4001
3417 3759
3418 3510
3419
3420
3421
3422 4107 3596
3423 4305
3424 4787
3425
3426 3608
3427 4721 4580
3428 4012
3429 4801 4011
3430 4274
3431 3553 3893
3432
3433
3434 4886
3435 4056
3436 4436 4166
3437 3681
3438
3439
3440 3994
3441 4379 4468 3473
3442 3451 4054
3443 3506
3444 4434
3445 4820 3644
3446 4265 3476 4571
3447 3962 4939
3448
3449
3450
3451
3452
3453 4077
3454
3455
3456 4462
3457 4519
3458
3459
3460 4535 3646
3461 4594 3810
3462 3860 4989
3463 4883 3927
3464 4426
3465 4651 3494
3466 3953
3467 4407
3468
3469
3470 4241 4147
3471 4159 3850 4559
3472
3473
3474
3475 4263
3476
3477
3478
3479
3480 3796
3481 4633
3482 4852
3483 3881
3484 4561
3485
3486 4167 4843 4409 4542
3487 4992 3683 3628
3488
3489 3787 4409
3490 3611
3491
3492
3493 3756 4133
3494
3495 3698
3496
3497
3498 4256
3499
3500 4984
3501
3502 4167 3618
3503 4715
3504 4739 4938
3505 4036 4629
3506
3507
3508 4892
3509 3895
3510
3511 4779 4959
3512
3513 4119
3514 4048 3995
3515 4199
3516 3793 4066 4706
3517 4076
3518
3519
3520 4482 3996
3521 4129
3522
3523 4940
3524 3771
3525 4976 4475
3526 3950 4398
3527 4496
3528
3529
3530
3531
3532 4247
3533 3851 3596
3534 4385 4495
3535
3536 3670
3537 3780
3538 4038 3851
3539 4785
3540 4259
3541 4746
3542
3543 3549
3544
3545
3546 4383 4349
3547 4532
3548
3549
3550 4897 4218
3551 4004 4684
3552 4992 4014
3553 3791
3554 4824 3725
3555 4498 4988
3556 3891
3557 3759 3572 4157
3558
3559
3560 3708
3561 4226 3939 4231
3562 4756 4118
3563
3564 4843 4798
3565 3833 4097
3566
3567
3568 3867
3569 4865
3570 4149
3571 3793 4140
3572
3573 4646
3574 4494
3575 4922
3576 4465
3577
3578
3579 3949
3580 4501 4379
3581 4133 3756 4189
3582 4213
3583 3654
3584
3585 4928 4936
3586
3587
3588
3589 4124
3590 4625 4346 4507
3591 4117
3592
3593 4161
3594 4852 4681
3595 4495
3596 4221
3597 3709 3758
3598
3599 4178
3600
3601
3602
3603
3604 3976 4660 4924
3605 4016
3606
3607
3608 4082 4346
3609 4360 4906 3947 4434
3610
3611 3843 4292
3612 3834
3613 3904 4073 4860
3614
3615 3883
3616 4928 4917
3617
3618
3619
3620 3721
3621
3622
3623
3624 3789 4988
3625 4655
3626
3627 3739
3628
3629 4385
3630
3631 4305
3632
3633
3634 4944
3635 4847
3636
3637
3638 4150
3639 3685
3640
3641 4160 4026
3642 4872 4229
3643
3644 4684
3645 4240 4894
3646 4776
3647
3648
3649 4296 3734
3650
3651
3652
3653 4605
3654 4832 4125
3655
3656
3657 3978 4753 3958
3658
3659 4750
3660 4129 4549
3661 4065 4181
3662
3663
3664 4049
3665 4344
3666
3667 4244
3668
3669
3670 4820
3671 4793
3672 4436 4937
3673 4702
3674
3675 3810 3803
3676
3677
3678
3679 4657
3680 4659
3681
3682
3683
3684
3685
3686
3687
3688
3689 3793 4194 4978
3690 4015
3691
3692 4735
3693 4533
3694
3695 4178
3696 4335
3697 4441 4798 4561
3698
3699 4484 4395
3700 4472 4066
3701 4274
3702
3703
3704 3908
3705 3769
3706
3707 3865
3708 4402
3709 4052
3710 4371
3711 4086
3712 4176
3713 4403
3714 4173
3715
3716 4784 4069
3717 4905
3718 4111
3719
3720 3875
3721
3722 4513
3723 4730 4567
3724
3725 4966
3726 3932
3727
3728 3874 4103
3729
3730 4451
3731
3732
3733
3734 4540
3735
3736 3866 4162
3737
3738
3739 4475 4333
3740
3741 4785 4726
3742 4775
3743 3904
3744 4305
3745
3746 3850
3747
3748 4500 4165
3749
3750 3792
3751 4847
3752 4699 4999
3753
3754
3755 4292
3756 4121
3757
3758 4442
3759 4782
3760
3761
3762
3763
3764 4597
3765 3874 4764
3766
3767
3768 4517
3769 4933
3770 4622
3771 4868
3772
3773 3786
3774
3775 4764
3776 4953
3777
3778
3779 4631
3780 4432 4210
3781 4369 4723 3901
3782
3783 4728 4196
3784
3785 4633
3786 4061 4957
3787
3788
3789 4770
3790 4216 4142
3791
3792
3793
3794 4086
3795 4530 4055
3796
3797
3798 4378 3967
3799
3800
3801
3802
3803 4732
3804 4544 4477
3805
3806
3807
3808
3809 4822 4814
3810
3811
3812
3813
3814 4576 4283 4972
3815
3816
3817
3818 4200
3819
3820 4271
3821 4808
3822
3823 4913
3824
3825 4580
3826
3827
3828
3829 4328
3830
3831 4742
3832 4192 4673 4226
3833 3935
3834 4043 4958
3835 4961 4422
3836 4435
3837
3838 4576 4434
3839 3864
3840
3841 4255 4569
3842
3843
3844 4719 4294 4831
3845 4011
3846 4252
3847
3848 4099 4095
3849 4411
3850 4301
3851 4666 4830
3852
3853
3854
3855
3856
3857
3858 3932
3859 3921
3860
3861
3862 4605
3863 4408
3864
3865
3866
3867
3868 4397
3869
3870 4440
3871 4713
3872 4295
3873
3874
3875
3876
3877 4619 4907
3878 3926
3879
3880
3881 4036 4982
3882 4736
3883 4245
3884 4137 4031
3885 4288 4429
3886
3887
3888
3889
3890 4320 4237
3891
3892
3893
3894 4104 4253
3895
3896
3897 4421 4266
3898 4414
3899 4028
3900 4326
3901 4641 4846 4031
3902 4562 3933
3903 4613 4870
3904
3905
3906
3907 4851
3908 4094
3909
3910 4952
3911 4965 4844 4500
3912
3913 4472 4891
3914
3915
3916
3917
3918
3919 4291
3920 4932 4313
3921 3996
3922 4032
3923
3924
3925 4355
3926 4829
3927
3928 4454
3929
3930 4459
3931 4629
3932
3933 4830 4228
3934
3935 4038
3936 4190
3937 4736
3938
3939
3940 4757 4137
3941 4338
3942 4146
3943 4880 3949
3944
3945 4955
3946 4649 4815 3977
3947 4798
3948 4702
3949 4601
3950 4136 4289
3951 4642
3952
3953
3954 4377
3955
3956
3957 4993
3958
3959
3960
3961 4372
3962
3963 4074
3964 4267
3965
3966 4202
3967 4369
3968
3969 4934 4593
3970 4954
3971 4616 4297
3972
3973 4497
3974
3975
3976
3977
3978 4803
3979
3980 4520
3981
3982 4413
3983 4587
3984 4177 4221 4030
3985
3986
3987
3988
3989
3990 4354 4839 4765
3991 4566
3992 4683
3993
3994 4962 4296
3995
3996 4022
3997 4358
3998 4569
3999
4000 4799
4001 4098 4635 4255
4002 4850
4003
4004
4005
4006 4847
4007
4008 4899
4009
4010 4265
4011 4363
4012
4013 4130
4014
4015 4247
4016
4017 4093
4018
4019
4020
4021 4067
4022 4060 4659
4023
4024
4025 4884 4134
4026
4027 4299
4028 4957
4029
4030
4031
4032
4033
4034 4070
4035 4522
4036
4037
4038
4039 4773
4040
4041
4042 4459
4043 4379
4044 4604
4045
4046
4047 4155
4048
4049 4490
4050 4418 4871
4051
4052 4814
4053
4054 4606
4055 4929
4056
4057
4058 4510 4415
4059
4060
4061
4062 4787
4063 4569
4064
4065
4066
4067
4068 4238
4069
4070 4960
4071 4176
4072
4073 4427
4074 4167
4075 4603 4541
4076
4077
4078 4100
4079 4217 4377
4080 4100 4213
4081
4082 4342
4083 4839
4084
4085
4086 4306
4087
4088 4392
4089 4695
4090
4091 4690
4092
4093 4836 4508
4094
4095
4096 4894
4097 4208 4440
4098
4099
4100
4101 4137 4366
4102 4204
4103
4104
4105 4925 4814
4106 4573
4107
4108 4220
4109
4110
4111
4112 4481
4113
4114 4795
4115
4116 4464
4117
4118
4119 4417
4120 4664
4121 4731
4122
4123
4124
4125
4126
4127
4128 4625
4129 4361
4130 4354 4723
4131 4734 4319
4132 4936 4149 4639
4133 4661
4134
4135 4721 4294
4136 4336 4983
4137 4495 4669
4138 4748 4381
4139 4585
4140
4141
4142 4682 4946 4766
4143
4144
4145
4146
4147
4148
4149 4269 4685
4150
4151
4152 4714
4153
4154
4155 4844
4156
4157 4299
4158
4159 4286
4160
4161 4997 4907
4162
4163
4164 4619
4165
4166
4167 4710 4433
4168
4169
4170
4171
4172
4173 4668
4174 4465 4199
4175 4187
4176 4586
4177 4386
4178
4179
4180
4181
4182
4183
4184
4185
4186
4187
4188 4818
4189
4190 4908
4191
4192
4193 4581
4194 4905 4948
4195 4393
4196
4197
4198
4199 4260
4200 4303
4201 4203 4751
4202 4873
4203
4204
4205
4206
4207 4379
4208 4780
4209
4210 4229 4943
4211
4212
4213 4776 4383
4214 4617 4635
4215 4311
4216
4217
4218 4534
4219 4987 4812
4220 4949 4695
4221
4222
4223
4224
4225
4226
4227 4382
4228
4229 4684
4230 4867
4231 4308
4232 4751
4233 4544
4234 4573
4235 4841 4460
4236
4237 4597
4238
4239
4240 4365
4241 4584
4242
4243
4244 4650
4245
4246
4247 4706 4630
4248 4646 4656 4315
4249 4568
4250 4920
4251
4252 4929
4253
4254 4442
4255
4256
4257 4414
4258
4259
4260
4261 4516
4262
4263
4264 4323 4661
4265
4266 4357
4267
4268 4826
4269
4270
4271 4550
4272
4273 4444
4274
4275
4276 4719
4277
4278 4399
4279
4280
4281
4282
4283
4284
4285
4286 4721
4287
4288 4917
4289 4539
4290
4291
4292
4293
4294
4295
4296
4297
4298
4299
4300
4301
4302 4877
4303
4304 4520 4615
4305 4647
4306
4307 4565
4308 4492
4309
4310 4604
4311
4312
4313 4447
4314
4315 4525
4316 4348
4317 4581
4318
4319 4360 4814
4320
4321
4322
4323 4484 4525
4324 4344
4325
4326 4993
4327
4328
4329
4330 4880
4331
4332
4333
4334
4335
4336
4337
4338
4339
4340 4612
4341 4813
4342
4343 4438
4344
4345 4810
4346 4767
4347
4348
4349 4455
4350
4351 4425
4352 4663
4353
4354 4969
4355 4968
4356
4357
4358 4566
4359
4360
4361
4362
4363 4471
4364 4699
4365
4366
4367 4842 4734
4368
4369 4757
4370
4371
4372
4373
4374
4375
4376
4377 4796
4378
4379
4380 4635
4381 4860
4382
4383
4384
4385
4386
4387 4826
4388
4389
4390 4636
4391
4392
4393 4691
4394 4767
4395
4396
4397
4398
4399
4400
4401
4402
4403
4404
4405
4406
4407
4408
4409 4449
4410
4411
4412
4413
4414
4415 4417
4416
4417
4418
4419 4579
4420 4511
4421
4422
4423 4839
4424
4425 4547
4426
4427
4428
4429
4430
4431
4432
4433
4434
4435
4436 4534
4437
4438
4439
4440
4441
4442 4846
4443
4444 4881
4445
4446 4544
4447 4569
4448
4449
4450
4451
4452 4979
4453
4454 4643 4639
4455
4456
4457 4906
4458
4459
4460 4710
4461
4462 4578
4463 4998
4464
4465
4466
4467
4468
4469
4470
4471 4996
4472
4473
4474
4475
4476
4477
4478
4479
4480
4481 4769
4482
4483 4652
4484 4593 4966
4485
4486 4993
4487
4488
4489
4490
4491
4492
4493
4494 4823
4495 4627
4496
4497
4498 4878
4499
4500
4501
4502
4503
4504
4505
4506 4638 4814
4507 4586
4508
4509
4510 4820
4511 4557
4512
4513
4514
4515
4516
4517
4518
4519
4520 4902
4521
4522
4523
4524
4525 4838
4526 4802
4527 4736
4528
4529
4530
4531
4532 4619
4533
4534
4535
4536
4537
4538
4539
4540
4541
4542
4543
4544
4545
4546
4547
4548 4749
4549
4550
4551
4552
4553
4554
4555 4557
4556
4557 4714
4558 4620
4559
4560
4561
4562
4563
4564
4565
4566
4567
4568
4569 4766
4570
4571
4572
4573
4574
4575
4576
4577 4731
4578
4579
4580
4581
4582 4847
4583
4584
4585
4586
4587
4588
4589
4590
4591 4782
4592
4593 4837
4594 4721
4595
4596
4597
4598
4599
4600
4601
4602
4603
4604
4605
4606
4607
4608
4609 4787
4610 4965
4611
4612
4613
4614 4746
4615 4945 4639
4616
4617
4618
4619
4620
4621
4622 4799
4623
4624
4625
4626
4627
4628
4629
4630
4631
4632 4876
4633
4634 4842
4635
4636 4888
4637 4921
4638
4639 4672
4640
4641
4642 4901
4643
4644
4645 4943
4646
4647
4648 4947
4649 4752
4650 4922
4651
4652
4653
4654 4725 4730
4655
4656
4657
4658
4659
4660
4661 4664 4848
4662
4663 4664
4664
4665
4666
4667 4688
4668
4669
4670
4671
4672
4673
4674
4675
4676 4909
4677
4678
4679 4932
4680
4681
4682
4683
4684 4784
4685
4686
4687
4688
4689
4690
4691
4692 4888
4693
4694 4783
4695
4696
4697
4698
4699 4983
4700
4701 4899 4799
4702
4703
4704
4705
4706
4707
4708
4709
4710
4711
4712
4713
4714
4715
4716
4717
4718
4719
4720
4721 4828
4722 4988
4723
4724
4725 4945
4726
4727
4728
4729
4730
4731
4732
4733
4734
4735
4736
4737
4738
4739
4740
4741
4742
4743
4744
4745
4746
4747
4748
4749 4781
4750
4751
4752 4808
4753
4754
4755
4756
4757
4758
4759
4760
4761
4762
4763 4971
4764
4765
4766
4767
4768
4769
4770
4771
4772
4773
4774 4799
4775
4776
4777
4778
4779
4780 4887
4781
4782
4783
4784
4785 4928
4786
4787
4788
4789
4790
4791
4792
4793
4794
4795
4796
4797
4798
4799
4800
4801
4802
4803
4804
4805 4891
4806
4807
4808
4809 4905
4810
4811
4812
4813
4814
4815 4947
4816
4817
4818 4972
4819
4820
4821
4822
4823
4824
4825
4826
4827 4835
4828
4829
4830
4831
4832
4833
4834
4835
4836
4837
4838
4839
4840
4841
4842
4843
4844
4845
4846
4847
4848
4849
4850 4894
4851
4852
4853
4854 4983
4855
4856
4857
4858 4863
4859
4860
4861
4862
4863
4864
4865
4866
4867
4868
4869
4870
4871
4872
4873
4874
4875
4876
4877
4878
4879
4880
4881
4882
4883
4884
4885
4886 4949
4887
4888
4889
4890
4891
4892
4893
4894
4895
4896
4897
4898
4899
4900
4901
4902
4903
4904
4905
4906
4907
4908
4909
4910
4911
4912
4913
4914
4915
4916
4917
4918
4919
4920
4921
4922
4923
4924
4925
4926
4927
4928
4929
4930
4931
4932
4933
4934
4935
4936
4937
4938
4939
4940
4941
4942
4943
4944
4945
4946
4947
4948
4949
4950
4951
4952
4953
4954
4955
4956
4957
4958
4959
4960
4961
4962
4963
4964
4965
4966
4967
4968
4969
4970
4971
4972
4973
4974
4975
4976
4977
4978
4979
4980
4981
4982
4983
4984
4985
4986
4987
4988
4989
4990
4991
4992
4993
4994
4995
4996
4997
4998
4999
[1, 0, 1, 1, 1, 0, 0, 0, 1, 0, 0, 0, 1, 0, 1, 1, 0, 1, 1, 1, 1, 0, 1, 1, 1, 0, 0, 0, 1, 1, 0, 1, 0, 0, 0, 0, 1, 0, 1, 0, 1, 0, 0, 0, 0, 1, 0, 1, 1, 1, 0, 0, 0, 1, 1, 1, 1, 0, 0, 0, 1, 0, 1, 1, 0, 1, 1, 0, 1, 0, 0, 0, 0, 1, 1, 0, 1, 1, 1, 1, 1, 1, 1, 1, 0, 0, 1, 0, 0, 1, 0, 0, 0, 1, 1, 0, 0, 0, 0, 0, 0, 0, 0, 0, 1, 1, 0, 1, 1, 0, 0, 1, 0, 0, 1, 0, 1, 0, 1, 1, 0, 0, 1, 0, 0, 0, 1, 0, 0, 1, 1, 1, 0, 0, 1, 0, 1, 1, 0, 1, 1, 0, 0, 1, 1, 0, 1, 1, 0, 1, 1, 0, 1, 1, 0, 1, 0, 1, 0, 0, 1, 1, 0, 0, 1, 0, 0, 0, 0, 1, 1, 1, 0, 0, 1, 1, 0, 1, 0, 0, 1, 0, 0, 0, 1, 0, 0, 0, 1, 1, 0, 1, 0, 1, 1, 0, 0, 1, 1, 1, 1, 1, 0, 1, 1, 0, 0, 0, 1, 1, 0, 0, 1, 1, 0, 0, 0, 1, 0, 1, 1, 1, 1, 1, 0, 0, 0, 0, 1, 1, 0, 0, 0, 1, 1, 1, 0, 1, 0, 1, 1, 1, 0, 0, 0, 1, 1, 1, 0, 0, 0, 0, 0, 0, 1, 1, 0, 1, 1, 0, 0, 0, 1, 1, 0, 1, 1, 0, 1, 0, 0, 0, 1, 0, 1, 0, 0, 0, 1, 0, 1, 0, 0, 1, 0, 0, 0, 1, 0, 0, 1, 1, 0, 1, 0, 1, 0, 1, 1, 0, 0, 0, 1, 1, 0, 1, 1, 0, 1, 1, 0, 1, 0, 0, 1, 0, 0, 1, 0, 1, 0, 0, 1, 1, 0, 1, 1, 1, 1, 1, 0, 1, 0, 0, 1, 0, 0, 1, 0, 1, 1, 1, 0, 0, 0, 1, 0, 0, 1, 1, 0, 0, 0, 1, 0, 1, 1, 0, 1, 1, 1, 0, 0, 1, 1, 1, 1, 1, 1, 1, 0, 1, 1, 0, 0, 0, 1, 1, 0, 1, 0, 1, 1, 0, 0, 1, 0, 1, 1, 0, 1, 0, 1, 0, 0, 1, 0, 0, 1, 1, 1, 0, 1, 0, 1, 1, 0, 0, 0, 0, 1, 1, 0, 1, 1, 1, 0, 0, 0, 1, 1, 1, 0, 1, 0, 1, 0, 0, 1, 0, 1, 1, 0, 1, 1, 0, 1, 0, 0, 1, 0, 0, 1, 0, 1, 0, 0, 0, 0, 0, 0, 0, 1, 1, 0, 1, 0, 1, 0, 1, 1, 0, 1, 0, 1, 0, 0, 0, 1, 1, 0, 0, 0, 1, 0, 1, 0, 1, 0, 0, 0, 0, 0, 0, 0, 1, 1, 0, 1, 1, 0, 1, 0, 0, 1, 0, 0, 1, 0, 1, 0, 0, 0, 1, 1, 1, 1, 1, 1, 1, 0, 1, 1, 1, 0, 1, 0, 0, 1, 0, 0, 1, 0, 0, 0, 0, 0, 1, 0, 1, 1, 1, 1, 1, 1, 1, 0, 0, 0, 0, 1, 0, 1, 1, 0, 0, 0, 1, 0, 1, 0, 1, 0, 0, 0, 1, 1, 1, 0, 1, 0, 1, 0, 1, 1, 1, 1, 1, 1, 0, 1, 0, 1, 0, 0, 1, 1, 0, 0, 0, 1, 0, 1, 0, 1, 1, 1, 1, 0, 0, 0, 0, 0, 1, 1, 0, 1, 0, 1, 1, 1, 0, 1, 0, 0, 0, 1, 1, 0, 0, 1, 0, 0, 1, 0, 1, 1, 0, 0, 1, 0, 0, 1, 1, 1, 0, 1, 1, 0, 0, 1, 1, 0, 0, 1, 1, 0, 0, 0, 0, 0, 1, 0, 0, 0, 1, 0, 0, 1, 0, 0, 1, 1, 0, 1, 0, 0, 1, 0, 0, 1, 0, 0, 0, 0, 1, 0, 0, 0, 0, 0, 0, 1, 1, 0, 1, 1, 0, 0, 0, 1, 1, 1, 0, 0, 1, 1, 1, 0, 0, 1, 1, 0, 0, 0, 0, 1, 1, 0, 1, 0, 0, 1, 0, 0, 1, 1, 0, 0, 1, 0, 1, 0, 1, 1, 0, 1, 1, 1, 0, 0, 0, 0, 0, 0, 1, 0, 1, 1, 0, 1, 0, 1, 1, 1, 0, 1, 1, 0, 0, 0, 1, 1, 1, 0, 0, 0, 0, 0, 1, 0, 1, 1, 0, 0, 0, 1, 0, 0, 1, 0, 0, 1, 0, 0, 0, 0, 1, 0, 1, 0, 1, 1, 0, 1, 1, 1, 1, 1, 0, 0, 0, 0, 0, 1, 1, 0, 0, 1, 1, 0, 0, 0, 1, 0, 1, 1, 1, 1, 1, 1, 0, 1, 1, 1, 0, 0, 0, 0, 0, 1, 1, 0, 0, 0, 1, 0, 0, 0, 0, 1, 1, 1, 1, 1, 0, 1, 0, 0, 1, 1, 0, 0, 0, 0, 0, 0, 0, 1, 1, 0, 1, 0, 0, 0, 0, 1, 1, 1, 0, 1, 1, 1, 1, 1, 1, 1, 0, 1, 1, 1, 0, 1, 1, 1, 0, 1, 1, 0, 1, 0, 1, 0, 1, 1, 0, 0, 1, 1, 1, 1, 0, 0, 1, 1, 1, 0, 1, 1, 1, 0, 0, 0, 0, 0, 1, 1, 1, 1, 1, 0, 1, 0, 1, 1, 0, 0, 1, 1, 1, 0, 0, 0, 0, 0, 1, 0, 1, 0, 1, 1, 1, 0, 0, 1, 0, 0, 0, 0, 1, 0, 1, 1, 0, 1, 0, 1, 1, 0, 0, 1, 1, 0, 0, 0, 0, 1, 0, 1, 0, 1, 0, 1, 0, 0, 1, 1, 1, 1, 0, 0, 1, 1, 0, 0, 1, 1, 0, 0, 1, 0, 0, 0, 0, 1, 1, 0, 0, 0, 0, 1, 0, 1, 0, 1, 0, 1, 0, 0, 0, 1, 1, 1, 1, 0, 0, 1, 1, 1, 0, 0, 1, 1, 1, 1, 1, 1, 0, 1, 1, 1, 0, 1, 1, 1, 0, 0, 0, 1, 1, 1, 1, 1, 1, 1, 0, 0, 1, 0, 1, 1, 1, 0, 1, 1, 1, 0, 1, 0, 0, 1, 1, 0, 0, 1, 0, 0, 0, 1, 0, 1, 1, 1, 0, 1, 1, 1, 0, 0, 1, 1, 0, 1, 1, 1, 0, 1, 0, 1, 0, 0, 1, 0, 0, 0, 1, 1, 0, 1, 1, 0, 0, 0, 1, 1, 1, 0, 1, 0, 1, 0, 0, 1, 1, 1, 1, 0, 0, 1, 0, 1, 1, 1, 0, 1, 0, 0, 0, 0, 1, 0, 0, 0, 1, 0, 1, 0, 1, 0, 0, 0, 0, 1, 0, 1, 0, 1, 1, 0, 1, 1, 1, 0, 0, 1, 1, 0, 0, 1, 0, 0, 0, 1, 1, 0, 0, 0, 0, 0, 1, 1, 1, 0, 1, 0, 1, 1, 0, 1, 1, 0, 1, 0, 0, 0, 1, 1, 0, 1, 0, 0, 1, 1, 0, 1, 0, 0, 1, 0, 1, 0, 1, 0, 0, 1, 1, 0, 0, 1, 0, 1, 0, 1, 0, 1, 0, 1, 0, 1, 1, 1, 1, 1, 0, 0, 0, 0, 1, 0, 1, 0, 0, 1, 0, 0, 0, 0, 0, 1, 0, 0, 1, 1, 1, 0, 1, 0, 1, 0, 0, 0, 1, 0, 0, 1, 1, 1, 1, 1, 1, 1, 1, 0, 1, 1, 1, 1, 1, 1, 0, 0, 1, 1, 1, 1, 1, 0, 0, 1, 1, 0, 1, 0, 0, 0, 0, 0, 1, 0, 1, 1, 0, 1, 1, 1, 1, 0, 0, 1, 1, 0, 0, 0, 1, 1, 0, 0, 1, 1, 0, 0, 1, 0, 0, 1, 1, 1, 1, 0, 1, 0, 1, 0, 0, 0, 0, 1, 1, 0, 1, 0, 0, 1, 1, 0, 1, 0, 0, 0, 1, 1, 0, 1, 1, 1, 1, 0, 1, 1, 0, 0, 0, 1, 0, 1, 1, 0, 0, 0, 1, 0, 0, 1, 1, 1, 1, 1, 0, 1, 0, 0, 1, 1, 0, 0, 0, 1, 1, 0, 0, 1, 0, 1, 1, 1, 0, 0, 1, 0, 0, 1, 0, 1, 1, 0, 1, 0, 1, 0, 0, 0, 0, 1, 0, 1, 0, 1, 1, 1, 0, 0, 1, 1, 0, 1, 0, 0, 0, 0, 0, 0, 1, 1, 0, 0, 0, 1, 1, 1, 0, 0, 1, 1, 0, 1, 0, 0, 0, 0, 0, 0, 0, 0, 0, 0, 1, 0, 1, 0, 1, 1, 1, 0, 1, 0, 0, 1, 1, 0, 0, 0, 0, 0, 0, 1, 0, 1, 0, 1, 0, 0, 1, 1, 1, 0, 1, 0, 1, 0, 0, 1, 1, 0, 1, 0, 0, 0, 0, 0, 0, 1, 1, 0, 0, 0, 0, 1, 0, 1, 0, 0, 0, 0, 0, 1, 1, 1, 0, 0, 1, 0, 0, 1, 0, 1, 0, 1, 1, 1, 1, 0, 0, 0, 1, 0, 1, 1, 0, 1, 0, 1, 0, 0, 0, 0, 1, 1, 0, 1, 0, 0, 1, 0, 0, 0, 0, 0, 0, 0, 0, 1, 1, 0, 1, 1, 0, 0, 1, 1, 1, 1, 0, 0, 0, 1, 0, 1, 0, 1, 1, 1, 1, 1, 1, 0, 1, 1, 0, 0, 0, 0, 0, 0, 0, 1, 0, 0, 0, 0, 1, 1, 1, 1, 1, 0, 1, 1, 0, 1, 0, 1, 0, 0, 1, 1, 1, 1, 1, 1, 0, 0, 1, 0, 0, 1, 1, 0, 0, 1, 1, 1, 0, 0, 0, 0, 1, 0, 1, 0, 1, 0, 1, 1, 0, 1, 1, 0, 0, 1, 1, 1, 1, 0, 0, 0, 0, 0, 1, 0, 1, 0, 0, 1, 1, 1, 1, 0, 0, 1, 1, 0, 0, 1, 0, 0, 1, 0, 1, 0, 0, 1, 1, 0, 1, 1, 1, 0, 0, 1, 0, 0, 0, 0, 1, 1, 0, 0, 0, 1, 0, 1, 0, 1, 0, 0, 1, 0, 1, 0, 1, 0, 1, 1, 0, 0, 1, 0, 1, 0, 1, 1, 0, 1, 1, 1, 1, 0, 1, 1, 0, 1, 1, 1, 1, 0, 1, 1, 1, 1, 0, 1, 1, 1, 0, 0, 1, 1, 1, 1, 0, 1, 0, 1, 0, 0, 1, 1, 1, 1, 1, 0, 1, 1, 1, 1, 0, 1, 1, 1, 0, 0, 0, 0, 1, 0, 1, 1, 0, 0, 1, 0, 0, 0, 1, 0, 1, 0, 0, 1, 1, 1, 1, 0, 1, 1, 1, 1, 1, 1, 0, 1, 0, 0, 0, 0, 0, 0, 0, 1, 1, 1, 0, 0, 1, 0, 1, 1, 0, 1, 1, 0, 0, 1, 1, 1, 1, 0, 0, 1, 0, 1, 1, 1, 1, 0, 0, 1, 1, 0, 1, 1, 1, 0, 1, 0, 0, 1, 1, 1, 0, 1, 0, 0, 0, 1, 0, 0, 0, 1, 1, 1, 1, 0, 1, 0, 0, 0, 1, 0, 1, 1, 1, 0, 0, 0, 0, 0, 1, 0, 1, 1, 1, 1, 0, 1, 1, 1, 1, 0, 1, 0, 1, 1, 0, 0, 0, 1, 1, 1, 1, 0, 1, 1, 0, 0, 0, 1, 1, 0, 1, 1, 0, 0, 0, 1, 1, 0, 1, 1, 0, 0, 0, 0, 1, 1, 1, 1, 0, 0, 1, 1, 0, 1, 1, 0, 1, 0, 0, 1, 1, 1, 1, 1, 1, 0, 1, 1, 1, 0, 0, 1, 0, 1, 1, 1, 0, 1, 0, 0, 1, 0, 1, 1, 1, 1, 1, 1, 0, 1, 0, 0, 0, 1, 0, 1, 1, 1, 0, 1, 1, 1, 0, 0, 0, 0, 1, 0, 1, 1, 1, 1, 1, 1, 0, 0, 1, 0, 0, 0, 1, 0, 0, 0, 0, 1, 0, 1, 1, 1, 0, 1, 1, 1, 0, 1, 1, 0, 0, 1, 1, 0, 1, 1, 0, 0, 1, 1, 1, 1, 1, 0, 1, 0, 1, 1, 1, 1, 1, 0, 1, 0, 1, 0, 0, 1, 0, 1, 0, 0, 1, 0, 1, 1, 1, 0, 0, 1, 0, 0, 1, 1, 1, 1, 0, 0, 0, 0, 1, 0, 0, 0, 0, 0, 1, 0, 0, 0, 1, 1, 0, 0, 1, 0, 0, 0, 1, 0, 1, 1, 0, 0, 1, 0, 0, 0, 0, 0, 1, 1, 1, 0, 0, 1, 0, 0, 0, 0, 0, 0, 0, 1, 1, 1, 1, 1, 0, 1, 0, 0, 1, 1, 0, 0, 1, 0, 0, 0, 1, 1, 0, 1, 1, 0, 0, 1, 0, 1, 1, 1, 0, 1, 1, 0, 0, 0, 1, 1, 1, 0, 0, 0, 1, 1, 1, 0, 1, 1, 1, 1, 1, 1, 0, 0, 0, 0, 0, 0, 0, 1, 1, 0, 0, 0, 1, 0, 0, 1, 0, 1, 0, 0, 1, 0, 0, 0, 1, 1, 0, 0, 0, 0, 0, 1, 1, 1, 1, 0, 1, 1, 1, 1, 1, 1, 1, 0, 1, 1, 0, 0, 0, 1, 1, 1, 0, 0, 0, 1, 0, 0, 1, 1, 1, 1, 1, 1, 1, 0, 0, 0, 0, 0, 1, 0, 1, 1, 0, 0, 0, 0, 1, 1, 0, 0, 1, 0, 0, 1, 1, 1, 0, 1, 1, 1, 1, 1, 1, 0, 1, 0, 1, 0, 1, 0, 1, 0, 0, 1, 1, 0, 1, 1, 0, 1, 1, 0, 0, 0, 0, 0, 1, 0, 0, 1, 1, 1, 0, 0, 0, 0, 1, 0, 0, 1, 1, 0, 1, 0, 0, 0, 0, 1, 1, 1, 0, 1, 0, 1, 1, 1, 1, 1, 1, 0, 1, 0, 1, 1, 1, 0, 0, 0, 1, 0, 1, 1, 1, 0, 0, 0, 0, 0, 1, 0, 1, 1, 0, 0, 0, 1, 1, 1, 1, 0, 0, 0, 0, 0, 0, 1, 1, 0, 1, 1, 0, 0, 0, 1, 0, 0, 0, 0, 1, 1, 0, 1, 0, 0, 0, 0, 0, 0, 1, 0, 0, 0, 0, 0, 0, 0, 0, 1, 0, 1, 1, 0, 0, 0, 0, 0, 1, 1, 0, 0, 0, 1, 0, 1, 0, 1, 0, 0, 0, 1, 1, 1, 0, 1, 0, 0, 1, 1, 0, 0, 0, 1, 0, 0, 1, 0, 1, 1, 1, 1, 1, 0, 0, 1, 1, 1, 0, 0, 1, 1, 1, 0, 0, 0, 0, 0, 1, 0, 1, 0, 1, 1, 1, 0, 0, 1, 0, 0, 1, 1, 1, 1, 1, 0, 1, 0, 1, 0, 1, 1, 0, 1, 1, 0, 0, 0, 0, 1, 0, 1, 0, 0, 1, 1, 0, 1, 0, 0, 1, 0, 1, 0, 1, 0, 0, 1, 1, 0, 1, 1, 0, 1, 0, 0, 1, 0, 1, 0, 0, 0, 0, 0, 1, 1, 0, 0, 1, 1, 1, 0, 1, 1, 0, 1, 0, 1, 0, 0, 1, 0, 0, 1, 0, 1, 0, 1, 1, 1, 1, 0, 1, 0, 1, 0, 1, 1, 1, 1, 1, 1, 0, 0, 1, 0, 0, 1, 1, 0, 1, 1, 1, 0, 0, 0, 0, 0, 1, 1, 1, 1, 1, 1, 0, 0, 1, 1, 1, 0, 1, 0, 1, 1, 1, 1, 0, 0, 1, 0, 0, 1, 1, 1, 1, 0, 1, 1, 0, 1, 0, 0, 0, 1, 1, 0, 0, 0, 1, 1, 1, 1, 0, 1, 1, 1, 0, 1, 0, 0, 1, 1, 0, 0, 0, 1, 1, 0, 1, 0, 1, 0, 1, 0, 0, 0, 1, 1, 1, 1, 0, 1, 0, 0, 0, 1, 1, 0, 0, 1, 0, 0, 1, 1, 0, 0, 1, 0, 0, 0, 1, 0, 1, 0, 1, 1, 1, 0, 1, 0, 1, 1, 0, 1, 1, 1, 0, 1, 0, 1, 1, 0, 1, 0, 0, 0, 1, 0, 0, 0, 1, 1, 1, 0, 1, 0, 0, 1, 1, 1, 1, 1, 0, 0, 1, 1, 1, 1, 1, 1, 1, 0, 0, 0, 1, 0, 1, 1, 0, 1, 1, 0, 0, 0, 0, 1, 1, 1, 0, 1, 1, 0, 0, 0, 1, 0, 0, 0, 0, 1, 0, 0, 0, 1, 0, 1, 0, 0, 1, 1, 0, 0, 0, 1, 0, 0, 0, 1, 1, 1, 0, 1, 0, 1, 1, 1, 1, 1, 1, 1, 0, 0, 1, 1, 0, 1, 1, 0, 1, 1, 0, 1, 0, 0, 1, 0, 0, 1, 0, 0, 1, 0, 0, 1, 1, 0, 1, 1, 1, 1, 1, 1, 0, 1, 0, 1, 0, 0, 0, 1, 0, 0, 0, 0, 0, 0, 0, 0, 0, 1, 1, 0, 1, 0, 0, 0, 0, 0, 0, 1, 1, 1, 0, 1, 0, 0, 1, 0, 0, 1, 1, 0, 1, 0, 1, 1, 1, 0, 0, 0, 1, 1, 1, 1, 1, 0, 0, 1, 1, 0, 1, 0, 1, 0, 0, 1, 0, 1, 0, 1, 0, 1, 0, 1, 0, 0, 0, 1, 0, 0, 0, 1, 1, 1, 0, 0, 1, 1, 0, 1, 0, 0, 1, 0, 1, 1, 0, 0, 1, 0, 1, 0, 0, 0, 1, 1, 0, 0, 0, 1, 1, 0, 0, 1, 0, 0, 1, 0, 0, 1, 1, 0, 1, 0, 1, 1, 1, 0, 0, 0, 0, 0, 0, 1, 0, 1, 1, 0, 0, 0, 0, 0, 1, 0, 1, 0, 0, 0, 0, 0, 1, 1, 1, 1, 0, 0, 1, 1, 1, 0, 0, 0, 0, 1, 1, 1, 0, 1, 1, 0, 1, 1, 1, 0, 0, 0, 0, 1, 0, 1, 1, 0, 1, 0, 1, 0, 1, 1, 0, 0, 1, 0, 1, 1, 0, 1, 0, 0, 1, 1, 1, 1, 0, 1, 1, 0, 1, 1, 0, 0, 0, 0, 1, 0, 1, 1, 0, 0, 1, 1, 1, 1, 1, 0, 0, 0, 0, 0, 1, 0, 1, 1, 0, 0, 1, 1, 0, 1, 0, 0, 0, 0, 1, 1, 0, 0, 0, 1, 0, 1, 0, 1, 1, 1, 1, 0, 0, 0, 0, 0, 1, 1, 1, 1, 1, 1, 1, 1, 1, 1, 1, 1, 0, 1, 0, 0, 1, 1, 0, 1, 0, 1, 0, 0, 0, 0, 1, 1, 1, 1, 1, 0, 1, 1, 1, 1, 0, 1, 1, 1, 1, 0, 0, 1, 0, 1, 0, 1, 0, 0, 1, 0, 0, 1, 0, 0, 0, 1, 0, 0, 1, 0, 0, 0, 1, 1, 1, 0, 1, 0, 1, 0, 0, 1, 1, 1, 1, 0, 1, 1, 0, 0, 1, 0, 1, 0, 1, 1, 0, 1, 0, 0, 1, 0, 0, 0, 0, 0, 1, 0, 1, 1, 1, 0, 1, 1, 0, 1, 1, 0, 1, 1, 0, 1, 0, 0, 0, 0, 0, 1, 0, 1, 0, 0, 1, 0, 0, 1, 0, 1, 1, 1, 0, 0, 0, 1, 1, 1, 0, 1, 1, 1, 1, 1, 1, 1, 1, 0, 0, 0, 1, 1, 1, 1, 1, 0, 1, 0, 0, 1, 1, 0, 1, 0, 1, 1, 0, 0, 0, 1, 0, 1, 0, 1, 0, 0, 1, 0, 0, 1, 0, 0, 0, 0, 1, 0, 1, 1, 0, 0, 1, 0, 1, 1, 1, 1, 0, 0, 0, 1, 0, 0, 0, 0, 0, 0, 0, 1, 1, 1, 1, 1, 0, 1, 0, 1, 1, 1, 1, 1, 0, 0, 1, 1, 1, 1, 0, 0, 0, 1, 0, 0, 0, 0, 1, 1, 0, 1, 0, 0, 0, 0, 0, 1, 1, 1, 0, 0, 1, 1, 0, 1, 0, 1, 1, 1, 1, 0, 1, 0, 1, 1, 0, 1, 1, 0, 1, 0, 1, 0, 1, 1, 1, 0, 1, 0, 0, 1, 1, 0, 1, 0, 0, 1, 1, 0, 0, 0, 1, 1, 0, 1, 1, 1, 1, 1, 1, 1, 0, 0, 1, 1, 1, 0, 0, 1, 0, 1, 0, 0, 1, 0, 1, 0, 1, 1, 0, 1, 0, 1, 1, 0, 1, 0, 1, 1, 0, 1, 0, 0, 0, 0, 0, 0, 1, 0, 1, 0, 1, 1, 1, 1, 1, 0, 0, 0, 1, 0, 0, 0, 1, 1, 0, 1, 1, 0, 1, 0, 0, 1, 1, 0, 0, 1, 1, 0, 0, 1, 0, 0, 1, 1, 0, 1, 1, 0, 0, 1, 0, 1, 1, 1, 0, 0, 1, 0, 0, 0, 0, 0, 1, 0, 1, 0, 1, 0, 0, 0, 0, 0, 0, 1, 0, 1, 1, 1, 1, 1, 0, 1, 1, 1, 1, 1, 1, 1, 1, 1, 1, 1, 0, 0, 0, 1, 0, 0, 0, 1, 1, 0, 0, 1, 1, 1, 0, 0, 1, 0, 0, 1, 1, 1, 1, 0, 0, 0, 0, 1, 0, 1, 1, 0, 1, 1, 0, 0, 0, 1, 1, 0, 0, 1, 0, 0, 1, 0, 1, 0, 0, 1, 0, 0, 0, 0, 0, 1, 1, 1, 1, 0, 1, 0, 1, 1, 0, 0, 0, 0, 1, 0, 0, 0, 1, 0, 1, 0, 1, 1, 1, 1, 0, 0, 1, 1, 0, 0, 0, 0, 1, 1, 0, 0, 1, 1, 1, 0, 1, 1, 1, 1, 1, 1, 1, 1, 0, 1, 1, 1, 1, 0, 0, 1, 1, 1, 1, 1, 0, 1, 1, 0, 0, 1, 1, 0, 1, 0, 1, 0, 1, 0, 0, 0, 1, 0, 0, 1, 1, 0, 0, 0, 0, 1, 1, 0, 0, 0, 1, 1, 1, 1, 1, 1, 0, 1, 1, 1, 1, 1, 1, 0, 0, 1, 0, 0, 0, 0, 0, 1, 1, 1, 1, 0, 1, 1, 1, 1, 1, 0, 0, 0, 0, 0, 0, 1, 1, 0, 1, 1, 1, 1, 0, 0, 0, 1, 0, 0, 1, 1, 0, 1, 1, 0, 1, 0, 1, 1, 0, 1, 0, 1, 0, 1, 1, 1, 0, 1, 0, 0, 1, 0, 1, 0, 0, 1, 0, 1, 0, 1, 0, 0, 0, 1, 1, 0, 1, 0, 0, 0, 1, 1, 1, 0, 0, 1, 0, 1, 0, 1, 1, 0, 0, 0, 1, 1, 1, 1, 0, 0, 1, 0, 1, 0, 0, 1, 1, 1, 1, 1, 1, 1, 0, 1, 0, 0, 1, 0, 0, 0, 1, 1, 1, 1, 1, 1, 1, 1, 1, 0, 1, 1, 0, 1, 1, 0, 0, 0, 0, 1, 0, 0, 1, 1, 1, 0, 0, 0, 0, 1, 1, 1, 0, 1, 1, 1, 1, 0, 1, 1, 0, 0, 1, 0, 0, 0, 0, 1, 1, 0, 1, 1, 1, 1, 1, 1, 0, 1, 0, 0, 1, 1, 1, 0, 1, 0, 0, 1, 0, 0, 1, 0, 1, 0, 0, 0, 0, 0, 0, 1, 1, 0, 1, 0, 1, 0, 1, 0, 0, 0, 1, 1, 0, 0, 0, 1, 1, 1, 0, 0, 1, 1, 0, 0, 0, 0, 1, 0, 0, 1, 1, 1, 1, 0, 1, 0, 0, 1, 0, 0, 1, 1, 0, 0, 1, 0, 1, 0, 0, 0, 0, 0, 1, 0, 1, 1, 1, 0, 0, 1, 1, 1, 1, 0, 0, 1, 1, 0, 0, 0, 0, 1, 1, 0, 0, 0, 1, 0, 0, 1, 0, 1, 0, 0, 1, 0, 1, 0, 0, 0, 0, 0, 1, 1, 1, 0, 1, 0, 0, 0, 0, 1, 1, 1, 1, 1, 0, 1, 1, 1, 1, 1, 1, 1, 0, 0, 1, 1, 0, 0, 0, 0, 1, 0, 1, 1, 1, 1, 1, 0, 1, 0, 0, 1, 1, 0, 0, 1, 0, 0, 0, 1, 1, 1, 0, 0, 0, 0, 0, 1, 0, 0, 0, 0, 0, 0, 1, 1, 1, 0, 1, 0, 0, 0, 0, 0, 1, 1, 1, 0, 1, 1, 1, 0, 1, 0, 0, 0, 0, 0, 0, 0, 0, 0, 0, 1, 1, 0, 1, 1, 0, 1, 0, 1, 0, 0, 0, 1, 0, 0, 0, 1, 0, 1, 0, 0, 1, 0, 1, 1, 1, 0, 0, 1, 1, 1, 0, 0, 0, 0, 1, 0, 1, 1, 1, 1, 0, 1, 0, 0, 0, 1, 1, 0, 1, 1, 0, 0, 1, 1, 1, 0, 1, 0, 0, 0, 0, 0, 1, 0, 1, 0, 0, 1, 1, 0, 0, 1, 0, 0, 1, 0, 1, 1, 0, 0, 1, 0, 1, 1, 0, 1, 1, 0, 1, 0, 0, 1, 1, 1, 0, 1, 1, 1, 1, 0, 1, 0, 1, 0, 1, 1, 1, 0, 0, 1, 0, 1, 1, 0, 0, 1, 1, 1, 0, 0, 1, 1, 1, 1, 0, 1, 0, 1, 0, 0, 1, 1, 0, 1, 1, 0, 0, 0, 0, 1, 1, 0, 0, 0, 0, 1, 0, 0, 0, 0, 0, 0, 1, 1, 0, 0, 0, 0, 1, 1, 1, 1, 1, 0, 0, 1, 0, 0, 1, 0, 1, 0, 0, 1, 1, 1, 0, 1, 0, 1, 1, 1, 0, 1, 1, 1, 0, 1, 0, 1, 1, 1, 1, 1, 0, 0, 0, 0, 0, 0, 1, 0, 1, 1, 1, 0, 1, 0, 0, 1, 1, 1, 0, 1, 1, 0, 0, 1, 1, 1, 1, 1, 0, 1, 1, 0, 1, 1, 1, 0, 1, 0, 0, 0, 0, 1, 1, 0, 0, 0, 1, 0, 0, 0, 0, 1, 0, 0, 1, 0, 0, 0, 0, 1, 0, 1, 1, 1, 0, 0, 1, 0, 0, 1, 1, 1, 0, 0, 0, 1, 0, 1, 0, 0, 1, 1, 0, 0, 0, 0, 1, 0, 0, 0, 0, 0, 1, 0, 0, 1, 1, 1, 0, 0, 1, 0, 1, 0, 1, 0, 1, 1, 1, 1, 0, 1, 0, 1, 1, 0, 0, 0, 1, 0, 0, 1, 0, 0, 0, 0, 0, 0, 1, 0, 1, 0, 1, 1, 0, 0, 1, 0, 0, 0, 1, 0, 1, 1, 1, 1, 1, 1, 0, 1, 0, 0, 1, 0, 0, 0, 1, 0, 0, 1, 1, 1, 1, 1, 0, 0, 1, 1, 1, 0, 1, 1, 1, 1, 1, 1, 1, 0, 0, 0, 0, 1, 0, 0, 0, 1, 1, 1, 0, 1, 1, 0, 1, 0, 0, 1, 0, 1, 0, 1, 0, 0, 1, 0, 1, 0, 1, 1, 0, 1, 0, 1, 0, 0, 1, 1, 1, 0, 0, 0, 0, 1, 1, 1, 0, 0, 1, 0, 0, 0, 0, 0, 0, 0, 0, 0, 1, 0, 1, 1, 1, 0, 0, 0, 1, 0, 0, 0, 1, 0, 0, 0, 1, 1, 0, 1, 0, 1, 0, 0, 0, 1, 0, 1, 1, 0, 1, 1, 0, 0, 0, 0, 1, 1, 0, 0, 1, 1, 1, 1, 0, 0, 0, 0, 1, 1, 1, 1, 0, 0, 1, 1, 0, 0, 0, 0, 0, 0, 0, 1, 1, 1, 1, 1, 1, 1, 0, 1, 0, 0, 1, 1, 1, 0, 0, 0, 1, 0, 0, 1, 1, 1, 0, 1, 0, 0, 1, 1, 1, 0, 1, 0, 0, 0, 1, 1, 1, 0, 0, 1, 1, 0, 1, 0, 0, 1, 1, 1, 0, 1, 0, 0, 1, 1, 1, 1, 1, 0, 0, 0, 0, 0, 0, 0, 0, 1, 1, 1, 0, 1, 0, 1, 1, 0, 0, 0, 0, 1, 0, 0, 1, 1, 0, 1, 0, 0, 1, 0, 1, 1, 0, 0, 0, 0, 1, 0, 1, 1, 0, 0, 1, 1, 0, 0, 1, 1, 1, 1, 1, 1, 1, 0, 0, 0, 1, 1, 0, 1, 0, 0, 1, 1, 0, 0, 0, 0, 0, 0, 1, 1, 1, 1, 1, 1, 1, 1, 0, 1, 1, 1, 1, 0, 1, 1, 1, 0, 1, 0, 1, 0, 0, 1, 1, 0, 0, 0, 0, 1, 1, 1, 0, 0, 1, 0, 0, 0, 0, 1, 0, 0, 0, 0, 0, 1, 0, 0, 1, 1, 1, 1, 1, 0, 1, 0, 0, 0, 0, 1, 0, 0, 1, 0, 0, 0, 0, 0, 1, 0, 1, 0, 0, 0, 1, 0, 1, 0, 0, 0, 0, 0, 0, 1, 1, 1, 1, 0, 1, 1, 1, 0, 1, 0, 1, 0, 1, 1, 1, 0, 0, 1, 1, 0, 1, 1, 1, 0, 1, 0, 0, 0, 1, 1, 1, 1, 1, 0, 0, 0, 0, 1, 1, 1, 0, 1, 1, 0, 0, 0, 1, 1, 1, 1, 0, 1, 1, 0, 0, 0, 1, 1, 1, 0, 0, 0, 0, 1, 0, 1, 1, 1, 0, 0, 1, 0, 0, 0, 1, 0, 1, 1, 1, 1, 0, 1, 1, 1, 1, 1, 0, 0, 0, 1, 1, 0, 0, 0, 1, 1, 1, 1, 1, 0, 0, 0, 0, 1, 0, 0, 0, 0, 1, 0, 0, 1, 0, 1, 0, 1, 1, 0, 0, 1, 1, 0, 1, 1, 0, 0, 0, 1, 1, 0, 1, 1, 0, 1, 1, 0, 1, 1, 1, 1, 0, 1, 1, 1, 1, 0, 1, 1, 1, 1, 0, 0, 0, 1, 0, 1, 0, 1, 0, 1, 1, 1, 0, 0, 1, 0, 0, 0, 1, 1, 1, 0, 0, 0, 1, 1, 1, 1, 0, 1, 0, 0, 1, 0, 1, 0, 0, 1, 0, 0, 0, 1, 1, 0, 1, 1, 1, 1, 0, 0, 0, 0, 1, 1, 1, 1, 0, 1, 1, 0, 0, 0, 0, 1, 0, 1, 0, 0, 0, 0, 1, 0, 0, 0, 0, 0, 1, 1, 0, 1, 1, 0, 1, 0, 1, 0, 1, 0, 0, 0, 1, 0, 1, 1, 1, 0, 1, 1, 0, 1, 1, 0, 0, 1, 0, 1, 0, 1, 1, 0, 0, 1, 1, 0, 0, 1, 1, 1, 0, 1, 0, 0, 1, 0, 1, 1, 0, 1, 0, 1, 1, 1, 0, 1, 1, 0, 1, 1, 1, 1, 1, 0, 0, 1, 0, 1, 0, 1, 1, 0, 1, 1, 1, 1, 1, 0, 0, 1, 1]